0 5 Car -1.000000 -1 -1 927.4751859055116 148.91282898875383 1064.3021174875591 202.91950983496812 -1 -1 -1 -1 -1 -1 -1 -1 1 
0 4 Car -1.000000 -1 -1 1128.4840874213442 164.01343344030187 1239.8460815961544 220.20921416473215 -1 -1 -1 -1 -1 -1 -1 -1 1 
0 3 Car -1.000000 -1 -1 806.7907224426476 164.9537964437443 958.3934172950685 251.76439280263503 -1 -1 -1 -1 -1 -1 -1 -1 1 
0 2 Car -1.000000 -1 -1 431.7895828382327 172.52448879074882 573.3230413576732 219.29395380609026 -1 -1 -1 -1 -1 -1 -1 -1 1 
0 1 Car -1.000000 -1 -1 69.00521991229976 182.90249188430607 265.3851469537387 247.54439593436052 -1 -1 -1 -1 -1 -1 -1 -1 1 
1 5 Car -1.000000 -1 -1 947.695182847504 148.9828723905067 1067.2684457486992 201.3392555057339 -1 -1 -1 -1 -1 -1 -1 -1 1 
1 4 Car -1.000000 -1 -1 1170.0469246759303 165.33907033627275 1247.6988974879655 216.41608528235935 -1 -1 -1 -1 -1 -1 -1 -1 1 
1 3 Car -1.000000 -1 -1 829.8683662070434 163.47784911658545 987.1055434210816 250.4353684040375 -1 -1 -1 -1 -1 -1 -1 -1 1 
1 2 Car -1.000000 -1 -1 397.8130631710102 171.87096938608215 549.0574272577493 221.953054564801 -1 -1 -1 -1 -1 -1 -1 -1 1 
1 1 Car -1.000000 -1 -1 7.491687279679738 185.087750935902 216.19899029186251 251.6915385374157 -1 -1 -1 -1 -1 -1 -1 -1 1 
2 5 Car -1.000000 -1 -1 943.2141105500057 146.17226615696 1053.9984035516418 197.30798524756057 -1 -1 -1 -1 -1 -1 -1 -1 1 
2 4 Car -1.000000 -1 -1 1199.9765688038212 161.4077156534831 1251.491432587021 206.21808750346904 -1 -1 -1 -1 -1 -1 -1 -1 1 
2 3 Car -1.000000 -1 -1 855.6491019853394 160.78958484591018 1018.7710949192775 250.18398333950174 -1 -1 -1 -1 -1 -1 -1 -1 1 
2 2 Car -1.000000 -1 -1 365.12089671676097 170.5481441148231 524.2933283151993 223.13632741533596 -1 -1 -1 -1 -1 -1 -1 -1 1 
2 1 Car -1.000000 -1 -1 -14.65516240181671 188.02500934469992 166.3381100794143 251.76681324057762 -1 -1 -1 -1 -1 -1 -1 -1 1 
3 3 Car -1.000000 -1 -1 885.3767011865657 159.3102758896884 1054.3213076504057 249.77068506581355 -1 -1 -1 -1 -1 -1 -1 -1 1 
3 2 Car -1.000000 -1 -1 324.1305678579794 168.33167127923798 496.3560320359243 224.5772944216456 -1 -1 -1 -1 -1 -1 -1 -1 1 
3 1 Car -1.000000 -1 -1 -25.35370197319201 193.01077695641186 106.6987634011416 250.35904020411022 -1 -1 -1 -1 -1 -1 -1 -1 1 
4 3 Car -1.000000 -1 -1 912.5273965971313 156.5714105919504 1089.2876375586561 250.4734006241147 -1 -1 -1 -1 -1 -1 -1 -1 1 
4 2 Car -1.000000 -1 -1 279.800601816509 167.01370709213754 463.81215016346493 226.72199308513726 -1 -1 -1 -1 -1 -1 -1 -1 1 
5 3 Car -1.000000 -1 -1 940.3916900021209 156.37688978969223 1121.8734909102932 250.1624682026073 -1 -1 -1 -1 -1 -1 -1 -1 1 
5 2 Car -1.000000 -1 -1 227.82523962465024 166.6306695569294 428.7349117694941 230.05839041646297 -1 -1 -1 -1 -1 -1 -1 -1 1 
6 5 Car -1.000000 -1 -1 851.5155038076721 143.04535440429464 1004.3377231062204 207.89114905354808 -1 -1 -1 -1 -1 -1 -1 -1 1 
6 3 Car -1.000000 -1 -1 970.2235044334112 156.39273670301532 1161.1589195556649 251.99035129497133 -1 -1 -1 -1 -1 -1 -1 -1 1 
6 2 Car -1.000000 -1 -1 166.81247404221656 167.9012101920213 386.2067748477723 236.37397180164098 -1 -1 -1 -1 -1 -1 -1 -1 1 
7 6 Car -1.000000 -1 -1 1178.2802026411136 152.7395735394306 1239.3173476817528 204.30162612488684 -1 -1 -1 -1 -1 -1 -1 -1 1 
7 5 Car -1.000000 -1 -1 833.2180415659745 143.81053854302044 992.9844966464384 211.32788593181684 -1 -1 -1 -1 -1 -1 -1 -1 1 
7 3 Car -1.000000 -1 -1 995.0917819984508 156.25776263134338 1198.16478464715 254.88314857110277 -1 -1 -1 -1 -1 -1 -1 -1 1 
7 2 Car -1.000000 -1 -1 94.70175571286889 169.40117761843325 336.7085737110895 243.5087926519469 -1 -1 -1 -1 -1 -1 -1 -1 1 
8 6 Car -1.000000 -1 -1 1182.6785183858258 161.72895759788005 1244.9406393734114 221.43495935917483 -1 -1 -1 -1 -1 -1 -1 -1 1 
8 5 Car -1.000000 -1 -1 810.1297703352926 145.3305094916307 975.4716865318918 214.3729486388207 -1 -1 -1 -1 -1 -1 -1 -1 1 
8 3 Car -1.000000 -1 -1 1021.3862860117051 157.09739946162026 1232.4120700910762 256.331330966383 -1 -1 -1 -1 -1 -1 -1 -1 1 
8 2 Car -1.000000 -1 -1 16.301404487515555 171.6756527488787 279.7267416403274 252.63785563306214 -1 -1 -1 -1 -1 -1 -1 -1 1 
9 5 Car -1.000000 -1 -1 782.9703215736038 145.83694331741947 954.0822677294768 216.35019826094333 -1 -1 -1 -1 -1 -1 -1 -1 1 
9 3 Car -1.000000 -1 -1 1042.1250285559142 158.60147608407456 1251.7204417601672 258.7946531511815 -1 -1 -1 -1 -1 -1 -1 -1 1 
9 2 Car -1.000000 -1 -1 -24.481644868730086 173.44554504714876 226.6242981961919 258.45758997663813 -1 -1 -1 -1 -1 -1 -1 -1 1 
10 5 Car -1.000000 -1 -1 750.5541773321904 146.11921214266496 925.1684324609605 217.75500061069718 -1 -1 -1 -1 -1 -1 -1 -1 1 
10 3 Car -1.000000 -1 -1 1064.7891705188758 159.3249498729852 1262.2423067210752 258.8435114255119 -1 -1 -1 -1 -1 -1 -1 -1 1 
10 2 Car -1.000000 -1 -1 -49.87644412657046 176.29626590782294 165.19955355112808 262.20868235695343 -1 -1 -1 -1 -1 -1 -1 -1 1 
11 5 Car -1.000000 -1 -1 716.1096997158386 146.72965697714392 892.9244928115716 220.05967363279478 -1 -1 -1 -1 -1 -1 -1 -1 1 
11 3 Car -1.000000 -1 -1 1083.0574636905226 159.84495832444156 1267.6567403416711 260.3602978445034 -1 -1 -1 -1 -1 -1 -1 -1 1 
12 5 Car -1.000000 -1 -1 672.9295872983971 149.3766628056958 857.1731178755324 225.64213638032237 -1 -1 -1 -1 -1 -1 -1 -1 1 
12 3 Car -1.000000 -1 -1 1100.6883163934813 163.50300683840274 1270.2153499961942 264.23366860588953 -1 -1 -1 -1 -1 -1 -1 -1 1 
13 5 Car -1.000000 -1 -1 627.4924911357649 153.23892638049273 817.4661618070025 231.71291772923718 -1 -1 -1 -1 -1 -1 -1 -1 1 
13 3 Car -1.000000 -1 -1 1113.7648040791091 167.7284016998566 1268.8989933270204 268.34982899781215 -1 -1 -1 -1 -1 -1 -1 -1 1 
14 5 Car -1.000000 -1 -1 576.8553778233493 156.51614133935396 771.6426138176844 237.7023121542233 -1 -1 -1 -1 -1 -1 -1 -1 1 
14 3 Car -1.000000 -1 -1 1125.1365678774714 172.09315106347657 1266.0996061853084 270.5150912436409 -1 -1 -1 -1 -1 -1 -1 -1 1 
15 7 Car -1.000000 -1 -1 944.0557545777797 173.63694913062415 1079.9358702926595 227.51080857817925 -1 -1 -1 -1 -1 -1 -1 -1 1 
15 5 Car -1.000000 -1 -1 523.331293566383 158.03591231037646 723.0977899274953 242.13597300226334 -1 -1 -1 -1 -1 -1 -1 -1 1 
15 3 Car -1.000000 -1 -1 1132.5998254774395 174.38311626729563 1262.4466447923219 270.1763868046098 -1 -1 -1 -1 -1 -1 -1 -1 1 
16 7 Car -1.000000 -1 -1 900.1084227352636 176.3616650497968 1039.886637001873 231.61718315732176 -1 -1 -1 -1 -1 -1 -1 -1 1 
16 5 Car -1.000000 -1 -1 463.57110538110607 160.8914838399083 672.507793389703 249.44360313128738 -1 -1 -1 -1 -1 -1 -1 -1 1 
16 3 Car -1.000000 -1 -1 1137.7030904168555 177.57440343326383 1258.5090907677923 270.4693736788357 -1 -1 -1 -1 -1 -1 -1 -1 1 
17 7 Car -1.000000 -1 -1 855.8286043423111 178.41526194738634 996.9079324255313 234.29690115144024 -1 -1 -1 -1 -1 -1 -1 -1 1 
17 5 Car -1.000000 -1 -1 397.65095807170553 162.62610385898614 617.5005546614462 255.96314627891525 -1 -1 -1 -1 -1 -1 -1 -1 1 
17 3 Car -1.000000 -1 -1 1140.88666194376 179.72552321273702 1255.004296530005 270.5416282125997 -1 -1 -1 -1 -1 -1 -1 -1 1 
18 7 Car -1.000000 -1 -1 811.8741912151095 179.78710958705503 954.7264562450666 236.27777320443343 -1 -1 -1 -1 -1 -1 -1 -1 1 
18 5 Car -1.000000 -1 -1 323.2672845791269 163.89948793614016 556.9957798154079 263.99102091628174 -1 -1 -1 -1 -1 -1 -1 -1 1 
18 3 Car -1.000000 -1 -1 1139.5605735397164 180.82079128909365 1251.1214258758712 270.1034071605934 -1 -1 -1 -1 -1 -1 -1 -1 1 
19 8 Car -1.000000 -1 -1 987.4282127169976 181.91803404363847 1092.5020604832662 226.61903455624528 -1 -1 -1 -1 -1 -1 -1 -1 1 
19 7 Car -1.000000 -1 -1 767.6680278509209 180.1833020912347 912.8734867449198 238.39026529851853 -1 -1 -1 -1 -1 -1 -1 -1 1 
19 5 Car -1.000000 -1 -1 232.79515294279796 164.82430834873085 488.25828071927344 272.99760619898893 -1 -1 -1 -1 -1 -1 -1 -1 1 
19 3 Car -1.000000 -1 -1 1136.052406176587 181.10705187929904 1246.8643922820831 269.36402752404075 -1 -1 -1 -1 -1 -1 -1 -1 1 
20 8 Car -1.000000 -1 -1 947.1800608400717 181.67074638664332 1052.0674954664048 225.93664438469227 -1 -1 -1 -1 -1 -1 -1 -1 1 
20 7 Car -1.000000 -1 -1 720.5634511590214 179.77475087957532 870.041194946339 240.39350247874847 -1 -1 -1 -1 -1 -1 -1 -1 1 
20 5 Car -1.000000 -1 -1 130.28627618554052 165.64204853997546 414.48412992304 284.33193877843354 -1 -1 -1 -1 -1 -1 -1 -1 1 
20 3 Car -1.000000 -1 -1 1131.530680416666 179.45412560230042 1244.308774244743 266.84518144165156 -1 -1 -1 -1 -1 -1 -1 -1 1 
21 8 Car -1.000000 -1 -1 912.6786255974364 182.09246938161814 1015.7102335602062 225.62396633147617 -1 -1 -1 -1 -1 -1 -1 -1 1 
21 7 Car -1.000000 -1 -1 675.4130797132548 180.132634478402 827.6580649374469 243.62333753466072 -1 -1 -1 -1 -1 -1 -1 -1 1 
21 5 Car -1.000000 -1 -1 31.976498348468965 168.45673430738748 339.7401396806469 300.1831294859667 -1 -1 -1 -1 -1 -1 -1 -1 1 
21 3 Car -1.000000 -1 -1 1123.7863136657147 178.68985241616326 1240.952365146466 264.07867787673683 -1 -1 -1 -1 -1 -1 -1 -1 1 
22 8 Car -1.000000 -1 -1 877.0405838250517 182.74084967057607 979.0151591875772 226.5183612481408 -1 -1 -1 -1 -1 -1 -1 -1 1 
22 7 Car -1.000000 -1 -1 625.0179842111634 180.64023763679637 783.9132822954552 248.05940652936283 -1 -1 -1 -1 -1 -1 -1 -1 1 
22 5 Car -1.000000 -1 -1 -20.759480263701278 171.40191484206915 280.2451987603852 313.0256409722848 -1 -1 -1 -1 -1 -1 -1 -1 1 
22 3 Car -1.000000 -1 -1 1112.1205566625028 178.76013509238354 1230.8076636696062 262.0705617205088 -1 -1 -1 -1 -1 -1 -1 -1 1 
23 9 Car -1.000000 -1 -1 971.2600909448672 181.71322482479118 1044.8897308926241 217.79421383190478 -1 -1 -1 -1 -1 -1 -1 -1 1 
23 8 Car -1.000000 -1 -1 836.2462771075205 184.35212561381198 939.288874227581 229.37724021336172 -1 -1 -1 -1 -1 -1 -1 -1 1 
23 7 Car -1.000000 -1 -1 571.9350679675447 183.48096672322578 736.1160953250342 254.7525890995475 -1 -1 -1 -1 -1 -1 -1 -1 1 
23 3 Car -1.000000 -1 -1 1092.7621288243915 180.6158301060392 1209.8823738801777 261.3563961295893 -1 -1 -1 -1 -1 -1 -1 -1 1 
24 9 Car -1.000000 -1 -1 932.1582787683911 185.74088512964875 1005.9763022586177 221.57701920178636 -1 -1 -1 -1 -1 -1 -1 -1 1 
24 8 Car -1.000000 -1 -1 795.912520574498 187.1039501158277 900.0801889559333 232.3092403851886 -1 -1 -1 -1 -1 -1 -1 -1 1 
24 7 Car -1.000000 -1 -1 511.67892404753786 184.72882454992504 686.2315701804615 261.5085418110546 -1 -1 -1 -1 -1 -1 -1 -1 1 
24 3 Car -1.000000 -1 -1 1072.4769918831942 184.03958220608683 1186.261564023909 261.8992267901399 -1 -1 -1 -1 -1 -1 -1 -1 1 
25 9 Car -1.000000 -1 -1 894.4730483022399 187.99991956645061 967.6222848612636 223.72825057525432 -1 -1 -1 -1 -1 -1 -1 -1 1 
25 8 Car -1.000000 -1 -1 752.462170658271 188.42122473767034 859.1695141081979 234.70786510290714 -1 -1 -1 -1 -1 -1 -1 -1 1 
25 7 Car -1.000000 -1 -1 442.23396845151524 185.46757308236565 629.5158324440963 268.15131078020727 -1 -1 -1 -1 -1 -1 -1 -1 1 
25 3 Car -1.000000 -1 -1 1048.4281472979535 186.5995379627563 1158.6097379127266 261.5527295642048 -1 -1 -1 -1 -1 -1 -1 -1 1 
26 9 Car -1.000000 -1 -1 853.5374457411513 186.7182004806282 928.5262712927561 222.94318781725613 -1 -1 -1 -1 -1 -1 -1 -1 1 
26 8 Car -1.000000 -1 -1 714.2233033296134 187.18187995537394 821.5615953719687 235.00175221495195 -1 -1 -1 -1 -1 -1 -1 -1 1 
26 7 Car -1.000000 -1 -1 361.2319927797082 185.83649945305683 568.8254245900112 277.2542324575696 -1 -1 -1 -1 -1 -1 -1 -1 1 
26 3 Car -1.000000 -1 -1 1021.9431227852691 185.32948739585092 1126.2341157347464 257.31148621629825 -1 -1 -1 -1 -1 -1 -1 -1 1 
27 9 Car -1.000000 -1 -1 811.8155751815391 184.089932695486 886.6424844682497 220.3135619808891 -1 -1 -1 -1 -1 -1 -1 -1 1 
27 8 Car -1.000000 -1 -1 669.8307136983307 186.259583506336 779.1627325866806 235.8576531913539 -1 -1 -1 -1 -1 -1 -1 -1 1 
27 7 Car -1.000000 -1 -1 261.70843089451967 184.99739211186983 496.65751046353284 288.1818758581123 -1 -1 -1 -1 -1 -1 -1 -1 1 
28 9 Car -1.000000 -1 -1 771.4715189065298 184.61940034380828 845.5049483960418 221.5403043781238 -1 -1 -1 -1 -1 -1 -1 -1 1 
28 8 Car -1.000000 -1 -1 621.8061992684919 186.12091015339703 735.1411814326224 238.45550073698573 -1 -1 -1 -1 -1 -1 -1 -1 1 
28 7 Car -1.000000 -1 -1 141.19167535541783 185.55713071860626 414.0104195239742 303.53290785839476 -1 -1 -1 -1 -1 -1 -1 -1 1 
29 9 Car -1.000000 -1 -1 733.4792772168448 185.04796214502133 806.7844871103291 222.01927517046508 -1 -1 -1 -1 -1 -1 -1 -1 1 
29 8 Car -1.000000 -1 -1 571.3756015460826 186.09778992028316 688.8539506792008 241.4266897065428 -1 -1 -1 -1 -1 -1 -1 -1 1 
29 7 Car -1.000000 -1 -1 30.605111286503814 190.17970073425766 331.30053032985256 324.76938314394744 -1 -1 -1 -1 -1 -1 -1 -1 1 
30 18 Car -1.000000 -1 -1 886.2181996578005 185.15772656118756 955.4126365544597 241.3170434304703 -1 -1 -1 -1 -1 -1 -1 -1 1 
30 9 Car -1.000000 -1 -1 692.6199446729916 184.73239483961618 766.4219449679724 222.78271228830175 -1 -1 -1 -1 -1 -1 -1 -1 1 
30 8 Car -1.000000 -1 -1 512.7063210234697 184.88463987005497 637.7871628626802 244.51336270627968 -1 -1 -1 -1 -1 -1 -1 -1 1 
30 7 Car -1.000000 -1 -1 -31.779847915871017 186.25048180572207 246.35486326760048 326.941850310351 -1 -1 -1 -1 -1 -1 -1 -1 1 
31 18 Car -1.000000 -1 -1 852.501228620206 184.95857848786432 918.5341522505174 239.10827159958995 -1 -1 -1 -1 -1 -1 -1 -1 1 
31 9 Car -1.000000 -1 -1 651.1873505943413 183.06315316796463 722.1221806120752 220.65184599640094 -1 -1 -1 -1 -1 -1 -1 -1 1 
31 8 Car -1.000000 -1 -1 451.74836391087706 184.9086274441005 587.5385297391867 249.624147614818 -1 -1 -1 -1 -1 -1 -1 -1 1 
32 18 Car -1.000000 -1 -1 818.4720060558936 184.34306167712055 881.5648655815608 236.6987326837979 -1 -1 -1 -1 -1 -1 -1 -1 1 
32 9 Car -1.000000 -1 -1 606.8929984051118 183.48809360102197 680.3821085799126 223.39748177536026 -1 -1 -1 -1 -1 -1 -1 -1 1 
32 8 Car -1.000000 -1 -1 382.08596953259325 184.9953810516256 531.6916754960196 255.56294294524128 -1 -1 -1 -1 -1 -1 -1 -1 1 
33 18 Car -1.000000 -1 -1 786.2893924249944 183.6991622365047 845.8376222639216 233.22595912710628 -1 -1 -1 -1 -1 -1 -1 -1 1 
33 9 Car -1.000000 -1 -1 564.0247683195585 183.28891466925145 640.0550275328569 224.5821741889487 -1 -1 -1 -1 -1 -1 -1 -1 1 
33 8 Car -1.000000 -1 -1 298.55215378167367 185.52218327803413 468.2454091231654 263.92138243442275 -1 -1 -1 -1 -1 -1 -1 -1 1 
34 18 Car -1.000000 -1 -1 751.2106274688796 182.88061532165668 807.7090953103904 230.68272547309877 -1 -1 -1 -1 -1 -1 -1 -1 1 
34 9 Car -1.000000 -1 -1 520.3762773880156 182.80330426344807 599.355822608614 225.78715148468171 -1 -1 -1 -1 -1 -1 -1 -1 1 
34 8 Car -1.000000 -1 -1 198.44296890207653 187.28142274925693 395.4802122136386 276.0530953427194 -1 -1 -1 -1 -1 -1 -1 -1 1 
35 18 Car -1.000000 -1 -1 715.8915150134476 182.16831751823412 770.267949181359 227.64825764562306 -1 -1 -1 -1 -1 -1 -1 -1 1 
35 9 Car -1.000000 -1 -1 472.2124626036897 182.3413449618271 556.635828360692 227.48077746930196 -1 -1 -1 -1 -1 -1 -1 -1 1 
35 8 Car -1.000000 -1 -1 74.20378684062591 189.6381648114516 311.99878410203837 293.5377809420417 -1 -1 -1 -1 -1 -1 -1 -1 1 
36 18 Car -1.000000 -1 -1 683.3576038269903 181.8679111090665 735.7848361957383 226.02792257491566 -1 -1 -1 -1 -1 -1 -1 -1 1 
36 9 Car -1.000000 -1 -1 424.3273482379944 182.4335481913388 513.9333864695361 229.97525894559863 -1 -1 -1 -1 -1 -1 -1 -1 1 
36 8 Car -1.000000 -1 -1 0.6888291185768196 198.43817618203343 246.59746105097747 315.399080674915 -1 -1 -1 -1 -1 -1 -1 -1 1 
37 18 Car -1.000000 -1 -1 656.1669198027565 181.15835994574948 707.1861343263098 224.7725309189889 -1 -1 -1 -1 -1 -1 -1 -1 1 
37 9 Car -1.000000 -1 -1 376.458975720871 182.44873020972793 474.2408637994062 231.88477464103207 -1 -1 -1 -1 -1 -1 -1 -1 1 
37 8 Car -1.000000 -1 -1 -45.97869427963234 203.38326856752434 170.03882687745772 326.9218922254159 -1 -1 -1 -1 -1 -1 -1 -1 1 
38 18 Car -1.000000 -1 -1 630.9555426743925 181.78007943755088 680.7221565898994 224.04900709887582 -1 -1 -1 -1 -1 -1 -1 -1 1 
38 9 Car -1.000000 -1 -1 332.91734844885053 184.51749587592812 437.5270896896033 237.4399813594038 -1 -1 -1 -1 -1 -1 -1 -1 1 
39 18 Car -1.000000 -1 -1 611.86815285047 182.33449097586274 660.8360179896785 223.83259549327195 -1 -1 -1 -1 -1 -1 -1 -1 1 
39 9 Car -1.000000 -1 -1 285.41234876227134 187.25329342743186 401.06222272145067 244.62083249561044 -1 -1 -1 -1 -1 -1 -1 -1 1 
40 18 Car -1.000000 -1 -1 596.3049542534632 180.56801151493676 645.3030941871052 221.2880394250716 -1 -1 -1 -1 -1 -1 -1 -1 1 
40 9 Car -1.000000 -1 -1 238.75191007903402 188.48688310727303 363.6367373241758 250.0429531540651 -1 -1 -1 -1 -1 -1 -1 -1 1 
41 18 Car -1.000000 -1 -1 579.7045598177177 180.02221263380878 628.1987411123824 220.46977275731578 -1 -1 -1 -1 -1 -1 -1 -1 1 
41 9 Car -1.000000 -1 -1 186.64890720625942 188.3748696767679 328.6015185451564 254.64195788137908 -1 -1 -1 -1 -1 -1 -1 -1 1 
42 41 Car -1.000000 -1 -1 346.9504689156382 185.7019385258981 423.5802627205554 230.92703080664896 -1 -1 -1 -1 -1 -1 -1 -1 1 
42 9 Car -1.000000 -1 -1 130.05335718703594 190.48159226810364 292.04219043264516 262.05556333724337 -1 -1 -1 -1 -1 -1 -1 -1 1 
43 42 Car -1.000000 -1 -1 399.9751465560406 184.94557628580648 447.67820420180146 220.88836489928784 -1 -1 -1 -1 -1 -1 -1 -1 1 
43 41 Car -1.000000 -1 -1 320.2299095091811 187.62432403630493 402.4047278280332 235.0951767482399 -1 -1 -1 -1 -1 -1 -1 -1 1 
43 9 Car -1.000000 -1 -1 62.88315000914015 196.24795772896113 254.07952538473717 275.9866829913743 -1 -1 -1 -1 -1 -1 -1 -1 1 
44 42 Car -1.000000 -1 -1 384.85449941189165 185.48171539951014 438.25371281447156 223.83997175232187 -1 -1 -1 -1 -1 -1 -1 -1 1 
44 41 Car -1.000000 -1 -1 299.6858506607707 189.31668702682694 387.1914833333525 238.58599313482026 -1 -1 -1 -1 -1 -1 -1 -1 1 
44 9 Car -1.000000 -1 -1 13.065227409542558 201.13241202629996 224.08629885238847 289.8290530033993 -1 -1 -1 -1 -1 -1 -1 -1 1 
45 44 Car -1.000000 -1 -1 561.6664640213013 182.69417023911768 612.1530430442402 224.5755991116963 -1 -1 -1 -1 -1 -1 -1 -1 1 
45 42 Car -1.000000 -1 -1 370.4739261249599 185.40844198101632 428.57646314814906 226.43889184316396 -1 -1 -1 -1 -1 -1 -1 -1 1 
45 41 Car -1.000000 -1 -1 274.4700861132006 191.26604780559177 370.4764018318081 244.21243451789223 -1 -1 -1 -1 -1 -1 -1 -1 1 
45 9 Car -1.000000 -1 -1 -14.718086316415352 206.08327984863217 196.82665532278384 301.599815691461 -1 -1 -1 -1 -1 -1 -1 -1 1 
46 45 Car -1.000000 -1 -1 422.69560540034166 185.2674136088099 457.47150760126254 214.5624854651987 -1 -1 -1 -1 -1 -1 -1 -1 1 
46 44 Car -1.000000 -1 -1 561.4905590469343 182.85264391847738 612.0893878841782 224.712277413619 -1 -1 -1 -1 -1 -1 -1 -1 1 
46 42 Car -1.000000 -1 -1 358.7781278292444 186.63701432452964 420.7793804656795 228.95702266653896 -1 -1 -1 -1 -1 -1 -1 -1 1 
46 41 Car -1.000000 -1 -1 250.2240536532879 192.34638834351654 355.76342955043344 249.71223752847465 -1 -1 -1 -1 -1 -1 -1 -1 1 
46 9 Car -1.000000 -1 -1 -35.30261452963893 211.65029518640554 160.6060898028446 313.7879293225409 -1 -1 -1 -1 -1 -1 -1 -1 1 
47 45 Car -1.000000 -1 -1 418.0808350319677 184.769984939726 453.7809693566487 215.32463189494547 -1 -1 -1 -1 -1 -1 -1 -1 1 
47 44 Car -1.000000 -1 -1 561.5741108375997 180.5242616541586 612.0778888185988 222.25175835466618 -1 -1 -1 -1 -1 -1 -1 -1 1 
47 43 Car -1.000000 -1 -1 450.1523194750337 186.78712570602625 481.9030629987324 210.46689114936606 -1 -1 -1 -1 -1 -1 -1 -1 1 
47 42 Car -1.000000 -1 -1 343.10445006074247 186.6989702092407 410.43521755475535 231.37967215673694 -1 -1 -1 -1 -1 -1 -1 -1 1 
47 41 Car -1.000000 -1 -1 220.88309008141482 192.9105639627393 338.8066023558122 254.78716939975894 -1 -1 -1 -1 -1 -1 -1 -1 1 
48 44 Car -1.000000 -1 -1 561.8054807471004 180.03068611397757 609.551866603793 220.68982823464935 -1 -1 -1 -1 -1 -1 -1 -1 1 
48 43 Car -1.000000 -1 -1 447.0128244918881 186.8805116509937 480.13191593222194 210.6048837413125 -1 -1 -1 -1 -1 -1 -1 -1 1 
48 42 Car -1.000000 -1 -1 329.05323456173016 187.2612418182357 400.6063242302 233.7902236784745 -1 -1 -1 -1 -1 -1 -1 -1 1 
48 41 Car -1.000000 -1 -1 188.07263387801183 194.18290852241725 321.1112146012051 261.2442891186271 -1 -1 -1 -1 -1 -1 -1 -1 1 
49 44 Car -1.000000 -1 -1 561.9127645093564 179.64737235142655 608.6915283722336 219.66127649325074 -1 -1 -1 -1 -1 -1 -1 -1 1 
49 43 Car -1.000000 -1 -1 444.17714011103396 186.31749780535037 478.9267120618398 210.66899147090353 -1 -1 -1 -1 -1 -1 -1 -1 1 
49 42 Car -1.000000 -1 -1 316.18387274341535 187.33949844035578 390.9297679397563 235.6144686912575 -1 -1 -1 -1 -1 -1 -1 -1 1 
49 41 Car -1.000000 -1 -1 147.31012346488671 195.59820123915807 297.0280654437176 268.9730731399959 -1 -1 -1 -1 -1 -1 -1 -1 1 
50 44 Car -1.000000 -1 -1 563.2050071589749 179.70080040172883 609.7720634785719 219.27718247275527 -1 -1 -1 -1 -1 -1 -1 -1 1 
50 43 Car -1.000000 -1 -1 441.83040213686127 186.65290112298268 477.5488521384897 211.32881916323933 -1 -1 -1 -1 -1 -1 -1 -1 1 
50 42 Car -1.000000 -1 -1 302.90065137994725 188.06616062511785 383.0621184949207 238.7113571720315 -1 -1 -1 -1 -1 -1 -1 -1 1 
50 41 Car -1.000000 -1 -1 96.91946180414227 197.6608746688957 267.4285457274096 278.2693573890108 -1 -1 -1 -1 -1 -1 -1 -1 1 
51 45 Car -1.000000 -1 -1 391.66436742121454 185.8223305338673 436.0622454086119 222.7808154061349 -1 -1 -1 -1 -1 -1 -1 -1 1 
51 44 Car -1.000000 -1 -1 562.6898878161916 180.50936146391865 608.436279087509 219.66699624267693 -1 -1 -1 -1 -1 -1 -1 -1 1 
51 43 Car -1.000000 -1 -1 440.2148474109042 187.96453689634907 476.2085797438152 212.23130008225596 -1 -1 -1 -1 -1 -1 -1 -1 1 
51 42 Car -1.000000 -1 -1 283.40181865603256 189.85586231927914 371.35555812829045 244.76052785927124 -1 -1 -1 -1 -1 -1 -1 -1 1 
51 41 Car -1.000000 -1 -1 33.37566633541563 200.90736994876724 231.4463837519225 289.52590420109823 -1 -1 -1 -1 -1 -1 -1 -1 1 
52 45 Car -1.000000 -1 -1 380.9185703480217 187.5286459805317 429.80830021043823 226.36959314825552 -1 -1 -1 -1 -1 -1 -1 -1 1 
52 44 Car -1.000000 -1 -1 563.3327747479855 181.00138630125548 607.8071939149875 219.67916783992314 -1 -1 -1 -1 -1 -1 -1 -1 1 
52 43 Car -1.000000 -1 -1 438.5818676007934 188.29781418506138 475.6583070616717 212.69928951301063 -1 -1 -1 -1 -1 -1 -1 -1 1 
52 42 Car -1.000000 -1 -1 259.7830224626503 191.057141996336 357.24132826235694 250.43769997137093 -1 -1 -1 -1 -1 -1 -1 -1 1 
52 41 Car -1.000000 -1 -1 -1.6334795568387221 206.13023194450398 204.4507355422341 303.1384823205679 -1 -1 -1 -1 -1 -1 -1 -1 1 
53 45 Car -1.000000 -1 -1 370.55573509962494 186.82497997684322 422.6994924697119 227.5613235416577 -1 -1 -1 -1 -1 -1 -1 -1 1 
53 44 Car -1.000000 -1 -1 564.3412880888924 180.69455818134406 607.9397580203273 218.96204390524298 -1 -1 -1 -1 -1 -1 -1 -1 1 
53 43 Car -1.000000 -1 -1 431.1209642950103 188.66376903380035 469.49542605656035 212.83781067654138 -1 -1 -1 -1 -1 -1 -1 -1 1 
53 42 Car -1.000000 -1 -1 230.78937752890218 191.1863940182261 339.2150415879994 255.3793683466834 -1 -1 -1 -1 -1 -1 -1 -1 1 
53 41 Car -1.000000 -1 -1 -26.610371278999793 212.04590909394 168.0211787810245 316.4069411923528 -1 -1 -1 -1 -1 -1 -1 -1 1 
54 45 Car -1.000000 -1 -1 360.8112045854698 186.12189743640783 416.5206196190718 228.51311907489992 -1 -1 -1 -1 -1 -1 -1 -1 1 
54 44 Car -1.000000 -1 -1 565.0526064448412 180.00832146333443 607.9393660941049 217.85628895649836 -1 -1 -1 -1 -1 -1 -1 -1 1 
54 43 Car -1.000000 -1 -1 428.0441960463235 187.83893308740554 467.3760532939353 212.5286683505474 -1 -1 -1 -1 -1 -1 -1 -1 1 
54 42 Car -1.000000 -1 -1 195.6461321637325 190.74855234209267 321.55714265989485 261.5276580471931 -1 -1 -1 -1 -1 -1 -1 -1 1 
54 41 Car -1.000000 -1 -1 -44.630640226040896 214.18123881992074 116.82773167664871 319.71008153060905 -1 -1 -1 -1 -1 -1 -1 -1 1 
55 45 Car -1.000000 -1 -1 345.71576346277567 186.38044865435802 406.71427160133084 230.92306876914432 -1 -1 -1 -1 -1 -1 -1 -1 1 
55 44 Car -1.000000 -1 -1 566.0978651011733 179.73024739149153 608.318749442833 217.24980583094097 -1 -1 -1 -1 -1 -1 -1 -1 1 
55 43 Car -1.000000 -1 -1 423.73450383891736 187.72880195140115 465.18816324050215 213.36228907202835 -1 -1 -1 -1 -1 -1 -1 -1 1 
55 42 Car -1.000000 -1 -1 160.06296682368097 191.21994603612507 301.03261265857384 266.0438673688276 -1 -1 -1 -1 -1 -1 -1 -1 1 
56 45 Car -1.000000 -1 -1 329.876671643331 187.05247106576638 396.40254510318806 234.8394724062532 -1 -1 -1 -1 -1 -1 -1 -1 1 
56 44 Car -1.000000 -1 -1 566.6430765279854 180.9876385748366 608.1126060647327 218.00461439283887 -1 -1 -1 -1 -1 -1 -1 -1 1 
56 43 Car -1.000000 -1 -1 418.7034311862789 190.09734787715144 460.3240081076436 216.4659523668165 -1 -1 -1 -1 -1 -1 -1 -1 1 
56 42 Car -1.000000 -1 -1 103.17136790412735 194.53128746663353 266.54361323211293 276.4684667866602 -1 -1 -1 -1 -1 -1 -1 -1 1 
57 45 Car -1.000000 -1 -1 314.17410807359096 187.8677740803896 387.2585539301537 239.29752250137727 -1 -1 -1 -1 -1 -1 -1 -1 1 
57 44 Car -1.000000 -1 -1 567.4692071159405 183.66335970711202 608.7819460635993 220.51569960323832 -1 -1 -1 -1 -1 -1 -1 -1 1 
57 43 Car -1.000000 -1 -1 413.7785214169285 191.21023109911192 458.60453796040673 218.75282034526805 -1 -1 -1 -1 -1 -1 -1 -1 1 
57 42 Car -1.000000 -1 -1 38.31464789427933 199.04453063478635 231.50714963630935 292.4738459397463 -1 -1 -1 -1 -1 -1 -1 -1 1 
58 45 Car -1.000000 -1 -1 292.8750378111248 189.99387680341178 374.6598261756311 244.5251564352724 -1 -1 -1 -1 -1 -1 -1 -1 1 
58 44 Car -1.000000 -1 -1 568.3986425409822 185.17925841185502 609.7091276117793 222.34832160039434 -1 -1 -1 -1 -1 -1 -1 -1 1 
58 43 Car -1.000000 -1 -1 404.47867724692634 192.57779863910116 452.7369021268684 220.7995271507674 -1 -1 -1 -1 -1 -1 -1 -1 1 
58 42 Car -1.000000 -1 -1 3.4034166298094704 202.94270070049726 203.65087074459564 304.6521848458619 -1 -1 -1 -1 -1 -1 -1 -1 1 
59 45 Car -1.000000 -1 -1 272.4360313150845 190.49308190420675 362.03566628621604 247.91477045150964 -1 -1 -1 -1 -1 -1 -1 -1 1 
59 44 Car -1.000000 -1 -1 569.7436923092453 185.46313327942656 610.2656781360658 221.73598471332977 -1 -1 -1 -1 -1 -1 -1 -1 1 
59 43 Car -1.000000 -1 -1 397.7870035725932 191.7623193131065 450.1605228653543 221.41394643139984 -1 -1 -1 -1 -1 -1 -1 -1 1 
59 42 Car -1.000000 -1 -1 -23.36254201707527 210.94021488212383 166.42471031180958 324.55563948506887 -1 -1 -1 -1 -1 -1 -1 -1 1 
60 45 Car -1.000000 -1 -1 247.11583815785053 188.83553490412623 347.4978245142101 251.55096910105664 -1 -1 -1 -1 -1 -1 -1 -1 1 
60 44 Car -1.000000 -1 -1 570.8483652255651 183.58303153897512 610.8853329519371 219.24846545625698 -1 -1 -1 -1 -1 -1 -1 -1 1 
60 43 Car -1.000000 -1 -1 390.877988988265 190.13625745738457 447.35656535418593 221.98099547338282 -1 -1 -1 -1 -1 -1 -1 -1 1 
61 45 Car -1.000000 -1 -1 211.53970015817202 186.76848996688489 324.52249117497996 255.67062933649044 -1 -1 -1 -1 -1 -1 -1 -1 1 
61 44 Car -1.000000 -1 -1 571.6998911831055 182.34395184065914 611.0107410835004 217.42117259318013 -1 -1 -1 -1 -1 -1 -1 -1 1 
61 43 Car -1.000000 -1 -1 381.97886436432134 188.48254251079965 443.11086659096907 222.03650457060445 -1 -1 -1 -1 -1 -1 -1 -1 1 
62 45 Car -1.000000 -1 -1 173.88678171222602 186.7293081923904 301.5196808255456 261.36180822541075 -1 -1 -1 -1 -1 -1 -1 -1 1 
62 44 Car -1.000000 -1 -1 573.5687027393883 181.0964581646472 611.7764822717775 216.21003981285807 -1 -1 -1 -1 -1 -1 -1 -1 1 
62 43 Car -1.000000 -1 -1 372.93163626775913 187.4626133034996 438.77866638056435 222.60724388524216 -1 -1 -1 -1 -1 -1 -1 -1 1 
63 45 Car -1.000000 -1 -1 123.96652625674456 189.3949847065068 271.0303369836643 270.9983973643522 -1 -1 -1 -1 -1 -1 -1 -1 1 
63 44 Car -1.000000 -1 -1 573.9867347137815 179.34977759855718 613.1980610157118 214.1176270333106 -1 -1 -1 -1 -1 -1 -1 -1 1 
63 43 Car -1.000000 -1 -1 364.3482985487487 185.71525529013843 433.81549937982044 223.78813739980006 -1 -1 -1 -1 -1 -1 -1 -1 1 
64 45 Car -1.000000 -1 -1 61.497195958197594 191.0875028855179 235.2258559980961 281.8940101594081 -1 -1 -1 -1 -1 -1 -1 -1 1 
64 44 Car -1.000000 -1 -1 579.1099331335752 178.95876735721356 616.9576306251699 213.25746741787043 -1 -1 -1 -1 -1 -1 -1 -1 1 
64 43 Car -1.000000 -1 -1 353.81969224839185 186.47053458991488 427.64175246166843 225.96746046012336 -1 -1 -1 -1 -1 -1 -1 -1 1 
65 45 Car -1.000000 -1 -1 17.477450198563858 198.0458882574208 203.00040187925998 299.28093165831825 -1 -1 -1 -1 -1 -1 -1 -1 1 
65 44 Car -1.000000 -1 -1 582.519496272631 179.56286131998223 620.6685450976773 213.62426954647998 -1 -1 -1 -1 -1 -1 -1 -1 1 
65 43 Car -1.000000 -1 -1 339.3636083025297 189.02721213050717 418.13612934916495 230.53468911900387 -1 -1 -1 -1 -1 -1 -1 -1 1 
66 45 Car -1.000000 -1 -1 -13.211658070262317 207.99091880958522 166.19941472665005 321.52591099978554 -1 -1 -1 -1 -1 -1 -1 -1 1 
66 44 Car -1.000000 -1 -1 585.3641757322489 180.75112108935548 622.5653964429634 214.13215936598493 -1 -1 -1 -1 -1 -1 -1 -1 1 
66 43 Car -1.000000 -1 -1 323.6023559540784 191.34834150061116 408.84442520298336 235.0092059369699 -1 -1 -1 -1 -1 -1 -1 -1 1 
67 45 Car -1.000000 -1 -1 -36.13728423351121 207.05794755820693 112.5562556281045 322.44683978971204 -1 -1 -1 -1 -1 -1 -1 -1 1 
67 44 Car -1.000000 -1 -1 587.3125266669339 179.81896351035078 624.1151619019257 212.89893935905087 -1 -1 -1 -1 -1 -1 -1 -1 1 
67 43 Car -1.000000 -1 -1 307.4735597820809 191.44709369190775 399.38061434242604 237.9151560201496 -1 -1 -1 -1 -1 -1 -1 -1 1 
68 44 Car -1.000000 -1 -1 588.1737612674062 176.35039506870592 624.5060366597997 208.93688447053003 -1 -1 -1 -1 -1 -1 -1 -1 1 
68 43 Car -1.000000 -1 -1 283.3482744389868 189.77919098915137 383.4658834463596 239.80745729642527 -1 -1 -1 -1 -1 -1 -1 -1 1 
69 43 Car -1.000000 -1 -1 256.23610445130055 187.60624321419138 367.03482607878186 241.8336734004387 -1 -1 -1 -1 -1 -1 -1 -1 1 
70 43 Car -1.000000 -1 -1 226.24085515053488 189.71232150758644 348.0964835607237 248.6306405767497 -1 -1 -1 -1 -1 -1 -1 -1 1 
71 43 Car -1.000000 -1 -1 184.357512743563 196.35924938980807 325.88009184449743 261.62031683840274 -1 -1 -1 -1 -1 -1 -1 -1 1 
72 44 Car -1.000000 -1 -1 590.7381603880865 179.45074638352466 625.004289403262 210.9922260295081 -1 -1 -1 -1 -1 -1 -1 -1 1 
72 43 Car -1.000000 -1 -1 134.02140412612908 203.16200250600815 297.043445550684 273.93071187340206 -1 -1 -1 -1 -1 -1 -1 -1 1 
73 44 Car -1.000000 -1 -1 590.186771645461 181.0884868756531 624.1891677626302 212.27945383027455 -1 -1 -1 -1 -1 -1 -1 -1 1 
73 43 Car -1.000000 -1 -1 63.47592100014923 207.74252738323977 256.791853872135 288.22392948744016 -1 -1 -1 -1 -1 -1 -1 -1 1 
74 44 Car -1.000000 -1 -1 590.2002710101751 180.77212969397505 623.542706440014 211.79694690610324 -1 -1 -1 -1 -1 -1 -1 -1 1 
74 43 Car -1.000000 -1 -1 18.47573464934871 214.59894264250244 226.18525968160478 305.5022317962428 -1 -1 -1 -1 -1 -1 -1 -1 1 
75 44 Car -1.000000 -1 -1 589.5759962284087 178.8076465590568 622.4216366952535 208.47210883141227 -1 -1 -1 -1 -1 -1 -1 -1 1 
75 43 Car -1.000000 -1 -1 -14.263895458523976 221.72994290217196 187.13920521140705 323.00147307655027 -1 -1 -1 -1 -1 -1 -1 -1 1 
76 44 Car -1.000000 -1 -1 589.0790568862349 177.92170422073178 620.6920990157562 205.5367783614725 -1 -1 -1 -1 -1 -1 -1 -1 1 
76 43 Car -1.000000 -1 -1 -37.99945624733667 227.88999054060758 130.8064627506565 329.5316993120961 -1 -1 -1 -1 -1 -1 -1 -1 1 
77 44 Car -1.000000 -1 -1 588.3189357441223 178.2867477910284 619.4022625739373 204.02597685136203 -1 -1 -1 -1 -1 -1 -1 -1 1 
82 44 Car -1.000000 -1 -1 579.0196350801269 173.06634176024644 607.9801207050633 199.3367178144198 -1 -1 -1 -1 -1 -1 -1 -1 1 
83 44 Car -1.000000 -1 -1 577.1291521151153 170.44895323954927 605.9007394315869 197.00043744007718 -1 -1 -1 -1 -1 -1 -1 -1 1 
84 44 Car -1.000000 -1 -1 575.2426431588532 169.0917332934179 604.2649332241282 196.04766342840807 -1 -1 -1 -1 -1 -1 -1 -1 1 
85 49 Car -1.000000 -1 -1 395.68748611394255 156.57957249081096 454.0350892305918 188.9295707785693 -1 -1 -1 -1 -1 -1 -1 -1 1 
85 44 Car -1.000000 -1 -1 574.6517601337512 169.4286524187091 603.580595262087 196.11437712109168 -1 -1 -1 -1 -1 -1 -1 -1 1 
86 49 Car -1.000000 -1 -1 390.1231952379441 159.04467538891635 451.2014958622496 192.03751505854126 -1 -1 -1 -1 -1 -1 -1 -1 1 
86 44 Car -1.000000 -1 -1 573.5896767731557 170.79916390404352 602.9777796640307 197.24893797588462 -1 -1 -1 -1 -1 -1 -1 -1 1 
87 49 Car -1.000000 -1 -1 385.70696826624896 160.3918124930896 450.07724155734536 194.77771432522817 -1 -1 -1 -1 -1 -1 -1 -1 1 
87 44 Car -1.000000 -1 -1 573.3934671308423 172.00233439937602 602.0904740104518 197.8492416877432 -1 -1 -1 -1 -1 -1 -1 -1 1 
88 44 Car -1.000000 -1 -1 573.3053423371815 175.11141623278343 601.9316951423588 201.08214902734966 -1 -1 -1 -1 -1 -1 -1 -1 1 
89 44 Car -1.000000 -1 -1 572.8944293552586 177.58140133368383 601.6743945120104 203.2835962714183 -1 -1 -1 -1 -1 -1 -1 -1 1 
90 44 Car -1.000000 -1 -1 573.2138088629451 178.09314666674595 601.5532558825284 203.60010299391098 -1 -1 -1 -1 -1 -1 -1 -1 1 
91 44 Car -1.000000 -1 -1 573.3529748763739 178.54542037169955 601.1550102571981 203.85470866765763 -1 -1 -1 -1 -1 -1 -1 -1 1 
92 44 Car -1.000000 -1 -1 573.8543019314407 179.13058803754805 601.364567617667 204.16859037826876 -1 -1 -1 -1 -1 -1 -1 -1 1 
93 44 Car -1.000000 -1 -1 574.3393956029084 180.06769479078042 601.099821961761 205.1921223819176 -1 -1 -1 -1 -1 -1 -1 -1 1 
94 44 Car -1.000000 -1 -1 574.7403461412546 182.3167830614792 601.0547850342207 207.7571173075242 -1 -1 -1 -1 -1 -1 -1 -1 1 
95 44 Car -1.000000 -1 -1 574.9278855397628 183.6048543131427 601.6027223191246 208.78374937572687 -1 -1 -1 -1 -1 -1 -1 -1 1 
97 44 Car -1.000000 -1 -1 576.0631389331395 181.60530117788124 602.4852824260204 206.18929218867822 -1 -1 -1 -1 -1 -1 -1 -1 1 
98 44 Car -1.000000 -1 -1 576.5789099470356 180.82003535403035 603.5919288293125 205.03487884257086 -1 -1 -1 -1 -1 -1 -1 -1 1 
99 44 Car -1.000000 -1 -1 577.0644173987147 180.06955081139577 603.4861019306726 204.1957687236608 -1 -1 -1 -1 -1 -1 -1 -1 1 
101 44 Car -1.000000 -1 -1 578.2334462558258 178.89306953135306 605.2803084520822 203.00813654654374 -1 -1 -1 -1 -1 -1 -1 -1 1 
102 44 Car -1.000000 -1 -1 579.0251207168767 177.96147394918498 605.9399635287791 202.36183026185788 -1 -1 -1 -1 -1 -1 -1 -1 1 
103 44 Car -1.000000 -1 -1 579.963735348948 177.64626189318855 606.1261196585832 201.92344813968046 -1 -1 -1 -1 -1 -1 -1 -1 1 
104 44 Car -1.000000 -1 -1 580.1748853889117 177.583852425767 606.2730807341177 201.91359570053865 -1 -1 -1 -1 -1 -1 -1 -1 1 
105 44 Car -1.000000 -1 -1 580.2656584179584 175.4860548928657 606.0007034366898 197.98406004036462 -1 -1 -1 -1 -1 -1 -1 -1 1 
106 44 Car -1.000000 -1 -1 581.164089857725 174.74428206957992 606.0416302392719 196.57908447190812 -1 -1 -1 -1 -1 -1 -1 -1 1 
107 44 Car -1.000000 -1 -1 586.0594183989155 173.59817907090715 611.2596457593753 195.82953386387905 -1 -1 -1 -1 -1 -1 -1 -1 1 
108 44 Car -1.000000 -1 -1 587.35081372091 172.44888991868024 613.6796023005794 195.2512161775101 -1 -1 -1 -1 -1 -1 -1 -1 1 
109 44 Car -1.000000 -1 -1 587.92460465625 171.72736431434305 614.2919669990306 194.74868698894437 -1 -1 -1 -1 -1 -1 -1 -1 1 
110 44 Car -1.000000 -1 -1 587.9287156362833 171.52056724677172 614.1097313309286 194.50497202747042 -1 -1 -1 -1 -1 -1 -1 -1 1 
111 44 Car -1.000000 -1 -1 588.3623786681807 171.8015847049403 614.7573338279445 194.9597438329065 -1 -1 -1 -1 -1 -1 -1 -1 1 
112 44 Car -1.000000 -1 -1 587.8191388861586 172.78207733253123 615.5352107691168 195.9221073070712 -1 -1 -1 -1 -1 -1 -1 -1 1 
113 44 Car -1.000000 -1 -1 587.2160760552805 173.95582825283466 615.7341483409322 197.10059465499668 -1 -1 -1 -1 -1 -1 -1 -1 1 
117 44 Car -1.000000 -1 -1 580.4115236020198 179.69371243375312 607.6377919880028 202.6610356227856 -1 -1 -1 -1 -1 -1 -1 -1 1 
119 55 Car -1.000000 -1 -1 444.2528079315469 179.8232583913023 480.69247792753 205.99742165545334 -1 -1 -1 -1 -1 -1 -1 -1 1 
120 55 Car -1.000000 -1 -1 425.2448640084134 180.70417250259226 471.11162704206345 210.64641847286265 -1 -1 -1 -1 -1 -1 -1 -1 1 
121 55 Car -1.000000 -1 -1 409.8123448728576 179.4387203553268 465.88679449677534 213.55634394088472 -1 -1 -1 -1 -1 -1 -1 -1 1 
122 55 Car -1.000000 -1 -1 394.3101178108107 179.2838213099659 455.83045730670466 216.09193109745894 -1 -1 -1 -1 -1 -1 -1 -1 1 
123 55 Car -1.000000 -1 -1 380.03317766005205 177.08458015349368 447.3961117621021 217.30717756436889 -1 -1 -1 -1 -1 -1 -1 -1 1 
124 55 Car -1.000000 -1 -1 364.17605426740244 173.46738143206449 435.92308399856125 218.3818404208631 -1 -1 -1 -1 -1 -1 -1 -1 1 
125 55 Car -1.000000 -1 -1 343.2833308797649 173.54641151022275 420.6676696873143 223.53273609425423 -1 -1 -1 -1 -1 -1 -1 -1 1 
126 55 Car -1.000000 -1 -1 320.13714358989847 176.0026845955137 403.473503303566 230.6796471341358 -1 -1 -1 -1 -1 -1 -1 -1 1 
127 55 Car -1.000000 -1 -1 285.38504057049124 175.62240099740052 380.8110030798855 237.63061040034364 -1 -1 -1 -1 -1 -1 -1 -1 1 
128 59 Car -1.000000 -1 -1 586.4605085756878 173.27534425070198 615.4299033368914 198.87330699477698 -1 -1 -1 -1 -1 -1 -1 -1 1 
128 55 Car -1.000000 -1 -1 238.65878391796977 178.61878907221302 348.49171214271064 246.44026623229803 -1 -1 -1 -1 -1 -1 -1 -1 1 
129 59 Car -1.000000 -1 -1 587.095166963212 173.18678380328495 616.2628549741019 198.99696892371279 -1 -1 -1 -1 -1 -1 -1 -1 1 
129 55 Car -1.000000 -1 -1 173.87899229449778 181.43533233766468 308.6766299982629 257.44780166376745 -1 -1 -1 -1 -1 -1 -1 -1 1 
130 59 Car -1.000000 -1 -1 587.256788819338 172.92448596385896 616.6346801724771 198.7115796929411 -1 -1 -1 -1 -1 -1 -1 -1 1 
131 59 Car -1.000000 -1 -1 587.5499059134977 172.72720236384308 617.0805034049527 198.1770193720919 -1 -1 -1 -1 -1 -1 -1 -1 1 
132 60 Car -1.000000 -1 -1 88.3947978268513 168.14019646532532 241.2997357261591 261.1189008514777 -1 -1 -1 -1 -1 -1 -1 -1 1 
132 59 Car -1.000000 -1 -1 589.278794245625 172.5181781000583 617.9242294053547 197.28044032995186 -1 -1 -1 -1 -1 -1 -1 -1 1 
133 62 Car -1.000000 -1 -1 412.703853719694 163.6462339315464 469.90547062508875 208.21456342605867 -1 -1 -1 -1 -1 -1 -1 -1 1 
133 60 Car -1.000000 -1 -1 11.883755608518484 168.08611459398224 194.8319508807794 276.5718863630037 -1 -1 -1 -1 -1 -1 -1 -1 1 
133 59 Car -1.000000 -1 -1 589.9395494210803 172.62878065997953 617.6025060947479 196.70667153209055 -1 -1 -1 -1 -1 -1 -1 -1 1 
134 62 Car -1.000000 -1 -1 396.3294024592994 165.13768028171552 457.44810682145584 212.9927170103391 -1 -1 -1 -1 -1 -1 -1 -1 1 
134 60 Car -1.000000 -1 -1 -26.825020846491668 175.4974145501644 145.9053922696993 291.8579961953122 -1 -1 -1 -1 -1 -1 -1 -1 1 
135 62 Car -1.000000 -1 -1 379.19819108640206 167.23589746448175 447.635682615307 219.40201396874335 -1 -1 -1 -1 -1 -1 -1 -1 1 
136 62 Car -1.000000 -1 -1 357.2111589313633 167.72125757707786 434.9574387973 225.84283736331 -1 -1 -1 -1 -1 -1 -1 -1 1 
137 62 Car -1.000000 -1 -1 331.1896730677581 167.9662937787424 419.3522432973266 231.7925419445172 -1 -1 -1 -1 -1 -1 -1 -1 1 
138 66 Car -1.000000 -1 -1 467.8051608913608 186.73797945714813 495.4205837478567 207.25586686728644 -1 -1 -1 -1 -1 -1 -1 -1 1 
138 62 Car -1.000000 -1 -1 298.8915848710874 167.1480470959454 401.31005716055756 239.87993517965816 -1 -1 -1 -1 -1 -1 -1 -1 1 
139 66 Car -1.000000 -1 -1 459.1164260057838 187.01633978741754 487.7188915141682 208.20435485163304 -1 -1 -1 -1 -1 -1 -1 -1 1 
139 62 Car -1.000000 -1 -1 256.25938248399365 166.21118182091058 376.4189962861955 248.14854888026284 -1 -1 -1 -1 -1 -1 -1 -1 1 
140 68 Car -1.000000 -1 -1 504.2410463360054 186.1800227253657 526.61514696019 198.43409661696256 -1 -1 -1 -1 -1 -1 -1 -1 1 
140 67 Car -1.000000 -1 -1 588.6366193003613 179.83408957813342 620.079084158919 203.86225923283635 -1 -1 -1 -1 -1 -1 -1 -1 1 
140 66 Car -1.000000 -1 -1 451.65954006312774 188.82854354190076 480.83909954549387 208.95688568365804 -1 -1 -1 -1 -1 -1 -1 -1 1 
140 62 Car -1.000000 -1 -1 197.68910528823363 163.75229193606737 343.49424053988713 257.8317428518529 -1 -1 -1 -1 -1 -1 -1 -1 1 
141 68 Car -1.000000 -1 -1 504.3870590110083 185.83403911831326 526.0049161130202 198.2121779004153 -1 -1 -1 -1 -1 -1 -1 -1 1 
141 67 Car -1.000000 -1 -1 588.5351135199151 179.90595539838074 620.4340556035786 204.3625004249438 -1 -1 -1 -1 -1 -1 -1 -1 1 
141 66 Car -1.000000 -1 -1 444.5351078778433 186.54803134767315 476.4266612881821 209.14114662151013 -1 -1 -1 -1 -1 -1 -1 -1 1 
141 62 Car -1.000000 -1 -1 111.6015714363488 161.70539502335816 296.18286057634396 272.41582604079383 -1 -1 -1 -1 -1 -1 -1 -1 1 
142 67 Car -1.000000 -1 -1 588.0928036206103 179.99711599039594 619.5388763359922 204.47868237295157 -1 -1 -1 -1 -1 -1 -1 -1 1 
142 66 Car -1.000000 -1 -1 432.4454469375054 185.93790102142268 467.4555282436156 210.61765674537676 -1 -1 -1 -1 -1 -1 -1 -1 1 
142 62 Car -1.000000 -1 -1 32.14649422025849 159.92030928194845 247.76184643062436 291.2603511890446 -1 -1 -1 -1 -1 -1 -1 -1 1 
143 67 Car -1.000000 -1 -1 587.7691561209082 179.07015219906285 618.4469769694618 203.57976488202584 -1 -1 -1 -1 -1 -1 -1 -1 1 
143 66 Car -1.000000 -1 -1 422.4379915255523 184.91213463531935 460.7943316261982 211.21912714606904 -1 -1 -1 -1 -1 -1 -1 -1 1 
143 62 Car -1.000000 -1 -1 -16.38732351872072 160.9193405533132 194.17289146389226 310.913397551834 -1 -1 -1 -1 -1 -1 -1 -1 1 
144 67 Car -1.000000 -1 -1 587.4290207406734 175.33198041573434 617.9496423829512 199.88390124819705 -1 -1 -1 -1 -1 -1 -1 -1 1 
144 66 Car -1.000000 -1 -1 408.1487657045976 183.44282878562603 449.8929757368272 211.81770256512482 -1 -1 -1 -1 -1 -1 -1 -1 1 
145 69 Car -1.000000 -1 -1 468.2202161361967 177.10697350763317 496.4054003375059 196.39720877210092 -1 -1 -1 -1 -1 -1 -1 -1 1 
145 67 Car -1.000000 -1 -1 587.7467189883943 173.46589451781202 618.5784153080386 198.37432417993662 -1 -1 -1 -1 -1 -1 -1 -1 1 
145 66 Car -1.000000 -1 -1 395.76323632368934 181.3999372094073 442.6448961686107 212.84465108080008 -1 -1 -1 -1 -1 -1 -1 -1 1 
146 69 Car -1.000000 -1 -1 459.03686084356735 177.582121836213 488.28167552362316 198.18380486675954 -1 -1 -1 -1 -1 -1 -1 -1 1 
146 67 Car -1.000000 -1 -1 587.3805621018788 172.70501136775744 617.4775627636542 197.7736164812638 -1 -1 -1 -1 -1 -1 -1 -1 1 
146 66 Car -1.000000 -1 -1 378.2880246717542 181.43454294082335 432.6671929535637 214.99627067579087 -1 -1 -1 -1 -1 -1 -1 -1 1 
147 69 Car -1.000000 -1 -1 453.09231479270403 179.50175552263246 482.81989566964825 200.52102172078608 -1 -1 -1 -1 -1 -1 -1 -1 1 
147 67 Car -1.000000 -1 -1 587.337938058177 172.63348616463884 617.3845153116287 197.66985625479805 -1 -1 -1 -1 -1 -1 -1 -1 1 
147 66 Car -1.000000 -1 -1 353.4880707880414 183.69786891194292 415.3747969258446 220.4326223455496 -1 -1 -1 -1 -1 -1 -1 -1 1 
148 69 Car -1.000000 -1 -1 446.0112278172476 180.27678311609216 478.98116894029454 202.8472295811088 -1 -1 -1 -1 -1 -1 -1 -1 1 
148 67 Car -1.000000 -1 -1 587.3497003149909 172.90186930763045 617.4633883887803 197.99547518570498 -1 -1 -1 -1 -1 -1 -1 -1 1 
148 66 Car -1.000000 -1 -1 327.6056573276309 186.4973725167677 397.56761992541095 226.5654645934244 -1 -1 -1 -1 -1 -1 -1 -1 1 
149 69 Car -1.000000 -1 -1 434.90136584139026 182.86349149161902 469.68492440813776 206.92562259640016 -1 -1 -1 -1 -1 -1 -1 -1 1 
149 67 Car -1.000000 -1 -1 587.3023854734657 175.1269758362505 616.7795412437691 200.03632478310885 -1 -1 -1 -1 -1 -1 -1 -1 1 
149 66 Car -1.000000 -1 -1 295.1453959977102 189.77491588031586 375.1460692444818 234.03960388577468 -1 -1 -1 -1 -1 -1 -1 -1 1 
150 69 Car -1.000000 -1 -1 427.8390388507486 184.46705528235043 465.11946218502635 210.2557359229903 -1 -1 -1 -1 -1 -1 -1 -1 1 
150 67 Car -1.000000 -1 -1 587.8759598483853 176.58956420194346 616.6150809210208 201.3818070513147 -1 -1 -1 -1 -1 -1 -1 -1 1 
150 66 Car -1.000000 -1 -1 256.5350713236346 194.12993556085695 350.4158593705981 243.9014834329862 -1 -1 -1 -1 -1 -1 -1 -1 1 
151 69 Car -1.000000 -1 -1 417.63452799214247 184.26547997404117 460.03289030188284 212.9448282409444 -1 -1 -1 -1 -1 -1 -1 -1 1 
151 67 Car -1.000000 -1 -1 587.9580766659258 176.47343531714554 617.2583608388379 201.52477441363837 -1 -1 -1 -1 -1 -1 -1 -1 1 
151 66 Car -1.000000 -1 -1 198.00923261273908 195.78110511020142 315.4551929474071 255.5217457477103 -1 -1 -1 -1 -1 -1 -1 -1 1 
152 69 Car -1.000000 -1 -1 402.2835159726252 183.06271683143888 447.2510045541983 213.22628539025015 -1 -1 -1 -1 -1 -1 -1 -1 1 
152 67 Car -1.000000 -1 -1 587.629902076826 173.40261102224943 617.453694201741 198.36384096365887 -1 -1 -1 -1 -1 -1 -1 -1 1 
152 66 Car -1.000000 -1 -1 120.35033112170909 198.30780614927744 265.6265431455751 267.7364363603375 -1 -1 -1 -1 -1 -1 -1 -1 1 
153 69 Car -1.000000 -1 -1 387.8991521662801 180.82303999965862 437.86025761466516 213.32858447760205 -1 -1 -1 -1 -1 -1 -1 -1 1 
153 67 Car -1.000000 -1 -1 587.3364920278423 170.68219076162887 616.7228745410694 196.05336728750598 -1 -1 -1 -1 -1 -1 -1 -1 1 
153 66 Car -1.000000 -1 -1 41.6750885311194 203.192225482695 210.39633878139477 284.71405598292915 -1 -1 -1 -1 -1 -1 -1 -1 1 
154 69 Car -1.000000 -1 -1 370.4048235449991 180.5828851446752 427.2979856656965 215.51728838496658 -1 -1 -1 -1 -1 -1 -1 -1 1 
154 67 Car -1.000000 -1 -1 586.8035707173923 170.0804181007519 616.3826743021658 195.82090042862967 -1 -1 -1 -1 -1 -1 -1 -1 1 
154 66 Car -1.000000 -1 -1 -9.682727516628574 214.2546002593582 147.0101590179966 304.7585945088671 -1 -1 -1 -1 -1 -1 -1 -1 1 
155 75 Car -1.000000 -1 -1 447.93186587136745 176.8747610996094 477.67038493568316 199.84148714929668 -1 -1 -1 -1 -1 -1 -1 -1 1 
155 69 Car -1.000000 -1 -1 346.380182126215 184.60028470516102 409.50722581565094 222.63046690920686 -1 -1 -1 -1 -1 -1 -1 -1 1 
155 67 Car -1.000000 -1 -1 586.0667133294135 170.94269647303588 616.8921566080701 196.9191886418567 -1 -1 -1 -1 -1 -1 -1 -1 1 
156 76 Car -1.000000 -1 -1 157.60550660788468 190.23285723015266 185.6322529918444 208.96311921267647 -1 -1 -1 -1 -1 -1 -1 -1 1 
156 75 Car -1.000000 -1 -1 443.29754958620185 178.99196496145044 473.9030333056344 202.43494758505227 -1 -1 -1 -1 -1 -1 -1 -1 1 
156 69 Car -1.000000 -1 -1 322.26567426544 187.46616813460375 392.59220507747636 228.75226516265238 -1 -1 -1 -1 -1 -1 -1 -1 1 
156 67 Car -1.000000 -1 -1 586.0673356035386 171.14666641243403 616.7565776773258 197.2477006612032 -1 -1 -1 -1 -1 -1 -1 -1 1 
157 78 Car -1.000000 -1 -1 549.7678297207646 176.5650211318801 570.2821029058126 193.510887603806 -1 -1 -1 -1 -1 -1 -1 -1 1 
157 76 Car -1.000000 -1 -1 147.49360234618158 193.41148688964032 176.15631351576084 212.84724160308426 -1 -1 -1 -1 -1 -1 -1 -1 1 
157 75 Car -1.000000 -1 -1 434.72753374009073 180.03283099740918 466.8304111927961 204.90243136256254 -1 -1 -1 -1 -1 -1 -1 -1 1 
157 69 Car -1.000000 -1 -1 287.87227687994493 190.04783544405038 369.714198102777 236.14032586158456 -1 -1 -1 -1 -1 -1 -1 -1 1 
157 67 Car -1.000000 -1 -1 586.0683181758606 172.01090213236162 617.2699323217988 198.519996544711 -1 -1 -1 -1 -1 -1 -1 -1 1 
158 78 Car -1.000000 -1 -1 550.2695260339434 179.39949373867003 572.4844537205462 197.69936990234626 -1 -1 -1 -1 -1 -1 -1 -1 1 
158 76 Car -1.000000 -1 -1 141.43308028835082 196.82310232858703 169.6292137028475 216.19155357219472 -1 -1 -1 -1 -1 -1 -1 -1 1 
158 75 Car -1.000000 -1 -1 426.87045481218547 182.60936006693464 462.08564495534756 210.34580710948615 -1 -1 -1 -1 -1 -1 -1 -1 1 
158 69 Car -1.000000 -1 -1 241.67230441232397 195.44875277216926 339.69814090268227 249.17059523086573 -1 -1 -1 -1 -1 -1 -1 -1 1 
158 67 Car -1.000000 -1 -1 587.1172847916911 175.09323283189755 618.0729812338719 201.4071150947336 -1 -1 -1 -1 -1 -1 -1 -1 1 
159 78 Car -1.000000 -1 -1 550.5366395773502 180.64512924474138 573.1220150243909 199.16989218289342 -1 -1 -1 -1 -1 -1 -1 -1 1 
159 76 Car -1.000000 -1 -1 133.89193690142014 196.58088778460555 163.21880433946814 216.1899585601012 -1 -1 -1 -1 -1 -1 -1 -1 1 
159 75 Car -1.000000 -1 -1 418.7497172806316 183.38656047747799 456.49080642369023 212.48088975082845 -1 -1 -1 -1 -1 -1 -1 -1 1 
159 69 Car -1.000000 -1 -1 182.67570522116702 199.21742530896393 303.4343789664807 262.41133009337204 -1 -1 -1 -1 -1 -1 -1 -1 1 
159 67 Car -1.000000 -1 -1 586.4940642609164 176.70446365864956 617.8506522857293 202.77924678230363 -1 -1 -1 -1 -1 -1 -1 -1 1 
160 75 Car -1.000000 -1 -1 406.18471654470204 182.9444130425171 446.72152722349733 214.23301798685924 -1 -1 -1 -1 -1 -1 -1 -1 1 
160 69 Car -1.000000 -1 -1 102.21669263547294 202.7782997912352 253.93859825526852 276.86161904184365 -1 -1 -1 -1 -1 -1 -1 -1 1 
161 75 Car -1.000000 -1 -1 395.4656571959752 181.4845002283746 440.72988502578784 215.4573729174757 -1 -1 -1 -1 -1 -1 -1 -1 1 
161 69 Car -1.000000 -1 -1 32.12553317234054 206.15488337839946 206.65479124548034 294.837651983334 -1 -1 -1 -1 -1 -1 -1 -1 1 
162 75 Car -1.000000 -1 -1 380.4566942432433 180.7652856719726 431.27594386355213 217.01898223263038 -1 -1 -1 -1 -1 -1 -1 -1 1 
162 69 Car -1.000000 -1 -1 -16.820144771200773 214.65804619550607 137.96350503324126 307.75831564981564 -1 -1 -1 -1 -1 -1 -1 -1 1 
163 75 Car -1.000000 -1 -1 364.2354071886137 183.13446823384808 420.36539114009116 221.94865044694043 -1 -1 -1 -1 -1 -1 -1 -1 1 
164 75 Car -1.000000 -1 -1 342.2354325115325 184.39464244036563 405.3737385806038 226.11129534172701 -1 -1 -1 -1 -1 -1 -1 -1 1 
165 80 Car -1.000000 -1 -1 69.43734039427335 192.06363230292948 105.81967704242277 215.03605106655067 -1 -1 -1 -1 -1 -1 -1 -1 1 
165 75 Car -1.000000 -1 -1 315.6237379994464 184.83008386848218 388.9390042578743 230.4046125719599 -1 -1 -1 -1 -1 -1 -1 -1 1 
166 81 Car -1.000000 -1 -1 430.8867469974908 174.295689755574 470.3285253218673 207.78686087722795 -1 -1 -1 -1 -1 -1 -1 -1 1 
166 80 Car -1.000000 -1 -1 58.6718698302016 191.63871715586635 96.99885075604179 214.98187640463283 -1 -1 -1 -1 -1 -1 -1 -1 1 
166 75 Car -1.000000 -1 -1 281.5340800700546 185.27070779861663 364.92569045920317 235.43351969282963 -1 -1 -1 -1 -1 -1 -1 -1 1 
167 83 Car -1.000000 -1 -1 547.3631905627469 179.01594424242225 570.8576250209478 201.42581804711526 -1 -1 -1 -1 -1 -1 -1 -1 1 
167 82 Car -1.000000 -1 -1 589.7926092505852 178.46583834827783 618.9757636056638 202.9636639479756 -1 -1 -1 -1 -1 -1 -1 -1 1 
167 81 Car -1.000000 -1 -1 422.0995187625103 174.2595843548242 464.5481692670855 209.2471586730822 -1 -1 -1 -1 -1 -1 -1 -1 1 
167 80 Car -1.000000 -1 -1 44.507171492939634 191.83170199636112 84.56594493545576 215.56624187986392 -1 -1 -1 -1 -1 -1 -1 -1 1 
167 75 Car -1.000000 -1 -1 240.55988996188216 185.8645078327547 337.06369077222234 241.81021079512792 -1 -1 -1 -1 -1 -1 -1 -1 1 
168 83 Car -1.000000 -1 -1 546.1196211621995 177.8109803017658 568.9815730505205 200.54087903517322 -1 -1 -1 -1 -1 -1 -1 -1 1 
168 82 Car -1.000000 -1 -1 589.8585774411447 177.09651713683175 619.1609309982448 201.43589187633498 -1 -1 -1 -1 -1 -1 -1 -1 1 
168 81 Car -1.000000 -1 -1 415.38575756036136 172.46734237030918 463.2719426787741 209.70102326281815 -1 -1 -1 -1 -1 -1 -1 -1 1 
168 80 Car -1.000000 -1 -1 31.166835154007547 189.6442085677249 72.92548882621085 213.6824108403282 -1 -1 -1 -1 -1 -1 -1 -1 1 
168 75 Car -1.000000 -1 -1 184.59388061924466 186.30208174972256 302.2744393979283 251.87162323590815 -1 -1 -1 -1 -1 -1 -1 -1 1 
169 83 Car -1.000000 -1 -1 544.9257953787862 173.39015062368327 567.9128329019272 196.7364921465237 -1 -1 -1 -1 -1 -1 -1 -1 1 
169 81 Car -1.000000 -1 -1 403.4523891084244 170.7021835219949 452.3936626066254 208.54404131083132 -1 -1 -1 -1 -1 -1 -1 -1 1 
169 80 Car -1.000000 -1 -1 15.793660090297472 187.97227827820566 58.97072782210724 211.86728386754808 -1 -1 -1 -1 -1 -1 -1 -1 1 
169 75 Car -1.000000 -1 -1 108.84300930955801 186.53782416226272 253.3697602929098 263.2006247885744 -1 -1 -1 -1 -1 -1 -1 -1 1 
170 83 Car -1.000000 -1 -1 542.6641286307905 171.63448973661457 566.9358949009089 195.77508685423498 -1 -1 -1 -1 -1 -1 -1 -1 1 
170 81 Car -1.000000 -1 -1 389.02511647239163 167.0402705552546 443.22662772810196 207.3885520590885 -1 -1 -1 -1 -1 -1 -1 -1 1 
170 75 Car -1.000000 -1 -1 36.57716158867872 191.74213237360868 202.77234197112932 281.05763763133683 -1 -1 -1 -1 -1 -1 -1 -1 1 
171 85 Car -1.000000 -1 -1 470.5446354937269 175.44071584551912 495.0426820906956 194.24598281402646 -1 -1 -1 -1 -1 -1 -1 -1 1 
171 83 Car -1.000000 -1 -1 540.6670342766242 171.4923845022364 567.5358405338343 197.18824356185826 -1 -1 -1 -1 -1 -1 -1 -1 1 
171 81 Car -1.000000 -1 -1 376.00590872427944 168.08972675214986 435.28577801660043 210.88819443535377 -1 -1 -1 -1 -1 -1 -1 -1 1 
171 75 Car -1.000000 -1 -1 -13.213438282714826 199.0164509019398 135.95597127269923 294.30824701534755 -1 -1 -1 -1 -1 -1 -1 -1 1 
172 85 Car -1.000000 -1 -1 462.5176089847267 179.11476725648095 487.7058929323271 198.22961594252206 -1 -1 -1 -1 -1 -1 -1 -1 1 
172 83 Car -1.000000 -1 -1 539.3614286339853 174.5793537314604 566.905957130288 200.8991836418091 -1 -1 -1 -1 -1 -1 -1 -1 1 
172 81 Car -1.000000 -1 -1 362.92859227689087 170.84298955985633 425.63716089872275 215.91783636844474 -1 -1 -1 -1 -1 -1 -1 -1 1 
173 85 Car -1.000000 -1 -1 456.43662766186316 180.89751327240225 482.819716045342 201.22047932972885 -1 -1 -1 -1 -1 -1 -1 -1 1 
173 83 Car -1.000000 -1 -1 533.0697839821324 177.08825003644222 562.2628509352743 204.16213847695764 -1 -1 -1 -1 -1 -1 -1 -1 1 
173 81 Car -1.000000 -1 -1 343.4510552467807 173.00442023192466 410.4718246881889 220.67721822794198 -1 -1 -1 -1 -1 -1 -1 -1 1 
174 85 Car -1.000000 -1 -1 451.1867796617556 181.73447210350608 479.11897003112006 203.0102455845799 -1 -1 -1 -1 -1 -1 -1 -1 1 
174 83 Car -1.000000 -1 -1 529.8558637285537 177.6990872070127 560.5719763344905 205.70594268740606 -1 -1 -1 -1 -1 -1 -1 -1 1 
174 81 Car -1.000000 -1 -1 322.9083466600533 173.44851345863137 397.7316724946875 224.69643169436452 -1 -1 -1 -1 -1 -1 -1 -1 1 
175 86 Car -1.000000 -1 -1 578.5682738455946 173.40600444530364 606.4962604237003 199.21392106308278 -1 -1 -1 -1 -1 -1 -1 -1 1 
175 85 Car -1.000000 -1 -1 445.79340206045356 180.76596239618044 476.819122939369 203.3250023542451 -1 -1 -1 -1 -1 -1 -1 -1 1 
175 83 Car -1.000000 -1 -1 527.2012780336681 176.7473511110975 559.1481638678429 205.62748353802425 -1 -1 -1 -1 -1 -1 -1 -1 1 
175 81 Car -1.000000 -1 -1 294.8437722740429 172.0813977953842 379.15708342682893 228.35957872707831 -1 -1 -1 -1 -1 -1 -1 -1 1 
176 86 Car -1.000000 -1 -1 579.2158648262684 171.73588732348165 607.4920267689192 197.88813751317738 -1 -1 -1 -1 -1 -1 -1 -1 1 
176 85 Car -1.000000 -1 -1 435.7833702163772 179.88348420726646 467.74972371287083 203.3478463497185 -1 -1 -1 -1 -1 -1 -1 -1 1 
176 83 Car -1.000000 -1 -1 524.9741831536035 175.71705007930402 558.2620973321746 205.56888525243292 -1 -1 -1 -1 -1 -1 -1 -1 1 
176 81 Car -1.000000 -1 -1 263.31422938129407 171.2951463463625 358.8597518419926 234.33749352133944 -1 -1 -1 -1 -1 -1 -1 -1 1 
177 85 Car -1.000000 -1 -1 426.8371060232158 180.35358951898607 460.7582549699995 204.86423534373498 -1 -1 -1 -1 -1 -1 -1 -1 1 
177 83 Car -1.000000 -1 -1 522.6616376466844 175.14172531763143 557.8135353734909 206.63599071779674 -1 -1 -1 -1 -1 -1 -1 -1 1 
177 81 Car -1.000000 -1 -1 221.52410197665455 171.21803462520413 334.0662789579912 241.283408923731 -1 -1 -1 -1 -1 -1 -1 -1 1 
178 85 Car -1.000000 -1 -1 418.8704001111099 180.4600478781411 456.02938430295467 206.2693512439908 -1 -1 -1 -1 -1 -1 -1 -1 1 
178 83 Car -1.000000 -1 -1 519.9451228649414 175.33379387920957 556.5942746004794 208.1501447455401 -1 -1 -1 -1 -1 -1 -1 -1 1 
178 81 Car -1.000000 -1 -1 174.00339659003802 172.72320249769308 303.7205146407009 249.03670630483902 -1 -1 -1 -1 -1 -1 -1 -1 1 
179 85 Car -1.000000 -1 -1 407.1356155576961 183.05449619317875 446.296898959977 210.14170885846215 -1 -1 -1 -1 -1 -1 -1 -1 1 
179 83 Car -1.000000 -1 -1 516.7090569646091 175.56102467529254 555.4084842752766 210.06271065854972 -1 -1 -1 -1 -1 -1 -1 -1 1 
179 81 Car -1.000000 -1 -1 102.98176019777985 174.68012473288653 261.69052605787783 263.1933542137641 -1 -1 -1 -1 -1 -1 -1 -1 1 
180 86 Car -1.000000 -1 -1 578.8442186236243 175.4064934375964 606.7627284419634 201.37849167496563 -1 -1 -1 -1 -1 -1 -1 -1 1 
180 85 Car -1.000000 -1 -1 395.6849812391352 187.5308723421831 436.74196213441115 215.29670112329222 -1 -1 -1 -1 -1 -1 -1 -1 1 
180 83 Car -1.000000 -1 -1 513.7001407913085 179.20173285436 554.176764976193 214.27569412610745 -1 -1 -1 -1 -1 -1 -1 -1 1 
180 81 Car -1.000000 -1 -1 33.588126655257014 174.1168618989442 216.20393933323462 278.0241636791254 -1 -1 -1 -1 -1 -1 -1 -1 1 
181 86 Car -1.000000 -1 -1 577.8624118041505 178.96887386457897 605.9710075846167 204.1378429352982 -1 -1 -1 -1 -1 -1 -1 -1 1 
181 85 Car -1.000000 -1 -1 380.9573467234255 191.17158959115028 424.2729308729019 220.06918039950767 -1 -1 -1 -1 -1 -1 -1 -1 1 
181 83 Car -1.000000 -1 -1 509.92353391917555 183.23949721809905 552.3842770203606 220.25984942608815 -1 -1 -1 -1 -1 -1 -1 -1 1 
181 81 Car -1.000000 -1 -1 -9.686949030002353 184.47867678824315 168.25043681398668 298.8834499536281 -1 -1 -1 -1 -1 -1 -1 -1 1 
182 86 Car -1.000000 -1 -1 577.9505258280395 182.36717892799214 606.4000912689061 207.77107572951422 -1 -1 -1 -1 -1 -1 -1 -1 1 
182 85 Car -1.000000 -1 -1 366.886507071507 193.39140998486545 416.4443993924674 225.44833953699106 -1 -1 -1 -1 -1 -1 -1 -1 1 
182 83 Car -1.000000 -1 -1 502.184619105058 185.3716015844492 547.5733412340654 224.2383319390438 -1 -1 -1 -1 -1 -1 -1 -1 1 
183 86 Car -1.000000 -1 -1 578.0234864568944 184.14767119403996 606.6428493753609 209.41846832488267 -1 -1 -1 -1 -1 -1 -1 -1 1 
183 85 Car -1.000000 -1 -1 346.4665080395273 195.14633266730303 401.5683275664393 229.81355998759616 -1 -1 -1 -1 -1 -1 -1 -1 1 
183 83 Car -1.000000 -1 -1 497.7313560707119 186.34725427160814 546.215227948752 227.3700486232652 -1 -1 -1 -1 -1 -1 -1 -1 1 
184 85 Car -1.000000 -1 -1 326.29448383456344 194.32636029725145 388.5719133190756 231.82757437631525 -1 -1 -1 -1 -1 -1 -1 -1 1 
184 83 Car -1.000000 -1 -1 493.72277716384053 185.7305998756134 544.8869281719379 228.7073190410581 -1 -1 -1 -1 -1 -1 -1 -1 1 
185 85 Car -1.000000 -1 -1 299.31232351864304 192.8935359035506 370.06908637621615 233.22079649333457 -1 -1 -1 -1 -1 -1 -1 -1 1 
185 83 Car -1.000000 -1 -1 488.14419520851345 183.63306006546432 543.0642802638612 229.16636049281826 -1 -1 -1 -1 -1 -1 -1 -1 1 
186 85 Car -1.000000 -1 -1 269.12665792795644 191.95868694239073 349.1289240427153 236.46039865825088 -1 -1 -1 -1 -1 -1 -1 -1 1 
186 83 Car -1.000000 -1 -1 482.1527944466435 181.83271637465444 541.3191097972599 229.50671281386784 -1 -1 -1 -1 -1 -1 -1 -1 1 
187 86 Car -1.000000 -1 -1 578.6993966851201 178.66405739073883 607.4502212011078 202.82546336745702 -1 -1 -1 -1 -1 -1 -1 -1 1 
187 85 Car -1.000000 -1 -1 228.38405954491463 193.69104780660138 323.8667581858547 243.47489882116412 -1 -1 -1 -1 -1 -1 -1 -1 1 
187 83 Car -1.000000 -1 -1 477.3276227523441 182.03682791108304 540.0388121221499 231.822234327763 -1 -1 -1 -1 -1 -1 -1 -1 1 
188 92 Car -1.000000 -1 -1 339.37876827499144 187.15780519260494 389.01732858037235 218.53232850673788 -1 -1 -1 -1 -1 -1 -1 -1 1 
188 86 Car -1.000000 -1 -1 578.6662726260375 178.5224210395985 608.0543089524211 203.1062407582789 -1 -1 -1 -1 -1 -1 -1 -1 1 
188 85 Car -1.000000 -1 -1 178.6926592886139 196.22799847332175 292.54383762126844 253.50121612418525 -1 -1 -1 -1 -1 -1 -1 -1 1 
188 83 Car -1.000000 -1 -1 471.5476089161262 183.13210450424162 537.6518581745617 235.69700399692084 -1 -1 -1 -1 -1 -1 -1 -1 1 
189 92 Car -1.000000 -1 -1 321.5011687881257 188.44255164915637 374.009667593505 222.03498743206876 -1 -1 -1 -1 -1 -1 -1 -1 1 
189 85 Car -1.000000 -1 -1 107.99733177263666 201.85642923274048 246.0978543510256 267.58035330771486 -1 -1 -1 -1 -1 -1 -1 -1 1 
189 83 Car -1.000000 -1 -1 465.4665683671597 183.45186213591313 536.0083567163185 239.6035570564548 -1 -1 -1 -1 -1 -1 -1 -1 1 
190 92 Car -1.000000 -1 -1 299.37797166933115 187.77550239444403 359.594552704816 225.44024036480764 -1 -1 -1 -1 -1 -1 -1 -1 1 
190 85 Car -1.000000 -1 -1 34.41080621662091 206.97811044249374 192.17763675317553 283.84711047834827 -1 -1 -1 -1 -1 -1 -1 -1 1 
190 83 Car -1.000000 -1 -1 457.30104350090903 182.9775712336301 533.7649990966545 243.54240312983484 -1 -1 -1 -1 -1 -1 -1 -1 1 
191 92 Car -1.000000 -1 -1 273.4474794496467 187.65907698535608 342.053557353267 229.20956725828665 -1 -1 -1 -1 -1 -1 -1 -1 1 
191 85 Car -1.000000 -1 -1 -7.554515206861339 207.74582201664538 142.12909726874713 290.83557954160347 -1 -1 -1 -1 -1 -1 -1 -1 1 
191 83 Car -1.000000 -1 -1 445.03212397709046 182.03930817462765 528.8948507727886 246.9543353125935 -1 -1 -1 -1 -1 -1 -1 -1 1 
192 92 Car -1.000000 -1 -1 239.78190527799873 186.60760748184035 315.3765338485826 231.61239886927407 -1 -1 -1 -1 -1 -1 -1 -1 1 
192 83 Car -1.000000 -1 -1 429.9245229372639 179.66036687665516 522.4600052024863 250.37275083915094 -1 -1 -1 -1 -1 -1 -1 -1 1 
193 92 Car -1.000000 -1 -1 205.62783560813085 187.47885586628914 291.8008163121634 236.01891825182136 -1 -1 -1 -1 -1 -1 -1 -1 1 
193 83 Car -1.000000 -1 -1 414.76446289312014 180.6403168271137 516.9742583397558 258.4075757399879 -1 -1 -1 -1 -1 -1 -1 -1 1 
194 92 Car -1.000000 -1 -1 156.90812748090963 192.44079652258858 255.72430144313552 246.5532524201684 -1 -1 -1 -1 -1 -1 -1 -1 1 
194 83 Car -1.000000 -1 -1 395.4840296856338 182.4320286359122 510.0366236238925 268.9464093333833 -1 -1 -1 -1 -1 -1 -1 -1 1 
195 92 Car -1.000000 -1 -1 93.09230004998295 197.63726141982576 213.86917011542556 262.0816456772384 -1 -1 -1 -1 -1 -1 -1 -1 1 
195 83 Car -1.000000 -1 -1 368.8478157436898 187.63431665144412 497.91861084485015 285.1397174179275 -1 -1 -1 -1 -1 -1 -1 -1 1 
196 92 Car -1.000000 -1 -1 25.517295489462526 202.04260478297238 163.47923285554913 274.21371239220116 -1 -1 -1 -1 -1 -1 -1 -1 1 
196 83 Car -1.000000 -1 -1 337.3218638756526 191.63794593412376 487.11109180241755 301.8879595519065 -1 -1 -1 -1 -1 -1 -1 -1 1 
197 93 Car -1.000000 -1 -1 589.5156535842302 173.07317329864213 620.872042633581 201.2017682166101 -1 -1 -1 -1 -1 -1 -1 -1 1 
197 92 Car -1.000000 -1 -1 -15.756819293078856 204.49384368974634 109.8004969571958 280.3684602926479 -1 -1 -1 -1 -1 -1 -1 -1 1 
197 83 Car -1.000000 -1 -1 292.6310098400123 191.11443672629076 469.33077089516405 318.4379831297714 -1 -1 -1 -1 -1 -1 -1 -1 1 
198 93 Car -1.000000 -1 -1 591.2388106606409 169.90594323845096 622.3190101144701 197.50779672646348 -1 -1 -1 -1 -1 -1 -1 -1 1 
198 83 Car -1.000000 -1 -1 229.05200865776735 190.5520495302423 449.284222958178 342.11399752543406 -1 -1 -1 -1 -1 -1 -1 -1 1 
199 93 Car -1.000000 -1 -1 591.9720611686207 169.32502013456102 623.6271293073398 196.63733442888596 -1 -1 -1 -1 -1 -1 -1 -1 1 
199 83 Car -1.000000 -1 -1 133.18310556727573 188.11709170302015 413.58183686008596 360.7312517927634 -1 -1 -1 -1 -1 -1 -1 -1 1 
200 93 Car -1.000000 -1 -1 593.5697270783969 171.03461441646434 624.550333276987 197.8667589252564 -1 -1 -1 -1 -1 -1 -1 -1 1 
200 83 Car -1.000000 -1 -1 64.40735074804337 186.83839312446136 388.4010434755846 370.10379414693193 -1 -1 -1 -1 -1 -1 -1 -1 1 
201 93 Car -1.000000 -1 -1 596.0517421861915 174.45731055327866 626.3512113174421 200.4469525032569 -1 -1 -1 -1 -1 -1 -1 -1 1 
201 83 Car -1.000000 -1 -1 19.530012979803473 188.46982896298022 359.97359593783347 375.69254653385104 -1 -1 -1 -1 -1 -1 -1 -1 1 
202 93 Car -1.000000 -1 -1 597.4030826250461 175.5116635311314 627.6539317147207 200.96565052933508 -1 -1 -1 -1 -1 -1 -1 -1 1 
202 83 Car -1.000000 -1 -1 -10.169726404595082 201.9621149550381 325.0676389162145 383.4706437493472 -1 -1 -1 -1 -1 -1 -1 -1 1 
203 98 Car -1.000000 -1 -1 393.7204456861933 183.37714323583398 446.1386628231359 215.5544231371808 -1 -1 -1 -1 -1 -1 -1 -1 1 
203 93 Car -1.000000 -1 -1 598.7531608480998 174.1029993953871 628.7526997456913 199.34105927354608 -1 -1 -1 -1 -1 -1 -1 -1 1 
204 98 Car -1.000000 -1 -1 375.9588297548337 186.518813834452 432.34959806417385 221.90395387588032 -1 -1 -1 -1 -1 -1 -1 -1 1 
204 93 Car -1.000000 -1 -1 599.7304411808324 176.15736238502913 628.8095337144799 201.227035262623 -1 -1 -1 -1 -1 -1 -1 -1 1 
205 98 Car -1.000000 -1 -1 351.16299904224337 190.8064140438969 413.3876909561523 228.56666026261627 -1 -1 -1 -1 -1 -1 -1 -1 1 
205 93 Car -1.000000 -1 -1 600.0086845367505 179.19136526279874 629.6825381553649 204.1846379467765 -1 -1 -1 -1 -1 -1 -1 -1 1 
206 102 Car -1.000000 -1 -1 491.4320222566551 188.16040531804316 520.9565755834872 207.92602430034378 -1 -1 -1 -1 -1 -1 -1 -1 1 
206 98 Car -1.000000 -1 -1 326.81302612547455 194.523988939887 396.4698399642045 234.06325484739537 -1 -1 -1 -1 -1 -1 -1 -1 1 
206 93 Car -1.000000 -1 -1 600.4168724959396 182.6671116311083 629.889361871912 207.96078898474224 -1 -1 -1 -1 -1 -1 -1 -1 1 
207 102 Car -1.000000 -1 -1 482.60509440279475 187.79123169215507 510.3848542825376 207.1480501660772 -1 -1 -1 -1 -1 -1 -1 -1 1 
207 98 Car -1.000000 -1 -1 291.21753954801767 196.3498877063635 370.86867588326135 240.23177719638923 -1 -1 -1 -1 -1 -1 -1 -1 1 
207 93 Car -1.000000 -1 -1 600.7327275083508 181.64037782924595 629.2003744203662 206.43846829626193 -1 -1 -1 -1 -1 -1 -1 -1 1 
208 102 Car -1.000000 -1 -1 476.417406145693 184.6976857041899 503.5081856576112 203.91168408971282 -1 -1 -1 -1 -1 -1 -1 -1 1 
208 98 Car -1.000000 -1 -1 251.5147875663822 196.94841396196728 342.91738849472324 245.69733360442171 -1 -1 -1 -1 -1 -1 -1 -1 1 
208 93 Car -1.000000 -1 -1 600.9202576340223 179.21668204681785 628.213783859634 203.83118690073096 -1 -1 -1 -1 -1 -1 -1 -1 1 
209 102 Car -1.000000 -1 -1 469.5901924787371 183.76858025937884 497.78046387875895 203.62220460351585 -1 -1 -1 -1 -1 -1 -1 -1 1 
209 98 Car -1.000000 -1 -1 200.8342482797476 197.9612968866568 309.1632269060265 253.64362882867485 -1 -1 -1 -1 -1 -1 -1 -1 1 
209 93 Car -1.000000 -1 -1 601.0592640602002 178.0481831943274 627.634252038035 202.58383525371005 -1 -1 -1 -1 -1 -1 -1 -1 1 
210 102 Car -1.000000 -1 -1 458.37562616137944 182.78306666372396 488.6510129394264 203.33493447740676 -1 -1 -1 -1 -1 -1 -1 -1 1 
210 98 Car -1.000000 -1 -1 129.41181471053545 201.09870694809706 265.87100962179954 266.65151787215734 -1 -1 -1 -1 -1 -1 -1 -1 1 
210 93 Car -1.000000 -1 -1 600.2057654531837 178.0218258586798 627.6127746196931 202.5467286380096 -1 -1 -1 -1 -1 -1 -1 -1 1 
211 102 Car -1.000000 -1 -1 449.27524167260066 184.0340769585895 481.739110570906 206.15771512396483 -1 -1 -1 -1 -1 -1 -1 -1 1 
211 98 Car -1.000000 -1 -1 40.467288517732214 204.87699425036791 206.6548003480157 283.8665646020612 -1 -1 -1 -1 -1 -1 -1 -1 1 
211 93 Car -1.000000 -1 -1 599.7138343247542 177.91232038451471 627.9694232190951 202.4069960339674 -1 -1 -1 -1 -1 -1 -1 -1 1 
212 104 Car -1.000000 -1 -1 102.02140844896226 186.78975805462593 224.81459242637558 254.35707975490752 -1 -1 -1 -1 -1 -1 -1 -1 1 
212 102 Car -1.000000 -1 -1 440.3808538407109 182.13198982759465 475.16539973709513 205.51110115094187 -1 -1 -1 -1 -1 -1 -1 -1 1 
212 98 Car -1.000000 -1 -1 -12.33250921666989 210.45941646091512 142.54110703705817 295.33111958056503 -1 -1 -1 -1 -1 -1 -1 -1 1 
212 93 Car -1.000000 -1 -1 599.6792856946154 177.46578087066362 628.5701831217743 202.0847865189526 -1 -1 -1 -1 -1 -1 -1 -1 1 
213 104 Car -1.000000 -1 -1 12.747307196163717 191.01367865711057 166.7894749751906 272.42757775765756 -1 -1 -1 -1 -1 -1 -1 -1 1 
213 102 Car -1.000000 -1 -1 426.63114442127255 183.60243188747347 462.8764812686917 207.7469467437238 -1 -1 -1 -1 -1 -1 -1 -1 1 
213 93 Car -1.000000 -1 -1 598.7617957801151 176.8904116239994 627.944430172081 201.9838416281924 -1 -1 -1 -1 -1 -1 -1 -1 1 
214 104 Car -1.000000 -1 -1 -28.88546999762184 195.00662848507793 105.90810668478093 276.6311117991021 -1 -1 -1 -1 -1 -1 -1 -1 1 
214 102 Car -1.000000 -1 -1 414.3332258456294 181.00933609263274 454.37338487045645 207.0141615073025 -1 -1 -1 -1 -1 -1 -1 -1 1 
214 93 Car -1.000000 -1 -1 598.2250532287707 174.3550393651304 627.0575023140512 199.3452451861859 -1 -1 -1 -1 -1 -1 -1 -1 1 
215 102 Car -1.000000 -1 -1 397.04427570960195 181.95237063718048 441.90822079442876 210.2046919167762 -1 -1 -1 -1 -1 -1 -1 -1 1 
215 93 Car -1.000000 -1 -1 598.2309500824068 173.55282395181936 626.9534686631772 198.61818195514846 -1 -1 -1 -1 -1 -1 -1 -1 1 
216 102 Car -1.000000 -1 -1 378.44370554427934 184.47488527197842 428.1400224082591 213.71074468670642 -1 -1 -1 -1 -1 -1 -1 -1 1 
216 93 Car -1.000000 -1 -1 598.3457584030508 175.7278528384585 626.9158783746535 201.1110520879916 -1 -1 -1 -1 -1 -1 -1 -1 1 
217 102 Car -1.000000 -1 -1 355.72252064945513 187.12506435981058 411.0448620272302 218.60808321182927 -1 -1 -1 -1 -1 -1 -1 -1 1 
217 93 Car -1.000000 -1 -1 598.1162089107714 177.33775287844176 626.7543980979643 202.42774114459664 -1 -1 -1 -1 -1 -1 -1 -1 1 
218 102 Car -1.000000 -1 -1 331.61221633322475 188.48149636863977 393.0406644328649 222.4819210914358 -1 -1 -1 -1 -1 -1 -1 -1 1 
218 93 Car -1.000000 -1 -1 598.4056203004467 177.53327000488696 627.0128453926201 202.58246816264096 -1 -1 -1 -1 -1 -1 -1 -1 1 
219 102 Car -1.000000 -1 -1 299.29839164326455 189.21328777448872 368.9561540645129 226.4891950022054 -1 -1 -1 -1 -1 -1 -1 -1 1 
219 93 Car -1.000000 -1 -1 598.4957345299312 177.12653190987112 626.8976592373757 202.09557014377174 -1 -1 -1 -1 -1 -1 -1 -1 1 
220 102 Car -1.000000 -1 -1 264.0283215804056 189.21683687335963 344.7732477753439 230.0539853357302 -1 -1 -1 -1 -1 -1 -1 -1 1 
220 93 Car -1.000000 -1 -1 598.4230069999885 174.4069589009515 627.0816183415566 199.28751686598065 -1 -1 -1 -1 -1 -1 -1 -1 1 
221 102 Car -1.000000 -1 -1 215.70354348993783 190.03464566782498 309.9497818426951 236.46397993609992 -1 -1 -1 -1 -1 -1 -1 -1 1 
221 93 Car -1.000000 -1 -1 598.5084075242969 173.00011051267438 627.5459660046777 197.4958814781595 -1 -1 -1 -1 -1 -1 -1 -1 1 
222 93 Car -1.000000 -1 -1 598.4491939211922 172.76006204712786 627.2960671953309 197.29880368067523 -1 -1 -1 -1 -1 -1 -1 -1 1 
223 93 Car -1.000000 -1 -1 598.6048121846429 175.5848743857341 627.2701122238375 200.2395170572879 -1 -1 -1 -1 -1 -1 -1 -1 1 
224 93 Car -1.000000 -1 -1 598.2390411564602 178.04851999433282 626.8285713165676 202.72244070555848 -1 -1 -1 -1 -1 -1 -1 -1 1 
225 93 Car -1.000000 -1 -1 597.6838350231913 179.3976711356227 626.4684125422341 204.06574161735156 -1 -1 -1 -1 -1 -1 -1 -1 1 
226 93 Car -1.000000 -1 -1 597.5070479920006 179.6390641959427 626.3915101664824 204.06224351793088 -1 -1 -1 -1 -1 -1 -1 -1 1 
227 93 Car -1.000000 -1 -1 597.2291684704835 179.71905213047307 626.3725252213601 204.44663393403175 -1 -1 -1 -1 -1 -1 -1 -1 1 
228 93 Car -1.000000 -1 -1 597.0981925997602 180.58416766045906 626.4495108365005 205.04824198827725 -1 -1 -1 -1 -1 -1 -1 -1 1 
229 93 Car -1.000000 -1 -1 596.9752374679329 180.73080761144854 626.3705487374352 205.18771239908563 -1 -1 -1 -1 -1 -1 -1 -1 1 
230 112 Car -1.000000 -1 -1 409.1985058498695 187.55868524613564 443.44748078534207 210.8212833320612 -1 -1 -1 -1 -1 -1 -1 -1 1 
230 93 Car -1.000000 -1 -1 596.8768964282062 180.1462989774217 626.1073050077998 204.78024818428307 -1 -1 -1 -1 -1 -1 -1 -1 1 
231 112 Car -1.000000 -1 -1 398.2905515598458 185.7330946658368 434.8130794624232 210.7274242265139 -1 -1 -1 -1 -1 -1 -1 -1 1 
231 93 Car -1.000000 -1 -1 597.2990979321534 178.90920514123795 626.1796845875641 203.51975868209675 -1 -1 -1 -1 -1 -1 -1 -1 1 
232 112 Car -1.000000 -1 -1 383.03922495983187 185.26244830723127 424.31687287723804 212.28931817809942 -1 -1 -1 -1 -1 -1 -1 -1 1 
232 93 Car -1.000000 -1 -1 597.0986285596094 178.32009005945272 625.9716020521815 203.01869573812954 -1 -1 -1 -1 -1 -1 -1 -1 1 
233 114 Car -1.000000 -1 -1 429.0048913249794 181.56045071487807 468.4598711731898 211.86799391127198 -1 -1 -1 -1 -1 -1 -1 -1 1 
233 112 Car -1.000000 -1 -1 367.70407199990075 184.53485544699214 414.0582399719416 213.97703061564886 -1 -1 -1 -1 -1 -1 -1 -1 1 
233 93 Car -1.000000 -1 -1 596.9181836807148 177.49745649166806 625.6674402581856 202.36958686584404 -1 -1 -1 -1 -1 -1 -1 -1 1 
234 114 Car -1.000000 -1 -1 414.78097710989186 181.22245411534612 457.38984837817907 213.5657201734429 -1 -1 -1 -1 -1 -1 -1 -1 1 
234 112 Car -1.000000 -1 -1 348.18460336455763 183.66319625307713 400.841013408901 215.38484581929603 -1 -1 -1 -1 -1 -1 -1 -1 1 
234 93 Car -1.000000 -1 -1 596.2561419198577 174.7024178752547 625.691732993089 199.84060298585217 -1 -1 -1 -1 -1 -1 -1 -1 1 
235 114 Car -1.000000 -1 -1 394.765809377055 181.30332322607023 445.4272097149552 216.70071484416405 -1 -1 -1 -1 -1 -1 -1 -1 1 
235 112 Car -1.000000 -1 -1 327.48016743838883 184.87705368850325 386.2172001565419 219.48430184877745 -1 -1 -1 -1 -1 -1 -1 -1 1 
235 93 Car -1.000000 -1 -1 595.9088660096039 175.52938275042052 625.8101891003074 200.8540420862552 -1 -1 -1 -1 -1 -1 -1 -1 1 
236 114 Car -1.000000 -1 -1 370.9591967885379 184.3815126602279 429.011022579858 223.03358421337 -1 -1 -1 -1 -1 -1 -1 -1 1 
236 112 Car -1.000000 -1 -1 302.02258988802305 187.141896330116 366.842499977291 225.09365588126704 -1 -1 -1 -1 -1 -1 -1 -1 1 
236 93 Car -1.000000 -1 -1 596.3691030698144 176.5678320187824 625.7581947273757 201.80878347985978 -1 -1 -1 -1 -1 -1 -1 -1 1 
237 115 Car -1.000000 -1 -1 470.24309757267287 181.46705363799234 497.7693237061878 203.99898730325705 -1 -1 -1 -1 -1 -1 -1 -1 1 
237 114 Car -1.000000 -1 -1 343.348067618138 186.96750952745154 406.4847549496327 228.91521857051558 -1 -1 -1 -1 -1 -1 -1 -1 1 
237 112 Car -1.000000 -1 -1 274.646713980205 190.09256781820875 345.19104070690156 230.3483260448594 -1 -1 -1 -1 -1 -1 -1 -1 1 
237 93 Car -1.000000 -1 -1 595.939116356013 177.23103343077153 625.1003484815877 202.52970050732526 -1 -1 -1 -1 -1 -1 -1 -1 1 
238 115 Car -1.000000 -1 -1 458.4810693889163 182.09588376798672 490.4400573010999 207.89841152752933 -1 -1 -1 -1 -1 -1 -1 -1 1 
238 114 Car -1.000000 -1 -1 308.50768249363455 188.63280406576285 383.85699624376457 235.72097422655554 -1 -1 -1 -1 -1 -1 -1 -1 1 
238 112 Car -1.000000 -1 -1 236.10912911964434 191.93628027541354 313.3747204701076 235.28535905476724 -1 -1 -1 -1 -1 -1 -1 -1 1 
238 93 Car -1.000000 -1 -1 595.7107901929576 177.36151935026095 624.8691654585077 202.8108323055182 -1 -1 -1 -1 -1 -1 -1 -1 1 
239 117 Car -1.000000 -1 -1 570.8560296436362 178.7186433952433 595.9422125193942 189.77038208426228 -1 -1 -1 -1 -1 -1 -1 -1 1 
239 115 Car -1.000000 -1 -1 448.72526889247104 181.9777196258711 484.01561947974074 210.4980342518607 -1 -1 -1 -1 -1 -1 -1 -1 1 
239 112 Car -1.000000 -1 -1 189.04616069484254 194.37112418227997 272.9497402860907 242.57748430555705 -1 -1 -1 -1 -1 -1 -1 -1 1 
239 93 Car -1.000000 -1 -1 595.6703551611254 177.35635048576546 624.566106441172 202.76760252087257 -1 -1 -1 -1 -1 -1 -1 -1 1 
240 117 Car -1.000000 -1 -1 570.7749029943416 178.01912738226903 596.6307727036979 189.64528316217283 -1 -1 -1 -1 -1 -1 -1 -1 1 
240 115 Car -1.000000 -1 -1 439.45610135922806 182.14160618476092 477.0117885718691 211.61505819611364 -1 -1 -1 -1 -1 -1 -1 -1 1 
240 112 Car -1.000000 -1 -1 148.59725804585045 195.47444942242728 270.44465828590967 256.2219304513679 -1 -1 -1 -1 -1 -1 -1 -1 1 
240 93 Car -1.000000 -1 -1 596.5718827017853 176.93572980201293 625.2442844251472 202.42120739741932 -1 -1 -1 -1 -1 -1 -1 -1 1 
241 115 Car -1.000000 -1 -1 425.3956934707337 181.86633227925645 466.17961250799715 213.29348168805356 -1 -1 -1 -1 -1 -1 -1 -1 1 
241 112 Car -1.000000 -1 -1 70.66029301801281 201.20260732700362 228.24723882109453 275.6528926629917 -1 -1 -1 -1 -1 -1 -1 -1 1 
241 93 Car -1.000000 -1 -1 596.7339783097609 176.31933245433774 625.341561919646 201.9507974117905 -1 -1 -1 -1 -1 -1 -1 -1 1 
242 115 Car -1.000000 -1 -1 413.17414624895383 181.81742042646886 457.89916082126234 215.35269646544066 -1 -1 -1 -1 -1 -1 -1 -1 1 
242 112 Car -1.000000 -1 -1 7.5535426875880205 208.5829230397232 165.84182173278833 293.33063493227405 -1 -1 -1 -1 -1 -1 -1 -1 1 
242 93 Car -1.000000 -1 -1 596.4550221075249 174.15884156196546 625.2344144620017 199.9751285171589 -1 -1 -1 -1 -1 -1 -1 -1 1 
243 115 Car -1.000000 -1 -1 395.16424533371946 184.23773512682928 444.4883870470014 220.26967140128457 -1 -1 -1 -1 -1 -1 -1 -1 1 
243 93 Car -1.000000 -1 -1 596.7943486385755 175.59617227657904 625.3286832880719 201.22447841292453 -1 -1 -1 -1 -1 -1 -1 -1 1 
244 115 Car -1.000000 -1 -1 372.08338098766774 187.2340953656483 428.2673839134825 225.85172117356794 -1 -1 -1 -1 -1 -1 -1 -1 1 
245 115 Car -1.000000 -1 -1 342.5593517698151 188.42054156307705 407.6986171963111 230.320577901523 -1 -1 -1 -1 -1 -1 -1 -1 1 
246 115 Car -1.000000 -1 -1 310.08093912328695 189.6256248489119 384.7681368641041 235.28679578694857 -1 -1 -1 -1 -1 -1 -1 -1 1 
247 115 Car -1.000000 -1 -1 265.36040133428264 192.6930727274488 353.1391224919586 244.75465026575824 -1 -1 -1 -1 -1 -1 -1 -1 1 
251 119 Car -1.000000 -1 -1 596.2932391144923 177.17381310763432 625.5147640206308 203.95411483962863 -1 -1 -1 -1 -1 -1 -1 -1 1 
252 119 Car -1.000000 -1 -1 596.251606215576 178.33092371184142 625.8033383935949 205.41585353072009 -1 -1 -1 -1 -1 -1 -1 -1 1 
253 119 Car -1.000000 -1 -1 595.8798125754032 179.15896030371712 625.9803865691707 206.71177742557032 -1 -1 -1 -1 -1 -1 -1 -1 1 
254 119 Car -1.000000 -1 -1 595.9397980539192 179.13421894954246 626.3992763575342 207.2223782661581 -1 -1 -1 -1 -1 -1 -1 -1 1 
255 119 Car -1.000000 -1 -1 596.2040312742558 178.9580949300811 626.7164748575951 207.39070828161235 -1 -1 -1 -1 -1 -1 -1 -1 1 
256 119 Car -1.000000 -1 -1 596.0588300018208 178.70011678514825 626.718054309265 206.7495338890349 -1 -1 -1 -1 -1 -1 -1 -1 1 
257 119 Car -1.000000 -1 -1 596.0575554591779 177.4767119193225 626.7646934140618 205.3950156292388 -1 -1 -1 -1 -1 -1 -1 -1 1 
258 119 Car -1.000000 -1 -1 595.7751213673047 173.73506482780434 626.8191455973375 202.1012286584279 -1 -1 -1 -1 -1 -1 -1 -1 1 
259 119 Car -1.000000 -1 -1 595.8410974661481 171.96541618817056 627.3576030345273 200.6212511718244 -1 -1 -1 -1 -1 -1 -1 -1 1 
260 119 Car -1.000000 -1 -1 595.7302195519421 171.38792558240416 627.6596347233171 200.15559292825108 -1 -1 -1 -1 -1 -1 -1 -1 1 
261 119 Car -1.000000 -1 -1 595.0992333035202 173.45529076615497 627.4165447413465 202.18387462902814 -1 -1 -1 -1 -1 -1 -1 -1 1 
262 119 Car -1.000000 -1 -1 594.4303947641081 175.52478544837015 626.9303592098418 204.17761881649307 -1 -1 -1 -1 -1 -1 -1 -1 1 
263 119 Car -1.000000 -1 -1 594.3770225273961 176.6801970906011 627.0533953259182 205.2590287776972 -1 -1 -1 -1 -1 -1 -1 -1 1 
264 119 Car -1.000000 -1 -1 592.9865281955509 175.58088801870764 626.7994793283434 204.36584088568668 -1 -1 -1 -1 -1 -1 -1 -1 1 
265 119 Car -1.000000 -1 -1 593.2741069605329 172.65225913700957 626.8580229040615 200.58395009644212 -1 -1 -1 -1 -1 -1 -1 -1 1 
266 119 Car -1.000000 -1 -1 594.0194239917616 170.7898121814385 626.1213148723307 196.5232003884588 -1 -1 -1 -1 -1 -1 -1 -1 1 
267 119 Car -1.000000 -1 -1 593.5704042198063 170.54551288837553 625.6009861124212 195.20352307154002 -1 -1 -1 -1 -1 -1 -1 -1 1 
268 119 Car -1.000000 -1 -1 592.4018324632543 171.27361750286858 624.7996408910526 197.26585430134085 -1 -1 -1 -1 -1 -1 -1 -1 1 
269 119 Car -1.000000 -1 -1 590.6030006944511 173.57679983520333 624.6657331004687 201.28545015321262 -1 -1 -1 -1 -1 -1 -1 -1 1 
270 119 Car -1.000000 -1 -1 590.6529266470808 177.07740960494797 624.792936655287 205.56852088246902 -1 -1 -1 -1 -1 -1 -1 -1 1 
271 119 Car -1.000000 -1 -1 590.7495239853665 179.98825148981715 625.7826723523567 209.57700890968775 -1 -1 -1 -1 -1 -1 -1 -1 1 
272 119 Car -1.000000 -1 -1 590.5447868661939 180.71061387531486 625.4819272899555 211.17391755547973 -1 -1 -1 -1 -1 -1 -1 -1 1 
273 119 Car -1.000000 -1 -1 589.2030893066685 179.12658896524573 624.3492904495467 209.875348822438 -1 -1 -1 -1 -1 -1 -1 -1 1 
274 119 Car -1.000000 -1 -1 588.4824646000242 178.55188455182596 623.8985948099697 209.4255269559607 -1 -1 -1 -1 -1 -1 -1 -1 1 
275 119 Car -1.000000 -1 -1 587.7399391819177 178.07064323230293 623.3064427334931 208.8252737134153 -1 -1 -1 -1 -1 -1 -1 -1 1 
276 119 Car -1.000000 -1 -1 586.9537111098703 177.03617419227086 622.2643811545915 207.37877276293008 -1 -1 -1 -1 -1 -1 -1 -1 1 
277 119 Car -1.000000 -1 -1 586.4768142870543 175.98939271338182 621.7097027596604 205.88540521990362 -1 -1 -1 -1 -1 -1 -1 -1 1 
278 119 Car -1.000000 -1 -1 586.5685728996248 175.29170885555232 620.9377026595344 205.09078460409864 -1 -1 -1 -1 -1 -1 -1 -1 1 
279 119 Car -1.000000 -1 -1 586.2106162439892 174.49927332692786 619.9752495894683 204.41281443086015 -1 -1 -1 -1 -1 -1 -1 -1 1 
280 119 Car -1.000000 -1 -1 585.4977452882093 172.54891428047156 619.367821367946 202.09362045854962 -1 -1 -1 -1 -1 -1 -1 -1 1 
281 119 Car -1.000000 -1 -1 584.5655508381526 173.24734244083197 618.8626037109718 202.94681304312206 -1 -1 -1 -1 -1 -1 -1 -1 1 
282 119 Car -1.000000 -1 -1 583.7919728898319 171.64465791468416 618.8918819984915 201.70447203202747 -1 -1 -1 -1 -1 -1 -1 -1 1 
283 119 Car -1.000000 -1 -1 583.7003713897186 170.79861338868946 619.3302637434697 200.83208651848705 -1 -1 -1 -1 -1 -1 -1 -1 1 
284 119 Car -1.000000 -1 -1 583.4300868898217 170.4120909614075 619.5968027798858 200.55252985269425 -1 -1 -1 -1 -1 -1 -1 -1 1 
285 119 Car -1.000000 -1 -1 583.6463675431404 170.3191618618647 620.2563257807886 200.37544502844122 -1 -1 -1 -1 -1 -1 -1 -1 1 
286 119 Car -1.000000 -1 -1 584.2310110112356 170.27610676695912 620.9350823479161 200.6355544003069 -1 -1 -1 -1 -1 -1 -1 -1 1 
288 125 Car -1.000000 -1 -1 2.3688334465649348 166.7190656078278 161.0774745247545 218.67860771880115 -1 -1 -1 -1 -1 -1 -1 -1 1 
289 125 Car -1.000000 -1 -1 -0.5689184819440101 168.42970556744757 154.74668473351852 218.16566279295205 -1 -1 -1 -1 -1 -1 -1 -1 1 
290 125 Car -1.000000 -1 -1 -2.1216035713298425 168.5597791846693 146.0590012221043 217.16376552307224 -1 -1 -1 -1 -1 -1 -1 -1 1 
291 125 Car -1.000000 -1 -1 -5.055994908878375 168.7522489212473 132.86837104252066 216.4030767375415 -1 -1 -1 -1 -1 -1 -1 -1 1 
292 125 Car -1.000000 -1 -1 -6.765805150278766 168.9238946041329 117.27031337336085 216.5885502369128 -1 -1 -1 -1 -1 -1 -1 -1 1 
293 125 Car -1.000000 -1 -1 -12.322758540095677 169.64101188457198 95.85699326585063 217.24345921518568 -1 -1 -1 -1 -1 -1 -1 -1 1 
294 125 Car -1.000000 -1 -1 -14.546951427196738 170.7447794258582 78.24371021302107 218.55545051368023 -1 -1 -1 -1 -1 -1 -1 -1 1 
295 126 Car -1.000000 -1 -1 586.0122935209602 170.7802475808683 624.9837178466867 201.7401924938204 -1 -1 -1 -1 -1 -1 -1 -1 1 
295 125 Car -1.000000 -1 -1 -15.116126803143736 167.75144356357637 62.797478900525796 217.11199033563994 -1 -1 -1 -1 -1 -1 -1 -1 1 
296 126 Car -1.000000 -1 -1 586.4604995082783 170.93711201684317 624.9438642112567 201.9888796478249 -1 -1 -1 -1 -1 -1 -1 -1 1 
297 126 Car -1.000000 -1 -1 586.3847966788218 170.84257035594334 625.9209993225037 202.290009048844 -1 -1 -1 -1 -1 -1 -1 -1 1 
300 126 Car -1.000000 -1 -1 588.6103084664365 171.37192862428356 625.5792611740368 201.22046608754778 -1 -1 -1 -1 -1 -1 -1 -1 1 
302 126 Car -1.000000 -1 -1 589.1416393713203 173.74613982921935 626.0478530283951 203.44018855100106 -1 -1 -1 -1 -1 -1 -1 -1 1 
304 126 Car -1.000000 -1 -1 590.0026305782308 175.4445598860285 625.8757119881884 205.05788579026577 -1 -1 -1 -1 -1 -1 -1 -1 1 
305 126 Car -1.000000 -1 -1 590.8484636419278 176.48529473532557 625.5916417611954 206.13901301585946 -1 -1 -1 -1 -1 -1 -1 -1 1 
306 126 Car -1.000000 -1 -1 591.7161254802371 176.6745498005725 625.5147993186575 206.42855183410973 -1 -1 -1 -1 -1 -1 -1 -1 1 
307 127 Car -1.000000 -1 -1 555.5294758893739 175.46270922322793 573.2471647551009 191.03320307370126 -1 -1 -1 -1 -1 -1 -1 -1 1 
307 126 Car -1.000000 -1 -1 591.3830335875604 176.45276290312262 625.246344919411 206.32626692810277 -1 -1 -1 -1 -1 -1 -1 -1 1 
308 127 Car -1.000000 -1 -1 554.2205224238797 175.62485074229727 572.9683208850173 191.51836256585278 -1 -1 -1 -1 -1 -1 -1 -1 1 
308 126 Car -1.000000 -1 -1 591.7397259559448 176.86894491927106 625.4279599052552 206.63813578473165 -1 -1 -1 -1 -1 -1 -1 -1 1 
309 127 Car -1.000000 -1 -1 552.357813223048 176.35038069407096 573.6629959548873 192.93983164451703 -1 -1 -1 -1 -1 -1 -1 -1 1 
309 126 Car -1.000000 -1 -1 591.9376345954576 177.99376185312147 625.0525444403801 207.59504896918165 -1 -1 -1 -1 -1 -1 -1 -1 1 
310 127 Car -1.000000 -1 -1 550.1005496512452 175.87755964721697 573.5504624247916 193.8941601284718 -1 -1 -1 -1 -1 -1 -1 -1 1 
310 126 Car -1.000000 -1 -1 591.6605522340086 180.40736877692507 624.9787238964067 209.8826907218172 -1 -1 -1 -1 -1 -1 -1 -1 1 
311 127 Car -1.000000 -1 -1 548.6475645548036 176.00582434621268 574.1178764733712 194.40726318169916 -1 -1 -1 -1 -1 -1 -1 -1 1 
311 126 Car -1.000000 -1 -1 592.003818480236 179.3988496015736 625.2193953152254 208.86895174495686 -1 -1 -1 -1 -1 -1 -1 -1 1 
312 126 Car -1.000000 -1 -1 591.873710259248 179.10286383853114 625.2293022241016 208.63200534270746 -1 -1 -1 -1 -1 -1 -1 -1 1 
