0 1 Car -1.000000 -1 -1 283.89331647610425 188.2654795100769 529.8454145872249 286.3154348451644 -1 -1 -1 -1 -1 -1 -1 -1 1 
1 1 Car -1.000000 -1 -1 211.61515436589755 186.7698970468069 483.6314739470421 296.41071479017387 -1 -1 -1 -1 -1 -1 -1 -1 1 
2 1 Car -1.000000 -1 -1 135.14729353280583 190.24592157560616 425.0035617633406 306.96037886164567 -1 -1 -1 -1 -1 -1 -1 -1 1 
3 1 Car -1.000000 -1 -1 48.33640313128268 193.86646699843897 351.10853207225233 318.39845015269583 -1 -1 -1 -1 -1 -1 -1 -1 1 
4 1 Car -1.000000 -1 -1 -14.078062264623753 197.19436758860743 306.62968594035317 333.7675084492755 -1 -1 -1 -1 -1 -1 -1 -1 1 
5 1 Car -1.000000 -1 -1 -41.8258479406537 205.7910666750928 258.27377950519775 347.42793048031297 -1 -1 -1 -1 -1 -1 -1 -1 1 
6 1 Car -1.000000 -1 -1 -58.437331011547116 210.97393177118266 188.85189188484418 347.6571488799622 -1 -1 -1 -1 -1 -1 -1 -1 1 
24 4 Car -1.000000 -1 -1 754.4063355297887 177.08249561457018 825.6957620909161 201.74086801057837 -1 -1 -1 -1 -1 -1 -1 -1 1 
25 4 Car -1.000000 -1 -1 743.4059672878545 177.0063793249461 811.3564392904011 200.97937070582768 -1 -1 -1 -1 -1 -1 -1 -1 1 
26 4 Car -1.000000 -1 -1 736.0833223775489 175.31436114772998 800.4554792594668 198.72871225848547 -1 -1 -1 -1 -1 -1 -1 -1 1 
27 4 Car -1.000000 -1 -1 726.6703300904393 174.5004270259867 789.1796250875576 197.85918978647362 -1 -1 -1 -1 -1 -1 -1 -1 1 
28 4 Car -1.000000 -1 -1 719.0734169510057 174.36801986504162 778.0597750601574 197.1768737992155 -1 -1 -1 -1 -1 -1 -1 -1 1 
29 4 Car -1.000000 -1 -1 709.3008014457779 174.65146958528607 765.0150255044038 196.96706756775245 -1 -1 -1 -1 -1 -1 -1 -1 1 
30 4 Car -1.000000 -1 -1 703.0752857988952 174.78713489408557 755.399218266767 196.27576368860917 -1 -1 -1 -1 -1 -1 -1 -1 1 
31 4 Car -1.000000 -1 -1 698.4521030066774 174.99714321193593 747.8734024409339 195.63379405264672 -1 -1 -1 -1 -1 -1 -1 -1 1 
32 4 Car -1.000000 -1 -1 697.9956539653467 175.29235582205416 741.8701610667802 194.99849770538304 -1 -1 -1 -1 -1 -1 -1 -1 1 
33 4 Car -1.000000 -1 -1 690.6663058872682 175.14195271448204 731.9796193497077 194.403252995307 -1 -1 -1 -1 -1 -1 -1 -1 1 
34 4 Car -1.000000 -1 -1 684.8320161800956 175.25534068429587 724.5287601171696 193.9982420457189 -1 -1 -1 -1 -1 -1 -1 -1 1 
35 4 Car -1.000000 -1 -1 680.8103458230755 175.3854350267682 718.7989696540103 193.5184057604092 -1 -1 -1 -1 -1 -1 -1 -1 1 
36 4 Car -1.000000 -1 -1 678.7884626114584 175.2518372549196 714.185671850801 193.0118221524937 -1 -1 -1 -1 -1 -1 -1 -1 1 
40 5 Car -1.000000 -1 -1 933.7197467437534 194.4615229806099 1228.176644143022 385.3891522545968 -1 -1 -1 -1 -1 -1 -1 -1 1 
41 5 Car -1.000000 -1 -1 898.4924127258496 186.82722514813258 1226.0079539971239 383.76296860362766 -1 -1 -1 -1 -1 -1 -1 -1 1 
42 5 Car -1.000000 -1 -1 855.9162762022412 183.4633814450896 1187.2806969209873 373.0413233566047 -1 -1 -1 -1 -1 -1 -1 -1 1 
43 5 Car -1.000000 -1 -1 820.6438286710346 179.44284159689192 1130.5899104374462 355.8713351373461 -1 -1 -1 -1 -1 -1 -1 -1 1 
43 4 Car -1.000000 -1 -1 662.1851500813386 176.08642397743532 682.6259846316702 189.49426461798097 -1 -1 -1 -1 -1 -1 -1 -1 1 
44 5 Car -1.000000 -1 -1 792.487940489613 176.46029459519534 1073.1656919294164 337.1260359321359 -1 -1 -1 -1 -1 -1 -1 -1 1 
44 4 Car -1.000000 -1 -1 660.8925760938644 176.00218613755592 681.0296393929011 189.22758492018775 -1 -1 -1 -1 -1 -1 -1 -1 1 
45 5 Car -1.000000 -1 -1 772.6187094433169 176.62296954634368 1027.103665186159 320.50236546291273 -1 -1 -1 -1 -1 -1 -1 -1 1 
45 4 Car -1.000000 -1 -1 656.1508288925223 176.2525448381129 675.4466533469252 189.00926064632006 -1 -1 -1 -1 -1 -1 -1 -1 1 
46 6 Car -1.000000 -1 -1 1039.0101468014602 178.63111724428148 1228.9816917611518 313.8802725219915 -1 -1 -1 -1 -1 -1 -1 -1 1 
46 5 Car -1.000000 -1 -1 760.121586776493 178.58726099202295 984.1486566629804 307.07095071530415 -1 -1 -1 -1 -1 -1 -1 -1 1 
46 4 Car -1.000000 -1 -1 653.0169399315198 176.0838361716293 672.4872188739446 188.67854568835628 -1 -1 -1 -1 -1 -1 -1 -1 1 
47 6 Car -1.000000 -1 -1 1012.5302722875964 176.3978187792619 1223.724516233328 302.76863088158234 -1 -1 -1 -1 -1 -1 -1 -1 1 
47 5 Car -1.000000 -1 -1 747.7519251420526 179.37099402064374 944.8274683894053 294.09816120933743 -1 -1 -1 -1 -1 -1 -1 -1 1 
47 4 Car -1.000000 -1 -1 651.2161491413054 176.12018554062175 670.8233291438547 188.3199169374606 -1 -1 -1 -1 -1 -1 -1 -1 1 
48 6 Car -1.000000 -1 -1 980.5127149152281 177.23113185010243 1194.794337698932 291.97433396172653 -1 -1 -1 -1 -1 -1 -1 -1 1 
48 5 Car -1.000000 -1 -1 738.5470972285975 181.41768187782665 911.4876072754669 283.45693068130765 -1 -1 -1 -1 -1 -1 -1 -1 1 
48 4 Car -1.000000 -1 -1 649.8985625916116 175.997228804898 668.779389845281 187.90613008633312 -1 -1 -1 -1 -1 -1 -1 -1 1 
49 6 Car -1.000000 -1 -1 947.2593507073647 177.09992501879293 1154.1233780038685 280.56041640140506 -1 -1 -1 -1 -1 -1 -1 -1 1 
49 5 Car -1.000000 -1 -1 734.5507225664782 181.8855305858937 883.9472515985557 272.02840313684624 -1 -1 -1 -1 -1 -1 -1 -1 1 
49 4 Car -1.000000 -1 -1 648.343826865031 176.1797936504469 666.0355034764626 187.8415422392305 -1 -1 -1 -1 -1 -1 -1 -1 1 
50 6 Car -1.000000 -1 -1 920.1167273871224 176.7012324343225 1116.3842414830701 271.05059541115685 -1 -1 -1 -1 -1 -1 -1 -1 1 
50 5 Car -1.000000 -1 -1 727.5334127939215 183.43423316750335 856.0005098779023 262.4487736085088 -1 -1 -1 -1 -1 -1 -1 -1 1 
51 6 Car -1.000000 -1 -1 898.1530949681694 175.77084527149913 1080.0320877270253 263.1309544612421 -1 -1 -1 -1 -1 -1 -1 -1 1 
51 5 Car -1.000000 -1 -1 721.710184882713 184.87843680970605 833.1140973002881 253.62502243492685 -1 -1 -1 -1 -1 -1 -1 -1 1 
52 6 Car -1.000000 -1 -1 882.2006854174655 176.20496674260986 1047.3181104554317 256.2034005800405 -1 -1 -1 -1 -1 -1 -1 -1 1 
52 5 Car -1.000000 -1 -1 718.0436687492476 187.20247293386407 813.3791964441469 246.3921557542956 -1 -1 -1 -1 -1 -1 -1 -1 1 
53 6 Car -1.000000 -1 -1 865.4368136092105 177.09068778354123 1015.8669750952556 250.24273068818712 -1 -1 -1 -1 -1 -1 -1 -1 1 
53 5 Car -1.000000 -1 -1 713.3066694996235 187.69356374402736 792.1297579487768 237.72089403507522 -1 -1 -1 -1 -1 -1 -1 -1 1 
54 6 Car -1.000000 -1 -1 853.0868800433733 177.8349490123216 990.0191737606693 245.13469682682728 -1 -1 -1 -1 -1 -1 -1 -1 1 
55 6 Car -1.000000 -1 -1 839.2755505854726 178.84624841756346 963.1939404768615 240.52493618329635 -1 -1 -1 -1 -1 -1 -1 -1 1 
56 6 Car -1.000000 -1 -1 830.2780484042909 179.68094707026358 941.2075573164483 235.88420646698432 -1 -1 -1 -1 -1 -1 -1 -1 1 
57 9 Car -1.000000 -1 -1 1055.9473402988692 175.4157315327709 1226.703277640484 313.0764115003139 -1 -1 -1 -1 -1 -1 -1 -1 1 
57 8 Car -1.000000 -1 -1 691.3948168863038 180.97807121962734 762.4479180290276 230.03846677513792 -1 -1 -1 -1 -1 -1 -1 -1 1 
57 6 Car -1.000000 -1 -1 822.542973600061 180.71321959562567 922.5036169644707 231.75003568624248 -1 -1 -1 -1 -1 -1 -1 -1 1 
58 9 Car -1.000000 -1 -1 1027.0042596566846 174.76004236246746 1223.4220405840592 295.0080163881276 -1 -1 -1 -1 -1 -1 -1 -1 1 
58 8 Car -1.000000 -1 -1 687.0325569286941 180.47974331191145 754.3428942281527 227.05144640303112 -1 -1 -1 -1 -1 -1 -1 -1 1 
58 6 Car -1.000000 -1 -1 815.5312852864222 181.02490686559815 904.8870095277975 227.4271659704819 -1 -1 -1 -1 -1 -1 -1 -1 1 
59 9 Car -1.000000 -1 -1 1002.0154826949195 171.87984792574338 1221.3638256469733 279.64971325332334 -1 -1 -1 -1 -1 -1 -1 -1 1 
59 8 Car -1.000000 -1 -1 680.9640915492179 178.89684213273569 743.980886513181 222.70108541371422 -1 -1 -1 -1 -1 -1 -1 -1 1 
59 6 Car -1.000000 -1 -1 804.8990002251776 181.58867417788213 886.0229673362148 224.14145069086845 -1 -1 -1 -1 -1 -1 -1 -1 1 
60 10 Car -1.000000 -1 -1 900.2011155441503 209.4282641981912 1233.4984985059066 380.6896507266375 -1 -1 -1 -1 -1 -1 -1 -1 1 
60 9 Car -1.000000 -1 -1 981.4797705264208 171.66823397832366 1219.4905836630446 263.2572611124755 -1 -1 -1 -1 -1 -1 -1 -1 1 
60 8 Car -1.000000 -1 -1 677.1503371199099 179.16361564767624 735.3043154452266 219.74850629298783 -1 -1 -1 -1 -1 -1 -1 -1 1 
60 6 Car -1.000000 -1 -1 797.6755558380598 182.85179556122344 869.9408194846128 221.29734015534163 -1 -1 -1 -1 -1 -1 -1 -1 1 
61 10 Car -1.000000 -1 -1 862.8675041506485 202.67606535265415 1229.1297317564881 380.69282343776376 -1 -1 -1 -1 -1 -1 -1 -1 1 
61 8 Car -1.000000 -1 -1 672.4647365863178 179.48889813090014 726.2134782664606 217.54385888769534 -1 -1 -1 -1 -1 -1 -1 -1 1 
61 6 Car -1.000000 -1 -1 791.7513566866063 182.67903932689836 855.762517017378 216.8601947070598 -1 -1 -1 -1 -1 -1 -1 -1 1 
62 10 Car -1.000000 -1 -1 834.0245266459624 192.66716690217493 1224.4535347485776 377.72866931986255 -1 -1 -1 -1 -1 -1 -1 -1 1 
62 8 Car -1.000000 -1 -1 669.1338353688265 179.40573126497313 719.7243512631381 215.1246786967869 -1 -1 -1 -1 -1 -1 -1 -1 1 
62 6 Car -1.000000 -1 -1 786.12753781625 182.96646763682307 842.1309127510335 213.02581845606798 -1 -1 -1 -1 -1 -1 -1 -1 1 
63 10 Car -1.000000 -1 -1 796.6387810461913 191.71273740255438 1172.5516662028244 375.3512491539593 -1 -1 -1 -1 -1 -1 -1 -1 1 
63 8 Car -1.000000 -1 -1 666.8136471170878 179.61564063210673 713.3446644032779 213.29928578240086 -1 -1 -1 -1 -1 -1 -1 -1 1 
64 10 Car -1.000000 -1 -1 765.8905218125243 189.45491669904635 1107.2966663790512 361.88352912887086 -1 -1 -1 -1 -1 -1 -1 -1 1 
64 8 Car -1.000000 -1 -1 663.76231980803 180.19496320726904 707.3840073655624 211.74048875025028 -1 -1 -1 -1 -1 -1 -1 -1 1 
65 11 Car -1.000000 -1 -1 883.3301771068188 187.47853144783724 1036.6053444388413 241.54634362582672 -1 -1 -1 -1 -1 -1 -1 -1 1 
65 10 Car -1.000000 -1 -1 743.7670450937428 186.3843926584872 1049.335582270163 345.6190748047849 -1 -1 -1 -1 -1 -1 -1 -1 1 
65 8 Car -1.000000 -1 -1 661.4161646059076 180.67867963666055 701.9345140532621 210.18138850305178 -1 -1 -1 -1 -1 -1 -1 -1 1 
66 12 Car -1.000000 -1 -1 751.6263263519397 179.54613173257576 806.0677863253418 212.1537515743919 -1 -1 -1 -1 -1 -1 -1 -1 1 
66 11 Car -1.000000 -1 -1 866.0580522024549 185.30695847778284 1006.0728287128237 240.63728338419017 -1 -1 -1 -1 -1 -1 -1 -1 1 
66 10 Car -1.000000 -1 -1 732.0092211517476 183.38050831227883 1001.5057882046356 328.8783937402094 -1 -1 -1 -1 -1 -1 -1 -1 1 
66 8 Car -1.000000 -1 -1 659.9877833619488 179.51744489808314 697.3687029913648 207.4031796978542 -1 -1 -1 -1 -1 -1 -1 -1 1 
67 12 Car -1.000000 -1 -1 747.0412329140493 178.53650427743042 798.5939101859744 210.16179870082624 -1 -1 -1 -1 -1 -1 -1 -1 1 
67 11 Car -1.000000 -1 -1 849.5481762566484 184.45703059914285 977.5666117973109 239.41402547437093 -1 -1 -1 -1 -1 -1 -1 -1 1 
67 10 Car -1.000000 -1 -1 720.1701000515353 183.38687885542 958.0315516309496 312.9947677812112 -1 -1 -1 -1 -1 -1 -1 -1 1 
67 8 Car -1.000000 -1 -1 658.690731022932 179.50986853994843 692.2660933669689 205.27189704851023 -1 -1 -1 -1 -1 -1 -1 -1 1 
68 12 Car -1.000000 -1 -1 742.5395330768685 178.87083541312677 793.0912442540233 211.6248237095786 -1 -1 -1 -1 -1 -1 -1 -1 1 
68 11 Car -1.000000 -1 -1 835.9027506604609 183.0192180781766 951.1757094575264 236.00633276755957 -1 -1 -1 -1 -1 -1 -1 -1 1 
68 10 Car -1.000000 -1 -1 713.6490449220898 184.39485110069853 920.7219060871712 298.2885893249789 -1 -1 -1 -1 -1 -1 -1 -1 1 
68 8 Car -1.000000 -1 -1 657.616194068633 179.57092450190783 688.7091284770573 203.86155362379606 -1 -1 -1 -1 -1 -1 -1 -1 1 
69 12 Car -1.000000 -1 -1 734.7410156017166 177.55276880924484 781.0712397130254 208.63737166675216 -1 -1 -1 -1 -1 -1 -1 -1 1 
69 11 Car -1.000000 -1 -1 823.9186624734137 181.8563685317538 928.9487412157365 232.7123472951451 -1 -1 -1 -1 -1 -1 -1 -1 1 
69 10 Car -1.000000 -1 -1 706.2875683003059 185.30484253781128 887.2598449507201 285.8004766496685 -1 -1 -1 -1 -1 -1 -1 -1 1 
69 8 Car -1.000000 -1 -1 656.5824273569042 179.890603135823 684.8080108819893 202.0515406815076 -1 -1 -1 -1 -1 -1 -1 -1 1 
70 12 Car -1.000000 -1 -1 729.1397625282848 176.76139468365008 772.8753218230752 206.64990163677552 -1 -1 -1 -1 -1 -1 -1 -1 1 
70 11 Car -1.000000 -1 -1 814.6818494541509 181.28154965481514 909.3270283475923 229.5234717176827 -1 -1 -1 -1 -1 -1 -1 -1 1 
70 10 Car -1.000000 -1 -1 701.4265824605529 184.81478533885007 858.9978454262039 273.28515895341815 -1 -1 -1 -1 -1 -1 -1 -1 1 
70 8 Car -1.000000 -1 -1 651.7467529222813 180.21931991471453 677.8211824808238 200.657718746903 -1 -1 -1 -1 -1 -1 -1 -1 1 
71 11 Car -1.000000 -1 -1 801.5755305227073 179.07510378706462 888.4719067870736 224.92715170550724 -1 -1 -1 -1 -1 -1 -1 -1 1 
71 10 Car -1.000000 -1 -1 699.2302500853391 185.93490230279053 834.5424565327849 263.4935666847471 -1 -1 -1 -1 -1 -1 -1 -1 1 
71 8 Car -1.000000 -1 -1 648.3804095320986 180.23814874679573 673.1697759371436 199.64463763461902 -1 -1 -1 -1 -1 -1 -1 -1 1 
72 11 Car -1.000000 -1 -1 790.3889403029224 178.8975383443137 870.0738881129813 222.12288559314445 -1 -1 -1 -1 -1 -1 -1 -1 1 
72 10 Car -1.000000 -1 -1 694.6417999525299 187.33360476702825 809.4024707073752 254.79918577033249 -1 -1 -1 -1 -1 -1 -1 -1 1 
73 11 Car -1.000000 -1 -1 782.6132726873399 178.75193464788921 854.7096660406527 219.13011712432987 -1 -1 -1 -1 -1 -1 -1 -1 1 
73 10 Car -1.000000 -1 -1 691.8763260165243 189.50085614008398 789.960491090069 246.69125855763926 -1 -1 -1 -1 -1 -1 -1 -1 1 
74 14 Car -1.000000 -1 -1 886.7304253794174 183.74281114815335 1236.701855028478 380.624103502225 -1 -1 -1 -1 -1 -1 -1 -1 1 
74 11 Car -1.000000 -1 -1 770.7174360669824 178.50099151353993 837.1454714553918 217.11329422214948 -1 -1 -1 -1 -1 -1 -1 -1 1 
74 10 Car -1.000000 -1 -1 690.7775346834425 189.9308072204726 771.7700371567943 238.26393398749317 -1 -1 -1 -1 -1 -1 -1 -1 1 
75 15 Car -1.000000 -1 -1 639.8307480350289 175.471174007171 666.1933607320431 197.55001013344804 -1 -1 -1 -1 -1 -1 -1 -1 1 
75 14 Car -1.000000 -1 -1 856.7354284774569 181.43150940156508 1232.610249967086 380.8720145040628 -1 -1 -1 -1 -1 -1 -1 -1 1 
75 11 Car -1.000000 -1 -1 760.881659719564 178.43106235588726 823.948239057528 214.63492040383727 -1 -1 -1 -1 -1 -1 -1 -1 1 
76 15 Car -1.000000 -1 -1 639.1575349108147 175.12235177736153 664.5103794371304 196.61727673676273 -1 -1 -1 -1 -1 -1 -1 -1 1 
76 14 Car -1.000000 -1 -1 829.7890587648313 178.6024960114292 1220.1311749423833 378.06606278433713 -1 -1 -1 -1 -1 -1 -1 -1 1 
76 11 Car -1.000000 -1 -1 752.5404535800617 178.67182532600964 811.682841315645 212.6425485595306 -1 -1 -1 -1 -1 -1 -1 -1 1 
77 15 Car -1.000000 -1 -1 638.411142895816 178.81683063652957 661.2505769426396 197.682465387295 -1 -1 -1 -1 -1 -1 -1 -1 1 
77 14 Car -1.000000 -1 -1 798.7778317280155 175.88644803268636 1165.6192296169245 361.4572741068384 -1 -1 -1 -1 -1 -1 -1 -1 1 
77 11 Car -1.000000 -1 -1 747.3103341110847 178.67763690535782 802.3170682958934 210.37923651353344 -1 -1 -1 -1 -1 -1 -1 -1 1 
78 18 Car -1.000000 -1 -1 668.250553621792 183.17104504041677 744.0635872291921 230.49642977142432 -1 -1 -1 -1 -1 -1 -1 -1 1 
78 15 Car -1.000000 -1 -1 637.084806058272 177.27545504634614 659.2879747210555 195.4223811289783 -1 -1 -1 -1 -1 -1 -1 -1 1 
78 14 Car -1.000000 -1 -1 770.9365455740973 172.81382143933723 1101.3236361266372 344.2156089390758 -1 -1 -1 -1 -1 -1 -1 -1 1 
78 11 Car -1.000000 -1 -1 740.7444777161967 178.78902993918618 793.2663433776335 208.4355988551682 -1 -1 -1 -1 -1 -1 -1 -1 1 
79 18 Car -1.000000 -1 -1 664.7842748842703 182.74403846026962 736.5568975623322 227.75450466105787 -1 -1 -1 -1 -1 -1 -1 -1 1 
79 15 Car -1.000000 -1 -1 636.1168554494988 176.86161605962653 657.6308237567188 194.2752165314602 -1 -1 -1 -1 -1 -1 -1 -1 1 
79 14 Car -1.000000 -1 -1 749.1060553269263 172.73763690524473 1044.316189636943 327.7173735214965 -1 -1 -1 -1 -1 -1 -1 -1 1 
79 11 Car -1.000000 -1 -1 733.1908289856179 178.54308418838957 780.7224869026205 206.2671519500512 -1 -1 -1 -1 -1 -1 -1 -1 1 
80 18 Car -1.000000 -1 -1 661.2857754124913 182.59234169235285 729.212211668494 225.24778932180246 -1 -1 -1 -1 -1 -1 -1 -1 1 
80 15 Car -1.000000 -1 -1 631.8130486146937 176.82662339137562 652.763930722584 194.0911421251942 -1 -1 -1 -1 -1 -1 -1 -1 1 
80 14 Car -1.000000 -1 -1 735.407912093458 173.04443566098178 995.6159375282643 312.2320880553081 -1 -1 -1 -1 -1 -1 -1 -1 1 
80 11 Car -1.000000 -1 -1 728.673094544504 178.3938525022079 773.9234439866932 204.55454956836286 -1 -1 -1 -1 -1 -1 -1 -1 1 
81 19 Car -1.000000 -1 -1 862.2456757338448 34.28190252095523 1206.0308312429386 273.8289245957284 -1 -1 -1 -1 -1 -1 -1 -1 1 
81 18 Car -1.000000 -1 -1 659.5952154193413 183.10567764522256 722.5256146160037 222.84059385491065 -1 -1 -1 -1 -1 -1 -1 -1 1 
81 15 Car -1.000000 -1 -1 630.3858004425097 176.84184175162667 650.2859704372656 193.59151053840938 -1 -1 -1 -1 -1 -1 -1 -1 1 
81 14 Car -1.000000 -1 -1 723.768915973292 174.04120578148127 949.3050126864982 298.12387882301914 -1 -1 -1 -1 -1 -1 -1 -1 1 
81 11 Car -1.000000 -1 -1 724.6947303180497 178.39274563596956 767.364349389943 202.98153942437386 -1 -1 -1 -1 -1 -1 -1 -1 1 
82 19 Car -1.000000 -1 -1 853.0549484924725 47.85526619264614 1163.5102926002965 267.7696876937326 -1 -1 -1 -1 -1 -1 -1 -1 1 
82 18 Car -1.000000 -1 -1 657.6568609568708 181.98414470376596 716.1954918395577 219.10854167232506 -1 -1 -1 -1 -1 -1 -1 -1 1 
82 15 Car -1.000000 -1 -1 628.919428185429 176.90718159727294 648.3245256775939 192.75721915686194 -1 -1 -1 -1 -1 -1 -1 -1 1 
82 14 Car -1.000000 -1 -1 717.5647537489752 174.18368330087094 911.9181507609716 284.19517974701785 -1 -1 -1 -1 -1 -1 -1 -1 1 
82 11 Car -1.000000 -1 -1 721.2138755389881 178.65850749303254 760.8311929241045 201.32844355599033 -1 -1 -1 -1 -1 -1 -1 -1 1 
83 19 Car -1.000000 -1 -1 844.0403033476616 62.76635460542688 1118.1866868039513 258.10604550401206 -1 -1 -1 -1 -1 -1 -1 -1 1 
83 18 Car -1.000000 -1 -1 656.2003177204163 181.72573259931596 711.8007249769744 216.64333849229422 -1 -1 -1 -1 -1 -1 -1 -1 1 
83 15 Car -1.000000 -1 -1 627.6384023481157 177.26757044609036 646.541169912023 192.05637914192312 -1 -1 -1 -1 -1 -1 -1 -1 1 
83 14 Car -1.000000 -1 -1 712.9317744128407 177.2350970940311 879.3767376947076 272.5926456845739 -1 -1 -1 -1 -1 -1 -1 -1 1 
83 11 Car -1.000000 -1 -1 714.6359481435925 179.28383769199417 750.9760514395161 200.50213908070157 -1 -1 -1 -1 -1 -1 -1 -1 1 
84 19 Car -1.000000 -1 -1 824.7551340026125 74.76352320493051 1067.3002257735118 251.02308135399556 -1 -1 -1 -1 -1 -1 -1 -1 1 
84 18 Car -1.000000 -1 -1 655.0342033093598 181.37755265269496 707.0736357762694 214.48047415001892 -1 -1 -1 -1 -1 -1 -1 -1 1 
84 15 Car -1.000000 -1 -1 626.4274689061513 177.39440653145925 644.8567832361766 191.59864563891858 -1 -1 -1 -1 -1 -1 -1 -1 1 
84 14 Car -1.000000 -1 -1 709.2066282434612 180.04049027501844 851.51700307695 262.7799746181307 -1 -1 -1 -1 -1 -1 -1 -1 1 
84 11 Car -1.000000 -1 -1 710.7236576465276 179.72406671224655 742.5691680889432 199.11014809244108 -1 -1 -1 -1 -1 -1 -1 -1 1 
85 19 Car -1.000000 -1 -1 816.3265765403811 84.94294821641199 1032.2136975822698 244.15602404168726 -1 -1 -1 -1 -1 -1 -1 -1 1 
85 18 Car -1.000000 -1 -1 653.37612339905 181.34089741639025 700.8563596811967 212.83870293978703 -1 -1 -1 -1 -1 -1 -1 -1 1 
85 15 Car -1.000000 -1 -1 625.5328406969483 178.05735012123728 642.6966138047015 191.19721652300348 -1 -1 -1 -1 -1 -1 -1 -1 1 
85 14 Car -1.000000 -1 -1 707.9027075388929 182.94991413703852 826.0094405997258 253.25644807092905 -1 -1 -1 -1 -1 -1 -1 -1 1 
86 19 Car -1.000000 -1 -1 807.682513066588 92.43787687869496 999.9730195733353 236.37162393248718 -1 -1 -1 -1 -1 -1 -1 -1 1 
86 18 Car -1.000000 -1 -1 652.4419160574237 181.28067082529506 696.2324547513044 211.21430543113533 -1 -1 -1 -1 -1 -1 -1 -1 1 
86 15 Car -1.000000 -1 -1 625.2584266576404 178.50363006564191 641.1890633602333 190.92306625733482 -1 -1 -1 -1 -1 -1 -1 -1 1 
86 14 Car -1.000000 -1 -1 703.8682742171468 184.43386490137917 800.9419175357152 243.19900938587202 -1 -1 -1 -1 -1 -1 -1 -1 1 
87 19 Car -1.000000 -1 -1 800.2266554201913 99.28813016793868 971.9939532827862 229.70395128758264 -1 -1 -1 -1 -1 -1 -1 -1 1 
87 18 Car -1.000000 -1 -1 651.0093181723995 181.79204473310915 691.6891443459432 210.0164170617483 -1 -1 -1 -1 -1 -1 -1 -1 1 
88 21 Car -1.000000 -1 -1 960.1905669001898 178.74663263022396 1032.9737012177713 213.05150354635558 -1 -1 -1 -1 -1 -1 -1 -1 1 
88 19 Car -1.000000 -1 -1 794.6309091318233 106.13031345215728 947.890750971146 223.98653770625998 -1 -1 -1 -1 -1 -1 -1 -1 1 
88 18 Car -1.000000 -1 -1 646.2349225290895 182.32230063483917 684.7188138181828 208.84817852457695 -1 -1 -1 -1 -1 -1 -1 -1 1 
89 21 Car -1.000000 -1 -1 944.2155627524596 178.69605647055522 1021.0665679541182 211.55992567113083 -1 -1 -1 -1 -1 -1 -1 -1 1 
89 19 Car -1.000000 -1 -1 783.4204691399459 112.40471956234524 920.3108452538154 219.23056858835338 -1 -1 -1 -1 -1 -1 -1 -1 1 
89 18 Car -1.000000 -1 -1 644.1768620119441 183.49111864597046 679.3282794314661 207.77290228545968 -1 -1 -1 -1 -1 -1 -1 -1 1 
90 24 Car -1.000000 -1 -1 897.6228804194983 157.85156947708666 1235.6770187302877 384.39423800280895 -1 -1 -1 -1 -1 -1 -1 -1 1 
90 23 Car -1.000000 -1 -1 680.8677477858545 178.38771910793577 766.0620317257063 231.46552133848348 -1 -1 -1 -1 -1 -1 -1 -1 1 
90 21 Car -1.000000 -1 -1 925.470091353098 178.87533891564993 1006.5432513944979 210.34951281168253 -1 -1 -1 -1 -1 -1 -1 -1 1 
90 19 Car -1.000000 -1 -1 775.1028937874646 118.41683648198824 896.5220537907467 213.22513988595705 -1 -1 -1 -1 -1 -1 -1 -1 1 
90 18 Car -1.000000 -1 -1 642.7569558676526 182.43659581226078 675.2100996778963 204.81019333594512 -1 -1 -1 -1 -1 -1 -1 -1 1 
90 15 Car -1.000000 -1 -1 624.9537318389359 179.01646443599097 641.3052370182902 189.72003455145617 -1 -1 -1 -1 -1 -1 -1 -1 1 
91 24 Car -1.000000 -1 -1 865.6445158456027 158.58039327428725 1226.693738677222 385.85665498862653 -1 -1 -1 -1 -1 -1 -1 -1 1 
91 23 Car -1.000000 -1 -1 673.9858676938078 178.61891982309845 753.5397419526577 227.93009835519933 -1 -1 -1 -1 -1 -1 -1 -1 1 
91 18 Car -1.000000 -1 -1 641.1628042535607 182.25003055526838 672.6666987846737 203.34402382399816 -1 -1 -1 -1 -1 -1 -1 -1 1 
92 24 Car -1.000000 -1 -1 839.4330862836088 155.90256768424396 1219.9733993610903 383.7431076947206 -1 -1 -1 -1 -1 -1 -1 -1 1 
92 23 Car -1.000000 -1 -1 669.905141208179 177.1051642781474 743.8069690440243 223.96220426639542 -1 -1 -1 -1 -1 -1 -1 -1 1 
92 18 Car -1.000000 -1 -1 639.9536334987212 182.03696232148536 669.8108327525955 201.83811799065455 -1 -1 -1 -1 -1 -1 -1 -1 1 
93 24 Car -1.000000 -1 -1 806.5085433421935 157.35833772277806 1172.0704012369042 371.2940107228916 -1 -1 -1 -1 -1 -1 -1 -1 1 
93 23 Car -1.000000 -1 -1 667.4678426924079 177.5621457208617 734.3618622745607 220.77254243121448 -1 -1 -1 -1 -1 -1 -1 -1 1 
93 18 Car -1.000000 -1 -1 638.7820800591583 181.8209958652106 666.5802840310876 200.5634943965057 -1 -1 -1 -1 -1 -1 -1 -1 1 
94 25 Car -1.000000 -1 -1 734.8355776072133 113.33396045598924 865.1925992643226 220.1947123698904 -1 -1 -1 -1 -1 -1 -1 -1 1 
94 24 Car -1.000000 -1 -1 778.3429140443255 156.99770199261263 1111.2854156870176 351.4341965706502 -1 -1 -1 -1 -1 -1 -1 -1 1 
94 23 Car -1.000000 -1 -1 668.1272453294661 178.56301181247255 727.782131201716 218.36794635558107 -1 -1 -1 -1 -1 -1 -1 -1 1 
94 18 Car -1.000000 -1 -1 637.7686795105028 182.20655867087717 663.5547804417893 199.85000153953078 -1 -1 -1 -1 -1 -1 -1 -1 1 
95 25 Car -1.000000 -1 -1 730.7575070894231 114.06482408228935 861.3419436622971 218.35643675203414 -1 -1 -1 -1 -1 -1 -1 -1 1 
95 24 Car -1.000000 -1 -1 758.7230822584818 158.4195602316829 1054.9972117158081 332.2267557636944 -1 -1 -1 -1 -1 -1 -1 -1 1 
95 23 Car -1.000000 -1 -1 665.4526586684758 179.053610127274 718.9311065639329 215.3344523412337 -1 -1 -1 -1 -1 -1 -1 -1 1 
95 18 Car -1.000000 -1 -1 637.2878452240132 183.1026620187885 660.1874702369823 198.9638197811345 -1 -1 -1 -1 -1 -1 -1 -1 1 
96 25 Car -1.000000 -1 -1 725.9683037891516 119.36835584008185 843.8004208928749 215.26193117031187 -1 -1 -1 -1 -1 -1 -1 -1 1 
96 24 Car -1.000000 -1 -1 745.2658282930055 160.53907131885313 1006.2511836320513 315.9864688546386 -1 -1 -1 -1 -1 -1 -1 -1 1 
96 23 Car -1.000000 -1 -1 664.0923902081915 179.01702094827917 713.0872679934882 212.73752392581403 -1 -1 -1 -1 -1 -1 -1 -1 1 
97 25 Car -1.000000 -1 -1 716.2705810234919 121.29764910566368 833.4623528370322 214.59804802001477 -1 -1 -1 -1 -1 -1 -1 -1 1 
97 24 Car -1.000000 -1 -1 733.353720839539 163.66861700189727 961.0487757126458 301.90778601746126 -1 -1 -1 -1 -1 -1 -1 -1 1 
97 23 Car -1.000000 -1 -1 662.6833910108746 179.27861285380882 707.1244736868878 210.6700682802696 -1 -1 -1 -1 -1 -1 -1 -1 1 
98 25 Car -1.000000 -1 -1 715.375794709175 124.65613011244906 820.4699413268162 210.03272670894253 -1 -1 -1 -1 -1 -1 -1 -1 1 
98 24 Car -1.000000 -1 -1 725.0125422130783 166.53086337980778 924.7546840353101 288.3214965270101 -1 -1 -1 -1 -1 -1 -1 -1 1 
98 23 Car -1.000000 -1 -1 660.1385012223493 178.7491636740023 700.1983932795449 207.77773750803405 -1 -1 -1 -1 -1 -1 -1 -1 1 
99 26 Car -1.000000 -1 -1 630.1966585690315 180.81854998886968 654.8222989361981 198.4983599505233 -1 -1 -1 -1 -1 -1 -1 -1 1 
99 25 Car -1.000000 -1 -1 711.2614082828782 128.27529961729206 807.0329873038997 207.31252860173586 -1 -1 -1 -1 -1 -1 -1 -1 1 
99 24 Car -1.000000 -1 -1 719.3800665171032 169.8991926495676 890.5966854679243 275.8981646301106 -1 -1 -1 -1 -1 -1 -1 -1 1 
99 23 Car -1.000000 -1 -1 658.1241048183002 178.93415588507068 695.0169017435395 205.59035066392207 -1 -1 -1 -1 -1 -1 -1 -1 1 
100 27 Car -1.000000 -1 -1 902.3937401959186 196.99049202870327 1232.588573948057 382.33789336414696 -1 -1 -1 -1 -1 -1 -1 -1 1 
100 26 Car -1.000000 -1 -1 627.3169043937795 178.01205411264954 651.8490858127446 196.04332663795805 -1 -1 -1 -1 -1 -1 -1 -1 1 
100 25 Car -1.000000 -1 -1 709.0551427156855 130.75508280865537 797.125790936398 204.06213370918314 -1 -1 -1 -1 -1 -1 -1 -1 1 
100 24 Car -1.000000 -1 -1 715.8608411914574 172.99684458673818 862.6216850151545 264.2410666223416 -1 -1 -1 -1 -1 -1 -1 -1 1 
100 23 Car -1.000000 -1 -1 656.641367023972 179.14145523793468 689.4867069866166 203.47091109317455 -1 -1 -1 -1 -1 -1 -1 -1 1 
101 27 Car -1.000000 -1 -1 871.7557363234671 190.1554498052705 1233.334119729365 380.73052737852737 -1 -1 -1 -1 -1 -1 -1 -1 1 
101 24 Car -1.000000 -1 -1 713.0691730303214 175.59151122223759 835.2841507841462 252.49344198065617 -1 -1 -1 -1 -1 -1 -1 -1 1 
101 23 Car -1.000000 -1 -1 655.9101734016403 179.57820319336676 685.0732986853595 201.83919784825852 -1 -1 -1 -1 -1 -1 -1 -1 1 
102 28 Car -1.000000 -1 -1 841.0522336965696 177.5680271844264 911.8293980950114 207.03745472493495 -1 -1 -1 -1 -1 -1 -1 -1 1 
102 27 Car -1.000000 -1 -1 827.7691066617265 187.59659806701862 1174.1683685195912 372.43297183998914 -1 -1 -1 -1 -1 -1 -1 -1 1 
102 24 Car -1.000000 -1 -1 712.3141014857549 179.1313461982914 813.4347078798603 243.4942257359 -1 -1 -1 -1 -1 -1 -1 -1 1 
103 28 Car -1.000000 -1 -1 835.5066832157903 177.448404479742 905.4776609849251 205.70618747558723 -1 -1 -1 -1 -1 -1 -1 -1 1 
103 27 Car -1.000000 -1 -1 790.5474363136541 183.65291592562474 1105.2944411566812 352.59468606821224 -1 -1 -1 -1 -1 -1 -1 -1 1 
103 24 Car -1.000000 -1 -1 709.3842369017239 183.46501150459366 789.879138444513 235.51847616519998 -1 -1 -1 -1 -1 -1 -1 -1 1 
104 28 Car -1.000000 -1 -1 832.6087322402184 176.9216159672096 901.9089045372302 202.81902376978152 -1 -1 -1 -1 -1 -1 -1 -1 1 
104 27 Car -1.000000 -1 -1 766.7115204555811 179.57454097692482 1045.6236616491533 332.8013279442224 -1 -1 -1 -1 -1 -1 -1 -1 1 
104 26 Car -1.000000 -1 -1 623.6379125109447 176.64291914863267 647.0438545886198 194.34247301462406 -1 -1 -1 -1 -1 -1 -1 -1 1 
105 30 Car -1.000000 -1 -1 642.5930053240446 175.73473616349017 671.5981565953981 196.74520481625765 -1 -1 -1 -1 -1 -1 -1 -1 1 
105 29 Car -1.000000 -1 -1 1018.3013554190999 174.2557796405737 1224.619902283387 318.9240419106094 -1 -1 -1 -1 -1 -1 -1 -1 1 
105 27 Car -1.000000 -1 -1 751.4107947212374 178.00910915793867 996.5633628851419 315.28670722548617 -1 -1 -1 -1 -1 -1 -1 -1 1 
105 26 Car -1.000000 -1 -1 622.9060252065506 176.62994773805613 645.0777693821276 194.02675587175244 -1 -1 -1 -1 -1 -1 -1 -1 1 
106 30 Car -1.000000 -1 -1 641.4986438761766 175.56268845736474 668.9616669903157 195.61002767531397 -1 -1 -1 -1 -1 -1 -1 -1 1 
106 29 Car -1.000000 -1 -1 989.9481291140698 172.70716987517025 1222.5063090491728 306.3619203454267 -1 -1 -1 -1 -1 -1 -1 -1 1 
106 27 Car -1.000000 -1 -1 734.4265398570833 178.08084992886313 950.1573343686973 300.03855919437154 -1 -1 -1 -1 -1 -1 -1 -1 1 
106 26 Car -1.000000 -1 -1 622.1494470983715 176.75334932652402 642.2913111311501 193.3141380160127 -1 -1 -1 -1 -1 -1 -1 -1 1 
107 31 Car -1.000000 -1 -1 684.7870717090137 173.39468644598082 765.6404789195991 227.24993458333722 -1 -1 -1 -1 -1 -1 -1 -1 1 
107 30 Car -1.000000 -1 -1 640.0300994697589 175.2126108600892 667.2224328250109 195.76310555951122 -1 -1 -1 -1 -1 -1 -1 -1 1 
107 29 Car -1.000000 -1 -1 955.346101339626 173.12356462575053 1199.2444853196043 293.5461982415044 -1 -1 -1 -1 -1 -1 -1 -1 1 
107 27 Car -1.000000 -1 -1 726.0531188235522 179.97949225302702 912.088673170448 287.2760610219967 -1 -1 -1 -1 -1 -1 -1 -1 1 
108 31 Car -1.000000 -1 -1 677.2151878760503 173.98707756002992 751.0865071820299 223.83220945181475 -1 -1 -1 -1 -1 -1 -1 -1 1 
108 30 Car -1.000000 -1 -1 637.699706733419 175.4309920825112 664.3171306279429 195.99310556217128 -1 -1 -1 -1 -1 -1 -1 -1 1 
108 29 Car -1.000000 -1 -1 922.4219479938872 172.9551332859616 1156.80839583605 281.9100286662128 -1 -1 -1 -1 -1 -1 -1 -1 1 
108 27 Car -1.000000 -1 -1 720.0930396657187 180.57730920670843 880.1567841377956 274.34722317901236 -1 -1 -1 -1 -1 -1 -1 -1 1 
109 31 Car -1.000000 -1 -1 671.4402636312926 157.51546613551739 748.3493536588941 216.4002078801874 -1 -1 -1 -1 -1 -1 -1 -1 1 
109 30 Car -1.000000 -1 -1 635.792089362438 175.5461729177513 662.1633325083492 195.91056838481458 -1 -1 -1 -1 -1 -1 -1 -1 1 
109 29 Car -1.000000 -1 -1 893.274608742967 173.243216880452 1115.4970543575405 272.2242149995777 -1 -1 -1 -1 -1 -1 -1 -1 1 
109 27 Car -1.000000 -1 -1 715.9056765613559 182.2488109512837 852.1689729093366 263.597594855809 -1 -1 -1 -1 -1 -1 -1 -1 1 
110 31 Car -1.000000 -1 -1 668.1121024845119 166.5628418942378 738.5788016510888 220.16933433208618 -1 -1 -1 -1 -1 -1 -1 -1 1 
110 30 Car -1.000000 -1 -1 634.6058113697899 175.50333039947512 660.5626915856095 195.40193982640406 -1 -1 -1 -1 -1 -1 -1 -1 1 
110 29 Car -1.000000 -1 -1 871.9943629057481 173.95003022766429 1075.8342668878543 263.4930174804474 -1 -1 -1 -1 -1 -1 -1 -1 1 
110 27 Car -1.000000 -1 -1 712.9199920119419 184.40388081389546 829.2793479377166 253.90253560273294 -1 -1 -1 -1 -1 -1 -1 -1 1 
111 31 Car -1.000000 -1 -1 664.1610868176394 155.07538982618127 736.0909320903354 214.2416451809459 -1 -1 -1 -1 -1 -1 -1 -1 1 
111 30 Car -1.000000 -1 -1 629.3729465616218 175.21831740566344 655.1339956944141 194.75883498262706 -1 -1 -1 -1 -1 -1 -1 -1 1 
111 29 Car -1.000000 -1 -1 852.7729973129814 175.25481245955928 1040.1187671353161 256.19111338914774 -1 -1 -1 -1 -1 -1 -1 -1 1 
111 27 Car -1.000000 -1 -1 711.7184205867073 185.16959683307894 807.62604307924 243.2490076835168 -1 -1 -1 -1 -1 -1 -1 -1 1 
112 34 Car -1.000000 -1 -1 810.7805545751334 176.37788531385405 872.4292497203436 204.10037053544744 -1 -1 -1 -1 -1 -1 -1 -1 1 
112 31 Car -1.000000 -1 -1 664.0401492678172 165.266306383703 729.110287744342 217.4628701250602 -1 -1 -1 -1 -1 -1 -1 -1 1 
112 30 Car -1.000000 -1 -1 626.584017655829 174.9682800545573 652.1987086834786 194.16854892070094 -1 -1 -1 -1 -1 -1 -1 -1 1 
112 29 Car -1.000000 -1 -1 840.2303973243276 176.07577831898837 1007.2675621250866 249.44738173156443 -1 -1 -1 -1 -1 -1 -1 -1 1 
112 27 Car -1.000000 -1 -1 707.880656609736 187.1884101545422 786.9219619291669 235.16896136112067 -1 -1 -1 -1 -1 -1 -1 -1 1 
113 34 Car -1.000000 -1 -1 808.7677058527483 176.78757394322034 868.9124994157903 202.74189739513926 -1 -1 -1 -1 -1 -1 -1 -1 1 
113 31 Car -1.000000 -1 -1 661.7997219475246 155.74697811287177 724.1800546536547 210.95087085258683 -1 -1 -1 -1 -1 -1 -1 -1 1 
113 30 Car -1.000000 -1 -1 625.2077713222662 174.9672500545335 650.896462476772 193.82350909374645 -1 -1 -1 -1 -1 -1 -1 -1 1 
113 29 Car -1.000000 -1 -1 825.7346140443289 176.8370394162579 976.3452789062718 243.5200318653642 -1 -1 -1 -1 -1 -1 -1 -1 1 
114 34 Car -1.000000 -1 -1 803.0629932875772 177.29139414319857 860.3905603714775 202.23546403203605 -1 -1 -1 -1 -1 -1 -1 -1 1 
114 31 Car -1.000000 -1 -1 659.7716988441935 151.38412729661758 719.636486900984 208.83176894273043 -1 -1 -1 -1 -1 -1 -1 -1 1 
114 30 Car -1.000000 -1 -1 623.1034962239147 174.5407132227951 649.1606062018658 193.51802731635883 -1 -1 -1 -1 -1 -1 -1 -1 1 
114 29 Car -1.000000 -1 -1 815.850849544437 177.6601301351031 951.5000075757154 238.43860527209551 -1 -1 -1 -1 -1 -1 -1 -1 1 
115 34 Car -1.000000 -1 -1 801.0074644887889 178.9491351896244 850.8733058120026 202.21161362003542 -1 -1 -1 -1 -1 -1 -1 -1 1 
115 31 Car -1.000000 -1 -1 658.4890989245173 149.5109568862888 715.8932329101033 207.88597922033512 -1 -1 -1 -1 -1 -1 -1 -1 1 
115 30 Car -1.000000 -1 -1 622.1197683287165 174.87613289032748 647.3427666556212 193.27173751894247 -1 -1 -1 -1 -1 -1 -1 -1 1 
115 29 Car -1.000000 -1 -1 808.8662754911556 178.2932304673698 928.664124907028 233.6837297213199 -1 -1 -1 -1 -1 -1 -1 -1 1 
116 35 Car -1.000000 -1 -1 686.6727663198681 180.14160509475744 760.4183860357468 229.75954637879437 -1 -1 -1 -1 -1 -1 -1 -1 1 
116 31 Car -1.000000 -1 -1 654.4278939742193 162.31636259561378 709.469878220376 211.33333621634176 -1 -1 -1 -1 -1 -1 -1 -1 1 
116 30 Car -1.000000 -1 -1 621.9152731298132 174.82952324210788 646.0871239775338 192.6742982362195 -1 -1 -1 -1 -1 -1 -1 -1 1 
116 29 Car -1.000000 -1 -1 798.8906747873717 179.21676161344894 905.394473816072 229.13058917743442 -1 -1 -1 -1 -1 -1 -1 -1 1 
117 35 Car -1.000000 -1 -1 684.3864495718312 180.4447426780913 753.2915248107383 227.20088675059492 -1 -1 -1 -1 -1 -1 -1 -1 1 
117 31 Car -1.000000 -1 -1 652.5843777006063 167.67986233115485 702.5811830617394 210.58355394262665 -1 -1 -1 -1 -1 -1 -1 -1 1 
117 30 Car -1.000000 -1 -1 621.6602773559533 175.15629347338847 644.3746382289856 192.28297888789092 -1 -1 -1 -1 -1 -1 -1 -1 1 
117 29 Car -1.000000 -1 -1 792.7840921755209 179.9444067934469 886.5374473876594 225.11060538700764 -1 -1 -1 -1 -1 -1 -1 -1 1 
118 35 Car -1.000000 -1 -1 678.4811715736259 179.27103417217475 742.1710989172018 222.69957601089888 -1 -1 -1 -1 -1 -1 -1 -1 1 
118 31 Car -1.000000 -1 -1 652.0410938294134 170.8817850238924 697.4477364806538 209.3553357532847 -1 -1 -1 -1 -1 -1 -1 -1 1 
118 30 Car -1.000000 -1 -1 622.8087411262878 175.85955152316626 643.9273734623861 191.8606621268583 -1 -1 -1 -1 -1 -1 -1 -1 1 
118 29 Car -1.000000 -1 -1 787.0542635003914 179.72976155443078 869.2160027688141 220.26023414937308 -1 -1 -1 -1 -1 -1 -1 -1 1 
119 35 Car -1.000000 -1 -1 675.5771112743563 179.48288649673754 732.9509058045747 219.4671646606522 -1 -1 -1 -1 -1 -1 -1 -1 1 
119 30 Car -1.000000 -1 -1 621.1995133794884 175.9078656092266 641.7491925322846 191.35965982692673 -1 -1 -1 -1 -1 -1 -1 -1 1 
119 29 Car -1.000000 -1 -1 781.5229927778322 180.457607828005 854.0356601773975 216.2915573592701 -1 -1 -1 -1 -1 -1 -1 -1 1 
120 35 Car -1.000000 -1 -1 673.3768331573178 179.6461410874582 725.581296877863 216.82648564977836 -1 -1 -1 -1 -1 -1 -1 -1 1 
120 30 Car -1.000000 -1 -1 619.7973745158193 175.6006433478282 639.8936249642278 190.70703346498996 -1 -1 -1 -1 -1 -1 -1 -1 1 
120 29 Car -1.000000 -1 -1 778.5080158868822 181.3825922875775 841.7479032304387 212.98456282755177 -1 -1 -1 -1 -1 -1 -1 -1 1 
121 35 Car -1.000000 -1 -1 672.1455190631879 179.8506951161955 720.2672445864067 214.51802145036598 -1 -1 -1 -1 -1 -1 -1 -1 1 
121 30 Car -1.000000 -1 -1 620.7222432210735 175.82146942046086 640.7320041265293 190.50984381234866 -1 -1 -1 -1 -1 -1 -1 -1 1 
122 35 Car -1.000000 -1 -1 668.2621031899837 180.4447292406409 712.0504647489124 212.74468184965284 -1 -1 -1 -1 -1 -1 -1 -1 1 
122 31 Car -1.000000 -1 -1 644.6884222388395 176.19198191182724 674.1718235893235 201.73672826525475 -1 -1 -1 -1 -1 -1 -1 -1 1 
122 30 Car -1.000000 -1 -1 622.0235242502733 175.92157634227678 640.6602736201551 189.994011131596 -1 -1 -1 -1 -1 -1 -1 -1 1 
123 35 Car -1.000000 -1 -1 665.9300190129799 181.2205456634608 706.3021817647519 211.3368613553295 -1 -1 -1 -1 -1 -1 -1 -1 1 
123 31 Car -1.000000 -1 -1 643.8557835368662 177.0855510900261 671.0053735726921 200.4351032063801 -1 -1 -1 -1 -1 -1 -1 -1 1 
123 30 Car -1.000000 -1 -1 620.8684771222954 175.97688328948865 638.6674715498534 189.46881834205934 -1 -1 -1 -1 -1 -1 -1 -1 1 
124 36 Car -1.000000 -1 -1 747.3928500171463 176.97505292163407 814.2006926593084 212.6862530749001 -1 -1 -1 -1 -1 -1 -1 -1 1 
124 35 Car -1.000000 -1 -1 663.4694118833771 182.60948274717882 701.0643380783284 209.79186035782382 -1 -1 -1 -1 -1 -1 -1 -1 1 
124 31 Car -1.000000 -1 -1 641.5236530559841 177.39057372194145 667.698585642218 199.80124857772802 -1 -1 -1 -1 -1 -1 -1 -1 1 
125 36 Car -1.000000 -1 -1 740.7375685588204 177.13512302871965 807.0185885782937 211.6013984098862 -1 -1 -1 -1 -1 -1 -1 -1 1 
125 35 Car -1.000000 -1 -1 661.5677903578918 180.88413634221982 696.741922102021 206.90749537419796 -1 -1 -1 -1 -1 -1 -1 -1 1 
125 31 Car -1.000000 -1 -1 641.0556611316719 178.35848985773413 664.7930258133712 199.19914975122543 -1 -1 -1 -1 -1 -1 -1 -1 1 
126 38 Car -1.000000 -1 -1 801.0680100954856 176.98684707102024 856.7245066423542 203.8562556029666 -1 -1 -1 -1 -1 -1 -1 -1 1 
126 36 Car -1.000000 -1 -1 736.7512159770837 176.64485899935872 799.0438779844343 209.94438883498614 -1 -1 -1 -1 -1 -1 -1 -1 1 
126 35 Car -1.000000 -1 -1 660.2374725072286 180.1919496682553 692.256988180078 204.8664441189988 -1 -1 -1 -1 -1 -1 -1 -1 1 
126 31 Car -1.000000 -1 -1 640.5164894804648 179.8319670874003 661.0744376890807 197.96938283452022 -1 -1 -1 -1 -1 -1 -1 -1 1 
127 39 Car -1.000000 -1 -1 999.0635360637563 123.69158652456503 1225.096140090245 331.5439320410899 -1 -1 -1 -1 -1 -1 -1 -1 1 
127 38 Car -1.000000 -1 -1 799.8146642018554 177.12355488237205 858.2549312965899 203.84738967208125 -1 -1 -1 -1 -1 -1 -1 -1 1 
127 36 Car -1.000000 -1 -1 730.2289728643826 176.23941979433243 789.3760760951458 208.4079574862697 -1 -1 -1 -1 -1 -1 -1 -1 1 
127 35 Car -1.000000 -1 -1 659.5551716328797 180.15991708482935 688.7527880473941 203.60524755244452 -1 -1 -1 -1 -1 -1 -1 -1 1 
128 39 Car -1.000000 -1 -1 968.5936834474505 128.37938491328606 1219.734263403217 318.0615404850072 -1 -1 -1 -1 -1 -1 -1 -1 1 
128 38 Car -1.000000 -1 -1 799.7076836944588 177.39090132296676 859.1479746779784 203.67424061419976 -1 -1 -1 -1 -1 -1 -1 -1 1 
128 36 Car -1.000000 -1 -1 724.9810896528935 176.07289421344947 782.5858434624073 207.17683395748296 -1 -1 -1 -1 -1 -1 -1 -1 1 
129 39 Car -1.000000 -1 -1 942.6960980014883 132.14231595172137 1204.1657859657257 304.1077375165261 -1 -1 -1 -1 -1 -1 -1 -1 1 
129 38 Car -1.000000 -1 -1 799.1329146950394 177.56760515240697 859.5082426033649 203.60717542741148 -1 -1 -1 -1 -1 -1 -1 -1 1 
129 36 Car -1.000000 -1 -1 720.4824740414035 175.9670241823699 776.3538110508791 206.2297758752878 -1 -1 -1 -1 -1 -1 -1 -1 1 
130 39 Car -1.000000 -1 -1 907.4120979798943 136.39763849840273 1164.2495309059188 292.03578359940667 -1 -1 -1 -1 -1 -1 -1 -1 1 
130 38 Car -1.000000 -1 -1 798.6036441444469 177.7118147166276 859.9726551398837 203.53665402933814 -1 -1 -1 -1 -1 -1 -1 -1 1 
130 36 Car -1.000000 -1 -1 717.5354686666143 176.24975657380736 769.5555994110808 204.9408694312424 -1 -1 -1 -1 -1 -1 -1 -1 1 
131 40 Car -1.000000 -1 -1 644.900532817699 177.4423918416928 677.6439581732053 202.44879698728644 -1 -1 -1 -1 -1 -1 -1 -1 1 
131 39 Car -1.000000 -1 -1 880.6889965680314 139.7782266797376 1121.277313306817 280.64536063558467 -1 -1 -1 -1 -1 -1 -1 -1 1 
131 38 Car -1.000000 -1 -1 798.3771749897102 177.77274799789313 860.4209570891807 203.44351480826924 -1 -1 -1 -1 -1 -1 -1 -1 1 
131 36 Car -1.000000 -1 -1 713.1341826773728 176.51037781049575 761.7129373664027 203.77380705405915 -1 -1 -1 -1 -1 -1 -1 -1 1 
132 40 Car -1.000000 -1 -1 643.5329628951652 178.54693220748305 674.6745468162426 202.12698855363135 -1 -1 -1 -1 -1 -1 -1 -1 1 
132 39 Car -1.000000 -1 -1 858.634665383471 143.23879286309543 1081.487333952851 271.1397755682143 -1 -1 -1 -1 -1 -1 -1 -1 1 
132 38 Car -1.000000 -1 -1 798.0848247135514 177.89726724537368 859.9750047341504 203.17642035257646 -1 -1 -1 -1 -1 -1 -1 -1 1 
132 36 Car -1.000000 -1 -1 709.2450723745642 176.89870534208154 755.4380404490196 202.65671574392968 -1 -1 -1 -1 -1 -1 -1 -1 1 
133 40 Car -1.000000 -1 -1 642.6002716180446 179.64773261729687 671.7813563478833 201.3474655505794 -1 -1 -1 -1 -1 -1 -1 -1 1 
133 39 Car -1.000000 -1 -1 837.6456538781782 147.2996511809852 1039.8048946855001 261.96451973805847 -1 -1 -1 -1 -1 -1 -1 -1 1 
133 38 Car -1.000000 -1 -1 798.2933939974527 177.80398087917808 858.9788314658089 202.76883295483987 -1 -1 -1 -1 -1 -1 -1 -1 1 
133 36 Car -1.000000 -1 -1 706.3162978623245 177.2669906459356 750.3484929052479 201.7340605785273 -1 -1 -1 -1 -1 -1 -1 -1 1 
134 40 Car -1.000000 -1 -1 640.5427390831946 178.5083265823398 669.0947597466616 200.29536090856357 -1 -1 -1 -1 -1 -1 -1 -1 1 
134 39 Car -1.000000 -1 -1 825.3367882628503 151.56693397190182 1006.8279022930923 254.44727769873347 -1 -1 -1 -1 -1 -1 -1 -1 1 
134 38 Car -1.000000 -1 -1 797.4311502569751 177.97121058913447 855.0912885866026 202.49116642811381 -1 -1 -1 -1 -1 -1 -1 -1 1 
134 36 Car -1.000000 -1 -1 703.961125735163 177.34144724118218 746.6026008793212 200.936198709637 -1 -1 -1 -1 -1 -1 -1 -1 1 
135 40 Car -1.000000 -1 -1 641.7860498456878 179.76553705458008 667.3430032605711 199.39042744683962 -1 -1 -1 -1 -1 -1 -1 -1 1 
135 39 Car -1.000000 -1 -1 815.1009895540119 154.64492385558611 977.5476162200143 249.00586704034544 -1 -1 -1 -1 -1 -1 -1 -1 1 
135 38 Car -1.000000 -1 -1 797.1753804068629 178.49204040032112 848.5355587131404 202.25235450464453 -1 -1 -1 -1 -1 -1 -1 -1 1 
135 36 Car -1.000000 -1 -1 701.2773380977516 177.573242576104 741.6334522515341 200.30762047649688 -1 -1 -1 -1 -1 -1 -1 -1 1 
136 40 Car -1.000000 -1 -1 641.2898420843811 181.37028814922246 665.1126446983443 198.89730382757227 -1 -1 -1 -1 -1 -1 -1 -1 1 
136 39 Car -1.000000 -1 -1 804.5460666058183 155.95508718601766 948.9177274730945 240.618242727374 -1 -1 -1 -1 -1 -1 -1 -1 1 
136 36 Car -1.000000 -1 -1 700.6573096115333 178.1573741473809 737.8835818296004 199.49924798377782 -1 -1 -1 -1 -1 -1 -1 -1 1 
137 39 Car -1.000000 -1 -1 797.056909813063 157.8514147727218 924.5366413290009 234.02589057197218 -1 -1 -1 -1 -1 -1 -1 -1 1 
137 36 Car -1.000000 -1 -1 695.1978284206963 178.44216714104397 729.9996864534131 198.608473810259 -1 -1 -1 -1 -1 -1 -1 -1 1 
138 39 Car -1.000000 -1 -1 788.7781304672058 158.97696116790894 902.060104636231 226.80798494847318 -1 -1 -1 -1 -1 -1 -1 -1 1 
138 36 Car -1.000000 -1 -1 692.520219213066 178.90847662378695 725.3275560059308 197.9705017710823 -1 -1 -1 -1 -1 -1 -1 -1 1 
139 39 Car -1.000000 -1 -1 780.8885407612415 162.66573551991453 880.3304441609384 223.2128015942619 -1 -1 -1 -1 -1 -1 -1 -1 1 
139 36 Car -1.000000 -1 -1 689.3864309114524 177.60019265381462 721.4775357030942 196.25283056734472 -1 -1 -1 -1 -1 -1 -1 -1 1 
140 39 Car -1.000000 -1 -1 775.5465453543649 165.00044791599234 861.6478283776893 218.5693628643356 -1 -1 -1 -1 -1 -1 -1 -1 1 
140 36 Car -1.000000 -1 -1 686.799213983198 177.1322988630168 717.7489801684818 195.41130972607968 -1 -1 -1 -1 -1 -1 -1 -1 1 
141 39 Car -1.000000 -1 -1 771.3899927265562 166.50361883570335 848.0627004257691 214.22859964850912 -1 -1 -1 -1 -1 -1 -1 -1 1 
141 36 Car -1.000000 -1 -1 685.0715310763367 176.92542938593988 714.6647269438881 194.89376711667734 -1 -1 -1 -1 -1 -1 -1 -1 1 
142 36 Car -1.000000 -1 -1 683.3046824142995 176.65561559629703 712.1710763096343 194.2875216917417 -1 -1 -1 -1 -1 -1 -1 -1 1 
143 36 Car -1.000000 -1 -1 681.711857361561 176.58831506374213 709.5385569317671 193.7702893643488 -1 -1 -1 -1 -1 -1 -1 -1 1 
144 36 Car -1.000000 -1 -1 681.1470001826799 176.94197404446075 707.0862779192446 193.11823249547476 -1 -1 -1 -1 -1 -1 -1 -1 1 
145 44 Car -1.000000 -1 -1 741.7571248495582 160.72234613106724 813.9013465076672 212.5628989608535 -1 -1 -1 -1 -1 -1 -1 -1 1 
145 43 Car -1.000000 -1 -1 624.5155926220868 175.52173634556024 647.7514313905592 192.5458644556147 -1 -1 -1 -1 -1 -1 -1 -1 1 
145 36 Car -1.000000 -1 -1 677.0410972542215 176.82277051052247 701.2906601447135 192.49949316075734 -1 -1 -1 -1 -1 -1 -1 -1 1 
146 44 Car -1.000000 -1 -1 737.7556651293729 161.72184591479817 805.2297255509849 210.11793658173906 -1 -1 -1 -1 -1 -1 -1 -1 1 
146 43 Car -1.000000 -1 -1 624.0033545496096 175.48315298472735 646.1344134490241 192.02282337512364 -1 -1 -1 -1 -1 -1 -1 -1 1 
146 36 Car -1.000000 -1 -1 673.9591193381203 176.834987591077 697.1466607118047 191.96675781124108 -1 -1 -1 -1 -1 -1 -1 -1 1 
147 45 Car -1.000000 -1 -1 803.4291041555542 177.60602738494578 853.7755139578172 203.40962203244237 -1 -1 -1 -1 -1 -1 -1 -1 1 
147 44 Car -1.000000 -1 -1 729.6568795401815 162.53517570812778 793.5205328718953 208.84602331123074 -1 -1 -1 -1 -1 -1 -1 -1 1 
147 43 Car -1.000000 -1 -1 624.0388825229599 175.34644530552833 645.2863046590647 191.62841289656484 -1 -1 -1 -1 -1 -1 -1 -1 1 
147 36 Car -1.000000 -1 -1 671.9356630717689 176.61670873376087 693.9652119126454 191.27302092797223 -1 -1 -1 -1 -1 -1 -1 -1 1 
148 45 Car -1.000000 -1 -1 801.2899110090608 177.67598506156014 854.7401108958326 203.41537063495736 -1 -1 -1 -1 -1 -1 -1 -1 1 
148 44 Car -1.000000 -1 -1 724.503627771454 163.74177592929388 785.9312705232002 207.86871348425913 -1 -1 -1 -1 -1 -1 -1 -1 1 
148 36 Car -1.000000 -1 -1 670.149319520384 176.9812280442152 691.172521555782 190.92816183472797 -1 -1 -1 -1 -1 -1 -1 -1 1 
149 45 Car -1.000000 -1 -1 800.0870403588618 177.7507692818621 855.773157097049 203.12437666662223 -1 -1 -1 -1 -1 -1 -1 -1 1 
149 44 Car -1.000000 -1 -1 720.3729349821601 164.3847850344108 779.7795185924438 206.56305582593865 -1 -1 -1 -1 -1 -1 -1 -1 1 
149 36 Car -1.000000 -1 -1 668.0683864031374 176.99979896431697 688.7518284565525 190.56148169509927 -1 -1 -1 -1 -1 -1 -1 -1 1 
150 45 Car -1.000000 -1 -1 798.3668408657774 177.87313235213514 856.1644624862357 203.09000845013082 -1 -1 -1 -1 -1 -1 -1 -1 1 
150 44 Car -1.000000 -1 -1 716.229458326992 164.6478893912213 772.642432794667 205.13612781482166 -1 -1 -1 -1 -1 -1 -1 -1 1 
150 36 Car -1.000000 -1 -1 667.0263758020516 176.94581842216314 686.9025568043243 190.10638427609825 -1 -1 -1 -1 -1 -1 -1 -1 1 
151 45 Car -1.000000 -1 -1 796.7525101931657 178.08317704331276 854.9394307910901 203.05277798962672 -1 -1 -1 -1 -1 -1 -1 -1 1 
151 44 Car -1.000000 -1 -1 712.279498760638 164.82971508097668 765.500434716696 203.59003312990203 -1 -1 -1 -1 -1 -1 -1 -1 1 
151 36 Car -1.000000 -1 -1 665.5672219578712 176.8077536774644 685.1287210685198 189.6482480715444 -1 -1 -1 -1 -1 -1 -1 -1 1 
152 45 Car -1.000000 -1 -1 795.9863284180467 178.183232773072 854.2039852917057 202.83706818241149 -1 -1 -1 -1 -1 -1 -1 -1 1 
152 44 Car -1.000000 -1 -1 708.7536171664815 165.66441156815122 759.0052187351323 202.81614281622709 -1 -1 -1 -1 -1 -1 -1 -1 1 
152 36 Car -1.000000 -1 -1 663.9417656860671 176.78553186375274 683.0237878876908 189.32042523691126 -1 -1 -1 -1 -1 -1 -1 -1 1 
153 45 Car -1.000000 -1 -1 796.3500069186945 177.79564816644768 854.4744628521074 202.40699491875614 -1 -1 -1 -1 -1 -1 -1 -1 1 
153 44 Car -1.000000 -1 -1 705.500714761865 166.2119909346006 753.3512293483103 201.9614195415505 -1 -1 -1 -1 -1 -1 -1 -1 1 
153 36 Car -1.000000 -1 -1 662.7293462423695 176.93760578982352 681.6061672283959 189.22160622592855 -1 -1 -1 -1 -1 -1 -1 -1 1 
154 45 Car -1.000000 -1 -1 795.177850894933 177.73340736903785 854.6553032611146 202.3164744199739 -1 -1 -1 -1 -1 -1 -1 -1 1 
154 44 Car -1.000000 -1 -1 703.5077993662237 166.48925435457122 749.2577559827289 200.7334538397403 -1 -1 -1 -1 -1 -1 -1 -1 1 
154 36 Car -1.000000 -1 -1 661.7563144791023 177.11120565495693 680.1769427811522 189.0322169171487 -1 -1 -1 -1 -1 -1 -1 -1 1 
155 45 Car -1.000000 -1 -1 793.8836029420185 177.8520132574128 854.2337873846446 202.21405979572916 -1 -1 -1 -1 -1 -1 -1 -1 1 
155 44 Car -1.000000 -1 -1 700.5384765807834 166.69134671295197 744.0254991197643 200.02973346360088 -1 -1 -1 -1 -1 -1 -1 -1 1 
155 36 Car -1.000000 -1 -1 658.2010361767093 177.1783542882034 675.2664922566069 188.45945170471427 -1 -1 -1 -1 -1 -1 -1 -1 1 
156 45 Car -1.000000 -1 -1 792.2271445031798 177.99202585804827 853.0439735323101 202.22188265533 -1 -1 -1 -1 -1 -1 -1 -1 1 
156 44 Car -1.000000 -1 -1 697.4213089069823 166.77853505748567 739.6364388084013 199.45197252244225 -1 -1 -1 -1 -1 -1 -1 -1 1 
156 36 Car -1.000000 -1 -1 656.2788255149324 177.3075268051423 672.5388836092282 187.94428182028832 -1 -1 -1 -1 -1 -1 -1 -1 1 
157 45 Car -1.000000 -1 -1 791.2149066868119 178.07661247529222 850.8276834661274 202.17944309221923 -1 -1 -1 -1 -1 -1 -1 -1 1 
157 44 Car -1.000000 -1 -1 697.9537226075531 167.37800959837884 736.2311376896857 198.64452019889555 -1 -1 -1 -1 -1 -1 -1 -1 1 
157 36 Car -1.000000 -1 -1 654.1234699661527 177.31783215005953 669.8565928568653 187.5433495577185 -1 -1 -1 -1 -1 -1 -1 -1 1 
158 45 Car -1.000000 -1 -1 790.5946814853179 177.8217590225401 851.0345354418956 202.02413329009028 -1 -1 -1 -1 -1 -1 -1 -1 1 
158 44 Car -1.000000 -1 -1 692.5789745719944 167.57650221202618 729.3517715855285 198.10206545733348 -1 -1 -1 -1 -1 -1 -1 -1 1 
158 36 Car -1.000000 -1 -1 652.660459116837 177.55655542872404 668.1400355957189 187.30204625428547 -1 -1 -1 -1 -1 -1 -1 -1 1 
159 45 Car -1.000000 -1 -1 788.6197233482732 177.7348466817247 849.99399205684 201.81622784413887 -1 -1 -1 -1 -1 -1 -1 -1 1 
159 44 Car -1.000000 -1 -1 688.0537351623806 167.7592166618036 723.8151966773295 197.58611377386498 -1 -1 -1 -1 -1 -1 -1 -1 1 
160 45 Car -1.000000 -1 -1 786.2382210739006 177.59157407016386 848.5739203584196 201.7508025540199 -1 -1 -1 -1 -1 -1 -1 -1 1 
160 44 Car -1.000000 -1 -1 685.6909367254447 167.38762573421948 720.731449801725 196.8902101461704 -1 -1 -1 -1 -1 -1 -1 -1 1 
161 45 Car -1.000000 -1 -1 784.1402017723726 177.46782341754843 847.4182973313291 201.6841534341829 -1 -1 -1 -1 -1 -1 -1 -1 1 
161 44 Car -1.000000 -1 -1 684.6483983772077 167.38213864569155 718.1233382773535 196.2608651274561 -1 -1 -1 -1 -1 -1 -1 -1 1 
162 46 Car -1.000000 -1 -1 645.879325436831 175.48797885858178 666.7458711039654 188.43307440105892 -1 -1 -1 -1 -1 -1 -1 -1 1 
162 45 Car -1.000000 -1 -1 778.9720233659475 177.19265041847848 842.062190606021 201.45089181124933 -1 -1 -1 -1 -1 -1 -1 -1 1 
162 44 Car -1.000000 -1 -1 683.2729649557621 167.61145012738564 715.1802639961434 195.66261065193777 -1 -1 -1 -1 -1 -1 -1 -1 1 
163 46 Car -1.000000 -1 -1 644.8524537545845 175.40283762123357 666.1941282880584 188.35950038724775 -1 -1 -1 -1 -1 -1 -1 -1 1 
163 45 Car -1.000000 -1 -1 776.2171127985275 177.0036260922931 838.057223338496 201.17981392679232 -1 -1 -1 -1 -1 -1 -1 -1 1 
163 44 Car -1.000000 -1 -1 681.1698233309445 168.02404940106868 711.8578860818674 195.0416005076405 -1 -1 -1 -1 -1 -1 -1 -1 1 
164 46 Car -1.000000 -1 -1 643.1802220217659 175.36943489510227 664.2160132043927 188.11301810248384 -1 -1 -1 -1 -1 -1 -1 -1 1 
164 45 Car -1.000000 -1 -1 772.3840232238913 176.72171114476913 834.2538959619706 201.23554784164617 -1 -1 -1 -1 -1 -1 -1 -1 1 
165 46 Car -1.000000 -1 -1 641.8525061626779 175.42468847087503 662.1975989017308 187.89686105522446 -1 -1 -1 -1 -1 -1 -1 -1 1 
165 45 Car -1.000000 -1 -1 769.7831103683349 176.6065820343777 831.2503966538842 201.31254178571533 -1 -1 -1 -1 -1 -1 -1 -1 1 
166 45 Car -1.000000 -1 -1 767.418656733021 176.41390211859374 828.5417718716083 201.3410676155895 -1 -1 -1 -1 -1 -1 -1 -1 1 
167 45 Car -1.000000 -1 -1 764.9855957025297 176.28011498145264 825.9742173167374 201.22749148883287 -1 -1 -1 -1 -1 -1 -1 -1 1 
167 44 Car -1.000000 -1 -1 669.8580535030371 166.5030229721628 696.2865332081167 190.81294511392565 -1 -1 -1 -1 -1 -1 -1 -1 1 
168 45 Car -1.000000 -1 -1 761.6097404171525 176.2763657312706 823.0511727007057 201.1955008122333 -1 -1 -1 -1 -1 -1 -1 -1 1 
168 44 Car -1.000000 -1 -1 668.547830638699 167.04091514826686 694.4090931221667 190.63013280876768 -1 -1 -1 -1 -1 -1 -1 -1 1 
169 45 Car -1.000000 -1 -1 755.4147552411781 176.35289183950601 816.7254773430035 201.1998649451504 -1 -1 -1 -1 -1 -1 -1 -1 1 
169 44 Car -1.000000 -1 -1 667.2690575819847 167.72567626298596 692.3731594708688 190.30975542297776 -1 -1 -1 -1 -1 -1 -1 -1 1 
170 45 Car -1.000000 -1 -1 750.880236167571 176.3384354974279 810.7261386903951 201.04870633535268 -1 -1 -1 -1 -1 -1 -1 -1 1 
171 45 Car -1.000000 -1 -1 747.3794275520349 175.055220721044 806.3433856387669 199.461532039835 -1 -1 -1 -1 -1 -1 -1 -1 1 
172 45 Car -1.000000 -1 -1 744.8532747570027 175.90697811723973 803.36412539569 200.36312517902704 -1 -1 -1 -1 -1 -1 -1 -1 1 
173 45 Car -1.000000 -1 -1 742.1509873343629 176.14007667185678 799.5400587687271 200.7466759430987 -1 -1 -1 -1 -1 -1 -1 -1 1 
173 44 Car -1.000000 -1 -1 662.5844783529146 169.1742610070122 684.4561184978484 188.72617867297083 -1 -1 -1 -1 -1 -1 -1 -1 1 
174 45 Car -1.000000 -1 -1 741.6911594276477 176.43972061650135 796.0744292266735 200.7055564981631 -1 -1 -1 -1 -1 -1 -1 -1 1 
175 45 Car -1.000000 -1 -1 735.2614140936399 175.2823168377139 787.2139007678799 199.22552464673612 -1 -1 -1 -1 -1 -1 -1 -1 1 
176 45 Car -1.000000 -1 -1 730.7023264100994 174.79603657885906 781.6632865132187 198.44850994400127 -1 -1 -1 -1 -1 -1 -1 -1 1 
177 45 Car -1.000000 -1 -1 728.0169966199026 174.65822832987843 778.2681365174767 198.00854825478692 -1 -1 -1 -1 -1 -1 -1 -1 1 
178 45 Car -1.000000 -1 -1 725.1928630177732 174.79248804428047 774.889306840228 197.92471960046421 -1 -1 -1 -1 -1 -1 -1 -1 1 
179 45 Car -1.000000 -1 -1 727.9645219707985 176.3805890699419 772.9206836380623 199.09431664426637 -1 -1 -1 -1 -1 -1 -1 -1 1 
180 45 Car -1.000000 -1 -1 727.5015997752554 177.1861799835285 768.150717997083 199.42157914385413 -1 -1 -1 -1 -1 -1 -1 -1 1 
181 45 Car -1.000000 -1 -1 717.5425317355243 177.67543913914346 757.1115231639699 199.40845166178008 -1 -1 -1 -1 -1 -1 -1 -1 1 
182 45 Car -1.000000 -1 -1 712.1897469797116 177.91265627810589 752.7676374937901 199.30546930390705 -1 -1 -1 -1 -1 -1 -1 -1 1 
183 45 Car -1.000000 -1 -1 709.953841624939 176.75932616972662 750.3042848556389 197.59782158547014 -1 -1 -1 -1 -1 -1 -1 -1 1 
184 45 Car -1.000000 -1 -1 707.0989774668667 176.38261962339067 747.482334653497 196.84112416464893 -1 -1 -1 -1 -1 -1 -1 -1 1 
185 48 Car -1.000000 -1 -1 483.22496340418627 166.87957563000919 508.7641325848248 190.63220936502148 -1 -1 -1 -1 -1 -1 -1 -1 1 
185 45 Car -1.000000 -1 -1 704.7625376877445 177.695033290916 744.3946931749845 198.096359796929 -1 -1 -1 -1 -1 -1 -1 -1 1 
186 48 Car -1.000000 -1 -1 482.3246511571622 167.0837880923564 508.754712642709 191.19576711969117 -1 -1 -1 -1 -1 -1 -1 -1 1 
186 45 Car -1.000000 -1 -1 703.018894090411 178.36701175293612 741.5823666602827 198.66855720223018 -1 -1 -1 -1 -1 -1 -1 -1 1 
187 48 Car -1.000000 -1 -1 480.7522722877592 168.55643044376026 507.8885702522226 193.3241692672993 -1 -1 -1 -1 -1 -1 -1 -1 1 
187 45 Car -1.000000 -1 -1 702.3283833965817 179.3592115737691 738.6132657621864 199.15635386695297 -1 -1 -1 -1 -1 -1 -1 -1 1 
188 48 Car -1.000000 -1 -1 480.0239867483149 169.90522874916832 507.3173788646259 194.7096363625626 -1 -1 -1 -1 -1 -1 -1 -1 1 
188 45 Car -1.000000 -1 -1 695.1446307815994 180.59658471064657 731.0060624092968 200.0203739837165 -1 -1 -1 -1 -1 -1 -1 -1 1 
189 48 Car -1.000000 -1 -1 478.85959153139436 171.00721625758638 506.28415635522003 196.09048835626317 -1 -1 -1 -1 -1 -1 -1 -1 1 
189 45 Car -1.000000 -1 -1 691.907829414531 181.85906955591878 726.8233761966422 200.98092293769963 -1 -1 -1 -1 -1 -1 -1 -1 1 
190 48 Car -1.000000 -1 -1 477.43704658359627 171.80868601011596 504.5634961068562 197.03851246800642 -1 -1 -1 -1 -1 -1 -1 -1 1 
190 45 Car -1.000000 -1 -1 688.9229465539373 182.63038609616945 723.2903906037378 201.49390084892002 -1 -1 -1 -1 -1 -1 -1 -1 1 
191 48 Car -1.000000 -1 -1 475.7190371674946 171.95307221683424 502.36987259308506 197.54444427644523 -1 -1 -1 -1 -1 -1 -1 -1 1 
191 45 Car -1.000000 -1 -1 686.9074132206795 182.88627132661867 720.4311397005927 201.38574050319 -1 -1 -1 -1 -1 -1 -1 -1 1 
192 48 Car -1.000000 -1 -1 473.77225603999665 171.78217319528645 500.50382425017057 197.84152307388283 -1 -1 -1 -1 -1 -1 -1 -1 1 
192 45 Car -1.000000 -1 -1 684.6647420717718 182.717149453716 717.3116491073051 201.04945366061474 -1 -1 -1 -1 -1 -1 -1 -1 1 
193 48 Car -1.000000 -1 -1 471.62667679840365 171.9547131395935 498.68206366345953 198.1927695256857 -1 -1 -1 -1 -1 -1 -1 -1 1 
193 45 Car -1.000000 -1 -1 681.9410177661964 182.90976924755898 714.1824802427234 201.03695281362712 -1 -1 -1 -1 -1 -1 -1 -1 1 
194 48 Car -1.000000 -1 -1 469.4654235547224 172.5498149982862 496.4449560470015 199.0098887722388 -1 -1 -1 -1 -1 -1 -1 -1 1 
194 45 Car -1.000000 -1 -1 679.9782363816774 183.73686355178563 711.3730161775867 201.71615799786792 -1 -1 -1 -1 -1 -1 -1 -1 1 
195 48 Car -1.000000 -1 -1 463.18001818140266 173.00814718649215 490.65496276396976 199.80910637744287 -1 -1 -1 -1 -1 -1 -1 -1 1 
195 45 Car -1.000000 -1 -1 673.4491920356575 184.0762055771547 704.1133112181885 201.8805837884186 -1 -1 -1 -1 -1 -1 -1 -1 1 
196 48 Car -1.000000 -1 -1 458.89225648898827 174.5937299623471 487.4764757431888 201.81910058066782 -1 -1 -1 -1 -1 -1 -1 -1 1 
196 45 Car -1.000000 -1 -1 669.7356461089548 184.5405761907462 699.2707056828424 202.121973762901 -1 -1 -1 -1 -1 -1 -1 -1 1 
197 48 Car -1.000000 -1 -1 454.9599622819335 175.68366416725675 484.99510468594497 203.3859173174852 -1 -1 -1 -1 -1 -1 -1 -1 1 
197 45 Car -1.000000 -1 -1 666.7676620228978 186.66070797976877 694.9883639461144 203.85061791709384 -1 -1 -1 -1 -1 -1 -1 -1 1 
198 48 Car -1.000000 -1 -1 451.41272570400804 176.7334445172163 481.355509869138 204.70191312042436 -1 -1 -1 -1 -1 -1 -1 -1 1 
198 45 Car -1.000000 -1 -1 664.4466199913695 188.11045456505232 691.7488557636182 205.05102569924472 -1 -1 -1 -1 -1 -1 -1 -1 1 
199 48 Car -1.000000 -1 -1 447.803913825805 177.4033030687085 478.30137315774846 205.84978846339544 -1 -1 -1 -1 -1 -1 -1 -1 1 
199 45 Car -1.000000 -1 -1 661.5089797330085 188.758118564807 688.36542399798 205.5084199738989 -1 -1 -1 -1 -1 -1 -1 -1 1 
200 48 Car -1.000000 -1 -1 443.7881405055218 177.58716956348678 474.440185593569 206.33498636229626 -1 -1 -1 -1 -1 -1 -1 -1 1 
200 45 Car -1.000000 -1 -1 659.0071963409247 189.03476749580335 684.5420819558793 205.70996509202513 -1 -1 -1 -1 -1 -1 -1 -1 1 
201 48 Car -1.000000 -1 -1 436.2470513789513 177.25657029143784 467.7625874928522 206.80620850744205 -1 -1 -1 -1 -1 -1 -1 -1 1 
201 45 Car -1.000000 -1 -1 652.6867998864974 188.80401400647503 677.623011674718 205.63058545188795 -1 -1 -1 -1 -1 -1 -1 -1 1 
202 48 Car -1.000000 -1 -1 431.0051059650134 176.8444701464242 463.0517023365668 206.8716991540845 -1 -1 -1 -1 -1 -1 -1 -1 1 
202 45 Car -1.000000 -1 -1 647.5096512972777 188.57248814849166 671.8572310103789 205.04114769729128 -1 -1 -1 -1 -1 -1 -1 -1 1 
203 48 Car -1.000000 -1 -1 426.3991441563844 175.83128469044033 459.5784329894577 206.38319949612207 -1 -1 -1 -1 -1 -1 -1 -1 1 
204 48 Car -1.000000 -1 -1 422.55052215201033 174.94013701191187 455.79753815001004 205.91588250782428 -1 -1 -1 -1 -1 -1 -1 -1 1 
205 48 Car -1.000000 -1 -1 419.23288861060144 174.05080212062958 452.5115273286251 205.38085776682524 -1 -1 -1 -1 -1 -1 -1 -1 1 
206 48 Car -1.000000 -1 -1 415.6107228642824 172.98491508984736 450.1720849846094 205.27393541589575 -1 -1 -1 -1 -1 -1 -1 -1 1 
206 45 Car -1.000000 -1 -1 638.2974766959378 183.0388375024809 661.9252008997046 199.15583936518348 -1 -1 -1 -1 -1 -1 -1 -1 1 
207 48 Car -1.000000 -1 -1 409.815080455429 172.46453449866615 445.3041191899681 205.38606202393188 -1 -1 -1 -1 -1 -1 -1 -1 1 
207 45 Car -1.000000 -1 -1 636.9986139685404 182.65810168950918 661.0589972760333 198.59431934853194 -1 -1 -1 -1 -1 -1 -1 -1 1 
208 48 Car -1.000000 -1 -1 406.87331939507885 170.30391817536278 444.3624287238589 204.48326008453515 -1 -1 -1 -1 -1 -1 -1 -1 1 
208 45 Car -1.000000 -1 -1 636.6199728617634 182.32808625353795 660.4239428766833 198.04581869997816 -1 -1 -1 -1 -1 -1 -1 -1 1 
209 48 Car -1.000000 -1 -1 405.23842801319125 169.31018285543013 444.33614795129694 204.3114684139283 -1 -1 -1 -1 -1 -1 -1 -1 1 
209 45 Car -1.000000 -1 -1 637.1167320308356 182.02948997871187 660.786450171251 197.6244373999176 -1 -1 -1 -1 -1 -1 -1 -1 1 
210 48 Car -1.000000 -1 -1 404.1738698039734 170.2280561223344 444.23075716675316 205.81934419433907 -1 -1 -1 -1 -1 -1 -1 -1 1 
210 45 Car -1.000000 -1 -1 638.4053899478703 181.75391026080257 661.6581139121073 197.27501988347137 -1 -1 -1 -1 -1 -1 -1 -1 1 
211 48 Car -1.000000 -1 -1 404.66755410180537 170.58906377299513 445.42709738737966 206.83018044546145 -1 -1 -1 -1 -1 -1 -1 -1 1 
211 45 Car -1.000000 -1 -1 640.9598266528416 181.6591810965188 663.5075204350636 197.08963020937148 -1 -1 -1 -1 -1 -1 -1 -1 1 
212 48 Car -1.000000 -1 -1 408.63856013639383 170.3702285681397 450.12242814023614 207.42341208288778 -1 -1 -1 -1 -1 -1 -1 -1 1 
212 45 Car -1.000000 -1 -1 643.5973457122224 181.58670650431387 665.9972609420528 196.97174723280776 -1 -1 -1 -1 -1 -1 -1 -1 1 
213 48 Car -1.000000 -1 -1 412.8153500122493 170.2030462409354 454.8264184238905 208.0775156802826 -1 -1 -1 -1 -1 -1 -1 -1 1 
213 45 Car -1.000000 -1 -1 648.419442783734 181.63146590010794 670.3477113377483 196.76955220839713 -1 -1 -1 -1 -1 -1 -1 -1 1 
214 48 Car -1.000000 -1 -1 417.8949965785375 170.81216720056526 461.1865864402394 209.71995075507843 -1 -1 -1 -1 -1 -1 -1 -1 1 
215 48 Car -1.000000 -1 -1 424.1946307039826 171.32457025881058 468.43042635162067 210.6515467324271 -1 -1 -1 -1 -1 -1 -1 -1 1 
216 48 Car -1.000000 -1 -1 435.15113120928453 170.68548675333864 480.6538794217358 211.0134063602331 -1 -1 -1 -1 -1 -1 -1 -1 1 
217 48 Car -1.000000 -1 -1 445.4119982657453 169.94688855836932 491.64784978872524 210.70543182688255 -1 -1 -1 -1 -1 -1 -1 -1 1 
218 48 Car -1.000000 -1 -1 459.93068624659287 169.25897408846168 506.9309268086942 210.72589426794661 -1 -1 -1 -1 -1 -1 -1 -1 1 
219 48 Car -1.000000 -1 -1 476.17712344349604 168.21814996911024 523.9305585999284 210.42343946049908 -1 -1 -1 -1 -1 -1 -1 -1 1 
220 48 Car -1.000000 -1 -1 495.64887608779935 166.01690719792643 544.6149942409221 208.2722151667153 -1 -1 -1 -1 -1 -1 -1 -1 1 
221 48 Car -1.000000 -1 -1 514.0663330752313 165.00599022643712 563.6196419865357 207.56539536614446 -1 -1 -1 -1 -1 -1 -1 -1 1 
222 48 Car -1.000000 -1 -1 534.8879988145052 164.05766012630167 584.6403289270695 207.05370984553142 -1 -1 -1 -1 -1 -1 -1 -1 1 
223 48 Car -1.000000 -1 -1 558.2372798071978 162.91962975509355 609.0027918525146 206.64616479196818 -1 -1 -1 -1 -1 -1 -1 -1 1 
224 48 Car -1.000000 -1 -1 582.1595882264515 161.11101370694715 634.3687050871835 206.29676339224264 -1 -1 -1 -1 -1 -1 -1 -1 1 
225 48 Car -1.000000 -1 -1 607.061070357561 159.71158052274512 661.8924428483642 206.60196884605534 -1 -1 -1 -1 -1 -1 -1 -1 1 
226 48 Car -1.000000 -1 -1 635.0274802771705 159.40386287120023 692.3029987660445 207.82319239129922 -1 -1 -1 -1 -1 -1 -1 -1 1 
227 48 Car -1.000000 -1 -1 661.2112546014826 159.28367159515838 721.1219590864005 208.96751507872622 -1 -1 -1 -1 -1 -1 -1 -1 1 
228 48 Car -1.000000 -1 -1 690.9505827777418 159.47193474387936 752.9788631875622 210.35827594933116 -1 -1 -1 -1 -1 -1 -1 -1 1 
229 48 Car -1.000000 -1 -1 720.2226594372512 158.48844289873898 784.4751481922406 210.7539497408534 -1 -1 -1 -1 -1 -1 -1 -1 1 
230 48 Car -1.000000 -1 -1 752.4427762079159 156.18484740412373 819.9849275304683 210.62716163768312 -1 -1 -1 -1 -1 -1 -1 -1 1 
231 48 Car -1.000000 -1 -1 787.1642479742414 153.64906345488546 858.2602163978316 210.6202493272547 -1 -1 -1 -1 -1 -1 -1 -1 1 
232 48 Car -1.000000 -1 -1 822.9598192255444 150.32483284524764 898.7961293617648 209.98597046664364 -1 -1 -1 -1 -1 -1 -1 -1 1 
233 48 Car -1.000000 -1 -1 862.6886763442358 147.845022649901 941.9105077059958 210.24882363526075 -1 -1 -1 -1 -1 -1 -1 -1 1 
234 48 Car -1.000000 -1 -1 906.1850854080396 145.64604454954716 989.4887921626123 210.93503272920944 -1 -1 -1 -1 -1 -1 -1 -1 1 
235 48 Car -1.000000 -1 -1 951.5910012989533 143.47913232031365 1039.766495493105 212.3300878688984 -1 -1 -1 -1 -1 -1 -1 -1 1 
236 48 Car -1.000000 -1 -1 1000.3219221354038 140.666580570839 1094.85280841742 214.2106377805214 -1 -1 -1 -1 -1 -1 -1 -1 1 
237 48 Car -1.000000 -1 -1 1054.388280620486 137.8644654042083 1156.754213999363 216.30892829220264 -1 -1 -1 -1 -1 -1 -1 -1 1 
238 48 Car -1.000000 -1 -1 1112.4484021828878 134.75694635557625 1220.562927895732 218.83019633877797 -1 -1 -1 -1 -1 -1 -1 -1 1 
239 48 Car -1.000000 -1 -1 1165.8160464322839 134.04636713222868 1258.5040293180616 221.09398123637567 -1 -1 -1 -1 -1 -1 -1 -1 1 
247 61 Car -1.000000 -1 -1 85.49019228192422 158.1735204550924 218.3230468663818 211.64145457141285 -1 -1 -1 -1 -1 -1 -1 -1 1 
248 61 Car -1.000000 -1 -1 108.96209985132444 159.1342763533984 243.5476331522195 212.31054333848797 -1 -1 -1 -1 -1 -1 -1 -1 1 
249 61 Car -1.000000 -1 -1 132.9954870137969 162.2636669105135 268.6101348721844 216.64931958552785 -1 -1 -1 -1 -1 -1 -1 -1 1 
250 61 Car -1.000000 -1 -1 149.4835756370863 163.06954030798065 278.94671912761675 217.1740417544427 -1 -1 -1 -1 -1 -1 -1 -1 1 
251 61 Car -1.000000 -1 -1 158.65035539612663 161.27036077334512 275.5968480930484 213.96441526213417 -1 -1 -1 -1 -1 -1 -1 -1 1 
256 61 Car -1.000000 -1 -1 186.11248277781976 155.7582649629059 317.83573362704067 212.04632345575527 -1 -1 -1 -1 -1 -1 -1 -1 1 
257 61 Car -1.000000 -1 -1 191.50066805906332 153.8164910599156 330.83959826896296 212.09680640880916 -1 -1 -1 -1 -1 -1 -1 -1 1 
258 61 Car -1.000000 -1 -1 181.28406225735282 152.77886872846045 333.9423826122759 214.0696048698802 -1 -1 -1 -1 -1 -1 -1 -1 1 
259 61 Car -1.000000 -1 -1 165.36342754268128 151.34299468496977 328.8373816851604 214.6987112048878 -1 -1 -1 -1 -1 -1 -1 -1 1 
260 61 Car -1.000000 -1 -1 148.9784451336871 148.93163056028607 321.70022945647383 214.31185356386618 -1 -1 -1 -1 -1 -1 -1 -1 1 
261 61 Car -1.000000 -1 -1 131.62276178836262 146.4521151064218 312.36472614180093 213.77166282573666 -1 -1 -1 -1 -1 -1 -1 -1 1 
262 61 Car -1.000000 -1 -1 115.15563047431961 144.97190315532004 305.2631750501301 214.69282230262684 -1 -1 -1 -1 -1 -1 -1 -1 1 
263 61 Car -1.000000 -1 -1 91.80485508143012 145.75352900030217 291.4364295843689 218.44789866500204 -1 -1 -1 -1 -1 -1 -1 -1 1 
264 61 Car -1.000000 -1 -1 71.31433987365483 145.27170582249917 279.6643409239352 221.21698103295253 -1 -1 -1 -1 -1 -1 -1 -1 1 
265 61 Car -1.000000 -1 -1 47.16129188592927 144.0368699447567 262.32389968646896 221.79440582301612 -1 -1 -1 -1 -1 -1 -1 -1 1 
266 61 Car -1.000000 -1 -1 16.06411898548211 141.26185454759238 237.25121366812004 222.687179836907 -1 -1 -1 -1 -1 -1 -1 -1 1 
267 61 Car -1.000000 -1 -1 6.2398409114055795 131.85862003051216 240.23229129529966 216.71231520079482 -1 -1 -1 -1 -1 -1 -1 -1 1 
268 61 Car -1.000000 -1 -1 -1.317236753855454 125.1496608852467 238.5957628179671 211.6827507531259 -1 -1 -1 -1 -1 -1 -1 -1 1 
269 61 Car -1.000000 -1 -1 -3.687603343040834 124.44646043012273 234.97657721034034 211.40590136858333 -1 -1 -1 -1 -1 -1 -1 -1 1 
