0 2 Car -1.000000 -1 -1 657.1480917076653 180.78544864860865 690.9197478116705 204.26309237686488 -1 -1 -1 -1 -1 -1 -1 -1 1 
0 1 Car -1.000000 -1 -1 460.9218434668504 181.62751312439258 566.9553008010754 215.98420951228871 -1 -1 -1 -1 -1 -1 -1 -1 1 
1 2 Car -1.000000 -1 -1 659.1326584603936 180.95178741165037 690.6496516922563 203.99750975819953 -1 -1 -1 -1 -1 -1 -1 -1 1 
1 1 Car -1.000000 -1 -1 470.37383416424314 181.5597041586089 573.8444239860191 214.25039960545638 -1 -1 -1 -1 -1 -1 -1 -1 1 
2 2 Car -1.000000 -1 -1 659.0516130715062 181.3990220242097 688.9566416424391 203.51486614267756 -1 -1 -1 -1 -1 -1 -1 -1 1 
2 1 Car -1.000000 -1 -1 485.45724395565253 181.68464115600597 589.0769063151786 214.97564902037902 -1 -1 -1 -1 -1 -1 -1 -1 1 
3 2 Car -1.000000 -1 -1 659.8162297303079 180.95051986816281 691.9629883986418 203.35088074388506 -1 -1 -1 -1 -1 -1 -1 -1 1 
3 1 Car -1.000000 -1 -1 499.6640352796071 181.71142356296266 601.8994053669239 214.59367385223348 -1 -1 -1 -1 -1 -1 -1 -1 1 
4 1 Car -1.000000 -1 -1 510.25210778054327 181.57938099170303 612.597698928079 214.55804276708278 -1 -1 -1 -1 -1 -1 -1 -1 1 
5 1 Car -1.000000 -1 -1 525.371159054984 181.6132624981454 628.2068367415636 214.3324874041072 -1 -1 -1 -1 -1 -1 -1 -1 1 
6 1 Car -1.000000 -1 -1 536.9377968035368 181.49027541926597 639.0863580723254 214.22721018176247 -1 -1 -1 -1 -1 -1 -1 -1 1 
7 1 Car -1.000000 -1 -1 548.6762684702143 181.5565159803536 649.4589450967134 213.9847003697821 -1 -1 -1 -1 -1 -1 -1 -1 1 
8 1 Car -1.000000 -1 -1 559.6051697532109 180.95627221481232 661.0213905487324 213.82808502918255 -1 -1 -1 -1 -1 -1 -1 -1 1 
9 1 Car -1.000000 -1 -1 574.6715671424859 181.30853780858556 675.0969630065965 214.0747890658457 -1 -1 -1 -1 -1 -1 -1 -1 1 
10 3 Car -1.000000 -1 -1 658.0634180047869 180.19966555725313 694.761861613657 203.99645037217977 -1 -1 -1 -1 -1 -1 -1 -1 1 
10 1 Car -1.000000 -1 -1 585.6288199934174 180.82190655578495 684.3054347617494 213.62051412769824 -1 -1 -1 -1 -1 -1 -1 -1 1 
11 1 Car -1.000000 -1 -1 597.1731107137518 180.93700606931176 693.4248913577942 213.5542591970901 -1 -1 -1 -1 -1 -1 -1 -1 1 
12 1 Car -1.000000 -1 -1 607.6578892809661 180.99941005294997 703.134940033318 213.48401735625825 -1 -1 -1 -1 -1 -1 -1 -1 1 
13 1 Car -1.000000 -1 -1 615.1495349124585 180.71180098331413 710.8953359665062 213.43101904924632 -1 -1 -1 -1 -1 -1 -1 -1 1 
14 1 Car -1.000000 -1 -1 627.5644942074553 180.51454536608406 720.8512632081156 212.7382012429224 -1 -1 -1 -1 -1 -1 -1 -1 1 
15 1 Car -1.000000 -1 -1 639.2574375358394 180.51822341465143 728.9581083694103 212.09774510268718 -1 -1 -1 -1 -1 -1 -1 -1 1 
16 1 Car -1.000000 -1 -1 647.8657577042441 180.64993412440958 734.8461375055551 211.8650133635718 -1 -1 -1 -1 -1 -1 -1 -1 1 
17 1 Car -1.000000 -1 -1 656.7978821663128 180.85119665042436 741.0727294114668 211.39749064023823 -1 -1 -1 -1 -1 -1 -1 -1 1 
18 1 Car -1.000000 -1 -1 662.6879872629278 181.23256359893938 745.1846071020706 211.2136998587449 -1 -1 -1 -1 -1 -1 -1 -1 1 
19 1 Car -1.000000 -1 -1 672.5556852646552 181.341293143166 751.1547769672314 210.58639886164048 -1 -1 -1 -1 -1 -1 -1 -1 1 
20 1 Car -1.000000 -1 -1 683.6333362292721 181.52980852229877 757.4983220763661 210.2374273466096 -1 -1 -1 -1 -1 -1 -1 -1 1 
21 1 Car -1.000000 -1 -1 691.5344876373936 181.6179442147459 761.4023857542304 209.85431448000102 -1 -1 -1 -1 -1 -1 -1 -1 1 
22 5 Car -1.000000 -1 -1 659.7879031969766 181.08581497154321 688.1354678898352 203.45816547267813 -1 -1 -1 -1 -1 -1 -1 -1 1 
22 1 Car -1.000000 -1 -1 699.8933576350032 180.5336270212503 762.4582002900038 208.1127775633566 -1 -1 -1 -1 -1 -1 -1 -1 1 
23 5 Car -1.000000 -1 -1 659.8070834653417 180.97033839552054 688.9231986719137 203.94698051308674 -1 -1 -1 -1 -1 -1 -1 -1 1 
23 1 Car -1.000000 -1 -1 705.181789845566 180.17299897669596 762.8953022099521 207.30657523779632 -1 -1 -1 -1 -1 -1 -1 -1 1 
24 5 Car -1.000000 -1 -1 659.5277367404937 180.81531278213123 689.241161772802 204.32079028316832 -1 -1 -1 -1 -1 -1 -1 -1 1 
24 1 Car -1.000000 -1 -1 711.2646858438214 181.81902201870946 765.735179954171 208.22204012717071 -1 -1 -1 -1 -1 -1 -1 -1 1 
25 5 Car -1.000000 -1 -1 659.2474660881377 180.802942651785 689.5322459564021 204.7291110386465 -1 -1 -1 -1 -1 -1 -1 -1 1 
25 1 Car -1.000000 -1 -1 719.0724986907665 182.8023925744468 771.0859902045927 208.21587539497193 -1 -1 -1 -1 -1 -1 -1 -1 1 
26 5 Car -1.000000 -1 -1 659.3677531676246 180.71567119817624 689.8119381404877 204.68847380522502 -1 -1 -1 -1 -1 -1 -1 -1 1 
26 1 Car -1.000000 -1 -1 724.4712670078254 183.23784438952524 773.7456106362131 208.0451989850827 -1 -1 -1 -1 -1 -1 -1 -1 1 
27 5 Car -1.000000 -1 -1 659.6467221362257 180.73495493263167 690.2768614636616 204.58176678747114 -1 -1 -1 -1 -1 -1 -1 -1 1 
27 1 Car -1.000000 -1 -1 728.1419452997121 181.97742818330386 774.9813885089701 206.5212803011152 -1 -1 -1 -1 -1 -1 -1 -1 1 
28 5 Car -1.000000 -1 -1 659.5772832398059 180.74888523772813 690.6694400285635 204.64725448433006 -1 -1 -1 -1 -1 -1 -1 -1 1 
28 1 Car -1.000000 -1 -1 731.1981453201953 181.60450722651515 776.9099535706481 205.90482247775097 -1 -1 -1 -1 -1 -1 -1 -1 1 
29 5 Car -1.000000 -1 -1 659.5639442557974 180.78448551554186 691.015202026618 204.68190666596587 -1 -1 -1 -1 -1 -1 -1 -1 1 
29 1 Car -1.000000 -1 -1 735.2462004920774 181.63136790941618 778.8808633527688 205.17065536823802 -1 -1 -1 -1 -1 -1 -1 -1 1 
30 5 Car -1.000000 -1 -1 659.2955318365944 180.72885131391808 691.1349740731002 204.86877780099587 -1 -1 -1 -1 -1 -1 -1 -1 1 
30 1 Car -1.000000 -1 -1 737.2968921006802 181.83939863375502 778.6422902342861 204.7330489642216 -1 -1 -1 -1 -1 -1 -1 -1 1 
31 5 Car -1.000000 -1 -1 659.1130452277097 180.65656511721673 691.5189539484746 205.0542283340428 -1 -1 -1 -1 -1 -1 -1 -1 1 
31 1 Car -1.000000 -1 -1 739.524146539809 182.05607561798288 778.3107279192463 204.1016344415858 -1 -1 -1 -1 -1 -1 -1 -1 1 
32 5 Car -1.000000 -1 -1 658.9273071038872 180.6310115175769 691.4079740804939 205.04324362057633 -1 -1 -1 -1 -1 -1 -1 -1 1 
32 1 Car -1.000000 -1 -1 740.777332022595 182.3077485370093 778.8814799642254 203.69275962615146 -1 -1 -1 -1 -1 -1 -1 -1 1 
33 5 Car -1.000000 -1 -1 658.6985570512431 180.61662681510268 690.6719771905255 205.11526605972074 -1 -1 -1 -1 -1 -1 -1 -1 1 
33 1 Car -1.000000 -1 -1 742.8041803152688 182.58019950343856 778.2700755812658 202.42559810101386 -1 -1 -1 -1 -1 -1 -1 -1 1 
34 5 Car -1.000000 -1 -1 658.6201488764223 180.58420788270428 689.9339791685104 205.08414167345114 -1 -1 -1 -1 -1 -1 -1 -1 1 
34 1 Car -1.000000 -1 -1 744.4059798444407 183.13412406716452 777.5763874225836 202.12448439381376 -1 -1 -1 -1 -1 -1 -1 -1 1 
35 5 Car -1.000000 -1 -1 658.7919386414108 180.62543660075565 689.4372080017949 205.04749028924604 -1 -1 -1 -1 -1 -1 -1 -1 1 
35 1 Car -1.000000 -1 -1 746.335798480259 183.4852884525241 776.655754272085 201.02030413836147 -1 -1 -1 -1 -1 -1 -1 -1 1 
36 5 Car -1.000000 -1 -1 658.9461821464207 180.66638333054124 689.2843762981964 205.0660464854251 -1 -1 -1 -1 -1 -1 -1 -1 1 
36 1 Car -1.000000 -1 -1 747.7493490958749 183.82233406345915 775.9559579554019 200.30853416901556 -1 -1 -1 -1 -1 -1 -1 -1 1 
37 5 Car -1.000000 -1 -1 658.9814655385334 180.6325360989677 689.124147671473 205.00738757162065 -1 -1 -1 -1 -1 -1 -1 -1 1 
37 1 Car -1.000000 -1 -1 749.0644120498752 184.10691921270234 775.2436234514256 199.83601235277382 -1 -1 -1 -1 -1 -1 -1 -1 1 
38 5 Car -1.000000 -1 -1 658.8399482604577 180.61083230207637 688.9665221892581 205.02352938029534 -1 -1 -1 -1 -1 -1 -1 -1 1 
38 1 Car -1.000000 -1 -1 750.0105754711923 184.37553782567454 774.6443788635223 199.47368759634514 -1 -1 -1 -1 -1 -1 -1 -1 1 
39 7 Car -1.000000 -1 -1 718.7050977066209 184.19255244165817 743.1203645346308 196.16620106112197 -1 -1 -1 -1 -1 -1 -1 -1 1 
39 5 Car -1.000000 -1 -1 658.7864767172756 180.58747305937604 688.997275500121 205.11057829948473 -1 -1 -1 -1 -1 -1 -1 -1 1 
39 1 Car -1.000000 -1 -1 750.7798393032132 184.62417137052728 774.0491223820169 199.03341451343783 -1 -1 -1 -1 -1 -1 -1 -1 1 
40 5 Car -1.000000 -1 -1 658.7426421006927 180.53283616421191 689.0016060394154 205.19543778923025 -1 -1 -1 -1 -1 -1 -1 -1 1 
40 1 Car -1.000000 -1 -1 751.4388659442151 184.85739390076867 773.2552094510148 198.56325430397226 -1 -1 -1 -1 -1 -1 -1 -1 1 
41 5 Car -1.000000 -1 -1 658.7158669108662 180.55615762312996 688.9360262507669 205.2530688209673 -1 -1 -1 -1 -1 -1 -1 -1 1 
41 1 Car -1.000000 -1 -1 751.8074390168522 185.21582959133426 772.6185799451432 198.48608317607787 -1 -1 -1 -1 -1 -1 -1 -1 1 
42 5 Car -1.000000 -1 -1 658.8205643445989 180.573554869629 688.7136920942986 205.19503256809458 -1 -1 -1 -1 -1 -1 -1 -1 1 
42 1 Car -1.000000 -1 -1 752.0655307141019 185.51321355783875 772.5512614592076 198.48285742275863 -1 -1 -1 -1 -1 -1 -1 -1 1 
43 5 Car -1.000000 -1 -1 658.990281281481 180.6088776295959 688.7317761681238 205.1410027951211 -1 -1 -1 -1 -1 -1 -1 -1 1 
43 1 Car -1.000000 -1 -1 752.1488882796876 185.75277283702448 772.1912299175737 198.47167518696503 -1 -1 -1 -1 -1 -1 -1 -1 1 
44 5 Car -1.000000 -1 -1 659.050728912495 180.62376385114032 688.892769593324 205.11582932601306 -1 -1 -1 -1 -1 -1 -1 -1 1 
44 1 Car -1.000000 -1 -1 752.2573061022431 185.98854326439508 771.7415356386034 198.44150357336272 -1 -1 -1 -1 -1 -1 -1 -1 1 
45 5 Car -1.000000 -1 -1 659.0786433157848 180.64837042307846 688.8923364154332 205.10141198287909 -1 -1 -1 -1 -1 -1 -1 -1 1 
45 1 Car -1.000000 -1 -1 751.9719314867422 185.95518743004624 771.5446374418033 198.35213817672218 -1 -1 -1 -1 -1 -1 -1 -1 1 
46 5 Car -1.000000 -1 -1 658.9594068874262 180.60606649253668 688.9326356032884 205.10489312362262 -1 -1 -1 -1 -1 -1 -1 -1 1 
46 1 Car -1.000000 -1 -1 751.4407328916103 185.99521441665792 770.9683809686115 198.11973723786366 -1 -1 -1 -1 -1 -1 -1 -1 1 
47 8 Car -1.000000 -1 -1 710.6260670630204 186.08433319192397 737.1590117632343 197.12846981460035 -1 -1 -1 -1 -1 -1 -1 -1 1 
47 5 Car -1.000000 -1 -1 658.9696139364618 180.62763870502397 689.090028208279 205.09281771201216 -1 -1 -1 -1 -1 -1 -1 -1 1 
47 1 Car -1.000000 -1 -1 751.0844623658566 185.99323566646342 770.7167355427127 197.94344688104036 -1 -1 -1 -1 -1 -1 -1 -1 1 
48 8 Car -1.000000 -1 -1 709.8618933384139 185.97622360959588 737.2655120204718 197.39589115850663 -1 -1 -1 -1 -1 -1 -1 -1 1 
48 5 Car -1.000000 -1 -1 658.9787426708484 180.6674773873254 689.1124590334283 205.01429072597 -1 -1 -1 -1 -1 -1 -1 -1 1 
48 1 Car -1.000000 -1 -1 750.84880209785 186.0421627907777 770.8520778812881 197.99947438263973 -1 -1 -1 -1 -1 -1 -1 -1 1 
49 8 Car -1.000000 -1 -1 709.8589117390927 186.1344554150417 737.0045068032541 197.53847752395444 -1 -1 -1 -1 -1 -1 -1 -1 1 
49 5 Car -1.000000 -1 -1 659.0084633510173 180.72741740726218 689.3856207523738 205.0050009085645 -1 -1 -1 -1 -1 -1 -1 -1 1 
49 1 Car -1.000000 -1 -1 750.6565488023385 186.3685577840545 770.3517930523445 198.24494850851696 -1 -1 -1 -1 -1 -1 -1 -1 1 
50 8 Car -1.000000 -1 -1 710.0846887029924 186.1406982882714 736.84376804442 197.39314787995605 -1 -1 -1 -1 -1 -1 -1 -1 1 
50 5 Car -1.000000 -1 -1 659.0313890428642 180.74816918741118 689.4274858722279 204.93928592049696 -1 -1 -1 -1 -1 -1 -1 -1 1 
50 1 Car -1.000000 -1 -1 750.2320768074403 186.32143126429386 769.5095712529319 198.11258033059974 -1 -1 -1 -1 -1 -1 -1 -1 1 
51 8 Car -1.000000 -1 -1 709.5680872005187 186.17489688158776 735.9070152804525 197.10122540961407 -1 -1 -1 -1 -1 -1 -1 -1 1 
51 5 Car -1.000000 -1 -1 659.1554753333542 180.75453299451695 689.5934178502066 204.9350230446548 -1 -1 -1 -1 -1 -1 -1 -1 1 
51 1 Car -1.000000 -1 -1 749.7270535722432 186.3813120259113 769.1302398883038 198.09905405836741 -1 -1 -1 -1 -1 -1 -1 -1 1 
52 8 Car -1.000000 -1 -1 709.583904998938 186.10379048709117 735.4197236182655 196.81536671944193 -1 -1 -1 -1 -1 -1 -1 -1 1 
52 5 Car -1.000000 -1 -1 659.0531922023451 180.77149799316666 689.4617649959923 204.92532840300564 -1 -1 -1 -1 -1 -1 -1 -1 1 
52 1 Car -1.000000 -1 -1 749.4197079981915 186.18791297001465 769.0811692640553 197.86473823104458 -1 -1 -1 -1 -1 -1 -1 -1 1 
53 8 Car -1.000000 -1 -1 711.8449583952461 186.01220287813916 738.675777534007 196.64486034176062 -1 -1 -1 -1 -1 -1 -1 -1 1 
53 5 Car -1.000000 -1 -1 659.0422190218354 180.78952310902648 689.3836632737651 204.94156964314712 -1 -1 -1 -1 -1 -1 -1 -1 1 
53 1 Car -1.000000 -1 -1 749.9008530201617 186.06622487237965 770.2961010725484 197.78393213658532 -1 -1 -1 -1 -1 -1 -1 -1 1 
54 8 Car -1.000000 -1 -1 711.6235346991729 186.36775125034305 739.0520630259542 197.18971402012173 -1 -1 -1 -1 -1 -1 -1 -1 1 
54 5 Car -1.000000 -1 -1 658.927340871963 180.80632689397885 689.4905296554487 205.0389707915752 -1 -1 -1 -1 -1 -1 -1 -1 1 
54 1 Car -1.000000 -1 -1 749.3139612738629 186.18939310679573 770.7694549225006 198.03739060399207 -1 -1 -1 -1 -1 -1 -1 -1 1 
55 8 Car -1.000000 -1 -1 713.6850727577613 185.92950064514713 742.485687755806 197.24461140595486 -1 -1 -1 -1 -1 -1 -1 -1 1 
55 5 Car -1.000000 -1 -1 658.9939690716006 180.83393782770807 690.0903820376249 205.141464431924 -1 -1 -1 -1 -1 -1 -1 -1 1 
56 8 Car -1.000000 -1 -1 713.8934568464127 185.76068016623873 744.0032177121531 197.6432930525794 -1 -1 -1 -1 -1 -1 -1 -1 1 
56 5 Car -1.000000 -1 -1 659.1287922527508 180.81190074523886 691.1083325089762 205.17618016499375 -1 -1 -1 -1 -1 -1 -1 -1 1 
57 5 Car -1.000000 -1 -1 658.9303848806936 180.77933992873866 691.2173979302764 205.14065646070028 -1 -1 -1 -1 -1 -1 -1 -1 1 
58 10 Car -1.000000 -1 -1 762.3390748634799 184.4258074101018 786.6435348529712 197.52696417318157 -1 -1 -1 -1 -1 -1 -1 -1 1 
58 5 Car -1.000000 -1 -1 658.9026194530509 180.75521451312488 691.1124669557933 205.09715386528148 -1 -1 -1 -1 -1 -1 -1 -1 1 
59 10 Car -1.000000 -1 -1 763.5854819309832 184.41505189768634 787.917767695162 197.3045762268299 -1 -1 -1 -1 -1 -1 -1 -1 1 
59 5 Car -1.000000 -1 -1 658.96676006992 180.75184755344506 691.3350136359144 205.1056090696716 -1 -1 -1 -1 -1 -1 -1 -1 1 
60 10 Car -1.000000 -1 -1 763.3502356311448 184.42865054358253 788.7600766650838 197.81322564345624 -1 -1 -1 -1 -1 -1 -1 -1 1 
60 5 Car -1.000000 -1 -1 658.6069800538737 180.76925637364027 690.8549542046167 205.17426970058787 -1 -1 -1 -1 -1 -1 -1 -1 1 
61 10 Car -1.000000 -1 -1 763.5289910573993 184.4848681536409 789.7222483644978 197.86308937654337 -1 -1 -1 -1 -1 -1 -1 -1 1 
61 5 Car -1.000000 -1 -1 658.5773350772367 180.78486254340586 690.9640585823511 205.28221075641542 -1 -1 -1 -1 -1 -1 -1 -1 1 
62 10 Car -1.000000 -1 -1 764.0556866086124 184.58550400800783 791.0336005299955 198.19739523473226 -1 -1 -1 -1 -1 -1 -1 -1 1 
62 5 Car -1.000000 -1 -1 658.5781330600115 180.75099633637657 691.6238321491784 205.38931343361295 -1 -1 -1 -1 -1 -1 -1 -1 1 
63 10 Car -1.000000 -1 -1 764.7037333271704 184.29548980321158 792.0078639029499 197.46714048918727 -1 -1 -1 -1 -1 -1 -1 -1 1 
63 5 Car -1.000000 -1 -1 658.4059984028785 180.75186475709822 691.7872276657534 205.48103393398176 -1 -1 -1 -1 -1 -1 -1 -1 1 
64 10 Car -1.000000 -1 -1 766.748283902256 183.70219704456437 793.2007122136639 196.44596725055905 -1 -1 -1 -1 -1 -1 -1 -1 1 
64 5 Car -1.000000 -1 -1 658.1920530780195 180.7417552052853 691.6081447957694 205.50549038802916 -1 -1 -1 -1 -1 -1 -1 -1 1 
65 10 Car -1.000000 -1 -1 768.9859410733682 183.6256326685917 794.5692428122932 195.94796666280715 -1 -1 -1 -1 -1 -1 -1 -1 1 
65 5 Car -1.000000 -1 -1 658.2393723632803 180.73110701001633 691.35362037785 205.45906861629703 -1 -1 -1 -1 -1 -1 -1 -1 1 
66 10 Car -1.000000 -1 -1 769.7079975205183 183.5485287138451 794.8661809381776 195.5777511447202 -1 -1 -1 -1 -1 -1 -1 -1 1 
66 5 Car -1.000000 -1 -1 658.4447127653218 180.72145111988243 691.3363770049482 205.3358386430014 -1 -1 -1 -1 -1 -1 -1 -1 1 
67 12 Car -1.000000 -1 -1 744.0590858150025 185.50278835725666 765.8116611031018 197.11220756608523 -1 -1 -1 -1 -1 -1 -1 -1 1 
67 5 Car -1.000000 -1 -1 658.6008377558561 180.75358653822087 691.3378521961864 205.28202321358947 -1 -1 -1 -1 -1 -1 -1 -1 1 
68 12 Car -1.000000 -1 -1 743.6914332961087 185.5111866981075 766.3330188319151 196.98419540913477 -1 -1 -1 -1 -1 -1 -1 -1 1 
68 5 Car -1.000000 -1 -1 658.529439078753 180.7980381738811 690.9493647673959 205.25752062902748 -1 -1 -1 -1 -1 -1 -1 -1 1 
69 12 Car -1.000000 -1 -1 743.1754530912818 185.72598644284565 766.9333555077509 197.11026884795447 -1 -1 -1 -1 -1 -1 -1 -1 1 
69 5 Car -1.000000 -1 -1 658.713080776396 180.76439262660946 691.4784537480946 205.21660741903528 -1 -1 -1 -1 -1 -1 -1 -1 1 
70 5 Car -1.000000 -1 -1 658.5501829844297 180.78289244787544 691.4540493705222 205.2745648585274 -1 -1 -1 -1 -1 -1 -1 -1 1 
71 5 Car -1.000000 -1 -1 658.4940928302543 180.79173919575214 691.5705568965756 205.3477183473825 -1 -1 -1 -1 -1 -1 -1 -1 1 
72 5 Car -1.000000 -1 -1 658.2224764544609 180.7868724032928 691.460339631613 205.404373550729 -1 -1 -1 -1 -1 -1 -1 -1 1 
73 5 Car -1.000000 -1 -1 658.5127547361776 180.77358511971977 692.1880159113534 205.43001431373216 -1 -1 -1 -1 -1 -1 -1 -1 1 
74 5 Car -1.000000 -1 -1 658.4263154654132 180.76734298519764 692.4226537125091 205.43533999966726 -1 -1 -1 -1 -1 -1 -1 -1 1 
75 5 Car -1.000000 -1 -1 658.4454199295992 180.77071631923903 692.7001114285686 205.42424404051624 -1 -1 -1 -1 -1 -1 -1 -1 1 
76 5 Car -1.000000 -1 -1 658.3382638259336 180.79290591115907 692.6777422839298 205.4159473000457 -1 -1 -1 -1 -1 -1 -1 -1 1 
77 5 Car -1.000000 -1 -1 658.3133646151134 180.81117976918037 692.987379392001 205.45836979477676 -1 -1 -1 -1 -1 -1 -1 -1 1 
