0 1 Car -1.000000 -1 -1 874.392641926041 218.67110519311746 1243.8745323637359 376.6930699706651 -1 -1 -1 -1 -1 -1 -1 -1 1 
1 1 Car -1.000000 -1 -1 898.4708503343829 224.1230999343136 1245.9006273236057 374.7966483481458 -1 -1 -1 -1 -1 -1 -1 -1 1 
2 1 Car -1.000000 -1 -1 927.9747172449524 228.07443201889782 1249.0002802984254 372.62064357805923 -1 -1 -1 -1 -1 -1 -1 -1 1 
3 1 Car -1.000000 -1 -1 967.6687218056126 243.01558687876718 1249.4983292044417 373.2149284502485 -1 -1 -1 -1 -1 -1 -1 -1 1 
35 2 Car -1.000000 -1 -1 614.1242660838229 153.53602954430687 651.3018616864533 184.09687276400626 -1 -1 -1 -1 -1 -1 -1 -1 1 
68 4 Car -1.000000 -1 -1 559.6014096764458 154.85895329226537 616.6813386987748 198.02827375857538 -1 -1 -1 -1 -1 -1 -1 -1 1 
69 4 Car -1.000000 -1 -1 554.3887285736428 155.55613504344257 614.0118400726158 200.2043222401051 -1 -1 -1 -1 -1 -1 -1 -1 1 
70 4 Car -1.000000 -1 -1 551.1636962031715 157.5384106606045 611.3771734177379 202.96523705908666 -1 -1 -1 -1 -1 -1 -1 -1 1 
71 4 Car -1.000000 -1 -1 548.2913211995252 158.39604741426027 609.81561906888 204.10800639815008 -1 -1 -1 -1 -1 -1 -1 -1 1 
72 4 Car -1.000000 -1 -1 540.5051194766414 157.60186888864354 601.9023338391752 203.86289513973207 -1 -1 -1 -1 -1 -1 -1 -1 1 
73 4 Car -1.000000 -1 -1 536.7746837691711 156.93560087201027 599.5036762865304 204.5450607997099 -1 -1 -1 -1 -1 -1 -1 -1 1 
74 4 Car -1.000000 -1 -1 534.3280660616442 156.03725883637026 596.7658385573261 204.0732943832441 -1 -1 -1 -1 -1 -1 -1 -1 1 
75 4 Car -1.000000 -1 -1 531.9116851175398 155.30990182775443 594.9157773538506 204.205028028736 -1 -1 -1 -1 -1 -1 -1 -1 1 
76 4 Car -1.000000 -1 -1 528.9665187701244 154.71916869078458 594.6858563876665 204.5727370665875 -1 -1 -1 -1 -1 -1 -1 -1 1 
77 4 Car -1.000000 -1 -1 524.366869643236 154.81411046813398 591.8838664564012 205.92225926637346 -1 -1 -1 -1 -1 -1 -1 -1 1 
78 4 Car -1.000000 -1 -1 521.5532317450123 155.33159780161878 590.3738962901799 207.70419143080647 -1 -1 -1 -1 -1 -1 -1 -1 1 
79 4 Car -1.000000 -1 -1 517.9043187994737 156.27671555955476 586.8354289922011 209.69338515337125 -1 -1 -1 -1 -1 -1 -1 -1 1 
80 4 Car -1.000000 -1 -1 515.2334331565893 156.6455637287917 583.9302809163606 211.10026057900924 -1 -1 -1 -1 -1 -1 -1 -1 1 
81 4 Car -1.000000 -1 -1 511.62031373792684 155.69449519101238 580.7074960288194 210.87343802548986 -1 -1 -1 -1 -1 -1 -1 -1 1 
82 5 Car -1.000000 -1 -1 463.2933713916669 176.23085158079638 501.26699240851354 201.85055800917857 -1 -1 -1 -1 -1 -1 -1 -1 1 
82 4 Car -1.000000 -1 -1 507.68677121565287 154.32797187718091 578.3321792042468 210.97873428103685 -1 -1 -1 -1 -1 -1 -1 -1 1 
83 5 Car -1.000000 -1 -1 452.42652288873165 176.17158217457236 490.840506097007 201.91640243173853 -1 -1 -1 -1 -1 -1 -1 -1 1 
83 4 Car -1.000000 -1 -1 503.49356827437555 153.43677566147812 576.4661853088044 211.26472036641098 -1 -1 -1 -1 -1 -1 -1 -1 1 
84 5 Car -1.000000 -1 -1 445.5138657530246 175.7401907475742 487.9213532405427 202.3275696761377 -1 -1 -1 -1 -1 -1 -1 -1 1 
84 4 Car -1.000000 -1 -1 499.4309670666874 152.90732806894778 574.9894673554863 212.32136878328345 -1 -1 -1 -1 -1 -1 -1 -1 1 
85 5 Car -1.000000 -1 -1 440.2950122645119 176.6661792357795 484.95915437272936 203.68136214339717 -1 -1 -1 -1 -1 -1 -1 -1 1 
85 4 Car -1.000000 -1 -1 495.1473327952357 153.08576014270122 573.5551544854928 213.33366697898126 -1 -1 -1 -1 -1 -1 -1 -1 1 
86 5 Car -1.000000 -1 -1 435.9964215504482 176.8321630297246 483.5941810749632 203.95177000876868 -1 -1 -1 -1 -1 -1 -1 -1 1 
86 4 Car -1.000000 -1 -1 491.91334018439625 153.52190692318445 571.8553307484142 215.14628155061328 -1 -1 -1 -1 -1 -1 -1 -1 1 
87 5 Car -1.000000 -1 -1 433.2590300337085 176.90977955919462 482.0110907719365 204.0270004774073 -1 -1 -1 -1 -1 -1 -1 -1 1 
87 4 Car -1.000000 -1 -1 487.74279518691793 152.8851980788039 570.8114030381907 215.46526896555997 -1 -1 -1 -1 -1 -1 -1 -1 1 
88 5 Car -1.000000 -1 -1 425.17061787077245 176.7834276622712 472.68230294690403 203.98430793074738 -1 -1 -1 -1 -1 -1 -1 -1 1 
88 4 Car -1.000000 -1 -1 480.6906815754266 151.6702331539876 565.284235834354 216.09260306144736 -1 -1 -1 -1 -1 -1 -1 -1 1 
89 5 Car -1.000000 -1 -1 417.147213178434 176.03779614970242 468.5748626111351 204.382536570422 -1 -1 -1 -1 -1 -1 -1 -1 1 
89 4 Car -1.000000 -1 -1 473.6356922763596 150.62268226209525 560.0969967538012 216.45268400954328 -1 -1 -1 -1 -1 -1 -1 -1 1 
90 5 Car -1.000000 -1 -1 413.143615904812 176.50459478565276 465.56336139867165 204.92409561536383 -1 -1 -1 -1 -1 -1 -1 -1 1 
90 4 Car -1.000000 -1 -1 468.76393236087694 150.60195919901076 557.5233966019421 218.08076388517236 -1 -1 -1 -1 -1 -1 -1 -1 1 
91 5 Car -1.000000 -1 -1 409.69365878407945 177.07606592672533 463.27899663848626 205.76512115923333 -1 -1 -1 -1 -1 -1 -1 -1 1 
91 4 Car -1.000000 -1 -1 463.28167358457597 150.55227572346843 553.8532573379043 219.74090861252154 -1 -1 -1 -1 -1 -1 -1 -1 1 
92 5 Car -1.000000 -1 -1 406.14505617006876 178.01136831598075 460.17670353554786 207.1135067356289 -1 -1 -1 -1 -1 -1 -1 -1 1 
92 4 Car -1.000000 -1 -1 456.6564268821636 152.87451514559075 549.8897183339441 223.4993643920023 -1 -1 -1 -1 -1 -1 -1 -1 1 
93 5 Car -1.000000 -1 -1 397.7207168345679 180.40050285172634 450.57981860856347 209.7896190339356 -1 -1 -1 -1 -1 -1 -1 -1 1 
93 4 Car -1.000000 -1 -1 450.8982683311749 153.55943871995788 547.0647716043145 226.40801686459173 -1 -1 -1 -1 -1 -1 -1 -1 1 
94 5 Car -1.000000 -1 -1 388.13828132575657 181.2138170778404 443.7857516680474 211.23010041811952 -1 -1 -1 -1 -1 -1 -1 -1 1 
94 4 Car -1.000000 -1 -1 444.3791899836469 153.54553477987525 544.6718024107612 228.21955782181124 -1 -1 -1 -1 -1 -1 -1 -1 1 
95 5 Car -1.000000 -1 -1 384.8560969200045 181.74216928888146 440.8977991444353 212.02049517920867 -1 -1 -1 -1 -1 -1 -1 -1 1 
95 4 Car -1.000000 -1 -1 438.1979427824304 152.9275956875512 541.983541163111 229.5100964487958 -1 -1 -1 -1 -1 -1 -1 -1 1 
96 5 Car -1.000000 -1 -1 380.41490726446415 182.02174414102586 436.6098663378187 212.94542570851024 -1 -1 -1 -1 -1 -1 -1 -1 1 
96 4 Car -1.000000 -1 -1 432.28009134279284 151.76292996553155 539.4718669175273 231.02846819667405 -1 -1 -1 -1 -1 -1 -1 -1 1 
97 5 Car -1.000000 -1 -1 373.77586978341213 182.16146616976107 429.35285470240484 213.43277783067668 -1 -1 -1 -1 -1 -1 -1 -1 1 
97 4 Car -1.000000 -1 -1 427.5469876035908 150.78812572996935 536.4926746634251 232.55590684265547 -1 -1 -1 -1 -1 -1 -1 -1 1 
98 5 Car -1.000000 -1 -1 364.3489241783485 181.98468177009912 421.0869298235914 213.88658919652082 -1 -1 -1 -1 -1 -1 -1 -1 1 
98 4 Car -1.000000 -1 -1 415.5273590994922 149.95379852851184 530.7474188268474 234.6069805038674 -1 -1 -1 -1 -1 -1 -1 -1 1 
99 5 Car -1.000000 -1 -1 358.34623602318976 182.09514730913895 413.91751065291766 214.56090625494443 -1 -1 -1 -1 -1 -1 -1 -1 1 
99 4 Car -1.000000 -1 -1 407.22463387401893 149.51215906829484 525.800546283917 236.70211254045054 -1 -1 -1 -1 -1 -1 -1 -1 1 
100 5 Car -1.000000 -1 -1 347.58435899924814 182.24715788767506 403.8807841736409 215.3586989145742 -1 -1 -1 -1 -1 -1 -1 -1 1 
100 4 Car -1.000000 -1 -1 398.4199213519501 147.6766593153846 519.9500643174415 238.74183902970293 -1 -1 -1 -1 -1 -1 -1 -1 1 
101 5 Car -1.000000 -1 -1 340.15613953676194 181.20465982121345 395.10766229329835 214.66506650448554 -1 -1 -1 -1 -1 -1 -1 -1 1 
101 4 Car -1.000000 -1 -1 390.3379302016519 144.2830519446121 516.2672507249245 239.39730763218768 -1 -1 -1 -1 -1 -1 -1 -1 1 
102 5 Car -1.000000 -1 -1 329.4991793087479 179.87078551765347 383.6959335664377 214.31219819804056 -1 -1 -1 -1 -1 -1 -1 -1 1 
102 4 Car -1.000000 -1 -1 380.8495264321358 140.75272654521694 512.6555910088327 239.7763621059159 -1 -1 -1 -1 -1 -1 -1 -1 1 
103 5 Car -1.000000 -1 -1 319.87557002014074 178.73041791619096 373.9559476234468 214.54017502902633 -1 -1 -1 -1 -1 -1 -1 -1 1 
103 4 Car -1.000000 -1 -1 370.72215236298257 139.06482613470504 507.67286781360724 241.59413658377994 -1 -1 -1 -1 -1 -1 -1 -1 1 
104 5 Car -1.000000 -1 -1 312.0505874512119 178.67256346834878 364.91416036491097 215.53525855584948 -1 -1 -1 -1 -1 -1 -1 -1 1 
104 4 Car -1.000000 -1 -1 360.8280013036759 138.7439094521377 504.00286440676626 244.05034874062903 -1 -1 -1 -1 -1 -1 -1 -1 1 
105 5 Car -1.000000 -1 -1 300.85100585451767 180.46959472814623 351.94806535989153 217.99671203744103 -1 -1 -1 -1 -1 -1 -1 -1 1 
105 4 Car -1.000000 -1 -1 350.51175293801424 139.12885185737935 497.69669994966824 247.47501683494124 -1 -1 -1 -1 -1 -1 -1 -1 1 
106 4 Car -1.000000 -1 -1 337.859913284597 139.41009444042487 492.9516078473301 251.64721056045403 -1 -1 -1 -1 -1 -1 -1 -1 1 
107 4 Car -1.000000 -1 -1 324.61541404961395 138.04071740209318 487.61907843255756 254.44814805209919 -1 -1 -1 -1 -1 -1 -1 -1 1 
108 4 Car -1.000000 -1 -1 308.80341948522914 134.99696845635344 480.07801634368536 256.7847460545906 -1 -1 -1 -1 -1 -1 -1 -1 1 
109 4 Car -1.000000 -1 -1 289.3427700869996 131.26564652602053 469.6061512099717 261.14659321062027 -1 -1 -1 -1 -1 -1 -1 -1 1 
110 4 Car -1.000000 -1 -1 269.943402846204 128.86835323398182 459.9769121640188 265.17532577421275 -1 -1 -1 -1 -1 -1 -1 -1 1 
111 4 Car -1.000000 -1 -1 251.1300955456376 125.63915030496172 452.54515787222476 267.6786973078939 -1 -1 -1 -1 -1 -1 -1 -1 1 
112 4 Car -1.000000 -1 -1 229.8647242910409 123.39919456772883 445.13423251062244 272.21700048253194 -1 -1 -1 -1 -1 -1 -1 -1 1 
113 4 Car -1.000000 -1 -1 206.6495200022341 121.46403021090946 435.51274939751215 276.64936826817774 -1 -1 -1 -1 -1 -1 -1 -1 1 
114 4 Car -1.000000 -1 -1 180.08331688713855 122.36825616404381 424.0634673232864 286.0575944216409 -1 -1 -1 -1 -1 -1 -1 -1 1 
115 4 Car -1.000000 -1 -1 144.28439173779466 121.10866680462128 408.98075884780076 294.3825595881085 -1 -1 -1 -1 -1 -1 -1 -1 1 
116 4 Car -1.000000 -1 -1 109.32709891388029 118.52551286617988 396.1134152349099 303.632663321867 -1 -1 -1 -1 -1 -1 -1 -1 1 
117 4 Car -1.000000 -1 -1 62.11188418847988 113.03536300555764 379.11825401290037 312.0567055496628 -1 -1 -1 -1 -1 -1 -1 -1 1 
118 4 Car -1.000000 -1 -1 28.230838997799168 107.18305165018167 369.9193748640853 322.8194954854158 -1 -1 -1 -1 -1 -1 -1 -1 1 
119 4 Car -1.000000 -1 -1 6.0090016256502565 100.46883844284461 360.5886069110086 332.3874901974996 -1 -1 -1 -1 -1 -1 -1 -1 1 
120 4 Car -1.000000 -1 -1 -5.406119405944679 94.8123961377849 353.58524919139813 342.3385560373867 -1 -1 -1 -1 -1 -1 -1 -1 1 
121 4 Car -1.000000 -1 -1 -13.306199045688032 85.76294315447689 340.48045096953274 349.75440154211634 -1 -1 -1 -1 -1 -1 -1 -1 1 
122 4 Car -1.000000 -1 -1 -19.34252558143649 75.62333583263936 323.5391980697053 353.282673443598 -1 -1 -1 -1 -1 -1 -1 -1 1 
123 4 Car -1.000000 -1 -1 -26.40860669822061 64.5693127623378 300.8311063674689 356.91643406706186 -1 -1 -1 -1 -1 -1 -1 -1 1 
124 4 Car -1.000000 -1 -1 -28.49044661127529 63.65500524413983 280.5464218199131 361.95653688185456 -1 -1 -1 -1 -1 -1 -1 -1 1 
125 4 Car -1.000000 -1 -1 -31.922506729854433 55.370155666656416 256.7491841151484 365.351360333416 -1 -1 -1 -1 -1 -1 -1 -1 1 
126 4 Car -1.000000 -1 -1 -33.025221676972336 59.77772380714913 232.07711583452257 377.7608913828404 -1 -1 -1 -1 -1 -1 -1 -1 1 
127 4 Car -1.000000 -1 -1 -39.88872334239704 74.57559478636483 194.7971480109641 386.11046120671796 -1 -1 -1 -1 -1 -1 -1 -1 1 
128 4 Car -1.000000 -1 -1 -43.713683126019056 103.7998032915693 157.2480568942974 403.85221650272535 -1 -1 -1 -1 -1 -1 -1 -1 1 
