0 3 Car -1.000000 -1 -1 1141.8350231188992 188.4294228707082 1225.8547878081981 225.7236671569542 -1 -1 -1 -1 -1 -1 -1 -1 1 
0 2 Car -1.000000 -1 -1 958.9699322833465 186.19248721247106 1063.9173892255012 221.57326658399631 -1 -1 -1 -1 -1 -1 -1 -1 1 
0 1 Car -1.000000 -1 -1 1055.1977950724272 187.11959338818605 1157.308946708074 223.97859348987157 -1 -1 -1 -1 -1 -1 -1 -1 1 
1 3 Car -1.000000 -1 -1 1141.8445996362545 188.36578902187006 1225.858925664931 225.7212143090954 -1 -1 -1 -1 -1 -1 -1 -1 1 
1 2 Car -1.000000 -1 -1 958.8934500803863 186.1553219845536 1063.9136558075168 221.62349818318324 -1 -1 -1 -1 -1 -1 -1 -1 1 
1 1 Car -1.000000 -1 -1 1055.3470547852223 187.0670797160697 1157.4219659825437 223.9962004605511 -1 -1 -1 -1 -1 -1 -1 -1 1 
2 3 Car -1.000000 -1 -1 1141.8117491690184 188.38102466168624 1225.8255092636357 225.6857496040261 -1 -1 -1 -1 -1 -1 -1 -1 1 
2 2 Car -1.000000 -1 -1 959.0123944086622 186.09944959746517 1063.9770948149023 221.64212222203466 -1 -1 -1 -1 -1 -1 -1 -1 1 
2 1 Car -1.000000 -1 -1 1055.387519676577 187.04922640873377 1157.490609852101 224.0044665741426 -1 -1 -1 -1 -1 -1 -1 -1 1 
3 3 Car -1.000000 -1 -1 1141.8158888205253 188.39930372540192 1225.831534408348 225.72379385193005 -1 -1 -1 -1 -1 -1 -1 -1 1 
3 2 Car -1.000000 -1 -1 959.1245658165162 186.07632634562952 1064.011808607592 221.67804499987488 -1 -1 -1 -1 -1 -1 -1 -1 1 
3 1 Car -1.000000 -1 -1 1055.316117472113 187.04566113081142 1157.499796006769 224.03531332513143 -1 -1 -1 -1 -1 -1 -1 -1 1 
4 3 Car -1.000000 -1 -1 1141.850061054798 188.45018315576806 1225.787659302328 225.7291583843375 -1 -1 -1 -1 -1 -1 -1 -1 1 
4 2 Car -1.000000 -1 -1 959.3087187443348 186.0438450805899 1063.9996377452612 221.70035235651778 -1 -1 -1 -1 -1 -1 -1 -1 1 
4 1 Car -1.000000 -1 -1 1055.3586723779508 187.05339254328953 1157.458472515108 224.01459365241897 -1 -1 -1 -1 -1 -1 -1 -1 1 
5 3 Car -1.000000 -1 -1 1141.7396641497467 188.41532061388835 1225.8175919267132 225.67785449663205 -1 -1 -1 -1 -1 -1 -1 -1 1 
5 2 Car -1.000000 -1 -1 959.2333641280142 186.01807886521053 1063.7874947100913 221.7623200547367 -1 -1 -1 -1 -1 -1 -1 -1 1 
5 1 Car -1.000000 -1 -1 1055.2368464621488 187.06115390940028 1157.4191089071676 224.03800056028126 -1 -1 -1 -1 -1 -1 -1 -1 1 
6 3 Car -1.000000 -1 -1 1141.830249581587 188.43867010445192 1225.906545777967 225.66238762754458 -1 -1 -1 -1 -1 -1 -1 -1 1 
6 2 Car -1.000000 -1 -1 959.3154966592629 185.9774464624563 1063.8115967256517 221.78892782665704 -1 -1 -1 -1 -1 -1 -1 -1 1 
6 1 Car -1.000000 -1 -1 1055.2414282980458 187.0612835512861 1157.449460970529 224.0493684128456 -1 -1 -1 -1 -1 -1 -1 -1 1 
7 3 Car -1.000000 -1 -1 1141.7709325124176 188.4578712213031 1225.8939607211325 225.66862145136048 -1 -1 -1 -1 -1 -1 -1 -1 1 
7 2 Car -1.000000 -1 -1 959.3998654728243 186.0133632148674 1063.8547025303706 221.8133648220931 -1 -1 -1 -1 -1 -1 -1 -1 1 
7 1 Car -1.000000 -1 -1 1055.2558365830803 187.07866209827557 1157.4261914958931 224.09142039380123 -1 -1 -1 -1 -1 -1 -1 -1 1 
8 3 Car -1.000000 -1 -1 1141.7227062237196 188.50700090139037 1225.883658117987 225.65777945495006 -1 -1 -1 -1 -1 -1 -1 -1 1 
8 2 Car -1.000000 -1 -1 959.4995377399841 186.01453873342598 1063.7900769963433 221.79968097233245 -1 -1 -1 -1 -1 -1 -1 -1 1 
8 1 Car -1.000000 -1 -1 1055.2188296518127 187.09138578851207 1157.4698840153576 224.08730387390364 -1 -1 -1 -1 -1 -1 -1 -1 1 
9 3 Car -1.000000 -1 -1 1141.9490293459892 188.55545409266242 1225.8544883840416 225.63210569716452 -1 -1 -1 -1 -1 -1 -1 -1 1 
9 2 Car -1.000000 -1 -1 959.5701965774075 186.02986054485257 1063.7841215365295 221.85733307117056 -1 -1 -1 -1 -1 -1 -1 -1 1 
9 1 Car -1.000000 -1 -1 1055.1166249010926 187.09748809480706 1157.4363166923467 224.0571010114039 -1 -1 -1 -1 -1 -1 -1 -1 1 
10 3 Car -1.000000 -1 -1 1142.1162295580702 188.52303149034765 1225.8142771577427 225.56107647836416 -1 -1 -1 -1 -1 -1 -1 -1 1 
10 2 Car -1.000000 -1 -1 959.5782129366823 186.05995969832216 1063.8216697761077 221.85419452147775 -1 -1 -1 -1 -1 -1 -1 -1 1 
10 1 Car -1.000000 -1 -1 1055.0740550819849 187.08193103754166 1157.4271685040073 224.0179746054992 -1 -1 -1 -1 -1 -1 -1 -1 1 
11 3 Car -1.000000 -1 -1 1142.1767969988966 188.54561467922727 1225.7817955904854 225.5684150664575 -1 -1 -1 -1 -1 -1 -1 -1 1 
11 2 Car -1.000000 -1 -1 959.5286631950835 186.09769302881267 1063.9208941653592 221.85741386219104 -1 -1 -1 -1 -1 -1 -1 -1 1 
11 1 Car -1.000000 -1 -1 1054.996252552042 187.09703853436787 1157.4654636052226 224.01047535146677 -1 -1 -1 -1 -1 -1 -1 -1 1 
12 3 Car -1.000000 -1 -1 1142.1657033593578 188.53259139402888 1225.7446167997505 225.58981270570177 -1 -1 -1 -1 -1 -1 -1 -1 1 
12 2 Car -1.000000 -1 -1 959.3469316257115 186.0834146611353 1063.989535464044 221.82495993221806 -1 -1 -1 -1 -1 -1 -1 -1 1 
12 1 Car -1.000000 -1 -1 1054.969201809509 187.10923533287945 1157.5589549717276 223.9891994541128 -1 -1 -1 -1 -1 -1 -1 -1 1 
13 3 Car -1.000000 -1 -1 1142.2048647550585 188.50323918197043 1225.7179700044278 225.62540444615084 -1 -1 -1 -1 -1 -1 -1 -1 1 
13 2 Car -1.000000 -1 -1 959.1266983483341 186.0681601065323 1064.0099419952132 221.80144554500302 -1 -1 -1 -1 -1 -1 -1 -1 1 
13 1 Car -1.000000 -1 -1 1054.9129788698983 187.10754497707904 1157.5870910979365 223.96653877832517 -1 -1 -1 -1 -1 -1 -1 -1 1 
14 3 Car -1.000000 -1 -1 1142.2179076115783 188.48798541572884 1225.677788701527 225.58631262043107 -1 -1 -1 -1 -1 -1 -1 -1 1 
14 2 Car -1.000000 -1 -1 958.5832625228348 186.0679128015836 1063.9170283482727 221.76144625623505 -1 -1 -1 -1 -1 -1 -1 -1 1 
14 1 Car -1.000000 -1 -1 1054.8168956266672 187.11202981519017 1157.4959212486424 223.94701706026444 -1 -1 -1 -1 -1 -1 -1 -1 1 
15 3 Car -1.000000 -1 -1 1142.2469235272868 188.5059166484273 1225.7019388385327 225.60675514576425 -1 -1 -1 -1 -1 -1 -1 -1 1 
15 2 Car -1.000000 -1 -1 958.517459954473 185.9761235279054 1064.058309622878 221.78443941585405 -1 -1 -1 -1 -1 -1 -1 -1 1 
15 1 Car -1.000000 -1 -1 1054.8361976782098 187.11771673710658 1157.4844810613022 223.97512948404525 -1 -1 -1 -1 -1 -1 -1 -1 1 
16 3 Car -1.000000 -1 -1 1142.4320679222112 188.5351970637679 1225.6562856216535 225.6305120107994 -1 -1 -1 -1 -1 -1 -1 -1 1 
16 2 Car -1.000000 -1 -1 958.3383362503615 185.95109763504854 1064.107195937265 221.83492954443665 -1 -1 -1 -1 -1 -1 -1 -1 1 
16 1 Car -1.000000 -1 -1 1054.7917142744477 187.10155572342126 1157.4773779273364 223.92397961816238 -1 -1 -1 -1 -1 -1 -1 -1 1 
17 3 Car -1.000000 -1 -1 1142.721525341605 188.56041179948352 1225.6865872476817 225.6373983614343 -1 -1 -1 -1 -1 -1 -1 -1 1 
17 2 Car -1.000000 -1 -1 957.4249538018614 185.97120424026065 1063.6545196905686 221.79727611944634 -1 -1 -1 -1 -1 -1 -1 -1 1 
17 1 Car -1.000000 -1 -1 1054.6611991535917 187.09846597587838 1157.3777931107286 223.90327666642096 -1 -1 -1 -1 -1 -1 -1 -1 1 
18 3 Car -1.000000 -1 -1 1142.7368238753897 188.53732014740316 1225.5809493965935 225.62318072466857 -1 -1 -1 -1 -1 -1 -1 -1 1 
18 2 Car -1.000000 -1 -1 957.0703346598885 186.13887483332886 1063.6470775018379 221.701408851149 -1 -1 -1 -1 -1 -1 -1 -1 1 
18 1 Car -1.000000 -1 -1 1054.5967010534189 187.07976981062896 1157.288932852902 223.89702978787344 -1 -1 -1 -1 -1 -1 -1 -1 1 
19 3 Car -1.000000 -1 -1 1142.9691968193956 188.58868644237273 1225.5952435828808 225.63618896945835 -1 -1 -1 -1 -1 -1 -1 -1 1 
19 2 Car -1.000000 -1 -1 956.5101930078704 186.26707652312246 1063.4697040340338 221.6588922077666 -1 -1 -1 -1 -1 -1 -1 -1 1 
19 1 Car -1.000000 -1 -1 1054.8302154352714 187.07469801782966 1157.4171030474108 223.94608252048963 -1 -1 -1 -1 -1 -1 -1 -1 1 
20 3 Car -1.000000 -1 -1 1142.9765856373408 188.64140850331881 1225.5732170170675 225.62458509152816 -1 -1 -1 -1 -1 -1 -1 -1 1 
20 2 Car -1.000000 -1 -1 960.0056098502237 186.2668833987847 1065.63251964266 221.57318273627808 -1 -1 -1 -1 -1 -1 -1 -1 1 
20 1 Car -1.000000 -1 -1 1055.1107445862845 187.0946205757916 1157.3661684471258 223.94770854996742 -1 -1 -1 -1 -1 -1 -1 -1 1 
21 3 Car -1.000000 -1 -1 1142.9290983186936 188.65658911069528 1225.6012212897551 225.60840343043935 -1 -1 -1 -1 -1 -1 -1 -1 1 
21 2 Car -1.000000 -1 -1 966.3863293047838 186.4825954874496 1068.4392707968022 221.67483717747098 -1 -1 -1 -1 -1 -1 -1 -1 1 
21 1 Car -1.000000 -1 -1 1055.3571118491234 187.08978677662162 1157.172174153059 223.98631481050916 -1 -1 -1 -1 -1 -1 -1 -1 1 
22 3 Car -1.000000 -1 -1 1143.2014824812607 188.69783478601025 1225.729053571573 225.6127225640624 -1 -1 -1 -1 -1 -1 -1 -1 1 
22 2 Car -1.000000 -1 -1 977.1674795656232 186.67094651961855 1070.7309021771543 221.9291175312332 -1 -1 -1 -1 -1 -1 -1 -1 1 
22 1 Car -1.000000 -1 -1 1055.2639529143157 187.09161301945687 1156.842406189348 224.00001346190976 -1 -1 -1 -1 -1 -1 -1 -1 1 
23 3 Car -1.000000 -1 -1 1143.4857038446823 188.7189503687357 1225.800874601928 225.59827445538502 -1 -1 -1 -1 -1 -1 -1 -1 1 
23 2 Car -1.000000 -1 -1 982.3871446752555 186.41223798986806 1069.8972384951817 221.90857200437983 -1 -1 -1 -1 -1 -1 -1 -1 1 
23 1 Car -1.000000 -1 -1 1055.2132136667954 187.09012278152161 1156.6175315685252 223.95386031802107 -1 -1 -1 -1 -1 -1 -1 -1 1 
24 3 Car -1.000000 -1 -1 1143.4678687674475 188.72298160465706 1225.7013575055446 225.55870942010816 -1 -1 -1 -1 -1 -1 -1 -1 1 
24 2 Car -1.000000 -1 -1 986.4296834043813 186.7599067127353 1069.124942949228 222.41548254667993 -1 -1 -1 -1 -1 -1 -1 -1 1 
24 1 Car -1.000000 -1 -1 1055.0539733876878 187.12709154001948 1156.441213672487 223.95200342681198 -1 -1 -1 -1 -1 -1 -1 -1 1 
25 3 Car -1.000000 -1 -1 1143.6282131611474 188.6897163633722 1225.7119570274808 225.51992228205216 -1 -1 -1 -1 -1 -1 -1 -1 1 
25 2 Car -1.000000 -1 -1 998.7071037901555 186.99998578837648 1073.338805342653 221.79617991968456 -1 -1 -1 -1 -1 -1 -1 -1 1 
25 1 Car -1.000000 -1 -1 1054.5959548483365 187.22345013296516 1156.292039528993 223.87599899657803 -1 -1 -1 -1 -1 -1 -1 -1 1 
26 3 Car -1.000000 -1 -1 1143.5868669188421 188.69092038323527 1225.725753213505 225.5259648080438 -1 -1 -1 -1 -1 -1 -1 -1 1 
26 2 Car -1.000000 -1 -1 1008.9441213238524 186.82692591542886 1074.157406484746 221.17508298572332 -1 -1 -1 -1 -1 -1 -1 -1 1 
26 1 Car -1.000000 -1 -1 1054.2124473065046 187.25756175272022 1156.0333580890906 223.81764968696297 -1 -1 -1 -1 -1 -1 -1 -1 1 
27 3 Car -1.000000 -1 -1 1143.8178227140902 188.68545756398353 1225.7691506566985 225.4833521593168 -1 -1 -1 -1 -1 -1 -1 -1 1 
27 1 Car -1.000000 -1 -1 1053.8478134449535 187.2092460689626 1155.7286305489745 223.86306756542302 -1 -1 -1 -1 -1 -1 -1 -1 1 
28 3 Car -1.000000 -1 -1 1144.00226185415 188.65050560349692 1225.952948752036 225.4772739160299 -1 -1 -1 -1 -1 -1 -1 -1 1 
28 1 Car -1.000000 -1 -1 1053.2558733831106 187.00971282687175 1155.7770774613177 224.05324205134525 -1 -1 -1 -1 -1 -1 -1 -1 1 
29 3 Car -1.000000 -1 -1 1143.9884029418845 188.67550787125828 1225.8838136573945 225.50559569824225 -1 -1 -1 -1 -1 -1 -1 -1 1 
29 1 Car -1.000000 -1 -1 1053.2435918176748 186.86119200606467 1155.7738196881905 224.27875873202711 -1 -1 -1 -1 -1 -1 -1 -1 1 
30 3 Car -1.000000 -1 -1 1144.101876909541 188.6415677023819 1225.921229949837 225.36374676341535 -1 -1 -1 -1 -1 -1 -1 -1 1 
30 1 Car -1.000000 -1 -1 1057.5582223162774 187.0220852198433 1157.4697373950517 224.37962694174757 -1 -1 -1 -1 -1 -1 -1 -1 1 
31 3 Car -1.000000 -1 -1 1143.7896388865067 188.83618992011972 1225.7550458131457 225.2735201112936 -1 -1 -1 -1 -1 -1 -1 -1 1 
31 1 Car -1.000000 -1 -1 1068.3147896317116 187.28917127064796 1160.4455897293103 224.40277895033955 -1 -1 -1 -1 -1 -1 -1 -1 1 
32 1 Car -1.000000 -1 -1 1080.005461253148 186.97418650429282 1161.678434000506 223.48435856868772 -1 -1 -1 -1 -1 -1 -1 -1 1 
33 1 Car -1.000000 -1 -1 1087.3430227621143 187.552229057306 1161.3014607565196 222.79914061422082 -1 -1 -1 -1 -1 -1 -1 -1 1 
34 7 Car -1.000000 -1 -1 962.3013361964616 185.13150405596122 1058.3907863291981 222.4119772444626 -1 -1 -1 -1 -1 -1 -1 -1 1 
35 7 Car -1.000000 -1 -1 962.7218112285698 185.01272035459823 1062.8766738722072 222.2836119445132 -1 -1 -1 -1 -1 -1 -1 -1 1 
35 3 Car -1.000000 -1 -1 1132.0153656629063 188.78522543991485 1220.4724859977068 224.9004543541091 -1 -1 -1 -1 -1 -1 -1 -1 1 
36 7 Car -1.000000 -1 -1 962.3619018663468 184.8850138632763 1065.043676473404 222.33514815148703 -1 -1 -1 -1 -1 -1 -1 -1 1 
36 3 Car -1.000000 -1 -1 1138.8583444761769 189.55064831806328 1225.0309586174064 225.5460199138435 -1 -1 -1 -1 -1 -1 -1 -1 1 
37 7 Car -1.000000 -1 -1 961.7790282217632 184.99977443910703 1066.6305643961716 222.1912208538122 -1 -1 -1 -1 -1 -1 -1 -1 1 
38 7 Car -1.000000 -1 -1 960.4037269228702 185.2328359144388 1066.5417430149 222.22219964399187 -1 -1 -1 -1 -1 -1 -1 -1 1 
39 7 Car -1.000000 -1 -1 959.7317884771101 185.40822136401056 1066.3075469564535 222.1265307178275 -1 -1 -1 -1 -1 -1 -1 -1 1 
40 8 Car -1.000000 -1 -1 1059.4411548201228 185.19452084219185 1146.4592594743908 225.43578283916665 -1 -1 -1 -1 -1 -1 -1 -1 1 
40 7 Car -1.000000 -1 -1 959.2448088103091 185.66225466387147 1065.9500533921398 222.01944505654808 -1 -1 -1 -1 -1 -1 -1 -1 1 
41 8 Car -1.000000 -1 -1 1059.8753612438957 185.3491710848494 1155.0974400503244 225.6926394754512 -1 -1 -1 -1 -1 -1 -1 -1 1 
41 7 Car -1.000000 -1 -1 959.0231343695496 185.86964389154542 1065.570780207817 221.97084477321704 -1 -1 -1 -1 -1 -1 -1 -1 1 
42 8 Car -1.000000 -1 -1 1058.4858291703845 185.57331420181146 1158.2186058212314 225.51926116603147 -1 -1 -1 -1 -1 -1 -1 -1 1 
42 7 Car -1.000000 -1 -1 959.1406539740508 185.95931473463312 1065.2477622668064 221.96881731495685 -1 -1 -1 -1 -1 -1 -1 -1 1 
43 8 Car -1.000000 -1 -1 1057.0803630480657 185.72543017369148 1158.7974581751848 225.2387215669551 -1 -1 -1 -1 -1 -1 -1 -1 1 
43 7 Car -1.000000 -1 -1 959.2489200188361 185.96795671071263 1065.0098035522074 221.98645789978704 -1 -1 -1 -1 -1 -1 -1 -1 1 
44 8 Car -1.000000 -1 -1 1055.7775532968872 185.88099541338798 1158.7819804910582 225.08897419629753 -1 -1 -1 -1 -1 -1 -1 -1 1 
44 7 Car -1.000000 -1 -1 959.303918815642 185.98818307511266 1064.856280204093 222.00431573932974 -1 -1 -1 -1 -1 -1 -1 -1 1 
45 9 Car -1.000000 -1 -1 1144.9573478375812 186.34959797158243 1220.8694744115444 227.33876197219942 -1 -1 -1 -1 -1 -1 -1 -1 1 
45 8 Car -1.000000 -1 -1 1054.6901918124925 186.00044246880813 1159.258650938986 224.99830613153958 -1 -1 -1 -1 -1 -1 -1 -1 1 
45 7 Car -1.000000 -1 -1 959.1240445647111 185.94888842105365 1064.67385298366 221.9808775485726 -1 -1 -1 -1 -1 -1 -1 -1 1 
46 9 Car -1.000000 -1 -1 1145.319797312459 186.70294378110344 1226.0946209204164 227.57209101733326 -1 -1 -1 -1 -1 -1 -1 -1 1 
46 8 Car -1.000000 -1 -1 1054.1120270980516 186.11511664047433 1159.4364648747016 224.95384361067298 -1 -1 -1 -1 -1 -1 -1 -1 1 
46 7 Car -1.000000 -1 -1 959.0421372540997 185.89449324277678 1064.5741669397828 221.97793560409684 -1 -1 -1 -1 -1 -1 -1 -1 1 
47 9 Car -1.000000 -1 -1 1144.4995479927861 186.98044825950205 1227.8620076476705 227.42950935763514 -1 -1 -1 -1 -1 -1 -1 -1 1 
47 8 Car -1.000000 -1 -1 1053.72234935742 186.20460381651552 1159.4599831720232 224.8871274056859 -1 -1 -1 -1 -1 -1 -1 -1 1 
47 7 Car -1.000000 -1 -1 959.0409297349152 185.88073772163256 1064.5615312814652 221.98991458745792 -1 -1 -1 -1 -1 -1 -1 -1 1 
48 9 Car -1.000000 -1 -1 1143.611465847115 187.20358256674032 1228.4289689796435 227.2003954545601 -1 -1 -1 -1 -1 -1 -1 -1 1 
48 8 Car -1.000000 -1 -1 1053.4803099506423 186.29121736962762 1159.496997608063 224.79833719496915 -1 -1 -1 -1 -1 -1 -1 -1 1 
48 7 Car -1.000000 -1 -1 958.9327861653912 185.90005309645738 1064.429966351799 222.03379661186983 -1 -1 -1 -1 -1 -1 -1 -1 1 
49 9 Car -1.000000 -1 -1 1143.1085940225582 187.4460634307023 1228.5812255558938 226.93756017538485 -1 -1 -1 -1 -1 -1 -1 -1 1 
49 8 Car -1.000000 -1 -1 1053.1802747124955 186.39601075439424 1159.452916287735 224.68360498000965 -1 -1 -1 -1 -1 -1 -1 -1 1 
49 7 Car -1.000000 -1 -1 958.6307456982929 185.91551991410284 1064.197339579391 222.06720833279417 -1 -1 -1 -1 -1 -1 -1 -1 1 
50 9 Car -1.000000 -1 -1 1142.7491236533776 187.6075797997632 1228.6254937917581 226.7429479390167 -1 -1 -1 -1 -1 -1 -1 -1 1 
50 8 Car -1.000000 -1 -1 1053.0024542647411 186.48750299418688 1159.368736685648 224.59672118874434 -1 -1 -1 -1 -1 -1 -1 -1 1 
50 7 Car -1.000000 -1 -1 958.5960516908423 185.92624501375644 1064.2052361778906 222.071144103272 -1 -1 -1 -1 -1 -1 -1 -1 1 
51 9 Car -1.000000 -1 -1 1142.587052263626 187.7586900637423 1228.4818701705844 226.5650172433221 -1 -1 -1 -1 -1 -1 -1 -1 1 
51 8 Car -1.000000 -1 -1 1052.860099452862 186.5734323006115 1159.25998765647 224.4798292060142 -1 -1 -1 -1 -1 -1 -1 -1 1 
51 7 Car -1.000000 -1 -1 958.7375984325455 186.0189169270932 1064.4725212530007 222.07827319757882 -1 -1 -1 -1 -1 -1 -1 -1 1 
52 9 Car -1.000000 -1 -1 1142.454274040297 187.840695339275 1228.335686019789 226.48733838868947 -1 -1 -1 -1 -1 -1 -1 -1 1 
52 8 Car -1.000000 -1 -1 1053.0129567934196 186.6056579318073 1159.2249325512257 224.439614792754 -1 -1 -1 -1 -1 -1 -1 -1 1 
52 7 Car -1.000000 -1 -1 958.5367556477509 186.01249738185896 1063.9558925067684 222.08317627629816 -1 -1 -1 -1 -1 -1 -1 -1 1 
53 9 Car -1.000000 -1 -1 1142.601737181559 187.9028392713303 1228.3190696403187 226.4393227631687 -1 -1 -1 -1 -1 -1 -1 -1 1 
53 8 Car -1.000000 -1 -1 1053.0887904013282 186.62424909561722 1159.015133687489 224.45496908159558 -1 -1 -1 -1 -1 -1 -1 -1 1 
53 7 Car -1.000000 -1 -1 957.3774875337662 186.01429629454609 1063.305051782795 221.95045469165527 -1 -1 -1 -1 -1 -1 -1 -1 1 
54 9 Car -1.000000 -1 -1 1142.6706260093056 187.97948858947282 1228.1821193909068 226.3637263335556 -1 -1 -1 -1 -1 -1 -1 -1 1 
54 8 Car -1.000000 -1 -1 1053.1417341081174 186.64897064378613 1158.8280391907338 224.3739431246682 -1 -1 -1 -1 -1 -1 -1 -1 1 
54 7 Car -1.000000 -1 -1 956.0130124636513 186.0472083711631 1062.9399374797924 221.73742593912277 -1 -1 -1 -1 -1 -1 -1 -1 1 
55 9 Car -1.000000 -1 -1 1142.6834177973878 188.04823623225533 1228.0296245185068 226.30658893706502 -1 -1 -1 -1 -1 -1 -1 -1 1 
55 8 Car -1.000000 -1 -1 1053.3059151726088 186.6831286219696 1158.701859766742 224.37708157716483 -1 -1 -1 -1 -1 -1 -1 -1 1 
55 7 Car -1.000000 -1 -1 957.0600505283948 186.00515883373984 1064.06074081518 221.42158737769697 -1 -1 -1 -1 -1 -1 -1 -1 1 
56 9 Car -1.000000 -1 -1 1142.678590395123 188.07592857480074 1227.8654787014832 226.2599644910551 -1 -1 -1 -1 -1 -1 -1 -1 1 
56 8 Car -1.000000 -1 -1 1053.3020942027754 186.71900011315327 1158.3465778393481 224.38009569764088 -1 -1 -1 -1 -1 -1 -1 -1 1 
56 7 Car -1.000000 -1 -1 970.8531137973248 185.8014744188636 1069.9045174431667 221.32209655917248 -1 -1 -1 -1 -1 -1 -1 -1 1 
57 9 Car -1.000000 -1 -1 1142.8766316460917 188.10076938824164 1227.7887957014252 226.23692724762043 -1 -1 -1 -1 -1 -1 -1 -1 1 
57 8 Car -1.000000 -1 -1 1053.291153617478 186.74323688129687 1157.9691277028978 224.3216082169106 -1 -1 -1 -1 -1 -1 -1 -1 1 
57 7 Car -1.000000 -1 -1 981.8978671957987 186.09856444730985 1071.688503506566 221.7866580271551 -1 -1 -1 -1 -1 -1 -1 -1 1 
58 9 Car -1.000000 -1 -1 1143.0210428671094 188.11518813670176 1227.6649616763902 226.1699179330567 -1 -1 -1 -1 -1 -1 -1 -1 1 
58 8 Car -1.000000 -1 -1 1052.9651986036968 186.8095845154956 1157.5508098778694 224.30197067549665 -1 -1 -1 -1 -1 -1 -1 -1 1 
58 7 Car -1.000000 -1 -1 995.5714066843454 186.14611945715836 1075.2877219951972 221.37382556910825 -1 -1 -1 -1 -1 -1 -1 -1 1 
59 9 Car -1.000000 -1 -1 1143.2153574921965 188.12321855676348 1227.5563832174391 226.0966700855191 -1 -1 -1 -1 -1 -1 -1 -1 1 
59 8 Car -1.000000 -1 -1 1053.4639452861645 186.80990245414907 1157.3167619384697 224.29689176007966 -1 -1 -1 -1 -1 -1 -1 -1 1 
59 7 Car -1.000000 -1 -1 1005.8487222319262 186.6771029371053 1075.1196845480574 221.1431801492006 -1 -1 -1 -1 -1 -1 -1 -1 1 
60 9 Car -1.000000 -1 -1 1143.135044911437 188.09060727723704 1227.4568376322004 226.01336396380452 -1 -1 -1 -1 -1 -1 -1 -1 1 
60 8 Car -1.000000 -1 -1 1053.4369482480781 186.55511010470678 1157.1147718512736 224.39204098410676 -1 -1 -1 -1 -1 -1 -1 -1 1 
61 9 Car -1.000000 -1 -1 1142.947381478511 188.1233174416638 1227.3336367747893 225.9588737105683 -1 -1 -1 -1 -1 -1 -1 -1 1 
61 8 Car -1.000000 -1 -1 1053.355610436208 186.26967941922976 1156.8996808548447 224.65195377895213 -1 -1 -1 -1 -1 -1 -1 -1 1 
62 8 Car -1.000000 -1 -1 1060.6562470174956 186.97990454338844 1159.702753695952 225.9497684970841 -1 -1 -1 -1 -1 -1 -1 -1 1 
63 8 Car -1.000000 -1 -1 1075.3016764357326 186.4572947014688 1163.7235127844892 224.40354034124584 -1 -1 -1 -1 -1 -1 -1 -1 1 
64 10 Car -1.000000 -1 -1 964.2628470943577 184.40523685422443 1062.4816064954978 222.96833949653723 -1 -1 -1 -1 -1 -1 -1 -1 1 
65 10 Car -1.000000 -1 -1 963.0082478379624 184.58897773395324 1064.6676249649354 222.88712816999652 -1 -1 -1 -1 -1 -1 -1 -1 1 
65 9 Car -1.000000 -1 -1 1122.561752731675 187.23575325273688 1204.3069481340608 224.79090685285925 -1 -1 -1 -1 -1 -1 -1 -1 1 
66 10 Car -1.000000 -1 -1 961.4718586903552 184.91179065394454 1065.1807126541607 222.6806768680775 -1 -1 -1 -1 -1 -1 -1 -1 1 
67 10 Car -1.000000 -1 -1 960.3190622395198 185.17368274008132 1065.2822476180334 222.47490643694343 -1 -1 -1 -1 -1 -1 -1 -1 1 
68 10 Car -1.000000 -1 -1 959.7686162005328 185.48985469659218 1064.7920621352446 222.28056261286437 -1 -1 -1 -1 -1 -1 -1 -1 1 
69 11 Car -1.000000 -1 -1 1057.5392798284238 186.04353281267325 1156.4598667872783 225.07171309436453 -1 -1 -1 -1 -1 -1 -1 -1 1 
69 10 Car -1.000000 -1 -1 959.3979702756898 185.73949789163694 1064.5525908523953 222.20764085041398 -1 -1 -1 -1 -1 -1 -1 -1 1 
70 11 Car -1.000000 -1 -1 1056.6521569578044 186.24389843125303 1157.2714370085046 224.69366256545797 -1 -1 -1 -1 -1 -1 -1 -1 1 
70 10 Car -1.000000 -1 -1 959.1441602122457 185.8900386371596 1064.5207052434764 222.0836735690761 -1 -1 -1 -1 -1 -1 -1 -1 1 
71 11 Car -1.000000 -1 -1 1055.6427034264796 186.31694050403564 1157.7358677410796 224.83198640816744 -1 -1 -1 -1 -1 -1 -1 -1 1 
71 10 Car -1.000000 -1 -1 958.9180363683145 185.91545648749718 1064.470263247044 222.0233014423701 -1 -1 -1 -1 -1 -1 -1 -1 1 
72 13 Car -1.000000 -1 -1 1145.6332284538894 186.43284845676274 1226.2839602592262 227.92128263389517 -1 -1 -1 -1 -1 -1 -1 -1 1 
72 11 Car -1.000000 -1 -1 1054.7674827698117 186.3406375039205 1158.0985354114107 224.79581372819246 -1 -1 -1 -1 -1 -1 -1 -1 1 
72 10 Car -1.000000 -1 -1 958.8055566791965 185.9190355917432 1064.4832088438848 222.00753046726797 -1 -1 -1 -1 -1 -1 -1 -1 1 
73 13 Car -1.000000 -1 -1 1144.630052287437 186.73039273505907 1228.0375034158649 227.69829439845097 -1 -1 -1 -1 -1 -1 -1 -1 1 
73 11 Car -1.000000 -1 -1 1054.1976924193166 186.38933559872908 1158.3328815908392 224.70521216152258 -1 -1 -1 -1 -1 -1 -1 -1 1 
73 10 Car -1.000000 -1 -1 958.7228774635819 185.93863810315688 1064.4113002099182 222.00472627529527 -1 -1 -1 -1 -1 -1 -1 -1 1 
74 13 Car -1.000000 -1 -1 1143.5463350174475 186.97776852050478 1228.5199235548528 227.4458289305219 -1 -1 -1 -1 -1 -1 -1 -1 1 
74 11 Car -1.000000 -1 -1 1053.8905741616788 186.45082250920296 1158.4084284943494 224.66068742231636 -1 -1 -1 -1 -1 -1 -1 -1 1 
74 10 Car -1.000000 -1 -1 958.7188437425548 185.93547838720787 1064.3742566892297 221.98142089194693 -1 -1 -1 -1 -1 -1 -1 -1 1 
75 13 Car -1.000000 -1 -1 1142.933618979724 187.20731641972557 1228.6359915222502 227.19042340090314 -1 -1 -1 -1 -1 -1 -1 -1 1 
75 11 Car -1.000000 -1 -1 1053.691184143793 186.49836024642968 1158.4429776215518 224.60389281631507 -1 -1 -1 -1 -1 -1 -1 -1 1 
75 10 Car -1.000000 -1 -1 958.7330923637059 185.94454931384234 1064.3395225459367 221.97727420057237 -1 -1 -1 -1 -1 -1 -1 -1 1 
76 13 Car -1.000000 -1 -1 1142.5456226472522 187.3734497610365 1228.6244467332028 226.9770017879796 -1 -1 -1 -1 -1 -1 -1 -1 1 
76 11 Car -1.000000 -1 -1 1053.547636207097 186.5509613534644 1158.4396740983614 224.5367965408539 -1 -1 -1 -1 -1 -1 -1 -1 1 
76 10 Car -1.000000 -1 -1 958.7476614313982 185.96145652701438 1064.262793087296 221.96888299024835 -1 -1 -1 -1 -1 -1 -1 -1 1 
77 13 Car -1.000000 -1 -1 1142.127375178532 187.51425690965615 1228.484084997273 226.803780741925 -1 -1 -1 -1 -1 -1 -1 -1 1 
77 11 Car -1.000000 -1 -1 1053.5075232858808 186.59823979270715 1158.4347641709182 224.50259290675183 -1 -1 -1 -1 -1 -1 -1 -1 1 
77 10 Car -1.000000 -1 -1 958.6509216342477 185.96647753675916 1064.1587592536832 221.95576467382887 -1 -1 -1 -1 -1 -1 -1 -1 1 
78 13 Car -1.000000 -1 -1 1141.7696166821117 187.61699296329414 1228.3399147851926 226.6918727438342 -1 -1 -1 -1 -1 -1 -1 -1 1 
78 11 Car -1.000000 -1 -1 1053.524781045151 186.6401186015292 1158.397942015898 224.4911575820547 -1 -1 -1 -1 -1 -1 -1 -1 1 
78 10 Car -1.000000 -1 -1 958.6356767701418 185.9703887819403 1064.124443454358 221.9229498538782 -1 -1 -1 -1 -1 -1 -1 -1 1 
79 13 Car -1.000000 -1 -1 1141.7083722616492 187.70975198161133 1228.2307807512277 226.58992048241456 -1 -1 -1 -1 -1 -1 -1 -1 1 
79 11 Car -1.000000 -1 -1 1053.5259509344023 186.6745892115227 1158.3717654298976 224.45303958290071 -1 -1 -1 -1 -1 -1 -1 -1 1 
79 10 Car -1.000000 -1 -1 958.6491680817127 186.00185191504187 1064.0524075792578 221.89405225700244 -1 -1 -1 -1 -1 -1 -1 -1 1 
80 13 Car -1.000000 -1 -1 1141.6205364329026 187.77669007393388 1228.079571235569 226.47601162328112 -1 -1 -1 -1 -1 -1 -1 -1 1 
80 11 Car -1.000000 -1 -1 1053.5117693260986 186.70834677833525 1158.3205005318214 224.3869725784293 -1 -1 -1 -1 -1 -1 -1 -1 1 
80 10 Car -1.000000 -1 -1 958.6837841194097 186.04572164905952 1064.127714135479 221.86227775631292 -1 -1 -1 -1 -1 -1 -1 -1 1 
81 13 Car -1.000000 -1 -1 1141.5621983691117 187.86722705930396 1227.9774478622794 226.40498915653097 -1 -1 -1 -1 -1 -1 -1 -1 1 
81 11 Car -1.000000 -1 -1 1053.5707777898426 186.74498723232426 1158.249130852843 224.3832182111035 -1 -1 -1 -1 -1 -1 -1 -1 1 
81 10 Car -1.000000 -1 -1 958.7533046102649 186.06063948446578 1064.1686267432337 221.8535417249503 -1 -1 -1 -1 -1 -1 -1 -1 1 
82 13 Car -1.000000 -1 -1 1141.5051015448862 187.92356467373543 1227.8570233005053 226.33450941206235 -1 -1 -1 -1 -1 -1 -1 -1 1 
82 11 Car -1.000000 -1 -1 1053.6048553491246 186.76704046237398 1158.1789584830167 224.37301907552927 -1 -1 -1 -1 -1 -1 -1 -1 1 
82 10 Car -1.000000 -1 -1 958.826771191129 186.09471943284308 1064.2051355576068 221.8417004441472 -1 -1 -1 -1 -1 -1 -1 -1 1 
83 13 Car -1.000000 -1 -1 1141.4220505210828 187.9712891610625 1227.7338144867176 226.2514032440323 -1 -1 -1 -1 -1 -1 -1 -1 1 
83 11 Car -1.000000 -1 -1 1053.6557717675823 186.78047797707802 1158.1254659197539 224.34604680313885 -1 -1 -1 -1 -1 -1 -1 -1 1 
83 10 Car -1.000000 -1 -1 958.7388722172298 186.1381244433906 1064.2137866481985 221.8111496983965 -1 -1 -1 -1 -1 -1 -1 -1 1 
84 13 Car -1.000000 -1 -1 1141.4065329922992 188.0092425451437 1227.6469409827682 226.1799971852983 -1 -1 -1 -1 -1 -1 -1 -1 1 
84 11 Car -1.000000 -1 -1 1053.5581802297313 186.79650860541733 1158.0032650571604 224.3141307436175 -1 -1 -1 -1 -1 -1 -1 -1 1 
84 10 Car -1.000000 -1 -1 958.7733018664231 186.1761616047672 1064.1729539360708 221.83431927437104 -1 -1 -1 -1 -1 -1 -1 -1 1 
85 13 Car -1.000000 -1 -1 1141.4730114669758 188.04666139075698 1227.5402914023773 226.13063028988398 -1 -1 -1 -1 -1 -1 -1 -1 1 
85 11 Car -1.000000 -1 -1 1053.6020829849192 186.8134850174974 1157.980688865195 224.30006035615153 -1 -1 -1 -1 -1 -1 -1 -1 1 
85 10 Car -1.000000 -1 -1 958.8371173448988 186.1483425319896 1064.1407112226873 221.82098782531529 -1 -1 -1 -1 -1 -1 -1 -1 1 
86 13 Car -1.000000 -1 -1 1141.510373421148 188.07065051957298 1227.4234794456202 226.11143433592017 -1 -1 -1 -1 -1 -1 -1 -1 1 
86 11 Car -1.000000 -1 -1 1053.6885116122671 186.83462536663487 1157.9560486884293 224.2918168825705 -1 -1 -1 -1 -1 -1 -1 -1 1 
86 10 Car -1.000000 -1 -1 958.94437842258 186.1345532776498 1064.1334097548454 221.80131196129867 -1 -1 -1 -1 -1 -1 -1 -1 1 
87 13 Car -1.000000 -1 -1 1141.566148705063 188.07310126851178 1227.331760843182 226.1025588681993 -1 -1 -1 -1 -1 -1 -1 -1 1 
87 11 Car -1.000000 -1 -1 1053.751048113102 186.85479124802734 1157.918688702043 224.2814209786509 -1 -1 -1 -1 -1 -1 -1 -1 1 
87 10 Car -1.000000 -1 -1 959.0362354477528 186.1030427758883 1064.082856445095 221.7913496627042 -1 -1 -1 -1 -1 -1 -1 -1 1 
88 13 Car -1.000000 -1 -1 1141.5735397506653 188.08179886568925 1227.2149242682283 226.0905153867602 -1 -1 -1 -1 -1 -1 -1 -1 1 
88 11 Car -1.000000 -1 -1 1053.7490835790904 186.87347734323652 1157.8782216802056 224.2647993462923 -1 -1 -1 -1 -1 -1 -1 -1 1 
88 10 Car -1.000000 -1 -1 959.0976908070589 186.1063483396959 1064.0478187180436 221.7857182252887 -1 -1 -1 -1 -1 -1 -1 -1 1 
89 13 Car -1.000000 -1 -1 1141.5538368742732 188.08101398223351 1227.1152682914308 226.0695738236359 -1 -1 -1 -1 -1 -1 -1 -1 1 
89 11 Car -1.000000 -1 -1 1053.8535590710762 186.8791033294939 1157.9155717818435 224.25603973042587 -1 -1 -1 -1 -1 -1 -1 -1 1 
89 10 Car -1.000000 -1 -1 959.1585832771941 186.0937030776879 1064.0118966987873 221.77628457334112 -1 -1 -1 -1 -1 -1 -1 -1 1 
90 13 Car -1.000000 -1 -1 1141.4009539422543 188.0900232471619 1227.0064839868803 226.04677063431237 -1 -1 -1 -1 -1 -1 -1 -1 1 
90 11 Car -1.000000 -1 -1 1053.9763234788832 186.88901082691396 1157.8665364099472 224.2637245501223 -1 -1 -1 -1 -1 -1 -1 -1 1 
90 10 Car -1.000000 -1 -1 959.1591395491417 186.11334053041256 1063.9896167147235 221.7666970018404 -1 -1 -1 -1 -1 -1 -1 -1 1 
91 13 Car -1.000000 -1 -1 1141.3196970928311 188.08468972471977 1226.9334799343906 226.03183829686108 -1 -1 -1 -1 -1 -1 -1 -1 1 
91 11 Car -1.000000 -1 -1 1054.0104212901838 186.87327429019427 1157.7798540290546 224.25819575303655 -1 -1 -1 -1 -1 -1 -1 -1 1 
91 10 Car -1.000000 -1 -1 959.1198169224966 186.11203669762102 1063.9597265213563 221.7601322715347 -1 -1 -1 -1 -1 -1 -1 -1 1 
92 13 Car -1.000000 -1 -1 1141.3112291585435 188.08869693413257 1226.949974602354 226.0304112846351 -1 -1 -1 -1 -1 -1 -1 -1 1 
92 11 Car -1.000000 -1 -1 1054.0071242922634 186.8627782348713 1157.7178801819489 224.26574462626104 -1 -1 -1 -1 -1 -1 -1 -1 1 
92 10 Car -1.000000 -1 -1 959.2124692736691 186.1019403684566 1063.9582068484906 221.76294639385782 -1 -1 -1 -1 -1 -1 -1 -1 1 
93 13 Car -1.000000 -1 -1 1141.366796534813 188.11941087265552 1226.9294773978074 226.0231243109252 -1 -1 -1 -1 -1 -1 -1 -1 1 
93 11 Car -1.000000 -1 -1 1054.0225168571847 186.85573089099208 1157.6883496045966 224.2530631135509 -1 -1 -1 -1 -1 -1 -1 -1 1 
93 10 Car -1.000000 -1 -1 959.247056409821 186.09080542602376 1063.92728091113 221.76334385518012 -1 -1 -1 -1 -1 -1 -1 -1 1 
94 13 Car -1.000000 -1 -1 1141.3793829199942 188.15534515825263 1226.8925562894872 226.00345560399367 -1 -1 -1 -1 -1 -1 -1 -1 1 
94 11 Car -1.000000 -1 -1 1054.029583690224 186.86218795600547 1157.65347866977 224.25832277481845 -1 -1 -1 -1 -1 -1 -1 -1 1 
94 10 Car -1.000000 -1 -1 959.2893835149555 186.08384327571295 1063.9482772250838 221.753237284343 -1 -1 -1 -1 -1 -1 -1 -1 1 
95 13 Car -1.000000 -1 -1 1141.4128456362678 188.19974710230224 1226.8491346809392 225.9875613840017 -1 -1 -1 -1 -1 -1 -1 -1 1 
95 11 Car -1.000000 -1 -1 1053.9986153645489 186.87359170707197 1157.6354268500743 224.25768399119784 -1 -1 -1 -1 -1 -1 -1 -1 1 
95 10 Car -1.000000 -1 -1 959.4209484282779 186.0482222902147 1063.9642710932349 221.77204407936767 -1 -1 -1 -1 -1 -1 -1 -1 1 
96 13 Car -1.000000 -1 -1 1141.5752195690218 188.22894664408665 1226.8559966451646 226.00065389979318 -1 -1 -1 -1 -1 -1 -1 -1 1 
96 11 Car -1.000000 -1 -1 1053.9895185518767 186.8738221247815 1157.6278837074606 224.26545316618746 -1 -1 -1 -1 -1 -1 -1 -1 1 
96 10 Car -1.000000 -1 -1 959.5192840724469 186.00999614088343 1063.9381491989313 221.78572930795636 -1 -1 -1 -1 -1 -1 -1 -1 1 
97 13 Car -1.000000 -1 -1 1141.5962522078914 188.23674812188233 1226.8079670323339 225.9923916922121 -1 -1 -1 -1 -1 -1 -1 -1 1 
97 11 Car -1.000000 -1 -1 1053.9800189569457 186.8828897781468 1157.6329552244658 224.269865651123 -1 -1 -1 -1 -1 -1 -1 -1 1 
97 10 Car -1.000000 -1 -1 959.6924961442368 185.98553192906843 1063.9493271130066 221.81642680966996 -1 -1 -1 -1 -1 -1 -1 -1 1 
98 13 Car -1.000000 -1 -1 1141.6546020936146 188.2511823048987 1226.762583841007 225.96553111733368 -1 -1 -1 -1 -1 -1 -1 -1 1 
98 11 Car -1.000000 -1 -1 1053.918497484215 186.88949257626223 1157.611559671283 224.2326713960819 -1 -1 -1 -1 -1 -1 -1 -1 1 
98 10 Car -1.000000 -1 -1 959.7908063016887 185.95547080790635 1063.9246741440288 221.8527222471635 -1 -1 -1 -1 -1 -1 -1 -1 1 
99 13 Car -1.000000 -1 -1 1141.696446710624 188.27075838730596 1226.684422049926 225.91554878131225 -1 -1 -1 -1 -1 -1 -1 -1 1 
99 11 Car -1.000000 -1 -1 1053.8222327629528 186.90643895107533 1157.6472891597364 224.1649239913152 -1 -1 -1 -1 -1 -1 -1 -1 1 
99 10 Car -1.000000 -1 -1 959.7840459691089 185.95204875950398 1063.8760510661632 221.87745407376448 -1 -1 -1 -1 -1 -1 -1 -1 1 
100 13 Car -1.000000 -1 -1 1141.7524370409462 188.29693697763804 1226.645057058042 225.90008554650217 -1 -1 -1 -1 -1 -1 -1 -1 1 
100 11 Car -1.000000 -1 -1 1053.7589060142493 186.93030837880258 1157.6486416268729 224.13392592174648 -1 -1 -1 -1 -1 -1 -1 -1 1 
100 10 Car -1.000000 -1 -1 959.8105541991451 185.92901758664084 1063.8904259648516 221.8914697220054 -1 -1 -1 -1 -1 -1 -1 -1 1 
101 13 Car -1.000000 -1 -1 1141.8097381929285 188.30602135285275 1226.5812890615236 225.87087199517637 -1 -1 -1 -1 -1 -1 -1 -1 1 
101 11 Car -1.000000 -1 -1 1053.7381132008095 186.9507473401064 1157.6614329557383 224.09000309924838 -1 -1 -1 -1 -1 -1 -1 -1 1 
101 10 Car -1.000000 -1 -1 959.7426798497323 185.93578019232254 1063.8387850689487 221.89612029197556 -1 -1 -1 -1 -1 -1 -1 -1 1 
102 13 Car -1.000000 -1 -1 1141.6902299266517 188.27751182484428 1226.5231056825396 225.87853731701807 -1 -1 -1 -1 -1 -1 -1 -1 1 
102 11 Car -1.000000 -1 -1 1053.812915959174 186.97437676092648 1157.6643173320717 224.10826061836963 -1 -1 -1 -1 -1 -1 -1 -1 1 
102 10 Car -1.000000 -1 -1 959.7335892181452 185.95104023817515 1063.8780904879004 221.88353136847144 -1 -1 -1 -1 -1 -1 -1 -1 1 
103 13 Car -1.000000 -1 -1 1141.7039704243564 188.2969167069047 1226.540725002 225.87933630993837 -1 -1 -1 -1 -1 -1 -1 -1 1 
103 11 Car -1.000000 -1 -1 1053.8370981014546 186.99052434776095 1157.6131509726197 224.11689020124842 -1 -1 -1 -1 -1 -1 -1 -1 1 
103 10 Car -1.000000 -1 -1 959.7164028285437 185.9307906422377 1063.9608477694233 221.91807345692735 -1 -1 -1 -1 -1 -1 -1 -1 1 
104 13 Car -1.000000 -1 -1 1141.6382222541758 188.32662867980787 1226.5041439106878 225.85422333435127 -1 -1 -1 -1 -1 -1 -1 -1 1 
104 11 Car -1.000000 -1 -1 1053.8137620344528 187.00198481581086 1157.6686139306644 224.08644522150936 -1 -1 -1 -1 -1 -1 -1 -1 1 
104 10 Car -1.000000 -1 -1 959.5048292709008 185.91447835210275 1063.836284982127 221.92537958175203 -1 -1 -1 -1 -1 -1 -1 -1 1 
105 13 Car -1.000000 -1 -1 1141.662938308971 188.3235857335639 1226.4311414563392 225.7832483452221 -1 -1 -1 -1 -1 -1 -1 -1 1 
105 11 Car -1.000000 -1 -1 1053.8194335513272 187.00913585518794 1157.7082999697145 224.04429683057361 -1 -1 -1 -1 -1 -1 -1 -1 1 
105 10 Car -1.000000 -1 -1 959.3821196164886 185.90558327064196 1063.8323476504415 221.92780881890377 -1 -1 -1 -1 -1 -1 -1 -1 1 
106 13 Car -1.000000 -1 -1 1141.6947602803043 188.32444263008844 1226.4036813930902 225.79341953492204 -1 -1 -1 -1 -1 -1 -1 -1 1 
106 11 Car -1.000000 -1 -1 1053.8198503721262 187.02088837071116 1157.6726034952974 224.0371815119672 -1 -1 -1 -1 -1 -1 -1 -1 1 
106 10 Car -1.000000 -1 -1 959.3362697048661 186.00667418871365 1064.0296743950246 222.0082165258957 -1 -1 -1 -1 -1 -1 -1 -1 1 
107 13 Car -1.000000 -1 -1 1141.7902219440753 188.32667192640085 1226.3904567145578 225.78224257945382 -1 -1 -1 -1 -1 -1 -1 -1 1 
107 11 Car -1.000000 -1 -1 1053.8240375820471 187.02905942170693 1157.6881563026707 224.00134165942856 -1 -1 -1 -1 -1 -1 -1 -1 1 
107 10 Car -1.000000 -1 -1 959.2359446903677 186.04378755981745 1064.0311377270377 222.00914840837456 -1 -1 -1 -1 -1 -1 -1 -1 1 
108 13 Car -1.000000 -1 -1 1141.8355662503025 188.3221291123696 1226.3866051207563 225.78031332666566 -1 -1 -1 -1 -1 -1 -1 -1 1 
108 11 Car -1.000000 -1 -1 1053.799505730312 187.0190043200855 1157.6333912479122 223.9797854335782 -1 -1 -1 -1 -1 -1 -1 -1 1 
108 10 Car -1.000000 -1 -1 959.0319374815895 186.024092805481 1064.092299464635 221.9263989366523 -1 -1 -1 -1 -1 -1 -1 -1 1 
109 13 Car -1.000000 -1 -1 1141.910153623683 188.29776389648183 1226.403203155904 225.79830734320453 -1 -1 -1 -1 -1 -1 -1 -1 1 
109 11 Car -1.000000 -1 -1 1053.8032901168908 187.00267568993308 1157.4976075065356 223.99551053185405 -1 -1 -1 -1 -1 -1 -1 -1 1 
109 10 Car -1.000000 -1 -1 958.364260270996 186.083963178227 1063.8359627436278 221.79727600506112 -1 -1 -1 -1 -1 -1 -1 -1 1 
110 13 Car -1.000000 -1 -1 1141.8030535274606 188.28900208724156 1226.3708255896904 225.7882537860982 -1 -1 -1 -1 -1 -1 -1 -1 1 
110 11 Car -1.000000 -1 -1 1054.022800402955 186.97354857304975 1157.5476866469762 223.98301944483325 -1 -1 -1 -1 -1 -1 -1 -1 1 
110 10 Car -1.000000 -1 -1 957.5567811792141 185.9928715176949 1063.889211076188 221.7394615431226 -1 -1 -1 -1 -1 -1 -1 -1 1 
111 13 Car -1.000000 -1 -1 1141.7486108358955 188.28117512160748 1226.4026390282195 225.8161527026038 -1 -1 -1 -1 -1 -1 -1 -1 1 
111 11 Car -1.000000 -1 -1 1054.2580239530557 186.98259355483702 1157.1796549412174 224.09817235917637 -1 -1 -1 -1 -1 -1 -1 -1 1 
111 10 Car -1.000000 -1 -1 973.582985489809 185.7243050076156 1070.2258472406425 221.6123130687492 -1 -1 -1 -1 -1 -1 -1 -1 1 
112 13 Car -1.000000 -1 -1 1141.740948685347 188.2570382374672 1226.3906863115 225.79228268779804 -1 -1 -1 -1 -1 -1 -1 -1 1 
112 11 Car -1.000000 -1 -1 1054.1242095675698 187.04907734193887 1156.9242303147043 224.07605158607663 -1 -1 -1 -1 -1 -1 -1 -1 1 
112 10 Car -1.000000 -1 -1 980.6769192680276 186.05481665478027 1070.2055850346687 222.0057395631855 -1 -1 -1 -1 -1 -1 -1 -1 1 
113 13 Car -1.000000 -1 -1 1141.8587679225648 188.23231965085478 1226.4513241295795 225.79132439374524 -1 -1 -1 -1 -1 -1 -1 -1 1 
113 11 Car -1.000000 -1 -1 1053.593223276053 187.10893183124017 1156.253885241624 224.07985759061143 -1 -1 -1 -1 -1 -1 -1 -1 1 
113 10 Car -1.000000 -1 -1 986.64849981239 186.37082217101658 1070.273524589265 222.51396822544314 -1 -1 -1 -1 -1 -1 -1 -1 1 
114 13 Car -1.000000 -1 -1 1141.774668172593 188.2128261591114 1226.397643350142 225.77772878061575 -1 -1 -1 -1 -1 -1 -1 -1 1 
114 11 Car -1.000000 -1 -1 1053.4759955201912 187.112273598721 1156.124097682496 224.07284984269575 -1 -1 -1 -1 -1 -1 -1 -1 1 
114 10 Car -1.000000 -1 -1 989.6557041616056 186.2407226115585 1068.591889073376 222.53869447699947 -1 -1 -1 -1 -1 -1 -1 -1 1 
115 13 Car -1.000000 -1 -1 1141.937098221633 188.1918380220456 1226.4641565851673 225.71040648756525 -1 -1 -1 -1 -1 -1 -1 -1 1 
115 11 Car -1.000000 -1 -1 1054.3580265956257 187.00212175255228 1156.2833252053156 224.16530080804654 -1 -1 -1 -1 -1 -1 -1 -1 1 
116 13 Car -1.000000 -1 -1 1142.4228664027173 188.1468511241039 1226.6262338624506 225.701118664885 -1 -1 -1 -1 -1 -1 -1 -1 1 
116 11 Car -1.000000 -1 -1 1054.051578379784 186.91675011863555 1155.822054189585 224.195824670857 -1 -1 -1 -1 -1 -1 -1 -1 1 
117 13 Car -1.000000 -1 -1 1142.3949840900584 188.11346110992457 1226.5494796812434 225.67931193720648 -1 -1 -1 -1 -1 -1 -1 -1 1 
117 11 Car -1.000000 -1 -1 1052.5813691021267 186.64842814765677 1154.9909073888052 224.25236782881768 -1 -1 -1 -1 -1 -1 -1 -1 1 
118 13 Car -1.000000 -1 -1 1142.0069612399816 188.1690927424811 1226.486119978441 225.58996677626874 -1 -1 -1 -1 -1 -1 -1 -1 1 
118 11 Car -1.000000 -1 -1 1055.2593796115061 186.69797594738068 1156.4205758878275 224.55428444849858 -1 -1 -1 -1 -1 -1 -1 -1 1 
119 11 Car -1.000000 -1 -1 1063.0618904575476 187.0147396876244 1159.640831038087 224.50705754476178 -1 -1 -1 -1 -1 -1 -1 -1 1 
123 17 Car -1.000000 -1 -1 965.4563719850596 185.2064993430744 1070.0834293493365 222.41734335131613 -1 -1 -1 -1 -1 -1 -1 -1 1 
124 17 Car -1.000000 -1 -1 979.4317976052488 186.04114554706172 1072.784871771298 222.66083497513904 -1 -1 -1 -1 -1 -1 -1 -1 1 
125 17 Car -1.000000 -1 -1 986.9423059461233 185.99042275971811 1072.3227778388678 221.96986369264033 -1 -1 -1 -1 -1 -1 -1 -1 1 
126 17 Car -1.000000 -1 -1 1003.4551707215498 186.9780062057657 1073.2740923743097 220.71682265639814 -1 -1 -1 -1 -1 -1 -1 -1 1 
127 18 Car -1.000000 -1 -1 1058.2476555707426 185.5727845081762 1157.4322016455521 227.6733456738558 -1 -1 -1 -1 -1 -1 -1 -1 1 
128 18 Car -1.000000 -1 -1 1070.2684908560543 186.6342135191149 1161.52119531405 227.5766910825531 -1 -1 -1 -1 -1 -1 -1 -1 1 
133 21 Car -1.000000 -1 -1 1084.241992211353 187.54741920461225 1160.5237119872138 224.95893450499807 -1 -1 -1 -1 -1 -1 -1 -1 1 
134 21 Car -1.000000 -1 -1 1095.180077737863 188.33676270576944 1159.6073886985582 221.25570967742175 -1 -1 -1 -1 -1 -1 -1 -1 1 
137 23 Car -1.000000 -1 -1 963.858865031491 184.41401599039088 1065.6524751752422 222.5320745644328 -1 -1 -1 -1 -1 -1 -1 -1 1 
138 23 Car -1.000000 -1 -1 961.7001589667444 184.61105365561994 1066.045602803847 222.40578039003273 -1 -1 -1 -1 -1 -1 -1 -1 1 
139 23 Car -1.000000 -1 -1 960.2090680848457 184.93021618831247 1065.763843523783 222.4110727827107 -1 -1 -1 -1 -1 -1 -1 -1 1 
140 25 Car -1.000000 -1 -1 1060.4940177557887 185.2746158951998 1154.278107461107 226.0138566746069 -1 -1 -1 -1 -1 -1 -1 -1 1 
140 23 Car -1.000000 -1 -1 959.5275904366896 185.2241172986661 1065.521050498733 222.33047605530157 -1 -1 -1 -1 -1 -1 -1 -1 1 
141 25 Car -1.000000 -1 -1 1058.7399913924387 185.3739358000876 1157.9403087561946 225.66770657213632 -1 -1 -1 -1 -1 -1 -1 -1 1 
141 23 Car -1.000000 -1 -1 959.2322334698173 185.42636996934698 1065.259515636864 222.23121505116592 -1 -1 -1 -1 -1 -1 -1 -1 1 
142 25 Car -1.000000 -1 -1 1056.9852744413947 185.4521714731778 1159.1837968647574 225.6302320929697 -1 -1 -1 -1 -1 -1 -1 -1 1 
142 23 Car -1.000000 -1 -1 959.0701477156022 185.49518912591705 1065.0622410676203 222.17030939947327 -1 -1 -1 -1 -1 -1 -1 -1 1 
143 25 Car -1.000000 -1 -1 1055.2012233513199 185.5406224400987 1159.757954455942 225.48546493278442 -1 -1 -1 -1 -1 -1 -1 -1 1 
143 23 Car -1.000000 -1 -1 958.7256267993586 185.57985057588346 1065.012451174938 222.20409578788522 -1 -1 -1 -1 -1 -1 -1 -1 1 
144 26 Car -1.000000 -1 -1 1144.871206951626 186.88308583794944 1226.9310745878302 227.0476354833713 -1 -1 -1 -1 -1 -1 -1 -1 1 
144 25 Car -1.000000 -1 -1 1054.1478679388504 185.68416782384168 1159.9946936110107 225.32461354163524 -1 -1 -1 -1 -1 -1 -1 -1 1 
144 23 Car -1.000000 -1 -1 958.8959248073542 185.6434031429285 1065.0727632781716 222.1859848122151 -1 -1 -1 -1 -1 -1 -1 -1 1 
145 26 Car -1.000000 -1 -1 1144.1979914899193 187.10807661922985 1227.8636100788362 226.83193462014566 -1 -1 -1 -1 -1 -1 -1 -1 1 
145 25 Car -1.000000 -1 -1 1053.5206689692068 185.86608599488764 1160.1053021094785 225.15976874000918 -1 -1 -1 -1 -1 -1 -1 -1 1 
145 23 Car -1.000000 -1 -1 959.1776345454772 185.72426766240446 1065.1201315338876 222.22534260640637 -1 -1 -1 -1 -1 -1 -1 -1 1 
146 26 Car -1.000000 -1 -1 1143.4741416086679 187.26314784158842 1228.0364738039755 226.58159129511995 -1 -1 -1 -1 -1 -1 -1 -1 1 
146 25 Car -1.000000 -1 -1 1053.196700785983 186.0204323390118 1160.1316598544995 225.01160656122846 -1 -1 -1 -1 -1 -1 -1 -1 1 
146 23 Car -1.000000 -1 -1 959.1170591843509 185.80031108254633 1064.9807111773741 222.26100289430553 -1 -1 -1 -1 -1 -1 -1 -1 1 
147 26 Car -1.000000 -1 -1 1142.804322370352 187.3749716014352 1227.8912781832514 226.3432205893417 -1 -1 -1 -1 -1 -1 -1 -1 1 
147 25 Car -1.000000 -1 -1 1052.9349814169948 186.13834279871494 1160.0994163447424 224.85661390113867 -1 -1 -1 -1 -1 -1 -1 -1 1 
147 23 Car -1.000000 -1 -1 958.2341337371067 185.8010581109076 1064.4505878237906 222.21560353995517 -1 -1 -1 -1 -1 -1 -1 -1 1 
148 26 Car -1.000000 -1 -1 1142.268742213037 187.46466047485387 1227.733910980889 226.13426366031513 -1 -1 -1 -1 -1 -1 -1 -1 1 
148 25 Car -1.000000 -1 -1 1052.780318174049 186.22701089286204 1160.024514105787 224.72827167713172 -1 -1 -1 -1 -1 -1 -1 -1 1 
148 23 Car -1.000000 -1 -1 957.8157120933565 185.81231521123016 1064.426648238427 222.21960426777548 -1 -1 -1 -1 -1 -1 -1 -1 1 
149 26 Car -1.000000 -1 -1 1142.1458873291595 187.53933461319818 1227.5546181893956 225.93073458223816 -1 -1 -1 -1 -1 -1 -1 -1 1 
149 25 Car -1.000000 -1 -1 1052.704146061313 186.29765210530505 1159.8343660289731 224.5557113144188 -1 -1 -1 -1 -1 -1 -1 -1 1 
149 23 Car -1.000000 -1 -1 956.4443722888786 185.72413277115731 1064.0991921027644 221.9072769264451 -1 -1 -1 -1 -1 -1 -1 -1 1 
150 26 Car -1.000000 -1 -1 1142.1297635722221 187.59694675886186 1227.3796386974013 225.76528859239772 -1 -1 -1 -1 -1 -1 -1 -1 1 
150 25 Car -1.000000 -1 -1 1052.9169584409563 186.36010892715643 1159.4578672915798 224.53452036720137 -1 -1 -1 -1 -1 -1 -1 -1 1 
150 23 Car -1.000000 -1 -1 960.4021609514162 185.47524664393984 1066.9200563852248 221.77574966958065 -1 -1 -1 -1 -1 -1 -1 -1 1 
151 26 Car -1.000000 -1 -1 1142.1163975111417 187.71161940729704 1227.182986813134 225.6359589713414 -1 -1 -1 -1 -1 -1 -1 -1 1 
151 25 Car -1.000000 -1 -1 1053.1455086502444 186.50893633395248 1159.1584395958814 224.50534214182062 -1 -1 -1 -1 -1 -1 -1 -1 1 
151 23 Car -1.000000 -1 -1 972.5235733023632 185.81498819427844 1070.416326862169 222.16437261591648 -1 -1 -1 -1 -1 -1 -1 -1 1 
152 26 Car -1.000000 -1 -1 1141.9767511112027 187.75575088465993 1226.990413148084 225.56286144166526 -1 -1 -1 -1 -1 -1 -1 -1 1 
152 25 Car -1.000000 -1 -1 1052.8106324856778 186.69569394730743 1158.8255265830255 224.45890108779176 -1 -1 -1 -1 -1 -1 -1 -1 1 
152 23 Car -1.000000 -1 -1 982.9136899398497 186.307356466801 1071.616064566759 222.21837287806366 -1 -1 -1 -1 -1 -1 -1 -1 1 
153 26 Car -1.000000 -1 -1 1142.0170681761194 187.85095211943025 1226.8745102445898 225.49328655737065 -1 -1 -1 -1 -1 -1 -1 -1 1 
153 25 Car -1.000000 -1 -1 1052.6771804261966 186.8443351168288 1158.473913000545 224.4403126484774 -1 -1 -1 -1 -1 -1 -1 -1 1 
153 23 Car -1.000000 -1 -1 989.4695743374959 186.23774774206316 1070.8532045374327 221.62740345779685 -1 -1 -1 -1 -1 -1 -1 -1 1 
154 26 Car -1.000000 -1 -1 1142.0754973256865 187.9423518661396 1226.8411136568413 225.46319624149206 -1 -1 -1 -1 -1 -1 -1 -1 1 
154 25 Car -1.000000 -1 -1 1052.6128646119816 186.8907816640263 1158.095057125878 224.4460308522452 -1 -1 -1 -1 -1 -1 -1 -1 1 
154 23 Car -1.000000 -1 -1 1003.2426831646583 186.72214668926037 1074.2139791780794 221.32410839919 -1 -1 -1 -1 -1 -1 -1 -1 1 
155 26 Car -1.000000 -1 -1 1142.2153769272227 188.00916490698984 1226.8593954119183 225.48707012260502 -1 -1 -1 -1 -1 -1 -1 -1 1 
155 25 Car -1.000000 -1 -1 1052.1727314076443 186.845946782175 1157.5352783543258 224.42033807905958 -1 -1 -1 -1 -1 -1 -1 -1 1 
156 26 Car -1.000000 -1 -1 1142.5873247329214 188.0105483940169 1226.9866453638451 225.58238385819595 -1 -1 -1 -1 -1 -1 -1 -1 1 
156 25 Car -1.000000 -1 -1 1050.3199598141225 186.8166356560292 1156.836535288868 224.38156231430165 -1 -1 -1 -1 -1 -1 -1 -1 1 
157 26 Car -1.000000 -1 -1 1142.312433962825 187.99907624986355 1226.7810332317715 225.58122306606953 -1 -1 -1 -1 -1 -1 -1 -1 1 
157 25 Car -1.000000 -1 -1 1051.8800274996165 186.8057583514527 1157.9364373232388 224.50719942242654 -1 -1 -1 -1 -1 -1 -1 -1 1 
158 26 Car -1.000000 -1 -1 1142.0782180376077 188.01222758873578 1226.7266560329222 225.60286602188754 -1 -1 -1 -1 -1 -1 -1 -1 1 
158 25 Car -1.000000 -1 -1 1058.2332931065996 186.86248569066953 1159.678437074561 224.77579083328334 -1 -1 -1 -1 -1 -1 -1 -1 1 
159 26 Car -1.000000 -1 -1 1143.5557806727609 188.17541262290507 1226.9378655873809 225.474821788805 -1 -1 -1 -1 -1 -1 -1 -1 1 
159 25 Car -1.000000 -1 -1 1074.3484149799863 187.74091285919835 1163.5894021053589 225.11525366338012 -1 -1 -1 -1 -1 -1 -1 -1 1 
160 26 Car -1.000000 -1 -1 1126.5921624477496 187.73416012028932 1216.056039282128 225.09577560403787 -1 -1 -1 -1 -1 -1 -1 -1 1 
161 26 Car -1.000000 -1 -1 1121.680236934247 187.72846495026138 1213.5567934779917 224.93392977496515 -1 -1 -1 -1 -1 -1 -1 -1 1 
167 29 Car -1.000000 -1 -1 1012.1527401749154 186.04795274056696 1067.1241351074773 220.98871704078576 -1 -1 -1 -1 -1 -1 -1 -1 1 
175 30 Car -1.000000 -1 -1 1138.341356901759 184.80690024263913 1205.6631338198172 226.894793554734 -1 -1 -1 -1 -1 -1 -1 -1 1 
176 31 Car -1.000000 -1 -1 991.5711095939428 185.98758775010742 1067.6621107353844 220.815876344986 -1 -1 -1 -1 -1 -1 -1 -1 1 
177 31 Car -1.000000 -1 -1 1005.3271913225278 187.40938096302705 1070.6578063611948 219.79494592970258 -1 -1 -1 -1 -1 -1 -1 -1 1 
179 32 Car -1.000000 -1 -1 1060.197248359387 183.96274836422666 1149.7156863312377 229.25850662518675 -1 -1 -1 -1 -1 -1 -1 -1 1 
180 32 Car -1.000000 -1 -1 1073.3075080295114 184.1693965018414 1162.6416872842635 229.26668242001966 -1 -1 -1 -1 -1 -1 -1 -1 1 
181 32 Car -1.000000 -1 -1 1101.7947393124725 185.1817114905703 1184.8282009546526 227.55576397781834 -1 -1 -1 -1 -1 -1 -1 -1 1 
186 34 Car -1.000000 -1 -1 1055.9087271568972 187.02482938528433 1157.639293907747 223.54623760875566 -1 -1 -1 -1 -1 -1 -1 -1 1 
187 35 Car -1.000000 -1 -1 598.1403044615724 172.63333117871764 637.1786632121814 206.36635182765326 -1 -1 -1 -1 -1 -1 -1 -1 1 
187 34 Car -1.000000 -1 -1 1069.304313915809 187.86539227809408 1161.2691942001334 223.42206747000216 -1 -1 -1 -1 -1 -1 -1 -1 1 
188 36 Car -1.000000 -1 -1 1147.0080140416349 187.99698889228506 1226.6744673460116 226.43054968322588 -1 -1 -1 -1 -1 -1 -1 -1 1 
188 35 Car -1.000000 -1 -1 598.3613408957268 172.67010774464595 637.1687543760928 206.345014540677 -1 -1 -1 -1 -1 -1 -1 -1 1 
188 34 Car -1.000000 -1 -1 1061.7264763874712 186.94204832456904 1158.1119064888355 224.10093340545097 -1 -1 -1 -1 -1 -1 -1 -1 1 
189 35 Car -1.000000 -1 -1 598.678821371958 172.6812633137069 637.120111020687 206.186382759605 -1 -1 -1 -1 -1 -1 -1 -1 1 
189 34 Car -1.000000 -1 -1 1058.2116671414012 186.70715849367463 1157.5639402496479 224.20581703816157 -1 -1 -1 -1 -1 -1 -1 -1 1 
189 33 Car -1.000000 -1 -1 958.2935320947726 184.66040275239297 1063.976756159559 222.5124872081844 -1 -1 -1 -1 -1 -1 -1 -1 1 
190 35 Car -1.000000 -1 -1 599.064123764701 172.771276198874 637.1360108530196 206.2248390122759 -1 -1 -1 -1 -1 -1 -1 -1 1 
190 34 Car -1.000000 -1 -1 1053.064533577779 186.79093980966752 1142.1077432898974 223.0150809782358 -1 -1 -1 -1 -1 -1 -1 -1 1 
190 33 Car -1.000000 -1 -1 958.0496590494286 184.76121972564601 1064.4530481214622 222.4573097368613 -1 -1 -1 -1 -1 -1 -1 -1 1 
191 35 Car -1.000000 -1 -1 599.212558466369 172.7803602863445 637.0830115033398 206.1668557200175 -1 -1 -1 -1 -1 -1 -1 -1 1 
191 34 Car -1.000000 -1 -1 1053.1865350147013 187.2192002517139 1138.4175072951853 222.72139280385503 -1 -1 -1 -1 -1 -1 -1 -1 1 
191 33 Car -1.000000 -1 -1 957.8156972658901 184.85160136457966 1064.417470258765 222.35761937536193 -1 -1 -1 -1 -1 -1 -1 -1 1 
192 35 Car -1.000000 -1 -1 599.0982222636895 172.77807866581222 637.0134583479197 206.3004566231415 -1 -1 -1 -1 -1 -1 -1 -1 1 
192 34 Car -1.000000 -1 -1 1055.0961163126542 187.06873330874114 1144.630429413008 222.94589850397088 -1 -1 -1 -1 -1 -1 -1 -1 1 
192 33 Car -1.000000 -1 -1 957.5207287016044 184.94396562055664 1064.2526403698328 222.32343911633342 -1 -1 -1 -1 -1 -1 -1 -1 1 
193 35 Car -1.000000 -1 -1 599.1991237826147 172.7498876392881 637.0078953333776 206.30947867952312 -1 -1 -1 -1 -1 -1 -1 -1 1 
193 34 Car -1.000000 -1 -1 1056.3795207052958 187.05104334892286 1150.7675644091842 223.0223635622056 -1 -1 -1 -1 -1 -1 -1 -1 1 
193 33 Car -1.000000 -1 -1 957.6113878788433 185.01426361048772 1064.1049853376253 222.21639604877913 -1 -1 -1 -1 -1 -1 -1 -1 1 
194 35 Car -1.000000 -1 -1 599.2584784532743 172.7631078103379 636.9901989190752 206.32166349841893 -1 -1 -1 -1 -1 -1 -1 -1 1 
194 34 Car -1.000000 -1 -1 1056.3006106401554 187.03269960966503 1154.2542241966853 223.17278409539108 -1 -1 -1 -1 -1 -1 -1 -1 1 
194 33 Car -1.000000 -1 -1 957.9461920317757 185.08982186684074 1064.0887148736226 222.17874967839532 -1 -1 -1 -1 -1 -1 -1 -1 1 
195 35 Car -1.000000 -1 -1 599.1516081147465 172.73826264173337 636.9146724776288 206.3359254233164 -1 -1 -1 -1 -1 -1 -1 -1 1 
195 34 Car -1.000000 -1 -1 1055.6521813130812 187.19742249085476 1155.561295057309 223.29411864848106 -1 -1 -1 -1 -1 -1 -1 -1 1 
195 33 Car -1.000000 -1 -1 958.1276456332324 185.15041090913385 1064.0995085965903 222.1635895079513 -1 -1 -1 -1 -1 -1 -1 -1 1 
196 35 Car -1.000000 -1 -1 599.0587007471828 172.6983928878342 636.8868163756139 206.35716793445914 -1 -1 -1 -1 -1 -1 -1 -1 1 
196 34 Car -1.000000 -1 -1 1055.073611543083 187.21168693168343 1156.180502189957 223.51399036234423 -1 -1 -1 -1 -1 -1 -1 -1 1 
196 33 Car -1.000000 -1 -1 958.0086165994711 185.2012450251957 1063.9553331483016 222.1817124645935 -1 -1 -1 -1 -1 -1 -1 -1 1 
197 35 Car -1.000000 -1 -1 599.2019852671392 172.7298506137434 636.9432479758084 206.38327482688976 -1 -1 -1 -1 -1 -1 -1 -1 1 
197 34 Car -1.000000 -1 -1 1054.5760459586097 187.12020414105862 1156.8150544585512 223.6632798548127 -1 -1 -1 -1 -1 -1 -1 -1 1 
197 33 Car -1.000000 -1 -1 958.147161734794 185.2120852898314 1063.9482000447392 222.17442623665642 -1 -1 -1 -1 -1 -1 -1 -1 1 
198 37 Car -1.000000 -1 -1 1146.611920262717 187.54677939158304 1226.5974672948673 225.98306128095513 -1 -1 -1 -1 -1 -1 -1 -1 1 
198 35 Car -1.000000 -1 -1 599.2609554146608 172.69507453740573 636.9406302568146 206.3788790545068 -1 -1 -1 -1 -1 -1 -1 -1 1 
198 34 Car -1.000000 -1 -1 1054.1455825162896 187.03126565492076 1157.139934142015 223.79081581906442 -1 -1 -1 -1 -1 -1 -1 -1 1 
198 33 Car -1.000000 -1 -1 958.3168195162183 185.21600022670913 1063.927190957013 222.17825246656184 -1 -1 -1 -1 -1 -1 -1 -1 1 
199 37 Car -1.000000 -1 -1 1146.781307482552 187.71204078037647 1228.2381792799226 226.4249606203656 -1 -1 -1 -1 -1 -1 -1 -1 1 
199 35 Car -1.000000 -1 -1 599.3500860041657 172.69016862939472 636.9088418270263 206.34931994926595 -1 -1 -1 -1 -1 -1 -1 -1 1 
199 34 Car -1.000000 -1 -1 1053.888194030008 186.99019583909777 1157.445113132711 223.88837006616765 -1 -1 -1 -1 -1 -1 -1 -1 1 
199 33 Car -1.000000 -1 -1 958.5057597694426 185.21832811947434 1063.9126698682505 222.20578267720464 -1 -1 -1 -1 -1 -1 -1 -1 1 
200 37 Car -1.000000 -1 -1 1146.738032842178 187.7823553945073 1228.5476472038788 226.45897891363654 -1 -1 -1 -1 -1 -1 -1 -1 1 
200 35 Car -1.000000 -1 -1 599.4864934340047 172.70262283319425 636.8851478126254 206.35172036744848 -1 -1 -1 -1 -1 -1 -1 -1 1 
200 34 Car -1.000000 -1 -1 1053.7326524687733 186.9562033535535 1157.6148985902046 223.91937601203134 -1 -1 -1 -1 -1 -1 -1 -1 1 
200 33 Car -1.000000 -1 -1 958.741725174675 185.21583528584938 1064.016982626406 222.20867229307868 -1 -1 -1 -1 -1 -1 -1 -1 1 
201 37 Car -1.000000 -1 -1 1146.6227941332347 187.80715380916578 1228.4150641725757 226.3729174749587 -1 -1 -1 -1 -1 -1 -1 -1 1 
201 35 Car -1.000000 -1 -1 599.5186838207618 172.69451823018326 636.7465472850178 206.2887487904151 -1 -1 -1 -1 -1 -1 -1 -1 1 
201 34 Car -1.000000 -1 -1 1053.6639791753355 186.94351639999167 1157.7047269345653 223.93294444023059 -1 -1 -1 -1 -1 -1 -1 -1 1 
201 33 Car -1.000000 -1 -1 958.8941038555433 185.2211977345068 1064.0704083553474 222.20727099690896 -1 -1 -1 -1 -1 -1 -1 -1 1 
202 37 Car -1.000000 -1 -1 1146.535683779617 187.89921339302634 1228.1866910989916 226.18784490929255 -1 -1 -1 -1 -1 -1 -1 -1 1 
202 35 Car -1.000000 -1 -1 599.4523601701039 172.7122835163585 636.6986519313625 206.29860899939902 -1 -1 -1 -1 -1 -1 -1 -1 1 
202 34 Car -1.000000 -1 -1 1053.6473510772942 186.93813851197953 1157.8132662640608 223.91739069737778 -1 -1 -1 -1 -1 -1 -1 -1 1 
202 33 Car -1.000000 -1 -1 958.9183288485262 185.24217334505488 1064.009749060177 222.182886021258 -1 -1 -1 -1 -1 -1 -1 -1 1 
203 37 Car -1.000000 -1 -1 1146.3539949558024 187.89583608412022 1227.9149794056577 226.14115347086863 -1 -1 -1 -1 -1 -1 -1 -1 1 
203 35 Car -1.000000 -1 -1 599.185195851524 172.72431619157712 636.6343726432378 206.34761397985656 -1 -1 -1 -1 -1 -1 -1 -1 1 
203 34 Car -1.000000 -1 -1 1053.5954036140597 186.94064558163825 1157.8297226553937 223.9047827669063 -1 -1 -1 -1 -1 -1 -1 -1 1 
203 33 Car -1.000000 -1 -1 958.9912692628374 185.27071383943863 1064.0457526637958 222.1963360826684 -1 -1 -1 -1 -1 -1 -1 -1 1 
204 37 Car -1.000000 -1 -1 1145.9998130539275 187.94026864475342 1227.6028913136183 226.13511854537603 -1 -1 -1 -1 -1 -1 -1 -1 1 
204 35 Car -1.000000 -1 -1 599.070041663944 172.738036319294 636.6385787555869 206.3589472127714 -1 -1 -1 -1 -1 -1 -1 -1 1 
204 34 Car -1.000000 -1 -1 1053.536262757673 186.92534165435362 1157.8095518942189 223.90249963696155 -1 -1 -1 -1 -1 -1 -1 -1 1 
204 33 Car -1.000000 -1 -1 959.0355673430033 185.2735992142688 1064.0441729109627 222.19659900251622 -1 -1 -1 -1 -1 -1 -1 -1 1 
205 37 Car -1.000000 -1 -1 1145.608666951599 187.9713123308066 1227.3889124131742 226.08819021575096 -1 -1 -1 -1 -1 -1 -1 -1 1 
205 35 Car -1.000000 -1 -1 598.9380823968597 172.7556072475382 636.6993174926768 206.35433199162412 -1 -1 -1 -1 -1 -1 -1 -1 1 
205 34 Car -1.000000 -1 -1 1053.5364951844529 186.9151071875621 1157.857987761454 223.9291845939802 -1 -1 -1 -1 -1 -1 -1 -1 1 
205 33 Car -1.000000 -1 -1 959.0942094092484 185.2604346434881 1064.042970505385 222.18251415152446 -1 -1 -1 -1 -1 -1 -1 -1 1 
206 37 Car -1.000000 -1 -1 1145.5615081070223 188.09230377804772 1226.834647946563 226.3188023513593 -1 -1 -1 -1 -1 -1 -1 -1 1 
206 35 Car -1.000000 -1 -1 598.8101028146264 172.77895888583998 636.7534859130151 206.37718660993465 -1 -1 -1 -1 -1 -1 -1 -1 1 
206 34 Car -1.000000 -1 -1 1053.4956342643482 186.84627945106786 1157.702079832423 223.92712228158967 -1 -1 -1 -1 -1 -1 -1 -1 1 
206 33 Car -1.000000 -1 -1 959.045794686772 185.27157045356242 1063.9263337867058 222.1415200933549 -1 -1 -1 -1 -1 -1 -1 -1 1 
207 37 Car -1.000000 -1 -1 1135.2101016286056 187.0232911206656 1212.0690313725868 224.6588095081898 -1 -1 -1 -1 -1 -1 -1 -1 1 
207 34 Car -1.000000 -1 -1 1054.2151574019795 186.85569432733243 1158.0905399135709 223.95584026342388 -1 -1 -1 -1 -1 -1 -1 -1 1 
207 33 Car -1.000000 -1 -1 959.1836292344688 185.3072739315861 1063.9247850381955 222.06928752890417 -1 -1 -1 -1 -1 -1 -1 -1 1 
208 37 Car -1.000000 -1 -1 1130.5881279551413 187.4197753657383 1202.2076185646974 224.33082819842178 -1 -1 -1 -1 -1 -1 -1 -1 1 
208 34 Car -1.000000 -1 -1 1054.8496734692696 186.89961274368423 1158.6056972206513 224.15641687972467 -1 -1 -1 -1 -1 -1 -1 -1 1 
208 33 Car -1.000000 -1 -1 959.3667884426761 185.32670505821753 1063.7966904754521 221.959377716553 -1 -1 -1 -1 -1 -1 -1 -1 1 
