0 1 Car -1.000000 -1 -1 1.5752537617316875 95.4663156417127 260.70033486072833 370.1342768752231 -1 -1 -1 -1 -1 -1 -1 -1 1 
1 1 Car -1.000000 -1 -1 0.8920295585657811 94.52102145680871 260.8692756470376 371.29089243267606 -1 -1 -1 -1 -1 -1 -1 -1 1 
2 1 Car -1.000000 -1 -1 1.2350397975364444 94.33963202158907 262.01699945924565 371.33696480232334 -1 -1 -1 -1 -1 -1 -1 -1 1 
3 1 Car -1.000000 -1 -1 1.7791923369470908 95.00759561290332 261.2510712905229 370.53969043678876 -1 -1 -1 -1 -1 -1 -1 -1 1 
4 1 Car -1.000000 -1 -1 2.137635970636694 95.84910917223607 261.4327081765207 370.3556997665725 -1 -1 -1 -1 -1 -1 -1 -1 1 
5 1 Car -1.000000 -1 -1 2.220870474610223 96.36407036831977 261.3977470648466 370.31331379829714 -1 -1 -1 -1 -1 -1 -1 -1 1 
6 1 Car -1.000000 -1 -1 2.3717822906674826 96.23734501630332 262.04373352146183 370.09490395495175 -1 -1 -1 -1 -1 -1 -1 -1 1 
7 1 Car -1.000000 -1 -1 1.9732805469128891 96.08742955108357 262.04092870839133 370.2660486228971 -1 -1 -1 -1 -1 -1 -1 -1 1 
8 1 Car -1.000000 -1 -1 1.7354855640609799 95.89791455863704 261.7399913782095 369.9841928000734 -1 -1 -1 -1 -1 -1 -1 -1 1 
9 1 Car -1.000000 -1 -1 2.1125374110866915 95.26483475996784 263.1747158364665 370.4413975667766 -1 -1 -1 -1 -1 -1 -1 -1 1 
10 1 Car -1.000000 -1 -1 2.603314492131915 94.80892244542144 264.33128115855055 370.63451649286424 -1 -1 -1 -1 -1 -1 -1 -1 1 
11 1 Car -1.000000 -1 -1 2.4255968059589463 94.79248329646148 263.1645614212151 370.87486625746965 -1 -1 -1 -1 -1 -1 -1 -1 1 
12 1 Car -1.000000 -1 -1 2.2104118054398896 94.77242272975852 261.70688076131984 371.1584360492044 -1 -1 -1 -1 -1 -1 -1 -1 1 
13 1 Car -1.000000 -1 -1 2.1084587577187506 94.78405145000946 260.312999697636 371.0482388411658 -1 -1 -1 -1 -1 -1 -1 -1 1 
14 1 Car -1.000000 -1 -1 2.864359696840012 94.69672356466481 261.92343545125175 371.2428640209476 -1 -1 -1 -1 -1 -1 -1 -1 1 
15 1 Car -1.000000 -1 -1 3.2854725690342548 94.61289704351893 262.6281647608042 371.12909892847756 -1 -1 -1 -1 -1 -1 -1 -1 1 
16 1 Car -1.000000 -1 -1 3.1280335618839956 94.76845476159559 262.7156648537647 370.97876224410413 -1 -1 -1 -1 -1 -1 -1 -1 1 
17 1 Car -1.000000 -1 -1 3.061629918210315 94.24276138783955 262.8737626462374 371.2210303193318 -1 -1 -1 -1 -1 -1 -1 -1 1 
18 1 Car -1.000000 -1 -1 2.6869696892416357 94.29933063439145 261.39530958066746 371.37030913843364 -1 -1 -1 -1 -1 -1 -1 -1 1 
19 1 Car -1.000000 -1 -1 2.913802535726603 94.83250482697903 261.71447920677633 371.13678856280205 -1 -1 -1 -1 -1 -1 -1 -1 1 
20 1 Car -1.000000 -1 -1 2.824550998614228 95.10296931403704 261.5429453547538 370.96735067175746 -1 -1 -1 -1 -1 -1 -1 -1 1 
21 1 Car -1.000000 -1 -1 2.1790955623303034 94.83143203550611 260.6200439265904 370.96082102020125 -1 -1 -1 -1 -1 -1 -1 -1 1 
22 1 Car -1.000000 -1 -1 2.8668863594518257 87.66227593019906 261.2173874063608 366.5437788235074 -1 -1 -1 -1 -1 -1 -1 -1 1 
23 1 Car -1.000000 -1 -1 -0.382511786460185 92.38653925731006 258.6470800824028 372.68726431730056 -1 -1 -1 -1 -1 -1 -1 -1 1 
24 1 Car -1.000000 -1 -1 1.9039725585920166 86.19293061444 260.1596348140497 367.8838848634319 -1 -1 -1 -1 -1 -1 -1 -1 1 
25 1 Car -1.000000 -1 -1 1.48516682814369 90.70163728112911 259.13739916482905 370.80004260528403 -1 -1 -1 -1 -1 -1 -1 -1 1 
26 1 Car -1.000000 -1 -1 -1.6014833050482622 93.98018735205562 256.5097826885797 372.9974511658511 -1 -1 -1 -1 -1 -1 -1 -1 1 
27 1 Car -1.000000 -1 -1 0.307469061680564 94.35416843890386 258.16067967516335 372.02158765575086 -1 -1 -1 -1 -1 -1 -1 -1 1 
28 1 Car -1.000000 -1 -1 0.9524763000237613 94.5392193437053 258.5830194722448 371.4932056296245 -1 -1 -1 -1 -1 -1 -1 -1 1 
29 1 Car -1.000000 -1 -1 1.003283988478472 94.99566989289809 258.2863473178342 371.2887815259088 -1 -1 -1 -1 -1 -1 -1 -1 1 
30 1 Car -1.000000 -1 -1 1.3365029396859995 95.21843395971302 258.15407009532737 371.04556484985363 -1 -1 -1 -1 -1 -1 -1 -1 1 
31 1 Car -1.000000 -1 -1 1.8732937041795878 95.45972712364048 259.1764899022678 370.80419156559594 -1 -1 -1 -1 -1 -1 -1 -1 1 
32 1 Car -1.000000 -1 -1 2.182584755553904 95.71772313042305 260.3340566076113 370.62403120913257 -1 -1 -1 -1 -1 -1 -1 -1 1 
33 1 Car -1.000000 -1 -1 2.2653563068357983 95.75744193429253 260.83070057501095 370.5906450998797 -1 -1 -1 -1 -1 -1 -1 -1 1 
34 1 Car -1.000000 -1 -1 2.219590154435167 96.05883801605495 261.12644804062086 370.2933311509601 -1 -1 -1 -1 -1 -1 -1 -1 1 
35 1 Car -1.000000 -1 -1 2.371236906456346 96.10138435601797 261.9858364010088 369.9777044213828 -1 -1 -1 -1 -1 -1 -1 -1 1 
36 1 Car -1.000000 -1 -1 2.390754324256193 96.25838054840222 262.8193614259444 369.6867360033053 -1 -1 -1 -1 -1 -1 -1 -1 1 
37 1 Car -1.000000 -1 -1 2.320850378057031 96.16560728103545 263.5072936956377 369.5963500324274 -1 -1 -1 -1 -1 -1 -1 -1 1 
38 1 Car -1.000000 -1 -1 1.9502779367916219 96.19246616184435 263.6115595949044 369.64004940512484 -1 -1 -1 -1 -1 -1 -1 -1 1 
39 1 Car -1.000000 -1 -1 1.840058155323021 96.22301883246544 263.72107325587524 369.66880087931645 -1 -1 -1 -1 -1 -1 -1 -1 1 
40 1 Car -1.000000 -1 -1 1.7113521891779726 96.65873442688792 263.6549037744867 369.8640576370415 -1 -1 -1 -1 -1 -1 -1 -1 1 
41 1 Car -1.000000 -1 -1 1.76813929347432 96.72361703614027 263.9841247900997 369.70603296177603 -1 -1 -1 -1 -1 -1 -1 -1 1 
42 1 Car -1.000000 -1 -1 1.8565850543775468 96.40267478898718 264.14105208038666 369.48645735745754 -1 -1 -1 -1 -1 -1 -1 -1 1 
43 1 Car -1.000000 -1 -1 1.7504312127226171 96.32368569812627 263.8199151795902 369.2113260614976 -1 -1 -1 -1 -1 -1 -1 -1 1 
44 1 Car -1.000000 -1 -1 1.6489145713862001 96.008125603026 263.616271061431 369.23844118312957 -1 -1 -1 -1 -1 -1 -1 -1 1 
45 1 Car -1.000000 -1 -1 1.4497532462883385 95.89113269312656 263.39167291915453 369.6319311181338 -1 -1 -1 -1 -1 -1 -1 -1 1 
46 1 Car -1.000000 -1 -1 1.7426466474915685 95.73705639740041 263.99400465199096 369.74381765225087 -1 -1 -1 -1 -1 -1 -1 -1 1 
47 1 Car -1.000000 -1 -1 1.7446495397218769 95.09732541471377 263.64338931646466 369.9524712036797 -1 -1 -1 -1 -1 -1 -1 -1 1 
48 1 Car -1.000000 -1 -1 -1.2065636792119676 96.01777450915526 261.8636709134179 372.1151022708041 -1 -1 -1 -1 -1 -1 -1 -1 1 
49 1 Car -1.000000 -1 -1 -2.297696749200213 94.83390214462815 260.9232273382517 374.53652904561073 -1 -1 -1 -1 -1 -1 -1 -1 1 
50 1 Car -1.000000 -1 -1 -1.16064504695035 93.73173688112968 261.385359398436 373.0769490795745 -1 -1 -1 -1 -1 -1 -1 -1 1 
51 1 Car -1.000000 -1 -1 0.22516857801227275 93.72873885763158 261.8177368155142 371.96096735754384 -1 -1 -1 -1 -1 -1 -1 -1 1 
52 1 Car -1.000000 -1 -1 0.7385734549486074 94.39437060188078 261.863596274766 371.24598013270503 -1 -1 -1 -1 -1 -1 -1 -1 1 
53 1 Car -1.000000 -1 -1 1.1162979980985313 95.23950531418049 261.72135982615237 370.95562413460857 -1 -1 -1 -1 -1 -1 -1 -1 1 
54 1 Car -1.000000 -1 -1 1.7055612167074798 95.54753339744386 262.1093797827573 370.4002526928647 -1 -1 -1 -1 -1 -1 -1 -1 1 
55 1 Car -1.000000 -1 -1 1.7570460328910542 96.07016949305418 261.92243492966236 369.5985865596309 -1 -1 -1 -1 -1 -1 -1 -1 1 
56 1 Car -1.000000 -1 -1 1.7088938546198733 96.13104017515596 261.44130580894455 369.39202268650376 -1 -1 -1 -1 -1 -1 -1 -1 1 
57 1 Car -1.000000 -1 -1 2.1347638302557073 95.92189773034747 261.8241397557291 369.5200929739302 -1 -1 -1 -1 -1 -1 -1 -1 1 
58 1 Car -1.000000 -1 -1 2.526913337967784 96.04659569205498 261.3809157527454 369.900731029438 -1 -1 -1 -1 -1 -1 -1 -1 1 
59 1 Car -1.000000 -1 -1 2.9098747054948717 95.78053037681497 261.63145114656544 369.9971242142666 -1 -1 -1 -1 -1 -1 -1 -1 1 
60 1 Car -1.000000 -1 -1 2.8772011827371102 96.03329441759726 261.5527138996079 369.7064105093443 -1 -1 -1 -1 -1 -1 -1 -1 1 
61 1 Car -1.000000 -1 -1 3.1791875759678874 95.77552008527928 261.77556186094336 369.73065904322436 -1 -1 -1 -1 -1 -1 -1 -1 1 
62 1 Car -1.000000 -1 -1 2.700267452351852 95.83825429038771 261.628685121128 369.8363955142099 -1 -1 -1 -1 -1 -1 -1 -1 1 
63 1 Car -1.000000 -1 -1 2.563721621930597 96.03937574447002 261.6515339343001 369.6368738099867 -1 -1 -1 -1 -1 -1 -1 -1 1 
64 1 Car -1.000000 -1 -1 2.3531652367789206 96.39341757867922 261.6874061506172 369.65234414200177 -1 -1 -1 -1 -1 -1 -1 -1 1 
65 1 Car -1.000000 -1 -1 2.2195005855039085 96.5915186511942 261.83048449196514 369.6412142393074 -1 -1 -1 -1 -1 -1 -1 -1 1 
66 1 Car -1.000000 -1 -1 2.0143447070188643 96.90628407582258 261.6409881191869 369.6041753765131 -1 -1 -1 -1 -1 -1 -1 -1 1 
67 1 Car -1.000000 -1 -1 2.2019955824819704 96.82764245198186 261.79609773559724 369.39798386443476 -1 -1 -1 -1 -1 -1 -1 -1 1 
68 1 Car -1.000000 -1 -1 2.2975972357974115 96.76890589714881 262.07673417389753 369.2956520394862 -1 -1 -1 -1 -1 -1 -1 -1 1 
69 1 Car -1.000000 -1 -1 2.243779222518299 96.83766935592627 262.12199618925683 369.2929738494965 -1 -1 -1 -1 -1 -1 -1 -1 1 
70 1 Car -1.000000 -1 -1 2.111473780131149 96.98345167274005 261.9757843675752 369.2179917783032 -1 -1 -1 -1 -1 -1 -1 -1 1 
71 1 Car -1.000000 -1 -1 2.0570033802393937 96.95804455954391 261.9750988236379 369.29884192757214 -1 -1 -1 -1 -1 -1 -1 -1 1 
72 1 Car -1.000000 -1 -1 2.1134233093049204 96.93719724187414 261.94527964156885 369.22691453859636 -1 -1 -1 -1 -1 -1 -1 -1 1 
73 1 Car -1.000000 -1 -1 2.1809695908730475 96.91296736488687 261.9560077139065 369.1144506213699 -1 -1 -1 -1 -1 -1 -1 -1 1 
74 1 Car -1.000000 -1 -1 2.1744748534405574 97.01557448612422 261.96163556924773 369.0852883779593 -1 -1 -1 -1 -1 -1 -1 -1 1 
75 1 Car -1.000000 -1 -1 2.2622973184006696 97.09414724057015 262.0493257517858 369.1560881802277 -1 -1 -1 -1 -1 -1 -1 -1 1 
76 1 Car -1.000000 -1 -1 2.1843752978329007 97.02618265568535 262.0518416303366 369.1115265801168 -1 -1 -1 -1 -1 -1 -1 -1 1 
77 1 Car -1.000000 -1 -1 2.073305253646396 96.87493701953912 261.8665896181167 369.06410179354776 -1 -1 -1 -1 -1 -1 -1 -1 1 
78 1 Car -1.000000 -1 -1 2.0273163140524844 96.73981322282441 261.7436919050372 369.1113500071058 -1 -1 -1 -1 -1 -1 -1 -1 1 
79 1 Car -1.000000 -1 -1 2.0356167593598684 96.71297058969878 261.7441459207324 369.10539694773735 -1 -1 -1 -1 -1 -1 -1 -1 1 
80 1 Car -1.000000 -1 -1 2.0736952167395657 96.66515118543435 261.72261740422937 369.1109652802272 -1 -1 -1 -1 -1 -1 -1 -1 1 
81 1 Car -1.000000 -1 -1 2.169871062744704 96.38593097867218 261.87059691941795 369.1004897473715 -1 -1 -1 -1 -1 -1 -1 -1 1 
82 1 Car -1.000000 -1 -1 2.2100116824489078 96.2275449054994 261.9964103514412 369.15663445918744 -1 -1 -1 -1 -1 -1 -1 -1 1 
83 1 Car -1.000000 -1 -1 2.1500997400203232 96.04220000166521 261.89999671543274 369.1876529428498 -1 -1 -1 -1 -1 -1 -1 -1 1 
84 1 Car -1.000000 -1 -1 2.2341920511636317 95.90575112345539 262.0951037761526 369.28447660884615 -1 -1 -1 -1 -1 -1 -1 -1 1 
85 1 Car -1.000000 -1 -1 2.130011559662506 95.81704527733126 261.8837123807094 369.5127215092974 -1 -1 -1 -1 -1 -1 -1 -1 1 
86 1 Car -1.000000 -1 -1 2.1233898418639967 95.72994371870067 261.8960561536368 369.6717809668856 -1 -1 -1 -1 -1 -1 -1 -1 1 
87 1 Car -1.000000 -1 -1 2.185867007423866 95.81140127234698 262.1072042213533 369.7447274087127 -1 -1 -1 -1 -1 -1 -1 -1 1 
88 1 Car -1.000000 -1 -1 2.36095803055332 95.50057365538245 262.6419965602004 369.69996215363074 -1 -1 -1 -1 -1 -1 -1 -1 1 
89 1 Car -1.000000 -1 -1 2.271753746385599 95.65285725493098 262.607429258165 369.73137889723307 -1 -1 -1 -1 -1 -1 -1 -1 1 
90 1 Car -1.000000 -1 -1 2.2028069777051655 95.74932859072356 262.7062643873759 369.72546980288047 -1 -1 -1 -1 -1 -1 -1 -1 1 
91 1 Car -1.000000 -1 -1 2.2560234454896317 95.80607977672429 262.7091193453987 369.5542540161644 -1 -1 -1 -1 -1 -1 -1 -1 1 
92 1 Car -1.000000 -1 -1 2.0910685072224453 96.11536966786417 262.50623259361305 369.8560973632472 -1 -1 -1 -1 -1 -1 -1 -1 1 
93 1 Car -1.000000 -1 -1 2.1247946528559396 95.96515397954158 262.68525425196975 369.8345854762016 -1 -1 -1 -1 -1 -1 -1 -1 1 
94 1 Car -1.000000 -1 -1 2.1880480302317267 95.79515208304608 262.71197211875824 369.9190654143339 -1 -1 -1 -1 -1 -1 -1 -1 1 
95 1 Car -1.000000 -1 -1 2.179074337238603 95.81084798600469 262.65738176726654 370.09270284772504 -1 -1 -1 -1 -1 -1 -1 -1 1 
96 1 Car -1.000000 -1 -1 2.2364484948601557 95.84439368843343 262.65661030026723 370.18553561044075 -1 -1 -1 -1 -1 -1 -1 -1 1 
97 1 Car -1.000000 -1 -1 2.309720188535181 95.8956951801652 262.81823578346507 370.23404748610466 -1 -1 -1 -1 -1 -1 -1 -1 1 
98 1 Car -1.000000 -1 -1 2.3502462782397515 95.99637069972368 262.9061294812155 370.0502282976732 -1 -1 -1 -1 -1 -1 -1 -1 1 
99 1 Car -1.000000 -1 -1 2.3346994848642737 95.87804808698874 262.86404577927647 369.8983619352683 -1 -1 -1 -1 -1 -1 -1 -1 1 
100 1 Car -1.000000 -1 -1 2.328882326442425 95.99981979481998 262.7441661747215 369.71213671795465 -1 -1 -1 -1 -1 -1 -1 -1 1 
101 1 Car -1.000000 -1 -1 2.314054498535512 95.99169323009929 262.8002406396638 369.5920240414266 -1 -1 -1 -1 -1 -1 -1 -1 1 
102 1 Car -1.000000 -1 -1 2.240846962742637 96.08608504903128 262.5984375755801 369.5910655583096 -1 -1 -1 -1 -1 -1 -1 -1 1 
103 1 Car -1.000000 -1 -1 2.3116413501375632 96.1554502425314 262.8639528191693 369.48342205072754 -1 -1 -1 -1 -1 -1 -1 -1 1 
104 1 Car -1.000000 -1 -1 2.2442295740470115 96.312535045793 262.83208893689584 369.49697700975435 -1 -1 -1 -1 -1 -1 -1 -1 1 
105 1 Car -1.000000 -1 -1 2.0436092209967285 96.32577517967749 262.5450255134614 369.606961202257 -1 -1 -1 -1 -1 -1 -1 -1 1 
106 1 Car -1.000000 -1 -1 2.0721833078394525 96.53694746134741 262.6994158314591 369.5459633167037 -1 -1 -1 -1 -1 -1 -1 -1 1 
107 1 Car -1.000000 -1 -1 2.100634276740493 96.37925199984488 262.94416979053875 369.4957362091642 -1 -1 -1 -1 -1 -1 -1 -1 1 
108 1 Car -1.000000 -1 -1 2.1339888273776353 96.60446834953916 263.28973853896366 369.5265973648462 -1 -1 -1 -1 -1 -1 -1 -1 1 
109 1 Car -1.000000 -1 -1 1.939622852572569 96.57770913572077 263.0113609762715 369.45842436352234 -1 -1 -1 -1 -1 -1 -1 -1 1 
110 1 Car -1.000000 -1 -1 1.8826800168185684 96.5442725625764 262.79697895221364 369.46583141656106 -1 -1 -1 -1 -1 -1 -1 -1 1 
111 1 Car -1.000000 -1 -1 1.9806173227742079 96.23474696782702 262.7286939806874 369.42081685114283 -1 -1 -1 -1 -1 -1 -1 -1 1 
112 1 Car -1.000000 -1 -1 2.012091709263899 96.55303500312539 262.7291548405627 369.35593731180353 -1 -1 -1 -1 -1 -1 -1 -1 1 
113 1 Car -1.000000 -1 -1 2.086254925583603 96.49021113451616 262.61720875888585 369.1375553316608 -1 -1 -1 -1 -1 -1 -1 -1 1 
114 1 Car -1.000000 -1 -1 2.0340289701962035 96.72017513215496 262.225400696066 369.2194307555473 -1 -1 -1 -1 -1 -1 -1 -1 1 
115 1 Car -1.000000 -1 -1 2.0985678926459173 96.82054968041137 262.04135656162373 369.2439327407492 -1 -1 -1 -1 -1 -1 -1 -1 1 
116 1 Car -1.000000 -1 -1 2.231566666907952 96.8044699824367 262.13492387213023 369.1944134301352 -1 -1 -1 -1 -1 -1 -1 -1 1 
117 1 Car -1.000000 -1 -1 2.2375198873129136 96.89657728831844 262.0694851575862 369.15277318579774 -1 -1 -1 -1 -1 -1 -1 -1 1 
118 1 Car -1.000000 -1 -1 2.2320917277205012 96.95071864457375 261.92900944952385 369.1133960291281 -1 -1 -1 -1 -1 -1 -1 -1 1 
119 1 Car -1.000000 -1 -1 2.2527977612363372 96.89990931809893 261.9162326080208 369.0597469623827 -1 -1 -1 -1 -1 -1 -1 -1 1 
120 1 Car -1.000000 -1 -1 2.0842441846547217 97.1101528857003 261.52587979231663 369.38644521818486 -1 -1 -1 -1 -1 -1 -1 -1 1 
121 1 Car -1.000000 -1 -1 2.0046855245021504 97.03536087731774 261.3333055193633 369.52235645844974 -1 -1 -1 -1 -1 -1 -1 -1 1 
122 1 Car -1.000000 -1 -1 1.9565940847008676 96.88115922644658 261.28998766449934 369.5432291501327 -1 -1 -1 -1 -1 -1 -1 -1 1 
123 1 Car -1.000000 -1 -1 2.1457897454747012 96.81526279108024 261.5971115204656 369.6692952416894 -1 -1 -1 -1 -1 -1 -1 -1 1 
124 1 Car -1.000000 -1 -1 2.2305971394937387 97.09053063082766 261.6661300110822 369.99109835233094 -1 -1 -1 -1 -1 -1 -1 -1 1 
125 1 Car -1.000000 -1 -1 2.292912316513423 97.15000336981387 261.891526226296 370.1333268154186 -1 -1 -1 -1 -1 -1 -1 -1 1 
126 1 Car -1.000000 -1 -1 2.418942055724642 97.06155977653674 262.1999160217208 370.18483625378775 -1 -1 -1 -1 -1 -1 -1 -1 1 
127 1 Car -1.000000 -1 -1 2.402290987637116 96.92022335505965 262.2235103675997 370.2592037756906 -1 -1 -1 -1 -1 -1 -1 -1 1 
128 1 Car -1.000000 -1 -1 2.3443137071791966 96.66813456424998 262.199773680481 370.14877712017005 -1 -1 -1 -1 -1 -1 -1 -1 1 
129 1 Car -1.000000 -1 -1 2.49750453699707 96.3194609065437 262.4495934377944 369.98050347993717 -1 -1 -1 -1 -1 -1 -1 -1 1 
130 1 Car -1.000000 -1 -1 2.191853502890922 96.26075526828242 261.8651013801419 369.82311159431185 -1 -1 -1 -1 -1 -1 -1 -1 1 
131 1 Car -1.000000 -1 -1 2.1799380183534254 96.24735877750089 261.8880881217005 369.8059321786338 -1 -1 -1 -1 -1 -1 -1 -1 1 
132 1 Car -1.000000 -1 -1 2.2993750453410655 96.12247452807947 262.248217676507 369.79795683973606 -1 -1 -1 -1 -1 -1 -1 -1 1 
133 1 Car -1.000000 -1 -1 2.216353323834227 96.10917610813198 262.2181331035332 369.7629274618427 -1 -1 -1 -1 -1 -1 -1 -1 1 
134 1 Car -1.000000 -1 -1 2.1663533357831284 96.04146191222125 262.2092076390016 369.7796930615265 -1 -1 -1 -1 -1 -1 -1 -1 1 
135 1 Car -1.000000 -1 -1 2.177439874102845 95.99731161309114 262.39611699453593 369.74563494654905 -1 -1 -1 -1 -1 -1 -1 -1 1 
136 1 Car -1.000000 -1 -1 2.0932035247760155 96.10601428943298 262.3906351834265 369.8644393896959 -1 -1 -1 -1 -1 -1 -1 -1 1 
137 1 Car -1.000000 -1 -1 1.984385926912779 96.10160600014774 262.3798280848547 369.77834589990306 -1 -1 -1 -1 -1 -1 -1 -1 1 
138 1 Car -1.000000 -1 -1 2.1750143371851607 96.26846242067367 262.93247257310577 369.77124969114516 -1 -1 -1 -1 -1 -1 -1 -1 1 
139 1 Car -1.000000 -1 -1 1.9825706762548805 96.29723639220069 262.76330350783496 369.7285497653237 -1 -1 -1 -1 -1 -1 -1 -1 1 
140 1 Car -1.000000 -1 -1 2.0307619478980428 96.29782909276943 263.05157037453205 369.7710620145622 -1 -1 -1 -1 -1 -1 -1 -1 1 
141 1 Car -1.000000 -1 -1 1.7935225436432347 96.26563687826254 262.8611919682358 369.76640733417673 -1 -1 -1 -1 -1 -1 -1 -1 1 
142 1 Car -1.000000 -1 -1 1.9070062206459681 95.86978838850217 263.31997529208365 369.6853726946796 -1 -1 -1 -1 -1 -1 -1 -1 1 
143 1 Car -1.000000 -1 -1 1.0131176236188821 96.0532995600615 262.45386699331624 369.70350351925276 -1 -1 -1 -1 -1 -1 -1 -1 1 
144 1 Car -1.000000 -1 -1 1.5795517034856061 96.19586227763375 263.212255058541 369.72119205664256 -1 -1 -1 -1 -1 -1 -1 -1 1 
