2 1 Car -1.000000 -1 -1 599.5546253629943 177.10701589417252 674.5411290471936 237.28761542749936 -1 -1 -1 -1 -1 -1 -1 -1 1 
2 2 Car -1.000000 -1 -1 406.7948231127619 181.01002794854892 449.99384525773587 210.2168278348293 -1 -1 -1 -1 -1 -1 -1 -1 1 
2 3 Car -1.000000 -1 -1 325.4862977705426 180.95102224013823 381.24397366364235 212.6289393954404 -1 -1 -1 -1 -1 -1 -1 -1 1 
3 1 Car -1.000000 -1 -1 595.9927608303096 178.7067819506557 671.5729873686812 239.49699867529674 -1 -1 -1 -1 -1 -1 -1 -1 1 
3 2 Car -1.000000 -1 -1 395.4375692339601 182.05045263254027 443.843373309012 214.7763582660401 -1 -1 -1 -1 -1 -1 -1 -1 1 
3 3 Car -1.000000 -1 -1 315.32229806030097 182.49103064981486 372.5051491257025 214.97319810821847 -1 -1 -1 -1 -1 -1 -1 -1 1 
4 1 Car -1.000000 -1 -1 594.1449096077972 180.71745498394452 667.8387763477411 239.97071524189676 -1 -1 -1 -1 -1 -1 -1 -1 1 
4 2 Car -1.000000 -1 -1 382.6980932491056 182.93645382804877 434.73605904052175 217.909588251302 -1 -1 -1 -1 -1 -1 -1 -1 1 
4 3 Car -1.000000 -1 -1 298.2966919063211 182.8541925174926 359.7757577741771 217.7964719040994 -1 -1 -1 -1 -1 -1 -1 -1 1 
5 1 Car -1.000000 -1 -1 592.057312257757 181.66565385612057 664.2573369940209 239.4949889829989 -1 -1 -1 -1 -1 -1 -1 -1 1 
5 2 Car -1.000000 -1 -1 366.53495979196697 184.21244282455578 424.31143551108687 222.64677085022254 -1 -1 -1 -1 -1 -1 -1 -1 1 
5 3 Car -1.000000 -1 -1 280.0261595597228 184.02944815328462 346.29733545858284 221.69555722608047 -1 -1 -1 -1 -1 -1 -1 -1 1 
6 1 Car -1.000000 -1 -1 589.7261244796765 181.8063312032068 661.2536137252134 239.0767382296893 -1 -1 -1 -1 -1 -1 -1 -1 1 
6 2 Car -1.000000 -1 -1 344.4722550315666 185.4543813565869 408.1731629017669 227.29846382548365 -1 -1 -1 -1 -1 -1 -1 -1 1 
6 3 Car -1.000000 -1 -1 260.99342867298327 184.9162123896352 331.6414549907587 224.94631956674266 -1 -1 -1 -1 -1 -1 -1 -1 1 
7 1 Car -1.000000 -1 -1 587.734672782812 182.15480061294937 659.813021838396 239.80065134573925 -1 -1 -1 -1 -1 -1 -1 -1 1 
7 2 Car -1.000000 -1 -1 318.3337669591619 187.9938503052682 390.3001255805494 234.3518400263184 -1 -1 -1 -1 -1 -1 -1 -1 1 
7 3 Car -1.000000 -1 -1 235.7837215789042 186.58054864641426 311.7016032335906 229.26614615117464 -1 -1 -1 -1 -1 -1 -1 -1 1 
8 1 Car -1.000000 -1 -1 582.0968252457328 182.75121444236967 654.0279758475359 240.22036928401894 -1 -1 -1 -1 -1 -1 -1 -1 1 
8 2 Car -1.000000 -1 -1 281.06082454425757 190.24506798064834 367.18618692275766 244.14935036692674 -1 -1 -1 -1 -1 -1 -1 -1 1 
8 3 Car -1.000000 -1 -1 202.03430688803155 187.14260627422976 287.90017982173276 235.43312219536529 -1 -1 -1 -1 -1 -1 -1 -1 1 
9 1 Car -1.000000 -1 -1 578.7119104271401 182.6903894784587 650.2194881970055 239.8561823256285 -1 -1 -1 -1 -1 -1 -1 -1 1 
9 2 Car -1.000000 -1 -1 230.31447170620046 190.33297837114955 336.0724856548101 255.0910530184944 -1 -1 -1 -1 -1 -1 -1 -1 1 
9 3 Car -1.000000 -1 -1 166.54600073406738 188.02294177225122 260.5064277151753 240.518692224352 -1 -1 -1 -1 -1 -1 -1 -1 1 
10 1 Car -1.000000 -1 -1 576.1472609839606 182.35549676722323 647.7940321132493 239.80330639718656 -1 -1 -1 -1 -1 -1 -1 -1 1 
10 2 Car -1.000000 -1 -1 164.85804493633196 192.2457712581642 293.4833834500407 268.9274052651805 -1 -1 -1 -1 -1 -1 -1 -1 1 
10 3 Car -1.000000 -1 -1 112.23834206387176 187.0099853761536 224.80011000811328 249.95296668859277 -1 -1 -1 -1 -1 -1 -1 -1 1 
11 1 Car -1.000000 -1 -1 573.3685042162035 181.61228302462752 644.8843089901951 239.20905811474498 -1 -1 -1 -1 -1 -1 -1 -1 1 
11 2 Car -1.000000 -1 -1 143.65608005601044 193.37822767611976 279.5136505040549 274.37140830169983 -1 -1 -1 -1 -1 -1 -1 -1 1 
11 3 Car -1.000000 -1 -1 91.09792367585419 187.6295985608445 209.41210853952032 253.78924774619458 -1 -1 -1 -1 -1 -1 -1 -1 1 
12 1 Car -1.000000 -1 -1 571.6034229185469 181.0797929228006 642.7372820037948 238.53575888301899 -1 -1 -1 -1 -1 -1 -1 -1 1 
13 1 Car -1.000000 -1 -1 569.7248321379453 181.58421380959066 639.532226237358 237.9845343836733 -1 -1 -1 -1 -1 -1 -1 -1 1 
14 1 Car -1.000000 -1 -1 568.6918299062027 182.62141918229048 635.5398493953735 236.47640151405875 -1 -1 -1 -1 -1 -1 -1 -1 1 
15 1 Car -1.000000 -1 -1 567.2359466821258 181.75448664477935 633.0413745395592 235.0068266107416 -1 -1 -1 -1 -1 -1 -1 -1 1 
16 1 Car -1.000000 -1 -1 564.5575589225317 179.83836181505194 630.8502194225417 233.51512471001215 -1 -1 -1 -1 -1 -1 -1 -1 1 
17 1 Car -1.000000 -1 -1 561.6969463704484 178.62048271625136 628.5154263060026 233.02693549543676 -1 -1 -1 -1 -1 -1 -1 -1 1 
18 1 Car -1.000000 -1 -1 560.1304037959089 178.71287600516766 626.3248599589858 232.92962638782132 -1 -1 -1 -1 -1 -1 -1 -1 1 
19 1 Car -1.000000 -1 -1 559.3593934456769 178.91488505134993 624.9613481077025 232.96068119550807 -1 -1 -1 -1 -1 -1 -1 -1 1 
20 1 Car -1.000000 -1 -1 559.6221986108875 180.50292665220334 623.4335109254284 233.13228475090287 -1 -1 -1 -1 -1 -1 -1 -1 1 
21 1 Car -1.000000 -1 -1 559.2752987678763 181.01919518668373 622.8912925974556 233.80163397011387 -1 -1 -1 -1 -1 -1 -1 -1 1 
22 1 Car -1.000000 -1 -1 559.3116811833241 181.31579217039447 622.6742291437415 234.07039460234955 -1 -1 -1 -1 -1 -1 -1 -1 1 
23 1 Car -1.000000 -1 -1 559.9581903346796 180.80475065031771 623.8185567729377 234.26001259183386 -1 -1 -1 -1 -1 -1 -1 -1 1 
24 1 Car -1.000000 -1 -1 560.074972449542 179.89394348567754 624.2352769086747 234.0686528814237 -1 -1 -1 -1 -1 -1 -1 -1 1 
25 1 Car -1.000000 -1 -1 560.4346558534193 178.7972576777898 624.2278555816852 233.0448232225854 -1 -1 -1 -1 -1 -1 -1 -1 1 
26 1 Car -1.000000 -1 -1 560.0749047901227 177.67977957196302 624.138059694512 232.56090762714976 -1 -1 -1 -1 -1 -1 -1 -1 1 
27 1 Car -1.000000 -1 -1 558.9579441189884 176.6156454145734 622.8564969689809 231.79663810137978 -1 -1 -1 -1 -1 -1 -1 -1 1 
28 1 Car -1.000000 -1 -1 559.6099459264776 175.4523612686314 623.9633279422277 231.3775142028345 -1 -1 -1 -1 -1 -1 -1 -1 1 
29 1 Car -1.000000 -1 -1 561.6743578786604 173.93517679462386 624.5665154178176 228.68367504951104 -1 -1 -1 -1 -1 -1 -1 -1 1 
30 1 Car -1.000000 -1 -1 560.6848334287388 172.03429509118718 625.0716175193681 228.54946838217128 -1 -1 -1 -1 -1 -1 -1 -1 1 
31 1 Car -1.000000 -1 -1 564.4711947087467 173.36035001650274 625.9712973314298 227.11497247919928 -1 -1 -1 -1 -1 -1 -1 -1 1 
32 1 Car -1.000000 -1 -1 565.3065185974452 175.9037228430504 626.5416128732885 229.2636857799524 -1 -1 -1 -1 -1 -1 -1 -1 1 
33 1 Car -1.000000 -1 -1 566.9711527804029 177.35268845173258 627.8335587034796 230.40009867383623 -1 -1 -1 -1 -1 -1 -1 -1 1 
34 1 Car -1.000000 -1 -1 569.0973779258321 178.35526985116167 629.8826723102856 231.30069786516881 -1 -1 -1 -1 -1 -1 -1 -1 1 
35 1 Car -1.000000 -1 -1 570.7274614545422 176.8191094279298 633.6357126037233 232.0970520243112 -1 -1 -1 -1 -1 -1 -1 -1 1 
36 1 Car -1.000000 -1 -1 572.3582395476051 175.87601757460305 635.9680735162972 232.1504824936664 -1 -1 -1 -1 -1 -1 -1 -1 1 
37 1 Car -1.000000 -1 -1 574.3476678832557 176.3058663614966 636.0573191705622 230.92108045853766 -1 -1 -1 -1 -1 -1 -1 -1 1 
38 1 Car -1.000000 -1 -1 574.488980793688 175.78995230675503 636.8158617969922 231.17966490303664 -1 -1 -1 -1 -1 -1 -1 -1 1 
39 1 Car -1.000000 -1 -1 574.85652296718 175.86847992800384 636.9441196924158 231.34535319174748 -1 -1 -1 -1 -1 -1 -1 -1 1 
40 1 Car -1.000000 -1 -1 575.9145476368316 176.7082114989944 636.5989191231954 231.1405503222827 -1 -1 -1 -1 -1 -1 -1 -1 1 
41 1 Car -1.000000 -1 -1 575.8202082664477 175.9341453277834 637.6152286953053 231.89708169825317 -1 -1 -1 -1 -1 -1 -1 -1 1 
44 1 Car -1.000000 -1 -1 576.1096742538813 177.77666674994958 635.3595699142129 231.02883788112578 -1 -1 -1 -1 -1 -1 -1 -1 1 
45 1 Car -1.000000 -1 -1 576.3467229937839 179.50056612740082 634.4600899420279 231.36714146459005 -1 -1 -1 -1 -1 -1 -1 -1 1 
46 1 Car -1.000000 -1 -1 576.6483919473511 179.183177935457 634.8321139496386 231.32164840142192 -1 -1 -1 -1 -1 -1 -1 -1 1 
47 1 Car -1.000000 -1 -1 575.5033038582433 179.41311433664538 633.6290536827889 231.23484454618463 -1 -1 -1 -1 -1 -1 -1 -1 1 
48 1 Car -1.000000 -1 -1 574.770848781625 179.2222456259936 632.4000085243196 230.20740748340427 -1 -1 -1 -1 -1 -1 -1 -1 1 
49 1 Car -1.000000 -1 -1 574.4597010033464 177.7943151591103 634.0302682343502 231.1119180427826 -1 -1 -1 -1 -1 -1 -1 -1 1 
50 1 Car -1.000000 -1 -1 574.6443456233836 181.10572309886106 631.162281332671 231.21243667380207 -1 -1 -1 -1 -1 -1 -1 -1 1 
51 1 Car -1.000000 -1 -1 573.8738626232929 182.58092398335816 629.33353963434 231.43301894349793 -1 -1 -1 -1 -1 -1 -1 -1 1 
52 1 Car -1.000000 -1 -1 572.9001733550614 181.36428110188507 628.8578848871607 230.57701656720673 -1 -1 -1 -1 -1 -1 -1 -1 1 
53 1 Car -1.000000 -1 -1 572.979272768155 181.38952495447245 628.1026326918217 229.4360160913303 -1 -1 -1 -1 -1 -1 -1 -1 1 
54 1 Car -1.000000 -1 -1 572.1636028500201 180.8741513853269 627.2196206869311 228.67653875328796 -1 -1 -1 -1 -1 -1 -1 -1 1 
55 1 Car -1.000000 -1 -1 569.5953436730841 176.13911651493405 627.8571857632562 227.0084989581933 -1 -1 -1 -1 -1 -1 -1 -1 1 
56 1 Car -1.000000 -1 -1 568.5404304627045 174.72175027211088 626.9841372652304 225.83740404009802 -1 -1 -1 -1 -1 -1 -1 -1 1 
57 1 Car -1.000000 -1 -1 567.1465575089111 174.07327031669155 625.5045262580766 225.2450361443199 -1 -1 -1 -1 -1 -1 -1 -1 1 
58 1 Car -1.000000 -1 -1 566.0237496162243 176.75633064633337 624.1607563760429 227.71793112070876 -1 -1 -1 -1 -1 -1 -1 -1 1 
59 1 Car -1.000000 -1 -1 565.0157670209059 179.29598481012013 622.0560070353333 229.48000767558054 -1 -1 -1 -1 -1 -1 -1 -1 1 
60 1 Car -1.000000 -1 -1 564.273523180384 182.73871402805185 620.6640179738424 232.50965791154354 -1 -1 -1 -1 -1 -1 -1 -1 1 
61 1 Car -1.000000 -1 -1 562.9286722055131 181.97658639148742 619.0159805239743 231.66464582941438 -1 -1 -1 -1 -1 -1 -1 -1 1 
62 1 Car -1.000000 -1 -1 561.876592020537 176.85413918518648 617.5325076187478 226.40706457399642 -1 -1 -1 -1 -1 -1 -1 -1 1 
63 1 Car -1.000000 -1 -1 562.6260794404669 172.60953293251134 617.6443600382916 221.58054372533027 -1 -1 -1 -1 -1 -1 -1 -1 1 
64 1 Car -1.000000 -1 -1 562.6395835607325 172.44541821899443 617.4849030154325 221.1711867379985 -1 -1 -1 -1 -1 -1 -1 -1 1 
65 1 Car -1.000000 -1 -1 562.8797999615315 174.83954162571968 617.2839902764382 223.00290717988884 -1 -1 -1 -1 -1 -1 -1 -1 1 
66 1 Car -1.000000 -1 -1 563.0311776028698 178.66461215327394 617.6278628771522 226.91072334978924 -1 -1 -1 -1 -1 -1 -1 -1 1 
66 9 Car -1.000000 -1 -1 1096.5753488599817 170.53135677611195 1160.3059541419002 198.74752104269945 -1 -1 -1 -1 -1 -1 -1 -1 1 
67 1 Car -1.000000 -1 -1 563.0245660413627 179.94276422264033 617.6882280096486 228.2305034910365 -1 -1 -1 -1 -1 -1 -1 -1 1 
67 9 Car -1.000000 -1 -1 1121.459158352065 169.9764481074064 1190.9654822224322 200.20826766658942 -1 -1 -1 -1 -1 -1 -1 -1 1 
67 11 Car -1.000000 -1 -1 553.7548330772528 179.86745170488888 570.4064063108532 191.85581663027315 -1 -1 -1 -1 -1 -1 -1 -1 1 
68 1 Car -1.000000 -1 -1 562.2689545017695 177.31211179235686 617.0693622086158 225.73595906380956 -1 -1 -1 -1 -1 -1 -1 -1 1 
68 9 Car -1.000000 -1 -1 1133.4102350121432 169.49450166427582 1205.3767265219278 200.41779182274516 -1 -1 -1 -1 -1 -1 -1 -1 1 
68 11 Car -1.000000 -1 -1 551.8290487779541 179.3893738050542 568.9547062345456 191.70154901874088 -1 -1 -1 -1 -1 -1 -1 -1 1 
69 1 Car -1.000000 -1 -1 562.4177053899253 175.97436706457196 617.0983420259805 224.44247499732657 -1 -1 -1 -1 -1 -1 -1 -1 1 
69 9 Car -1.000000 -1 -1 1148.669240922179 168.65876795261659 1224.4295469566187 201.085571193142 -1 -1 -1 -1 -1 -1 -1 -1 1 
69 11 Car -1.000000 -1 -1 549.6157660822877 177.44217398144056 569.8010373283843 191.94640608779082 -1 -1 -1 -1 -1 -1 -1 -1 1 
70 1 Car -1.000000 -1 -1 563.0073990912877 174.86762685126217 616.5496867452579 222.40234662954452 -1 -1 -1 -1 -1 -1 -1 -1 1 
70 9 Car -1.000000 -1 -1 1163.6229905265893 168.4572788121459 1241.5190355417392 201.79821511789885 -1 -1 -1 -1 -1 -1 -1 -1 1 
70 11 Car -1.000000 -1 -1 548.3313980475234 176.03992070532226 569.5045224674265 191.22614921440675 -1 -1 -1 -1 -1 -1 -1 -1 1 
70 13 Car -1.000000 -1 -1 495.9278276566123 177.646109815423 523.452160245396 196.22716362075334 -1 -1 -1 -1 -1 -1 -1 -1 1 
71 1 Car -1.000000 -1 -1 562.5499412416772 173.60870863682578 617.0457827811671 222.1889498415187 -1 -1 -1 -1 -1 -1 -1 -1 1 
71 11 Car -1.000000 -1 -1 546.3648451429679 175.47159329441612 568.1324884130173 191.0387037054095 -1 -1 -1 -1 -1 -1 -1 -1 1 
71 13 Car -1.000000 -1 -1 485.7941268774097 175.83636342955626 516.6454134781558 196.77983921034914 -1 -1 -1 -1 -1 -1 -1 -1 1 
72 1 Car -1.000000 -1 -1 562.2567048919735 173.62993716978514 617.268386159204 222.9773552273274 -1 -1 -1 -1 -1 -1 -1 -1 1 
72 11 Car -1.000000 -1 -1 544.5328845863324 175.77762702244152 568.0879595718256 192.54667238550405 -1 -1 -1 -1 -1 -1 -1 -1 1 
72 13 Car -1.000000 -1 -1 479.0299472836933 178.35408250525208 511.9851234355792 200.79905138048989 -1 -1 -1 -1 -1 -1 -1 -1 1 
73 1 Car -1.000000 -1 -1 562.5313583866431 174.1204973221111 616.9541395096247 223.1853005934996 -1 -1 -1 -1 -1 -1 -1 -1 1 
73 11 Car -1.000000 -1 -1 541.8364452775747 176.21945655254595 567.2796203848004 194.2018379945505 -1 -1 -1 -1 -1 -1 -1 -1 1 
73 13 Car -1.000000 -1 -1 472.3259904279087 180.13068181904174 506.9336898024835 203.7157647548362 -1 -1 -1 -1 -1 -1 -1 -1 1 
74 1 Car -1.000000 -1 -1 562.5466589537215 173.41123312849533 616.9690012236998 222.8040500643711 -1 -1 -1 -1 -1 -1 -1 -1 1 
74 11 Car -1.000000 -1 -1 535.2719391555088 175.92723166788903 562.5006366685313 195.32793769409128 -1 -1 -1 -1 -1 -1 -1 -1 1 
74 13 Car -1.000000 -1 -1 466.5533005090099 182.67674887676617 502.428160211669 207.08069019705755 -1 -1 -1 -1 -1 -1 -1 -1 1 
75 1 Car -1.000000 -1 -1 562.7319284479089 173.0482114127895 617.6144152578028 223.1494986363158 -1 -1 -1 -1 -1 -1 -1 -1 1 
75 11 Car -1.000000 -1 -1 530.0276663285073 177.13631030057263 559.8439701358284 198.56830595028032 -1 -1 -1 -1 -1 -1 -1 -1 1 
75 13 Car -1.000000 -1 -1 454.38269090015075 183.52268068592122 494.33688719814324 210.71414059351045 -1 -1 -1 -1 -1 -1 -1 -1 1 
76 1 Car -1.000000 -1 -1 562.8321543797562 172.6142051411296 618.0821107338021 223.42261566476475 -1 -1 -1 -1 -1 -1 -1 -1 1 
76 11 Car -1.000000 -1 -1 525.3415199333706 177.60445332892158 557.7616739571703 201.14149659653413 -1 -1 -1 -1 -1 -1 -1 -1 1 
76 13 Car -1.000000 -1 -1 442.65581780342563 183.83965526523914 486.5899271986999 213.57662680359414 -1 -1 -1 -1 -1 -1 -1 -1 1 
77 1 Car -1.000000 -1 -1 563.3201161175884 173.1202063635015 616.8673733904837 222.73354917388465 -1 -1 -1 -1 -1 -1 -1 -1 1 
77 11 Car -1.000000 -1 -1 520.3784737919025 177.67001782861595 555.2147266709666 203.26345876464845 -1 -1 -1 -1 -1 -1 -1 -1 1 
77 13 Car -1.000000 -1 -1 426.3883363939983 183.38962941728929 476.75657073253257 217.3990202709121 -1 -1 -1 -1 -1 -1 -1 -1 1 
78 1 Car -1.000000 -1 -1 565.693653350857 177.8341482420177 617.2738837123323 225.6439895029707 -1 -1 -1 -1 -1 -1 -1 -1 1 
78 11 Car -1.000000 -1 -1 514.9618346798334 180.24654517114104 553.0084019807158 208.3376175747063 -1 -1 -1 -1 -1 -1 -1 -1 1 
78 13 Car -1.000000 -1 -1 410.93855677042444 187.18105138371908 466.9318109361947 224.74455416242415 -1 -1 -1 -1 -1 -1 -1 -1 1 
79 1 Car -1.000000 -1 -1 566.3517240096339 181.9305118695111 618.0102622538395 230.03650231473765 -1 -1 -1 -1 -1 -1 -1 -1 1 
79 11 Car -1.000000 -1 -1 505.287933913222 185.3314516140225 547.2676389059744 216.62779652534397 -1 -1 -1 -1 -1 -1 -1 -1 1 
79 13 Car -1.000000 -1 -1 389.6396185043215 193.74631885153872 451.3314911973277 234.6030146162131 -1 -1 -1 -1 -1 -1 -1 -1 1 
80 1 Car -1.000000 -1 -1 567.3551713854674 183.10076949834766 618.8257509917516 231.32047601680588 -1 -1 -1 -1 -1 -1 -1 -1 1 
80 11 Car -1.000000 -1 -1 496.46212370832103 187.79333211578898 541.5103247416928 221.59177057239972 -1 -1 -1 -1 -1 -1 -1 -1 1 
80 13 Car -1.000000 -1 -1 362.6621876264984 197.44608117796074 434.28124477671633 244.38680468455408 -1 -1 -1 -1 -1 -1 -1 -1 1 
81 1 Car -1.000000 -1 -1 568.5286090794727 183.5957858803011 618.8243002375813 230.66653868840712 -1 -1 -1 -1 -1 -1 -1 -1 1 
81 11 Car -1.000000 -1 -1 484.90040154753734 187.83948666076463 536.0136145415651 226.10069356262184 -1 -1 -1 -1 -1 -1 -1 -1 1 
81 13 Car -1.000000 -1 -1 325.44884720965075 198.49992984303282 410.3421432601459 253.4778505374355 -1 -1 -1 -1 -1 -1 -1 -1 1 
82 1 Car -1.000000 -1 -1 568.7850769607173 183.72481989530075 618.810474021263 230.51241382499086 -1 -1 -1 -1 -1 -1 -1 -1 1 
82 11 Car -1.000000 -1 -1 472.36038108085233 188.32673922154115 529.5901925321239 231.06794572654627 -1 -1 -1 -1 -1 -1 -1 -1 1 
82 13 Car -1.000000 -1 -1 313.30312706431994 199.64068070979488 402.2706340295562 257.2570926689565 -1 -1 -1 -1 -1 -1 -1 -1 1 
83 1 Car -1.000000 -1 -1 568.9074326871036 183.05897125386963 618.9656481808919 229.76961066604164 -1 -1 -1 -1 -1 -1 -1 -1 1 
83 11 Car -1.000000 -1 -1 455.64742939666223 188.3047204113459 520.273573893092 236.08879440696387 -1 -1 -1 -1 -1 -1 -1 -1 1 
84 1 Car -1.000000 -1 -1 569.7677756286446 181.87399796652088 618.9777869437734 227.4167563063516 -1 -1 -1 -1 -1 -1 -1 -1 1 
84 11 Car -1.000000 -1 -1 427.30505930231425 185.64524540525173 505.84560285674195 243.22713543604607 -1 -1 -1 -1 -1 -1 -1 -1 1 
85 1 Car -1.000000 -1 -1 568.9059124831524 178.5027312971872 619.0151187561238 224.59487329776235 -1 -1 -1 -1 -1 -1 -1 -1 1 
85 11 Car -1.000000 -1 -1 388.89472605351426 183.8429032417176 487.39815950225983 255.40755708944442 -1 -1 -1 -1 -1 -1 -1 -1 1 
86 1 Car -1.000000 -1 -1 568.5679386822034 177.33037420929537 618.8910710287795 223.34112900430978 -1 -1 -1 -1 -1 -1 -1 -1 1 
86 11 Car -1.000000 -1 -1 380.844209520747 184.0068773703739 483.4075460809687 258.5211272081335 -1 -1 -1 -1 -1 -1 -1 -1 1 
87 1 Car -1.000000 -1 -1 568.612466383878 179.26821759651338 619.1929641477964 225.46357032192927 -1 -1 -1 -1 -1 -1 -1 -1 1 
88 1 Car -1.000000 -1 -1 568.7944945739117 178.10173126183622 619.2935679102039 224.04426065932807 -1 -1 -1 -1 -1 -1 -1 -1 1 
89 1 Car -1.000000 -1 -1 569.1897893059927 177.75525764789933 619.1064528815367 223.0582013201589 -1 -1 -1 -1 -1 -1 -1 -1 1 
90 1 Car -1.000000 -1 -1 568.8479061954861 177.76872495795064 618.4980653689113 222.71532813442786 -1 -1 -1 -1 -1 -1 -1 -1 1 
91 1 Car -1.000000 -1 -1 568.0343948744613 176.64510551120682 619.3113154879042 223.12505196697123 -1 -1 -1 -1 -1 -1 -1 -1 1 
92 1 Car -1.000000 -1 -1 567.3035269175028 175.60437720316887 619.2828217676553 222.69645324916536 -1 -1 -1 -1 -1 -1 -1 -1 1 
93 1 Car -1.000000 -1 -1 567.224968602006 175.31597549852185 619.2947496692386 222.44957943515743 -1 -1 -1 -1 -1 -1 -1 -1 1 
94 1 Car -1.000000 -1 -1 567.1938640065731 175.7733837651181 619.1027819470037 222.81215854372914 -1 -1 -1 -1 -1 -1 -1 -1 1 
95 1 Car -1.000000 -1 -1 567.2416717085916 176.4675799181959 618.9073247557475 223.11552018309564 -1 -1 -1 -1 -1 -1 -1 -1 1 
96 1 Car -1.000000 -1 -1 566.2843028252727 176.93453360733614 617.8029209940258 223.35751336900063 -1 -1 -1 -1 -1 -1 -1 -1 1 
96 23 Car -1.000000 -1 -1 802.1003352088762 165.68901349672325 852.0500446052665 187.05107426099337 -1 -1 -1 -1 -1 -1 -1 -1 1 
97 1 Car -1.000000 -1 -1 565.5263869585493 176.96008687743844 617.0766660347725 223.3357226794826 -1 -1 -1 -1 -1 -1 -1 -1 1 
97 23 Car -1.000000 -1 -1 803.460173566069 165.68397834728725 853.7535825946337 187.1930295658792 -1 -1 -1 -1 -1 -1 -1 -1 1 
98 1 Car -1.000000 -1 -1 564.6805539205341 176.10203103667874 616.885617239674 223.01150394712437 -1 -1 -1 -1 -1 -1 -1 -1 1 
99 1 Car -1.000000 -1 -1 563.5280297424042 175.2028858574035 616.1899749182892 222.5916469408504 -1 -1 -1 -1 -1 -1 -1 -1 1 
100 1 Car -1.000000 -1 -1 562.1825370828476 175.59587148853848 613.8869050292319 222.26266853083615 -1 -1 -1 -1 -1 -1 -1 -1 1 
101 1 Car -1.000000 -1 -1 562.7666448416509 176.27663425417768 614.958755417308 223.2976978436682 -1 -1 -1 -1 -1 -1 -1 -1 1 
102 1 Car -1.000000 -1 -1 562.3377392243166 179.20419789818706 614.9716445689406 226.66473952750835 -1 -1 -1 -1 -1 -1 -1 -1 1 
103 1 Car -1.000000 -1 -1 563.0551539960736 178.43046638120708 614.3844539708111 224.53124404505482 -1 -1 -1 -1 -1 -1 -1 -1 1 
104 1 Car -1.000000 -1 -1 562.9344635324878 177.41916351444132 614.762712601148 223.91563657340708 -1 -1 -1 -1 -1 -1 -1 -1 1 
104 23 Car -1.000000 -1 -1 836.382514240479 169.94709635780163 872.27394515795 185.29991729721922 -1 -1 -1 -1 -1 -1 -1 -1 1 
105 1 Car -1.000000 -1 -1 562.5445998777856 176.61087065129848 615.0149825655991 223.6939464177572 -1 -1 -1 -1 -1 -1 -1 -1 1 
105 23 Car -1.000000 -1 -1 844.2102262166057 168.27194810897564 883.2638852860883 185.3441213149689 -1 -1 -1 -1 -1 -1 -1 -1 1 
106 1 Car -1.000000 -1 -1 562.3622187917978 176.0301764263378 615.6348200926185 223.89852254873261 -1 -1 -1 -1 -1 -1 -1 -1 1 
106 23 Car -1.000000 -1 -1 852.728211227901 168.27716941117504 890.5788691452773 184.95502880464545 -1 -1 -1 -1 -1 -1 -1 -1 1 
106 29 Car -1.000000 -1 -1 549.0398631746107 177.45187109381314 566.3617690777985 190.31649877720616 -1 -1 -1 -1 -1 -1 -1 -1 1 
107 1 Car -1.000000 -1 -1 562.4636253861539 176.1830348208231 615.5088646624956 223.99995884928362 -1 -1 -1 -1 -1 -1 -1 -1 1 
107 23 Car -1.000000 -1 -1 857.7344125931376 168.39066434606335 894.9320457427154 184.78078902150204 -1 -1 -1 -1 -1 -1 -1 -1 1 
107 29 Car -1.000000 -1 -1 549.0096089754952 177.9555428038727 565.2264868077423 189.93911736885013 -1 -1 -1 -1 -1 -1 -1 -1 1 
107 30 Car -1.000000 -1 -1 525.0233770267714 179.90202495191244 545.7594730306836 196.91256824917457 -1 -1 -1 -1 -1 -1 -1 -1 1 
108 1 Car -1.000000 -1 -1 562.7082223065669 176.70714858807452 615.0826570795598 223.82907863714183 -1 -1 -1 -1 -1 -1 -1 -1 1 
108 29 Car -1.000000 -1 -1 548.8464371296004 178.97911985850817 564.1918253449023 190.12226294300632 -1 -1 -1 -1 -1 -1 -1 -1 1 
108 30 Car -1.000000 -1 -1 522.0649658727277 180.81278393198073 543.5915242102166 198.44105672378777 -1 -1 -1 -1 -1 -1 -1 -1 1 
109 1 Car -1.000000 -1 -1 562.741409979838 176.72389910606685 615.2401136852282 223.92861229577443 -1 -1 -1 -1 -1 -1 -1 -1 1 
109 29 Car -1.000000 -1 -1 547.6888407866904 178.48596154341223 563.5538685996062 189.85868792854455 -1 -1 -1 -1 -1 -1 -1 -1 1 
109 30 Car -1.000000 -1 -1 517.8189712117811 179.73930921193684 541.8130194365615 199.38294062155586 -1 -1 -1 -1 -1 -1 -1 -1 1 
110 1 Car -1.000000 -1 -1 563.0760298389582 176.68452586801516 615.7742874384417 223.96094617042976 -1 -1 -1 -1 -1 -1 -1 -1 1 
110 29 Car -1.000000 -1 -1 545.6518686406865 177.9445482334609 562.5090467549262 189.88549438190705 -1 -1 -1 -1 -1 -1 -1 -1 1 
110 30 Car -1.000000 -1 -1 511.00673114018673 179.0056823034893 537.0485838992113 200.3312928858626 -1 -1 -1 -1 -1 -1 -1 -1 1 
110 32 Car -1.000000 -1 -1 892.7923235310416 168.08192359636456 932.609851288807 186.072531793188 -1 -1 -1 -1 -1 -1 -1 -1 1 
111 1 Car -1.000000 -1 -1 563.090303758777 175.94297898952647 617.0307368414253 224.4167337879768 -1 -1 -1 -1 -1 -1 -1 -1 1 
111 29 Car -1.000000 -1 -1 538.7642976331599 177.50779591127628 557.9236919279602 191.01146156542427 -1 -1 -1 -1 -1 -1 -1 -1 1 
111 30 Car -1.000000 -1 -1 506.1457829279268 178.94502606187953 533.5036158967512 201.26482461090274 -1 -1 -1 -1 -1 -1 -1 -1 1 
111 32 Car -1.000000 -1 -1 904.4467289443426 167.3664223268948 944.1651438027609 185.2289119518044 -1 -1 -1 -1 -1 -1 -1 -1 1 
112 1 Car -1.000000 -1 -1 563.445219935031 176.33934836545137 616.8542795097965 224.38127676859312 -1 -1 -1 -1 -1 -1 -1 -1 1 
112 29 Car -1.000000 -1 -1 541.7944512036808 178.1836896286713 560.518419690414 191.207222243543 -1 -1 -1 -1 -1 -1 -1 -1 1 
112 30 Car -1.000000 -1 -1 501.4997366552454 179.7440079166683 530.3463231561138 203.19558563305964 -1 -1 -1 -1 -1 -1 -1 -1 1 
112 32 Car -1.000000 -1 -1 917.5249097544352 167.0618938892082 959.6329478764216 185.79784996897362 -1 -1 -1 -1 -1 -1 -1 -1 1 
112 33 Car -1.000000 -1 -1 959.5848851801603 151.89437180405957 1058.397203589428 191.4130594509978 -1 -1 -1 -1 -1 -1 -1 -1 1 
113 1 Car -1.000000 -1 -1 563.6530896574699 178.62114035589371 617.602587127945 227.19599612746217 -1 -1 -1 -1 -1 -1 -1 -1 1 
113 29 Car -1.000000 -1 -1 536.3054421127548 178.51698893059938 556.5439872660298 192.426789828054 -1 -1 -1 -1 -1 -1 -1 -1 1 
113 30 Car -1.000000 -1 -1 496.0661466511206 180.09838009482877 527.5636231352366 205.7807878920571 -1 -1 -1 -1 -1 -1 -1 -1 1 
113 32 Car -1.000000 -1 -1 933.3459906177055 167.7416539847872 979.7306420987453 188.1461286114016 -1 -1 -1 -1 -1 -1 -1 -1 1 
113 33 Car -1.000000 -1 -1 978.4129140202982 154.73951747085115 1078.9956738074593 194.85102825544965 -1 -1 -1 -1 -1 -1 -1 -1 1 
114 1 Car -1.000000 -1 -1 564.4586066732164 179.9624923460237 617.9549369156048 228.0473004219503 -1 -1 -1 -1 -1 -1 -1 -1 1 
114 29 Car -1.000000 -1 -1 534.5844038574554 178.56863116727365 555.1499788331876 192.7031938539623 -1 -1 -1 -1 -1 -1 -1 -1 1 
114 30 Car -1.000000 -1 -1 489.86619035630554 181.47429561969338 523.2500000787462 208.89995752939245 -1 -1 -1 -1 -1 -1 -1 -1 1 
114 32 Car -1.000000 -1 -1 947.200664339361 170.0388776530171 995.2951880456495 190.73968152647157 -1 -1 -1 -1 -1 -1 -1 -1 1 
114 33 Car -1.000000 -1 -1 998.7490933240773 154.69305246872864 1108.771791572189 198.55233370001625 -1 -1 -1 -1 -1 -1 -1 -1 1 
115 1 Car -1.000000 -1 -1 564.8364757777015 177.262577316919 618.5480102013313 225.66059449961926 -1 -1 -1 -1 -1 -1 -1 -1 1 
115 30 Car -1.000000 -1 -1 480.75618949040955 180.031324479762 516.0323607253663 208.86619998155837 -1 -1 -1 -1 -1 -1 -1 -1 1 
115 32 Car -1.000000 -1 -1 963.2061236542386 168.57859526193891 1014.6950549672321 190.21722603273304 -1 -1 -1 -1 -1 -1 -1 -1 1 
115 33 Car -1.000000 -1 -1 1015.8642542623284 152.58365766986483 1137.031309012314 200.82292632475958 -1 -1 -1 -1 -1 -1 -1 -1 1 
116 1 Car -1.000000 -1 -1 565.3956659388731 175.31023618383176 619.5437394883262 223.9016896546321 -1 -1 -1 -1 -1 -1 -1 -1 1 
116 30 Car -1.000000 -1 -1 470.5131462093851 177.89283973087217 510.0031992381366 210.26495917986537 -1 -1 -1 -1 -1 -1 -1 -1 1 
116 32 Car -1.000000 -1 -1 979.5046266439216 165.51545423260353 1036.784794177402 188.9609660664316 -1 -1 -1 -1 -1 -1 -1 -1 1 
116 33 Car -1.000000 -1 -1 1055.7749675928214 148.44540585041528 1173.1451225292512 195.50164075047513 -1 -1 -1 -1 -1 -1 -1 -1 1 
117 1 Car -1.000000 -1 -1 565.7547730567736 174.49533926075298 620.5232783711184 223.64910137078928 -1 -1 -1 -1 -1 -1 -1 -1 1 
117 30 Car -1.000000 -1 -1 456.8705815419516 178.8527415869285 500.7725820884338 214.68787292654196 -1 -1 -1 -1 -1 -1 -1 -1 1 
117 32 Car -1.000000 -1 -1 995.9266922587107 163.27588818521835 1059.2571837413059 188.64329258108756 -1 -1 -1 -1 -1 -1 -1 -1 1 
117 33 Car -1.000000 -1 -1 1066.875626901188 144.6083336348616 1192.6333335895738 195.2371099542729 -1 -1 -1 -1 -1 -1 -1 -1 1 
117 35 Car -1.000000 -1 -1 527.2537018842007 176.33884528405937 550.2286420604723 192.61538076247254 -1 -1 -1 -1 -1 -1 -1 -1 1 
118 1 Car -1.000000 -1 -1 565.8249467079554 177.19553005939406 620.8373011214899 226.59448458795148 -1 -1 -1 -1 -1 -1 -1 -1 1 
118 30 Car -1.000000 -1 -1 441.7500131325601 181.3228920147578 492.05569818505046 221.85958083354527 -1 -1 -1 -1 -1 -1 -1 -1 1 
118 32 Car -1.000000 -1 -1 1016.1194348321035 162.47452454936303 1085.2086917662707 189.4309328587055 -1 -1 -1 -1 -1 -1 -1 -1 1 
118 33 Car -1.000000 -1 -1 1092.0441237623368 142.47285844501738 1228.3953558411242 197.03652106722427 -1 -1 -1 -1 -1 -1 -1 -1 1 
118 35 Car -1.000000 -1 -1 525.1990666881104 177.29584894079244 548.2289005175448 193.61471950394582 -1 -1 -1 -1 -1 -1 -1 -1 1 
119 1 Car -1.000000 -1 -1 566.8359001403627 179.9292324368499 621.5108330758067 229.12234155989404 -1 -1 -1 -1 -1 -1 -1 -1 1 
119 30 Car -1.000000 -1 -1 425.61261006133725 185.15745893074785 480.83406654479774 229.14421467906342 -1 -1 -1 -1 -1 -1 -1 -1 1 
119 32 Car -1.000000 -1 -1 1039.7751088381908 165.70896446971906 1115.6441084658052 194.9055798696348 -1 -1 -1 -1 -1 -1 -1 -1 1 
119 33 Car -1.000000 -1 -1 1109.0409844500216 145.61945267113057 1252.2315468391116 203.69161351259334 -1 -1 -1 -1 -1 -1 -1 -1 1 
119 35 Car -1.000000 -1 -1 520.38199052513 180.36242419139234 547.2676734075964 199.4739824154432 -1 -1 -1 -1 -1 -1 -1 -1 1 
120 1 Car -1.000000 -1 -1 566.4311001002101 180.65161400496604 621.3749871380674 230.43159902076263 -1 -1 -1 -1 -1 -1 -1 -1 1 
120 30 Car -1.000000 -1 -1 401.1681230397894 187.24279705846442 462.8173125326652 235.5040980778311 -1 -1 -1 -1 -1 -1 -1 -1 1 
120 32 Car -1.000000 -1 -1 1054.3892113632962 165.43438968653695 1133.1324936527176 195.73709446452196 -1 -1 -1 -1 -1 -1 -1 -1 1 
120 33 Car -1.000000 -1 -1 1132.8086179407378 147.61582520761584 1269.8485786413612 204.7390921350019 -1 -1 -1 -1 -1 -1 -1 -1 1 
120 35 Car -1.000000 -1 -1 516.2488859015604 181.43885953269952 544.92555481857 201.92493877998868 -1 -1 -1 -1 -1 -1 -1 -1 1 
121 1 Car -1.000000 -1 -1 566.5152729665999 176.44155684499984 622.029449565371 226.96106014520456 -1 -1 -1 -1 -1 -1 -1 -1 1 
121 30 Car -1.000000 -1 -1 369.86365453712375 184.6966183272883 443.95825360684887 241.92917150728277 -1 -1 -1 -1 -1 -1 -1 -1 1 
121 33 Car -1.000000 -1 -1 1156.6831263848762 149.70625384218386 1281.4100271075092 204.23107402788148 -1 -1 -1 -1 -1 -1 -1 -1 1 
121 35 Car -1.000000 -1 -1 508.96891384699364 179.30583744573875 539.5894896181723 201.32366023126346 -1 -1 -1 -1 -1 -1 -1 -1 1 
122 1 Car -1.000000 -1 -1 566.5866871850568 173.35155463097954 622.2479382800811 224.11165648792485 -1 -1 -1 -1 -1 -1 -1 -1 1 
122 30 Car -1.000000 -1 -1 327.6419501968238 184.02878332166836 417.189456362739 251.7314324772613 -1 -1 -1 -1 -1 -1 -1 -1 1 
122 33 Car -1.000000 -1 -1 1175.4958518006915 149.43879377869087 1303.7954847341737 205.52547674995253 -1 -1 -1 -1 -1 -1 -1 -1 1 
122 35 Car -1.000000 -1 -1 501.5046380110719 175.91099788350164 535.1154717476737 200.21213518633044 -1 -1 -1 -1 -1 -1 -1 -1 1 
123 1 Car -1.000000 -1 -1 567.2264963222311 172.17189929993893 622.2797707882471 222.3902245063653 -1 -1 -1 -1 -1 -1 -1 -1 1 
123 30 Car -1.000000 -1 -1 316.51249079299686 184.35893986567936 409.8654934348932 254.93869730156192 -1 -1 -1 -1 -1 -1 -1 -1 1 
123 35 Car -1.000000 -1 -1 494.2546242659296 175.85271858848822 530.7001137568827 202.30078864379968 -1 -1 -1 -1 -1 -1 -1 -1 1 
123 38 Car -1.000000 -1 -1 1119.928931156468 160.1438686257805 1252.8852297830645 200.70035263718606 -1 -1 -1 -1 -1 -1 -1 -1 1 
124 1 Car -1.000000 -1 -1 567.3720620158518 171.36989563476646 622.9407667712745 222.0859850711852 -1 -1 -1 -1 -1 -1 -1 -1 1 
124 35 Car -1.000000 -1 -1 488.36315531225574 176.66511885968646 526.7487994950466 204.46971161504354 -1 -1 -1 -1 -1 -1 -1 -1 1 
124 38 Car -1.000000 -1 -1 1132.541208045 156.30487011157095 1276.8654941316324 201.20108652277906 -1 -1 -1 -1 -1 -1 -1 -1 1 
125 1 Car -1.000000 -1 -1 567.01692523652 171.79358744232275 623.4846271314473 223.52603922789172 -1 -1 -1 -1 -1 -1 -1 -1 1 
125 35 Car -1.000000 -1 -1 477.6379090666939 179.29832409765453 519.739655245047 209.57688402423705 -1 -1 -1 -1 -1 -1 -1 -1 1 
125 38 Car -1.000000 -1 -1 1143.260933413551 154.0332651010081 1294.4888497846052 201.07705587658606 -1 -1 -1 -1 -1 -1 -1 -1 1 
126 1 Car -1.000000 -1 -1 568.1985104849546 173.53306806144707 624.310925832112 224.91441359343125 -1 -1 -1 -1 -1 -1 -1 -1 1 
126 35 Car -1.000000 -1 -1 468.20538722274165 181.89672090037732 513.5989506865022 214.2063140760872 -1 -1 -1 -1 -1 -1 -1 -1 1 
127 1 Car -1.000000 -1 -1 568.3899773962872 177.4067986569256 623.2231110555497 227.49660490384218 -1 -1 -1 -1 -1 -1 -1 -1 1 
127 35 Car -1.000000 -1 -1 452.48842082037993 185.128797829672 502.9707508671328 220.57493043542624 -1 -1 -1 -1 -1 -1 -1 -1 1 
128 1 Car -1.000000 -1 -1 568.4293977420122 178.71584790111982 623.2978278234293 228.7232413022234 -1 -1 -1 -1 -1 -1 -1 -1 1 
128 35 Car -1.000000 -1 -1 434.67006128017397 186.92639303155795 491.97545697584957 226.9188146250643 -1 -1 -1 -1 -1 -1 -1 -1 1 
129 1 Car -1.000000 -1 -1 568.715506481627 176.5990406894956 623.7922105503621 226.72233965564757 -1 -1 -1 -1 -1 -1 -1 -1 1 
129 35 Car -1.000000 -1 -1 415.961376353633 188.11763864087894 479.6186256010298 231.9913061446776 -1 -1 -1 -1 -1 -1 -1 -1 1 
130 1 Car -1.000000 -1 -1 568.2054705291082 175.10658887637837 623.8629171788691 225.70050565144558 -1 -1 -1 -1 -1 -1 -1 -1 1 
130 35 Car -1.000000 -1 -1 389.1345939486375 188.32099639999194 461.67557722949095 237.67453790280715 -1 -1 -1 -1 -1 -1 -1 -1 1 
131 1 Car -1.000000 -1 -1 567.1698255971596 174.30356346696382 623.2545280184225 225.20682227415705 -1 -1 -1 -1 -1 -1 -1 -1 1 
131 35 Car -1.000000 -1 -1 355.2522913000204 188.65560491692383 442.6734917281586 247.5270709403182 -1 -1 -1 -1 -1 -1 -1 -1 1 
132 1 Car -1.000000 -1 -1 566.3963115974434 174.08429182826197 623.5681697820138 225.9952499093526 -1 -1 -1 -1 -1 -1 -1 -1 1 
132 35 Car -1.000000 -1 -1 345.0157497230992 189.37222141334146 436.30972963289304 250.8516779608989 -1 -1 -1 -1 -1 -1 -1 -1 1 
133 1 Car -1.000000 -1 -1 566.205055315019 177.25068210290598 622.4622851206454 228.16356762971554 -1 -1 -1 -1 -1 -1 -1 -1 1 
134 1 Car -1.000000 -1 -1 565.7039254027692 179.00940513855414 622.5855056067476 230.47889443306823 -1 -1 -1 -1 -1 -1 -1 -1 1 
135 1 Car -1.000000 -1 -1 565.8539252586021 181.06970419058945 622.4785120176917 232.18984497922133 -1 -1 -1 -1 -1 -1 -1 -1 1 
136 1 Car -1.000000 -1 -1 565.9393609606728 181.84763281448272 622.5324447813715 232.75928872151832 -1 -1 -1 -1 -1 -1 -1 -1 1 
137 1 Car -1.000000 -1 -1 565.4154473452569 180.67034201310653 623.3959117857426 232.86815211949448 -1 -1 -1 -1 -1 -1 -1 -1 1 
138 1 Car -1.000000 -1 -1 566.1100882709945 179.50677930621572 623.4997199275175 230.94633085952518 -1 -1 -1 -1 -1 -1 -1 -1 1 
139 1 Car -1.000000 -1 -1 566.206041753732 175.66429590794127 624.7982656738103 228.27476500458425 -1 -1 -1 -1 -1 -1 -1 -1 1 
140 1 Car -1.000000 -1 -1 567.1734471198124 174.3099880399289 625.1974393249952 226.27695138598398 -1 -1 -1 -1 -1 -1 -1 -1 1 
141 1 Car -1.000000 -1 -1 568.4390255341565 174.08887620932987 626.3460425172112 225.7434222857475 -1 -1 -1 -1 -1 -1 -1 -1 1 
142 1 Car -1.000000 -1 -1 570.7718267448413 175.24063292705205 630.1370448568645 228.56200341919083 -1 -1 -1 -1 -1 -1 -1 -1 1 
143 1 Car -1.000000 -1 -1 572.7116458782232 175.82594161918058 632.8373755977476 230.10640134473581 -1 -1 -1 -1 -1 -1 -1 -1 1 
144 1 Car -1.000000 -1 -1 572.9892567103731 177.58261329681335 631.5639288505861 229.84764343446696 -1 -1 -1 -1 -1 -1 -1 -1 1 
144 48 Car -1.000000 -1 -1 863.6874086524574 167.88667149473363 893.9018096332618 186.11945531875318 -1 -1 -1 -1 -1 -1 -1 -1 1 
145 1 Car -1.000000 -1 -1 575.0022239807653 178.6857226403693 633.3404863005412 230.1709486552453 -1 -1 -1 -1 -1 -1 -1 -1 1 
145 48 Car -1.000000 -1 -1 873.5932775360832 168.32822093317347 906.3675977434273 188.02030824623625 -1 -1 -1 -1 -1 -1 -1 -1 1 
146 1 Car -1.000000 -1 -1 575.8195499536498 178.7110842050423 635.2447880241158 230.61511095463652 -1 -1 -1 -1 -1 -1 -1 -1 1 
146 48 Car -1.000000 -1 -1 879.1692510090561 168.78755618810882 912.5327895228417 188.83366850285816 -1 -1 -1 -1 -1 -1 -1 -1 1 
147 1 Car -1.000000 -1 -1 576.2144773898108 178.29519696660324 637.3576474843768 231.51209393229578 -1 -1 -1 -1 -1 -1 -1 -1 1 
148 1 Car -1.000000 -1 -1 577.2181003846073 178.4193844921611 638.6195884115098 231.5604820173605 -1 -1 -1 -1 -1 -1 -1 -1 1 
149 1 Car -1.000000 -1 -1 577.5206653150593 178.13818137747504 640.5436651638329 232.69029313028744 -1 -1 -1 -1 -1 -1 -1 -1 1 
149 51 Car -1.000000 -1 -1 666.7224847242261 178.14172684896158 703.8443439914928 208.25576744165878 -1 -1 -1 -1 -1 -1 -1 -1 1 
149 52 Car -1.000000 -1 -1 850.1330920153592 168.49279106730475 875.2321805084044 186.79365430337938 -1 -1 -1 -1 -1 -1 -1 -1 1 
150 1 Car -1.000000 -1 -1 579.3914379682399 180.02469734799473 641.7973137830867 233.86202993196525 -1 -1 -1 -1 -1 -1 -1 -1 1 
150 51 Car -1.000000 -1 -1 669.0461990449548 181.419742650956 707.4307769755756 212.42357891690457 -1 -1 -1 -1 -1 -1 -1 -1 1 
150 52 Car -1.000000 -1 -1 856.4130957968505 171.95240720179964 882.1747524766502 190.6468212110862 -1 -1 -1 -1 -1 -1 -1 -1 1 
150 53 Car -1.000000 -1 -1 924.4035759799766 175.48168326400128 962.1375614115206 193.46932001091534 -1 -1 -1 -1 -1 -1 -1 -1 1 
151 1 Car -1.000000 -1 -1 580.410790912397 179.78156481688006 642.6752172728203 233.2252880205605 -1 -1 -1 -1 -1 -1 -1 -1 1 
151 51 Car -1.000000 -1 -1 675.2793868196466 181.90556735253088 714.8038576923959 213.76601044062568 -1 -1 -1 -1 -1 -1 -1 -1 1 
151 52 Car -1.000000 -1 -1 864.4985956781895 171.7360438646641 888.0683483532632 188.55527617334886 -1 -1 -1 -1 -1 -1 -1 -1 1 
151 53 Car -1.000000 -1 -1 931.7675858653619 173.49533795628182 981.8174566487446 197.2908252376852 -1 -1 -1 -1 -1 -1 -1 -1 1 
152 1 Car -1.000000 -1 -1 581.722372143818 175.4300208385671 644.5638698729767 229.53576416857388 -1 -1 -1 -1 -1 -1 -1 -1 1 
152 51 Car -1.000000 -1 -1 677.5420790643893 177.5001909731617 721.044582792974 212.6080070197671 -1 -1 -1 -1 -1 -1 -1 -1 1 
152 52 Car -1.000000 -1 -1 870.0685878813371 172.67070175092786 893.3458237708178 189.2811950802229 -1 -1 -1 -1 -1 -1 -1 -1 1 
152 53 Car -1.000000 -1 -1 940.9387116586533 170.49814034935835 995.9677498883148 196.54071525802374 -1 -1 -1 -1 -1 -1 -1 -1 1 
153 1 Car -1.000000 -1 -1 583.3018191398237 173.64850730409924 646.5059978479316 228.20500351798609 -1 -1 -1 -1 -1 -1 -1 -1 1 
153 51 Car -1.000000 -1 -1 679.2257623850077 177.32737766680077 724.7446947291925 213.8629835327533 -1 -1 -1 -1 -1 -1 -1 -1 1 
153 53 Car -1.000000 -1 -1 955.4647300199806 167.15414710889033 1011.4569266560288 193.4298836010451 -1 -1 -1 -1 -1 -1 -1 -1 1 
154 1 Car -1.000000 -1 -1 584.0040214010493 175.3419191327327 647.8776144728218 230.57302245296341 -1 -1 -1 -1 -1 -1 -1 -1 1 
154 51 Car -1.000000 -1 -1 683.1554177461959 177.52334490706374 732.2817023545886 217.03106911796397 -1 -1 -1 -1 -1 -1 -1 -1 1 
154 53 Car -1.000000 -1 -1 964.6492663930928 165.99779255199005 1023.3617635363682 193.55009663196793 -1 -1 -1 -1 -1 -1 -1 -1 1 
155 1 Car -1.000000 -1 -1 584.9203538578768 176.88075750099614 648.6759723474781 232.08456675906422 -1 -1 -1 -1 -1 -1 -1 -1 1 
155 51 Car -1.000000 -1 -1 685.6134608397681 177.92804950836424 738.7875855788882 220.69272153135182 -1 -1 -1 -1 -1 -1 -1 -1 1 
155 57 Car -1.000000 -1 -1 1044.3625299956395 154.92158753670734 1135.988502904521 200.52037655061497 -1 -1 -1 -1 -1 -1 -1 -1 1 
156 1 Car -1.000000 -1 -1 590.1085041721561 177.78405058961604 654.021316567962 232.81150378336096 -1 -1 -1 -1 -1 -1 -1 -1 1 
156 51 Car -1.000000 -1 -1 691.9977138646487 180.40521511802635 747.3097108200927 224.60733015200017 -1 -1 -1 -1 -1 -1 -1 -1 1 
156 57 Car -1.000000 -1 -1 1052.6606838314967 154.78549439809828 1147.075254633255 201.77206325747497 -1 -1 -1 -1 -1 -1 -1 -1 1 
157 1 Car -1.000000 -1 -1 592.294560861192 177.55331462469522 656.6196798719034 232.874435775934 -1 -1 -1 -1 -1 -1 -1 -1 1 
157 51 Car -1.000000 -1 -1 697.2365583070537 181.78621179707952 755.0145929105273 227.72533910506908 -1 -1 -1 -1 -1 -1 -1 -1 1 
157 58 Car -1.000000 -1 -1 1011.445440758317 168.20664827518596 1091.207452106546 198.0118585293187 -1 -1 -1 -1 -1 -1 -1 -1 1 
158 1 Car -1.000000 -1 -1 594.2560149411821 177.0588677663759 657.889508277681 231.9223152437305 -1 -1 -1 -1 -1 -1 -1 -1 1 
158 51 Car -1.000000 -1 -1 702.5238135304548 182.15151978491437 763.6321797824219 230.43888457611422 -1 -1 -1 -1 -1 -1 -1 -1 1 
158 58 Car -1.000000 -1 -1 1029.867263509715 167.3677263065458 1111.4954302427589 197.66786432779588 -1 -1 -1 -1 -1 -1 -1 -1 1 
159 1 Car -1.000000 -1 -1 596.0978044335922 177.1069898514329 658.5625059074022 230.9681779383367 -1 -1 -1 -1 -1 -1 -1 -1 1 
159 51 Car -1.000000 -1 -1 707.8906826524692 181.39525928020038 773.4605304978699 233.09427091288575 -1 -1 -1 -1 -1 -1 -1 -1 1 
159 58 Car -1.000000 -1 -1 1041.8282624825774 167.44912989146655 1125.388129574064 198.46630906043296 -1 -1 -1 -1 -1 -1 -1 -1 1 
159 60 Car -1.000000 -1 -1 1122.3835999414855 150.47920846423997 1266.8488667846734 209.2608582470927 -1 -1 -1 -1 -1 -1 -1 -1 1 
160 1 Car -1.000000 -1 -1 597.6772006688999 174.9761638506424 659.6499310744463 228.59807727514934 -1 -1 -1 -1 -1 -1 -1 -1 1 
160 51 Car -1.000000 -1 -1 709.0116371526557 176.39533847614396 787.5561153419858 238.59047081030985 -1 -1 -1 -1 -1 -1 -1 -1 1 
160 60 Car -1.000000 -1 -1 1128.292762187201 149.18444688035893 1278.6315546257088 210.3559834583189 -1 -1 -1 -1 -1 -1 -1 -1 1 
161 1 Car -1.000000 -1 -1 597.8912990193652 176.99681394591636 660.8972052110813 231.599488733155 -1 -1 -1 -1 -1 -1 -1 -1 1 
161 51 Car -1.000000 -1 -1 715.1380795542824 177.71423930747412 799.4648240119999 244.14768580797812 -1 -1 -1 -1 -1 -1 -1 -1 1 
162 1 Car -1.000000 -1 -1 598.8829447808392 178.01449148652762 662.0911421059553 232.89811674562185 -1 -1 -1 -1 -1 -1 -1 -1 1 
162 51 Car -1.000000 -1 -1 726.4826358535521 177.7462437858373 817.8707482895031 249.09602585690516 -1 -1 -1 -1 -1 -1 -1 -1 1 
162 62 Car -1.000000 -1 -1 1127.4087694608097 165.0361445070978 1219.0471790564484 204.39732511368135 -1 -1 -1 -1 -1 -1 -1 -1 1 
163 1 Car -1.000000 -1 -1 599.8774596830605 177.67044768506395 663.6502529833172 233.18343218168616 -1 -1 -1 -1 -1 -1 -1 -1 1 
163 51 Car -1.000000 -1 -1 737.2358191156623 181.55950264890754 835.986350719695 257.76928389299127 -1 -1 -1 -1 -1 -1 -1 -1 1 
163 62 Car -1.000000 -1 -1 1140.2659027455984 163.79531312025287 1239.639429133034 206.4770215494002 -1 -1 -1 -1 -1 -1 -1 -1 1 
164 1 Car -1.000000 -1 -1 600.7858910961119 177.94414196366756 664.4626878580617 233.44419731629065 -1 -1 -1 -1 -1 -1 -1 -1 1 
164 51 Car -1.000000 -1 -1 746.5656165105856 181.13512850129243 859.9779939534234 268.6853605650001 -1 -1 -1 -1 -1 -1 -1 -1 1 
164 62 Car -1.000000 -1 -1 1157.973534559255 163.63782194977435 1256.8844113621253 206.6736307053393 -1 -1 -1 -1 -1 -1 -1 -1 1 
165 1 Car -1.000000 -1 -1 601.7241201644295 179.49336852219386 664.4511458499582 233.9835433673642 -1 -1 -1 -1 -1 -1 -1 -1 1 
165 51 Car -1.000000 -1 -1 758.7676788965288 183.461973559538 888.1843905695071 282.667665048816 -1 -1 -1 -1 -1 -1 -1 -1 1 
165 62 Car -1.000000 -1 -1 1172.5112821288642 163.3271807575662 1275.3691634547163 208.08031918205535 -1 -1 -1 -1 -1 -1 -1 -1 1 
166 1 Car -1.000000 -1 -1 602.3195680068051 180.45279307528457 665.5279526102564 235.12056342307534 -1 -1 -1 -1 -1 -1 -1 -1 1 
166 51 Car -1.000000 -1 -1 776.793370101055 184.89971618582885 927.8838040533049 299.1763804958588 -1 -1 -1 -1 -1 -1 -1 -1 1 
167 1 Car -1.000000 -1 -1 602.0223552620798 180.47152033035013 666.0095632486417 235.6187684290002 -1 -1 -1 -1 -1 -1 -1 -1 1 
167 51 Car -1.000000 -1 -1 795.7150674068366 183.5502494734543 975.2369192492102 317.69040894142523 -1 -1 -1 -1 -1 -1 -1 -1 1 
168 1 Car -1.000000 -1 -1 602.3249195516846 180.45027650358696 665.6641470642506 234.7825854762538 -1 -1 -1 -1 -1 -1 -1 -1 1 
168 51 Car -1.000000 -1 -1 824.6083218456091 184.38549878935044 1045.1548901420467 346.29950052977085 -1 -1 -1 -1 -1 -1 -1 -1 1 
169 1 Car -1.000000 -1 -1 601.7647470019175 180.05086184341425 666.0219848379047 235.07781448234493 -1 -1 -1 -1 -1 -1 -1 -1 1 
169 51 Car -1.000000 -1 -1 877.5051082142993 187.07982057672285 1129.897396669857 364.33711425276493 -1 -1 -1 -1 -1 -1 -1 -1 1 
170 1 Car -1.000000 -1 -1 601.7157858038612 180.32557911961823 666.3836160564894 235.7491489172276 -1 -1 -1 -1 -1 -1 -1 -1 1 
170 51 Car -1.000000 -1 -1 920.4008348172714 194.85655775075787 1181.014930343299 371.1887546455144 -1 -1 -1 -1 -1 -1 -1 -1 1 
171 1 Car -1.000000 -1 -1 601.16394821557 180.83094619329307 667.1164957075416 237.53007362843354 -1 -1 -1 -1 -1 -1 -1 -1 1 
171 51 Car -1.000000 -1 -1 970.6470637099554 211.2686950753692 1217.6978826399627 376.1743414345815 -1 -1 -1 -1 -1 -1 -1 -1 1 
172 1 Car -1.000000 -1 -1 601.2616186770114 181.44579258171007 667.5531974320824 238.5116068418328 -1 -1 -1 -1 -1 -1 -1 -1 1 
172 51 Car -1.000000 -1 -1 983.7922968105275 212.7317388386348 1239.2221133759836 383.2299665468878 -1 -1 -1 -1 -1 -1 -1 -1 1 
173 1 Car -1.000000 -1 -1 601.2730684763665 181.84000185540538 667.8387721067605 239.24098993658743 -1 -1 -1 -1 -1 -1 -1 -1 1 
174 1 Car -1.000000 -1 -1 600.7288073317759 181.3124811213634 668.2495675877059 239.77997359181668 -1 -1 -1 -1 -1 -1 -1 -1 1 
175 1 Car -1.000000 -1 -1 600.6006094599147 180.56284908536247 668.5222349374055 239.6440392192797 -1 -1 -1 -1 -1 -1 -1 -1 1 
176 1 Car -1.000000 -1 -1 600.5225207844866 179.68643482422365 668.5134794639856 238.9852817105246 -1 -1 -1 -1 -1 -1 -1 -1 1 
178 1 Car -1.000000 -1 -1 600.1164311017169 178.95871964141173 668.1583178065714 238.3253690903341 -1 -1 -1 -1 -1 -1 -1 -1 1 
179 1 Car -1.000000 -1 -1 599.5310591625855 178.6620740590369 667.5189027101412 237.9344236792156 -1 -1 -1 -1 -1 -1 -1 -1 1 
180 1 Car -1.000000 -1 -1 599.1194665568088 178.44162506824307 667.6574113397268 238.2569634343427 -1 -1 -1 -1 -1 -1 -1 -1 1 
182 1 Car -1.000000 -1 -1 598.3634555621297 177.5998091037295 667.5790640976683 238.20501748683907 -1 -1 -1 -1 -1 -1 -1 -1 1 
186 1 Car -1.000000 -1 -1 596.465774346747 175.459458862759 665.07980658484 235.4899299679891 -1 -1 -1 -1 -1 -1 -1 -1 1 
187 1 Car -1.000000 -1 -1 595.513924720809 174.5916333384732 664.1041837591216 234.73359320207365 -1 -1 -1 -1 -1 -1 -1 -1 1 
188 1 Car -1.000000 -1 -1 594.9504713883819 174.41978724177582 663.5462824125428 234.61457471452485 -1 -1 -1 -1 -1 -1 -1 -1 1 
189 1 Car -1.000000 -1 -1 594.9905664681576 174.54910388935377 663.2473498737492 234.44788483886524 -1 -1 -1 -1 -1 -1 -1 -1 1 
190 1 Car -1.000000 -1 -1 595.3306102739408 174.84154575712762 663.4593274062508 234.56743429048183 -1 -1 -1 -1 -1 -1 -1 -1 1 
191 1 Car -1.000000 -1 -1 595.4632257083625 175.62126360458404 664.684162067864 236.20604856088397 -1 -1 -1 -1 -1 -1 -1 -1 1 
192 1 Car -1.000000 -1 -1 595.5098711087669 176.76286756717454 665.7041784840962 238.06597006051197 -1 -1 -1 -1 -1 -1 -1 -1 1 
193 1 Car -1.000000 -1 -1 595.331114724001 177.3204201311474 666.4085486241711 239.35087516184876 -1 -1 -1 -1 -1 -1 -1 -1 1 
194 1 Car -1.000000 -1 -1 595.5174574214392 177.51238239438652 666.6978153174182 239.6187254179049 -1 -1 -1 -1 -1 -1 -1 -1 1 
195 1 Car -1.000000 -1 -1 595.2672255469927 177.56361214981075 666.7463032252593 239.94042235837864 -1 -1 -1 -1 -1 -1 -1 -1 1 
196 1 Car -1.000000 -1 -1 595.3170551841598 177.58102314234435 667.2039579734555 240.3844823761177 -1 -1 -1 -1 -1 -1 -1 -1 1 
197 1 Car -1.000000 -1 -1 595.7024286622991 177.40798342290753 667.6546135829171 240.37661776344046 -1 -1 -1 -1 -1 -1 -1 -1 1 
198 1 Car -1.000000 -1 -1 595.8544308468835 177.04173833100106 667.5447443431746 239.88115720548527 -1 -1 -1 -1 -1 -1 -1 -1 1 
199 1 Car -1.000000 -1 -1 596.2837633552602 176.78093954977473 667.5853742608361 239.3234580805012 -1 -1 -1 -1 -1 -1 -1 -1 1 
200 1 Car -1.000000 -1 -1 596.1769599951509 176.31004986268806 667.7004895029238 239.06686283518377 -1 -1 -1 -1 -1 -1 -1 -1 1 
201 1 Car -1.000000 -1 -1 596.5890059164798 176.54973213220478 667.8205486697267 239.1720557417142 -1 -1 -1 -1 -1 -1 -1 -1 1 
202 1 Car -1.000000 -1 -1 596.739441375867 176.78546830719858 667.3631586156729 238.86477418894955 -1 -1 -1 -1 -1 -1 -1 -1 1 
203 1 Car -1.000000 -1 -1 596.7338597428846 177.24673391454274 667.1068497513702 239.02770643910665 -1 -1 -1 -1 -1 -1 -1 -1 1 
204 1 Car -1.000000 -1 -1 595.991931344541 177.05392691036957 667.5478587793386 240.0591498051327 -1 -1 -1 -1 -1 -1 -1 -1 1 
205 1 Car -1.000000 -1 -1 595.6979078118213 177.41353858371593 667.0555385375106 240.27864014973744 -1 -1 -1 -1 -1 -1 -1 -1 1 
206 1 Car -1.000000 -1 -1 596.3890187959046 177.905730614327 666.5168527754357 239.58317149637918 -1 -1 -1 -1 -1 -1 -1 -1 1 
207 1 Car -1.000000 -1 -1 596.8599253580591 177.8997107079592 666.680112493363 239.17838454262608 -1 -1 -1 -1 -1 -1 -1 -1 1 
208 1 Car -1.000000 -1 -1 596.1012475725282 177.61879104816228 666.4462027117273 239.3008292224754 -1 -1 -1 -1 -1 -1 -1 -1 1 
209 1 Car -1.000000 -1 -1 595.2222027608708 177.74110354648 665.4219523492083 239.18521681841491 -1 -1 -1 -1 -1 -1 -1 -1 1 
210 1 Car -1.000000 -1 -1 594.4706367916301 177.8464038140967 664.6227509198133 239.03995929586094 -1 -1 -1 -1 -1 -1 -1 -1 1 
211 1 Car -1.000000 -1 -1 593.0740720015432 177.6672282184467 662.9048736940031 238.44389756325214 -1 -1 -1 -1 -1 -1 -1 -1 1 
212 1 Car -1.000000 -1 -1 591.0754928581641 176.96003991937388 661.4739651339687 238.29734274148404 -1 -1 -1 -1 -1 -1 -1 -1 1 
213 1 Car -1.000000 -1 -1 589.7599827647674 176.68282675973 660.2982498254544 238.16676235902165 -1 -1 -1 -1 -1 -1 -1 -1 1 
214 1 Car -1.000000 -1 -1 585.3818564849455 177.35651746171894 654.8539458020246 238.2126042028534 -1 -1 -1 -1 -1 -1 -1 -1 1 
215 1 Car -1.000000 -1 -1 582.7858370247445 177.3513239788044 652.222922300216 238.51719923198874 -1 -1 -1 -1 -1 -1 -1 -1 1 
216 1 Car -1.000000 -1 -1 581.5994829964476 177.41435213143063 649.9303752175813 237.84205685258695 -1 -1 -1 -1 -1 -1 -1 -1 1 
217 1 Car -1.000000 -1 -1 580.4402095586829 177.22911796864688 648.1507351141455 237.17070943996666 -1 -1 -1 -1 -1 -1 -1 -1 1 
218 1 Car -1.000000 -1 -1 579.8269764233538 177.46783294174932 646.4596343874296 236.51026184725544 -1 -1 -1 -1 -1 -1 -1 -1 1 
219 1 Car -1.000000 -1 -1 578.6992060703598 177.7265234424335 644.6630306730866 236.0050510064704 -1 -1 -1 -1 -1 -1 -1 -1 1 
220 1 Car -1.000000 -1 -1 578.6296718396566 178.43419262712519 643.8129765125194 235.76457656880157 -1 -1 -1 -1 -1 -1 -1 -1 1 
221 1 Car -1.000000 -1 -1 577.9006289936758 178.7874984493597 642.7260511196703 235.602013167929 -1 -1 -1 -1 -1 -1 -1 -1 1 
222 1 Car -1.000000 -1 -1 577.6955952318666 179.21380175347792 641.8013937142752 235.22319138217202 -1 -1 -1 -1 -1 -1 -1 -1 1 
223 1 Car -1.000000 -1 -1 577.3771214431961 179.490161298351 641.5894136126122 235.39944823049166 -1 -1 -1 -1 -1 -1 -1 -1 1 
224 1 Car -1.000000 -1 -1 577.5849637625323 180.5309161749263 640.6793120455402 235.141958364854 -1 -1 -1 -1 -1 -1 -1 -1 1 
225 1 Car -1.000000 -1 -1 577.2996648237821 180.56594592957475 640.1645173515267 234.83052663954015 -1 -1 -1 -1 -1 -1 -1 -1 1 
226 1 Car -1.000000 -1 -1 576.609675334445 180.40146240541122 639.8489086209387 234.90463842673773 -1 -1 -1 -1 -1 -1 -1 -1 1 
227 1 Car -1.000000 -1 -1 576.3025155617867 180.33821517089174 639.6439988702057 234.7683009119274 -1 -1 -1 -1 -1 -1 -1 -1 1 
228 1 Car -1.000000 -1 -1 575.8772868351365 181.31663607346692 638.8927990794338 235.4565771783077 -1 -1 -1 -1 -1 -1 -1 -1 1 
229 1 Car -1.000000 -1 -1 575.5977957843747 181.86274593866 638.2438405660581 235.62635250947488 -1 -1 -1 -1 -1 -1 -1 -1 1 
230 1 Car -1.000000 -1 -1 575.8087513006627 182.20931322986024 637.89982445956 235.32858360072044 -1 -1 -1 -1 -1 -1 -1 -1 1 
231 1 Car -1.000000 -1 -1 575.5588585601222 182.81393585240653 636.7301554017217 234.79957736348376 -1 -1 -1 -1 -1 -1 -1 -1 1 
232 1 Car -1.000000 -1 -1 574.8320658662828 182.73368135740563 635.7380969496531 234.40555879015588 -1 -1 -1 -1 -1 -1 -1 -1 1 
233 1 Car -1.000000 -1 -1 574.2135178716791 182.28829016289689 633.9735077672809 232.85373975648258 -1 -1 -1 -1 -1 -1 -1 -1 1 
234 1 Car -1.000000 -1 -1 573.6717651473494 181.9328742945164 633.5517101828335 232.5064325191632 -1 -1 -1 -1 -1 -1 -1 -1 1 
235 1 Car -1.000000 -1 -1 573.8649305502302 182.30024454653528 633.1765017624924 232.1768847171913 -1 -1 -1 -1 -1 -1 -1 -1 1 
236 1 Car -1.000000 -1 -1 573.3771067483115 182.03032010986735 632.8861627128266 231.99011373433476 -1 -1 -1 -1 -1 -1 -1 -1 1 
237 1 Car -1.000000 -1 -1 573.0873990205323 181.30028492789322 633.0446976509777 231.52287944199037 -1 -1 -1 -1 -1 -1 -1 -1 1 
238 1 Car -1.000000 -1 -1 573.2114381052955 181.11502585364394 632.7277157164741 230.84348298031347 -1 -1 -1 -1 -1 -1 -1 -1 1 
239 1 Car -1.000000 -1 -1 572.729611215026 180.3295779095387 632.7964062195554 230.28775701632986 -1 -1 -1 -1 -1 -1 -1 -1 1 
240 1 Car -1.000000 -1 -1 572.8384245263401 180.05438603063885 632.5288239893827 229.34456284316025 -1 -1 -1 -1 -1 -1 -1 -1 1 
241 1 Car -1.000000 -1 -1 572.6883694454384 179.9218299528133 632.3757798164456 228.95953348460318 -1 -1 -1 -1 -1 -1 -1 -1 1 
242 1 Car -1.000000 -1 -1 573.5029534690186 180.28397699830313 633.0527829198608 228.9762554010297 -1 -1 -1 -1 -1 -1 -1 -1 1 
243 1 Car -1.000000 -1 -1 574.5336892533595 180.47845943036668 634.0444097659944 228.832462379811 -1 -1 -1 -1 -1 -1 -1 -1 1 
244 1 Car -1.000000 -1 -1 575.09451005525 180.130524577317 634.6519073365585 228.09442158376862 -1 -1 -1 -1 -1 -1 -1 -1 1 
245 1 Car -1.000000 -1 -1 574.8801895624578 179.15981097577722 635.9768134989228 228.0837534146148 -1 -1 -1 -1 -1 -1 -1 -1 1 
246 1 Car -1.000000 -1 -1 575.1799189198521 178.83128010177222 636.7674570915894 227.93177387569915 -1 -1 -1 -1 -1 -1 -1 -1 1 
247 1 Car -1.000000 -1 -1 576.2790250616591 178.88095457664687 637.5437038206007 227.71508600934487 -1 -1 -1 -1 -1 -1 -1 -1 1 
247 69 Car -1.000000 -1 -1 669.0986609223941 171.99395513860426 688.5894238500201 180.88198004910691 -1 -1 -1 -1 -1 -1 -1 -1 1 
248 1 Car -1.000000 -1 -1 576.7153558167114 178.84728329151696 638.0681216360637 227.72575879100376 -1 -1 -1 -1 -1 -1 -1 -1 1 
248 69 Car -1.000000 -1 -1 666.6478672546734 172.18745328809882 686.3371759002989 181.22100008179095 -1 -1 -1 -1 -1 -1 -1 -1 1 
249 1 Car -1.000000 -1 -1 576.926523463625 178.92377853485914 638.3440179061063 227.66086503117373 -1 -1 -1 -1 -1 -1 -1 -1 1 
249 69 Car -1.000000 -1 -1 665.6360698854272 172.42067690358098 685.3213880919499 181.4523929856146 -1 -1 -1 -1 -1 -1 -1 -1 1 
250 1 Car -1.000000 -1 -1 576.8720787315499 178.39721917665202 639.330967324877 227.94859201614915 -1 -1 -1 -1 -1 -1 -1 -1 1 
251 1 Car -1.000000 -1 -1 578.2670399031637 176.35365556985403 640.649590240572 226.37243285779167 -1 -1 -1 -1 -1 -1 -1 -1 1 
251 70 Car -1.000000 -1 -1 645.0308241401258 172.53805226247886 664.4864589917456 182.04197312723764 -1 -1 -1 -1 -1 -1 -1 -1 1 
252 1 Car -1.000000 -1 -1 579.9978787113452 175.5860350194941 641.9026772169613 225.76158274175833 -1 -1 -1 -1 -1 -1 -1 -1 1 
252 70 Car -1.000000 -1 -1 649.2077340568233 172.6497195272106 669.338109535782 182.5308062200876 -1 -1 -1 -1 -1 -1 -1 -1 1 
253 1 Car -1.000000 -1 -1 581.2124359620144 177.31796995837271 642.981220146933 227.48596156919376 -1 -1 -1 -1 -1 -1 -1 -1 1 
253 70 Car -1.000000 -1 -1 651.1887122807544 172.7401381685435 671.6100712145866 182.76405542986012 -1 -1 -1 -1 -1 -1 -1 -1 1 
254 1 Car -1.000000 -1 -1 582.3827373557418 178.66418992093122 643.8827729746987 228.821390076164 -1 -1 -1 -1 -1 -1 -1 -1 1 
255 1 Car -1.000000 -1 -1 583.6359504356974 179.19852104248434 644.7567572568354 229.26279824626315 -1 -1 -1 -1 -1 -1 -1 -1 1 
256 1 Car -1.000000 -1 -1 585.1272500331464 179.75769075399646 645.3969823452685 229.22173177677914 -1 -1 -1 -1 -1 -1 -1 -1 1 
256 72 Car -1.000000 -1 -1 639.2793554023692 175.72771344386666 661.5129292704135 189.113087779038 -1 -1 -1 -1 -1 -1 -1 -1 1 
257 1 Car -1.000000 -1 -1 586.0961957209942 179.12969052802816 646.5927299098014 228.94556640985647 -1 -1 -1 -1 -1 -1 -1 -1 1 
257 72 Car -1.000000 -1 -1 636.5299687769414 175.88339925378182 660.6977218608349 190.6560048108234 -1 -1 -1 -1 -1 -1 -1 -1 1 
258 1 Car -1.000000 -1 -1 587.5152356427716 179.7111362734148 647.2522992406682 228.95451064600118 -1 -1 -1 -1 -1 -1 -1 -1 1 
258 72 Car -1.000000 -1 -1 634.1359410768714 176.04232623317992 659.9688202003332 191.83274511388043 -1 -1 -1 -1 -1 -1 -1 -1 1 
259 1 Car -1.000000 -1 -1 591.9355966492135 179.08381581952972 652.3987135789883 229.1357927237899 -1 -1 -1 -1 -1 -1 -1 -1 1 
260 1 Car -1.000000 -1 -1 593.375680008422 177.86265998696925 655.1489122447517 229.5523702542214 -1 -1 -1 -1 -1 -1 -1 -1 1 
261 1 Car -1.000000 -1 -1 594.9114601074347 177.73561146932994 656.0959038133857 229.55673377594331 -1 -1 -1 -1 -1 -1 -1 -1 1 
262 1 Car -1.000000 -1 -1 596.5771064642792 177.7844355176212 656.7140777168167 229.09915503419438 -1 -1 -1 -1 -1 -1 -1 -1 1 
263 1 Car -1.000000 -1 -1 598.438857893267 178.34669788052025 657.5795991658258 228.97099965757556 -1 -1 -1 -1 -1 -1 -1 -1 1 
264 1 Car -1.000000 -1 -1 600.1530386920093 179.53291261194494 657.9188568927996 229.10858338393064 -1 -1 -1 -1 -1 -1 -1 -1 1 
265 1 Car -1.000000 -1 -1 600.9391825987767 179.506826447147 658.8591379065108 229.3078900989532 -1 -1 -1 -1 -1 -1 -1 -1 1 
266 1 Car -1.000000 -1 -1 601.0620971918664 178.7704796878046 659.7125367253119 229.4849927211088 -1 -1 -1 -1 -1 -1 -1 -1 1 
267 1 Car -1.000000 -1 -1 602.2088652756295 179.30938297692842 659.9264452370604 229.00677720004737 -1 -1 -1 -1 -1 -1 -1 -1 1 
267 73 Car -1.000000 -1 -1 573.4244836368061 177.8327764848208 598.0865864513543 192.94848480688592 -1 -1 -1 -1 -1 -1 -1 -1 1 
268 1 Car -1.000000 -1 -1 603.5819571374687 180.05702706675527 660.1020186829611 228.54159202933099 -1 -1 -1 -1 -1 -1 -1 -1 1 
268 73 Car -1.000000 -1 -1 568.5071687308691 177.70057488511807 594.7688562854647 193.79253209180627 -1 -1 -1 -1 -1 -1 -1 -1 1 
269 1 Car -1.000000 -1 -1 604.5387472225528 180.43808878658535 660.6399983569801 228.4868207918467 -1 -1 -1 -1 -1 -1 -1 -1 1 
269 73 Car -1.000000 -1 -1 563.5461092266576 177.3450532511519 591.3107485206793 194.42851761812096 -1 -1 -1 -1 -1 -1 -1 -1 1 
270 1 Car -1.000000 -1 -1 605.1086734407053 179.96203727547757 661.8590246588788 228.67254065726772 -1 -1 -1 -1 -1 -1 -1 -1 1 
270 73 Car -1.000000 -1 -1 553.0841693059081 178.5537005530371 583.0116197199891 197.06420384180257 -1 -1 -1 -1 -1 -1 -1 -1 1 
270 74 Car -1.000000 -1 -1 584.5184616956933 178.90152087137753 608.2904107276955 197.187915519562 -1 -1 -1 -1 -1 -1 -1 -1 1 
271 1 Car -1.000000 -1 -1 605.6473001339623 179.47189818600228 662.8731960323358 228.72953344808786 -1 -1 -1 -1 -1 -1 -1 -1 1 
271 73 Car -1.000000 -1 -1 547.301726676094 179.31746392060398 577.6878052036964 198.13259648321164 -1 -1 -1 -1 -1 -1 -1 -1 1 
271 74 Car -1.000000 -1 -1 579.6218092143266 179.64010512356876 604.1969560270016 198.32190318881413 -1 -1 -1 -1 -1 -1 -1 -1 1 
272 1 Car -1.000000 -1 -1 605.9319450955876 179.1062614148483 663.7202286474496 228.97777670070042 -1 -1 -1 -1 -1 -1 -1 -1 1 
272 73 Car -1.000000 -1 -1 540.9189901181735 180.04593484619164 572.4194534299904 199.66257084264947 -1 -1 -1 -1 -1 -1 -1 -1 1 
272 74 Car -1.000000 -1 -1 574.2964283896458 180.16815011430018 600.4130175313729 199.72538992104438 -1 -1 -1 -1 -1 -1 -1 -1 1 
273 1 Car -1.000000 -1 -1 606.6559752891193 179.28251610773958 664.1916257863121 228.99845187362632 -1 -1 -1 -1 -1 -1 -1 -1 1 
273 73 Car -1.000000 -1 -1 531.1465716472359 180.2140768271278 564.80046571008 201.34207242660625 -1 -1 -1 -1 -1 -1 -1 -1 1 
273 74 Car -1.000000 -1 -1 566.570621976469 180.11419971441632 595.6650179741506 201.66952295971032 -1 -1 -1 -1 -1 -1 -1 -1 1 
274 1 Car -1.000000 -1 -1 607.0543973680777 179.07261069988454 664.7661055369762 228.94866077795896 -1 -1 -1 -1 -1 -1 -1 -1 1 
274 73 Car -1.000000 -1 -1 522.1722795205729 180.5325150721564 557.1495637040864 202.46233491250004 -1 -1 -1 -1 -1 -1 -1 -1 1 
274 74 Car -1.000000 -1 -1 556.8689239534259 179.9214456223284 588.6368093952688 203.1710604899906 -1 -1 -1 -1 -1 -1 -1 -1 1 
275 1 Car -1.000000 -1 -1 608.0708599985934 178.83432152884217 665.8426690980208 228.84538035858728 -1 -1 -1 -1 -1 -1 -1 -1 1 
275 73 Car -1.000000 -1 -1 514.0532265827852 180.53681175273212 549.6343086497657 202.8828658384857 -1 -1 -1 -1 -1 -1 -1 -1 1 
275 74 Car -1.000000 -1 -1 547.8953240772616 179.49467516626677 582.7658349456403 204.7017444910032 -1 -1 -1 -1 -1 -1 -1 -1 1 
276 1 Car -1.000000 -1 -1 608.5274861170877 176.01555008739908 667.0638085090809 226.88013584573167 -1 -1 -1 -1 -1 -1 -1 -1 1 
276 73 Car -1.000000 -1 -1 500.3995024892437 179.77836689495612 539.534204844664 204.35453727479256 -1 -1 -1 -1 -1 -1 -1 -1 1 
276 74 Car -1.000000 -1 -1 538.3385809575293 178.7572485465369 577.3163482729266 206.5556220812698 -1 -1 -1 -1 -1 -1 -1 -1 1 
277 1 Car -1.000000 -1 -1 608.8084969761467 174.52145480507997 667.607651801507 225.83187602221446 -1 -1 -1 -1 -1 -1 -1 -1 1 
277 73 Car -1.000000 -1 -1 488.05913859068664 178.87330386438356 532.0320180623437 206.46200309786144 -1 -1 -1 -1 -1 -1 -1 -1 1 
277 74 Car -1.000000 -1 -1 526.0272213280746 177.922463657116 571.0092600344242 209.87173970958042 -1 -1 -1 -1 -1 -1 -1 -1 1 
278 1 Car -1.000000 -1 -1 609.0701399637715 174.17359486185762 667.5463756870765 225.40837625342175 -1 -1 -1 -1 -1 -1 -1 -1 1 
278 73 Car -1.000000 -1 -1 472.20266691802647 180.47054428883212 518.931794527329 209.84943545786743 -1 -1 -1 -1 -1 -1 -1 -1 1 
278 74 Car -1.000000 -1 -1 513.5833006869963 178.7630905953474 562.7076697874558 213.22356528296598 -1 -1 -1 -1 -1 -1 -1 -1 1 
279 1 Car -1.000000 -1 -1 609.8608082890627 174.03976822080483 668.2733979475333 225.24131705878102 -1 -1 -1 -1 -1 -1 -1 -1 1 
279 73 Car -1.000000 -1 -1 453.64427574420813 181.5779480436103 504.80337975063736 213.5247907865611 -1 -1 -1 -1 -1 -1 -1 -1 1 
279 74 Car -1.000000 -1 -1 502.29706536434117 179.36963576049587 556.7009960270308 217.21852870064845 -1 -1 -1 -1 -1 -1 -1 -1 1 
280 1 Car -1.000000 -1 -1 611.0924193981505 174.36405755479848 668.9081793073581 225.09457235405552 -1 -1 -1 -1 -1 -1 -1 -1 1 
280 73 Car -1.000000 -1 -1 434.27772314041374 182.77887104342685 489.00644311902255 216.57777967191237 -1 -1 -1 -1 -1 -1 -1 -1 1 
280 74 Car -1.000000 -1 -1 480.76222743157075 180.05907701956016 544.4434829051444 223.94039361217443 -1 -1 -1 -1 -1 -1 -1 -1 1 
281 1 Car -1.000000 -1 -1 611.2878980132356 174.40393491384975 669.4241801455556 225.5027302823408 -1 -1 -1 -1 -1 -1 -1 -1 1 
281 73 Car -1.000000 -1 -1 409.4668759636204 183.715908178984 472.94507927269495 222.96495280005104 -1 -1 -1 -1 -1 -1 -1 -1 1 
281 74 Car -1.000000 -1 -1 458.621105455012 181.35142249136265 531.385594201631 231.13765246119004 -1 -1 -1 -1 -1 -1 -1 -1 1 
282 1 Car -1.000000 -1 -1 611.9151016547977 176.56358892961887 670.2518319097084 227.96654833750407 -1 -1 -1 -1 -1 -1 -1 -1 1 
282 73 Car -1.000000 -1 -1 376.7712548642619 185.43589841025783 449.9272589827546 230.53300374182828 -1 -1 -1 -1 -1 -1 -1 -1 1 
282 74 Car -1.000000 -1 -1 429.30078841681217 182.90531356605945 514.2834395927023 240.31029389687845 -1 -1 -1 -1 -1 -1 -1 -1 1 
283 1 Car -1.000000 -1 -1 612.4360418266812 177.37690667521193 670.8898211124118 228.96578141548292 -1 -1 -1 -1 -1 -1 -1 -1 1 
283 73 Car -1.000000 -1 -1 363.5494757225668 186.58468935207787 468.74999252443575 251.65325037002538 -1 -1 -1 -1 -1 -1 -1 -1 1 
283 74 Car -1.000000 -1 -1 418.8653627564592 183.23575404280018 507.6784272110864 243.22810897245574 -1 -1 -1 -1 -1 -1 -1 -1 1 
284 1 Car -1.000000 -1 -1 612.9110210522463 177.59472263420912 671.4922794018763 229.2773836152771 -1 -1 -1 -1 -1 -1 -1 -1 1 
284 73 Car -1.000000 -1 -1 320.0761174561225 190.75133229952158 451.8697027771816 271.0875984857005 -1 -1 -1 -1 -1 -1 -1 -1 1 
285 1 Car -1.000000 -1 -1 613.6789558424 175.49507022765678 672.2930841444525 227.30154048899956 -1 -1 -1 -1 -1 -1 -1 -1 1 
285 73 Car -1.000000 -1 -1 306.67847749099246 191.37256582766477 443.978409920276 275.0652699777006 -1 -1 -1 -1 -1 -1 -1 -1 1 
286 1 Car -1.000000 -1 -1 614.2623891820451 174.5440539994745 672.6942493683846 226.16572776018918 -1 -1 -1 -1 -1 -1 -1 -1 1 
287 1 Car -1.000000 -1 -1 615.5646632826256 174.2198437783581 673.6205565103801 225.6897142214009 -1 -1 -1 -1 -1 -1 -1 -1 1 
287 77 Car -1.000000 -1 -1 -72.5336437467285 211.6198799430439 252.30783420840925 375.81885880804884 -1 -1 -1 -1 -1 -1 -1 -1 1 
288 1 Car -1.000000 -1 -1 617.0074835329291 174.5909066691905 674.0761391933806 225.28761384233644 -1 -1 -1 -1 -1 -1 -1 -1 1 
288 77 Car -1.000000 -1 -1 -120.05511630527954 216.6762495636961 212.58868650830473 384.81910525396626 -1 -1 -1 -1 -1 -1 -1 -1 1 
289 1 Car -1.000000 -1 -1 617.6696907129374 174.47883248801625 674.5949684964372 225.12287561437856 -1 -1 -1 -1 -1 -1 -1 -1 1 
290 1 Car -1.000000 -1 -1 617.8313042433589 174.39044332689437 674.7459646056107 225.17836100530496 -1 -1 -1 -1 -1 -1 -1 -1 1 
291 1 Car -1.000000 -1 -1 617.9339280539198 174.83681271650948 674.1011670653892 224.9081843624112 -1 -1 -1 -1 -1 -1 -1 -1 1 
292 1 Car -1.000000 -1 -1 617.5482387225044 174.90805403809952 673.6653389057992 224.80568863006607 -1 -1 -1 -1 -1 -1 -1 -1 1 
293 1 Car -1.000000 -1 -1 616.4531995521852 175.025703951595 672.7659818553566 224.8561152564467 -1 -1 -1 -1 -1 -1 -1 -1 1 
