2 1 Car -1.000000 -1 -1 482.67207522898696 181.4584617464092 586.6427009058388 215.1336850614277 -1 -1 -1 -1 -1 -1 -1 -1 1 
2 2 Car -1.000000 -1 -1 657.9323308385954 181.1555551005257 690.3285357892577 203.76765099382513 -1 -1 -1 -1 -1 -1 -1 -1 1 
3 1 Car -1.000000 -1 -1 497.3190488756393 181.57985892638024 599.6018075238032 214.70253335135757 -1 -1 -1 -1 -1 -1 -1 -1 1 
3 2 Car -1.000000 -1 -1 660.0020377538367 181.1925283829225 691.617433512095 203.16029813081045 -1 -1 -1 -1 -1 -1 -1 -1 1 
4 1 Car -1.000000 -1 -1 508.5037587949303 181.43354574041328 611.1801309299497 214.68275871433457 -1 -1 -1 -1 -1 -1 -1 -1 1 
4 2 Car -1.000000 -1 -1 660.8393879569701 181.321411031714 691.7655378281108 202.81026229288733 -1 -1 -1 -1 -1 -1 -1 -1 1 
5 1 Car -1.000000 -1 -1 525.0109301161516 181.66261207839995 625.9573414960784 214.26652408653422 -1 -1 -1 -1 -1 -1 -1 -1 1 
6 1 Car -1.000000 -1 -1 536.0776211363674 181.38678688937406 637.9681082458691 214.31730524165079 -1 -1 -1 -1 -1 -1 -1 -1 1 
7 1 Car -1.000000 -1 -1 547.9937805835963 181.50573042038872 648.5710613531759 214.02469572431764 -1 -1 -1 -1 -1 -1 -1 -1 1 
7 2 Car -1.000000 -1 -1 657.8270141559955 180.64840799024043 691.5108962094939 204.2511738813911 -1 -1 -1 -1 -1 -1 -1 -1 1 
8 1 Car -1.000000 -1 -1 558.079452195052 180.68162095313073 661.2592308629958 214.0929704732805 -1 -1 -1 -1 -1 -1 -1 -1 1 
8 2 Car -1.000000 -1 -1 658.6212652298603 180.43102015094652 693.6921356995521 204.9572212051759 -1 -1 -1 -1 -1 -1 -1 -1 1 
9 1 Car -1.000000 -1 -1 573.293399821445 181.13367825629058 675.32189677882 214.23333049765776 -1 -1 -1 -1 -1 -1 -1 -1 1 
9 2 Car -1.000000 -1 -1 659.0980521046911 180.58504777687108 694.3724205823053 204.8017019726143 -1 -1 -1 -1 -1 -1 -1 -1 1 
10 1 Car -1.000000 -1 -1 583.4101869059209 180.55184146923406 685.5615878831036 213.87895746177728 -1 -1 -1 -1 -1 -1 -1 -1 1 
10 2 Car -1.000000 -1 -1 659.8212690091591 180.90109000121106 693.0797410789378 203.57882474147215 -1 -1 -1 -1 -1 -1 -1 -1 1 
11 1 Car -1.000000 -1 -1 594.5654156767001 180.7069114077783 695.2135997885191 213.77611050185368 -1 -1 -1 -1 -1 -1 -1 -1 1 
11 2 Car -1.000000 -1 -1 660.0371662156062 180.90272934569285 693.2215732761936 203.52995952776897 -1 -1 -1 -1 -1 -1 -1 -1 1 
12 1 Car -1.000000 -1 -1 605.3142391926275 180.84340209801348 704.749449639011 213.6352286564315 -1 -1 -1 -1 -1 -1 -1 -1 1 
13 1 Car -1.000000 -1 -1 612.3989064087531 180.42504524876978 712.93994319861 213.71242128408437 -1 -1 -1 -1 -1 -1 -1 -1 1 
14 1 Car -1.000000 -1 -1 625.4692226515739 180.49188262763928 722.3311185151592 212.7551849945227 -1 -1 -1 -1 -1 -1 -1 -1 1 
15 1 Car -1.000000 -1 -1 637.2072347369328 180.6333013406679 730.4318627007348 211.9689374687071 -1 -1 -1 -1 -1 -1 -1 -1 1 
16 1 Car -1.000000 -1 -1 645.0312564093019 180.64016691777522 737.0058612206568 211.86895364232635 -1 -1 -1 -1 -1 -1 -1 -1 1 
17 1 Car -1.000000 -1 -1 654.3624435649149 180.97824103121363 742.8491254947495 211.26487385826928 -1 -1 -1 -1 -1 -1 -1 -1 1 
18 1 Car -1.000000 -1 -1 660.3450967545098 181.36546440615362 746.674320534636 211.0896584005081 -1 -1 -1 -1 -1 -1 -1 -1 1 
19 1 Car -1.000000 -1 -1 670.0031019768165 181.50740076325962 752.9311138644639 210.41688640854014 -1 -1 -1 -1 -1 -1 -1 -1 1 
19 2 Car -1.000000 -1 -1 659.4647835503235 181.4063277553533 689.1461366207886 202.14937126813626 -1 -1 -1 -1 -1 -1 -1 -1 1 
20 1 Car -1.000000 -1 -1 679.7363633583041 181.48943376775597 760.7085903602075 210.27858333049255 -1 -1 -1 -1 -1 -1 -1 -1 1 
20 2 Car -1.000000 -1 -1 658.3878289515471 181.16117495493486 689.0406887398373 202.91438253763533 -1 -1 -1 -1 -1 -1 -1 -1 1 
21 1 Car -1.000000 -1 -1 686.6360337430814 181.42360036851926 765.5354274891458 210.047637508749 -1 -1 -1 -1 -1 -1 -1 -1 1 
21 2 Car -1.000000 -1 -1 659.1142058241331 181.3414916411846 689.5588167339 203.1096584294662 -1 -1 -1 -1 -1 -1 -1 -1 1 
22 1 Car -1.000000 -1 -1 693.2073418549232 180.17329936869027 768.2812922406878 208.4075133417545 -1 -1 -1 -1 -1 -1 -1 -1 1 
22 2 Car -1.000000 -1 -1 658.7257334545577 181.23790202580562 689.0541986784488 203.21349238151396 -1 -1 -1 -1 -1 -1 -1 -1 1 
23 1 Car -1.000000 -1 -1 697.1505654249795 179.57297340917899 769.8867027599669 207.83830116913853 -1 -1 -1 -1 -1 -1 -1 -1 1 
23 2 Car -1.000000 -1 -1 658.7181925470347 181.0563006707997 689.7464598032284 203.75258202078862 -1 -1 -1 -1 -1 -1 -1 -1 1 
24 1 Car -1.000000 -1 -1 703.8551019179791 181.4225276980257 772.1285109843583 208.63210503506383 -1 -1 -1 -1 -1 -1 -1 -1 1 
24 2 Car -1.000000 -1 -1 658.4874991571319 180.86739330423273 690.0627533346163 204.1741586350485 -1 -1 -1 -1 -1 -1 -1 -1 1 
25 1 Car -1.000000 -1 -1 712.9448740794116 182.66932123865797 776.2871755457643 208.40290347882396 -1 -1 -1 -1 -1 -1 -1 -1 1 
25 2 Car -1.000000 -1 -1 658.3519281383263 180.86482949797306 690.2474542069117 204.56847617977476 -1 -1 -1 -1 -1 -1 -1 -1 1 
26 1 Car -1.000000 -1 -1 717.7940236892216 182.86039268767905 779.3073347163588 208.47766325012677 -1 -1 -1 -1 -1 -1 -1 -1 1 
26 2 Car -1.000000 -1 -1 658.7127207107422 180.877684407214 690.2905407684048 204.46494755702355 -1 -1 -1 -1 -1 -1 -1 -1 1 
27 1 Car -1.000000 -1 -1 720.4461980944774 181.1549269376923 781.4699426041727 207.291532663122 -1 -1 -1 -1 -1 -1 -1 -1 1 
27 2 Car -1.000000 -1 -1 659.3264934492537 181.00981479997446 690.4204601656644 204.26371462198767 -1 -1 -1 -1 -1 -1 -1 -1 1 
28 1 Car -1.000000 -1 -1 723.7008868728037 180.70044423395314 783.2436115170485 206.75960519860354 -1 -1 -1 -1 -1 -1 -1 -1 1 
28 2 Car -1.000000 -1 -1 659.4356552717237 181.01257629755736 690.65695485925 204.34686041876188 -1 -1 -1 -1 -1 -1 -1 -1 1 
29 1 Car -1.000000 -1 -1 728.7949498585461 180.9991995323011 784.1778012333045 205.75631295779786 -1 -1 -1 -1 -1 -1 -1 -1 1 
29 2 Car -1.000000 -1 -1 659.5907678425431 181.0520592906422 690.8514571784698 204.38292803783418 -1 -1 -1 -1 -1 -1 -1 -1 1 
30 1 Car -1.000000 -1 -1 730.8729459584328 181.18719916426664 783.6597452139007 205.3573621993634 -1 -1 -1 -1 -1 -1 -1 -1 1 
30 2 Car -1.000000 -1 -1 659.2084917621257 180.86941965942233 691.1075376940852 204.70019689539475 -1 -1 -1 -1 -1 -1 -1 -1 1 
31 1 Car -1.000000 -1 -1 733.5049025636249 181.48759104315485 782.870250737769 204.6448103893787 -1 -1 -1 -1 -1 -1 -1 -1 1 
31 2 Car -1.000000 -1 -1 659.0712556688095 180.75833053266064 691.4584375528607 204.92748617029028 -1 -1 -1 -1 -1 -1 -1 -1 1 
31 5 Car -1.000000 -1 -1 715.8728957442354 184.80739634953017 742.9626152092403 197.82140986144213 -1 -1 -1 -1 -1 -1 -1 -1 1 
32 1 Car -1.000000 -1 -1 735.3105010817202 181.70904978613225 782.8104031769091 204.28206037882103 -1 -1 -1 -1 -1 -1 -1 -1 1 
32 2 Car -1.000000 -1 -1 659.0120721874171 180.7992890887407 691.2389234361957 204.85478635638142 -1 -1 -1 -1 -1 -1 -1 -1 1 
32 5 Car -1.000000 -1 -1 716.9488716227921 184.80771057223515 743.9753991257707 197.7913664020462 -1 -1 -1 -1 -1 -1 -1 -1 1 
33 1 Car -1.000000 -1 -1 738.9999185397654 182.48142293334203 780.5207226432985 202.48652906228853 -1 -1 -1 -1 -1 -1 -1 -1 1 
33 2 Car -1.000000 -1 -1 658.4904183077978 180.7036908690315 690.8083031519883 205.00997433192137 -1 -1 -1 -1 -1 -1 -1 -1 1 
34 1 Car -1.000000 -1 -1 739.8134740164429 182.68252596553387 780.3493807932593 202.61269735449685 -1 -1 -1 -1 -1 -1 -1 -1 1 
34 2 Car -1.000000 -1 -1 658.2274767122136 180.66789846572905 690.2654843541437 204.98485529609164 -1 -1 -1 -1 -1 -1 -1 -1 1 
35 1 Car -1.000000 -1 -1 742.6278661442266 183.2442296910947 778.6570235679585 201.25512217542448 -1 -1 -1 -1 -1 -1 -1 -1 1 
35 2 Car -1.000000 -1 -1 658.3118889187574 180.74522948429194 689.8597441721565 204.91334011663292 -1 -1 -1 -1 -1 -1 -1 -1 1 
36 1 Car -1.000000 -1 -1 743.6648667836134 183.28646134166456 778.2155310623218 200.84079557057572 -1 -1 -1 -1 -1 -1 -1 -1 1 
36 2 Car -1.000000 -1 -1 658.4311311863047 180.7815172959993 689.7470267360077 204.9378129609151 -1 -1 -1 -1 -1 -1 -1 -1 1 
37 1 Car -1.000000 -1 -1 744.283692682983 183.16095446239123 778.2659100684698 200.79240535555726 -1 -1 -1 -1 -1 -1 -1 -1 1 
37 2 Car -1.000000 -1 -1 658.4789642651402 180.7488177750817 689.5792399654413 204.87860610828233 -1 -1 -1 -1 -1 -1 -1 -1 1 
38 1 Car -1.000000 -1 -1 744.9145753733826 183.16337100097834 778.0837950920337 200.70580561066313 -1 -1 -1 -1 -1 -1 -1 -1 1 
38 2 Car -1.000000 -1 -1 658.3385725344206 180.69631929756216 689.4241719525787 204.9263436761418 -1 -1 -1 -1 -1 -1 -1 -1 1 
38 6 Car -1.000000 -1 -1 718.4607552850413 184.44797799924936 743.0456339895134 196.32162165919823 -1 -1 -1 -1 -1 -1 -1 -1 1 
39 1 Car -1.000000 -1 -1 745.7810523781284 183.3224674281537 777.4689567270592 200.35662422607075 -1 -1 -1 -1 -1 -1 -1 -1 1 
39 2 Car -1.000000 -1 -1 658.2573884967485 180.62059012895352 689.4874980429191 205.06698080692934 -1 -1 -1 -1 -1 -1 -1 -1 1 
39 6 Car -1.000000 -1 -1 718.6219114013237 184.28200097252451 743.1464619950297 196.12448814321712 -1 -1 -1 -1 -1 -1 -1 -1 1 
40 1 Car -1.000000 -1 -1 746.4707755151587 183.46036757083493 776.6845357792075 199.9818184484326 -1 -1 -1 -1 -1 -1 -1 -1 1 
40 2 Car -1.000000 -1 -1 658.171625645058 180.52350125557015 689.538162414121 205.19533317955168 -1 -1 -1 -1 -1 -1 -1 -1 1 
40 6 Car -1.000000 -1 -1 718.7744271765566 184.05724100505495 743.3249335114185 195.91226176693067 -1 -1 -1 -1 -1 -1 -1 -1 1 
41 1 Car -1.000000 -1 -1 746.5929950036196 183.60076979482176 776.3478753093386 200.15033584689948 -1 -1 -1 -1 -1 -1 -1 -1 1 
41 2 Car -1.000000 -1 -1 658.2270665391828 180.5905036382967 689.3942410497941 205.21034474592443 -1 -1 -1 -1 -1 -1 -1 -1 1 
42 1 Car -1.000000 -1 -1 747.0265738911102 183.82504066680326 776.2244076181983 200.22811375001598 -1 -1 -1 -1 -1 -1 -1 -1 1 
42 2 Car -1.000000 -1 -1 658.3962236590411 180.6776631633764 689.1107559680336 205.082939742214 -1 -1 -1 -1 -1 -1 -1 -1 1 
43 1 Car -1.000000 -1 -1 747.1666009969706 183.981083561932 775.8880895721353 200.3036670913715 -1 -1 -1 -1 -1 -1 -1 -1 1 
43 2 Car -1.000000 -1 -1 658.6585068443162 180.75284450404732 689.0425436393415 204.98921932745293 -1 -1 -1 -1 -1 -1 -1 -1 1 
44 1 Car -1.000000 -1 -1 747.3574184547033 184.1673566402787 775.4389195112292 200.3230932155968 -1 -1 -1 -1 -1 -1 -1 -1 1 
44 2 Car -1.000000 -1 -1 658.809434113358 180.76022718925017 689.118987020482 204.97184604813143 -1 -1 -1 -1 -1 -1 -1 -1 1 
45 1 Car -1.000000 -1 -1 747.2354127497325 184.09406488887683 775.15243853179 200.2624380466924 -1 -1 -1 -1 -1 -1 -1 -1 1 
45 2 Car -1.000000 -1 -1 658.8710638527372 180.77479325281746 689.0871566666672 204.96807100152267 -1 -1 -1 -1 -1 -1 -1 -1 1 
46 1 Car -1.000000 -1 -1 747.2130780293423 184.26932627310384 774.1318898076829 199.885822881647 -1 -1 -1 -1 -1 -1 -1 -1 1 
46 2 Car -1.000000 -1 -1 658.7553972059765 180.68092536622854 689.1247417728221 205.023089661676 -1 -1 -1 -1 -1 -1 -1 -1 1 
46 7 Car -1.000000 -1 -1 712.4234057578832 185.63763670639938 741.4141584534556 196.87018756320845 -1 -1 -1 -1 -1 -1 -1 -1 1 
47 1 Car -1.000000 -1 -1 747.1501243565607 184.30172746759982 773.6459690267374 199.66778571201988 -1 -1 -1 -1 -1 -1 -1 -1 1 
47 2 Car -1.000000 -1 -1 658.8945143209262 180.73306686162135 689.1563006926743 204.98102933728208 -1 -1 -1 -1 -1 -1 -1 -1 1 
47 7 Car -1.000000 -1 -1 709.727024033351 185.8884475321023 738.9632723534362 197.25865723074895 -1 -1 -1 -1 -1 -1 -1 -1 1 
48 1 Car -1.000000 -1 -1 747.0649083636723 184.32341843534917 773.719192506292 199.7562256800655 -1 -1 -1 -1 -1 -1 -1 -1 1 
48 2 Car -1.000000 -1 -1 659.0530710844185 180.8340014916098 689.0312323310367 204.84135671817296 -1 -1 -1 -1 -1 -1 -1 -1 1 
48 7 Car -1.000000 -1 -1 708.7904395557402 185.81664293852256 738.7741937389711 197.5141624093271 -1 -1 -1 -1 -1 -1 -1 -1 1 
49 1 Car -1.000000 -1 -1 746.8102586893781 184.60328954672778 773.3478253299515 200.0607319899022 -1 -1 -1 -1 -1 -1 -1 -1 1 
49 2 Car -1.000000 -1 -1 659.2041767607843 180.89307223014168 689.1888552211763 204.8341936256773 -1 -1 -1 -1 -1 -1 -1 -1 1 
49 7 Car -1.000000 -1 -1 708.7297751600843 186.01741513987682 738.3339002560871 197.62160207016717 -1 -1 -1 -1 -1 -1 -1 -1 1 
50 1 Car -1.000000 -1 -1 746.3114031430293 184.50949050439834 772.6289063585951 199.963354255496 -1 -1 -1 -1 -1 -1 -1 -1 1 
50 2 Car -1.000000 -1 -1 659.2748906624144 180.91731934977858 689.1834403384422 204.7646039421071 -1 -1 -1 -1 -1 -1 -1 -1 1 
50 7 Car -1.000000 -1 -1 709.1390207658251 186.0963848490313 737.9057859853174 197.4189349407351 -1 -1 -1 -1 -1 -1 -1 -1 1 
51 1 Car -1.000000 -1 -1 746.1095449065302 184.6590620071561 772.005408399538 199.8574379378898 -1 -1 -1 -1 -1 -1 -1 -1 1 
51 2 Car -1.000000 -1 -1 659.3546989909643 180.87481865254557 689.3975435072102 204.809659014038 -1 -1 -1 -1 -1 -1 -1 -1 1 
51 7 Car -1.000000 -1 -1 709.1011554416559 186.23880885288662 736.4698169863514 197.0230718919242 -1 -1 -1 -1 -1 -1 -1 -1 1 
52 1 Car -1.000000 -1 -1 746.0675550524521 184.5217725261069 771.754898815088 199.551503144753 -1 -1 -1 -1 -1 -1 -1 -1 1 
52 2 Car -1.000000 -1 -1 659.2327652197532 180.88010856760002 689.2816430852754 204.8121392176343 -1 -1 -1 -1 -1 -1 -1 -1 1 
52 7 Car -1.000000 -1 -1 709.1272433902511 186.14139481504776 735.9819446191595 196.758478379377 -1 -1 -1 -1 -1 -1 -1 -1 1 
53 1 Car -1.000000 -1 -1 746.9545407754678 184.48458863747643 772.6780124071506 199.38242401427343 -1 -1 -1 -1 -1 -1 -1 -1 1 
53 2 Car -1.000000 -1 -1 659.1654587818743 180.87417441483043 689.2581614934586 204.85313899058625 -1 -1 -1 -1 -1 -1 -1 -1 1 
53 7 Car -1.000000 -1 -1 712.0214345541768 186.09216006754718 738.6942031472162 196.54840009384372 -1 -1 -1 -1 -1 -1 -1 -1 1 
54 1 Car -1.000000 -1 -1 746.7367175602016 184.68667044765104 772.8208721741235 199.56864267948814 -1 -1 -1 -1 -1 -1 -1 -1 1 
54 2 Car -1.000000 -1 -1 659.0192895136563 180.83692157954403 689.3961248871773 205.00621840932232 -1 -1 -1 -1 -1 -1 -1 -1 1 
54 7 Car -1.000000 -1 -1 711.4620527304731 186.31658749619103 739.3564824151215 197.24729604607407 -1 -1 -1 -1 -1 -1 -1 -1 1 
55 1 Car -1.000000 -1 -1 747.0310734539793 184.7662997757532 772.7923559671938 199.46426992617003 -1 -1 -1 -1 -1 -1 -1 -1 1 
55 2 Car -1.000000 -1 -1 659.2198532524416 180.86003829895296 689.8680821142907 205.11449449446937 -1 -1 -1 -1 -1 -1 -1 -1 1 
55 7 Car -1.000000 -1 -1 713.1811280389169 185.73766327410718 743.0704008979264 197.44181498556688 -1 -1 -1 -1 -1 -1 -1 -1 1 
56 2 Car -1.000000 -1 -1 659.6341401313019 180.86062150686203 690.6176882492729 205.12674439037147 -1 -1 -1 -1 -1 -1 -1 -1 1 
56 7 Car -1.000000 -1 -1 713.1102209894412 185.47493655411753 744.8546420426395 197.9258696716583 -1 -1 -1 -1 -1 -1 -1 -1 1 
57 2 Car -1.000000 -1 -1 659.5358807453471 180.8599214909946 690.6243595313496 205.05846383832707 -1 -1 -1 -1 -1 -1 -1 -1 1 
57 7 Car -1.000000 -1 -1 713.2024204437669 185.44026327668817 745.315574230835 198.03582261402423 -1 -1 -1 -1 -1 -1 -1 -1 1 
57 9 Car -1.000000 -1 -1 762.158328074689 184.28908911496833 786.4574243428466 197.0103292150042 -1 -1 -1 -1 -1 -1 -1 -1 1 
58 2 Car -1.000000 -1 -1 659.4594698737976 180.84875406401943 690.5638302016794 205.0010317895859 -1 -1 -1 -1 -1 -1 -1 -1 1 
58 7 Car -1.000000 -1 -1 711.6556603595136 185.74483254071583 743.1179024680943 198.0597353376924 -1 -1 -1 -1 -1 -1 -1 -1 1 
58 9 Car -1.000000 -1 -1 761.55783220961 184.21376147940367 787.3271370217395 197.75722833062315 -1 -1 -1 -1 -1 -1 -1 -1 1 
59 2 Car -1.000000 -1 -1 659.51593269995 180.8344359975887 690.7952322395242 205.02055832154912 -1 -1 -1 -1 -1 -1 -1 -1 1 
59 7 Car -1.000000 -1 -1 712.7518060611525 185.71593892923602 743.916206816452 197.87306821270556 -1 -1 -1 -1 -1 -1 -1 -1 1 
59 9 Car -1.000000 -1 -1 763.309638644635 184.3969616256137 787.9906697112491 197.3495341281194 -1 -1 -1 -1 -1 -1 -1 -1 1 
60 2 Car -1.000000 -1 -1 658.9969938768656 180.81252435251182 690.4623705732555 205.1296069644149 -1 -1 -1 -1 -1 -1 -1 -1 1 
60 7 Car -1.000000 -1 -1 712.8083542232831 185.71216872326534 744.1665177347452 197.94488392453755 -1 -1 -1 -1 -1 -1 -1 -1 1 
60 9 Car -1.000000 -1 -1 763.0761234327964 184.3471321138468 788.9155629512584 197.9002945573374 -1 -1 -1 -1 -1 -1 -1 -1 1 
61 2 Car -1.000000 -1 -1 658.8944457115784 180.79199631392572 690.6440601304635 205.27486835789122 -1 -1 -1 -1 -1 -1 -1 -1 1 
61 9 Car -1.000000 -1 -1 763.8995150330794 184.56307404159907 789.2651563759059 197.7840513623302 -1 -1 -1 -1 -1 -1 -1 -1 1 
62 2 Car -1.000000 -1 -1 658.9856650897549 180.72979384179163 691.2183721029509 205.4108832566514 -1 -1 -1 -1 -1 -1 -1 -1 1 
62 9 Car -1.000000 -1 -1 764.4725847557957 184.6224021483033 790.5487682984548 198.1562202778263 -1 -1 -1 -1 -1 -1 -1 -1 1 
63 2 Car -1.000000 -1 -1 658.858935539336 180.74321654642745 691.3365560869123 205.49057789229207 -1 -1 -1 -1 -1 -1 -1 -1 1 
63 9 Car -1.000000 -1 -1 765.9955044059217 184.57698055961598 790.6533622903268 197.19844181548225 -1 -1 -1 -1 -1 -1 -1 -1 1 
64 2 Car -1.000000 -1 -1 658.6406075774628 180.7672822584994 691.1578218630931 205.48076793583948 -1 -1 -1 -1 -1 -1 -1 -1 1 
64 9 Car -1.000000 -1 -1 768.0347814492122 183.9755416002139 791.9128436186854 196.13875118569612 -1 -1 -1 -1 -1 -1 -1 -1 1 
65 2 Car -1.000000 -1 -1 658.634231231845 180.80948583895452 690.9538588202782 205.38050826173733 -1 -1 -1 -1 -1 -1 -1 -1 1 
65 9 Car -1.000000 -1 -1 770.1952849202444 183.89371403495687 793.393028680784 195.65771964959993 -1 -1 -1 -1 -1 -1 -1 -1 1 
66 2 Car -1.000000 -1 -1 658.886391766506 180.8730411500415 690.8918227331088 205.18201481695087 -1 -1 -1 -1 -1 -1 -1 -1 1 
66 9 Car -1.000000 -1 -1 770.7748168248864 183.76074951456488 793.7774225921922 195.35032017314532 -1 -1 -1 -1 -1 -1 -1 -1 1 
66 11 Car -1.000000 -1 -1 744.7469346430452 185.56378750040003 765.0003270515348 197.6928613789041 -1 -1 -1 -1 -1 -1 -1 -1 1 
67 2 Car -1.000000 -1 -1 659.0189536575157 180.91407621223604 690.9188284874293 205.1189811240152 -1 -1 -1 -1 -1 -1 -1 -1 1 
67 9 Car -1.000000 -1 -1 771.8281002769803 183.68799082792182 794.4568166623084 195.0891800348125 -1 -1 -1 -1 -1 -1 -1 -1 1 
67 11 Car -1.000000 -1 -1 745.356266607351 185.70225022183112 764.4463539966148 197.0273295660373 -1 -1 -1 -1 -1 -1 -1 -1 1 
68 2 Car -1.000000 -1 -1 658.8342106251708 180.9463786167296 690.6360220444514 205.10709241295612 -1 -1 -1 -1 -1 -1 -1 -1 1 
68 11 Car -1.000000 -1 -1 745.4539617990209 185.71508269696287 764.5116924421893 196.86502348814406 -1 -1 -1 -1 -1 -1 -1 -1 1 
69 2 Car -1.000000 -1 -1 659.0799685640975 180.87551200886477 691.1140591939459 205.10243881907869 -1 -1 -1 -1 -1 -1 -1 -1 1 
69 11 Car -1.000000 -1 -1 745.4515804058334 185.9587284986128 764.6079887557624 196.94389656491865 -1 -1 -1 -1 -1 -1 -1 -1 1 
70 2 Car -1.000000 -1 -1 658.8581048319032 180.84552771749114 691.1453183873718 205.2101139618519 -1 -1 -1 -1 -1 -1 -1 -1 1 
70 11 Car -1.000000 -1 -1 745.8625343404207 186.0855090018823 764.2743174206913 196.64367357579408 -1 -1 -1 -1 -1 -1 -1 -1 1 
71 2 Car -1.000000 -1 -1 658.7624612338165 180.81958533407516 691.3014224058803 205.3190774539115 -1 -1 -1 -1 -1 -1 -1 -1 1 
72 2 Car -1.000000 -1 -1 658.4763392751279 180.80259164205918 691.201683614165 205.38842902861046 -1 -1 -1 -1 -1 -1 -1 -1 1 
73 2 Car -1.000000 -1 -1 658.895791326837 180.80563459206638 691.8095335608602 205.3978126064945 -1 -1 -1 -1 -1 -1 -1 -1 1 
74 2 Car -1.000000 -1 -1 658.9076467375152 180.82205528108233 691.9471268967661 205.38031521278904 -1 -1 -1 -1 -1 -1 -1 -1 1 
75 2 Car -1.000000 -1 -1 659.0139699535781 180.85075619372316 692.1393977119286 205.34363437352485 -1 -1 -1 -1 -1 -1 -1 -1 1 
76 2 Car -1.000000 -1 -1 658.9274701246628 180.8912533837052 692.0926681346119 205.31706410120879 -1 -1 -1 -1 -1 -1 -1 -1 1 
77 2 Car -1.000000 -1 -1 658.9238278115009 180.88411478410939 692.3829690822274 205.38554472348355 -1 -1 -1 -1 -1 -1 -1 -1 1 
