0 1 Car -1.000000 -1 -1 291.71410599637494 174.82214455062956 449.97708146789904 289.06399908905416 -1 -1 -1 -1 -1 -1 -1 -1 1 
1 1 Car -1.000000 -1 -1 304.5887135362726 163.39962040703105 465.63725150498226 280.13294159248926 -1 -1 -1 -1 -1 -1 -1 -1 1 
2 1 Car -1.000000 -1 -1 282.17591560092353 156.47878562624265 448.22735375276966 271.85084280630923 -1 -1 -1 -1 -1 -1 -1 -1 1 
3 1 Car -1.000000 -1 -1 282.0909381060677 150.55483452463844 443.7070225430159 263.86066321673866 -1 -1 -1 -1 -1 -1 -1 -1 1 
4 1 Car -1.000000 -1 -1 282.9425697533586 148.708702481996 442.63562864852247 261.1858344159657 -1 -1 -1 -1 -1 -1 -1 -1 1 
5 1 Car -1.000000 -1 -1 284.2590996808267 145.13394254837635 441.08463481563604 253.99698500001938 -1 -1 -1 -1 -1 -1 -1 -1 1 
6 1 Car -1.000000 -1 -1 287.8904394701469 145.84043220739946 441.30378966118684 250.15613374523295 -1 -1 -1 -1 -1 -1 -1 -1 1 
7 1 Car -1.000000 -1 -1 285.02319990531726 153.74855968657198 437.5869580825066 257.16590477333074 -1 -1 -1 -1 -1 -1 -1 -1 1 
8 1 Car -1.000000 -1 -1 282.435430893531 157.65709706458767 432.5824914716958 260.1736197039142 -1 -1 -1 -1 -1 -1 -1 -1 1 
9 1 Car -1.000000 -1 -1 280.370574449257 157.8870860698071 427.08602092955414 259.78953400281756 -1 -1 -1 -1 -1 -1 -1 -1 1 
10 1 Car -1.000000 -1 -1 280.91663717534425 163.22473487901183 425.34347040392106 265.25819558455777 -1 -1 -1 -1 -1 -1 -1 -1 1 
11 1 Car -1.000000 -1 -1 280.8464089337009 165.61603800308902 424.6164125182959 266.9676209827303 -1 -1 -1 -1 -1 -1 -1 -1 1 
12 1 Car -1.000000 -1 -1 278.26268397766114 154.187427467834 421.78826378425697 255.86311213488798 -1 -1 -1 -1 -1 -1 -1 -1 1 
13 1 Car -1.000000 -1 -1 275.55479104875053 149.710292350752 421.5953072488139 252.55542329607266 -1 -1 -1 -1 -1 -1 -1 -1 1 
14 1 Car -1.000000 -1 -1 275.5688571947536 148.0920532696627 419.8107044855318 250.49905162149855 -1 -1 -1 -1 -1 -1 -1 -1 1 
15 1 Car -1.000000 -1 -1 276.68938146625317 146.95305524984187 421.90267395269575 250.25499196180292 -1 -1 -1 -1 -1 -1 -1 -1 1 
16 1 Car -1.000000 -1 -1 276.67872075132226 147.80761085302257 422.2680566642137 250.11348286865618 -1 -1 -1 -1 -1 -1 -1 -1 1 
17 1 Car -1.000000 -1 -1 278.09119342526674 147.47535800455034 420.1136312816262 249.69506076063578 -1 -1 -1 -1 -1 -1 -1 -1 1 
18 1 Car -1.000000 -1 -1 279.92182012882347 157.2904942065845 420.344679093949 258.0824358656036 -1 -1 -1 -1 -1 -1 -1 -1 1 
19 1 Car -1.000000 -1 -1 283.381228459048 162.1216118131262 421.95194129220715 261.48566929122086 -1 -1 -1 -1 -1 -1 -1 -1 1 
20 3 Car -1.000000 -1 -1 506.9694578229555 182.61587870352253 557.3128990370967 219.79015536379768 -1 -1 -1 -1 -1 -1 -1 -1 1 
20 1 Car -1.000000 -1 -1 286.1902483270591 172.350364178243 421.1332216417996 269.93163465718 -1 -1 -1 -1 -1 -1 -1 -1 1 
21 3 Car -1.000000 -1 -1 513.4797999043494 183.4757692971154 562.9817867219929 219.1456984265531 -1 -1 -1 -1 -1 -1 -1 -1 1 
21 1 Car -1.000000 -1 -1 289.2524235485359 176.60611531544333 420.02699262403377 271.5245732863153 -1 -1 -1 -1 -1 -1 -1 -1 1 
22 3 Car -1.000000 -1 -1 517.6066213808726 182.34972515606833 565.1001111801611 218.15717280311796 -1 -1 -1 -1 -1 -1 -1 -1 1 
23 3 Car -1.000000 -1 -1 524.2488867483379 177.32432923009992 580.7161806990265 217.62893895265444 -1 -1 -1 -1 -1 -1 -1 -1 1 
24 3 Car -1.000000 -1 -1 529.3905616717722 175.72874598185325 592.2168263704208 218.7280051474106 -1 -1 -1 -1 -1 -1 -1 -1 1 
25 3 Car -1.000000 -1 -1 535.0931152786737 174.47161851351993 601.6003514259922 217.58037541798623 -1 -1 -1 -1 -1 -1 -1 -1 1 
25 1 Car -1.000000 -1 -1 301.86766753412627 173.79519928164555 414.6090397514868 262.85914898607734 -1 -1 -1 -1 -1 -1 -1 -1 1 
26 3 Car -1.000000 -1 -1 550.6963194292309 170.60485815338765 610.4116837553324 212.57849546283947 -1 -1 -1 -1 -1 -1 -1 -1 1 
26 1 Car -1.000000 -1 -1 309.8413786744985 160.74209000797765 420.0751366184413 250.8210578659651 -1 -1 -1 -1 -1 -1 -1 -1 1 
27 3 Car -1.000000 -1 -1 555.003888232163 164.14726015142537 620.4291535925902 207.00176380354407 -1 -1 -1 -1 -1 -1 -1 -1 1 
27 1 Car -1.000000 -1 -1 317.3964945076402 159.50076655904314 422.6515815206694 248.89157933932955 -1 -1 -1 -1 -1 -1 -1 -1 1 
28 3 Car -1.000000 -1 -1 559.2461949755877 161.13709156766566 628.2374888690781 204.52731156984999 -1 -1 -1 -1 -1 -1 -1 -1 1 
28 1 Car -1.000000 -1 -1 322.5124880149682 156.7942255505334 423.28319152259803 245.0543548062944 -1 -1 -1 -1 -1 -1 -1 -1 1 
29 3 Car -1.000000 -1 -1 566.5838223542307 160.8573246200819 637.6498007415307 205.4887264432968 -1 -1 -1 -1 -1 -1 -1 -1 1 
29 1 Car -1.000000 -1 -1 328.1278444529348 156.66436970285562 423.74538270889104 242.6695178108234 -1 -1 -1 -1 -1 -1 -1 -1 1 
30 3 Car -1.000000 -1 -1 575.5121916238121 161.24505330937077 648.2749234711658 206.35500443861983 -1 -1 -1 -1 -1 -1 -1 -1 1 
30 1 Car -1.000000 -1 -1 331.88736836856 157.4153209965715 423.98626919962913 240.00161174118847 -1 -1 -1 -1 -1 -1 -1 -1 1 
31 1 Car -1.000000 -1 -1 333.5979428874285 161.7084239207126 425.91282038529783 244.1931637955163 -1 -1 -1 -1 -1 -1 -1 -1 1 
32 1 Car -1.000000 -1 -1 344.53173132355914 160.12959746157907 435.8854397375252 241.56054900546644 -1 -1 -1 -1 -1 -1 -1 -1 1 
33 1 Car -1.000000 -1 -1 353.3752672263701 160.34969802402912 442.64638095064873 238.60819975123746 -1 -1 -1 -1 -1 -1 -1 -1 1 
34 1 Car -1.000000 -1 -1 358.72960203945354 157.78763170195478 452.5199518662389 239.72573737526946 -1 -1 -1 -1 -1 -1 -1 -1 1 
35 1 Car -1.000000 -1 -1 370.03485175859544 160.62441194830083 463.0615667603207 242.82467018414022 -1 -1 -1 -1 -1 -1 -1 -1 1 
37 1 Car -1.000000 -1 -1 386.8479597713553 157.96809175607933 480.8740573981202 238.6667900694378 -1 -1 -1 -1 -1 -1 -1 -1 1 
38 1 Car -1.000000 -1 -1 398.33514261312257 158.108215014214 494.4524958972569 236.9791072583443 -1 -1 -1 -1 -1 -1 -1 -1 1 
39 1 Car -1.000000 -1 -1 415.3705299983553 160.92158478255013 509.2563826080643 241.1279523434911 -1 -1 -1 -1 -1 -1 -1 -1 1 
40 1 Car -1.000000 -1 -1 427.5159487230045 162.57431502950726 518.1529558731078 242.6661692828667 -1 -1 -1 -1 -1 -1 -1 -1 1 
41 1 Car -1.000000 -1 -1 445.0359643273277 161.18146003249734 537.355223770599 239.44772631138886 -1 -1 -1 -1 -1 -1 -1 -1 1 
42 1 Car -1.000000 -1 -1 462.8202270773669 160.91002032414374 553.2893894115741 239.08961994508522 -1 -1 -1 -1 -1 -1 -1 -1 1 
46 1 Car -1.000000 -1 -1 533.1061374236972 166.7123691650952 629.3965614249507 242.74477103292207 -1 -1 -1 -1 -1 -1 -1 -1 1 
47 5 Car -1.000000 -1 -1 787.3287647966015 163.2370533298192 887.6357305872393 220.62401624955768 -1 -1 -1 -1 -1 -1 -1 -1 1 
47 1 Car -1.000000 -1 -1 552.6150036805032 163.50039383579158 646.7529851004504 239.6488326872777 -1 -1 -1 -1 -1 -1 -1 -1 1 
48 1 Car -1.000000 -1 -1 574.8259952737423 158.79723170670678 686.4412295975959 241.19867552564313 -1 -1 -1 -1 -1 -1 -1 -1 1 
49 1 Car -1.000000 -1 -1 590.1336270331312 156.24747499983908 711.006351799354 239.17577739304215 -1 -1 -1 -1 -1 -1 -1 -1 1 
50 1 Car -1.000000 -1 -1 618.1409988384468 157.17855406718695 737.3877750678258 234.04775700899881 -1 -1 -1 -1 -1 -1 -1 -1 1 
51 5 Car -1.000000 -1 -1 865.402010063505 160.63193003464738 972.9116938609823 223.40965629189634 -1 -1 -1 -1 -1 -1 -1 -1 1 
52 5 Car -1.000000 -1 -1 883.0140309025986 160.5090642226004 989.221251507713 224.6169244383309 -1 -1 -1 -1 -1 -1 -1 -1 1 
53 5 Car -1.000000 -1 -1 908.9457296066653 159.84931193775694 1019.1387136925216 226.12202827690143 -1 -1 -1 -1 -1 -1 -1 -1 1 
54 5 Car -1.000000 -1 -1 927.7692363264651 160.18665330120342 1040.787450243847 229.2360075646132 -1 -1 -1 -1 -1 -1 -1 -1 1 
54 1 Car -1.000000 -1 -1 683.9716286752192 154.616435992501 817.1518021647554 236.7079431105651 -1 -1 -1 -1 -1 -1 -1 -1 1 
55 5 Car -1.000000 -1 -1 954.005368044346 157.04939587559346 1083.1734294103092 232.61365331890124 -1 -1 -1 -1 -1 -1 -1 -1 1 
55 1 Car -1.000000 -1 -1 719.2222747389176 155.68211287504505 843.0055782522363 236.63871208782945 -1 -1 -1 -1 -1 -1 -1 -1 1 
56 5 Car -1.000000 -1 -1 976.6432046913422 155.74092373358275 1110.587869801829 235.40270513923804 -1 -1 -1 -1 -1 -1 -1 -1 1 
56 1 Car -1.000000 -1 -1 740.0943541824048 152.90037330966743 868.1706857501314 237.26089832749068 -1 -1 -1 -1 -1 -1 -1 -1 1 
57 5 Car -1.000000 -1 -1 1002.4226597661724 154.02936714847198 1145.5117008613838 237.26837998011138 -1 -1 -1 -1 -1 -1 -1 -1 1 
57 1 Car -1.000000 -1 -1 764.2771188585897 151.45672615451704 895.1060612464186 237.22168906842634 -1 -1 -1 -1 -1 -1 -1 -1 1 
58 5 Car -1.000000 -1 -1 1018.4043887213073 152.7242799899264 1163.661156970513 238.89298553685484 -1 -1 -1 -1 -1 -1 -1 -1 1 
58 1 Car -1.000000 -1 -1 791.0688825534961 152.08550372283423 926.2929849781439 237.22492413167578 -1 -1 -1 -1 -1 -1 -1 -1 1 
59 1 Car -1.000000 -1 -1 811.8053527815194 151.81053045603306 951.9543865237155 236.86571630657346 -1 -1 -1 -1 -1 -1 -1 -1 1 
60 1 Car -1.000000 -1 -1 838.5226935802418 153.01810029610309 983.1126394222379 237.35193200173282 -1 -1 -1 -1 -1 -1 -1 -1 1 
61 1 Car -1.000000 -1 -1 861.0027266249408 152.9455025877101 1007.4941221440163 237.51338743841598 -1 -1 -1 -1 -1 -1 -1 -1 1 
62 5 Car -1.000000 -1 -1 1079.8009262223593 151.98032364879964 1243.1450127211967 242.30770395073915 -1 -1 -1 -1 -1 -1 -1 -1 1 
62 1 Car -1.000000 -1 -1 884.4168944706709 153.11036662189093 1034.4196302881933 237.02631616075706 -1 -1 -1 -1 -1 -1 -1 -1 1 
63 5 Car -1.000000 -1 -1 1091.4716640968293 154.92200333999358 1249.6425772189307 247.59357759783467 -1 -1 -1 -1 -1 -1 -1 -1 1 
63 1 Car -1.000000 -1 -1 907.4323957806429 153.12372349295444 1061.2875253198984 237.89128290400814 -1 -1 -1 -1 -1 -1 -1 -1 1 
64 5 Car -1.000000 -1 -1 1103.220885109631 155.40718352161227 1254.3122713004852 251.1720561881306 -1 -1 -1 -1 -1 -1 -1 -1 1 
64 1 Car -1.000000 -1 -1 928.206197254942 152.75360378612038 1089.326379514531 239.35321724734018 -1 -1 -1 -1 -1 -1 -1 -1 1 
65 5 Car -1.000000 -1 -1 1113.8834496034733 155.58928715672295 1254.2597837533594 253.46484110180864 -1 -1 -1 -1 -1 -1 -1 -1 1 
65 1 Car -1.000000 -1 -1 946.8739772219935 152.7916100354312 1111.423149955476 241.0154758237771 -1 -1 -1 -1 -1 -1 -1 -1 1 
66 5 Car -1.000000 -1 -1 1126.7712505424986 154.96808767908007 1257.3676623421281 255.65141793921262 -1 -1 -1 -1 -1 -1 -1 -1 1 
66 1 Car -1.000000 -1 -1 970.3001182852881 153.56667835794283 1137.6450683447124 241.50741697430325 -1 -1 -1 -1 -1 -1 -1 -1 1 
67 5 Car -1.000000 -1 -1 1140.5457650273709 156.27962516067248 1262.691150938305 259.75040128329147 -1 -1 -1 -1 -1 -1 -1 -1 1 
67 1 Car -1.000000 -1 -1 987.0683049065813 154.07109394316717 1160.2271022515554 243.23463226906506 -1 -1 -1 -1 -1 -1 -1 -1 1 
68 5 Car -1.000000 -1 -1 1149.222883887064 157.13485455231776 1264.0064221091063 261.0977701205781 -1 -1 -1 -1 -1 -1 -1 -1 1 
68 1 Car -1.000000 -1 -1 1003.4763750785252 157.77165133916424 1176.1229492479433 245.4056936765149 -1 -1 -1 -1 -1 -1 -1 -1 1 
69 5 Car -1.000000 -1 -1 1158.1394854746097 157.80650573381195 1264.6573534036713 261.9045836938769 -1 -1 -1 -1 -1 -1 -1 -1 1 
69 1 Car -1.000000 -1 -1 1020.3478415355336 159.29094193797513 1192.7101562776224 246.75961696812695 -1 -1 -1 -1 -1 -1 -1 -1 1 
70 1 Car -1.000000 -1 -1 1032.186950042473 160.04100468551445 1200.738739380298 248.64452570202405 -1 -1 -1 -1 -1 -1 -1 -1 1 
71 1 Car -1.000000 -1 -1 1046.0269716032592 156.31351980044187 1209.7717066689822 244.52540021276187 -1 -1 -1 -1 -1 -1 -1 -1 1 
72 1 Car -1.000000 -1 -1 1063.7771748410607 154.72851419620577 1220.3034858662302 242.9615295178342 -1 -1 -1 -1 -1 -1 -1 -1 1 
74 1 Car -1.000000 -1 -1 1081.5674180252456 152.61790717499383 1235.8873541531332 243.05074287398224 -1 -1 -1 -1 -1 -1 -1 -1 1 
75 1 Car -1.000000 -1 -1 1094.2198907281365 156.57025594487192 1246.7250860033798 251.21267871668385 -1 -1 -1 -1 -1 -1 -1 -1 1 
76 1 Car -1.000000 -1 -1 1099.6397072041214 158.60655343093464 1247.2966006603788 254.89971117138793 -1 -1 -1 -1 -1 -1 -1 -1 1 
78 1 Car -1.000000 -1 -1 1112.8076862352311 166.5860744406069 1256.2360537619304 271.2890104108358 -1 -1 -1 -1 -1 -1 -1 -1 1 
79 1 Car -1.000000 -1 -1 1119.978564394553 167.57125969385464 1258.941878230201 281.15395421844795 -1 -1 -1 -1 -1 -1 -1 -1 1 
80 1 Car -1.000000 -1 -1 1124.5122109738581 166.05469034775984 1258.7146879378279 286.5354464937344 -1 -1 -1 -1 -1 -1 -1 -1 1 
81 1 Car -1.000000 -1 -1 1119.574935156932 163.04113559255603 1253.9759449176254 289.4316388237552 -1 -1 -1 -1 -1 -1 -1 -1 1 
82 1 Car -1.000000 -1 -1 1114.029743428027 161.9989085081885 1248.8831844977258 290.5809824679032 -1 -1 -1 -1 -1 -1 -1 -1 1 
83 1 Car -1.000000 -1 -1 1107.7156746203273 161.05696764989494 1245.399483808441 291.6521649735901 -1 -1 -1 -1 -1 -1 -1 -1 1 
84 1 Car -1.000000 -1 -1 1096.6449662940504 159.41514950183577 1240.6130149004048 294.0040333289561 -1 -1 -1 -1 -1 -1 -1 -1 1 
85 1 Car -1.000000 -1 -1 1092.0731147963488 156.9407580590954 1240.6801204265207 296.04130216450545 -1 -1 -1 -1 -1 -1 -1 -1 1 
86 1 Car -1.000000 -1 -1 1086.8343708394666 154.12345076397423 1241.3934033148737 298.4324483911054 -1 -1 -1 -1 -1 -1 -1 -1 1 
87 1 Car -1.000000 -1 -1 1077.301098129577 157.0708700049716 1240.7031697836346 311.8809915653251 -1 -1 -1 -1 -1 -1 -1 -1 1 
88 9 Car -1.000000 -1 -1 986.4559614519634 182.96890640214588 1038.232627257723 217.0338172185215 -1 -1 -1 -1 -1 -1 -1 -1 1 
88 1 Car -1.000000 -1 -1 1069.7152875798865 156.14176753757866 1240.6728105292636 317.75658467153573 -1 -1 -1 -1 -1 -1 -1 -1 1 
89 9 Car -1.000000 -1 -1 966.5951319023569 182.0602045116125 1022.2237231854543 217.2354967884513 -1 -1 -1 -1 -1 -1 -1 -1 1 
89 1 Car -1.000000 -1 -1 1056.7478598960222 154.33318100149432 1239.1081373006652 319.6776857708611 -1 -1 -1 -1 -1 -1 -1 -1 1 
90 9 Car -1.000000 -1 -1 947.4392050524277 181.51784468062812 1002.4734442313797 216.41564880189162 -1 -1 -1 -1 -1 -1 -1 -1 1 
90 1 Car -1.000000 -1 -1 1049.4704110576622 152.46267307595127 1239.6387377174055 324.0292263295659 -1 -1 -1 -1 -1 -1 -1 -1 1 
91 9 Car -1.000000 -1 -1 934.2157127909545 181.7180443548458 984.8961839481183 214.96385686651695 -1 -1 -1 -1 -1 -1 -1 -1 1 
91 1 Car -1.000000 -1 -1 1043.7404162038463 145.75814373326915 1236.9329196653096 313.4653307663793 -1 -1 -1 -1 -1 -1 -1 -1 1 
92 9 Car -1.000000 -1 -1 918.9187578091721 182.25517045229293 965.2450790007379 214.1102841883689 -1 -1 -1 -1 -1 -1 -1 -1 1 
92 1 Car -1.000000 -1 -1 1030.7453622902908 151.5223098317214 1234.6741970938583 337.0963159695116 -1 -1 -1 -1 -1 -1 -1 -1 1 
93 1 Car -1.000000 -1 -1 1022.3978745661659 150.20002274887997 1236.0541590258706 351.1030566037844 -1 -1 -1 -1 -1 -1 -1 -1 1 
94 13 Car -1.000000 -1 -1 961.6703101796967 170.585078129905 1024.778666832386 226.87557791886724 -1 -1 -1 -1 -1 -1 -1 -1 1 
94 1 Car -1.000000 -1 -1 1016.2986660915283 147.85044866642227 1238.4404637584673 359.3978872440418 -1 -1 -1 -1 -1 -1 -1 -1 1 
95 13 Car -1.000000 -1 -1 951.3591955205547 172.97161382950623 1017.0537371106418 226.64083526467903 -1 -1 -1 -1 -1 -1 -1 -1 1 
95 1 Car -1.000000 -1 -1 1007.4819299770217 144.84295010763677 1238.640177860081 364.36023413132034 -1 -1 -1 -1 -1 -1 -1 -1 1 
96 13 Car -1.000000 -1 -1 940.3888762610013 174.90563564010583 1002.1882409069738 225.59607611897084 -1 -1 -1 -1 -1 -1 -1 -1 1 
96 1 Car -1.000000 -1 -1 1002.9438571078338 144.28313555210966 1239.3871103925746 367.2663240818273 -1 -1 -1 -1 -1 -1 -1 -1 1 
97 13 Car -1.000000 -1 -1 921.0273473488357 176.00342892039544 984.794676898209 225.55456299910975 -1 -1 -1 -1 -1 -1 -1 -1 1 
97 1 Car -1.000000 -1 -1 1000.5515666977367 143.88363319448638 1239.9707541005846 368.97482466928807 -1 -1 -1 -1 -1 -1 -1 -1 1 
98 15 Car -1.000000 -1 -1 808.2116764956899 182.31568735374714 850.9796810939309 217.4307902064092 -1 -1 -1 -1 -1 -1 -1 -1 1 
98 14 Car -1.000000 -1 -1 -4.684670879753302 182.40309191569713 64.30916523139702 204.25988554821413 -1 -1 -1 -1 -1 -1 -1 -1 1 
98 13 Car -1.000000 -1 -1 902.0293988592782 178.49590948025653 967.4933092134534 227.80366973391514 -1 -1 -1 -1 -1 -1 -1 -1 1 
98 1 Car -1.000000 -1 -1 999.8411983047035 149.06029713262416 1243.6855638059606 374.572570992055 -1 -1 -1 -1 -1 -1 -1 -1 1 
99 15 Car -1.000000 -1 -1 788.8177024389754 182.57561705927228 831.2262098256276 216.95150128855985 -1 -1 -1 -1 -1 -1 -1 -1 1 
99 13 Car -1.000000 -1 -1 886.8290706696056 177.6508516913232 951.8816826316821 225.07271167194855 -1 -1 -1 -1 -1 -1 -1 -1 1 
99 1 Car -1.000000 -1 -1 998.0608609592691 151.1258766438944 1247.0225358285688 375.65659493571906 -1 -1 -1 -1 -1 -1 -1 -1 1 
100 15 Car -1.000000 -1 -1 773.1240149786223 181.80895685807337 815.5387504885458 216.2067028713697 -1 -1 -1 -1 -1 -1 -1 -1 1 
100 13 Car -1.000000 -1 -1 870.4829040751432 175.7037332766351 936.3873085567535 222.53730972591848 -1 -1 -1 -1 -1 -1 -1 -1 1 
100 1 Car -1.000000 -1 -1 995.1007120017688 151.1146276252694 1249.0066591291509 375.9221120315321 -1 -1 -1 -1 -1 -1 -1 -1 1 
101 15 Car -1.000000 -1 -1 755.475885179294 181.28240889165812 797.1185961777724 216.36795139710603 -1 -1 -1 -1 -1 -1 -1 -1 1 
101 1 Car -1.000000 -1 -1 992.4063138704419 151.09715501722266 1252.3240001502054 375.8318316602413 -1 -1 -1 -1 -1 -1 -1 -1 1 
102 16 Car -1.000000 -1 -1 906.2549362383883 182.75747273879983 947.1456366745507 215.83067615024868 -1 -1 -1 -1 -1 -1 -1 -1 1 
102 15 Car -1.000000 -1 -1 736.4986610506237 180.3696481395304 779.4475413442119 217.09119430510253 -1 -1 -1 -1 -1 -1 -1 -1 1 
102 1 Car -1.000000 -1 -1 980.2318381128187 120.8610841219161 1248.1703357875901 354.792474887557 -1 -1 -1 -1 -1 -1 -1 -1 1 
103 16 Car -1.000000 -1 -1 895.0539097818493 182.62247095627936 937.4355089456443 216.97869053774258 -1 -1 -1 -1 -1 -1 -1 -1 1 
103 15 Car -1.000000 -1 -1 721.3211654986843 179.2306675668193 764.5251364701979 216.02225281786826 -1 -1 -1 -1 -1 -1 -1 -1 1 
103 1 Car -1.000000 -1 -1 977.1445913322053 123.67979701056449 1247.2668030429854 369.5399044173324 -1 -1 -1 -1 -1 -1 -1 -1 1 
104 16 Car -1.000000 -1 -1 878.6739061161013 182.6932328295491 922.3186904623192 217.6559994955965 -1 -1 -1 -1 -1 -1 -1 -1 1 
104 15 Car -1.000000 -1 -1 704.5931018198545 178.75148606283906 747.9499872285427 216.06499026082943 -1 -1 -1 -1 -1 -1 -1 -1 1 
104 1 Car -1.000000 -1 -1 978.9927289275935 124.44332117750561 1245.2740357054784 376.1100372571721 -1 -1 -1 -1 -1 -1 -1 -1 1 
105 17 Car -1.000000 -1 -1 899.2845504265171 185.62158040761517 965.2207152214413 234.33613395643386 -1 -1 -1 -1 -1 -1 -1 -1 1 
105 16 Car -1.000000 -1 -1 865.907306504104 182.31904109558528 909.5962446009495 217.69773934317575 -1 -1 -1 -1 -1 -1 -1 -1 1 
105 15 Car -1.000000 -1 -1 686.5447279439202 179.49579071762045 730.9816131481325 217.5135623961356 -1 -1 -1 -1 -1 -1 -1 -1 1 
105 1 Car -1.000000 -1 -1 973.5553836862395 103.94350423665787 1241.0132855326929 361.0489544154504 -1 -1 -1 -1 -1 -1 -1 -1 1 
106 17 Car -1.000000 -1 -1 893.2183126586021 187.49516459861783 965.6984480085184 237.2568086117693 -1 -1 -1 -1 -1 -1 -1 -1 1 
106 15 Car -1.000000 -1 -1 668.6533391405147 180.38224154254965 712.6712935896618 217.87625134864373 -1 -1 -1 -1 -1 -1 -1 -1 1 
106 1 Car -1.000000 -1 -1 976.2316897346944 113.48530760872876 1241.7540287131656 372.4949413353358 -1 -1 -1 -1 -1 -1 -1 -1 1 
107 21 Car -1.000000 -1 -1 752.9719588425987 172.68202838460135 816.5277445535282 222.14607464215558 -1 -1 -1 -1 -1 -1 -1 -1 1 
107 17 Car -1.000000 -1 -1 888.6120013706421 188.2540686127121 970.6987676745536 240.6247220712326 -1 -1 -1 -1 -1 -1 -1 -1 1 
107 15 Car -1.000000 -1 -1 655.1296659928288 179.89939265696182 698.3862893801794 217.6077022873954 -1 -1 -1 -1 -1 -1 -1 -1 1 
107 1 Car -1.000000 -1 -1 979.7652193469087 117.43355894084979 1242.0385721711725 379.16977447751106 -1 -1 -1 -1 -1 -1 -1 -1 1 
108 24 Car -1.000000 -1 -1 853.1629789865543 189.1817340349819 904.0067303292077 226.96362158375848 -1 -1 -1 -1 -1 -1 -1 -1 1 
108 21 Car -1.000000 -1 -1 741.147127441606 173.99571101958708 801.2994843727026 220.5566329413349 -1 -1 -1 -1 -1 -1 -1 -1 1 
108 17 Car -1.000000 -1 -1 881.0153600115684 187.89572334495108 973.722225928665 242.86647106219147 -1 -1 -1 -1 -1 -1 -1 -1 1 
108 15 Car -1.000000 -1 -1 637.2253125921898 180.59186938693313 681.7206220504454 218.44330785371358 -1 -1 -1 -1 -1 -1 -1 -1 1 
109 24 Car -1.000000 -1 -1 845.1847918482845 189.16872363221057 892.2208418425823 225.16838044734783 -1 -1 -1 -1 -1 -1 -1 -1 1 
109 21 Car -1.000000 -1 -1 724.5349898568311 175.44560530757587 781.8725817386435 218.94071692752925 -1 -1 -1 -1 -1 -1 -1 -1 1 
109 17 Car -1.000000 -1 -1 874.2319257135038 187.35536715757513 973.2550884632011 243.51696645924108 -1 -1 -1 -1 -1 -1 -1 -1 1 
109 15 Car -1.000000 -1 -1 620.7980975714642 180.53676416274095 663.7565634769227 218.44976028046818 -1 -1 -1 -1 -1 -1 -1 -1 1 
110 21 Car -1.000000 -1 -1 709.3718715528157 172.50107873595462 765.0879214142469 215.8553300923538 -1 -1 -1 -1 -1 -1 -1 -1 1 
110 17 Car -1.000000 -1 -1 866.8697803699354 186.57235102056046 964.6751247063737 243.65521654440238 -1 -1 -1 -1 -1 -1 -1 -1 1 
110 15 Car -1.000000 -1 -1 606.6255009753418 179.02754151707273 650.5534778141778 217.90745397427037 -1 -1 -1 -1 -1 -1 -1 -1 1 
111 28 Car -1.000000 -1 -1 746.733621904835 183.44263874616504 774.5778215629164 211.58824332314262 -1 -1 -1 -1 -1 -1 -1 -1 1 
111 21 Car -1.000000 -1 -1 694.7444588401115 171.50590352970184 749.5394119307873 214.22102363060228 -1 -1 -1 -1 -1 -1 -1 -1 1 
111 17 Car -1.000000 -1 -1 853.6234938538655 185.95378295082324 952.5297251898953 243.16262623201723 -1 -1 -1 -1 -1 -1 -1 -1 1 
111 15 Car -1.000000 -1 -1 588.3902800734247 179.628879981072 634.568178851898 218.93011415067573 -1 -1 -1 -1 -1 -1 -1 -1 1 
111 1 Car -1.000000 -1 -1 1004.056784587866 111.66099744062774 1250.7416391519685 377.6621873450212 -1 -1 -1 -1 -1 -1 -1 -1 1 
112 28 Car -1.000000 -1 -1 736.4466995082884 182.04168406219028 766.2224037093005 211.38798152962002 -1 -1 -1 -1 -1 -1 -1 -1 1 
112 21 Car -1.000000 -1 -1 679.3233767610485 170.99815853526843 732.875171879932 212.75178701901598 -1 -1 -1 -1 -1 -1 -1 -1 1 
112 17 Car -1.000000 -1 -1 843.7734987830623 185.3977759042658 943.4083958872824 243.33448848430578 -1 -1 -1 -1 -1 -1 -1 -1 1 
112 15 Car -1.000000 -1 -1 571.9572358592343 174.90145505459813 624.0613872043348 218.9781569508102 -1 -1 -1 -1 -1 -1 -1 -1 1 
113 28 Car -1.000000 -1 -1 717.7678875682382 179.51064253214955 748.2067880621448 208.25535364288285 -1 -1 -1 -1 -1 -1 -1 -1 1 
113 21 Car -1.000000 -1 -1 663.1433931690732 169.86263995144287 716.6296390352803 212.60020351180447 -1 -1 -1 -1 -1 -1 -1 -1 1 
113 17 Car -1.000000 -1 -1 829.0300304123103 185.20886882888624 932.4583973203588 244.01545823766259 -1 -1 -1 -1 -1 -1 -1 -1 1 
113 15 Car -1.000000 -1 -1 555.5386182305613 175.30296318623678 607.8354743424729 218.9551084733226 -1 -1 -1 -1 -1 -1 -1 -1 1 
114 30 Car -1.000000 -1 -1 1.663784616335036 183.65495593224483 213.85610349963588 286.48659039042354 -1 -1 -1 -1 -1 -1 -1 -1 1 
114 28 Car -1.000000 -1 -1 709.107342195708 180.9888963998774 741.4061120212386 210.47044251733635 -1 -1 -1 -1 -1 -1 -1 -1 1 
114 21 Car -1.000000 -1 -1 649.641434454466 169.7416647162807 702.1958130630908 212.03171712898654 -1 -1 -1 -1 -1 -1 -1 -1 1 
114 17 Car -1.000000 -1 -1 817.4299698176386 184.4910997987909 924.157919444097 245.39070512710947 -1 -1 -1 -1 -1 -1 -1 -1 1 
114 15 Car -1.000000 -1 -1 537.8123759156867 176.8856893004198 590.1281308295668 220.43934736452536 -1 -1 -1 -1 -1 -1 -1 -1 1 
115 30 Car -1.000000 -1 -1 -15.694498641283431 181.8749082225442 206.19213286082828 292.49344908191387 -1 -1 -1 -1 -1 -1 -1 -1 1 
115 28 Car -1.000000 -1 -1 694.791203386746 181.01159985182716 726.3330629682657 210.59346972061763 -1 -1 -1 -1 -1 -1 -1 -1 1 
115 21 Car -1.000000 -1 -1 636.0848841769639 169.5282786594602 688.1643594281811 211.8386685342456 -1 -1 -1 -1 -1 -1 -1 -1 1 
115 17 Car -1.000000 -1 -1 809.7631115582888 185.52863473013244 919.5094026313516 249.09738595052224 -1 -1 -1 -1 -1 -1 -1 -1 1 
115 15 Car -1.000000 -1 -1 524.0940766151732 174.07448468544902 580.3056628054701 221.48581657049328 -1 -1 -1 -1 -1 -1 -1 -1 1 
116 30 Car -1.000000 -1 -1 -6.301809891039838 195.8139020885426 194.22999909370532 300.22091684780077 -1 -1 -1 -1 -1 -1 -1 -1 1 
116 28 Car -1.000000 -1 -1 683.6888663005972 181.68242539725628 717.510164540644 212.2438118212819 -1 -1 -1 -1 -1 -1 -1 -1 1 
116 21 Car -1.000000 -1 -1 622.3468869086505 170.07856421802998 674.5276506257364 211.8298338588434 -1 -1 -1 -1 -1 -1 -1 -1 1 
116 17 Car -1.000000 -1 -1 798.8639323874343 186.3357910367441 909.1056196468448 251.22067551322615 -1 -1 -1 -1 -1 -1 -1 -1 1 
116 15 Car -1.000000 -1 -1 507.9132115896473 172.8973433046465 564.3825109917836 222.2673772579425 -1 -1 -1 -1 -1 -1 -1 -1 1 
117 28 Car -1.000000 -1 -1 668.5046504248406 181.68151664981175 701.8248516976095 212.2776597520312 -1 -1 -1 -1 -1 -1 -1 -1 1 
117 25 Car -1.000000 -1 -1 703.2557060711209 181.22982526433844 748.5156160934702 219.4169384569622 -1 -1 -1 -1 -1 -1 -1 -1 1 
117 21 Car -1.000000 -1 -1 608.1560772684444 171.0128953948586 660.291236256406 212.40634220236788 -1 -1 -1 -1 -1 -1 -1 -1 1 
117 17 Car -1.000000 -1 -1 787.5087321983972 188.44602860451306 901.4203817265511 253.81389938032476 -1 -1 -1 -1 -1 -1 -1 -1 1 
117 15 Car -1.000000 -1 -1 491.7543975594584 171.6769179015217 548.6455344473292 224.08864723890272 -1 -1 -1 -1 -1 -1 -1 -1 1 
118 28 Car -1.000000 -1 -1 658.3597900336271 182.63684307606582 692.9336500499734 214.2543400398145 -1 -1 -1 -1 -1 -1 -1 -1 1 
118 25 Car -1.000000 -1 -1 687.8126905992482 181.44008567974316 734.0258282153926 219.6502888745868 -1 -1 -1 -1 -1 -1 -1 -1 1 
118 21 Car -1.000000 -1 -1 593.0791386490656 171.16951330540522 643.5639234409467 212.28651150166021 -1 -1 -1 -1 -1 -1 -1 -1 1 
118 17 Car -1.000000 -1 -1 777.0635525059228 189.30942792221327 891.8286166613649 254.74085747795323 -1 -1 -1 -1 -1 -1 -1 -1 1 
118 15 Car -1.000000 -1 -1 474.8506672183631 176.12119931708136 535.0261154439676 228.97491664228605 -1 -1 -1 -1 -1 -1 -1 -1 1 
119 28 Car -1.000000 -1 -1 640.9338294670397 182.39307632507612 676.8160010932481 214.32333654436175 -1 -1 -1 -1 -1 -1 -1 -1 1 
119 25 Car -1.000000 -1 -1 679.3358897392671 181.71378532690775 725.3676769974455 219.14411951461662 -1 -1 -1 -1 -1 -1 -1 -1 1 
119 21 Car -1.000000 -1 -1 578.9996545380508 172.260622298685 628.6551126635212 212.148266901397 -1 -1 -1 -1 -1 -1 -1 -1 1 
119 17 Car -1.000000 -1 -1 771.443425106128 190.8523126272977 887.4842078711783 256.6670018376569 -1 -1 -1 -1 -1 -1 -1 -1 1 
119 15 Car -1.000000 -1 -1 460.1465401081653 173.3403351530437 521.2173336841926 226.97257048285175 -1 -1 -1 -1 -1 -1 -1 -1 1 
120 30 Car -1.000000 -1 -1 -26.671139174750806 246.0033022456699 98.89787689078422 346.6438011876747 -1 -1 -1 -1 -1 -1 -1 -1 1 
120 28 Car -1.000000 -1 -1 621.3741544630113 182.00277230081556 655.33018569572 212.9432008636783 -1 -1 -1 -1 -1 -1 -1 -1 1 
120 25 Car -1.000000 -1 -1 663.6324848418835 181.84090589017092 709.7183180813495 219.32739078780014 -1 -1 -1 -1 -1 -1 -1 -1 1 
120 21 Car -1.000000 -1 -1 562.7142311098244 172.46248747537658 613.612908277622 212.4983886729612 -1 -1 -1 -1 -1 -1 -1 -1 1 
120 17 Car -1.000000 -1 -1 766.5272795990413 191.7279840747539 884.1252441047252 259.38330036778154 -1 -1 -1 -1 -1 -1 -1 -1 1 
120 15 Car -1.000000 -1 -1 439.2346315338336 176.6551344463304 503.76558259562336 230.86197254447558 -1 -1 -1 -1 -1 -1 -1 -1 1 
121 25 Car -1.000000 -1 -1 655.9154850058152 183.41123246332754 701.5983636552156 222.48744067619762 -1 -1 -1 -1 -1 -1 -1 -1 1 
121 21 Car -1.000000 -1 -1 546.4994375660467 171.34627259663836 596.5424829913366 212.09186855379977 -1 -1 -1 -1 -1 -1 -1 -1 1 
121 17 Car -1.000000 -1 -1 759.651914194111 192.44561990954648 879.2332865655173 261.0481529048568 -1 -1 -1 -1 -1 -1 -1 -1 1 
121 15 Car -1.000000 -1 -1 419.08081320882053 178.93261259425702 487.737812198639 232.68494377998843 -1 -1 -1 -1 -1 -1 -1 -1 1 
122 38 Car -1.000000 -1 -1 610.3282064192015 182.64010520286442 646.118204303903 216.78251533103165 -1 -1 -1 -1 -1 -1 -1 -1 1 
122 25 Car -1.000000 -1 -1 640.8792562182015 182.31530952016757 685.9038574463319 220.334454326643 -1 -1 -1 -1 -1 -1 -1 -1 1 
122 21 Car -1.000000 -1 -1 533.1258358219649 171.48008196696338 582.7392322918821 211.403502457591 -1 -1 -1 -1 -1 -1 -1 -1 1 
122 17 Car -1.000000 -1 -1 754.8672864330346 192.59951248411545 876.0291228339935 263.1305029863277 -1 -1 -1 -1 -1 -1 -1 -1 1 
122 15 Car -1.000000 -1 -1 404.79187928225315 174.96781315663299 473.1997127909726 229.50611480981604 -1 -1 -1 -1 -1 -1 -1 -1 1 
123 38 Car -1.000000 -1 -1 592.2491552828775 182.1723395607488 629.1752754166445 216.17257761302665 -1 -1 -1 -1 -1 -1 -1 -1 1 
123 25 Car -1.000000 -1 -1 626.5706279091042 182.83446701420553 679.2313057903206 224.7573988796837 -1 -1 -1 -1 -1 -1 -1 -1 1 
123 21 Car -1.000000 -1 -1 517.5417283223246 171.27189571828544 566.7536578400095 211.1245752287493 -1 -1 -1 -1 -1 -1 -1 -1 1 
123 17 Car -1.000000 -1 -1 744.5360693415237 192.90927494880617 865.2640939407411 264.7333041086907 -1 -1 -1 -1 -1 -1 -1 -1 1 
123 15 Car -1.000000 -1 -1 380.55323441157867 176.96698241913546 453.1628946584547 233.04044732404108 -1 -1 -1 -1 -1 -1 -1 -1 1 
124 39 Car -1.000000 -1 -1 666.3692206050974 189.19375760757197 745.1793942181442 255.53795242336474 -1 -1 -1 -1 -1 -1 -1 -1 1 
124 38 Car -1.000000 -1 -1 584.2527244022316 182.33196709465832 621.0196264238606 216.63801674377143 -1 -1 -1 -1 -1 -1 -1 -1 1 
124 28 Car -1.000000 -1 -1 550.2804792851673 177.99281321571422 581.3495322699132 206.63160936661288 -1 -1 -1 -1 -1 -1 -1 -1 1 
124 25 Car -1.000000 -1 -1 611.318495777472 183.28640110541087 662.8980896463775 225.92478511792015 -1 -1 -1 -1 -1 -1 -1 -1 1 
124 21 Car -1.000000 -1 -1 503.71180155363555 171.17055772110334 552.8896186018128 210.28651498506227 -1 -1 -1 -1 -1 -1 -1 -1 1 
124 17 Car -1.000000 -1 -1 737.8916091521179 192.30314639211284 857.9931316110357 265.6306772265772 -1 -1 -1 -1 -1 -1 -1 -1 1 
124 15 Car -1.000000 -1 -1 359.31600519879834 179.09981460793296 437.43506159251336 234.98464848124195 -1 -1 -1 -1 -1 -1 -1 -1 1 
125 39 Car -1.000000 -1 -1 654.5483858805704 188.76908837218008 737.8645457466906 257.2883461570661 -1 -1 -1 -1 -1 -1 -1 -1 1 
125 25 Car -1.000000 -1 -1 601.4456838795048 183.08900968138323 651.9137947856794 226.6065264363413 -1 -1 -1 -1 -1 -1 -1 -1 1 
125 21 Car -1.000000 -1 -1 487.28701639656543 171.51521451775812 534.1896479060222 209.40171493984843 -1 -1 -1 -1 -1 -1 -1 -1 1 
125 17 Car -1.000000 -1 -1 732.4365317300433 194.06354959940023 856.9678992762854 272.00866536421415 -1 -1 -1 -1 -1 -1 -1 -1 1 
125 15 Car -1.000000 -1 -1 335.34182595199536 181.10990543219958 416.634433486621 237.86703128876138 -1 -1 -1 -1 -1 -1 -1 -1 1 
126 39 Car -1.000000 -1 -1 637.5573918065434 188.9118634107167 729.9543385031081 257.7851811588248 -1 -1 -1 -1 -1 -1 -1 -1 1 
126 25 Car -1.000000 -1 -1 587.0108365999864 182.7680181050817 633.952480566698 227.30473582606737 -1 -1 -1 -1 -1 -1 -1 -1 1 
126 21 Car -1.000000 -1 -1 469.8463622246995 170.66247645037453 515.4908743941219 208.8562593678658 -1 -1 -1 -1 -1 -1 -1 -1 1 
126 17 Car -1.000000 -1 -1 723.0364234810796 194.15237182748635 852.9529859184298 276.8782852067487 -1 -1 -1 -1 -1 -1 -1 -1 1 
126 15 Car -1.000000 -1 -1 313.0322644808648 182.34622442578433 400.98992316226577 239.7364010365136 -1 -1 -1 -1 -1 -1 -1 -1 1 
127 39 Car -1.000000 -1 -1 624.0539044394047 186.59506259289765 725.2529794683367 256.2705040663709 -1 -1 -1 -1 -1 -1 -1 -1 1 
127 25 Car -1.000000 -1 -1 575.8095407420439 182.54945460235018 626.1175814666875 228.9614943904112 -1 -1 -1 -1 -1 -1 -1 -1 1 
127 21 Car -1.000000 -1 -1 458.83527888967 171.83242545882658 502.47101210433755 208.6339993025339 -1 -1 -1 -1 -1 -1 -1 -1 1 
127 17 Car -1.000000 -1 -1 713.6603636995462 193.1298366589791 848.6210353944468 280.83079196843585 -1 -1 -1 -1 -1 -1 -1 -1 1 
127 15 Car -1.000000 -1 -1 287.5783606075291 183.90343746041347 379.93953227438186 242.37009988177343 -1 -1 -1 -1 -1 -1 -1 -1 1 
128 45 Car -1.000000 -1 -1 543.4804717304312 187.04947187923406 578.2891156574638 222.08902917144584 -1 -1 -1 -1 -1 -1 -1 -1 1 
128 39 Car -1.000000 -1 -1 617.4513957121135 186.5057342498946 721.8991604192199 257.27207990283733 -1 -1 -1 -1 -1 -1 -1 -1 1 
128 28 Car -1.000000 -1 -1 485.3132060256975 176.77565250227636 510.2753947022498 203.03908096825037 -1 -1 -1 -1 -1 -1 -1 -1 1 
128 25 Car -1.000000 -1 -1 568.7060374889273 183.90379071605707 624.1207959698999 233.27722675412787 -1 -1 -1 -1 -1 -1 -1 -1 1 
128 21 Car -1.000000 -1 -1 443.90317320507074 171.92531250591185 486.7599296687291 208.74872863889084 -1 -1 -1 -1 -1 -1 -1 -1 1 
128 17 Car -1.000000 -1 -1 707.6845976095809 191.29913519443772 844.680439093427 283.22766940016527 -1 -1 -1 -1 -1 -1 -1 -1 1 
128 15 Car -1.000000 -1 -1 270.3501818573318 184.1950803156061 367.64100947182817 244.3860006666685 -1 -1 -1 -1 -1 -1 -1 -1 1 
129 45 Car -1.000000 -1 -1 523.9182935079397 182.47564046052315 574.548898627355 227.58917743087937 -1 -1 -1 -1 -1 -1 -1 -1 1 
129 39 Car -1.000000 -1 -1 607.6178463556555 187.5461062989121 715.58754843463 257.78429542818003 -1 -1 -1 -1 -1 -1 -1 -1 1 
129 28 Car -1.000000 -1 -1 475.70302686812056 177.47309393685651 500.7983784205686 203.57258224459696 -1 -1 -1 -1 -1 -1 -1 -1 1 
129 25 Car -1.000000 -1 -1 556.5736948064578 184.10655391217725 616.9399364734161 234.3053357221314 -1 -1 -1 -1 -1 -1 -1 -1 1 
129 21 Car -1.000000 -1 -1 436.47704521305525 173.47143346074824 476.62208993911895 209.28374410278536 -1 -1 -1 -1 -1 -1 -1 -1 1 
129 17 Car -1.000000 -1 -1 704.9015339664073 190.88218770803755 844.586427346413 286.57527772889057 -1 -1 -1 -1 -1 -1 -1 -1 1 
129 15 Car -1.000000 -1 -1 247.22158633809642 189.26761876841405 351.26302869328316 252.5005417959707 -1 -1 -1 -1 -1 -1 -1 -1 1 
130 46 Car -1.000000 -1 -1 515.1861501582396 185.7587901038796 557.4586251058033 223.2160969913069 -1 -1 -1 -1 -1 -1 -1 -1 1 
130 45 Car -1.000000 -1 -1 518.0301076181612 181.4215179895263 575.0265871524094 230.62304000745473 -1 -1 -1 -1 -1 -1 -1 -1 1 
130 39 Car -1.000000 -1 -1 602.3469796368721 187.87104690786367 714.5411040259518 259.57347586091527 -1 -1 -1 -1 -1 -1 -1 -1 1 
130 25 Car -1.000000 -1 -1 549.1282164923813 184.40073919916392 611.8422111986239 235.16561220357556 -1 -1 -1 -1 -1 -1 -1 -1 1 
130 21 Car -1.000000 -1 -1 425.4627483487324 173.60093413261953 464.2990038674747 209.48752062543772 -1 -1 -1 -1 -1 -1 -1 -1 1 
130 17 Car -1.000000 -1 -1 706.451099756782 190.87195126834266 849.3623183726772 290.09111893686196 -1 -1 -1 -1 -1 -1 -1 -1 1 
130 15 Car -1.000000 -1 -1 224.46504970480828 192.86440031119292 336.59969448646973 259.42906411749186 -1 -1 -1 -1 -1 -1 -1 -1 1 
131 48 Car -1.000000 -1 -1 493.40192387707987 184.24353560501575 530.2861940469919 215.19445983766306 -1 -1 -1 -1 -1 -1 -1 -1 1 
131 39 Car -1.000000 -1 -1 599.4532998319788 189.57060132756357 716.4768082645143 263.8997949418542 -1 -1 -1 -1 -1 -1 -1 -1 1 
131 25 Car -1.000000 -1 -1 548.1435152020624 185.26317036489831 612.5563458488225 236.1449751092194 -1 -1 -1 -1 -1 -1 -1 -1 1 
131 21 Car -1.000000 -1 -1 420.07374444918776 175.00129499677354 457.82219468548476 210.13144285405627 -1 -1 -1 -1 -1 -1 -1 -1 1 
131 17 Car -1.000000 -1 -1 713.5630678044183 190.51001791545292 860.9105847229096 293.2617985199655 -1 -1 -1 -1 -1 -1 -1 -1 1 
131 15 Car -1.000000 -1 -1 206.38038182979915 196.8995701665915 327.9713568925672 268.8700074735793 -1 -1 -1 -1 -1 -1 -1 -1 1 
132 48 Car -1.000000 -1 -1 497.10832816243317 188.35864739116656 531.7488334755877 219.9660556725187 -1 -1 -1 -1 -1 -1 -1 -1 1 
132 39 Car -1.000000 -1 -1 599.8924737429451 192.2302668463414 721.0490391930181 270.817797491184 -1 -1 -1 -1 -1 -1 -1 -1 1 
132 25 Car -1.000000 -1 -1 545.1252817848372 185.73384524142102 615.4514787544631 238.50301676019484 -1 -1 -1 -1 -1 -1 -1 -1 1 
132 21 Car -1.000000 -1 -1 417.10266899115464 177.3799730271094 454.4357011444163 213.13231265181602 -1 -1 -1 -1 -1 -1 -1 -1 1 
132 17 Car -1.000000 -1 -1 721.1617297683828 193.23690950234757 870.3802938728815 302.9984634830723 -1 -1 -1 -1 -1 -1 -1 -1 1 
132 15 Car -1.000000 -1 -1 188.91368384603336 199.957557490382 320.3912399613969 276.17369211488307 -1 -1 -1 -1 -1 -1 -1 -1 1 
133 50 Car -1.000000 -1 -1 475.0620940354701 185.57300703721938 499.30206143174365 213.1029156697931 -1 -1 -1 -1 -1 -1 -1 -1 1 
133 48 Car -1.000000 -1 -1 498.65115343173875 189.62210369409559 531.2714492629832 221.41125135076572 -1 -1 -1 -1 -1 -1 -1 -1 1 
133 39 Car -1.000000 -1 -1 602.8317664689499 193.1310171113973 731.447658741269 277.06255334412157 -1 -1 -1 -1 -1 -1 -1 -1 1 
133 25 Car -1.000000 -1 -1 542.3308492215091 188.30400338868054 616.1235396990431 244.39008987489086 -1 -1 -1 -1 -1 -1 -1 -1 1 
133 21 Car -1.000000 -1 -1 416.1602582248532 178.45639727078316 452.51117408246415 214.64520672533519 -1 -1 -1 -1 -1 -1 -1 -1 1 
133 17 Car -1.000000 -1 -1 727.8676551549312 192.21641495680893 890.1465966189763 313.13639664519866 -1 -1 -1 -1 -1 -1 -1 -1 1 
133 15 Car -1.000000 -1 -1 173.33813986483392 201.8672219277558 312.13048092242275 281.425561136508 -1 -1 -1 -1 -1 -1 -1 -1 1 
134 50 Car -1.000000 -1 -1 477.311944489855 183.77743769808407 502.60482773872775 212.59268569171937 -1 -1 -1 -1 -1 -1 -1 -1 1 
134 49 Car -1.000000 -1 -1 251.18346428057023 195.85636583934223 337.2936535859362 248.17825928129395 -1 -1 -1 -1 -1 -1 -1 -1 1 
134 48 Car -1.000000 -1 -1 494.39147758559466 185.63899979266822 527.8682194875681 218.1312445595905 -1 -1 -1 -1 -1 -1 -1 -1 1 
134 39 Car -1.000000 -1 -1 606.2036668506114 191.778898279063 742.7365299914838 281.18761044278847 -1 -1 -1 -1 -1 -1 -1 -1 1 
134 25 Car -1.000000 -1 -1 542.456159109837 186.16705440990657 621.157446609838 244.75062020284767 -1 -1 -1 -1 -1 -1 -1 -1 1 
134 17 Car -1.000000 -1 -1 743.3241630679365 184.89284536335808 909.8880856802962 300.9199912178058 -1 -1 -1 -1 -1 -1 -1 -1 1 
134 15 Car -1.000000 -1 -1 154.00953799867412 204.52493904863414 296.54036401440055 288.532726046059 -1 -1 -1 -1 -1 -1 -1 -1 1 
135 50 Car -1.000000 -1 -1 475.3539807813744 179.76093991156543 501.9473595246649 207.44627903008913 -1 -1 -1 -1 -1 -1 -1 -1 1 
135 49 Car -1.000000 -1 -1 248.76780539111434 190.04495835833828 335.83214824446435 242.5048519001621 -1 -1 -1 -1 -1 -1 -1 -1 1 
135 48 Car -1.000000 -1 -1 494.0656085951723 183.3600002881183 527.4950349364484 216.84759261805195 -1 -1 -1 -1 -1 -1 -1 -1 1 
135 39 Car -1.000000 -1 -1 614.0976682250365 189.83034993596698 760.7569733263725 284.09668971795355 -1 -1 -1 -1 -1 -1 -1 -1 1 
135 25 Car -1.000000 -1 -1 542.7522216765873 183.83734313034137 626.3369692946536 244.97527756546106 -1 -1 -1 -1 -1 -1 -1 -1 1 
135 17 Car -1.000000 -1 -1 761.4292695670528 182.05134643057875 930.6742355137961 296.9035625512743 -1 -1 -1 -1 -1 -1 -1 -1 1 
135 15 Car -1.000000 -1 -1 136.93111231404066 204.6591003393201 287.6238981938559 293.0793942754353 -1 -1 -1 -1 -1 -1 -1 -1 1 
136 50 Car -1.000000 -1 -1 476.23104232928137 177.11407811328084 503.2529697000927 204.42863499303317 -1 -1 -1 -1 -1 -1 -1 -1 1 
136 49 Car -1.000000 -1 -1 244.95865637214695 185.82257656049757 340.7005384850694 242.23518551646293 -1 -1 -1 -1 -1 -1 -1 -1 1 
136 48 Car -1.000000 -1 -1 498.26968826100523 182.13645994955084 531.6620366873614 216.65764493680052 -1 -1 -1 -1 -1 -1 -1 -1 1 
136 39 Car -1.000000 -1 -1 619.8613270430435 186.95636850537187 775.0330645488427 285.8415576593564 -1 -1 -1 -1 -1 -1 -1 -1 1 
136 25 Car -1.000000 -1 -1 542.6981202262576 181.1738372550072 629.9316249995719 243.73557512962094 -1 -1 -1 -1 -1 -1 -1 -1 1 
136 17 Car -1.000000 -1 -1 788.7775756525037 185.25916836459612 969.6255337730128 307.9758256499666 -1 -1 -1 -1 -1 -1 -1 -1 1 
136 15 Car -1.000000 -1 -1 124.44284807846864 203.6007555669704 282.41315883945026 296.0350774607428 -1 -1 -1 -1 -1 -1 -1 -1 1 
137 50 Car -1.000000 -1 -1 478.09153656073045 173.36331723672617 505.18943014556555 200.25710218275145 -1 -1 -1 -1 -1 -1 -1 -1 1 
137 49 Car -1.000000 -1 -1 243.15472428252315 183.81511768970387 343.6805601404112 243.1684511741381 -1 -1 -1 -1 -1 -1 -1 -1 1 
137 39 Car -1.000000 -1 -1 631.91243873936 185.7438102837379 795.2605544834408 289.0504892405718 -1 -1 -1 -1 -1 -1 -1 -1 1 
137 25 Car -1.000000 -1 -1 548.4547588585463 178.91284916269998 637.0105888129999 241.6074136457581 -1 -1 -1 -1 -1 -1 -1 -1 1 
137 17 Car -1.000000 -1 -1 818.6098448775639 185.42462971832546 1015.268629397361 313.84005854886664 -1 -1 -1 -1 -1 -1 -1 -1 1 
137 15 Car -1.000000 -1 -1 113.0961404030718 202.94541041473337 277.74659275411625 299.44582283926434 -1 -1 -1 -1 -1 -1 -1 -1 1 
138 54 Car -1.000000 -1 -1 448.18276357561484 168.43028077619573 482.1453107039029 202.55777277608792 -1 -1 -1 -1 -1 -1 -1 -1 1 
138 49 Car -1.000000 -1 -1 243.5295559165478 182.13735623378588 347.75446002682963 244.65414082274404 -1 -1 -1 -1 -1 -1 -1 -1 1 
138 39 Car -1.000000 -1 -1 645.4463774591935 183.77304576080704 817.9722677351184 291.47356170763055 -1 -1 -1 -1 -1 -1 -1 -1 1 
138 25 Car -1.000000 -1 -1 556.3201331038692 177.1557957371425 648.7417747561913 241.55054452459268 -1 -1 -1 -1 -1 -1 -1 -1 1 
138 15 Car -1.000000 -1 -1 104.88774119523391 202.09475755555485 276.97300826842223 303.06398503394746 -1 -1 -1 -1 -1 -1 -1 -1 1 
139 56 Car -1.000000 -1 -1 497.1249748814741 172.2570992742415 529.214648392476 197.53295043912306 -1 -1 -1 -1 -1 -1 -1 -1 1 
139 55 Car -1.000000 -1 -1 895.4349344296841 173.55824749566204 1200.8317793339108 378.5907929618123 -1 -1 -1 -1 -1 -1 -1 -1 1 
139 54 Car -1.000000 -1 -1 454.3451847828674 167.3117607452109 487.65558321419684 201.09965986036707 -1 -1 -1 -1 -1 -1 -1 -1 1 
139 49 Car -1.000000 -1 -1 244.92664265894854 181.68312601447846 351.24852625998307 245.07838349158763 -1 -1 -1 -1 -1 -1 -1 -1 1 
139 39 Car -1.000000 -1 -1 657.0975645904275 184.346841224017 843.4744827440477 297.66145477165134 -1 -1 -1 -1 -1 -1 -1 -1 1 
139 25 Car -1.000000 -1 -1 561.537118106973 177.14892315621114 656.3249316975049 241.97380334893307 -1 -1 -1 -1 -1 -1 -1 -1 1 
139 15 Car -1.000000 -1 -1 85.26964407304855 201.43508495910805 270.0243478076185 308.0381239457405 -1 -1 -1 -1 -1 -1 -1 -1 1 
140 55 Car -1.000000 -1 -1 947.4857089753257 175.563219114119 1251.609332762722 379.98768578609304 -1 -1 -1 -1 -1 -1 -1 -1 1 
140 54 Car -1.000000 -1 -1 467.9898793386378 168.79257384088356 499.2785954941878 200.47041700101738 -1 -1 -1 -1 -1 -1 -1 -1 1 
140 49 Car -1.000000 -1 -1 244.83348630989138 180.8980269855684 353.2881837369595 246.1551580256548 -1 -1 -1 -1 -1 -1 -1 -1 1 
140 39 Car -1.000000 -1 -1 672.0382243989743 187.45308450234785 877.2279534354993 309.9294053616319 -1 -1 -1 -1 -1 -1 -1 -1 1 
140 25 Car -1.000000 -1 -1 553.0567461366564 176.49185319327526 641.5433323340059 241.336989338061 -1 -1 -1 -1 -1 -1 -1 -1 1 
140 15 Car -1.000000 -1 -1 63.50283487458029 200.55870866326336 263.4855896604573 312.3827008959371 -1 -1 -1 -1 -1 -1 -1 -1 1 
141 57 Car -1.000000 -1 -1 323.35883330497364 186.93355491096324 379.7306493789402 238.43560766900694 -1 -1 -1 -1 -1 -1 -1 -1 1 
141 55 Car -1.000000 -1 -1 990.0021915420336 176.4818598480528 1269.0081489634329 376.1815519200956 -1 -1 -1 -1 -1 -1 -1 -1 1 
141 49 Car -1.000000 -1 -1 234.5800911010128 183.10211861763113 358.2353843875678 255.74659772828758 -1 -1 -1 -1 -1 -1 -1 -1 1 
141 39 Car -1.000000 -1 -1 685.5393414290335 187.43157915077748 910.5056535358825 322.07694230466063 -1 -1 -1 -1 -1 -1 -1 -1 1 
141 25 Car -1.000000 -1 -1 548.9710024321345 175.6980205317683 633.8493514199696 239.42412318094767 -1 -1 -1 -1 -1 -1 -1 -1 1 
141 15 Car -1.000000 -1 -1 43.79559321587098 203.5873740198287 261.6166099219399 322.82676011313225 -1 -1 -1 -1 -1 -1 -1 -1 1 
142 57 Car -1.000000 -1 -1 325.01141708433073 187.43948149568905 382.7307168802867 239.7053942059573 -1 -1 -1 -1 -1 -1 -1 -1 1 
142 55 Car -1.000000 -1 -1 1045.5205023614885 171.87680019820294 1279.915165806503 369.0564312457453 -1 -1 -1 -1 -1 -1 -1 -1 1 
142 49 Car -1.000000 -1 -1 223.89238074246123 186.64243452164303 346.7301210474509 262.1569403691923 -1 -1 -1 -1 -1 -1 -1 -1 1 
142 39 Car -1.000000 -1 -1 706.5611696526728 190.68040093810356 954.3324207624235 335.43144608263293 -1 -1 -1 -1 -1 -1 -1 -1 1 
142 25 Car -1.000000 -1 -1 554.0349836367346 177.28574099315696 637.8168535984613 239.6288525939144 -1 -1 -1 -1 -1 -1 -1 -1 1 
142 15 Car -1.000000 -1 -1 21.81836612831536 205.83533678379465 253.35899567091354 331.77754966096677 -1 -1 -1 -1 -1 -1 -1 -1 1 
143 59 Car -1.000000 -1 -1 616.7487233031931 175.83116228093016 738.7842058075611 269.9843967064936 -1 -1 -1 -1 -1 -1 -1 -1 1 
143 57 Car -1.000000 -1 -1 331.78455993766784 187.21627459939322 391.11314809716396 240.51792076315962 -1 -1 -1 -1 -1 -1 -1 -1 1 
143 49 Car -1.000000 -1 -1 215.23948788192803 189.23768522822488 343.5646381001083 271.6013677017583 -1 -1 -1 -1 -1 -1 -1 -1 1 
143 39 Car -1.000000 -1 -1 733.0761059753686 191.15731862153962 1013.4085628750138 351.54296774058605 -1 -1 -1 -1 -1 -1 -1 -1 1 
143 25 Car -1.000000 -1 -1 560.8098519444234 177.85083466769277 642.3142324066232 237.8945207682906 -1 -1 -1 -1 -1 -1 -1 -1 1 
143 15 Car -1.000000 -1 -1 5.816127363333834 209.50393860266337 253.41258723340948 345.6714625409433 -1 -1 -1 -1 -1 -1 -1 -1 1 
144 59 Car -1.000000 -1 -1 625.632510886547 175.94720335162597 759.0600825687987 275.56911444456193 -1 -1 -1 -1 -1 -1 -1 -1 1 
144 57 Car -1.000000 -1 -1 336.217980600385 186.54563044516172 398.0723668037507 241.3184021284675 -1 -1 -1 -1 -1 -1 -1 -1 1 
144 49 Car -1.000000 -1 -1 211.89714798752792 189.09136524661548 344.4678875180142 277.5023929671678 -1 -1 -1 -1 -1 -1 -1 -1 1 
144 39 Car -1.000000 -1 -1 764.7842015609024 191.93662722597855 1076.4590899599234 367.19788378473515 -1 -1 -1 -1 -1 -1 -1 -1 1 
144 25 Car -1.000000 -1 -1 566.0607892201724 177.57007358350302 644.2998185139504 236.1722963665885 -1 -1 -1 -1 -1 -1 -1 -1 1 
144 15 Car -1.000000 -1 -1 -5.074679546522788 209.47400358505107 253.07517081926724 354.2668614291704 -1 -1 -1 -1 -1 -1 -1 -1 1 
145 59 Car -1.000000 -1 -1 635.7540517021566 174.21287406419623 779.9306235420129 278.3814830899185 -1 -1 -1 -1 -1 -1 -1 -1 1 
145 57 Car -1.000000 -1 -1 338.8076148844629 186.18329380896563 403.1619771892875 241.92249750051081 -1 -1 -1 -1 -1 -1 -1 -1 1 
145 49 Car -1.000000 -1 -1 211.56444898940617 188.4669250331417 343.72531608028146 281.48941644613325 -1 -1 -1 -1 -1 -1 -1 -1 1 
145 39 Car -1.000000 -1 -1 794.0236767571884 189.80309275988924 1148.5145928377656 376.00078017010406 -1 -1 -1 -1 -1 -1 -1 -1 1 
145 25 Car -1.000000 -1 -1 570.0882592310245 176.9839045054541 645.9417904060497 234.89287818405788 -1 -1 -1 -1 -1 -1 -1 -1 1 
145 15 Car -1.000000 -1 -1 -9.587481919040329 206.81089370674388 252.41422476593596 359.24943264217245 -1 -1 -1 -1 -1 -1 -1 -1 1 
146 59 Car -1.000000 -1 -1 654.9408677654708 174.31826522513506 803.2057567380607 281.06240748792135 -1 -1 -1 -1 -1 -1 -1 -1 1 
146 57 Car -1.000000 -1 -1 339.08606620142825 185.475514653514 406.54428301362236 242.2160983668135 -1 -1 -1 -1 -1 -1 -1 -1 1 
146 49 Car -1.000000 -1 -1 206.8104781610048 187.35464590378925 341.8129864747558 285.20018399591413 -1 -1 -1 -1 -1 -1 -1 -1 1 
146 39 Car -1.000000 -1 -1 812.8087452473252 187.07856295206682 1198.172568762093 380.40594146689875 -1 -1 -1 -1 -1 -1 -1 -1 1 
146 15 Car -1.000000 -1 -1 -20.116627889557478 204.23163186667665 247.00692860800274 362.6530230775947 -1 -1 -1 -1 -1 -1 -1 -1 1 
147 63 Car -1.000000 -1 -1 606.8773622662325 177.97312147352758 687.9243513002928 237.40089230968195 -1 -1 -1 -1 -1 -1 -1 -1 1 
147 59 Car -1.000000 -1 -1 667.2373054799426 172.28921663060996 825.5650804387716 281.6989824244622 -1 -1 -1 -1 -1 -1 -1 -1 1 
147 57 Car -1.000000 -1 -1 339.2699430046519 184.47888143594784 410.94362192362775 242.8031079423245 -1 -1 -1 -1 -1 -1 -1 -1 1 
147 49 Car -1.000000 -1 -1 196.86682614563222 183.9809797687005 340.8585878490152 287.1278154863131 -1 -1 -1 -1 -1 -1 -1 -1 1 
147 39 Car -1.000000 -1 -1 819.599574843311 185.54890193121872 1229.4372079745349 382.40727631923045 -1 -1 -1 -1 -1 -1 -1 -1 1 
147 15 Car -1.000000 -1 -1 -23.709652744634667 203.08632114306806 240.0089362817587 364.92676511224965 -1 -1 -1 -1 -1 -1 -1 -1 1 
148 63 Car -1.000000 -1 -1 618.9491045872758 177.21904936131634 696.9198684175487 236.32149416956182 -1 -1 -1 -1 -1 -1 -1 -1 1 
148 59 Car -1.000000 -1 -1 671.3012309514731 170.03068759080605 843.34864431801 283.76020761741233 -1 -1 -1 -1 -1 -1 -1 -1 1 
148 57 Car -1.000000 -1 -1 338.08159942667476 184.3230459118047 411.4577840039093 242.65662985498486 -1 -1 -1 -1 -1 -1 -1 -1 1 
148 49 Car -1.000000 -1 -1 180.7424216081767 181.30905994965224 337.92640863200523 291.4558807135978 -1 -1 -1 -1 -1 -1 -1 -1 1 
148 39 Car -1.000000 -1 -1 831.0243515375137 183.67720047151988 1252.2391580505441 385.30611208591586 -1 -1 -1 -1 -1 -1 -1 -1 1 
148 15 Car -1.000000 -1 -1 -22.859234353706142 203.0290540231095 227.65208743824223 366.31912378804503 -1 -1 -1 -1 -1 -1 -1 -1 1 
149 63 Car -1.000000 -1 -1 623.5905180513469 177.06399171490278 697.2634702354214 237.32592503486154 -1 -1 -1 -1 -1 -1 -1 -1 1 
149 59 Car -1.000000 -1 -1 694.5924805681321 173.02598944176853 876.7467389271725 294.15917824986695 -1 -1 -1 -1 -1 -1 -1 -1 1 
149 57 Car -1.000000 -1 -1 349.5609069251777 183.26187748451267 422.7532443266011 239.40728405835037 -1 -1 -1 -1 -1 -1 -1 -1 1 
149 49 Car -1.000000 -1 -1 164.20237748414047 179.62829630690217 336.751524486692 298.1720552830951 -1 -1 -1 -1 -1 -1 -1 -1 1 
149 39 Car -1.000000 -1 -1 860.0689667288029 194.32485424361982 1266.0012137325025 388.6259019122489 -1 -1 -1 -1 -1 -1 -1 -1 1 
149 15 Car -1.000000 -1 -1 -21.51304961229536 202.29396198196184 216.03102722619994 365.88422925158955 -1 -1 -1 -1 -1 -1 -1 -1 1 
150 68 Car -1.000000 -1 -1 598.0649963344591 169.58544978456547 628.3212739280808 200.90922429084242 -1 -1 -1 -1 -1 -1 -1 -1 1 
150 63 Car -1.000000 -1 -1 619.3674329687929 171.788243515971 689.4431835920411 225.76961515113211 -1 -1 -1 -1 -1 -1 -1 -1 1 
150 59 Car -1.000000 -1 -1 714.8743938246904 176.15098634836363 911.6736327615725 303.4878723088899 -1 -1 -1 -1 -1 -1 -1 -1 1 
150 57 Car -1.000000 -1 -1 354.84789860345813 183.8388001989641 428.2299120929006 239.5173552480242 -1 -1 -1 -1 -1 -1 -1 -1 1 
150 49 Car -1.000000 -1 -1 140.40598832748515 179.63143025383832 325.1115320032601 303.5278078967634 -1 -1 -1 -1 -1 -1 -1 -1 1 
150 39 Car -1.000000 -1 -1 900.9979506100244 212.56426526584758 1280.5718644499016 394.0231083604384 -1 -1 -1 -1 -1 -1 -1 -1 1 
150 15 Car -1.000000 -1 -1 -22.06619380974267 207.6082586173171 196.18757762356023 373.3574326365898 -1 -1 -1 -1 -1 -1 -1 -1 1 
151 69 Car -1.000000 -1 -1 652.6851732404308 177.4047963777404 742.8844207166184 247.7428214425883 -1 -1 -1 -1 -1 -1 -1 -1 1 
151 63 Car -1.000000 -1 -1 620.6617923120837 172.03913491574573 687.8164837729437 221.96102156037918 -1 -1 -1 -1 -1 -1 -1 -1 1 
151 59 Car -1.000000 -1 -1 733.0982425884156 180.26280098709123 944.7138627213908 319.29796817685013 -1 -1 -1 -1 -1 -1 -1 -1 1 
151 57 Car -1.000000 -1 -1 356.7784150243695 185.20917143537127 431.85876295677923 240.11871617714047 -1 -1 -1 -1 -1 -1 -1 -1 1 
151 49 Car -1.000000 -1 -1 111.17871667107984 180.73393235947918 318.5391694579131 314.4250762776905 -1 -1 -1 -1 -1 -1 -1 -1 1 
151 15 Car -1.000000 -1 -1 -27.46906684584836 211.39924991447032 168.03043296773052 375.6268828165366 -1 -1 -1 -1 -1 -1 -1 -1 1 
152 74 Car -1.000000 -1 -1 306.3215898454668 198.25686599017033 395.78263943329085 269.48091638045764 -1 -1 -1 -1 -1 -1 -1 -1 1 
152 73 Car -1.000000 -1 -1 615.2965758639052 176.21607468657126 652.8739763868207 209.0035776460655 -1 -1 -1 -1 -1 -1 -1 -1 1 
152 69 Car -1.000000 -1 -1 647.7543181589213 178.5497067773008 733.5662015203986 243.96720543550066 -1 -1 -1 -1 -1 -1 -1 -1 1 
152 59 Car -1.000000 -1 -1 754.6561969000893 184.76881678769524 984.3325743314938 337.67575575925895 -1 -1 -1 -1 -1 -1 -1 -1 1 
152 57 Car -1.000000 -1 -1 355.84297518095934 189.461867770569 432.20997549706954 245.52047105564534 -1 -1 -1 -1 -1 -1 -1 -1 1 
152 49 Car -1.000000 -1 -1 67.41788507585025 184.0632203154131 308.2283865578221 337.2754571169064 -1 -1 -1 -1 -1 -1 -1 -1 1 
152 15 Car -1.000000 -1 -1 -30.00910439396432 213.61166235967025 140.3824683489708 377.13628582429453 -1 -1 -1 -1 -1 -1 -1 -1 1 
153 74 Car -1.000000 -1 -1 295.9804691658714 200.12887755283361 391.8525147316513 276.37113036046594 -1 -1 -1 -1 -1 -1 -1 -1 1 
153 73 Car -1.000000 -1 -1 618.3766002970387 176.7341238640353 655.2100935278913 207.75299300503636 -1 -1 -1 -1 -1 -1 -1 -1 1 
153 69 Car -1.000000 -1 -1 650.6389842194743 180.40772444930465 730.1417961640778 240.31228556962483 -1 -1 -1 -1 -1 -1 -1 -1 1 
153 59 Car -1.000000 -1 -1 777.2788920705234 183.61595546641016 1038.4572152309158 357.99898444369876 -1 -1 -1 -1 -1 -1 -1 -1 1 
153 57 Car -1.000000 -1 -1 355.45259638704334 190.4520441103418 433.6960255654813 248.3701168580894 -1 -1 -1 -1 -1 -1 -1 -1 1 
153 49 Car -1.000000 -1 -1 31.329848756153808 184.08979231599025 300.48791514865866 348.08142272760415 -1 -1 -1 -1 -1 -1 -1 -1 1 
