0 5 Car -1.000000 -1 -1 936.885775825725 150.21322568197948 1053.0641452503892 201.17568381381435 -1 -1 -1 -1 -1 -1 -1 -1 1 
0 4 Car -1.000000 -1 -1 805.7306543913885 169.2934811939127 948.0277945074038 243.7240754504903 -1 -1 -1 -1 -1 -1 -1 -1 1 
0 3 Car -1.000000 -1 -1 1126.8154516861991 161.03179439400822 1238.032645198015 219.04508137287428 -1 -1 -1 -1 -1 -1 -1 -1 1 
0 2 Car -1.000000 -1 -1 66.54238146887377 183.78147778387824 266.2530141805227 246.01330312613686 -1 -1 -1 -1 -1 -1 -1 -1 1 
0 1 Car -1.000000 -1 -1 428.91736989181777 173.59554237471175 572.7929569265018 216.82600748653593 -1 -1 -1 -1 -1 -1 -1 -1 1 
1 5 Car -1.000000 -1 -1 944.9512526166546 145.2649688437587 1067.294643655661 197.4104841679811 -1 -1 -1 -1 -1 -1 -1 -1 1 
1 4 Car -1.000000 -1 -1 828.7433614148483 165.01667697829652 979.2249671391608 248.42198224348186 -1 -1 -1 -1 -1 -1 -1 -1 1 
1 3 Car -1.000000 -1 -1 1168.2795496744209 167.04938919723537 1244.783428063963 215.69930851498583 -1 -1 -1 -1 -1 -1 -1 -1 1 
1 2 Car -1.000000 -1 -1 7.9714966797509845 187.08322376419036 217.1430913463434 251.93131726446975 -1 -1 -1 -1 -1 -1 -1 -1 1 
1 1 Car -1.000000 -1 -1 400.62795808982696 173.31360633751655 548.8648680151605 219.9343707784115 -1 -1 -1 -1 -1 -1 -1 -1 1 
2 6 Car -1.000000 -1 -1 1195.6034265603296 145.41472997874595 1239.590752034663 212.86942707732894 -1 -1 -1 -1 -1 -1 -1 -1 1 
2 4 Car -1.000000 -1 -1 861.9054929302154 163.95438788895873 1016.6436569966486 246.22026344254672 -1 -1 -1 -1 -1 -1 -1 -1 1 
2 2 Car -1.000000 -1 -1 -13.570803092777595 188.29488312370705 167.29939139355957 249.49919149549476 -1 -1 -1 -1 -1 -1 -1 -1 1 
2 1 Car -1.000000 -1 -1 363.68732768661783 170.9516376058601 523.4966699220413 221.70384908957087 -1 -1 -1 -1 -1 -1 -1 -1 1 
3 4 Car -1.000000 -1 -1 887.5234459360182 161.90725655278695 1052.5849279701447 245.63718819985368 -1 -1 -1 -1 -1 -1 -1 -1 1 
3 2 Car -1.000000 -1 -1 -21.576831292238502 193.69437072432302 106.67410854941699 248.24431669203628 -1 -1 -1 -1 -1 -1 -1 -1 1 
3 1 Car -1.000000 -1 -1 317.92340499645786 168.55386732560362 495.72761827805414 223.30623555069513 -1 -1 -1 -1 -1 -1 -1 -1 1 
4 4 Car -1.000000 -1 -1 907.8248520421624 154.77553960643672 1070.3999910035873 240.96080428818885 -1 -1 -1 -1 -1 -1 -1 -1 1 
4 1 Car -1.000000 -1 -1 275.63571087152184 167.3943373831572 462.6426792898136 224.824760626207 -1 -1 -1 -1 -1 -1 -1 -1 1 
5 6 Car -1.000000 -1 -1 1189.6041484931325 139.11282780011487 1242.282179063262 197.7115229639444 -1 -1 -1 -1 -1 -1 -1 -1 1 
5 4 Car -1.000000 -1 -1 941.3546147367471 153.9137729107361 1115.7223027168393 242.42562664180878 -1 -1 -1 -1 -1 -1 -1 -1 1 
5 1 Car -1.000000 -1 -1 225.62806764764167 167.37426753249784 425.5607758776204 228.8186977605296 -1 -1 -1 -1 -1 -1 -1 -1 1 
6 6 Car -1.000000 -1 -1 1181.8377256477588 145.85327835828656 1238.9207238704075 202.27880319233873 -1 -1 -1 -1 -1 -1 -1 -1 1 
6 4 Car -1.000000 -1 -1 968.4894399130645 157.5511549515515 1155.5426701116464 245.39790709960658 -1 -1 -1 -1 -1 -1 -1 -1 1 
6 1 Car -1.000000 -1 -1 164.907990454804 169.17892164098345 388.34541871500176 235.06737022455962 -1 -1 -1 -1 -1 -1 -1 -1 1 
7 7 Car -1.000000 -1 -1 823.2471808016863 139.34402619633434 1006.8415154372927 204.80373987327468 -1 -1 -1 -1 -1 -1 -1 -1 1 
7 6 Car -1.000000 -1 -1 1175.8695285494089 151.5607369933641 1237.2440400672087 205.4174598010197 -1 -1 -1 -1 -1 -1 -1 -1 1 
7 4 Car -1.000000 -1 -1 1003.6518569129543 159.9893096875396 1197.4617916602162 248.053778235289 -1 -1 -1 -1 -1 -1 -1 -1 1 
7 1 Car -1.000000 -1 -1 91.34008568983708 170.45223124469638 336.2522478615414 241.34941629846 -1 -1 -1 -1 -1 -1 -1 -1 1 
8 7 Car -1.000000 -1 -1 798.5968123725352 142.29634650160432 982.3624013615956 209.9327944728505 -1 -1 -1 -1 -1 -1 -1 -1 1 
8 4 Car -1.000000 -1 -1 1029.0635013318683 160.42294308390137 1228.3865843901713 251.59042114707194 -1 -1 -1 -1 -1 -1 -1 -1 1 
8 1 Car -1.000000 -1 -1 12.37794188493308 173.66961392995694 278.0419052616425 250.9802926800624 -1 -1 -1 -1 -1 -1 -1 -1 1 
9 7 Car -1.000000 -1 -1 774.0905949747523 145.03034174836537 957.8370399564283 212.91702109158106 -1 -1 -1 -1 -1 -1 -1 -1 1 
9 4 Car -1.000000 -1 -1 1049.8820315481653 161.60516100440836 1243.4403625771279 252.8288726047107 -1 -1 -1 -1 -1 -1 -1 -1 1 
9 1 Car -1.000000 -1 -1 -29.016187285484747 175.70554139442424 232.28544675817813 258.4046866921712 -1 -1 -1 -1 -1 -1 -1 -1 1 
10 7 Car -1.000000 -1 -1 740.2614421499487 146.84387625460855 923.7988669246218 216.72909397692618 -1 -1 -1 -1 -1 -1 -1 -1 1 
10 4 Car -1.000000 -1 -1 1067.559272033869 160.49904447784724 1251.0393023842553 252.92103720500262 -1 -1 -1 -1 -1 -1 -1 -1 1 
10 1 Car -1.000000 -1 -1 -53.040683428681206 177.07118155540314 173.3935182189031 261.6369496643305 -1 -1 -1 -1 -1 -1 -1 -1 1 
11 7 Car -1.000000 -1 -1 706.5031628425857 148.63502089139263 893.4692756405173 219.9927210300524 -1 -1 -1 -1 -1 -1 -1 -1 1 
11 4 Car -1.000000 -1 -1 1085.5636356840328 159.70628404286288 1259.7896061270499 254.17870644768112 -1 -1 -1 -1 -1 -1 -1 -1 1 
12 7 Car -1.000000 -1 -1 667.89029779738 151.4399118943897 858.1483912094644 225.1714527760344 -1 -1 -1 -1 -1 -1 -1 -1 1 
12 4 Car -1.000000 -1 -1 1103.5243716547632 164.7331972399759 1264.7372960252894 258.6408243375591 -1 -1 -1 -1 -1 -1 -1 -1 1 
13 7 Car -1.000000 -1 -1 622.3089289545669 155.0018411068437 818.4557695071826 231.35942032898924 -1 -1 -1 -1 -1 -1 -1 -1 1 
13 4 Car -1.000000 -1 -1 1116.8944910431453 167.45118640399815 1265.9338813095949 259.59967755754263 -1 -1 -1 -1 -1 -1 -1 -1 1 
14 7 Car -1.000000 -1 -1 570.3276982967717 161.27393605075764 773.2200995637833 240.33726207199453 -1 -1 -1 -1 -1 -1 -1 -1 1 
14 4 Car -1.000000 -1 -1 1129.144875842684 171.32660838275916 1265.3176679698718 263.2777464200321 -1 -1 -1 -1 -1 -1 -1 -1 1 
15 9 Car -1.000000 -1 -1 938.7319275495068 171.67977392790277 1082.3962516372058 229.158042678554 -1 -1 -1 -1 -1 -1 -1 -1 1 
15 7 Car -1.000000 -1 -1 514.5259787421016 163.15959297901162 724.3698510752388 245.60696189564123 -1 -1 -1 -1 -1 -1 -1 -1 1 
15 4 Car -1.000000 -1 -1 1136.2584990607602 173.3906380203483 1263.297002787237 264.75860091277593 -1 -1 -1 -1 -1 -1 -1 -1 1 
16 9 Car -1.000000 -1 -1 896.6220994379881 172.70220248691317 1042.078699361367 230.00936827188247 -1 -1 -1 -1 -1 -1 -1 -1 1 
16 7 Car -1.000000 -1 -1 452.4314984114299 157.60511643963042 674.6088766053451 247.24122457205397 -1 -1 -1 -1 -1 -1 -1 -1 1 
16 4 Car -1.000000 -1 -1 1138.9614812870454 175.949012265446 1259.0543231208726 266.2353638705536 -1 -1 -1 -1 -1 -1 -1 -1 1 
17 9 Car -1.000000 -1 -1 854.1237827708978 176.47727914086653 997.9675545128546 232.8708273138207 -1 -1 -1 -1 -1 -1 -1 -1 1 
17 7 Car -1.000000 -1 -1 387.4477249797555 167.46613131272434 619.9939906989664 259.0302775176134 -1 -1 -1 -1 -1 -1 -1 -1 1 
17 4 Car -1.000000 -1 -1 1140.6541467562015 178.77994420287095 1254.8502015304257 267.29196806457026 -1 -1 -1 -1 -1 -1 -1 -1 1 
18 9 Car -1.000000 -1 -1 807.3700850622664 178.53658685285276 954.124741450656 235.78312533678005 -1 -1 -1 -1 -1 -1 -1 -1 1 
18 7 Car -1.000000 -1 -1 323.5818379774172 165.34931692408213 568.8895099471983 263.2926084194329 -1 -1 -1 -1 -1 -1 -1 -1 1 
18 4 Car -1.000000 -1 -1 1140.4257540029714 180.81990558026436 1250.8976066632529 267.8937129800616 -1 -1 -1 -1 -1 -1 -1 -1 1 
19 9 Car -1.000000 -1 -1 760.6712720492101 180.07610604034153 911.7787245821346 238.06310380350442 -1 -1 -1 -1 -1 -1 -1 -1 1 
19 7 Car -1.000000 -1 -1 236.29169473209896 165.37174504050995 505.6692310700957 272.49203935298425 -1 -1 -1 -1 -1 -1 -1 -1 1 
19 4 Car -1.000000 -1 -1 1138.7194351410974 179.93239855397118 1248.2225637154668 265.5841791304915 -1 -1 -1 -1 -1 -1 -1 -1 1 
20 10 Car -1.000000 -1 -1 945.2978438650006 181.5557109110273 1052.962783307726 224.77083378393036 -1 -1 -1 -1 -1 -1 -1 -1 1 
20 9 Car -1.000000 -1 -1 714.0241422138819 180.4790780618335 870.2536451808502 239.40395333794476 -1 -1 -1 -1 -1 -1 -1 -1 1 
20 7 Car -1.000000 -1 -1 125.4770301154328 163.18474171424597 427.0782471308 284.5679058591696 -1 -1 -1 -1 -1 -1 -1 -1 1 
20 4 Car -1.000000 -1 -1 1132.7945243075185 178.11467262712753 1245.008537580891 262.96101752352945 -1 -1 -1 -1 -1 -1 -1 -1 1 
21 10 Car -1.000000 -1 -1 914.2294500855452 179.47709750206081 1016.1693741983869 222.69842281931693 -1 -1 -1 -1 -1 -1 -1 -1 1 
21 9 Car -1.000000 -1 -1 667.6143158497553 181.5163496414941 827.803203378523 242.16511462217088 -1 -1 -1 -1 -1 -1 -1 -1 1 
21 7 Car -1.000000 -1 -1 27.308292184031245 168.03272813744897 350.35817210827986 300.9544096432402 -1 -1 -1 -1 -1 -1 -1 -1 1 
21 4 Car -1.000000 -1 -1 1122.8583684733624 177.3343238120235 1238.0648235257156 261.2400626802994 -1 -1 -1 -1 -1 -1 -1 -1 1 
22 10 Car -1.000000 -1 -1 875.2777280832836 181.21383017082132 977.8104853162163 224.9524671664442 -1 -1 -1 -1 -1 -1 -1 -1 1 
22 9 Car -1.000000 -1 -1 618.9680895954062 184.23822936707015 783.8351406610797 248.117293516015 -1 -1 -1 -1 -1 -1 -1 -1 1 
22 7 Car -1.000000 -1 -1 -26.376271031547162 169.51045737142022 271.6228103053947 308.4358689741482 -1 -1 -1 -1 -1 -1 -1 -1 1 
22 4 Car -1.000000 -1 -1 1108.1935228862028 178.19980207876458 1223.680735228572 259.5538368198929 -1 -1 -1 -1 -1 -1 -1 -1 1 
23 11 Car -1.000000 -1 -1 968.1922989131615 182.97586968111878 1042.8428916419796 214.91262836729132 -1 -1 -1 -1 -1 -1 -1 -1 1 
23 10 Car -1.000000 -1 -1 832.8816194952341 182.3122562233591 940.4319989055074 227.55192509762168 -1 -1 -1 -1 -1 -1 -1 -1 1 
23 9 Car -1.000000 -1 -1 566.9769219088687 185.1459001225983 737.7666308614946 252.7570556146554 -1 -1 -1 -1 -1 -1 -1 -1 1 
23 7 Car -1.000000 -1 -1 -64.97536549356079 166.89315846134187 186.9049364476827 313.9742854101826 -1 -1 -1 -1 -1 -1 -1 -1 1 
23 4 Car -1.000000 -1 -1 1088.014302886601 179.79833488131226 1203.6499206030148 258.1124031224083 -1 -1 -1 -1 -1 -1 -1 -1 1 
24 11 Car -1.000000 -1 -1 930.6365856382603 187.0103989385103 1002.7178669191202 218.87670017561638 -1 -1 -1 -1 -1 -1 -1 -1 1 
24 10 Car -1.000000 -1 -1 792.9413443197819 184.8975563621331 900.8364955512073 230.59735790039534 -1 -1 -1 -1 -1 -1 -1 -1 1 
24 9 Car -1.000000 -1 -1 504.3113811187842 185.88693246931254 689.4424883438579 260.1816171257468 -1 -1 -1 -1 -1 -1 -1 -1 1 
24 4 Car -1.000000 -1 -1 1069.1071211134508 184.1939581543931 1183.4356533543737 258.1716796832287 -1 -1 -1 -1 -1 -1 -1 -1 1 
25 11 Car -1.000000 -1 -1 891.1954564228464 188.0767319345777 964.9661415285995 221.45522188477298 -1 -1 -1 -1 -1 -1 -1 -1 1 
25 10 Car -1.000000 -1 -1 751.8090553418132 186.51039562433087 860.5546818337415 233.35303575918587 -1 -1 -1 -1 -1 -1 -1 -1 1 
25 9 Car -1.000000 -1 -1 433.47833870781176 186.147461573093 629.7437932499571 267.7015038625989 -1 -1 -1 -1 -1 -1 -1 -1 1 
25 4 Car -1.000000 -1 -1 1042.9527863131868 186.12927230753792 1155.7786163580565 257.09590517218516 -1 -1 -1 -1 -1 -1 -1 -1 1 
26 11 Car -1.000000 -1 -1 855.7348044080638 185.7489497078398 926.813205499604 219.0978258667726 -1 -1 -1 -1 -1 -1 -1 -1 1 
26 10 Car -1.000000 -1 -1 709.7237134327592 185.59933969771998 816.4188936808845 233.14580010566345 -1 -1 -1 -1 -1 -1 -1 -1 1 
26 9 Car -1.000000 -1 -1 356.69602457341864 186.86153921210234 568.1440360977607 275.93320519216104 -1 -1 -1 -1 -1 -1 -1 -1 1 
26 4 Car -1.000000 -1 -1 1012.4076660345141 186.06734830354247 1119.3450379290334 254.57451107329962 -1 -1 -1 -1 -1 -1 -1 -1 1 
27 11 Car -1.000000 -1 -1 813.3727915276145 186.56846275949033 882.7463494256274 219.29441600145594 -1 -1 -1 -1 -1 -1 -1 -1 1 
27 10 Car -1.000000 -1 -1 668.5035661921828 184.78652621664818 775.9053217799161 234.22405357306914 -1 -1 -1 -1 -1 -1 -1 -1 1 
27 9 Car -1.000000 -1 -1 264.3441164083661 186.48289653362218 508.74812245923187 287.90256891075035 -1 -1 -1 -1 -1 -1 -1 -1 1 
27 4 Car -1.000000 -1 -1 984.6541401066096 185.2762977358077 1087.7625405391482 252.54278182892375 -1 -1 -1 -1 -1 -1 -1 -1 1 
28 11 Car -1.000000 -1 -1 772.7541247834461 187.6852217973704 841.211071023871 220.5123924828025 -1 -1 -1 -1 -1 -1 -1 -1 1 
28 10 Car -1.000000 -1 -1 620.290520907371 185.35573483118907 732.5684857888725 237.4681212793388 -1 -1 -1 -1 -1 -1 -1 -1 1 
28 9 Car -1.000000 -1 -1 137.98581388313062 186.46537432535118 421.1026103711264 299.59077175045445 -1 -1 -1 -1 -1 -1 -1 -1 1 
28 4 Car -1.000000 -1 -1 955.6258028406572 185.88110026520178 1050.6562580514412 250.60055159942095 -1 -1 -1 -1 -1 -1 -1 -1 1 
29 11 Car -1.000000 -1 -1 727.7615294475222 186.98032228162742 798.6305779737136 222.10704335535013 -1 -1 -1 -1 -1 -1 -1 -1 1 
29 10 Car -1.000000 -1 -1 566.9563643842827 185.58714513371405 689.4329724935857 242.0282595814807 -1 -1 -1 -1 -1 -1 -1 -1 1 
29 9 Car -1.000000 -1 -1 29.58085944155127 188.27674283318294 341.18121683661445 317.3687479949646 -1 -1 -1 -1 -1 -1 -1 -1 1 
29 4 Car -1.000000 -1 -1 928.3980832719964 184.80705970827205 1017.2104220468863 245.6138911518566 -1 -1 -1 -1 -1 -1 -1 -1 1 
30 11 Car -1.000000 -1 -1 688.3909922549567 186.7124503097948 758.2868108477962 221.98234748141306 -1 -1 -1 -1 -1 -1 -1 -1 1 
30 10 Car -1.000000 -1 -1 508.71704356703185 186.86947052821253 637.4444331782163 246.41766006003544 -1 -1 -1 -1 -1 -1 -1 -1 1 
30 9 Car -1.000000 -1 -1 -35.853552162665636 187.81636208001171 253.61296963665174 322.20302616245806 -1 -1 -1 -1 -1 -1 -1 -1 1 
30 4 Car -1.000000 -1 -1 896.1620034481746 184.74005078478976 978.0227122144192 242.50565423388602 -1 -1 -1 -1 -1 -1 -1 -1 1 
31 11 Car -1.000000 -1 -1 649.3253133789755 184.32593077132248 717.2900995657716 219.82876257265843 -1 -1 -1 -1 -1 -1 -1 -1 1 
31 10 Car -1.000000 -1 -1 446.73603081287496 186.48635012441082 586.9028093238794 249.63693636724685 -1 -1 -1 -1 -1 -1 -1 -1 1 
31 4 Car -1.000000 -1 -1 859.7464912470662 183.67479320480294 937.9095136131705 240.11123099967665 -1 -1 -1 -1 -1 -1 -1 -1 1 
32 11 Car -1.000000 -1 -1 606.8426404025629 185.83056799061455 678.839332039285 221.81270226241497 -1 -1 -1 -1 -1 -1 -1 -1 1 
32 10 Car -1.000000 -1 -1 380.7076097974415 186.1066168622971 531.818909125254 254.96624250572742 -1 -1 -1 -1 -1 -1 -1 -1 1 
33 11 Car -1.000000 -1 -1 563.3658890545959 185.94549061198245 638.119859325533 223.17226252512899 -1 -1 -1 -1 -1 -1 -1 -1 1 
33 10 Car -1.000000 -1 -1 298.5544058575601 185.87664598730112 467.3647931786185 263.183619891611 -1 -1 -1 -1 -1 -1 -1 -1 1 
34 11 Car -1.000000 -1 -1 517.4399589742186 185.6712753856853 596.1503047977114 223.3968171315276 -1 -1 -1 -1 -1 -1 -1 -1 1 
34 10 Car -1.000000 -1 -1 200.97964532748156 187.75118559035184 394.8759814306063 276.0562333512549 -1 -1 -1 -1 -1 -1 -1 -1 1 
35 11 Car -1.000000 -1 -1 470.65084982481955 186.08727582567948 553.1704789258158 224.3488731386394 -1 -1 -1 -1 -1 -1 -1 -1 1 
35 10 Car -1.000000 -1 -1 82.08337057301907 191.39362688117538 315.24892562972866 292.4831370452107 -1 -1 -1 -1 -1 -1 -1 -1 1 
36 11 Car -1.000000 -1 -1 424.90916789526574 185.84645499061776 513.0217383345921 226.2439091826592 -1 -1 -1 -1 -1 -1 -1 -1 1 
36 10 Car -1.000000 -1 -1 6.830634981957957 194.75708342639663 244.02838529006908 306.28397181941057 -1 -1 -1 -1 -1 -1 -1 -1 1 
37 11 Car -1.000000 -1 -1 377.7798724341286 186.5270910257046 473.09669653641924 229.8920292318309 -1 -1 -1 -1 -1 -1 -1 -1 1 
37 10 Car -1.000000 -1 -1 -40.06706030767363 196.6538420331013 169.57668642930412 313.67519051746103 -1 -1 -1 -1 -1 -1 -1 -1 1 
38 11 Car -1.000000 -1 -1 327.93781525644954 187.64985158678468 433.41949171066653 234.48209681829582 -1 -1 -1 -1 -1 -1 -1 -1 1 
39 11 Car -1.000000 -1 -1 283.6442044806862 190.10154138784196 400.81331143760815 242.59389404392903 -1 -1 -1 -1 -1 -1 -1 -1 1 
40 11 Car -1.000000 -1 -1 236.61568870342484 190.90422320311347 364.40280785204635 247.51312433249439 -1 -1 -1 -1 -1 -1 -1 -1 1 
41 11 Car -1.000000 -1 -1 185.95371658178675 191.43242417272978 331.00589033288367 255.26519963588652 -1 -1 -1 -1 -1 -1 -1 -1 1 
42 45 Car -1.000000 -1 -1 343.3268238286849 184.38317674222924 416.9638997855106 228.57095579696505 -1 -1 -1 -1 -1 -1 -1 -1 1 
42 11 Car -1.000000 -1 -1 130.17245187548454 194.23756703867392 294.7439027132142 265.2898229235069 -1 -1 -1 -1 -1 -1 -1 -1 1 
43 45 Car -1.000000 -1 -1 326.8320600076295 185.22008350802736 406.15037029557425 232.00575732842873 -1 -1 -1 -1 -1 -1 -1 -1 1 
43 11 Car -1.000000 -1 -1 63.04893554240718 197.58669685052257 259.18006951375503 276.4986365196129 -1 -1 -1 -1 -1 -1 -1 -1 1 
44 49 Car -1.000000 -1 -1 563.4358222703061 183.5106352707773 615.3930461492009 224.13725236498686 -1 -1 -1 -1 -1 -1 -1 -1 1 
44 48 Car -1.000000 -1 -1 386.2068217531724 185.08857499622346 436.6815196403158 221.50454117686044 -1 -1 -1 -1 -1 -1 -1 -1 1 
44 45 Car -1.000000 -1 -1 305.5419307325602 187.74467992582012 386.6965322284751 236.29624648239385 -1 -1 -1 -1 -1 -1 -1 -1 1 
44 11 Car -1.000000 -1 -1 14.234799635734817 201.0012212014499 227.56680582051263 289.5841495819925 -1 -1 -1 -1 -1 -1 -1 -1 1 
45 49 Car -1.000000 -1 -1 560.914827903866 183.6632128087128 613.099309245314 224.21339458010638 -1 -1 -1 -1 -1 -1 -1 -1 1 
45 48 Car -1.000000 -1 -1 373.0260609640061 186.67987503578496 426.16228938578786 224.66218800386702 -1 -1 -1 -1 -1 -1 -1 -1 1 
45 45 Car -1.000000 -1 -1 275.77224248825746 190.61668229444248 366.5320651706021 242.84357904252298 -1 -1 -1 -1 -1 -1 -1 -1 1 
45 11 Car -1.000000 -1 -1 -15.769528546065487 208.70339414501603 198.89210708405898 307.7642130127437 -1 -1 -1 -1 -1 -1 -1 -1 1 
46 48 Car -1.000000 -1 -1 361.6773013044558 186.8851661876641 417.1277545866185 226.4869072904792 -1 -1 -1 -1 -1 -1 -1 -1 1 
46 45 Car -1.000000 -1 -1 250.03233666987018 191.57168767602465 353.2866476868084 247.25156879107064 -1 -1 -1 -1 -1 -1 -1 -1 1 
46 11 Car -1.000000 -1 -1 -36.364387933085254 213.09979893464796 159.4764056349733 318.70558214334477 -1 -1 -1 -1 -1 -1 -1 -1 1 
47 45 Car -1.000000 -1 -1 222.35845827653796 192.21530778534267 338.0954184969271 251.85007212664058 -1 -1 -1 -1 -1 -1 -1 -1 1 
48 45 Car -1.000000 -1 -1 194.59498611758684 194.26807010087072 320.43228811681433 256.34870607841066 -1 -1 -1 -1 -1 -1 -1 -1 1 
49 45 Car -1.000000 -1 -1 148.95429633377344 196.45219204406834 293.0790651365852 264.9658549135294 -1 -1 -1 -1 -1 -1 -1 -1 1 
50 51 Car -1.000000 -1 -1 441.657384087396 186.52499641563463 478.72057421466326 209.66380537307197 -1 -1 -1 -1 -1 -1 -1 -1 1 
50 48 Car -1.000000 -1 -1 305.8985848960584 184.10515976910045 389.18146950154085 238.6593236721227 -1 -1 -1 -1 -1 -1 -1 -1 1 
50 45 Car -1.000000 -1 -1 99.74272297008451 197.59855464745328 263.74579776734475 275.2442365571254 -1 -1 -1 -1 -1 -1 -1 -1 1 
51 51 Car -1.000000 -1 -1 440.8650326141704 187.82458708923883 478.5868370161176 210.32695991520922 -1 -1 -1 -1 -1 -1 -1 -1 1 
51 48 Car -1.000000 -1 -1 283.4039987449737 187.82415106368006 377.6682396475994 244.7514485452084 -1 -1 -1 -1 -1 -1 -1 -1 1 
51 45 Car -1.000000 -1 -1 38.26800929108583 201.02663854593445 230.02508709315669 290.1224349695433 -1 -1 -1 -1 -1 -1 -1 -1 1 
52 48 Car -1.000000 -1 -1 261.62886600747515 190.66690281532019 362.1636006055219 248.92267486764027 -1 -1 -1 -1 -1 -1 -1 -1 1 
52 45 Car -1.000000 -1 -1 1.70904726752822 204.87289772876022 203.06615386440956 303.18720497203753 -1 -1 -1 -1 -1 -1 -1 -1 1 
53 48 Car -1.000000 -1 -1 232.8253333749172 192.58903758922347 340.4717769740195 253.83605700007584 -1 -1 -1 -1 -1 -1 -1 -1 1 
53 45 Car -1.000000 -1 -1 -22.75546780043409 209.61913949731763 167.6648007252482 316.42989458215504 -1 -1 -1 -1 -1 -1 -1 -1 1 
54 48 Car -1.000000 -1 -1 201.02699935096513 192.35784275064654 316.3445271593693 257.9427781696983 -1 -1 -1 -1 -1 -1 -1 -1 1 
54 45 Car -1.000000 -1 -1 -38.342779277015545 213.0243405005511 123.1519910229089 322.7297197839384 -1 -1 -1 -1 -1 -1 -1 -1 1 
55 48 Car -1.000000 -1 -1 156.42110444824164 194.46848514111645 292.40066764251117 266.59719520509316 -1 -1 -1 -1 -1 -1 -1 -1 1 
56 54 Car -1.000000 -1 -1 567.859201588454 180.42381318474278 609.3781740689649 217.4331633416417 -1 -1 -1 -1 -1 -1 -1 -1 1 
56 48 Car -1.000000 -1 -1 104.35754480005816 196.15464184659706 262.40660496235887 277.42865699528 -1 -1 -1 -1 -1 -1 -1 -1 1 
57 55 Car -1.000000 -1 -1 412.56185884052434 193.8044978475795 458.0496772747481 219.50355884421128 -1 -1 -1 -1 -1 -1 -1 -1 1 
57 48 Car -1.000000 -1 -1 41.38855566646684 199.59254968123045 229.31649094759467 292.74145161920524 -1 -1 -1 -1 -1 -1 -1 -1 1 
58 56 Car -1.000000 -1 -1 287.1591717149457 188.78685525954006 371.662200508546 246.42126883408434 -1 -1 -1 -1 -1 -1 -1 -1 1 
58 55 Car -1.000000 -1 -1 403.11781059505864 197.98358345093067 450.2874022864889 222.86973211155885 -1 -1 -1 -1 -1 -1 -1 -1 1 
58 48 Car -1.000000 -1 -1 4.579125310931289 206.58782740187783 205.5619048734004 310.96634905459064 -1 -1 -1 -1 -1 -1 -1 -1 1 
59 56 Car -1.000000 -1 -1 263.90705031278935 189.0880672081202 356.5223156218732 249.38348920461476 -1 -1 -1 -1 -1 -1 -1 -1 1 
59 55 Car -1.000000 -1 -1 397.22902706065895 194.11928674120458 448.9027329148106 222.34385581353558 -1 -1 -1 -1 -1 -1 -1 -1 1 
59 48 Car -1.000000 -1 -1 -20.406588724899464 208.41438435612173 167.77712231806936 322.0458773343267 -1 -1 -1 -1 -1 -1 -1 -1 1 
60 56 Car -1.000000 -1 -1 232.3732957346063 188.3198307590854 336.4605821324753 252.84652156529802 -1 -1 -1 -1 -1 -1 -1 -1 1 
60 55 Car -1.000000 -1 -1 390.51421849155054 191.98504291439448 444.30073406185545 221.7439808565163 -1 -1 -1 -1 -1 -1 -1 -1 1 
60 54 Car -1.000000 -1 -1 572.1203933714108 182.39651053603188 609.8178500110909 217.72622443254033 -1 -1 -1 -1 -1 -1 -1 -1 1 
60 48 Car -1.000000 -1 -1 -38.84332820990809 209.50632915496254 115.97052953984067 324.6679354648838 -1 -1 -1 -1 -1 -1 -1 -1 1 
61 56 Car -1.000000 -1 -1 202.379105236753 187.626707718996 318.32777234486326 255.6435325419588 -1 -1 -1 -1 -1 -1 -1 -1 1 
61 55 Car -1.000000 -1 -1 385.2277596759871 191.35565849624658 439.48037153147453 221.88900401269768 -1 -1 -1 -1 -1 -1 -1 -1 1 
61 54 Car -1.000000 -1 -1 573.4752709847296 181.0534241778053 610.6062946376703 216.21227127609944 -1 -1 -1 -1 -1 -1 -1 -1 1 
62 56 Car -1.000000 -1 -1 164.17623799106792 185.7024089342899 299.9713057151451 262.74318497306155 -1 -1 -1 -1 -1 -1 -1 -1 1 
62 55 Car -1.000000 -1 -1 372.9455104432325 189.3341186690597 433.05470113252943 222.79420475382915 -1 -1 -1 -1 -1 -1 -1 -1 1 
62 54 Car -1.000000 -1 -1 578.5720355082544 179.73542193770675 616.521722227922 214.76891570215048 -1 -1 -1 -1 -1 -1 -1 -1 1 
63 56 Car -1.000000 -1 -1 111.64796471723739 186.96762215258985 273.3131495774679 274.455413410086 -1 -1 -1 -1 -1 -1 -1 -1 1 
63 55 Car -1.000000 -1 -1 364.0463941073885 187.66500623301008 426.24239570072456 223.50760675553684 -1 -1 -1 -1 -1 -1 -1 -1 1 
63 54 Car -1.000000 -1 -1 575.9667581853361 179.40366759153014 615.2766894098862 213.6776868974533 -1 -1 -1 -1 -1 -1 -1 -1 1 
64 56 Car -1.000000 -1 -1 47.28563936851015 187.8836375914935 235.75564421190222 287.25572752253134 -1 -1 -1 -1 -1 -1 -1 -1 1 
65 56 Car -1.000000 -1 -1 0.6416374434379151 194.13095262294866 197.3826172675884 303.7225139977592 -1 -1 -1 -1 -1 -1 -1 -1 1 
66 56 Car -1.000000 -1 -1 -22.803867860433087 202.81207150040308 165.12023535900897 323.1466124076334 -1 -1 -1 -1 -1 -1 -1 -1 1 
67 56 Car -1.000000 -1 -1 -41.379270769443764 207.24583733269708 112.22578589361015 327.53589994351876 -1 -1 -1 -1 -1 -1 -1 -1 1 
67 55 Car -1.000000 -1 -1 303.2862160732277 194.74094416968924 397.6872869837189 240.0670256358221 -1 -1 -1 -1 -1 -1 -1 -1 1 
68 55 Car -1.000000 -1 -1 280.0278606435805 190.35747150751786 387.3241342551377 240.17036649487636 -1 -1 -1 -1 -1 -1 -1 -1 1 
69 60 Car -1.000000 -1 -1 509.3812208169845 170.95306949091704 527.5909853777935 178.61602321322604 -1 -1 -1 -1 -1 -1 -1 -1 1 
69 55 Car -1.000000 -1 -1 256.01581120773426 186.741948963938 370.4816523432537 240.8929921059853 -1 -1 -1 -1 -1 -1 -1 -1 1 
72 58 Car -1.000000 -1 -1 586.9177350779107 179.9559652806721 624.6759597797352 210.1793932180566 -1 -1 -1 -1 -1 -1 -1 -1 1 
73 58 Car -1.000000 -1 -1 585.316035067935 181.6757914079147 623.3916347050135 211.61424218001054 -1 -1 -1 -1 -1 -1 -1 -1 1 
74 58 Car -1.000000 -1 -1 586.245781634289 180.08550172273402 623.1517510673145 209.04093162678618 -1 -1 -1 -1 -1 -1 -1 -1 1 
75 63 Car -1.000000 -1 -1 510.73962896632946 179.1566482506063 526.1252298450374 185.831334774986 -1 -1 -1 -1 -1 -1 -1 -1 1 
75 62 Car -1.000000 -1 -1 -29.75063586430106 211.34128599369353 187.5015036621112 327.88707063112395 -1 -1 -1 -1 -1 -1 -1 -1 1 
75 58 Car -1.000000 -1 -1 586.664575057198 178.76045280962828 622.0863563745569 206.44515152609014 -1 -1 -1 -1 -1 -1 -1 -1 1 
80 63 Car -1.000000 -1 -1 506.1554233755681 177.71316649380992 522.2689875607089 185.15450968463261 -1 -1 -1 -1 -1 -1 -1 -1 1 
81 66 Car -1.000000 -1 -1 418.2414405330566 162.6404928018194 466.1315944087775 190.81110549036833 -1 -1 -1 -1 -1 -1 -1 -1 1 
123 72 Car -1.000000 -1 -1 381.23703755956126 176.46902948453527 444.69649445886853 211.49933096079343 -1 -1 -1 -1 -1 -1 -1 -1 1 
124 72 Car -1.000000 -1 -1 363.6201429123351 171.43600081133755 435.0540353986475 213.49359388560916 -1 -1 -1 -1 -1 -1 -1 -1 1 
125 72 Car -1.000000 -1 -1 342.5399157609322 174.37379259293243 420.9667249292063 220.29028575248338 -1 -1 -1 -1 -1 -1 -1 -1 1 
127 72 Car -1.000000 -1 -1 291.2193827794218 176.1724982264522 386.57755357462264 231.99068376120272 -1 -1 -1 -1 -1 -1 -1 -1 1 
128 72 Car -1.000000 -1 -1 236.52054260346975 174.02050358322725 361.5874713288521 245.15827390045848 -1 -1 -1 -1 -1 -1 -1 -1 1 
129 72 Car -1.000000 -1 -1 164.7236328575982 169.3377708284956 324.77169671050456 257.29988816428926 -1 -1 -1 -1 -1 -1 -1 -1 1 
130 72 Car -1.000000 -1 -1 61.080503060887935 179.73709249954055 256.12391714834666 278.2757120807982 -1 -1 -1 -1 -1 -1 -1 -1 1 
131 72 Car -1.000000 -1 -1 -2.4030687086427633 190.02755974498575 196.38998186180527 302.4211503110093 -1 -1 -1 -1 -1 -1 -1 -1 1 
132 75 Car -1.000000 -1 -1 422.4734797579952 165.0330977259158 469.7239156461647 203.6503914017601 -1 -1 -1 -1 -1 -1 -1 -1 1 
132 74 Car -1.000000 -1 -1 503.6283235067852 178.77543390858685 522.6875666365825 188.9345880351784 -1 -1 -1 -1 -1 -1 -1 -1 1 
133 76 Car -1.000000 -1 -1 2.5643387855911897 161.9002626543778 201.05714278615093 270.76711523486915 -1 -1 -1 -1 -1 -1 -1 -1 1 
133 75 Car -1.000000 -1 -1 412.50124868975513 164.00291778789529 468.14629647365405 207.11482229033817 -1 -1 -1 -1 -1 -1 -1 -1 1 
134 76 Car -1.000000 -1 -1 -29.04361613218272 170.0195573201256 148.30898017136343 281.7423029429901 -1 -1 -1 -1 -1 -1 -1 -1 1 
137 75 Car -1.000000 -1 -1 330.4654951662644 168.46819204609267 413.86960695966434 225.81123411930713 -1 -1 -1 -1 -1 -1 -1 -1 1 
138 75 Car -1.000000 -1 -1 293.4995137333777 168.07457642280855 398.71595580075206 235.48052024884333 -1 -1 -1 -1 -1 -1 -1 -1 1 
139 75 Car -1.000000 -1 -1 252.8020927023196 166.72827718558648 379.05076754141163 245.81551498185746 -1 -1 -1 -1 -1 -1 -1 -1 1 
140 81 Car -1.000000 -1 -1 587.0330422824749 180.64692100106774 619.8948485010775 202.95100779162877 -1 -1 -1 -1 -1 -1 -1 -1 1 
140 80 Car -1.000000 -1 -1 502.04554177169496 185.73606918707213 521.4520287384329 196.82158903424033 -1 -1 -1 -1 -1 -1 -1 -1 1 
140 75 Car -1.000000 -1 -1 192.63955902495587 161.81879756916658 350.2136204988721 256.8181406117624 -1 -1 -1 -1 -1 -1 -1 -1 1 
141 81 Car -1.000000 -1 -1 587.2085045495247 180.5326303813137 620.3213531373498 203.18710514155475 -1 -1 -1 -1 -1 -1 -1 -1 1 
141 80 Car -1.000000 -1 -1 502.1158706108705 185.75104586589651 520.9363760225264 196.35504936387161 -1 -1 -1 -1 -1 -1 -1 -1 1 
141 75 Car -1.000000 -1 -1 102.96701517677872 160.7263448985872 305.5209848826953 272.76551651577574 -1 -1 -1 -1 -1 -1 -1 -1 1 
142 81 Car -1.000000 -1 -1 586.7887003915512 180.50906714573162 620.7134218803833 203.50781448986518 -1 -1 -1 -1 -1 -1 -1 -1 1 
142 75 Car -1.000000 -1 -1 20.044518467055198 158.13583054453062 252.0794630349946 290.5792887650947 -1 -1 -1 -1 -1 -1 -1 -1 1 
143 81 Car -1.000000 -1 -1 586.491687431095 179.06821187471624 620.7322968422188 202.3593709823683 -1 -1 -1 -1 -1 -1 -1 -1 1 
143 79 Car -1.000000 -1 -1 420.10966172704155 185.61909521957605 461.18492247487444 210.92027660681615 -1 -1 -1 -1 -1 -1 -1 -1 1 
143 75 Car -1.000000 -1 -1 -22.088650817447146 152.9214607701917 199.51803192872597 301.1299475327076 -1 -1 -1 -1 -1 -1 -1 -1 1 
144 81 Car -1.000000 -1 -1 586.2611007928843 176.9433015212857 620.766338269052 200.84384803844168 -1 -1 -1 -1 -1 -1 -1 -1 1 
144 79 Car -1.000000 -1 -1 409.3098074846228 183.4954544879856 455.64268479462993 210.53636647587948 -1 -1 -1 -1 -1 -1 -1 -1 1 
145 81 Car -1.000000 -1 -1 586.9421753303803 174.4119869033884 620.9921327069527 198.34338988044723 -1 -1 -1 -1 -1 -1 -1 -1 1 
145 79 Car -1.000000 -1 -1 395.04116169404006 182.4760627442506 444.2166234003814 211.03726648055766 -1 -1 -1 -1 -1 -1 -1 -1 1 
146 81 Car -1.000000 -1 -1 586.5938439666554 173.58534994389228 620.4969008812143 197.42815590927998 -1 -1 -1 -1 -1 -1 -1 -1 1 
146 79 Car -1.000000 -1 -1 375.52647322057084 183.25697272982018 427.5932982627133 213.69774189601463 -1 -1 -1 -1 -1 -1 -1 -1 1 
147 81 Car -1.000000 -1 -1 585.8343097343445 172.895907327142 620.0117035129736 196.84463023300455 -1 -1 -1 -1 -1 -1 -1 -1 1 
147 79 Car -1.000000 -1 -1 352.79912920943354 186.83689286500527 409.45987272271555 219.0187840542909 -1 -1 -1 -1 -1 -1 -1 -1 1 
148 79 Car -1.000000 -1 -1 329.1680414455652 187.95975217236773 399.6772642532485 224.4352215070418 -1 -1 -1 -1 -1 -1 -1 -1 1 
149 79 Car -1.000000 -1 -1 295.28504962613744 192.1753559609912 375.31215938998315 231.92493992162727 -1 -1 -1 -1 -1 -1 -1 -1 1 
150 79 Car -1.000000 -1 -1 250.847862417368 197.73926530412515 341.3715025643994 241.66277699545256 -1 -1 -1 -1 -1 -1 -1 -1 1 
151 85 Car -1.000000 -1 -1 415.90206228374524 185.20481734910226 459.37474608502015 211.9530907542627 -1 -1 -1 -1 -1 -1 -1 -1 1 
151 79 Car -1.000000 -1 -1 194.5506025579747 199.5866166001995 307.87183416549095 251.70880549589563 -1 -1 -1 -1 -1 -1 -1 -1 1 
152 85 Car -1.000000 -1 -1 400.0327784545536 184.22748299768836 443.8145648424574 211.30042123214486 -1 -1 -1 -1 -1 -1 -1 -1 1 
152 79 Car -1.000000 -1 -1 121.99666427927738 200.12811152296064 265.4453583823754 264.49427332316304 -1 -1 -1 -1 -1 -1 -1 -1 1 
153 85 Car -1.000000 -1 -1 383.9555972220731 181.92888130186327 434.82142565076964 212.04694324659437 -1 -1 -1 -1 -1 -1 -1 -1 1 
153 79 Car -1.000000 -1 -1 37.131825951725006 204.33845219462427 212.4312315623345 284.6227974013714 -1 -1 -1 -1 -1 -1 -1 -1 1 
154 85 Car -1.000000 -1 -1 365.24480933372666 181.11183429793596 421.59719210459315 214.20448929723227 -1 -1 -1 -1 -1 -1 -1 -1 1 
154 79 Car -1.000000 -1 -1 -11.814354430815627 208.88387807343366 147.8710600409201 296.1450168562365 -1 -1 -1 -1 -1 -1 -1 -1 1 
155 85 Car -1.000000 -1 -1 344.5817139543258 184.12067708688537 405.53507215677314 220.08416666872628 -1 -1 -1 -1 -1 -1 -1 -1 1 
156 85 Car -1.000000 -1 -1 319.2780736284865 187.21115757023844 387.19696653658673 227.2310679229636 -1 -1 -1 -1 -1 -1 -1 -1 1 
157 88 Car -1.000000 -1 -1 430.63795973469934 179.78758116354987 468.7732289107126 205.27729765523293 -1 -1 -1 -1 -1 -1 -1 -1 1 
157 85 Car -1.000000 -1 -1 285.61850397111414 191.34559667489935 361.8682202769504 234.76256237548318 -1 -1 -1 -1 -1 -1 -1 -1 1 
158 88 Car -1.000000 -1 -1 422.11743894827714 183.2130036081891 463.4125511610164 210.2423316481809 -1 -1 -1 -1 -1 -1 -1 -1 1 
158 85 Car -1.000000 -1 -1 240.89488575357984 196.0845257989931 336.9014584880256 247.8965234950381 -1 -1 -1 -1 -1 -1 -1 -1 1 
159 88 Car -1.000000 -1 -1 413.7137715429612 183.6347041158717 457.9150593912737 212.21017965845445 -1 -1 -1 -1 -1 -1 -1 -1 1 
159 85 Car -1.000000 -1 -1 181.33871797684844 199.35154135593984 301.51755364214375 260.8718421413321 -1 -1 -1 -1 -1 -1 -1 -1 1 
160 89 Car -1.000000 -1 -1 585.4283924918959 181.04800301373808 618.0418853982651 201.5469126071451 -1 -1 -1 -1 -1 -1 -1 -1 1 
160 88 Car -1.000000 -1 -1 402.61222321890665 182.84389176851354 448.3210224211144 213.26381200046498 -1 -1 -1 -1 -1 -1 -1 -1 1 
160 85 Car -1.000000 -1 -1 99.68619896828224 200.65371955714124 256.37780586715223 276.80900108259897 -1 -1 -1 -1 -1 -1 -1 -1 1 
161 88 Car -1.000000 -1 -1 389.50214798994165 181.24649260578298 439.9045043306524 214.2786938946017 -1 -1 -1 -1 -1 -1 -1 -1 1 
161 85 Car -1.000000 -1 -1 23.044516429176213 205.45082030495783 198.95421870442124 294.779578416891 -1 -1 -1 -1 -1 -1 -1 -1 1 
162 88 Car -1.000000 -1 -1 376.7117561488336 181.2525652702787 428.78276525681645 216.76831066753493 -1 -1 -1 -1 -1 -1 -1 -1 1 
162 85 Car -1.000000 -1 -1 -21.40756729019526 214.40458556979945 133.9699603922664 310.53048344192496 -1 -1 -1 -1 -1 -1 -1 -1 1 
163 88 Car -1.000000 -1 -1 360.4373793374462 184.64429014176437 416.78363264261003 221.96610994339676 -1 -1 -1 -1 -1 -1 -1 -1 1 
164 88 Car -1.000000 -1 -1 340.1783493897882 185.03151588299752 408.04757627496815 225.631562290804 -1 -1 -1 -1 -1 -1 -1 -1 1 
165 88 Car -1.000000 -1 -1 312.34143255214144 185.46636645164386 386.43480375697936 229.20065738298769 -1 -1 -1 -1 -1 -1 -1 -1 1 
166 88 Car -1.000000 -1 -1 280.3959722056517 185.47998414892768 364.8185448167694 233.61754802178385 -1 -1 -1 -1 -1 -1 -1 -1 1 
167 92 Car -1.000000 -1 -1 42.63583014052796 191.89446730070424 86.43838357591952 214.62828207438062 -1 -1 -1 -1 -1 -1 -1 -1 1 
167 88 Car -1.000000 -1 -1 237.57134939052747 188.14170309434272 337.11600435362146 242.8688862321359 -1 -1 -1 -1 -1 -1 -1 -1 1 
168 95 Car -1.000000 -1 -1 588.7904036191358 175.0222465941251 624.770946763344 198.3820937742308 -1 -1 -1 -1 -1 -1 -1 -1 1 
168 93 Car -1.000000 -1 -1 413.52515327873476 172.32031763381494 458.19156202204505 206.9186040564609 -1 -1 -1 -1 -1 -1 -1 -1 1 
168 92 Car -1.000000 -1 -1 28.327059229641506 189.8017723520351 74.19818587393827 212.29001018301793 -1 -1 -1 -1 -1 -1 -1 -1 1 
168 88 Car -1.000000 -1 -1 183.5979915194213 187.28409900655814 305.6523799613377 251.17814817601376 -1 -1 -1 -1 -1 -1 -1 -1 1 
169 93 Car -1.000000 -1 -1 400.46353700022814 171.0122824788067 449.77549517777334 206.97422236764197 -1 -1 -1 -1 -1 -1 -1 -1 1 
169 92 Car -1.000000 -1 -1 13.500725077084311 187.69605957285384 60.27378645737356 210.73672142054355 -1 -1 -1 -1 -1 -1 -1 -1 1 
170 96 Car -1.000000 -1 -1 537.9880495754152 172.41473573908294 575.7941044654668 196.18410368836604 -1 -1 -1 -1 -1 -1 -1 -1 1 
170 93 Car -1.000000 -1 -1 386.4202029246884 170.39539925442443 438.70561934646173 207.37027275581465 -1 -1 -1 -1 -1 -1 -1 -1 1 
171 93 Car -1.000000 -1 -1 373.9041844103635 169.74832668109906 429.8308867658033 209.0438969394727 -1 -1 -1 -1 -1 -1 -1 -1 1 
172 93 Car -1.000000 -1 -1 358.349708370643 171.193780213695 422.16389262713363 214.51450993620523 -1 -1 -1 -1 -1 -1 -1 -1 1 
173 93 Car -1.000000 -1 -1 346.04775844809143 172.1658071832573 421.28990454183867 220.26459171754857 -1 -1 -1 -1 -1 -1 -1 -1 1 
174 96 Car -1.000000 -1 -1 522.3801469650647 179.35097488813057 561.0149366330257 205.13038160638047 -1 -1 -1 -1 -1 -1 -1 -1 1 
174 93 Car -1.000000 -1 -1 321.09951269672985 173.12449877595665 404.17639916408206 223.70277243926282 -1 -1 -1 -1 -1 -1 -1 -1 1 
175 96 Car -1.000000 -1 -1 520.616643577661 178.3568626444206 559.180316255612 204.8549663019356 -1 -1 -1 -1 -1 -1 -1 -1 1 
175 93 Car -1.000000 -1 -1 294.6705335627271 172.05923322361508 390.22296798180344 227.10298825454856 -1 -1 -1 -1 -1 -1 -1 -1 1 
176 96 Car -1.000000 -1 -1 518.6211482537292 177.84836817070686 558.0418210328432 205.0771057104434 -1 -1 -1 -1 -1 -1 -1 -1 1 
176 93 Car -1.000000 -1 -1 256.37855798754373 170.4382050796766 363.93226636095784 230.44878303920757 -1 -1 -1 -1 -1 -1 -1 -1 1 
177 96 Car -1.000000 -1 -1 516.7384246688487 177.23214809071393 557.6632414278674 205.81476621843254 -1 -1 -1 -1 -1 -1 -1 -1 1 
177 93 Car -1.000000 -1 -1 217.62060365873256 172.83893192334008 335.8942440100267 238.05517475910918 -1 -1 -1 -1 -1 -1 -1 -1 1 
178 96 Car -1.000000 -1 -1 513.5313239367159 176.88730926564622 557.2877370752261 207.775981052653 -1 -1 -1 -1 -1 -1 -1 -1 1 
178 93 Car -1.000000 -1 -1 168.6284406324685 177.4029838778646 307.0906070105067 250.06732626486863 -1 -1 -1 -1 -1 -1 -1 -1 1 
179 101 Car -1.000000 -1 -1 403.0249345224047 182.77043781982113 447.6295520041083 209.61663772700987 -1 -1 -1 -1 -1 -1 -1 -1 1 
179 96 Car -1.000000 -1 -1 512.4980703877302 177.13267932894234 556.6109410038296 209.39439393731556 -1 -1 -1 -1 -1 -1 -1 -1 1 
179 93 Car -1.000000 -1 -1 101.90171127154376 176.29638634643888 266.12939355351284 261.2716805354003 -1 -1 -1 -1 -1 -1 -1 -1 1 
180 101 Car -1.000000 -1 -1 392.4932689894476 185.21667777043552 438.8087917357596 213.42052322405328 -1 -1 -1 -1 -1 -1 -1 -1 1 
180 96 Car -1.000000 -1 -1 507.87803994055685 179.73630461132942 553.4187767721653 213.2363334323634 -1 -1 -1 -1 -1 -1 -1 -1 1 
180 93 Car -1.000000 -1 -1 31.28970349601535 174.39044112498547 220.74669069470468 275.45369389264397 -1 -1 -1 -1 -1 -1 -1 -1 1 
181 101 Car -1.000000 -1 -1 378.16437036151797 189.71748000258117 425.9276032250534 219.9294474657388 -1 -1 -1 -1 -1 -1 -1 -1 1 
181 96 Car -1.000000 -1 -1 498.7408856630039 184.34920111658755 549.4943565298363 219.67297399017593 -1 -1 -1 -1 -1 -1 -1 -1 1 
181 93 Car -1.000000 -1 -1 -11.623449687410371 178.30982515384937 175.57937752703702 293.7160789364082 -1 -1 -1 -1 -1 -1 -1 -1 1 
182 101 Car -1.000000 -1 -1 360.9154128418475 193.50563540022753 413.76278230586826 226.3236617543827 -1 -1 -1 -1 -1 -1 -1 -1 1 
182 96 Car -1.000000 -1 -1 495.01400501174254 186.13158621970797 548.840575830776 224.15692704227115 -1 -1 -1 -1 -1 -1 -1 -1 1 
183 101 Car -1.000000 -1 -1 341.19123627531803 195.39015112517794 398.00244858644896 230.1884828530842 -1 -1 -1 -1 -1 -1 -1 -1 1 
183 96 Car -1.000000 -1 -1 491.87967942063335 190.29688009187697 546.5184113155793 228.65827099315425 -1 -1 -1 -1 -1 -1 -1 -1 1 
184 101 Car -1.000000 -1 -1 321.5916393637355 194.81932948955 382.58033563218663 232.1854525494785 -1 -1 -1 -1 -1 -1 -1 -1 1 
184 96 Car -1.000000 -1 -1 489.64128125299226 187.70593003357357 544.9327770999316 228.00283375947487 -1 -1 -1 -1 -1 -1 -1 -1 1 
185 101 Car -1.000000 -1 -1 298.7584328945132 195.12780096185048 366.5683322544841 234.43616804874642 -1 -1 -1 -1 -1 -1 -1 -1 1 
185 96 Car -1.000000 -1 -1 484.59038778376424 185.866815787222 542.6547054968016 227.8838920222265 -1 -1 -1 -1 -1 -1 -1 -1 1 
186 101 Car -1.000000 -1 -1 266.2677738485639 192.70648686446276 345.057107720941 237.11107312389748 -1 -1 -1 -1 -1 -1 -1 -1 1 
186 96 Car -1.000000 -1 -1 481.84827495353125 184.1098768271555 541.2370361781996 227.95296422837416 -1 -1 -1 -1 -1 -1 -1 -1 1 
187 101 Car -1.000000 -1 -1 225.68046800125785 192.8157807676719 320.9211155916689 243.81611387841085 -1 -1 -1 -1 -1 -1 -1 -1 1 
187 96 Car -1.000000 -1 -1 476.20440128733526 183.5824925855016 539.3139173298305 230.57353479291027 -1 -1 -1 -1 -1 -1 -1 -1 1 
188 101 Car -1.000000 -1 -1 169.15516513292897 195.08563636066296 288.50150577212855 253.65363274408205 -1 -1 -1 -1 -1 -1 -1 -1 1 
188 96 Car -1.000000 -1 -1 468.3206084883382 183.70796220373035 536.6425616776592 234.66797397297665 -1 -1 -1 -1 -1 -1 -1 -1 1 
189 103 Car -1.000000 -1 -1 320.21987520702595 187.54764089261562 373.87134323931747 220.15917469112793 -1 -1 -1 -1 -1 -1 -1 -1 1 
189 101 Car -1.000000 -1 -1 97.97879566176917 199.94901143042037 248.9503940421034 269.7725931118724 -1 -1 -1 -1 -1 -1 -1 -1 1 
189 96 Car -1.000000 -1 -1 459.4756098636256 183.41741249433494 532.5141690433065 238.0628387936339 -1 -1 -1 -1 -1 -1 -1 -1 1 
190 103 Car -1.000000 -1 -1 298.6234372324057 187.2761180893989 360.77621351107217 223.9775994688111 -1 -1 -1 -1 -1 -1 -1 -1 1 
190 101 Car -1.000000 -1 -1 24.471796043445806 204.92212075611607 191.23130324613808 286.48048087613574 -1 -1 -1 -1 -1 -1 -1 -1 1 
190 96 Car -1.000000 -1 -1 451.06514414099985 182.97999435000236 529.0224412869798 241.1136090453184 -1 -1 -1 -1 -1 -1 -1 -1 1 
191 103 Car -1.000000 -1 -1 271.8195420314593 186.37986079015462 337.92137584161134 225.24662749489323 -1 -1 -1 -1 -1 -1 -1 -1 1 
191 101 Car -1.000000 -1 -1 -14.574920643674503 208.1031653838665 143.25617811426713 297.26445728616574 -1 -1 -1 -1 -1 -1 -1 -1 1 
192 103 Car -1.000000 -1 -1 242.07167389891111 184.54279747582012 315.1610788188005 227.25180966783103 -1 -1 -1 -1 -1 -1 -1 -1 1 
193 103 Car -1.000000 -1 -1 198.13711019023685 185.72571639209303 285.1759196965459 234.4185759805062 -1 -1 -1 -1 -1 -1 -1 -1 1 
194 103 Car -1.000000 -1 -1 147.62849789620776 191.20160330267862 247.0721255907228 245.0242698122713 -1 -1 -1 -1 -1 -1 -1 -1 1 
195 103 Car -1.000000 -1 -1 85.35481090350208 195.7738690809434 209.04746840131662 255.62833890578153 -1 -1 -1 -1 -1 -1 -1 -1 1 
196 105 Car -1.000000 -1 -1 304.17400850550007 185.02829144565584 494.1663287059298 313.5547378411294 -1 -1 -1 -1 -1 -1 -1 -1 1 
196 103 Car -1.000000 -1 -1 23.169693301736984 201.06912742452445 165.35476821820913 271.9346417336487 -1 -1 -1 -1 -1 -1 -1 -1 1 
197 105 Car -1.000000 -1 -1 257.64348327057445 186.23564118066378 479.0683068320854 337.7378136295384 -1 -1 -1 -1 -1 -1 -1 -1 1 
197 103 Car -1.000000 -1 -1 -16.607470164947323 202.6883755287798 112.35699447175546 277.5515123655947 -1 -1 -1 -1 -1 -1 -1 -1 1 
198 105 Car -1.000000 -1 -1 189.27785494355928 180.41213694731016 463.68832923883167 365.0674915096747 -1 -1 -1 -1 -1 -1 -1 -1 1 
199 105 Car -1.000000 -1 -1 84.51492819990406 175.07120763007188 426.6770662929308 382.28175106519245 -1 -1 -1 -1 -1 -1 -1 -1 1 
200 105 Car -1.000000 -1 -1 18.615165877585127 173.36629382200672 404.6671196725849 389.67824518432667 -1 -1 -1 -1 -1 -1 -1 -1 1 
201 105 Car -1.000000 -1 -1 -24.033171109324172 174.61291587163572 371.1140611202891 390.84144919463944 -1 -1 -1 -1 -1 -1 -1 -1 1 
202 105 Car -1.000000 -1 -1 -47.82802772873379 174.36542375161724 336.92678055073134 387.99724833743284 -1 -1 -1 -1 -1 -1 -1 -1 1 
203 108 Car -1.000000 -1 -1 391.17631604161846 182.92290887102723 442.4615955954394 213.49629416975807 -1 -1 -1 -1 -1 -1 -1 -1 1 
204 108 Car -1.000000 -1 -1 373.66751658859636 185.36950908954702 431.64749243822945 219.99844099161925 -1 -1 -1 -1 -1 -1 -1 -1 1 
205 108 Car -1.000000 -1 -1 350.0583838975946 191.32014268570728 414.0045582923964 228.25276071209183 -1 -1 -1 -1 -1 -1 -1 -1 1 
206 108 Car -1.000000 -1 -1 326.26100156200977 192.00358273077953 402.24738089997385 234.6841315293738 -1 -1 -1 -1 -1 -1 -1 -1 1 
207 110 Car -1.000000 -1 -1 483.3591221361867 188.8409849533662 509.94773063975236 205.08598044896186 -1 -1 -1 -1 -1 -1 -1 -1 1 
207 108 Car -1.000000 -1 -1 290.09233020951694 196.49848302056802 373.1859933362214 240.21045698195582 -1 -1 -1 -1 -1 -1 -1 -1 1 
208 110 Car -1.000000 -1 -1 475.91762187298934 184.49455529494858 504.7067338769871 201.69464665924525 -1 -1 -1 -1 -1 -1 -1 -1 1 
208 108 Car -1.000000 -1 -1 245.25527457387966 197.3681690369839 337.45987259328604 244.86373071575912 -1 -1 -1 -1 -1 -1 -1 -1 1 
209 110 Car -1.000000 -1 -1 468.9172951702739 183.07092601103636 499.94918404530375 200.5980607096031 -1 -1 -1 -1 -1 -1 -1 -1 1 
209 108 Car -1.000000 -1 -1 195.7186159033215 204.2631876448938 306.7481282540132 255.16715394988043 -1 -1 -1 -1 -1 -1 -1 -1 1 
210 110 Car -1.000000 -1 -1 459.4225157670033 182.56729790745948 488.84428791326667 200.9664841240957 -1 -1 -1 -1 -1 -1 -1 -1 1 
210 108 Car -1.000000 -1 -1 126.65389340700578 202.1722375739641 268.643380604806 265.1506002791107 -1 -1 -1 -1 -1 -1 -1 -1 1 
211 110 Car -1.000000 -1 -1 449.27387561252283 181.76511054983584 482.00207453915186 202.19340804811006 -1 -1 -1 -1 -1 -1 -1 -1 1 
211 108 Car -1.000000 -1 -1 37.92376367442003 203.73425678499518 209.2735645916987 278.3794736081187 -1 -1 -1 -1 -1 -1 -1 -1 1 
212 113 Car -1.000000 -1 -1 99.94237192743765 187.03101270444728 227.56140009749106 251.61401971376176 -1 -1 -1 -1 -1 -1 -1 -1 1 
212 110 Car -1.000000 -1 -1 439.19775623728765 181.02427181375845 475.05827296280097 203.2217270146715 -1 -1 -1 -1 -1 -1 -1 -1 1 
212 108 Car -1.000000 -1 -1 -13.663647139993657 207.99905419376793 146.4877042101992 292.15226960445096 -1 -1 -1 -1 -1 -1 -1 -1 1 
213 113 Car -1.000000 -1 -1 11.907315768362693 189.69193652327237 175.64841488622966 271.8258503635889 -1 -1 -1 -1 -1 -1 -1 -1 1 
213 110 Car -1.000000 -1 -1 425.9164002488364 181.33020583393952 463.898427954753 204.7255154995502 -1 -1 -1 -1 -1 -1 -1 -1 1 
214 113 Car -1.000000 -1 -1 -28.093013600104705 194.49534071385145 110.36815098712933 275.8808734260705 -1 -1 -1 -1 -1 -1 -1 -1 1 
214 110 Car -1.000000 -1 -1 411.6244669505985 180.23951114941835 454.97559447249716 205.7945305223278 -1 -1 -1 -1 -1 -1 -1 -1 1 
215 110 Car -1.000000 -1 -1 395.4781517293761 181.76950954313799 442.94828897493903 209.40632009733667 -1 -1 -1 -1 -1 -1 -1 -1 1 
216 110 Car -1.000000 -1 -1 378.1751725342373 183.77075004556895 429.0621186079064 213.04341999993085 -1 -1 -1 -1 -1 -1 -1 -1 1 
217 110 Car -1.000000 -1 -1 355.99610314907306 186.9013335951902 412.231109183159 218.16321400497938 -1 -1 -1 -1 -1 -1 -1 -1 1 
218 110 Car -1.000000 -1 -1 330.6736305272003 188.1217083984201 392.1990977827163 221.43136727912187 -1 -1 -1 -1 -1 -1 -1 -1 1 
219 110 Car -1.000000 -1 -1 301.7975646738647 189.04288941209614 369.7723103159684 225.3195289619565 -1 -1 -1 -1 -1 -1 -1 -1 1 
220 110 Car -1.000000 -1 -1 257.10632345319993 189.08871945170367 336.4711268250262 228.58406379112066 -1 -1 -1 -1 -1 -1 -1 -1 1 
221 110 Car -1.000000 -1 -1 212.4343735396434 190.11765668826388 306.9889400395265 235.07980008475693 -1 -1 -1 -1 -1 -1 -1 -1 1 
232 118 Car -1.000000 -1 -1 381.9870236176377 184.9749157048462 423.395402209187 211.97143236816956 -1 -1 -1 -1 -1 -1 -1 -1 1 
233 118 Car -1.000000 -1 -1 367.8076307592754 184.78819951727417 413.25975882015223 213.0206952311026 -1 -1 -1 -1 -1 -1 -1 -1 1 
234 118 Car -1.000000 -1 -1 346.6836957121704 183.11525849874303 396.6143193825033 214.216545731691 -1 -1 -1 -1 -1 -1 -1 -1 1 
235 121 Car -1.000000 -1 -1 593.1281214175106 173.23751247827875 625.3156756329713 197.8077853085174 -1 -1 -1 -1 -1 -1 -1 -1 1 
235 118 Car -1.000000 -1 -1 324.9387618419502 183.1564712128657 378.7502568615931 216.4925561888105 -1 -1 -1 -1 -1 -1 -1 -1 1 
236 118 Car -1.000000 -1 -1 298.6052338166699 184.45986463474392 363.5325344741631 221.82690896536442 -1 -1 -1 -1 -1 -1 -1 -1 1 
237 118 Car -1.000000 -1 -1 270.0858400047241 186.74203780955193 347.72585540351633 228.48816682805918 -1 -1 -1 -1 -1 -1 -1 -1 1 
238 118 Car -1.000000 -1 -1 270.79961551132715 187.7541372009576 357.28286011490343 234.16401699377053 -1 -1 -1 -1 -1 -1 -1 -1 1 
239 123 Car -1.000000 -1 -1 569.6554782773578 179.80180378236312 594.8494099647812 189.45704561501364 -1 -1 -1 -1 -1 -1 -1 -1 1 
239 118 Car -1.000000 -1 -1 215.79157712677983 189.33520226836458 332.80846669426825 244.59227168908507 -1 -1 -1 -1 -1 -1 -1 -1 1 
240 122 Car -1.000000 -1 -1 123.1463308005296 194.03517718785702 268.89856523651594 256.99934889668026 -1 -1 -1 -1 -1 -1 -1 -1 1 
241 122 Car -1.000000 -1 -1 46.78992577913064 200.3476829319999 223.52640238262805 278.31223563719294 -1 -1 -1 -1 -1 -1 -1 -1 1 
242 124 Car -1.000000 -1 -1 406.0820847886042 182.0037669344862 452.2727541954798 213.7593674198479 -1 -1 -1 -1 -1 -1 -1 -1 1 
242 122 Car -1.000000 -1 -1 -13.167243747969096 207.54602638434685 161.31745858740567 297.4195085591746 -1 -1 -1 -1 -1 -1 -1 -1 1 
243 124 Car -1.000000 -1 -1 390.06625797205413 185.34061536635204 440.08039174490705 218.94769180710762 -1 -1 -1 -1 -1 -1 -1 -1 1 
244 124 Car -1.000000 -1 -1 369.24493766211833 188.00375008031892 422.766428535046 223.9090235620776 -1 -1 -1 -1 -1 -1 -1 -1 1 
245 124 Car -1.000000 -1 -1 341.9519101211008 188.32945513933845 404.6132556551004 228.9733975738589 -1 -1 -1 -1 -1 -1 -1 -1 1 
246 124 Car -1.000000 -1 -1 302.07530553395776 187.98872864852962 377.98631739260355 235.3941297183395 -1 -1 -1 -1 -1 -1 -1 -1 1 
247 124 Car -1.000000 -1 -1 255.66961954951245 192.24259149792343 347.85129109078906 244.89467131988468 -1 -1 -1 -1 -1 -1 -1 -1 1 
248 124 Car -1.000000 -1 -1 190.67931094367947 197.12450556258864 308.26789805956207 260.49620199255816 -1 -1 -1 -1 -1 -1 -1 -1 1 
254 131 Car -1.000000 -1 -1 594.1769169165111 178.52223562538452 624.0235469214681 205.99490937693483 -1 -1 -1 -1 -1 -1 -1 -1 1 
255 131 Car -1.000000 -1 -1 594.6846605383104 178.24643593125862 624.6315835162294 206.55182060973968 -1 -1 -1 -1 -1 -1 -1 -1 1 
256 131 Car -1.000000 -1 -1 595.2545828434297 178.07702946625014 624.8139936860732 206.15154432406834 -1 -1 -1 -1 -1 -1 -1 -1 1 
257 131 Car -1.000000 -1 -1 595.5803623122332 176.67191573309546 625.2489694587053 205.29106514704156 -1 -1 -1 -1 -1 -1 -1 -1 1 
261 131 Car -1.000000 -1 -1 595.0189476647793 176.47583510136468 626.7104148553835 203.59881227623936 -1 -1 -1 -1 -1 -1 -1 -1 1 
262 131 Car -1.000000 -1 -1 593.513838503233 177.069423827953 627.1853803339695 204.62063636888686 -1 -1 -1 -1 -1 -1 -1 -1 1 
263 131 Car -1.000000 -1 -1 591.6577421417925 177.13572574845278 627.2765440494253 205.13188880925452 -1 -1 -1 -1 -1 -1 -1 -1 1 
264 131 Car -1.000000 -1 -1 590.5913751507843 176.33324590658356 627.3581355942075 204.57275706870462 -1 -1 -1 -1 -1 -1 -1 -1 1 
270 131 Car -1.000000 -1 -1 589.0871839899805 177.3412886762121 626.0360564832372 206.27545153862062 -1 -1 -1 -1 -1 -1 -1 -1 1 
271 131 Car -1.000000 -1 -1 588.9055117466378 177.91537443496722 625.6217086567381 207.58857854307817 -1 -1 -1 -1 -1 -1 -1 -1 1 
273 131 Car -1.000000 -1 -1 587.8390661946427 178.13584103521745 623.9911705911101 208.10259278385385 -1 -1 -1 -1 -1 -1 -1 -1 1 
274 131 Car -1.000000 -1 -1 587.8503026865095 178.11644629156586 623.8135047925485 207.7176344401966 -1 -1 -1 -1 -1 -1 -1 -1 1 
275 131 Car -1.000000 -1 -1 587.0112594018935 177.41001277009948 623.1575416463816 206.97523895235193 -1 -1 -1 -1 -1 -1 -1 -1 1 
285 133 Car -1.000000 -1 -1 -6.700422385865679 162.61547785570525 213.01542977293258 208.0987595517596 -1 -1 -1 -1 -1 -1 -1 -1 1 
286 133 Car -1.000000 -1 -1 -2.4140322692011154 166.9161806823784 200.52609806200894 210.59200079241606 -1 -1 -1 -1 -1 -1 -1 -1 1 
287 133 Car -1.000000 -1 -1 -7.96195863193735 170.37383840029148 180.6884738271458 212.64768937439308 -1 -1 -1 -1 -1 -1 -1 -1 1 
288 133 Car -1.000000 -1 -1 -16.023391017563824 172.4818176881463 166.0954018052213 215.00281842888603 -1 -1 -1 -1 -1 -1 -1 -1 1 
289 133 Car -1.000000 -1 -1 -15.88822597187891 173.81655736609454 154.98547047660676 215.34626866547686 -1 -1 -1 -1 -1 -1 -1 -1 1 
290 133 Car -1.000000 -1 -1 -10.27218056140282 172.5847747563599 149.62175404556967 213.67381186681607 -1 -1 -1 -1 -1 -1 -1 -1 1 
291 133 Car -1.000000 -1 -1 -10.091092946804665 171.39941533319296 131.96302093181725 212.34021081274562 -1 -1 -1 -1 -1 -1 -1 -1 1 
292 133 Car -1.000000 -1 -1 -12.683891016856975 170.58515032306138 114.97611710657111 212.8312762690872 -1 -1 -1 -1 -1 -1 -1 -1 1 
293 133 Car -1.000000 -1 -1 -14.630565916158183 170.0107863626641 95.78692455898138 213.85081319354455 -1 -1 -1 -1 -1 -1 -1 -1 1 
294 133 Car -1.000000 -1 -1 -15.736518328611314 169.85927237509378 77.15779159626265 214.50776229508716 -1 -1 -1 -1 -1 -1 -1 -1 1 
303 135 Car -1.000000 -1 -1 583.699492787111 177.02303581134035 625.0936761252306 203.0226972623166 -1 -1 -1 -1 -1 -1 -1 -1 1 
305 135 Car -1.000000 -1 -1 583.5936320182448 178.14958229005254 624.296214479919 204.672241778733 -1 -1 -1 -1 -1 -1 -1 -1 1 
306 135 Car -1.000000 -1 -1 585.6691580593143 178.37544091252045 624.2371769772043 205.06832129317246 -1 -1 -1 -1 -1 -1 -1 -1 1 
307 135 Car -1.000000 -1 -1 586.1698123774257 178.09544292389552 623.6637876946378 204.90479743536525 -1 -1 -1 -1 -1 -1 -1 -1 1 
308 135 Car -1.000000 -1 -1 586.9207413930892 178.46591720659814 623.398684330092 205.26561122380275 -1 -1 -1 -1 -1 -1 -1 -1 1 
309 135 Car -1.000000 -1 -1 588.3787341902838 179.15508768934617 623.527057958035 205.8524558153289 -1 -1 -1 -1 -1 -1 -1 -1 1 
310 135 Car -1.000000 -1 -1 587.7691877375009 182.2012093621034 623.4624992061615 208.61213766912178 -1 -1 -1 -1 -1 -1 -1 -1 1 
311 135 Car -1.000000 -1 -1 588.9093521596845 180.66814859134013 624.0276751314174 207.1950315197625 -1 -1 -1 -1 -1 -1 -1 -1 1 
312 135 Car -1.000000 -1 -1 587.112346979762 182.281699642044 622.8939971703261 209.01241355320994 -1 -1 -1 -1 -1 -1 -1 -1 1 
313 135 Car -1.000000 -1 -1 586.6900989427309 183.54220159983777 622.6272674487032 210.3659205994843 -1 -1 -1 -1 -1 -1 -1 -1 1 
