0 6 Car -1.000000 -1 -1 831.875606691035 94.73708203922095 1207.2240487537706 330.8390018960031 -1 -1 -1 -1 -1 -1 -1 -1 1 
0 5 Car -1.000000 -1 -1 550.3086115878361 185.3765995743183 566.4607645112735 194.60790246151961 -1 -1 -1 -1 -1 -1 -1 -1 1 
0 4 Car -1.000000 -1 -1 477.4137498512864 190.04079926973927 501.62563947702824 203.75918498477685 -1 -1 -1 -1 -1 -1 -1 -1 1 
0 3 Car -1.000000 -1 -1 608.8091094367779 184.64800218442596 628.9278839906821 194.6101322895489 -1 -1 -1 -1 -1 -1 -1 -1 1 
0 2 Car -1.000000 -1 -1 385.57880920859486 182.3420009504144 444.13664035842964 216.38750564306974 -1 -1 -1 -1 -1 -1 -1 -1 1 
0 1 Car -1.000000 -1 -1 148.36979817770998 198.93345158869545 313.6162786265978 271.95171917824507 -1 -1 -1 -1 -1 -1 -1 -1 1 
1 8 Car -1.000000 -1 -1 445.342802889072 185.178313887893 483.3922834602687 208.1937191900439 -1 -1 -1 -1 -1 -1 -1 -1 1 
1 7 Car -1.000000 -1 -1 18.356819964945316 200.186214920205 248.55663725447198 302.73938421697284 -1 -1 -1 -1 -1 -1 -1 -1 1 
1 6 Car -1.000000 -1 -1 879.5382241112505 83.30131191287447 1247.4456413793632 342.52046017803593 -1 -1 -1 -1 -1 -1 -1 -1 1 
1 5 Car -1.000000 -1 -1 548.7749178223586 186.10487293652858 562.3305480152839 194.05389982783993 -1 -1 -1 -1 -1 -1 -1 -1 1 
1 3 Car -1.000000 -1 -1 608.1947584211852 184.2597449307767 628.3307039628506 194.58171517725114 -1 -1 -1 -1 -1 -1 -1 -1 1 
1 2 Car -1.000000 -1 -1 354.47972160759167 182.6253768888007 426.16569862761827 224.06106926752517 -1 -1 -1 -1 -1 -1 -1 -1 1 
2 8 Car -1.000000 -1 -1 430.00869769880836 185.25941439377326 468.8379771119298 210.06671149657146 -1 -1 -1 -1 -1 -1 -1 -1 1 
2 7 Car -1.000000 -1 -1 -12.411934403850637 215.87999526400165 153.8154941152287 317.0671057287484 -1 -1 -1 -1 -1 -1 -1 -1 1 
2 6 Car -1.000000 -1 -1 886.582129442375 56.5422432138522 1244.9289866774943 332.8848302669642 -1 -1 -1 -1 -1 -1 -1 -1 1 
2 4 Car -1.000000 -1 -1 476.9567057927103 186.03239627631967 500.27306072369515 199.4231369450751 -1 -1 -1 -1 -1 -1 -1 -1 1 
2 3 Car -1.000000 -1 -1 606.0302340545658 183.96525618431482 626.4693016043897 194.61527616981718 -1 -1 -1 -1 -1 -1 -1 -1 1 
2 2 Car -1.000000 -1 -1 320.56264351309716 180.61833761610438 408.7774266103675 230.02182031725056 -1 -1 -1 -1 -1 -1 -1 -1 1 
3 6 Car -1.000000 -1 -1 914.6930412188049 38.97727054856162 1260.8024808066061 339.18166314755 -1 -1 -1 -1 -1 -1 -1 -1 1 
3 3 Car -1.000000 -1 -1 602.1342594839534 183.2996469099283 623.3842328286512 194.4940354877906 -1 -1 -1 -1 -1 -1 -1 -1 1 
3 2 Car -1.000000 -1 -1 279.0082605761598 181.67848942799094 378.65684989250013 237.29527857961534 -1 -1 -1 -1 -1 -1 -1 -1 1 
4 8 Car -1.000000 -1 -1 396.2443630886853 184.94029065518183 444.8544196604969 215.27530288363485 -1 -1 -1 -1 -1 -1 -1 -1 1 
4 6 Car -1.000000 -1 -1 958.7316312058929 36.91113200122791 1268.5759482790936 336.9895852079908 -1 -1 -1 -1 -1 -1 -1 -1 1 
4 3 Car -1.000000 -1 -1 597.790539489285 182.99290507870202 617.8844072194413 194.52261554258135 -1 -1 -1 -1 -1 -1 -1 -1 1 
4 2 Car -1.000000 -1 -1 222.5697200730143 181.85767253867579 345.68246280088067 246.65275472436838 -1 -1 -1 -1 -1 -1 -1 -1 1 
5 8 Car -1.000000 -1 -1 372.46252535112797 187.34463309545413 427.62993907538555 222.02484848496437 -1 -1 -1 -1 -1 -1 -1 -1 1 
5 6 Car -1.000000 -1 -1 1027.0268343179978 89.06265031830708 1274.4060762433387 376.9587214269543 -1 -1 -1 -1 -1 -1 -1 -1 1 
5 3 Car -1.000000 -1 -1 593.158567882214 183.0011159878244 613.790101049687 195.14289230426078 -1 -1 -1 -1 -1 -1 -1 -1 1 
5 2 Car -1.000000 -1 -1 134.96534129827353 181.99468511543176 297.65497555581896 265.3736054807988 -1 -1 -1 -1 -1 -1 -1 -1 1 
6 8 Car -1.000000 -1 -1 347.6825218768935 187.5117247620402 408.349394358479 224.87832363800797 -1 -1 -1 -1 -1 -1 -1 -1 1 
6 2 Car -1.000000 -1 -1 27.904710703814374 184.89867090155983 231.30911635023887 284.31497196219505 -1 -1 -1 -1 -1 -1 -1 -1 1 
7 8 Car -1.000000 -1 -1 318.73138416150374 187.8139007054097 388.7069045084656 230.0854169246868 -1 -1 -1 -1 -1 -1 -1 -1 1 
8 8 Car -1.000000 -1 -1 281.13385757286164 187.79454133716052 364.77366305213684 235.76398911868864 -1 -1 -1 -1 -1 -1 -1 -1 1 
9 8 Car -1.000000 -1 -1 229.4950981326345 191.48803973119482 327.6905963023091 243.9696186041321 -1 -1 -1 -1 -1 -1 -1 -1 1 
9 3 Car -1.000000 -1 -1 578.3446016893838 183.87553726633325 595.8931442487528 194.05776857213277 -1 -1 -1 -1 -1 -1 -1 -1 1 
10 12 Car -1.000000 -1 -1 334.75850596691566 188.06447962378763 389.58228965274975 220.4847545512086 -1 -1 -1 -1 -1 -1 -1 -1 1 
10 8 Car -1.000000 -1 -1 165.79628640218374 193.34316988108355 289.56156020138366 252.16738191269656 -1 -1 -1 -1 -1 -1 -1 -1 1 
11 12 Car -1.000000 -1 -1 308.28245605492344 189.38179449443732 369.45206491462244 223.89537393265908 -1 -1 -1 -1 -1 -1 -1 -1 1 
11 8 Car -1.000000 -1 -1 75.88195148112828 196.89584797679436 233.80607116420816 268.1087741528566 -1 -1 -1 -1 -1 -1 -1 -1 1 
12 12 Car -1.000000 -1 -1 271.30479090917925 192.00791632086433 341.14329414469637 231.42889311956586 -1 -1 -1 -1 -1 -1 -1 -1 1 
12 8 Car -1.000000 -1 -1 8.563541043407426 204.72637857779176 174.85132594087514 288.0859778709191 -1 -1 -1 -1 -1 -1 -1 -1 1 
13 12 Car -1.000000 -1 -1 226.3519625678311 192.25688578378745 308.50356974762025 236.65426626244331 -1 -1 -1 -1 -1 -1 -1 -1 1 
14 12 Car -1.000000 -1 -1 167.2077571238115 195.2008090256439 266.3833416121134 246.50852795736503 -1 -1 -1 -1 -1 -1 -1 -1 1 
15 12 Car -1.000000 -1 -1 82.30505662120649 198.54347295784123 212.12868882248668 263.7121114562098 -1 -1 -1 -1 -1 -1 -1 -1 1 
16 12 Car -1.000000 -1 -1 8.621808459836444 209.07297002773132 146.11953020106182 286.0465676932633 -1 -1 -1 -1 -1 -1 -1 -1 1 
23 16 Car -1.000000 -1 -1 460.4615274435804 172.29913478511216 502.3333272161299 204.31879154121376 -1 -1 -1 -1 -1 -1 -1 -1 1 
25 16 Car -1.000000 -1 -1 461.89797857582374 173.29161087575102 504.38677401480896 206.45935530925084 -1 -1 -1 -1 -1 -1 -1 -1 1 
26 16 Car -1.000000 -1 -1 460.95758042407994 173.42036736744902 505.9780811105 208.30350923129382 -1 -1 -1 -1 -1 -1 -1 -1 1 
27 16 Car -1.000000 -1 -1 461.1223966743083 172.36232498106165 507.14900933733344 208.33634334944514 -1 -1 -1 -1 -1 -1 -1 -1 1 
28 17 Car -1.000000 -1 -1 555.391998458852 187.36432988116752 575.0880689980174 197.35379756249785 -1 -1 -1 -1 -1 -1 -1 -1 1 
28 16 Car -1.000000 -1 -1 455.470391038763 171.87514338892836 499.8217482201331 209.42635077108267 -1 -1 -1 -1 -1 -1 -1 -1 1 
29 17 Car -1.000000 -1 -1 557.6013513673047 187.2204315014796 574.8714773809277 196.76409336139562 -1 -1 -1 -1 -1 -1 -1 -1 1 
29 16 Car -1.000000 -1 -1 452.62368781800245 171.6269871229643 496.4040922900934 210.59066656293055 -1 -1 -1 -1 -1 -1 -1 -1 1 
30 17 Car -1.000000 -1 -1 557.7497342040203 186.49997236028173 575.2020069525597 196.07275431650493 -1 -1 -1 -1 -1 -1 -1 -1 1 
30 16 Car -1.000000 -1 -1 451.44861206667207 170.73766547353182 494.586669886738 210.84719237742206 -1 -1 -1 -1 -1 -1 -1 -1 1 
31 16 Car -1.000000 -1 -1 450.1561067755187 168.9832141233722 493.8256642295019 210.98340421486233 -1 -1 -1 -1 -1 -1 -1 -1 1 
32 16 Car -1.000000 -1 -1 448.8478037905342 168.16541361858833 492.5397054697194 211.04727845202922 -1 -1 -1 -1 -1 -1 -1 -1 1 
33 16 Car -1.000000 -1 -1 446.25609609367734 167.78412784135708 489.9778493779462 210.8858581127193 -1 -1 -1 -1 -1 -1 -1 -1 1 
34 18 Car -1.000000 -1 -1 569.0885328842255 182.70102909382615 588.7780888108846 194.64537103832583 -1 -1 -1 -1 -1 -1 -1 -1 1 
34 16 Car -1.000000 -1 -1 442.90314862943774 167.7869362618036 487.6586820019304 210.41990601377267 -1 -1 -1 -1 -1 -1 -1 -1 1 
35 18 Car -1.000000 -1 -1 569.2650293048737 180.50547908678467 589.0500682527233 192.8685289227599 -1 -1 -1 -1 -1 -1 -1 -1 1 
36 18 Car -1.000000 -1 -1 569.5870249304094 179.7561059379266 589.7194593795339 192.36707360703994 -1 -1 -1 -1 -1 -1 -1 -1 1 
37 18 Car -1.000000 -1 -1 570.3205676110946 183.05388808989383 590.052143412927 195.7398344573855 -1 -1 -1 -1 -1 -1 -1 -1 1 
38 18 Car -1.000000 -1 -1 572.9203802635304 184.2703818743283 591.5577213298152 196.9186240886883 -1 -1 -1 -1 -1 -1 -1 -1 1 
39 18 Car -1.000000 -1 -1 573.2518274374202 184.26978032589707 591.6994890660151 196.94845975114063 -1 -1 -1 -1 -1 -1 -1 -1 1 
40 19 Car -1.000000 -1 -1 411.3952228329732 160.33037877331716 474.0945201373404 220.05621175489094 -1 -1 -1 -1 -1 -1 -1 -1 1 
40 18 Car -1.000000 -1 -1 573.8866871958204 185.0930234994538 591.3384859226873 197.65824856409608 -1 -1 -1 -1 -1 -1 -1 -1 1 
41 19 Car -1.000000 -1 -1 402.60308890474926 163.0276695454033 468.3206985051047 224.1242459756091 -1 -1 -1 -1 -1 -1 -1 -1 1 
41 18 Car -1.000000 -1 -1 575.3849937974552 186.29299443231685 592.3336595300831 198.64996322907058 -1 -1 -1 -1 -1 -1 -1 -1 1 
42 19 Car -1.000000 -1 -1 395.3434061608739 164.33820966015824 467.70790284774137 228.7744910216813 -1 -1 -1 -1 -1 -1 -1 -1 1 
42 18 Car -1.000000 -1 -1 573.6675761710279 188.4323691030043 590.9509772411685 201.52333582414013 -1 -1 -1 -1 -1 -1 -1 -1 1 
43 18 Car -1.000000 -1 -1 573.1897769773236 187.59225269894162 589.3670459504704 199.56294416068548 -1 -1 -1 -1 -1 -1 -1 -1 1 
44 18 Car -1.000000 -1 -1 573.713888054234 187.0156570884082 589.9682387822071 198.49927228260265 -1 -1 -1 -1 -1 -1 -1 -1 1 
45 18 Car -1.000000 -1 -1 575.0617070831811 186.69995896533374 591.8004224849553 198.73397560322104 -1 -1 -1 -1 -1 -1 -1 -1 1 
46 19 Car -1.000000 -1 -1 334.632611335339 155.80957322335559 435.56879768140664 238.8017469354378 -1 -1 -1 -1 -1 -1 -1 -1 1 
46 18 Car -1.000000 -1 -1 575.5674564955577 186.53766640931082 592.2378316120084 198.26742430412418 -1 -1 -1 -1 -1 -1 -1 -1 1 
47 19 Car -1.000000 -1 -1 316.0281837654346 156.49352188589438 427.6421583321903 246.2137617716868 -1 -1 -1 -1 -1 -1 -1 -1 1 
47 18 Car -1.000000 -1 -1 577.1486593939653 185.90878269420207 593.0879945158686 197.58012431935478 -1 -1 -1 -1 -1 -1 -1 -1 1 
48 19 Car -1.000000 -1 -1 292.0369841857464 156.47979099063096 412.99695773147846 249.38823619217177 -1 -1 -1 -1 -1 -1 -1 -1 1 
48 18 Car -1.000000 -1 -1 577.7855200446313 185.02519008341278 593.6433813414674 196.5634651948959 -1 -1 -1 -1 -1 -1 -1 -1 1 
49 19 Car -1.000000 -1 -1 271.9779688869539 154.51582746241615 405.21250230328855 254.12796819221523 -1 -1 -1 -1 -1 -1 -1 -1 1 
49 18 Car -1.000000 -1 -1 579.9496787333024 184.58408559107505 595.0496442208458 195.81689281902334 -1 -1 -1 -1 -1 -1 -1 -1 1 
50 19 Car -1.000000 -1 -1 233.89962554718352 148.48305633103706 386.66626820384 255.1067440748168 -1 -1 -1 -1 -1 -1 -1 -1 1 
50 18 Car -1.000000 -1 -1 578.506520487338 185.4924522329961 593.1998044276132 196.3034915268125 -1 -1 -1 -1 -1 -1 -1 -1 1 
51 19 Car -1.000000 -1 -1 192.9562102898126 140.9230843238028 372.28465931200185 261.16822917233225 -1 -1 -1 -1 -1 -1 -1 -1 1 
51 18 Car -1.000000 -1 -1 577.7550173605708 185.95995446411368 591.5628995255728 196.22130000441777 -1 -1 -1 -1 -1 -1 -1 -1 1 
52 19 Car -1.000000 -1 -1 148.99582122484424 144.3591194847014 351.2688015508336 271.8213162509551 -1 -1 -1 -1 -1 -1 -1 -1 1 
53 19 Car -1.000000 -1 -1 74.68016076732566 138.8358260872061 316.93154147990015 284.8759684288515 -1 -1 -1 -1 -1 -1 -1 -1 1 
54 19 Car -1.000000 -1 -1 20.28774437076197 132.52785406379837 288.54395198185375 298.1930339357703 -1 -1 -1 -1 -1 -1 -1 -1 1 
55 19 Car -1.000000 -1 -1 -14.519709608694114 128.8557784015327 252.37455934270733 316.7641298422946 -1 -1 -1 -1 -1 -1 -1 -1 1 
56 22 Car -1.000000 -1 -1 579.3967995992709 178.73683702680242 595.4656646680576 188.78362504200211 -1 -1 -1 -1 -1 -1 -1 -1 1 
56 19 Car -1.000000 -1 -1 -33.161650439616196 123.71045403537322 215.98904449097085 324.03341480021453 -1 -1 -1 -1 -1 -1 -1 -1 1 
57 22 Car -1.000000 -1 -1 581.1870182651713 182.45457311910718 598.8365491801368 193.18085322959905 -1 -1 -1 -1 -1 -1 -1 -1 1 
57 19 Car -1.000000 -1 -1 -49.05781521822412 120.00212411231176 164.21638640094108 330.27465410502344 -1 -1 -1 -1 -1 -1 -1 -1 1 
58 22 Car -1.000000 -1 -1 580.5591141237758 184.5347752129991 598.197817967462 195.4291821261065 -1 -1 -1 -1 -1 -1 -1 -1 1 
59 22 Car -1.000000 -1 -1 580.8695630867095 185.0027053597353 599.3424398311382 196.40697881888823 -1 -1 -1 -1 -1 -1 -1 -1 1 
61 22 Car -1.000000 -1 -1 578.3670081330785 184.31777948391726 598.2005980334424 196.1220622591635 -1 -1 -1 -1 -1 -1 -1 -1 1 
62 22 Car -1.000000 -1 -1 577.9469799597906 183.7626124608713 597.6581706379858 195.65757740965597 -1 -1 -1 -1 -1 -1 -1 -1 1 
70 23 Car -1.000000 -1 -1 577.7726184650091 178.47747426140285 594.8415351660021 189.03320624207623 -1 -1 -1 -1 -1 -1 -1 -1 1 
71 24 Car -1.000000 -1 -1 551.6662673715974 178.75145552822545 567.1321119932203 189.20850293032112 -1 -1 -1 -1 -1 -1 -1 -1 1 
71 23 Car -1.000000 -1 -1 576.7757719149727 178.9537081335427 592.8209750939604 189.3873318035242 -1 -1 -1 -1 -1 -1 -1 -1 1 
72 24 Car -1.000000 -1 -1 552.1155060112136 179.4880896075952 567.234242824535 189.24616505594128 -1 -1 -1 -1 -1 -1 -1 -1 1 
72 23 Car -1.000000 -1 -1 576.1211073184702 179.6518461630578 591.258880649272 189.14364923645704 -1 -1 -1 -1 -1 -1 -1 -1 1 
73 23 Car -1.000000 -1 -1 576.0924649700518 180.16312663863323 590.6149204868569 189.36718605635326 -1 -1 -1 -1 -1 -1 -1 -1 1 
74 23 Car -1.000000 -1 -1 577.0478520518616 179.83331988148487 592.1812593176919 189.31718974339103 -1 -1 -1 -1 -1 -1 -1 -1 1 
75 23 Car -1.000000 -1 -1 577.4386396580398 179.59101351430982 592.7079238515396 189.3708904275857 -1 -1 -1 -1 -1 -1 -1 -1 1 
76 23 Car -1.000000 -1 -1 578.3163449038005 179.44358628453006 593.9122431502893 189.6117549573716 -1 -1 -1 -1 -1 -1 -1 -1 1 
77 28 Car -1.000000 -1 -1 529.2299202437189 178.77835232376754 549.3321489136333 191.41792924159125 -1 -1 -1 -1 -1 -1 -1 -1 1 
77 23 Car -1.000000 -1 -1 578.3630697812907 179.27799699587567 594.2259115025829 189.93260711878705 -1 -1 -1 -1 -1 -1 -1 -1 1 
78 28 Car -1.000000 -1 -1 527.4995570339371 178.53481576353087 548.0358639127998 191.08796217309347 -1 -1 -1 -1 -1 -1 -1 -1 1 
79 28 Car -1.000000 -1 -1 526.5608865459363 178.89560640225355 546.7929834861112 190.53437696591166 -1 -1 -1 -1 -1 -1 -1 -1 1 
80 28 Car -1.000000 -1 -1 525.1945247785615 179.3503920216023 544.893181087018 190.63376571805313 -1 -1 -1 -1 -1 -1 -1 -1 1 
81 28 Car -1.000000 -1 -1 527.2220660730695 179.62295920203064 546.2155394901024 189.8978087909341 -1 -1 -1 -1 -1 -1 -1 -1 1 
81 23 Car -1.000000 -1 -1 578.7370250736453 178.60281723503067 594.5422671809365 190.25324531424582 -1 -1 -1 -1 -1 -1 -1 -1 1 
82 28 Car -1.000000 -1 -1 529.8068082902356 179.93614593299648 547.6816055683863 189.54977413299852 -1 -1 -1 -1 -1 -1 -1 -1 1 
82 23 Car -1.000000 -1 -1 578.8471962643064 178.38905272702385 594.2745089902864 189.7214866916924 -1 -1 -1 -1 -1 -1 -1 -1 1 
83 28 Car -1.000000 -1 -1 528.1861044464264 179.28701620695136 546.366594592016 188.72338298424364 -1 -1 -1 -1 -1 -1 -1 -1 1 
83 23 Car -1.000000 -1 -1 577.7606220538644 177.9774672970636 594.4823766935931 189.0945107012329 -1 -1 -1 -1 -1 -1 -1 -1 1 
84 28 Car -1.000000 -1 -1 525.917759640875 179.17982005069453 544.5588515550857 189.0877540037806 -1 -1 -1 -1 -1 -1 -1 -1 1 
84 23 Car -1.000000 -1 -1 578.0642706011566 178.12091760122868 594.8053036852281 189.09901457356486 -1 -1 -1 -1 -1 -1 -1 -1 1 
85 31 Car -1.000000 -1 -1 555.2880927590153 178.48434434676284 568.4458960821881 185.8548790011626 -1 -1 -1 -1 -1 -1 -1 -1 1 
85 30 Car -1.000000 -1 -1 481.1688384623525 182.103321434108 508.8970939286328 200.37340025123035 -1 -1 -1 -1 -1 -1 -1 -1 1 
85 28 Car -1.000000 -1 -1 521.9045792627205 179.48900320208796 541.1730224847383 189.78303432167186 -1 -1 -1 -1 -1 -1 -1 -1 1 
85 23 Car -1.000000 -1 -1 578.6210745606787 178.36452747244985 595.6915954510442 189.20996400145506 -1 -1 -1 -1 -1 -1 -1 -1 1 
86 31 Car -1.000000 -1 -1 553.997031515843 179.09359487895787 567.8930854183125 187.13496290157522 -1 -1 -1 -1 -1 -1 -1 -1 1 
86 30 Car -1.000000 -1 -1 473.30617536203226 181.94320260951034 506.4888251197923 204.0558181120753 -1 -1 -1 -1 -1 -1 -1 -1 1 
86 23 Car -1.000000 -1 -1 579.2894833368418 178.65082884530756 596.1401132468609 189.5875234642035 -1 -1 -1 -1 -1 -1 -1 -1 1 
87 31 Car -1.000000 -1 -1 552.7894612504743 179.5636488570234 567.0352061656132 187.956605999761 -1 -1 -1 -1 -1 -1 -1 -1 1 
87 30 Car -1.000000 -1 -1 461.4802960559878 184.110904876606 499.186465359495 207.6593335351485 -1 -1 -1 -1 -1 -1 -1 -1 1 
87 23 Car -1.000000 -1 -1 578.6933490706451 179.03244437943744 596.5935298044565 190.48942343047707 -1 -1 -1 -1 -1 -1 -1 -1 1 
88 31 Car -1.000000 -1 -1 555.3184785884397 179.24846302719072 569.7052509477043 188.05467475286315 -1 -1 -1 -1 -1 -1 -1 -1 1 
88 30 Car -1.000000 -1 -1 447.11391067174253 186.07326970457137 489.11971242175713 210.4492822577687 -1 -1 -1 -1 -1 -1 -1 -1 1 
88 23 Car -1.000000 -1 -1 578.5355358435589 178.57855633320457 595.987559291413 190.0070873143618 -1 -1 -1 -1 -1 -1 -1 -1 1 
89 32 Car -1.000000 -1 -1 495.6017768204185 181.46719218117602 521.7519971361316 196.59734124472254 -1 -1 -1 -1 -1 -1 -1 -1 1 
89 31 Car -1.000000 -1 -1 556.5549466845255 178.39191229634122 570.6513026857415 187.06604581708348 -1 -1 -1 -1 -1 -1 -1 -1 1 
89 30 Car -1.000000 -1 -1 429.3578967410572 184.39109011418122 477.4473743771839 212.38792625519181 -1 -1 -1 -1 -1 -1 -1 -1 1 
89 23 Car -1.000000 -1 -1 578.2064699257489 178.15599523207712 595.4296608177419 189.02642805596153 -1 -1 -1 -1 -1 -1 -1 -1 1 
90 32 Car -1.000000 -1 -1 487.13350769951023 180.2778309075045 514.4744065467519 197.823393901911 -1 -1 -1 -1 -1 -1 -1 -1 1 
90 30 Car -1.000000 -1 -1 410.63890604235456 183.632540848904 465.3190542404939 214.35498270648174 -1 -1 -1 -1 -1 -1 -1 -1 1 
90 23 Car -1.000000 -1 -1 578.832062802803 177.76429115056698 596.2302447369602 188.48498234691465 -1 -1 -1 -1 -1 -1 -1 -1 1 
91 32 Car -1.000000 -1 -1 479.38331438590797 180.19711067783925 508.0233105744783 198.52354730847725 -1 -1 -1 -1 -1 -1 -1 -1 1 
91 30 Car -1.000000 -1 -1 385.8936092198365 184.98928919078725 447.6225426713607 219.45738911835917 -1 -1 -1 -1 -1 -1 -1 -1 1 
91 23 Car -1.000000 -1 -1 577.9062775069472 177.67940339242472 595.0794075089127 188.3054792684818 -1 -1 -1 -1 -1 -1 -1 -1 1 
92 34 Car -1.000000 -1 -1 528.9248525064918 178.53765123396036 548.0701198221998 188.97559983504001 -1 -1 -1 -1 -1 -1 -1 -1 1 
92 32 Car -1.000000 -1 -1 469.69907565366793 180.07330467134574 502.58983340829036 201.38272725195526 -1 -1 -1 -1 -1 -1 -1 -1 1 
92 30 Car -1.000000 -1 -1 358.45651116417986 185.92135391930498 428.7329991448324 225.22113842438438 -1 -1 -1 -1 -1 -1 -1 -1 1 
92 23 Car -1.000000 -1 -1 578.4400696392228 177.41655736987943 595.4586399784736 188.50972115285887 -1 -1 -1 -1 -1 -1 -1 -1 1 
93 34 Car -1.000000 -1 -1 528.2604323948623 178.0962351692118 548.4546655731709 188.82558006925382 -1 -1 -1 -1 -1 -1 -1 -1 1 
93 32 Car -1.000000 -1 -1 456.7196158461065 179.29426130911975 493.21672894415605 203.50613321243458 -1 -1 -1 -1 -1 -1 -1 -1 1 
93 30 Car -1.000000 -1 -1 318.57760164930335 188.38606661945306 401.21348690684533 232.98232792014255 -1 -1 -1 -1 -1 -1 -1 -1 1 
93 23 Car -1.000000 -1 -1 576.6197160995837 177.38819451249756 594.3160880547832 188.5043752966183 -1 -1 -1 -1 -1 -1 -1 -1 1 
94 35 Car -1.000000 -1 -1 555.8847674543922 173.53420923024288 569.0610145297867 181.30627352397988 -1 -1 -1 -1 -1 -1 -1 -1 1 
94 34 Car -1.000000 -1 -1 526.4862551202709 177.58116211793188 547.7203969692484 188.5852956034383 -1 -1 -1 -1 -1 -1 -1 -1 1 
94 32 Car -1.000000 -1 -1 444.0890214462604 178.50008997450206 485.3192636388279 205.20992951321412 -1 -1 -1 -1 -1 -1 -1 -1 1 
94 30 Car -1.000000 -1 -1 259.372649705717 190.60009338250478 364.77522538161816 243.5886812304757 -1 -1 -1 -1 -1 -1 -1 -1 1 
94 23 Car -1.000000 -1 -1 576.2843059735717 177.02172780509161 594.3211646198731 188.0565443090347 -1 -1 -1 -1 -1 -1 -1 -1 1 
95 36 Car -1.000000 -1 -1 532.3509568279676 173.7662025403682 547.2088853044631 181.63668475182894 -1 -1 -1 -1 -1 -1 -1 -1 1 
95 35 Car -1.000000 -1 -1 555.6903369031651 173.9524123018966 569.1440927373068 181.93163992300285 -1 -1 -1 -1 -1 -1 -1 -1 1 
95 34 Car -1.000000 -1 -1 525.8325815833746 177.9106053787322 546.8672359146256 188.70960552250676 -1 -1 -1 -1 -1 -1 -1 -1 1 
95 32 Car -1.000000 -1 -1 428.26538136486084 180.21189624986152 475.47432277609954 209.39894192483217 -1 -1 -1 -1 -1 -1 -1 -1 1 
95 23 Car -1.000000 -1 -1 575.8112242395986 176.99715750418062 594.5698856282844 188.2250756743236 -1 -1 -1 -1 -1 -1 -1 -1 1 
96 37 Car -1.000000 -1 -1 575.0849182536964 173.37211201659255 590.696622099072 181.03623806348037 -1 -1 -1 -1 -1 -1 -1 -1 1 
96 36 Car -1.000000 -1 -1 531.9201075970221 173.91055004603203 546.5415726102766 181.48600361252784 -1 -1 -1 -1 -1 -1 -1 -1 1 
96 35 Car -1.000000 -1 -1 555.6385117021821 173.68871153672248 569.8207027124176 181.73663530756883 -1 -1 -1 -1 -1 -1 -1 -1 1 
96 34 Car -1.000000 -1 -1 523.7649634352698 178.2129097082249 546.1396979825244 189.16083855187344 -1 -1 -1 -1 -1 -1 -1 -1 1 
96 32 Car -1.000000 -1 -1 410.06692397101983 180.89995963177475 464.135730481539 213.475563738869 -1 -1 -1 -1 -1 -1 -1 -1 1 
96 23 Car -1.000000 -1 -1 574.9129719562717 177.08947502643443 594.3908685453179 188.36535534803002 -1 -1 -1 -1 -1 -1 -1 -1 1 
97 37 Car -1.000000 -1 -1 574.9104695783691 173.85857077934355 591.7766026277756 182.0000784337011 -1 -1 -1 -1 -1 -1 -1 -1 1 
97 34 Car -1.000000 -1 -1 522.2123617661192 178.14983517059648 545.3330247016619 189.23754767673148 -1 -1 -1 -1 -1 -1 -1 -1 1 
97 32 Car -1.000000 -1 -1 389.3052266721851 183.94963712876591 448.4368317706495 218.74266341746562 -1 -1 -1 -1 -1 -1 -1 -1 1 
97 23 Car -1.000000 -1 -1 574.9841024318904 176.84759926869398 595.4072626300734 188.27089992056156 -1 -1 -1 -1 -1 -1 -1 -1 1 
98 37 Car -1.000000 -1 -1 576.1613451227855 173.7343073277389 592.7628296063132 181.45634299154923 -1 -1 -1 -1 -1 -1 -1 -1 1 
98 34 Car -1.000000 -1 -1 523.7192337234364 177.8848476452939 546.3574471683401 188.82267884976042 -1 -1 -1 -1 -1 -1 -1 -1 1 
98 32 Car -1.000000 -1 -1 363.83501613624685 184.61308564019004 428.4636653926599 223.06776683000902 -1 -1 -1 -1 -1 -1 -1 -1 1 
98 23 Car -1.000000 -1 -1 574.5941589705747 176.94178860778976 595.8089315778398 188.429758247285 -1 -1 -1 -1 -1 -1 -1 -1 1 
99 37 Car -1.000000 -1 -1 576.1470451597248 173.71124904767433 592.1800045248109 181.3949461207375 -1 -1 -1 -1 -1 -1 -1 -1 1 
99 34 Car -1.000000 -1 -1 525.7076733142744 177.4133061410259 546.982060060561 187.78525443547468 -1 -1 -1 -1 -1 -1 -1 -1 1 
99 32 Car -1.000000 -1 -1 328.83599201056467 185.7251679344065 405.28390563158547 230.9918664967126 -1 -1 -1 -1 -1 -1 -1 -1 1 
99 23 Car -1.000000 -1 -1 575.5991940458566 177.36796195054967 596.9440418692552 188.51824939522032 -1 -1 -1 -1 -1 -1 -1 -1 1 
100 37 Car -1.000000 -1 -1 575.2720189608325 173.7617928854547 591.1862979058554 181.6345839979144 -1 -1 -1 -1 -1 -1 -1 -1 1 
100 36 Car -1.000000 -1 -1 534.3013888331251 174.50163786049058 547.7617276757379 182.10461725917662 -1 -1 -1 -1 -1 -1 -1 -1 1 
100 35 Car -1.000000 -1 -1 555.2728227056667 173.42334451698804 568.9552689176684 181.39940262079642 -1 -1 -1 -1 -1 -1 -1 -1 1 
100 34 Car -1.000000 -1 -1 529.3741384400691 177.16243250785269 549.2566751936392 187.23302998325417 -1 -1 -1 -1 -1 -1 -1 -1 1 
100 23 Car -1.000000 -1 -1 574.5666164281669 176.79383194975034 595.5876789819143 188.10002918677603 -1 -1 -1 -1 -1 -1 -1 -1 1 
101 34 Car -1.000000 -1 -1 531.8733367545916 177.75679681637766 550.2238441936059 187.23168572136294 -1 -1 -1 -1 -1 -1 -1 -1 1 
101 23 Car -1.000000 -1 -1 574.8894922468095 177.01745913600786 595.2556219819338 188.25731553059262 -1 -1 -1 -1 -1 -1 -1 -1 1 
102 40 Car -1.000000 -1 -1 498.60020522038513 179.6872754065118 524.5868312552434 196.82978069397439 -1 -1 -1 -1 -1 -1 -1 -1 1 
102 34 Car -1.000000 -1 -1 531.241855384983 178.56007292280805 548.7426870851741 187.50878551036868 -1 -1 -1 -1 -1 -1 -1 -1 1 
102 23 Car -1.000000 -1 -1 575.7312524350319 176.82199794380404 596.0446577274842 188.3642323293692 -1 -1 -1 -1 -1 -1 -1 -1 1 
103 40 Car -1.000000 -1 -1 494.0469921845273 177.83342523305146 520.2492655232512 195.45549002148164 -1 -1 -1 -1 -1 -1 -1 -1 1 
103 34 Car -1.000000 -1 -1 531.9068553647968 178.8001170809764 548.2810326533646 187.51278803083142 -1 -1 -1 -1 -1 -1 -1 -1 1 
103 23 Car -1.000000 -1 -1 576.2252720841243 176.8023010893086 596.3828995848871 188.4359739654016 -1 -1 -1 -1 -1 -1 -1 -1 1 
104 40 Car -1.000000 -1 -1 488.19627250753035 178.92385101914272 517.8569881831344 198.93099963974942 -1 -1 -1 -1 -1 -1 -1 -1 1 
104 34 Car -1.000000 -1 -1 531.6323749868122 179.43406805359402 547.6366220278471 188.11533100996346 -1 -1 -1 -1 -1 -1 -1 -1 1 
104 23 Car -1.000000 -1 -1 575.5773531933822 176.99671776596077 595.3640436838328 188.71129585619977 -1 -1 -1 -1 -1 -1 -1 -1 1 
105 40 Car -1.000000 -1 -1 477.9399407033035 179.35740414880397 510.8605506720618 201.0559414067429 -1 -1 -1 -1 -1 -1 -1 -1 1 
105 34 Car -1.000000 -1 -1 531.0369694204225 179.59479992765432 547.6298428656511 188.74535138357277 -1 -1 -1 -1 -1 -1 -1 -1 1 
105 23 Car -1.000000 -1 -1 574.5577365734514 177.1101497593896 594.796588109514 188.90055355901157 -1 -1 -1 -1 -1 -1 -1 -1 1 
106 44 Car -1.000000 -1 -1 574.4309747635093 173.50580435454555 591.5463326437969 181.77574457353433 -1 -1 -1 -1 -1 -1 -1 -1 1 
106 40 Car -1.000000 -1 -1 468.42595311827756 179.65593302384565 504.2196109266314 202.92062792387662 -1 -1 -1 -1 -1 -1 -1 -1 1 
106 34 Car -1.000000 -1 -1 528.3775266966429 178.79980880528308 546.6214561145734 188.8842918608309 -1 -1 -1 -1 -1 -1 -1 -1 1 
106 23 Car -1.000000 -1 -1 575.425775894234 176.1953633895501 596.5601717234533 188.77894075349843 -1 -1 -1 -1 -1 -1 -1 -1 1 
107 40 Car -1.000000 -1 -1 456.82665384544333 179.24637683565655 497.23128952664507 205.19819647394112 -1 -1 -1 -1 -1 -1 -1 -1 1 
107 34 Car -1.000000 -1 -1 523.0684657527278 178.1552077603147 543.5710544857758 189.39203436234843 -1 -1 -1 -1 -1 -1 -1 -1 1 
107 23 Car -1.000000 -1 -1 575.5591566689216 175.6654229170139 597.4461272664964 188.78712058754778 -1 -1 -1 -1 -1 -1 -1 -1 1 
108 40 Car -1.000000 -1 -1 443.2958059099725 179.40440712239925 487.23550915340957 207.28558512610388 -1 -1 -1 -1 -1 -1 -1 -1 1 
108 34 Car -1.000000 -1 -1 519.5887277142692 178.02592301485475 540.7145238016758 189.6859023434552 -1 -1 -1 -1 -1 -1 -1 -1 1 
108 23 Car -1.000000 -1 -1 576.8598224782523 176.0336854534232 598.8605090953166 188.7548104330949 -1 -1 -1 -1 -1 -1 -1 -1 1 
109 40 Car -1.000000 -1 -1 427.26849105067055 180.03976927251844 476.21900936819753 210.68073531920518 -1 -1 -1 -1 -1 -1 -1 -1 1 
109 34 Car -1.000000 -1 -1 515.0632683027069 178.3458332347613 535.7574917316944 190.95445464790055 -1 -1 -1 -1 -1 -1 -1 -1 1 
109 23 Car -1.000000 -1 -1 577.3163769131106 176.69185729952503 599.0470464467369 188.99650869883473 -1 -1 -1 -1 -1 -1 -1 -1 1 
110 40 Car -1.000000 -1 -1 403.86706537922316 181.179604089029 461.94221088995823 215.2818329433274 -1 -1 -1 -1 -1 -1 -1 -1 1 
110 34 Car -1.000000 -1 -1 512.1049029357906 178.82475023699027 533.1441208138821 192.09091965841804 -1 -1 -1 -1 -1 -1 -1 -1 1 
110 23 Car -1.000000 -1 -1 578.1759960999391 177.20087545924602 599.814333364898 188.97101287538 -1 -1 -1 -1 -1 -1 -1 -1 1 
111 40 Car -1.000000 -1 -1 383.60166215608035 183.30748598890298 448.47347954613133 220.42890918008075 -1 -1 -1 -1 -1 -1 -1 -1 1 
111 34 Car -1.000000 -1 -1 508.8306748053811 178.47303949706787 530.5267382893257 192.596845198601 -1 -1 -1 -1 -1 -1 -1 -1 1 
111 23 Car -1.000000 -1 -1 577.8681763684153 177.07539911047425 599.4160224524151 188.87573688620208 -1 -1 -1 -1 -1 -1 -1 -1 1 
112 46 Car -1.000000 -1 -1 559.2483642833307 172.49417423741858 572.64341052017 183.0876803961495 -1 -1 -1 -1 -1 -1 -1 -1 1 
112 40 Car -1.000000 -1 -1 351.38905455607187 183.1743987139767 426.090716093766 224.694891370707 -1 -1 -1 -1 -1 -1 -1 -1 1 
112 34 Car -1.000000 -1 -1 503.7104499983205 177.23807718901196 526.4883390851625 192.237080698768 -1 -1 -1 -1 -1 -1 -1 -1 1 
112 23 Car -1.000000 -1 -1 577.5414596157699 176.2391014409701 598.6207927141371 188.38633727168167 -1 -1 -1 -1 -1 -1 -1 -1 1 
113 47 Car -1.000000 -1 -1 577.6061935121231 172.79435141674975 597.2134324154706 184.16857601842946 -1 -1 -1 -1 -1 -1 -1 -1 1 
113 46 Car -1.000000 -1 -1 560.814507654893 172.06630759997 573.8021901813237 183.27708868137637 -1 -1 -1 -1 -1 -1 -1 -1 1 
113 40 Car -1.000000 -1 -1 310.1623751710482 183.76122157073527 397.53633476298626 231.59124933923326 -1 -1 -1 -1 -1 -1 -1 -1 1 
113 34 Car -1.000000 -1 -1 499.0809746459886 176.69000752550912 523.6240577556822 192.43679067225153 -1 -1 -1 -1 -1 -1 -1 -1 1 
114 47 Car -1.000000 -1 -1 578.2738213201434 172.6507905793354 598.4074386944632 184.28539430513607 -1 -1 -1 -1 -1 -1 -1 -1 1 
114 34 Car -1.000000 -1 -1 493.6551454032968 176.17208652879046 518.4365818504152 193.31018948349887 -1 -1 -1 -1 -1 -1 -1 -1 1 
115 47 Car -1.000000 -1 -1 574.6248018043119 172.73834817409897 595.4605458661412 184.29309422680052 -1 -1 -1 -1 -1 -1 -1 -1 1 
115 34 Car -1.000000 -1 -1 486.79893013474447 175.7726558047433 513.1447500970265 194.89173875871847 -1 -1 -1 -1 -1 -1 -1 -1 1 
116 34 Car -1.000000 -1 -1 478.2969938744783 177.89981940382634 507.51870204764634 198.55670779633292 -1 -1 -1 -1 -1 -1 -1 -1 1 
117 34 Car -1.000000 -1 -1 468.98929259779163 178.66797695554772 501.31374870842444 201.26522570539225 -1 -1 -1 -1 -1 -1 -1 -1 1 
118 34 Car -1.000000 -1 -1 457.6454563088658 178.7105229935536 493.50810392154193 203.91914859157052 -1 -1 -1 -1 -1 -1 -1 -1 1 
119 34 Car -1.000000 -1 -1 446.0248715391213 179.00242393304305 485.1443934397145 206.55273075661862 -1 -1 -1 -1 -1 -1 -1 -1 1 
120 34 Car -1.000000 -1 -1 429.80837179307525 179.85262495974115 476.3495099343694 210.64295932013323 -1 -1 -1 -1 -1 -1 -1 -1 1 
121 50 Car -1.000000 -1 -1 577.5610715863995 175.3032915558823 595.8264097315539 188.4972845990191 -1 -1 -1 -1 -1 -1 -1 -1 1 
121 34 Car -1.000000 -1 -1 410.9681253393147 181.7999384329469 465.54248822374257 215.8880158824367 -1 -1 -1 -1 -1 -1 -1 -1 1 
122 50 Car -1.000000 -1 -1 577.6111585010904 175.3903767160361 595.3480611030643 188.34127123857007 -1 -1 -1 -1 -1 -1 -1 -1 1 
122 34 Car -1.000000 -1 -1 389.2999835545736 183.76191012862964 452.3812574466597 221.13591728862295 -1 -1 -1 -1 -1 -1 -1 -1 1 
123 50 Car -1.000000 -1 -1 578.4007545435958 175.2783651641431 595.5636686663337 188.3529350692816 -1 -1 -1 -1 -1 -1 -1 -1 1 
123 34 Car -1.000000 -1 -1 355.97079647679635 185.3003814418359 427.6642260416207 227.62231620294023 -1 -1 -1 -1 -1 -1 -1 -1 1 
124 34 Car -1.000000 -1 -1 317.07582992423573 187.0415779884165 401.442465179761 235.78614102546297 -1 -1 -1 -1 -1 -1 -1 -1 1 
127 50 Car -1.000000 -1 -1 581.2094201922413 175.77382478340184 599.707045470136 188.848755135192 -1 -1 -1 -1 -1 -1 -1 -1 1 
135 50 Car -1.000000 -1 -1 582.6504396381355 171.18709426737757 600.9932717115302 184.88948197241456 -1 -1 -1 -1 -1 -1 -1 -1 1 
152 59 Car -1.000000 -1 -1 551.7378405036869 170.94386024757424 571.9564207700829 185.0795429996447 -1 -1 -1 -1 -1 -1 -1 -1 1 
153 59 Car -1.000000 -1 -1 550.593954579286 170.69407641253645 571.2722776206551 185.28344689588954 -1 -1 -1 -1 -1 -1 -1 -1 1 
154 59 Car -1.000000 -1 -1 548.3981068570973 170.23124262207105 570.1770216395602 186.19667882358587 -1 -1 -1 -1 -1 -1 -1 -1 1 
157 59 Car -1.000000 -1 -1 547.2961189645625 172.44842484848837 570.4119189201595 189.4018344833939 -1 -1 -1 -1 -1 -1 -1 -1 1 
158 59 Car -1.000000 -1 -1 546.6357054273279 174.72135867255722 570.1483950152821 192.47629449349844 -1 -1 -1 -1 -1 -1 -1 -1 1 
159 59 Car -1.000000 -1 -1 546.9692576929482 176.51701660698322 570.5629349135194 194.0112808439312 -1 -1 -1 -1 -1 -1 -1 -1 1 
160 59 Car -1.000000 -1 -1 545.9668140715107 177.13006439750635 569.7039513923071 194.73902580834695 -1 -1 -1 -1 -1 -1 -1 -1 1 
165 59 Car -1.000000 -1 -1 545.4055009339853 175.03231286240975 570.6399441533241 193.34637151022582 -1 -1 -1 -1 -1 -1 -1 -1 1 
166 59 Car -1.000000 -1 -1 544.2338836263469 174.73389159261177 570.3097410973213 193.7239266860713 -1 -1 -1 -1 -1 -1 -1 -1 1 
168 61 Car -1.000000 -1 -1 582.5172568034033 170.447578757274 600.2089797544601 182.23913136063285 -1 -1 -1 -1 -1 -1 -1 -1 1 
170 59 Car -1.000000 -1 -1 542.5095457523767 174.23825849826022 572.5866962289151 195.9395549317037 -1 -1 -1 -1 -1 -1 -1 -1 1 
171 59 Car -1.000000 -1 -1 542.1866280380352 178.34806042098836 574.3496136379938 200.91636212321475 -1 -1 -1 -1 -1 -1 -1 -1 1 
172 59 Car -1.000000 -1 -1 541.4946239924345 179.91492272937228 574.7832666939544 203.2927664033591 -1 -1 -1 -1 -1 -1 -1 -1 1 
173 59 Car -1.000000 -1 -1 540.1596567839265 179.0017625594023 574.2591701052643 202.72570170898015 -1 -1 -1 -1 -1 -1 -1 -1 1 
174 59 Car -1.000000 -1 -1 539.8108818968695 177.76746070616448 575.1090150094955 201.69793742908487 -1 -1 -1 -1 -1 -1 -1 -1 1 
176 64 Car -1.000000 -1 -1 582.757819694712 176.79405654035946 618.5540501648782 206.16446317606346 -1 -1 -1 -1 -1 -1 -1 -1 1 
177 64 Car -1.000000 -1 -1 583.0582692911532 176.2310126618371 619.2348465495922 206.7535187818276 -1 -1 -1 -1 -1 -1 -1 -1 1 
178 59 Car -1.000000 -1 -1 536.1354624107632 177.95813242238282 573.1180489827677 202.91659961595454 -1 -1 -1 -1 -1 -1 -1 -1 1 
179 59 Car -1.000000 -1 -1 536.1344955407644 178.8383536384312 573.0887037613634 204.14104144836276 -1 -1 -1 -1 -1 -1 -1 -1 1 
180 59 Car -1.000000 -1 -1 535.8500499347451 179.00379851407715 572.6175710339833 204.6350295165404 -1 -1 -1 -1 -1 -1 -1 -1 1 
183 65 Car -1.000000 -1 -1 584.7852524551397 180.4732176108152 623.879355633492 210.4752674362067 -1 -1 -1 -1 -1 -1 -1 -1 1 
184 65 Car -1.000000 -1 -1 584.1481225182815 182.44470233159444 623.0735133634962 212.41941852191167 -1 -1 -1 -1 -1 -1 -1 -1 1 
184 59 Car -1.000000 -1 -1 534.5891603659987 179.03474821891217 570.6569243331359 206.26845615568885 -1 -1 -1 -1 -1 -1 -1 -1 1 
185 65 Car -1.000000 -1 -1 584.262174919055 182.21118830255554 622.9753990336264 212.93927315324905 -1 -1 -1 -1 -1 -1 -1 -1 1 
185 59 Car -1.000000 -1 -1 533.9262660770606 181.73812895636604 570.4765871736305 208.1967218699417 -1 -1 -1 -1 -1 -1 -1 -1 1 
186 65 Car -1.000000 -1 -1 583.9271131964583 181.12688342826553 623.6834863685287 213.8977879670417 -1 -1 -1 -1 -1 -1 -1 -1 1 
186 59 Car -1.000000 -1 -1 533.8269291676071 182.77488213111647 570.2384742237167 209.29630869091815 -1 -1 -1 -1 -1 -1 -1 -1 1 
187 65 Car -1.000000 -1 -1 583.3612093696651 181.23486506071805 623.4802175589597 215.11621666427067 -1 -1 -1 -1 -1 -1 -1 -1 1 
187 59 Car -1.000000 -1 -1 531.3907849618848 183.3518376439578 567.0292259981856 209.97168053929445 -1 -1 -1 -1 -1 -1 -1 -1 1 
188 65 Car -1.000000 -1 -1 583.009871538601 180.66652635443876 623.50727910289 215.88519072002208 -1 -1 -1 -1 -1 -1 -1 -1 1 
188 59 Car -1.000000 -1 -1 530.8570703185259 183.37005472633672 565.3082699048686 210.14353241358089 -1 -1 -1 -1 -1 -1 -1 -1 1 
189 65 Car -1.000000 -1 -1 582.903246933948 180.3987283050119 622.8391503704582 215.87012072643347 -1 -1 -1 -1 -1 -1 -1 -1 1 
189 59 Car -1.000000 -1 -1 530.5569508553446 183.14631939401343 563.7043098831638 209.797149616511 -1 -1 -1 -1 -1 -1 -1 -1 1 
190 65 Car -1.000000 -1 -1 583.137546755588 180.2579980024265 623.3529630894778 215.56373513515447 -1 -1 -1 -1 -1 -1 -1 -1 1 
190 59 Car -1.000000 -1 -1 529.4534661294982 180.13750064505112 561.8997074435439 207.81444430660022 -1 -1 -1 -1 -1 -1 -1 -1 1 
191 65 Car -1.000000 -1 -1 583.2948585017538 180.87907845847317 623.733686320967 215.64795410811544 -1 -1 -1 -1 -1 -1 -1 -1 1 
191 59 Car -1.000000 -1 -1 527.3959657613013 178.6958714184465 560.281449686204 207.02682138490823 -1 -1 -1 -1 -1 -1 -1 -1 1 
192 65 Car -1.000000 -1 -1 582.7663768198063 179.84139331442105 623.4825284097817 215.62624598649649 -1 -1 -1 -1 -1 -1 -1 -1 1 
192 59 Car -1.000000 -1 -1 526.1853813965903 181.50405217102275 559.8517380082116 208.96775254249673 -1 -1 -1 -1 -1 -1 -1 -1 1 
193 65 Car -1.000000 -1 -1 582.9854016826511 184.3758539194924 624.5328742223559 219.5771014250216 -1 -1 -1 -1 -1 -1 -1 -1 1 
193 59 Car -1.000000 -1 -1 524.0265016108614 182.95303895251894 559.1302187265918 210.32718170736447 -1 -1 -1 -1 -1 -1 -1 -1 1 
194 65 Car -1.000000 -1 -1 582.0794210711846 181.658661706705 623.99363102562 218.029673044471 -1 -1 -1 -1 -1 -1 -1 -1 1 
194 59 Car -1.000000 -1 -1 521.2248186885436 183.98561244026303 558.4331208070328 211.48543802499586 -1 -1 -1 -1 -1 -1 -1 -1 1 
195 65 Car -1.000000 -1 -1 580.8977915199557 180.53768142127842 623.4819982164404 217.88886733485344 -1 -1 -1 -1 -1 -1 -1 -1 1 
195 59 Car -1.000000 -1 -1 519.4272279910966 184.20058704219122 558.2634722834367 211.55249757549007 -1 -1 -1 -1 -1 -1 -1 -1 1 
196 65 Car -1.000000 -1 -1 579.9297615623483 179.8489160805647 623.2381739877175 218.08191774748136 -1 -1 -1 -1 -1 -1 -1 -1 1 
196 59 Car -1.000000 -1 -1 517.6212352269483 184.0926064431471 558.2237717258363 211.6871214436628 -1 -1 -1 -1 -1 -1 -1 -1 1 
197 65 Car -1.000000 -1 -1 579.8801873897371 179.83086592504088 623.5463801822204 218.66452066897284 -1 -1 -1 -1 -1 -1 -1 -1 1 
197 59 Car -1.000000 -1 -1 516.2269285724527 183.3064911314483 557.657515125746 211.46480176738237 -1 -1 -1 -1 -1 -1 -1 -1 1 
198 65 Car -1.000000 -1 -1 579.3324729539142 179.14652460876152 622.9667990441028 218.59783155092146 -1 -1 -1 -1 -1 -1 -1 -1 1 
198 59 Car -1.000000 -1 -1 514.4248805459166 180.4946611846961 556.3010874387413 209.0789827659653 -1 -1 -1 -1 -1 -1 -1 -1 1 
199 65 Car -1.000000 -1 -1 578.6373998044394 179.085930851814 622.6819322746087 218.81500235465688 -1 -1 -1 -1 -1 -1 -1 -1 1 
199 59 Car -1.000000 -1 -1 513.7619848415927 181.69608055949007 556.777394219268 210.6924589959925 -1 -1 -1 -1 -1 -1 -1 -1 1 
200 68 Car -1.000000 -1 -1 302.919706007938 178.56039476138648 361.5674009610108 215.30059580163385 -1 -1 -1 -1 -1 -1 -1 -1 1 
200 65 Car -1.000000 -1 -1 577.0311207955756 179.10074570191793 623.0075702106776 219.56150173161515 -1 -1 -1 -1 -1 -1 -1 -1 1 
200 59 Car -1.000000 -1 -1 512.6482739205181 181.47190495447006 556.5690317592836 211.43680055521924 -1 -1 -1 -1 -1 -1 -1 -1 1 
201 68 Car -1.000000 -1 -1 276.48442924185747 178.54309526113803 341.53901582473657 219.38882236447103 -1 -1 -1 -1 -1 -1 -1 -1 1 
201 65 Car -1.000000 -1 -1 576.5883361585127 179.17983291768397 623.7500746320823 219.62479595150515 -1 -1 -1 -1 -1 -1 -1 -1 1 
201 59 Car -1.000000 -1 -1 510.72230039222893 179.23733425199873 555.1348676979084 209.62739881714685 -1 -1 -1 -1 -1 -1 -1 -1 1 
202 69 Car -1.000000 -1 -1 412.9292883108964 180.41027401456645 439.6105845263464 197.09108991115053 -1 -1 -1 -1 -1 -1 -1 -1 1 
202 68 Car -1.000000 -1 -1 245.2195388919014 181.21050557568566 321.95809542864015 224.13188277496658 -1 -1 -1 -1 -1 -1 -1 -1 1 
202 65 Car -1.000000 -1 -1 575.863578779388 179.0013722412872 623.5242669667032 219.91884146730533 -1 -1 -1 -1 -1 -1 -1 -1 1 
202 59 Car -1.000000 -1 -1 510.35559785745806 180.4885691479433 554.8830429476624 211.29490703676456 -1 -1 -1 -1 -1 -1 -1 -1 1 
203 69 Car -1.000000 -1 -1 401.30867211086047 178.86268882947877 434.7845505712221 198.8636277514713 -1 -1 -1 -1 -1 -1 -1 -1 1 
203 68 Car -1.000000 -1 -1 213.1477113006746 181.48392645291221 300.52423328010593 227.4351572368567 -1 -1 -1 -1 -1 -1 -1 -1 1 
203 65 Car -1.000000 -1 -1 574.4964067304027 180.74580424276064 623.8492846418055 223.97574923188125 -1 -1 -1 -1 -1 -1 -1 -1 1 
203 59 Car -1.000000 -1 -1 509.89458999689145 181.02553691544298 554.9152155972399 211.90672641247735 -1 -1 -1 -1 -1 -1 -1 -1 1 
204 69 Car -1.000000 -1 -1 390.83157296798464 180.33883356491802 428.5070908067831 201.94733965298448 -1 -1 -1 -1 -1 -1 -1 -1 1 
204 68 Car -1.000000 -1 -1 170.40718929388552 183.1946519345108 271.6620467781563 234.56065312779063 -1 -1 -1 -1 -1 -1 -1 -1 1 
204 65 Car -1.000000 -1 -1 573.7427074836773 181.66944218490107 624.1373320597925 226.67301073636435 -1 -1 -1 -1 -1 -1 -1 -1 1 
204 59 Car -1.000000 -1 -1 508.44533694728653 181.78023103153015 553.8617876564018 213.29300686438546 -1 -1 -1 -1 -1 -1 -1 -1 1 
205 69 Car -1.000000 -1 -1 380.15233713105 183.49116612911183 418.7065907336405 205.84235565599045 -1 -1 -1 -1 -1 -1 -1 -1 1 
205 68 Car -1.000000 -1 -1 110.80040778706308 186.88992708744343 238.03279699357478 246.02267882407693 -1 -1 -1 -1 -1 -1 -1 -1 1 
205 65 Car -1.000000 -1 -1 570.1819301750687 183.17255297599186 620.885677433343 227.16891386625102 -1 -1 -1 -1 -1 -1 -1 -1 1 
205 59 Car -1.000000 -1 -1 508.2362895928207 183.44713559841855 552.8869487131111 215.35504540395718 -1 -1 -1 -1 -1 -1 -1 -1 1 
206 69 Car -1.000000 -1 -1 368.8955717079739 185.04152380289963 409.96015142833414 208.38995511141337 -1 -1 -1 -1 -1 -1 -1 -1 1 
206 68 Car -1.000000 -1 -1 43.64547817495213 190.97081290848416 189.234437081807 257.95826944238866 -1 -1 -1 -1 -1 -1 -1 -1 1 
206 65 Car -1.000000 -1 -1 568.940705810598 183.53201544269137 619.7101358041543 227.38632322719417 -1 -1 -1 -1 -1 -1 -1 -1 1 
206 59 Car -1.000000 -1 -1 507.9701545974589 183.7103721766469 551.6363302097822 216.09320058175325 -1 -1 -1 -1 -1 -1 -1 -1 1 
207 69 Car -1.000000 -1 -1 356.3137331317711 182.97195138050552 399.17742162258946 207.2589428937211 -1 -1 -1 -1 -1 -1 -1 -1 1 
207 68 Car -1.000000 -1 -1 -4.269706321770059 195.274358962758 136.6032811415381 267.94198755861476 -1 -1 -1 -1 -1 -1 -1 -1 1 
207 65 Car -1.000000 -1 -1 566.4874997430785 182.16881840716968 621.7785924453677 228.95091300347144 -1 -1 -1 -1 -1 -1 -1 -1 1 
207 59 Car -1.000000 -1 -1 507.1093122875449 182.00594013667094 551.0928908144208 214.78548891986551 -1 -1 -1 -1 -1 -1 -1 -1 1 
208 69 Car -1.000000 -1 -1 339.4559387652863 180.2923695224872 388.4390896260642 206.7373522952729 -1 -1 -1 -1 -1 -1 -1 -1 1 
208 65 Car -1.000000 -1 -1 565.3936613035769 177.8088759131356 623.400094980623 225.0423253773923 -1 -1 -1 -1 -1 -1 -1 -1 1 
208 59 Car -1.000000 -1 -1 507.17896893178903 178.3895566439668 550.8255096884632 211.4513901577108 -1 -1 -1 -1 -1 -1 -1 -1 1 
209 69 Car -1.000000 -1 -1 322.65066445202785 178.76946572749617 376.6408144122955 207.13813124976483 -1 -1 -1 -1 -1 -1 -1 -1 1 
209 65 Car -1.000000 -1 -1 564.5471464267881 175.71811726851422 623.8902427820348 223.57477831777618 -1 -1 -1 -1 -1 -1 -1 -1 1 
209 59 Car -1.000000 -1 -1 507.24453885042215 176.20679192440653 550.7431112733824 209.62357467525342 -1 -1 -1 -1 -1 -1 -1 -1 1 
210 69 Car -1.000000 -1 -1 304.1765915201312 180.12888840641466 363.1588781781568 210.0896816221839 -1 -1 -1 -1 -1 -1 -1 -1 1 
210 65 Car -1.000000 -1 -1 564.2192837058201 174.35199859720825 625.2696809880788 223.25182162719102 -1 -1 -1 -1 -1 -1 -1 -1 1 
210 59 Car -1.000000 -1 -1 507.6172839161541 175.55883639834354 550.5860851304759 209.37717323562237 -1 -1 -1 -1 -1 -1 -1 -1 1 
211 69 Car -1.000000 -1 -1 285.45336547873853 181.82747815141087 348.63158320725233 213.3360907052411 -1 -1 -1 -1 -1 -1 -1 -1 1 
211 65 Car -1.000000 -1 -1 563.8383872064169 175.29820736710138 622.8462180722793 221.70154834361398 -1 -1 -1 -1 -1 -1 -1 -1 1 
211 59 Car -1.000000 -1 -1 508.4438471670018 175.88868460886707 550.9060477330662 209.63165428166198 -1 -1 -1 -1 -1 -1 -1 -1 1 
212 69 Car -1.000000 -1 -1 261.73096341414305 184.2322155241808 331.7525502603406 218.7320591718148 -1 -1 -1 -1 -1 -1 -1 -1 1 
212 65 Car -1.000000 -1 -1 564.4310623733888 176.61924378895824 621.3330145152222 221.0459161730747 -1 -1 -1 -1 -1 -1 -1 -1 1 
212 59 Car -1.000000 -1 -1 508.3178662778708 176.16661017586014 550.8817051208769 210.09962149957087 -1 -1 -1 -1 -1 -1 -1 -1 1 
213 69 Car -1.000000 -1 -1 231.99557170291808 186.68152422385938 310.1942711763451 223.59761215494373 -1 -1 -1 -1 -1 -1 -1 -1 1 
213 65 Car -1.000000 -1 -1 565.3695002969584 177.73507507683263 620.8825644773749 219.41227026792296 -1 -1 -1 -1 -1 -1 -1 -1 1 
213 59 Car -1.000000 -1 -1 507.74507505351227 179.02646659074566 551.457358677836 212.56919315219073 -1 -1 -1 -1 -1 -1 -1 -1 1 
214 69 Car -1.000000 -1 -1 196.94516957920226 189.0456725749487 287.1575756644372 229.65654072609237 -1 -1 -1 -1 -1 -1 -1 -1 1 
214 59 Car -1.000000 -1 -1 508.07623285956987 179.74596573916705 552.4897324894567 213.58786838189775 -1 -1 -1 -1 -1 -1 -1 -1 1 
215 69 Car -1.000000 -1 -1 156.06329670290663 190.8368591491982 258.7130835605729 235.58264553866897 -1 -1 -1 -1 -1 -1 -1 -1 1 
215 59 Car -1.000000 -1 -1 508.1842734767654 180.45374443761415 553.2693190358343 213.91448549148788 -1 -1 -1 -1 -1 -1 -1 -1 1 
216 75 Car -1.000000 -1 -1 566.3044398300586 181.28297949425803 629.5949108215776 232.78137926100658 -1 -1 -1 -1 -1 -1 -1 -1 1 
216 69 Car -1.000000 -1 -1 102.20873258688157 192.93605659213472 221.21240936754674 243.52711854303755 -1 -1 -1 -1 -1 -1 -1 -1 1 
216 59 Car -1.000000 -1 -1 507.5351018733515 180.5562268519126 553.1375017189382 214.06066328739965 -1 -1 -1 -1 -1 -1 -1 -1 1 
217 75 Car -1.000000 -1 -1 565.8972232713908 181.13202836760385 630.0540328854057 233.04667772928846 -1 -1 -1 -1 -1 -1 -1 -1 1 
217 69 Car -1.000000 -1 -1 39.44805840706056 195.1010611430592 176.33101124247386 251.64564031921446 -1 -1 -1 -1 -1 -1 -1 -1 1 
217 59 Car -1.000000 -1 -1 506.98441501307525 180.2004147426462 553.347421739908 213.656254370999 -1 -1 -1 -1 -1 -1 -1 -1 1 
218 69 Car -1.000000 -1 -1 -1.183893334904198 199.67474500289575 132.80025004556848 261.3850499700011 -1 -1 -1 -1 -1 -1 -1 -1 1 
218 59 Car -1.000000 -1 -1 506.9317305155699 180.15118544727125 553.7258883826428 213.20833659379286 -1 -1 -1 -1 -1 -1 -1 -1 1 
219 59 Car -1.000000 -1 -1 506.91095470288076 177.8797525769805 553.0074105032323 211.01915282533676 -1 -1 -1 -1 -1 -1 -1 -1 1 
220 59 Car -1.000000 -1 -1 506.77015656737376 176.43983544163598 552.576087161535 209.79324927395504 -1 -1 -1 -1 -1 -1 -1 -1 1 
221 75 Car -1.000000 -1 -1 565.255909023179 174.59907904957373 621.0973480348317 221.94016439943425 -1 -1 -1 -1 -1 -1 -1 -1 1 
221 59 Car -1.000000 -1 -1 507.20698725719234 176.35293932049817 552.1334703407372 209.8597465357075 -1 -1 -1 -1 -1 -1 -1 -1 1 
222 75 Car -1.000000 -1 -1 565.4590733456986 174.46538496443324 622.4914196271935 223.01950698351803 -1 -1 -1 -1 -1 -1 -1 -1 1 
222 59 Car -1.000000 -1 -1 507.40875690704183 176.39607828079215 551.6611699804475 209.85885644164426 -1 -1 -1 -1 -1 -1 -1 -1 1 
223 78 Car -1.000000 -1 -1 383.40800746046034 176.1824601918414 409.04348135417945 194.5042616415283 -1 -1 -1 -1 -1 -1 -1 -1 1 
223 77 Car -1.000000 -1 -1 312.7389516052638 173.07386721550554 362.81243111772216 206.8905272449101 -1 -1 -1 -1 -1 -1 -1 -1 1 
223 75 Car -1.000000 -1 -1 564.6562336307715 174.01256171299082 623.2107722962841 223.2368443543087 -1 -1 -1 -1 -1 -1 -1 -1 1 
223 59 Car -1.000000 -1 -1 507.82998775632467 175.9412828782974 551.1493716826902 209.26381810695415 -1 -1 -1 -1 -1 -1 -1 -1 1 
224 78 Car -1.000000 -1 -1 374.2495148669242 175.12404291137543 405.0677345334319 196.09346563634304 -1 -1 -1 -1 -1 -1 -1 -1 1 
224 77 Car -1.000000 -1 -1 295.3519623667439 174.35884090827034 350.7453509528418 210.18092847405745 -1 -1 -1 -1 -1 -1 -1 -1 1 
224 75 Car -1.000000 -1 -1 565.174005092136 174.6009094923233 619.9673980484811 222.36566545449574 -1 -1 -1 -1 -1 -1 -1 -1 1 
224 59 Car -1.000000 -1 -1 507.58240480755137 175.56200458717757 550.9630447728845 208.6002764168968 -1 -1 -1 -1 -1 -1 -1 -1 1 
225 78 Car -1.000000 -1 -1 361.67725730392266 177.27821223898644 396.4783660685492 199.58410254709878 -1 -1 -1 -1 -1 -1 -1 -1 1 
225 77 Car -1.000000 -1 -1 275.511762765078 174.7118798598491 337.43570600613197 213.06735103170962 -1 -1 -1 -1 -1 -1 -1 -1 1 
225 75 Car -1.000000 -1 -1 565.1660048889019 174.78570955822747 617.4890386472935 220.534139355801 -1 -1 -1 -1 -1 -1 -1 -1 1 
225 59 Car -1.000000 -1 -1 507.13547022995704 176.21223746831808 550.7116456914821 208.95817552312369 -1 -1 -1 -1 -1 -1 -1 -1 1 
226 78 Car -1.000000 -1 -1 350.8203076992676 179.32494421224595 389.3801186830116 202.69725538289669 -1 -1 -1 -1 -1 -1 -1 -1 1 
226 77 Car -1.000000 -1 -1 248.75582802548664 177.4814042195002 318.4683727835711 218.88901836514592 -1 -1 -1 -1 -1 -1 -1 -1 1 
226 75 Car -1.000000 -1 -1 565.6859783159032 172.00160142379252 620.8639445989677 222.27402999551725 -1 -1 -1 -1 -1 -1 -1 -1 1 
226 59 Car -1.000000 -1 -1 506.2659960933671 178.7999448033307 550.9745413386544 211.34116993906585 -1 -1 -1 -1 -1 -1 -1 -1 1 
227 78 Car -1.000000 -1 -1 338.06043357905685 180.96377931028482 377.74544829377055 205.85305919552852 -1 -1 -1 -1 -1 -1 -1 -1 1 
227 77 Car -1.000000 -1 -1 220.5645696323566 180.94361575001483 295.8473131903399 224.13118599936695 -1 -1 -1 -1 -1 -1 -1 -1 1 
227 59 Car -1.000000 -1 -1 505.46954121900086 180.74687500239872 550.8167966823837 213.02383991779902 -1 -1 -1 -1 -1 -1 -1 -1 1 
228 78 Car -1.000000 -1 -1 324.92909073730567 182.47838590239223 367.5986359026909 208.74248312186955 -1 -1 -1 -1 -1 -1 -1 -1 1 
228 77 Car -1.000000 -1 -1 186.1593510417856 181.67531157318666 270.3933910288962 229.57560004288462 -1 -1 -1 -1 -1 -1 -1 -1 1 
228 59 Car -1.000000 -1 -1 504.7024951770788 181.41758201792052 550.8545477804712 213.77976751214769 -1 -1 -1 -1 -1 -1 -1 -1 1 
229 78 Car -1.000000 -1 -1 310.4826071526594 183.0117614463051 354.9070846570105 210.3775109747463 -1 -1 -1 -1 -1 -1 -1 -1 1 
229 77 Car -1.000000 -1 -1 145.0884705381779 182.0826305129345 241.99213022288615 234.5583474134192 -1 -1 -1 -1 -1 -1 -1 -1 1 
229 59 Car -1.000000 -1 -1 504.3496437991188 181.4904828297084 550.856757832286 213.84820713844977 -1 -1 -1 -1 -1 -1 -1 -1 1 
230 78 Car -1.000000 -1 -1 294.37538520781834 183.04935017233373 341.2383987807508 211.99032233238097 -1 -1 -1 -1 -1 -1 -1 -1 1 
230 77 Car -1.000000 -1 -1 92.75308125861906 182.44416257921048 207.3497567000649 241.44910476810256 -1 -1 -1 -1 -1 -1 -1 -1 1 
230 59 Car -1.000000 -1 -1 500.4796061755668 181.30886399931578 546.321751562942 213.91810716682053 -1 -1 -1 -1 -1 -1 -1 -1 1 
231 78 Car -1.000000 -1 -1 277.2100864256521 182.99958993453697 327.8081004349 213.4839140433852 -1 -1 -1 -1 -1 -1 -1 -1 1 
231 77 Car -1.000000 -1 -1 34.159275495977184 183.99096168776975 168.8531938559192 249.88969526762418 -1 -1 -1 -1 -1 -1 -1 -1 1 
231 59 Car -1.000000 -1 -1 498.546047664258 181.05087812181523 543.2154471047589 213.53019054660803 -1 -1 -1 -1 -1 -1 -1 -1 1 
232 78 Car -1.000000 -1 -1 256.5151919989531 182.6581782013953 312.29558894313175 215.08479024411838 -1 -1 -1 -1 -1 -1 -1 -1 1 
232 77 Car -1.000000 -1 -1 -5.663988121676901 184.1407231651326 130.43200960287209 256.63262989708744 -1 -1 -1 -1 -1 -1 -1 -1 1 
232 59 Car -1.000000 -1 -1 496.24044884004877 180.9297740477794 540.4019243126648 212.5326142039894 -1 -1 -1 -1 -1 -1 -1 -1 1 
233 78 Car -1.000000 -1 -1 232.67833120802 182.59831420047726 294.34939678741546 218.39884067666986 -1 -1 -1 -1 -1 -1 -1 -1 1 
233 77 Car -1.000000 -1 -1 -28.95993757983568 186.1322663102204 85.95295909834266 260.88375048661504 -1 -1 -1 -1 -1 -1 -1 -1 1 
233 59 Car -1.000000 -1 -1 494.72762473082264 178.73913727311043 537.8154853636141 210.33366655640185 -1 -1 -1 -1 -1 -1 -1 -1 1 
234 85 Car -1.000000 -1 -1 554.282715367668 180.096294815872 604.0063696014792 224.70682380983038 -1 -1 -1 -1 -1 -1 -1 -1 1 
234 78 Car -1.000000 -1 -1 204.23919457442685 185.54507297051242 272.71660612776145 222.63386170530106 -1 -1 -1 -1 -1 -1 -1 -1 1 
234 59 Car -1.000000 -1 -1 494.1464592820144 181.04027305933477 536.7345494793356 211.92487124998019 -1 -1 -1 -1 -1 -1 -1 -1 1 
235 85 Car -1.000000 -1 -1 553.001154213817 181.68446026515795 601.7529290310642 226.57313672229043 -1 -1 -1 -1 -1 -1 -1 -1 1 
235 78 Car -1.000000 -1 -1 171.58025903288802 187.97140913722694 247.53630919536926 227.49053790640767 -1 -1 -1 -1 -1 -1 -1 -1 1 
235 59 Car -1.000000 -1 -1 494.1517860918003 182.1691309175096 536.1535050738636 212.81778796630627 -1 -1 -1 -1 -1 -1 -1 -1 1 
236 85 Car -1.000000 -1 -1 551.4358463394906 182.51726638208487 600.2100756138557 228.12858676743343 -1 -1 -1 -1 -1 -1 -1 -1 1 
236 78 Car -1.000000 -1 -1 132.69658459218113 190.19068293698498 217.01936717285264 232.72449825898056 -1 -1 -1 -1 -1 -1 -1 -1 1 
236 59 Car -1.000000 -1 -1 492.3491688008071 182.75054920337612 534.3086875998415 213.29326917624292 -1 -1 -1 -1 -1 -1 -1 -1 1 
237 85 Car -1.000000 -1 -1 548.6152833726761 180.6623223520384 593.3236847146067 221.00267669084147 -1 -1 -1 -1 -1 -1 -1 -1 1 
237 78 Car -1.000000 -1 -1 81.64647514956522 192.56665528691616 179.70659981512915 239.73744234392137 -1 -1 -1 -1 -1 -1 -1 -1 1 
237 59 Car -1.000000 -1 -1 490.4834764253058 182.8684144640054 532.3409080179501 213.23322995224902 -1 -1 -1 -1 -1 -1 -1 -1 1 
238 85 Car -1.000000 -1 -1 547.8750970809875 180.73146518105 589.6068970892919 217.0798451170818 -1 -1 -1 -1 -1 -1 -1 -1 1 
238 78 Car -1.000000 -1 -1 24.782765352016156 193.03461349892117 138.66488326041082 245.67625102984837 -1 -1 -1 -1 -1 -1 -1 -1 1 
238 59 Car -1.000000 -1 -1 489.1942881852613 183.23659303443605 530.9750824851758 213.15782433149832 -1 -1 -1 -1 -1 -1 -1 -1 1 
239 85 Car -1.000000 -1 -1 546.8325295980064 181.69851649076313 587.5529587762617 215.77680436502808 -1 -1 -1 -1 -1 -1 -1 -1 1 
239 78 Car -1.000000 -1 -1 -8.353080325255306 195.23086142443904 99.56701402477404 252.0916688024964 -1 -1 -1 -1 -1 -1 -1 -1 1 
239 59 Car -1.000000 -1 -1 487.87962069582534 183.3048416574858 529.6203641380799 212.98827566415562 -1 -1 -1 -1 -1 -1 -1 -1 1 
240 85 Car -1.000000 -1 -1 544.7934360162502 183.69604795267907 588.9818569262978 221.44319223802933 -1 -1 -1 -1 -1 -1 -1 -1 1 
240 59 Car -1.000000 -1 -1 486.3254427055471 183.4288213419309 527.8841137390584 212.866628753078 -1 -1 -1 -1 -1 -1 -1 -1 1 
241 85 Car -1.000000 -1 -1 543.4229556997229 184.0545882489534 589.762350292704 223.4948345206413 -1 -1 -1 -1 -1 -1 -1 -1 1 
241 59 Car -1.000000 -1 -1 485.45854268207285 183.45069177368055 527.2793937848243 212.22996592364922 -1 -1 -1 -1 -1 -1 -1 -1 1 
242 88 Car -1.000000 -1 -1 857.4916212636201 184.4586108231498 925.6166948146947 206.55259738729347 -1 -1 -1 -1 -1 -1 -1 -1 1 
242 87 Car -1.000000 -1 -1 745.9166783815721 182.72556932113616 803.39089090461 205.19546885225571 -1 -1 -1 -1 -1 -1 -1 -1 1 
242 85 Car -1.000000 -1 -1 542.1143794276368 183.75345455289144 590.4494442987495 224.21212408680643 -1 -1 -1 -1 -1 -1 -1 -1 1 
242 59 Car -1.000000 -1 -1 485.6407010530382 180.31696641403573 527.2925718232821 209.71838001108222 -1 -1 -1 -1 -1 -1 -1 -1 1 
243 88 Car -1.000000 -1 -1 863.7070877322913 184.53919713023515 930.065179088301 207.38876665258312 -1 -1 -1 -1 -1 -1 -1 -1 1 
243 87 Car -1.000000 -1 -1 751.8924420135414 182.2016461644916 811.7888218197178 205.2720041503706 -1 -1 -1 -1 -1 -1 -1 -1 1 
243 85 Car -1.000000 -1 -1 541.9385307933052 183.66582881793624 592.1315103684996 224.6917712046826 -1 -1 -1 -1 -1 -1 -1 -1 1 
243 59 Car -1.000000 -1 -1 487.31668277103455 179.0640415105388 528.6902133392035 208.68054179969937 -1 -1 -1 -1 -1 -1 -1 -1 1 
244 88 Car -1.000000 -1 -1 877.1645924924009 184.9158302470338 942.3917709892745 208.72030421448653 -1 -1 -1 -1 -1 -1 -1 -1 1 
244 85 Car -1.000000 -1 -1 542.6441795300669 183.63544701635038 593.9462606533833 224.70948182940657 -1 -1 -1 -1 -1 -1 -1 -1 1 
244 59 Car -1.000000 -1 -1 488.91507926955694 178.90286847854034 529.4624019887974 208.45743928034554 -1 -1 -1 -1 -1 -1 -1 -1 1 
245 88 Car -1.000000 -1 -1 880.4369177400743 187.48085337841405 950.0751436392604 211.67108271907142 -1 -1 -1 -1 -1 -1 -1 -1 1 
245 59 Car -1.000000 -1 -1 490.4553298965661 182.1536481794911 531.1217492669236 211.0534036196278 -1 -1 -1 -1 -1 -1 -1 -1 1 
246 88 Car -1.000000 -1 -1 885.180310332846 189.50301802464418 960.2570639416405 214.8277507179643 -1 -1 -1 -1 -1 -1 -1 -1 1 
246 59 Car -1.000000 -1 -1 491.7079708169595 184.67915212677326 531.9282999810107 213.28809288957797 -1 -1 -1 -1 -1 -1 -1 -1 1 
247 88 Car -1.000000 -1 -1 897.7696085748079 191.63229781995898 977.4672946253546 217.68992704507292 -1 -1 -1 -1 -1 -1 -1 -1 1 
247 87 Car -1.000000 -1 -1 781.6514186905107 190.27979203496238 849.3433238519561 216.01540558932584 -1 -1 -1 -1 -1 -1 -1 -1 1 
247 59 Car -1.000000 -1 -1 492.0831861955413 185.72864870415575 531.629786054922 214.277040207069 -1 -1 -1 -1 -1 -1 -1 -1 1 
248 88 Car -1.000000 -1 -1 902.8733173087076 192.92590334192582 984.1203535773136 219.24538134793553 -1 -1 -1 -1 -1 -1 -1 -1 1 
248 87 Car -1.000000 -1 -1 787.165160741798 191.12382797779875 859.0314040087817 217.70222725143256 -1 -1 -1 -1 -1 -1 -1 -1 1 
248 85 Car -1.000000 -1 -1 548.3656259896565 186.35502773921058 592.9601424674946 225.88443057430442 -1 -1 -1 -1 -1 -1 -1 -1 1 
248 59 Car -1.000000 -1 -1 493.2677562732364 185.41214234781557 532.1525445156157 214.32130124161455 -1 -1 -1 -1 -1 -1 -1 -1 1 
249 88 Car -1.000000 -1 -1 910.3749965669483 193.75128116553708 992.8617587803094 220.99091283875867 -1 -1 -1 -1 -1 -1 -1 -1 1 
249 87 Car -1.000000 -1 -1 797.3985984402992 191.32390325416625 873.504354890075 218.91313487217482 -1 -1 -1 -1 -1 -1 -1 -1 1 
249 85 Car -1.000000 -1 -1 552.2410581847312 186.5430469165335 595.4826734687285 225.63630250267573 -1 -1 -1 -1 -1 -1 -1 -1 1 
249 59 Car -1.000000 -1 -1 494.0505221303259 185.6011899845312 532.5353473008923 214.32999570198203 -1 -1 -1 -1 -1 -1 -1 -1 1 
250 88 Car -1.000000 -1 -1 919.8160489310836 192.99001501575773 1003.738992289769 220.94697403217484 -1 -1 -1 -1 -1 -1 -1 -1 1 
250 87 Car -1.000000 -1 -1 805.9808695584846 191.33707837196567 883.9425153357314 219.16786839344536 -1 -1 -1 -1 -1 -1 -1 -1 1 
250 85 Car -1.000000 -1 -1 553.631578821314 185.76380499167885 596.5653076947474 225.6541621401238 -1 -1 -1 -1 -1 -1 -1 -1 1 
250 59 Car -1.000000 -1 -1 496.2286298005282 185.22709875594126 533.4206336035487 213.26087566890283 -1 -1 -1 -1 -1 -1 -1 -1 1 
251 88 Car -1.000000 -1 -1 929.9627693888767 191.62487384300334 1015.7337931076408 220.0250159418958 -1 -1 -1 -1 -1 -1 -1 -1 1 
251 87 Car -1.000000 -1 -1 813.7726470807032 188.27979653191858 894.4624981901462 217.59813005483352 -1 -1 -1 -1 -1 -1 -1 -1 1 
251 85 Car -1.000000 -1 -1 555.3952750343959 182.35378472894828 597.0670428722425 219.67080677132694 -1 -1 -1 -1 -1 -1 -1 -1 1 
251 59 Car -1.000000 -1 -1 497.565105403786 183.70599973762154 534.1627897401117 210.75196345132082 -1 -1 -1 -1 -1 -1 -1 -1 1 
252 88 Car -1.000000 -1 -1 941.4333088179023 190.91340104558083 1027.8805265959513 219.7419717600364 -1 -1 -1 -1 -1 -1 -1 -1 1 
252 87 Car -1.000000 -1 -1 823.3430499265945 186.89671436673595 905.6583469363969 217.25772918539363 -1 -1 -1 -1 -1 -1 -1 -1 1 
252 85 Car -1.000000 -1 -1 556.5865720180177 180.20692897280844 597.9848594445232 218.22635757791068 -1 -1 -1 -1 -1 -1 -1 -1 1 
252 59 Car -1.000000 -1 -1 499.01915570004195 180.93003285955612 534.1319099272893 207.69263816256384 -1 -1 -1 -1 -1 -1 -1 -1 1 
253 88 Car -1.000000 -1 -1 953.7590607982502 191.6335360061815 1043.135121673141 222.27817069233186 -1 -1 -1 -1 -1 -1 -1 -1 1 
253 87 Car -1.000000 -1 -1 833.1755540824967 189.16513673375138 917.0052038780715 220.33528680427017 -1 -1 -1 -1 -1 -1 -1 -1 1 
253 85 Car -1.000000 -1 -1 557.5928679564449 179.9411548404895 597.870835448861 217.8604832986282 -1 -1 -1 -1 -1 -1 -1 -1 1 
253 59 Car -1.000000 -1 -1 501.0875861253445 181.9978821899606 535.3336817816743 208.43287752251797 -1 -1 -1 -1 -1 -1 -1 -1 1 
254 88 Car -1.000000 -1 -1 968.0532410020916 195.72493398406826 1059.7391070876497 227.6763037400577 -1 -1 -1 -1 -1 -1 -1 -1 1 
254 87 Car -1.000000 -1 -1 845.3776400078178 193.9614403254899 930.1536911789618 225.18535600759742 -1 -1 -1 -1 -1 -1 -1 -1 1 
254 85 Car -1.000000 -1 -1 557.9432454849573 183.6028359667146 598.774319414131 221.60651050015085 -1 -1 -1 -1 -1 -1 -1 -1 1 
254 59 Car -1.000000 -1 -1 502.30615657315406 184.16859985466002 535.6292610161588 210.33134332114693 -1 -1 -1 -1 -1 -1 -1 -1 1 
255 88 Car -1.000000 -1 -1 984.0525708592419 197.73929270436588 1080.8088219490755 231.0578592215415 -1 -1 -1 -1 -1 -1 -1 -1 1 
255 87 Car -1.000000 -1 -1 857.3549565550646 195.92666491562466 945.3911691028312 228.25935961105796 -1 -1 -1 -1 -1 -1 -1 -1 1 
255 85 Car -1.000000 -1 -1 557.988058873188 185.22485893613612 598.8254852545488 222.93784135956452 -1 -1 -1 -1 -1 -1 -1 -1 1 
255 59 Car -1.000000 -1 -1 503.1738278668451 185.32850146180357 535.9948183465935 211.2588494103042 -1 -1 -1 -1 -1 -1 -1 -1 1 
256 88 Car -1.000000 -1 -1 1003.4361523530783 199.88787785535033 1101.345143580033 234.88906364507193 -1 -1 -1 -1 -1 -1 -1 -1 1 
256 87 Car -1.000000 -1 -1 867.286710088719 197.61690674267527 958.6276045973664 230.4808070552117 -1 -1 -1 -1 -1 -1 -1 -1 1 
256 85 Car -1.000000 -1 -1 558.0411142192102 184.9781279553839 598.9941338023937 222.55631990181155 -1 -1 -1 -1 -1 -1 -1 -1 1 
256 59 Car -1.000000 -1 -1 504.1169873518697 184.94590690420318 536.1777169771856 210.4727580111204 -1 -1 -1 -1 -1 -1 -1 -1 1 
257 88 Car -1.000000 -1 -1 1018.67048646102 200.8703748410825 1118.1709244707185 237.27614960282287 -1 -1 -1 -1 -1 -1 -1 -1 1 
257 87 Car -1.000000 -1 -1 880.0095307618445 197.784151251228 975.0325941431353 231.89166416548048 -1 -1 -1 -1 -1 -1 -1 -1 1 
257 59 Car -1.000000 -1 -1 505.18825948619013 184.0265782975624 536.5781268589525 209.5167416807286 -1 -1 -1 -1 -1 -1 -1 -1 1 
258 88 Car -1.000000 -1 -1 1036.1653859266414 200.01677218276942 1139.5334808064401 237.84744520422984 -1 -1 -1 -1 -1 -1 -1 -1 1 
258 87 Car -1.000000 -1 -1 896.3787420558367 197.61921916968004 994.5280894201892 232.6538217625942 -1 -1 -1 -1 -1 -1 -1 -1 1 
258 59 Car -1.000000 -1 -1 506.29444103187706 181.6555411734603 536.5750605295285 207.38678506299888 -1 -1 -1 -1 -1 -1 -1 -1 1 
259 93 Car -1.000000 -1 -1 558.3055638240642 180.3608492420417 598.5347370866702 216.56719190658401 -1 -1 -1 -1 -1 -1 -1 -1 1 
259 88 Car -1.000000 -1 -1 1059.3505042507734 197.76401172892562 1162.8443197607683 236.9077798980168 -1 -1 -1 -1 -1 -1 -1 -1 1 
259 87 Car -1.000000 -1 -1 908.416027628339 196.53089273268682 1012.5379430965975 233.50072541999253 -1 -1 -1 -1 -1 -1 -1 -1 1 
259 59 Car -1.000000 -1 -1 507.63901070909725 180.29479220720046 536.9618464231929 206.00201128422393 -1 -1 -1 -1 -1 -1 -1 -1 1 
260 93 Car -1.000000 -1 -1 558.047338250448 178.50440396357695 598.90440283594 216.49562026331884 -1 -1 -1 -1 -1 -1 -1 -1 1 
260 88 Car -1.000000 -1 -1 1076.5712109306796 197.26094969873833 1188.9020661131017 238.03939839915165 -1 -1 -1 -1 -1 -1 -1 -1 1 
260 87 Car -1.000000 -1 -1 928.0517003602702 195.37936394247683 1037.017385544086 234.626031084601 -1 -1 -1 -1 -1 -1 -1 -1 1 
260 59 Car -1.000000 -1 -1 508.58329480731106 178.765612163026 536.9758935140484 204.7462638695818 -1 -1 -1 -1 -1 -1 -1 -1 1 
261 93 Car -1.000000 -1 -1 558.6147730765554 177.97638012672422 599.3559301829791 216.18842552895512 -1 -1 -1 -1 -1 -1 -1 -1 1 
261 88 Car -1.000000 -1 -1 1098.5254708618593 197.35323080560295 1215.954202462153 239.2673728298812 -1 -1 -1 -1 -1 -1 -1 -1 1 
261 87 Car -1.000000 -1 -1 946.7928516477567 195.63608368034036 1062.9753626601096 238.12165869291803 -1 -1 -1 -1 -1 -1 -1 -1 1 
261 59 Car -1.000000 -1 -1 509.3930806870043 177.78085648164674 537.3105959865745 203.74895666569043 -1 -1 -1 -1 -1 -1 -1 -1 1 
262 93 Car -1.000000 -1 -1 558.7971762937406 178.14022595635794 598.6805038277538 216.09206763090867 -1 -1 -1 -1 -1 -1 -1 -1 1 
262 88 Car -1.000000 -1 -1 1118.7147790153654 199.0973209972364 1234.2970575617428 243.18062827124044 -1 -1 -1 -1 -1 -1 -1 -1 1 
262 87 Car -1.000000 -1 -1 965.4328399726927 196.05491289963172 1090.6958708475954 241.24443053024888 -1 -1 -1 -1 -1 -1 -1 -1 1 
262 59 Car -1.000000 -1 -1 511.9079052664351 178.00286085622514 540.9705989191038 204.0502643063769 -1 -1 -1 -1 -1 -1 -1 -1 1 
263 93 Car -1.000000 -1 -1 559.0643871037009 178.31798405487237 598.3383153004631 216.31391977546159 -1 -1 -1 -1 -1 -1 -1 -1 1 
263 88 Car -1.000000 -1 -1 1143.6730498453667 201.58422930943712 1251.4272931713522 247.48666000225884 -1 -1 -1 -1 -1 -1 -1 -1 1 
263 87 Car -1.000000 -1 -1 986.8512525754194 197.72115136642287 1120.6832185579237 246.23034631717871 -1 -1 -1 -1 -1 -1 -1 -1 1 
263 59 Car -1.000000 -1 -1 511.1298682359607 178.49654585613416 539.2639817223175 204.7296043169937 -1 -1 -1 -1 -1 -1 -1 -1 1 
264 93 Car -1.000000 -1 -1 559.2698566233088 178.22135872195472 598.4058542335725 216.66772883912247 -1 -1 -1 -1 -1 -1 -1 -1 1 
264 88 Car -1.000000 -1 -1 1167.421217083454 201.52340767350495 1261.8343020421771 249.1637785973657 -1 -1 -1 -1 -1 -1 -1 -1 1 
264 87 Car -1.000000 -1 -1 1014.1603929762362 199.42499789987198 1154.850331967774 251.06333468276318 -1 -1 -1 -1 -1 -1 -1 -1 1 
264 59 Car -1.000000 -1 -1 511.0949612318909 178.91419029539762 538.3827142500902 205.56759670780028 -1 -1 -1 -1 -1 -1 -1 -1 1 
265 93 Car -1.000000 -1 -1 560.0985519850603 180.07385161589946 599.3829782089697 217.56138538336188 -1 -1 -1 -1 -1 -1 -1 -1 1 
265 87 Car -1.000000 -1 -1 1043.2780193551882 200.73793703013195 1197.066546515988 255.98878379593833 -1 -1 -1 -1 -1 -1 -1 -1 1 
265 59 Car -1.000000 -1 -1 513.023539075365 181.37278826510544 541.5749289461252 207.01119907182175 -1 -1 -1 -1 -1 -1 -1 -1 1 
266 93 Car -1.000000 -1 -1 560.6287062794538 181.26071699975176 599.7250731400445 217.97665917303055 -1 -1 -1 -1 -1 -1 -1 -1 1 
266 87 Car -1.000000 -1 -1 1075.2089222345967 203.4960565004963 1231.7833970412266 261.7425527599749 -1 -1 -1 -1 -1 -1 -1 -1 1 
266 59 Car -1.000000 -1 -1 513.8583305929562 182.84490120501258 543.5239203467302 207.97271084779933 -1 -1 -1 -1 -1 -1 -1 -1 1 
267 93 Car -1.000000 -1 -1 562.2369207097007 181.4815034839368 600.3531023515567 217.13433385972772 -1 -1 -1 -1 -1 -1 -1 -1 1 
267 87 Car -1.000000 -1 -1 1105.0330582645568 206.58185065629758 1251.0384469516628 266.456112572845 -1 -1 -1 -1 -1 -1 -1 -1 1 
267 59 Car -1.000000 -1 -1 514.2445140442369 183.92058385268265 545.2061675250854 208.92961865318094 -1 -1 -1 -1 -1 -1 -1 -1 1 
268 93 Car -1.000000 -1 -1 563.4514360016141 181.48363656642417 600.9183926582326 216.45094425126982 -1 -1 -1 -1 -1 -1 -1 -1 1 
268 87 Car -1.000000 -1 -1 1139.400363024579 205.59828413604092 1268.4863257862437 269.66481440217433 -1 -1 -1 -1 -1 -1 -1 -1 1 
268 59 Car -1.000000 -1 -1 515.0449757096479 184.56722083911782 546.8048426582349 209.41653543556973 -1 -1 -1 -1 -1 -1 -1 -1 1 
269 93 Car -1.000000 -1 -1 563.6899650261468 180.78076218599176 601.3642468235367 216.23446531558108 -1 -1 -1 -1 -1 -1 -1 -1 1 
269 59 Car -1.000000 -1 -1 515.7429274818197 184.39118599495296 548.1000552746463 208.46339027444427 -1 -1 -1 -1 -1 -1 -1 -1 1 
270 59 Car -1.000000 -1 -1 516.4254952882087 184.2888331608504 549.3431919076623 208.07896146988674 -1 -1 -1 -1 -1 -1 -1 -1 1 
271 59 Car -1.000000 -1 -1 516.9552023055924 185.35432921765545 550.5908783860232 209.39221186838785 -1 -1 -1 -1 -1 -1 -1 -1 1 
272 59 Car -1.000000 -1 -1 517.7896360896559 189.71293573080337 551.9547851168134 213.35156814464867 -1 -1 -1 -1 -1 -1 -1 -1 1 
273 93 Car -1.000000 -1 -1 565.724839148898 188.2605143290099 603.0074115379447 221.5976491285272 -1 -1 -1 -1 -1 -1 -1 -1 1 
273 59 Car -1.000000 -1 -1 518.1031838793093 191.55782796374092 552.5484480686267 215.14929889002394 -1 -1 -1 -1 -1 -1 -1 -1 1 
274 59 Car -1.000000 -1 -1 517.2875958056475 193.0865292119945 551.5720924153229 214.9927273910289 -1 -1 -1 -1 -1 -1 -1 -1 1 
275 59 Car -1.000000 -1 -1 517.9855251270865 189.69451145416335 552.2735203200612 212.1059753724721 -1 -1 -1 -1 -1 -1 -1 -1 1 
276 59 Car -1.000000 -1 -1 518.5165918240135 184.05602643302544 552.5433948289552 207.19447764966108 -1 -1 -1 -1 -1 -1 -1 -1 1 
277 59 Car -1.000000 -1 -1 518.362379126652 180.65190018481812 553.0492590299826 203.7036859569138 -1 -1 -1 -1 -1 -1 -1 -1 1 
278 59 Car -1.000000 -1 -1 519.3646840570527 175.98839741459022 553.4272460867678 199.28886243482413 -1 -1 -1 -1 -1 -1 -1 -1 1 
279 95 Car -1.000000 -1 -1 565.9580955451196 173.58758227639476 601.7682124379472 205.6418769216674 -1 -1 -1 -1 -1 -1 -1 -1 1 
279 59 Car -1.000000 -1 -1 519.7717753712534 174.0169449072267 553.4336678084433 197.4736137215572 -1 -1 -1 -1 -1 -1 -1 -1 1 
280 95 Car -1.000000 -1 -1 565.9972460686135 176.50279489963216 600.7173986725143 206.19196853041657 -1 -1 -1 -1 -1 -1 -1 -1 1 
281 95 Car -1.000000 -1 -1 566.336153090425 176.04378014209888 601.4950992888299 206.34509210248197 -1 -1 -1 -1 -1 -1 -1 -1 1 
282 95 Car -1.000000 -1 -1 566.4625643833976 176.17526464658428 600.8498599730217 205.74151663980675 -1 -1 -1 -1 -1 -1 -1 -1 1 
283 95 Car -1.000000 -1 -1 566.4694007319547 181.7409422041144 600.5561381657135 210.09526651883732 -1 -1 -1 -1 -1 -1 -1 -1 1 
288 95 Car -1.000000 -1 -1 573.2046147993482 183.9592432621955 605.8134501231831 212.80421562445912 -1 -1 -1 -1 -1 -1 -1 -1 1 
289 95 Car -1.000000 -1 -1 575.1499794035128 184.17681421489982 606.6058372154353 212.8248140282111 -1 -1 -1 -1 -1 -1 -1 -1 1 
290 95 Car -1.000000 -1 -1 573.6606249036801 180.7852245398139 606.0309878718064 209.55427473856037 -1 -1 -1 -1 -1 -1 -1 -1 1 
291 95 Car -1.000000 -1 -1 574.1057534093761 179.85545458955175 606.5686403496086 207.9252615613263 -1 -1 -1 -1 -1 -1 -1 -1 1 
292 95 Car -1.000000 -1 -1 576.8981419125558 181.3689774168964 609.4997802137351 210.55812131438014 -1 -1 -1 -1 -1 -1 -1 -1 1 
293 95 Car -1.000000 -1 -1 581.2266601949143 182.55035216272574 612.4994832529158 211.75039179340092 -1 -1 -1 -1 -1 -1 -1 -1 1 
294 95 Car -1.000000 -1 -1 583.3434085661778 182.3720616011877 614.7438386654325 211.19828369846798 -1 -1 -1 -1 -1 -1 -1 -1 1 
295 95 Car -1.000000 -1 -1 584.44344932864 179.9788019331228 616.0592696738903 208.87209622162274 -1 -1 -1 -1 -1 -1 -1 -1 1 
296 95 Car -1.000000 -1 -1 584.7212495899836 179.48110349068665 616.5798653560017 208.1224865532274 -1 -1 -1 -1 -1 -1 -1 -1 1 
297 95 Car -1.000000 -1 -1 584.7685648566779 183.00262087255243 616.1880580175576 211.18194993539538 -1 -1 -1 -1 -1 -1 -1 -1 1 
298 98 Car -1.000000 -1 -1 338.93234806499345 186.37509802306138 383.1083318498372 210.05641989835348 -1 -1 -1 -1 -1 -1 -1 -1 1 
298 95 Car -1.000000 -1 -1 585.0570771473293 185.06229117680232 616.7993907528308 213.3876312229591 -1 -1 -1 -1 -1 -1 -1 -1 1 
299 98 Car -1.000000 -1 -1 319.68853698851126 185.81402757634402 366.8811283183877 210.9239853167432 -1 -1 -1 -1 -1 -1 -1 -1 1 
299 95 Car -1.000000 -1 -1 585.2610724298248 185.8367877287276 617.5441395380918 214.1007712155967 -1 -1 -1 -1 -1 -1 -1 -1 1 
300 98 Car -1.000000 -1 -1 298.0523425970495 182.1475085806051 349.6280517910854 209.49674709900606 -1 -1 -1 -1 -1 -1 -1 -1 1 
300 97 Car -1.000000 -1 -1 534.6913009326204 186.15697461462167 558.5817480417545 209.1233907938609 -1 -1 -1 -1 -1 -1 -1 -1 1 
300 95 Car -1.000000 -1 -1 584.7627893201789 184.9296994512313 617.2217508585952 213.3064276646227 -1 -1 -1 -1 -1 -1 -1 -1 1 
301 98 Car -1.000000 -1 -1 272.04195227917626 179.8804670258879 330.4915954237234 209.53391941016739 -1 -1 -1 -1 -1 -1 -1 -1 1 
301 97 Car -1.000000 -1 -1 535.2685275861847 186.32615823350312 557.5751738093948 207.46087617544663 -1 -1 -1 -1 -1 -1 -1 -1 1 
301 95 Car -1.000000 -1 -1 585.1131524797405 183.63817810309948 616.6391702923778 212.15816382240737 -1 -1 -1 -1 -1 -1 -1 -1 1 
302 98 Car -1.000000 -1 -1 244.15054479858293 178.51261845166653 307.8411099688261 210.4684607150424 -1 -1 -1 -1 -1 -1 -1 -1 1 
302 97 Car -1.000000 -1 -1 535.2642337282732 186.77150630867146 557.1555461231551 206.25152642163386 -1 -1 -1 -1 -1 -1 -1 -1 1 
302 95 Car -1.000000 -1 -1 585.0923235231917 183.63032847635571 616.3398647364343 211.91120154059752 -1 -1 -1 -1 -1 -1 -1 -1 1 
303 98 Car -1.000000 -1 -1 205.73559616641626 178.71162873808316 278.3262643147953 214.90298285402451 -1 -1 -1 -1 -1 -1 -1 -1 1 
303 97 Car -1.000000 -1 -1 535.0523442850669 183.09949789328147 558.0374602901785 204.56570620160755 -1 -1 -1 -1 -1 -1 -1 -1 1 
303 95 Car -1.000000 -1 -1 585.3142084001199 183.95944585306313 616.4490722006026 212.14101094961177 -1 -1 -1 -1 -1 -1 -1 -1 1 
304 98 Car -1.000000 -1 -1 164.5541943543492 178.22662067309557 244.33853986617186 218.47659005865341 -1 -1 -1 -1 -1 -1 -1 -1 1 
304 97 Car -1.000000 -1 -1 534.7290583681507 181.65746657553768 556.7228505201318 203.36875140085215 -1 -1 -1 -1 -1 -1 -1 -1 1 
304 95 Car -1.000000 -1 -1 585.3545608543868 180.54736831409292 617.1567191187562 208.91056380066232 -1 -1 -1 -1 -1 -1 -1 -1 1 
305 98 Car -1.000000 -1 -1 104.79773199256431 179.53520599774313 200.80371171397996 223.85964853963472 -1 -1 -1 -1 -1 -1 -1 -1 1 
305 97 Car -1.000000 -1 -1 534.8154178083231 180.59019388609843 557.2654567451526 201.5767082962238 -1 -1 -1 -1 -1 -1 -1 -1 1 
305 95 Car -1.000000 -1 -1 585.0233061370782 178.11753020541224 617.5379026785649 206.56205502909327 -1 -1 -1 -1 -1 -1 -1 -1 1 
306 98 Car -1.000000 -1 -1 31.189527386526045 177.4676978985058 147.55850537589703 228.61080539345622 -1 -1 -1 -1 -1 -1 -1 -1 1 
306 97 Car -1.000000 -1 -1 534.2682523902168 180.03644887917125 557.3092434181759 200.21365229172096 -1 -1 -1 -1 -1 -1 -1 -1 1 
306 95 Car -1.000000 -1 -1 585.3395559655067 177.10416266517785 618.2720678488314 205.2951310797206 -1 -1 -1 -1 -1 -1 -1 -1 1 
307 98 Car -1.000000 -1 -1 -10.06198585212438 179.2951928022883 95.43465749667521 233.38921982208936 -1 -1 -1 -1 -1 -1 -1 -1 1 
307 97 Car -1.000000 -1 -1 532.8364435204259 180.6578386074342 557.0875070953522 200.79870498918024 -1 -1 -1 -1 -1 -1 -1 -1 1 
307 95 Car -1.000000 -1 -1 585.2117792502709 177.44894581033319 618.8455947090681 205.36985807645848 -1 -1 -1 -1 -1 -1 -1 -1 1 
308 97 Car -1.000000 -1 -1 531.8912962569101 181.15034120438736 556.6373223649765 201.63913675122996 -1 -1 -1 -1 -1 -1 -1 -1 1 
309 97 Car -1.000000 -1 -1 530.4252097070691 179.91300572038008 557.7550623551253 201.900044802025 -1 -1 -1 -1 -1 -1 -1 -1 1 
310 97 Car -1.000000 -1 -1 528.3296276270174 179.82177396911632 557.903740558797 202.63581948179487 -1 -1 -1 -1 -1 -1 -1 -1 1 
311 97 Car -1.000000 -1 -1 528.0267844012133 180.55653556622428 556.8231315855153 202.70542644205068 -1 -1 -1 -1 -1 -1 -1 -1 1 
311 95 Car -1.000000 -1 -1 586.0958871988771 178.52428240714582 618.156229213926 206.48901188393208 -1 -1 -1 -1 -1 -1 -1 -1 1 
312 97 Car -1.000000 -1 -1 527.9064245148284 180.92176595391663 555.9625437520783 202.69508841427063 -1 -1 -1 -1 -1 -1 -1 -1 1 
312 95 Car -1.000000 -1 -1 586.6055433235905 178.39913075028363 618.072084933544 206.01747535383163 -1 -1 -1 -1 -1 -1 -1 -1 1 
313 95 Car -1.000000 -1 -1 585.938111435128 181.27032969199962 617.0106026591737 208.88758605327263 -1 -1 -1 -1 -1 -1 -1 -1 1 
314 95 Car -1.000000 -1 -1 585.7880979179481 183.7646046496829 617.1473810025577 210.61564315146222 -1 -1 -1 -1 -1 -1 -1 -1 1 
315 95 Car -1.000000 -1 -1 586.0683338021698 180.7816081254595 617.8584399329865 207.64085861403146 -1 -1 -1 -1 -1 -1 -1 -1 1 
319 95 Car -1.000000 -1 -1 585.9277837093143 178.02324980742355 617.4508352641985 204.56526615554338 -1 -1 -1 -1 -1 -1 -1 -1 1 
323 100 Car -1.000000 -1 -1 -12.327864879759005 221.82894790983994 257.22552589841416 370.40596887671586 -1 -1 -1 -1 -1 -1 -1 -1 1 
323 97 Car -1.000000 -1 -1 518.9575824584514 180.0895752956919 553.9059756750295 202.7496297485075 -1 -1 -1 -1 -1 -1 -1 -1 1 
324 100 Car -1.000000 -1 -1 -8.273305785825784 209.2482196143478 286.69977757678646 373.6924400816715 -1 -1 -1 -1 -1 -1 -1 -1 1 
325 100 Car -1.000000 -1 -1 -6.745475617375661 203.06777098110132 308.51010898479626 377.1895612151822 -1 -1 -1 -1 -1 -1 -1 -1 1 
326 100 Car -1.000000 -1 -1 -12.843981142084317 197.08660499143224 325.7154603754313 380.62351579545344 -1 -1 -1 -1 -1 -1 -1 -1 1 
327 101 Car -1.000000 -1 -1 589.4577940558714 182.09389090565162 621.7093082509022 207.68430740276307 -1 -1 -1 -1 -1 -1 -1 -1 1 
327 100 Car -1.000000 -1 -1 -13.995880838384693 187.67027540253423 341.7193258847295 379.52762864579245 -1 -1 -1 -1 -1 -1 -1 -1 1 
327 97 Car -1.000000 -1 -1 516.5076737726555 181.74418381914862 551.6117580061656 204.95720743401031 -1 -1 -1 -1 -1 -1 -1 -1 1 
328 101 Car -1.000000 -1 -1 589.1119016390929 183.19876834329432 620.5531733698189 208.86279288530875 -1 -1 -1 -1 -1 -1 -1 -1 1 
328 100 Car -1.000000 -1 -1 -16.943665015655995 191.25178845697732 352.20986519798737 384.85008899740853 -1 -1 -1 -1 -1 -1 -1 -1 1 
328 97 Car -1.000000 -1 -1 515.540444690002 183.4712154750983 550.2457747275225 206.63763246466408 -1 -1 -1 -1 -1 -1 -1 -1 1 
329 101 Car -1.000000 -1 -1 588.3224918411847 181.81649413836777 619.4989094129244 207.2767629104559 -1 -1 -1 -1 -1 -1 -1 -1 1 
329 100 Car -1.000000 -1 -1 -10.912916295149955 187.87194244822848 363.16819789500715 383.41809036004116 -1 -1 -1 -1 -1 -1 -1 -1 1 
329 97 Car -1.000000 -1 -1 513.0279650402523 183.866798027682 547.7342443745114 207.07063869216583 -1 -1 -1 -1 -1 -1 -1 -1 1 
330 101 Car -1.000000 -1 -1 587.3636349505842 180.8267813053474 617.8861825388252 206.45188568597993 -1 -1 -1 -1 -1 -1 -1 -1 1 
330 100 Car -1.000000 -1 -1 -6.440735066529186 186.83272045427373 372.7270590751226 383.3843014245165 -1 -1 -1 -1 -1 -1 -1 -1 1 
330 97 Car -1.000000 -1 -1 508.79117227274514 183.77503522824668 541.7009388486165 207.27749654877022 -1 -1 -1 -1 -1 -1 -1 -1 1 
331 101 Car -1.000000 -1 -1 585.6767619420724 180.6572977508231 615.8610469952476 206.1641695872687 -1 -1 -1 -1 -1 -1 -1 -1 1 
331 100 Car -1.000000 -1 -1 -3.9700353408503304 185.0150393684384 377.9321630420868 383.2909363653362 -1 -1 -1 -1 -1 -1 -1 -1 1 
331 97 Car -1.000000 -1 -1 505.43412719707936 182.40911423417828 537.7083128567727 206.52852798821772 -1 -1 -1 -1 -1 -1 -1 -1 1 
332 101 Car -1.000000 -1 -1 581.8047437459778 180.13676579683533 611.1970710237011 206.03736477365118 -1 -1 -1 -1 -1 -1 -1 -1 1 
332 100 Car -1.000000 -1 -1 3.354767993255024 184.63728088800895 392.41493654024634 381.87743579295375 -1 -1 -1 -1 -1 -1 -1 -1 1 
332 97 Car -1.000000 -1 -1 501.6038924237501 181.74234414884162 534.2279089025744 206.18369039663477 -1 -1 -1 -1 -1 -1 -1 -1 1 
333 102 Car -1.000000 -1 -1 458.31238913671626 172.18513766074366 486.1387882363097 185.6752787060063 -1 -1 -1 -1 -1 -1 -1 -1 1 
333 101 Car -1.000000 -1 -1 580.5708707021726 178.24353227843892 608.6816598452102 204.63661872545424 -1 -1 -1 -1 -1 -1 -1 -1 1 
333 100 Car -1.000000 -1 -1 10.979817246500176 180.57746135821895 403.95535128224503 377.68322450254897 -1 -1 -1 -1 -1 -1 -1 -1 1 
333 97 Car -1.000000 -1 -1 498.9238662957243 180.23899675607325 532.2563888130248 204.55039086573746 -1 -1 -1 -1 -1 -1 -1 -1 1 
334 102 Car -1.000000 -1 -1 453.1542605533735 171.09784992893427 479.73686461809774 184.35630406067102 -1 -1 -1 -1 -1 -1 -1 -1 1 
334 101 Car -1.000000 -1 -1 579.3787864553447 177.23022310011436 607.1164940367944 203.3080072943564 -1 -1 -1 -1 -1 -1 -1 -1 1 
334 100 Car -1.000000 -1 -1 31.41661428080269 177.23515469604428 418.80407475473737 373.3916777251964 -1 -1 -1 -1 -1 -1 -1 -1 1 
334 97 Car -1.000000 -1 -1 495.31066577073125 178.71622364991777 529.4446000660921 203.3621844417882 -1 -1 -1 -1 -1 -1 -1 -1 1 
335 102 Car -1.000000 -1 -1 446.5483124521769 170.50225437347245 473.46585071282743 184.5362819906162 -1 -1 -1 -1 -1 -1 -1 -1 1 
335 101 Car -1.000000 -1 -1 576.7279923823476 174.78955185148905 605.2284458259435 199.92410921433307 -1 -1 -1 -1 -1 -1 -1 -1 1 
335 100 Car -1.000000 -1 -1 62.69590472803861 166.45842571187924 431.56341303980065 357.758725002751 -1 -1 -1 -1 -1 -1 -1 -1 1 
335 97 Car -1.000000 -1 -1 492.07735552897753 177.36782677204377 527.3869578322981 202.3246272096477 -1 -1 -1 -1 -1 -1 -1 -1 1 
336 102 Car -1.000000 -1 -1 436.45971592165614 170.53550910322951 463.21955116068256 185.41174790943074 -1 -1 -1 -1 -1 -1 -1 -1 1 
336 101 Car -1.000000 -1 -1 573.1725800535921 173.887623740027 602.6609642980288 198.61612542042278 -1 -1 -1 -1 -1 -1 -1 -1 1 
336 100 Car -1.000000 -1 -1 93.86114495521124 164.48555749865264 438.41226724074977 349.1430014285306 -1 -1 -1 -1 -1 -1 -1 -1 1 
336 97 Car -1.000000 -1 -1 488.69005485304814 177.11639292904246 524.5453691530782 202.3261609116075 -1 -1 -1 -1 -1 -1 -1 -1 1 
337 102 Car -1.000000 -1 -1 429.1380412102411 172.78130849475505 457.0793637336159 188.88702178684778 -1 -1 -1 -1 -1 -1 -1 -1 1 
337 101 Car -1.000000 -1 -1 571.0865179536721 175.43814310526255 601.2442264268512 200.19744917008865 -1 -1 -1 -1 -1 -1 -1 -1 1 
337 100 Car -1.000000 -1 -1 114.00831579370026 168.17003863852227 440.4075949385741 341.9398430291336 -1 -1 -1 -1 -1 -1 -1 -1 1 
337 97 Car -1.000000 -1 -1 485.81766676082253 177.70708879914702 522.5546537619873 203.38900735242765 -1 -1 -1 -1 -1 -1 -1 -1 1 
338 102 Car -1.000000 -1 -1 422.8479972245525 174.78543421435572 450.83254319093794 191.18447653107157 -1 -1 -1 -1 -1 -1 -1 -1 1 
338 101 Car -1.000000 -1 -1 568.7113704220396 177.1117151467275 599.6533200688057 201.77539871715882 -1 -1 -1 -1 -1 -1 -1 -1 1 
338 100 Car -1.000000 -1 -1 135.94859724679404 172.50461199230034 450.04051044483015 335.63310679317544 -1 -1 -1 -1 -1 -1 -1 -1 1 
338 97 Car -1.000000 -1 -1 481.81324623244063 179.3514429520072 517.2904568544974 205.18286496300246 -1 -1 -1 -1 -1 -1 -1 -1 1 
339 101 Car -1.000000 -1 -1 567.2964261606284 178.8380733454348 599.0254014723081 203.36017520068032 -1 -1 -1 -1 -1 -1 -1 -1 1 
339 100 Car -1.000000 -1 -1 153.32364587687172 177.35783234159805 454.36266150105405 330.858858728668 -1 -1 -1 -1 -1 -1 -1 -1 1 
339 97 Car -1.000000 -1 -1 479.1663433209972 181.73051854640502 514.1889470951837 207.6287858387848 -1 -1 -1 -1 -1 -1 -1 -1 1 
340 101 Car -1.000000 -1 -1 565.5681065324851 179.3258854307479 597.5707189932024 203.86844906567413 -1 -1 -1 -1 -1 -1 -1 -1 1 
340 100 Car -1.000000 -1 -1 173.10536059762563 181.23401273268593 457.9971620987125 327.1639439336455 -1 -1 -1 -1 -1 -1 -1 -1 1 
340 97 Car -1.000000 -1 -1 477.10947032755234 182.718267803436 511.9951065575556 208.78191482824036 -1 -1 -1 -1 -1 -1 -1 -1 1 
341 104 Car -1.000000 -1 -1 532.1467792649444 180.77289169025704 544.8641135099722 187.23379123044384 -1 -1 -1 -1 -1 -1 -1 -1 1 
341 101 Car -1.000000 -1 -1 564.300093399948 179.22617037382554 596.4686894057719 203.9499349586855 -1 -1 -1 -1 -1 -1 -1 -1 1 
341 100 Car -1.000000 -1 -1 193.30258595991347 183.50196823481278 455.97423364137273 322.9602189116272 -1 -1 -1 -1 -1 -1 -1 -1 1 
341 97 Car -1.000000 -1 -1 473.9822357760251 183.5671510617546 509.9413719880594 209.8469974389817 -1 -1 -1 -1 -1 -1 -1 -1 1 
342 101 Car -1.000000 -1 -1 563.8036308316653 179.68117762830454 595.891507965724 204.48162589067775 -1 -1 -1 -1 -1 -1 -1 -1 1 
342 100 Car -1.000000 -1 -1 214.82592800312077 184.3163253830864 462.65684497673146 319.2860668216264 -1 -1 -1 -1 -1 -1 -1 -1 1 
342 97 Car -1.000000 -1 -1 472.8366666442816 184.99580355533698 509.06729489556113 211.16934612526427 -1 -1 -1 -1 -1 -1 -1 -1 1 
343 101 Car -1.000000 -1 -1 562.0142794662064 182.85526433408236 594.4044241791343 207.26640421487977 -1 -1 -1 -1 -1 -1 -1 -1 1 
343 100 Car -1.000000 -1 -1 228.49925578000733 186.37064997466985 464.2965476872793 314.23013888793423 -1 -1 -1 -1 -1 -1 -1 -1 1 
343 97 Car -1.000000 -1 -1 469.8163553984175 186.72467056264009 506.79601150833275 213.09157447926128 -1 -1 -1 -1 -1 -1 -1 -1 1 
344 101 Car -1.000000 -1 -1 560.206541798483 183.91495398105744 593.2190655901201 207.75142957682814 -1 -1 -1 -1 -1 -1 -1 -1 1 
344 100 Car -1.000000 -1 -1 243.30027870093767 187.34086927941826 465.90010604659614 309.13851410834707 -1 -1 -1 -1 -1 -1 -1 -1 1 
344 97 Car -1.000000 -1 -1 467.83889828718486 187.10604594198279 505.5683736808494 213.9018118376791 -1 -1 -1 -1 -1 -1 -1 -1 1 
345 101 Car -1.000000 -1 -1 558.7390195079067 180.7489097122502 593.2212467406434 205.21983688565476 -1 -1 -1 -1 -1 -1 -1 -1 1 
345 100 Car -1.000000 -1 -1 262.64413022422343 183.66478545293137 470.03584739008977 301.8867015651095 -1 -1 -1 -1 -1 -1 -1 -1 1 
345 97 Car -1.000000 -1 -1 466.37758538233794 185.3734708680742 504.29698203571814 212.5573094947494 -1 -1 -1 -1 -1 -1 -1 -1 1 
346 100 Car -1.000000 -1 -1 279.622552681896 182.7597743884847 472.3741081307534 296.2451418169844 -1 -1 -1 -1 -1 -1 -1 -1 1 
346 97 Car -1.000000 -1 -1 464.545938489896 183.2995749205744 502.86594156688705 211.0222055324648 -1 -1 -1 -1 -1 -1 -1 -1 1 
347 100 Car -1.000000 -1 -1 294.7581203081285 183.44058808339835 478.11147355945076 292.9144226907845 -1 -1 -1 -1 -1 -1 -1 -1 1 
347 97 Car -1.000000 -1 -1 462.23002001772403 183.65445782319696 500.8021503667615 211.4977591535098 -1 -1 -1 -1 -1 -1 -1 -1 1 
348 100 Car -1.000000 -1 -1 304.64011171114953 186.8372704824232 477.6404514449358 291.92461917315944 -1 -1 -1 -1 -1 -1 -1 -1 1 
348 97 Car -1.000000 -1 -1 456.9357130648438 185.5066122767204 494.5203743872417 213.6785159638617 -1 -1 -1 -1 -1 -1 -1 -1 1 
349 100 Car -1.000000 -1 -1 314.31731635437814 189.92064646640955 477.66172704649557 290.302180312926 -1 -1 -1 -1 -1 -1 -1 -1 1 
349 97 Car -1.000000 -1 -1 452.16275350071476 188.05799526359047 490.5971463709824 216.72065321371824 -1 -1 -1 -1 -1 -1 -1 -1 1 
350 100 Car -1.000000 -1 -1 322.3523134728424 190.78175524143143 477.8269284799983 286.63018831931976 -1 -1 -1 -1 -1 -1 -1 -1 1 
350 97 Car -1.000000 -1 -1 448.45135254920314 189.03297524890496 488.28877187817324 217.58088934348632 -1 -1 -1 -1 -1 -1 -1 -1 1 
351 113 Car -1.000000 -1 -1 546.4868801440557 182.55574670985192 577.6350187921619 204.14098792769454 -1 -1 -1 -1 -1 -1 -1 -1 1 
351 100 Car -1.000000 -1 -1 330.77799188540564 190.46297591434268 480.2650848705167 282.48668526506714 -1 -1 -1 -1 -1 -1 -1 -1 1 
351 97 Car -1.000000 -1 -1 447.01353196190814 186.04515102183223 486.4709209010548 214.49880439499913 -1 -1 -1 -1 -1 -1 -1 -1 1 
352 113 Car -1.000000 -1 -1 543.5679366074024 180.67912353475214 571.8642402880013 201.6195008214446 -1 -1 -1 -1 -1 -1 -1 -1 1 
352 100 Car -1.000000 -1 -1 345.56177388749825 186.36516058210168 484.90919548710747 274.4119870394664 -1 -1 -1 -1 -1 -1 -1 -1 1 
352 97 Car -1.000000 -1 -1 444.38192280384294 183.8758325393235 484.2272935988992 212.9988611581538 -1 -1 -1 -1 -1 -1 -1 -1 1 
353 113 Car -1.000000 -1 -1 541.3971861481959 180.40238973551095 568.1040160222178 201.42982583635285 -1 -1 -1 -1 -1 -1 -1 -1 1 
353 100 Car -1.000000 -1 -1 354.25256672918283 183.89318296944913 482.7215004024416 268.9790549555378 -1 -1 -1 -1 -1 -1 -1 -1 1 
353 97 Car -1.000000 -1 -1 442.0601890803774 180.37296684585863 480.78323343727595 208.3602278765306 -1 -1 -1 -1 -1 -1 -1 -1 1 
354 113 Car -1.000000 -1 -1 540.1828878666385 180.32646011689596 566.1322113659172 201.27170134416562 -1 -1 -1 -1 -1 -1 -1 -1 1 
354 100 Car -1.000000 -1 -1 361.2108282343582 183.92637307895407 481.4421681811497 266.3738014483905 -1 -1 -1 -1 -1 -1 -1 -1 1 
354 97 Car -1.000000 -1 -1 440.9244601205154 181.9805829131512 478.53338921153784 210.13959471383473 -1 -1 -1 -1 -1 -1 -1 -1 1 
355 100 Car -1.000000 -1 -1 370.23269455806303 184.21595601807059 492.3311671134978 264.21004090823806 -1 -1 -1 -1 -1 -1 -1 -1 1 
356 100 Car -1.000000 -1 -1 378.33149212967413 186.64125712557734 493.66814459237145 263.4579747067397 -1 -1 -1 -1 -1 -1 -1 -1 1 
357 117 Car -1.000000 -1 -1 241.75170892166904 183.2129221915134 302.6097764817719 213.32239722308455 -1 -1 -1 -1 -1 -1 -1 -1 1 
357 100 Car -1.000000 -1 -1 381.53435633651003 188.04083689436249 493.1669595138671 262.605948437799 -1 -1 -1 -1 -1 -1 -1 -1 1 
358 118 Car -1.000000 -1 -1 525.3791694282706 179.2069938874119 546.0612509969487 189.99651374596175 -1 -1 -1 -1 -1 -1 -1 -1 1 
358 117 Car -1.000000 -1 -1 213.29335502853976 184.00326632979522 277.70952604757144 215.22468999746508 -1 -1 -1 -1 -1 -1 -1 -1 1 
358 113 Car -1.000000 -1 -1 532.395760615462 186.8114876194171 555.2009335697376 205.91012450109616 -1 -1 -1 -1 -1 -1 -1 -1 1 
358 100 Car -1.000000 -1 -1 383.97027384838015 188.34594801137368 491.91898677078467 260.5115529910313 -1 -1 -1 -1 -1 -1 -1 -1 1 
359 118 Car -1.000000 -1 -1 527.4334305136674 178.64432179893075 548.2475180290942 189.62378464465135 -1 -1 -1 -1 -1 -1 -1 -1 1 
359 117 Car -1.000000 -1 -1 170.40654597413027 182.21092121153697 243.15664591264266 217.89636666260958 -1 -1 -1 -1 -1 -1 -1 -1 1 
359 113 Car -1.000000 -1 -1 532.2746728614543 183.47814591203144 554.4510163167138 202.63163149766842 -1 -1 -1 -1 -1 -1 -1 -1 1 
359 100 Car -1.000000 -1 -1 388.45073236696845 187.28460828278298 493.41065153090966 255.6644971079764 -1 -1 -1 -1 -1 -1 -1 -1 1 
360 117 Car -1.000000 -1 -1 114.6826600538227 180.52501057423234 199.45376576502815 221.7613611237647 -1 -1 -1 -1 -1 -1 -1 -1 1 
360 113 Car -1.000000 -1 -1 531.6532120474005 181.57427822223863 553.9459888741103 201.09146123765393 -1 -1 -1 -1 -1 -1 -1 -1 1 
360 100 Car -1.000000 -1 -1 394.85807408261917 185.6203284915134 495.65634758878696 251.98306278199604 -1 -1 -1 -1 -1 -1 -1 -1 1 
361 117 Car -1.000000 -1 -1 43.665576915716095 181.9173885390243 146.21672482158752 229.69981216902087 -1 -1 -1 -1 -1 -1 -1 -1 1 
361 113 Car -1.000000 -1 -1 532.46333973106 181.73759321796211 554.778955994913 201.23772930940453 -1 -1 -1 -1 -1 -1 -1 -1 1 
361 100 Car -1.000000 -1 -1 401.60264609844745 187.10064829099318 497.23355037693494 250.91732627359042 -1 -1 -1 -1 -1 -1 -1 -1 1 
362 117 Car -1.000000 -1 -1 -2.3435240305205554 185.83016847321528 95.84668473842136 236.13652143587802 -1 -1 -1 -1 -1 -1 -1 -1 1 
362 113 Car -1.000000 -1 -1 532.3068608299169 182.11828570537511 554.2074194213402 201.5855473439484 -1 -1 -1 -1 -1 -1 -1 -1 1 
362 100 Car -1.000000 -1 -1 406.74325043953905 186.84489058179966 500.7355419006404 249.4377047104076 -1 -1 -1 -1 -1 -1 -1 -1 1 
363 113 Car -1.000000 -1 -1 533.6080228934874 181.91245060843048 554.8916361213136 201.2189944388015 -1 -1 -1 -1 -1 -1 -1 -1 1 
363 100 Car -1.000000 -1 -1 410.0861320238553 186.61242074820458 503.38425402669696 247.94013759487356 -1 -1 -1 -1 -1 -1 -1 -1 1 
364 113 Car -1.000000 -1 -1 534.8352107877341 181.76353263909 555.6581667668519 201.166548433794 -1 -1 -1 -1 -1 -1 -1 -1 1 
364 100 Car -1.000000 -1 -1 414.6997482883035 184.32313712065363 504.9048649948881 244.45164989044113 -1 -1 -1 -1 -1 -1 -1 -1 1 
365 113 Car -1.000000 -1 -1 534.2525259674766 182.19778414807587 554.5995676245349 200.70588741888372 -1 -1 -1 -1 -1 -1 -1 -1 1 
365 100 Car -1.000000 -1 -1 419.96503959394283 186.75921651572696 505.76597326555805 245.7029329658031 -1 -1 -1 -1 -1 -1 -1 -1 1 
368 120 Car -1.000000 -1 -1 380.8286271848882 186.70093753124763 435.80785457711204 235.0230585892383 -1 -1 -1 -1 -1 -1 -1 -1 1 
369 120 Car -1.000000 -1 -1 373.3313004535369 188.74478002844145 432.1291313849419 237.54187310965162 -1 -1 -1 -1 -1 -1 -1 -1 1 
369 100 Car -1.000000 -1 -1 440.56656005923037 189.3244139740649 509.22386956781656 240.79749637291235 -1 -1 -1 -1 -1 -1 -1 -1 1 
370 120 Car -1.000000 -1 -1 371.4574083956562 188.6622262410307 430.1414493596824 238.15360174227615 -1 -1 -1 -1 -1 -1 -1 -1 1 
370 100 Car -1.000000 -1 -1 444.76020509995556 191.75619510650105 510.01906535872115 243.69495627100335 -1 -1 -1 -1 -1 -1 -1 -1 1 
371 120 Car -1.000000 -1 -1 364.4377819732518 188.6132332580578 426.1691000953861 239.74841366822852 -1 -1 -1 -1 -1 -1 -1 -1 1 
372 120 Car -1.000000 -1 -1 357.3704889926601 187.9833394996764 422.46327109897385 240.1233693725116 -1 -1 -1 -1 -1 -1 -1 -1 1 
373 120 Car -1.000000 -1 -1 349.51255753379644 190.2216249932011 420.1231403504763 243.48644283618978 -1 -1 -1 -1 -1 -1 -1 -1 1 
375 120 Car -1.000000 -1 -1 332.7630314054831 183.1068393561775 412.2115753638819 239.60288482585509 -1 -1 -1 -1 -1 -1 -1 -1 1 
384 120 Car -1.000000 -1 -1 188.44747899407565 183.675911832263 344.05929450901334 267.6921024509568 -1 -1 -1 -1 -1 -1 -1 -1 1 
385 120 Car -1.000000 -1 -1 150.06402511660997 185.94470631247057 328.0249771429307 277.42385314770803 -1 -1 -1 -1 -1 -1 -1 -1 1 
386 120 Car -1.000000 -1 -1 107.56845088342507 188.4824128945222 308.17472861692045 287.51625689677996 -1 -1 -1 -1 -1 -1 -1 -1 1 
387 127 Car -1.000000 -1 -1 555.5618023758744 181.0243772186547 574.8869614544643 197.29503472981935 -1 -1 -1 -1 -1 -1 -1 -1 1 
387 126 Car -1.000000 -1 -1 499.55843626233013 174.26959946333173 560.1998368726131 224.05573712464187 -1 -1 -1 -1 -1 -1 -1 -1 1 
387 120 Car -1.000000 -1 -1 64.28443474415724 193.01210055769008 288.1698900047098 299.31244242970575 -1 -1 -1 -1 -1 -1 -1 -1 1 
388 127 Car -1.000000 -1 -1 555.3844821225155 183.48207549864742 575.2584920051438 199.2002763163868 -1 -1 -1 -1 -1 -1 -1 -1 1 
388 126 Car -1.000000 -1 -1 499.2970076232124 178.4315606515903 559.1156647363217 226.7648068162734 -1 -1 -1 -1 -1 -1 -1 -1 1 
388 120 Car -1.000000 -1 -1 17.61416792939744 196.28043591494412 264.88166603353864 311.3953011079142 -1 -1 -1 -1 -1 -1 -1 -1 1 
389 127 Car -1.000000 -1 -1 554.8764121156248 183.3212152515661 576.093292983513 200.42833806190643 -1 -1 -1 -1 -1 -1 -1 -1 1 
389 126 Car -1.000000 -1 -1 499.46538402821375 180.3611287313902 557.6346269312257 227.44285520572723 -1 -1 -1 -1 -1 -1 -1 -1 1 
389 120 Car -1.000000 -1 -1 -10.79566480300528 200.3271923419876 248.973932050809 326.3218117034686 -1 -1 -1 -1 -1 -1 -1 -1 1 
