0 2 Car -1.000000 -1 -1 346.62661512081434 180.5424377178917 392.3079897990593 206.74949605017906 -1 -1 -1 -1 -1 -1 -1 -1 1 
0 1 Car -1.000000 -1 -1 421.1684068005819 179.5989913830104 458.6403930806197 204.78793378704444 -1 -1 -1 -1 -1 -1 -1 -1 1 
1 3 Car -1.000000 -1 -1 599.3869556933641 173.99363941512996 675.2868002641658 235.12694692740644 -1 -1 -1 -1 -1 -1 -1 -1 1 
1 2 Car -1.000000 -1 -1 335.70446648057236 181.3971064681641 384.48896396273585 210.61558800262526 -1 -1 -1 -1 -1 -1 -1 -1 1 
1 1 Car -1.000000 -1 -1 414.7406243971302 179.20211009006354 454.5687154579135 206.208714868543 -1 -1 -1 -1 -1 -1 -1 -1 1 
2 2 Car -1.000000 -1 -1 323.19169174576535 182.24735580429694 372.77290610569236 211.98818796685072 -1 -1 -1 -1 -1 -1 -1 -1 1 
2 1 Car -1.000000 -1 -1 402.048138007535 181.15222830080214 447.0059517925952 211.23187720121226 -1 -1 -1 -1 -1 -1 -1 -1 1 
3 2 Car -1.000000 -1 -1 311.6775418590915 183.2562467340452 366.5638306531775 215.83949647296203 -1 -1 -1 -1 -1 -1 -1 -1 1 
3 1 Car -1.000000 -1 -1 392.07369695421886 182.22867386357817 441.7099958994863 215.59797460969762 -1 -1 -1 -1 -1 -1 -1 -1 1 
4 2 Car -1.000000 -1 -1 297.51769873424905 183.42344539743644 356.69164820717447 218.8164727086333 -1 -1 -1 -1 -1 -1 -1 -1 1 
4 1 Car -1.000000 -1 -1 376.8263381545631 182.55385817243814 431.0280372453853 219.49451078160706 -1 -1 -1 -1 -1 -1 -1 -1 1 
5 3 Car -1.000000 -1 -1 589.8989689110547 180.30225082565735 652.2057501837483 235.7895547668589 -1 -1 -1 -1 -1 -1 -1 -1 1 
5 2 Car -1.000000 -1 -1 277.174614465831 183.8626334504632 341.3081151763633 222.30165205217423 -1 -1 -1 -1 -1 -1 -1 -1 1 
5 1 Car -1.000000 -1 -1 358.12172339485323 182.39154626764267 420.8066494572171 223.9772265047218 -1 -1 -1 -1 -1 -1 -1 -1 1 
6 3 Car -1.000000 -1 -1 588.4906487521582 180.07769813718681 648.5970415555284 235.29646502172824 -1 -1 -1 -1 -1 -1 -1 -1 1 
6 2 Car -1.000000 -1 -1 251.5038209862573 184.79994765450496 324.0877427910133 225.54846687476217 -1 -1 -1 -1 -1 -1 -1 -1 1 
6 1 Car -1.000000 -1 -1 333.89098326428353 182.90825568582844 405.13124423750463 227.7869842389239 -1 -1 -1 -1 -1 -1 -1 -1 1 
7 3 Car -1.000000 -1 -1 587.1048315124607 180.70078887630004 646.8231224616974 236.4634890898898 -1 -1 -1 -1 -1 -1 -1 -1 1 
7 2 Car -1.000000 -1 -1 230.3640863078649 187.10768395704972 309.48539501857977 229.93367633351514 -1 -1 -1 -1 -1 -1 -1 -1 1 
7 1 Car -1.000000 -1 -1 308.26381311892493 187.1412245251641 386.4164227746042 234.8629270948049 -1 -1 -1 -1 -1 -1 -1 -1 1 
8 3 Car -1.000000 -1 -1 585.2288805171086 181.70803584519211 645.0541410861092 237.27458278014666 -1 -1 -1 -1 -1 -1 -1 -1 1 
8 2 Car -1.000000 -1 -1 195.43024200148295 187.87920339156955 282.9756673563395 234.222249419168 -1 -1 -1 -1 -1 -1 -1 -1 1 
8 1 Car -1.000000 -1 -1 269.16990591710294 189.55437803336162 367.1615815927397 245.11999561119615 -1 -1 -1 -1 -1 -1 -1 -1 1 
9 3 Car -1.000000 -1 -1 584.3747336915308 181.7746603069209 643.7545057631169 237.29014439494682 -1 -1 -1 -1 -1 -1 -1 -1 1 
9 2 Car -1.000000 -1 -1 157.2570976522883 188.32825373720124 254.09988536157599 239.7506908373315 -1 -1 -1 -1 -1 -1 -1 -1 1 
9 1 Car -1.000000 -1 -1 213.4260345396408 191.49085328278653 336.07558867512796 254.67666266625304 -1 -1 -1 -1 -1 -1 -1 -1 1 
10 3 Car -1.000000 -1 -1 582.627181847023 181.277488670045 641.213494123842 236.61733294831532 -1 -1 -1 -1 -1 -1 -1 -1 1 
10 1 Car -1.000000 -1 -1 137.82093008243913 193.20557115764552 292.66173007552544 267.31089891402723 -1 -1 -1 -1 -1 -1 -1 -1 1 
11 3 Car -1.000000 -1 -1 578.9123630893299 180.61070645257323 637.7850849454186 236.56613571204522 -1 -1 -1 -1 -1 -1 -1 -1 1 
11 1 Car -1.000000 -1 -1 39.2268602439232 196.8273583030399 233.99196833396732 289.3405960611058 -1 -1 -1 -1 -1 -1 -1 -1 1 
12 3 Car -1.000000 -1 -1 575.9950598206965 179.6744687064775 634.6787929488464 236.33541801465668 -1 -1 -1 -1 -1 -1 -1 -1 1 
12 1 Car -1.000000 -1 -1 -14.155771192762614 203.30080471111535 167.44900282406962 303.84355214118136 -1 -1 -1 -1 -1 -1 -1 -1 1 
59 3 Car -1.000000 -1 -1 565.921824681336 181.57083311446132 617.0677720452021 231.05486962659813 -1 -1 -1 -1 -1 -1 -1 -1 1 
61 3 Car -1.000000 -1 -1 565.4593553152181 182.76391700295383 614.380454194132 230.40186416922708 -1 -1 -1 -1 -1 -1 -1 -1 1 
63 3 Car -1.000000 -1 -1 564.4936163617417 177.56605509672715 613.0375720248533 222.92396538874237 -1 -1 -1 -1 -1 -1 -1 -1 1 
64 3 Car -1.000000 -1 -1 563.8363482653731 176.4360828122082 612.7235560897716 220.85934118950615 -1 -1 -1 -1 -1 -1 -1 -1 1 
73 6 Car -1.000000 -1 -1 543.2345280609743 178.15738977795309 566.6880056233124 193.27031654216074 -1 -1 -1 -1 -1 -1 -1 -1 1 
76 9 Car -1.000000 -1 -1 439.47476266799856 185.18451690390097 481.94945416318706 213.45895910719045 -1 -1 -1 -1 -1 -1 -1 -1 1 
77 9 Car -1.000000 -1 -1 422.6264348601007 184.22564984509103 472.7321958144017 218.0425135515341 -1 -1 -1 -1 -1 -1 -1 -1 1 
77 6 Car -1.000000 -1 -1 518.4561179707483 179.45376649142062 551.5253817084259 202.31104463067507 -1 -1 -1 -1 -1 -1 -1 -1 1 
78 9 Car -1.000000 -1 -1 407.6731631210477 187.68405488446191 461.53394548502575 224.34090419004318 -1 -1 -1 -1 -1 -1 -1 -1 1 
78 6 Car -1.000000 -1 -1 514.018348308859 181.7343450304635 549.6397523044216 207.09022590101887 -1 -1 -1 -1 -1 -1 -1 -1 1 
79 6 Car -1.000000 -1 -1 503.47743263786816 186.6801641265942 543.6546195495636 215.9265833340424 -1 -1 -1 -1 -1 -1 -1 -1 1 
80 6 Car -1.000000 -1 -1 493.9205342777785 189.02894090429933 539.2480855322325 222.55504611479992 -1 -1 -1 -1 -1 -1 -1 -1 1 
81 6 Car -1.000000 -1 -1 482.1098712385095 188.53132472388802 533.8258418414778 226.7870769843214 -1 -1 -1 -1 -1 -1 -1 -1 1 
82 10 Car -1.000000 -1 -1 569.5028418126108 183.70224746716275 617.0405728725168 231.1995478251804 -1 -1 -1 -1 -1 -1 -1 -1 1 
82 9 Car -1.000000 -1 -1 261.21146974193476 203.4725086549854 370.6784033282656 264.6125199843662 -1 -1 -1 -1 -1 -1 -1 -1 1 
82 6 Car -1.000000 -1 -1 472.1425777688143 188.32680185725377 528.2335620330988 230.9979952027677 -1 -1 -1 -1 -1 -1 -1 -1 1 
83 10 Car -1.000000 -1 -1 569.9073911161465 182.7578284184784 616.9325181592665 230.14448367096756 -1 -1 -1 -1 -1 -1 -1 -1 1 
83 9 Car -1.000000 -1 -1 180.7568981695656 207.685377658272 325.2634466312853 284.10719341519996 -1 -1 -1 -1 -1 -1 -1 -1 1 
83 6 Car -1.000000 -1 -1 453.8071654310329 189.2060846489543 516.4928356436693 235.60068897255206 -1 -1 -1 -1 -1 -1 -1 -1 1 
84 6 Car -1.000000 -1 -1 423.2997087302263 190.74402785083151 495.79775321875894 243.4536034793448 -1 -1 -1 -1 -1 -1 -1 -1 1 
85 6 Car -1.000000 -1 -1 389.32591505726214 190.91580040860396 477.9078255333916 255.11172851522923 -1 -1 -1 -1 -1 -1 -1 -1 1 
112 16 Car -1.000000 -1 -1 913.4761588896688 166.94822620778137 963.7954684681595 185.69439961128506 -1 -1 -1 -1 -1 -1 -1 -1 1 
113 16 Car -1.000000 -1 -1 929.6569769024898 168.03917220941418 988.5510859303147 188.26826650078573 -1 -1 -1 -1 -1 -1 -1 -1 1 
114 16 Car -1.000000 -1 -1 944.1260866538527 168.92961460552897 1007.6563326268939 189.56167282154888 -1 -1 -1 -1 -1 -1 -1 -1 1 
115 17 Car -1.000000 -1 -1 478.5422263439556 178.9691450052589 510.9310662645777 207.60769634623693 -1 -1 -1 -1 -1 -1 -1 -1 1 
115 16 Car -1.000000 -1 -1 957.2397940148905 167.93471641414513 1027.920902132733 188.9003730493852 -1 -1 -1 -1 -1 -1 -1 -1 1 
116 17 Car -1.000000 -1 -1 469.37913084945137 177.2892489531402 504.35646269619747 208.93677213813845 -1 -1 -1 -1 -1 -1 -1 -1 1 
116 16 Car -1.000000 -1 -1 973.2199869941214 164.66047379709715 1051.3519453829756 187.49941887181103 -1 -1 -1 -1 -1 -1 -1 -1 1 
117 17 Car -1.000000 -1 -1 453.2437224176987 178.36267152467502 493.6562078108004 214.16220493715463 -1 -1 -1 -1 -1 -1 -1 -1 1 
117 16 Car -1.000000 -1 -1 988.9965716770771 162.7000662881353 1073.311102311614 186.65950947324706 -1 -1 -1 -1 -1 -1 -1 -1 1 
118 16 Car -1.000000 -1 -1 1008.581201227767 162.11014742983804 1098.8381923888946 187.74717458316013 -1 -1 -1 -1 -1 -1 -1 -1 1 
119 18 Car -1.000000 -1 -1 1104.906895552093 149.66561943835552 1257.8864722618973 197.116630943093 -1 -1 -1 -1 -1 -1 -1 -1 1 
119 16 Car -1.000000 -1 -1 1034.283573815228 166.55665239286978 1125.7940310656286 193.32281383635237 -1 -1 -1 -1 -1 -1 -1 -1 1 
120 16 Car -1.000000 -1 -1 1053.8165808833248 169.30189616757332 1158.2481361576163 198.33909356079488 -1 -1 -1 -1 -1 -1 -1 -1 1 
121 17 Car -1.000000 -1 -1 365.15537155552516 184.47198539157816 438.26778605520457 242.04874365298454 -1 -1 -1 -1 -1 -1 -1 -1 1 
121 16 Car -1.000000 -1 -1 1075.4194862443073 168.38703369964347 1184.9660064230557 199.15180588652842 -1 -1 -1 -1 -1 -1 -1 -1 1 
122 17 Car -1.000000 -1 -1 317.5305554588525 184.7613974023835 408.4907224772668 250.94539011950903 -1 -1 -1 -1 -1 -1 -1 -1 1 
122 16 Car -1.000000 -1 -1 1101.2060015436691 166.30947561771532 1223.6946044625183 200.44146896179674 -1 -1 -1 -1 -1 -1 -1 -1 1 
123 17 Car -1.000000 -1 -1 250.54446099870873 188.41611500272217 370.318988624178 269.3959656990069 -1 -1 -1 -1 -1 -1 -1 -1 1 
123 16 Car -1.000000 -1 -1 1127.2789929715532 162.51545782938695 1247.1162217127871 199.2715289947718 -1 -1 -1 -1 -1 -1 -1 -1 1 
124 16 Car -1.000000 -1 -1 1148.2577875628178 159.1432248712314 1259.9993049912525 198.11585877402976 -1 -1 -1 -1 -1 -1 -1 -1 1 
125 21 Car -1.000000 -1 -1 471.7468754667969 180.904080776531 513.6400476600581 210.413755382108 -1 -1 -1 -1 -1 -1 -1 -1 1 
126 21 Car -1.000000 -1 -1 463.38451619172974 183.43581225633986 508.964264028299 214.76693937641923 -1 -1 -1 -1 -1 -1 -1 -1 1 
127 21 Car -1.000000 -1 -1 446.7674971708228 186.27505571001888 498.6713254598766 221.8576963449292 -1 -1 -1 -1 -1 -1 -1 -1 1 
128 21 Car -1.000000 -1 -1 430.3870718979695 187.20185420389126 488.3646818262761 225.9240738201241 -1 -1 -1 -1 -1 -1 -1 -1 1 
129 21 Car -1.000000 -1 -1 409.4210002179084 188.80831461941446 472.88004028721286 231.73509594032592 -1 -1 -1 -1 -1 -1 -1 -1 1 
130 21 Car -1.000000 -1 -1 384.06564585529003 187.97521886130448 455.8897394475419 237.46928129734079 -1 -1 -1 -1 -1 -1 -1 -1 1 
131 21 Car -1.000000 -1 -1 344.50134064332445 191.39343669451577 431.2722894195261 247.88263642252164 -1 -1 -1 -1 -1 -1 -1 -1 1 
132 21 Car -1.000000 -1 -1 295.42261665918784 197.00698884028702 405.1811173201735 262.76123499318896 -1 -1 -1 -1 -1 -1 -1 -1 1 
133 21 Car -1.000000 -1 -1 223.98459983549662 203.46594978102476 369.3308465568049 286.57656687972724 -1 -1 -1 -1 -1 -1 -1 -1 1 
145 27 Car -1.000000 -1 -1 909.6954634278393 163.4233826521357 966.7419558441711 188.83111979187876 -1 -1 -1 -1 -1 -1 -1 -1 1 
150 27 Car -1.000000 -1 -1 919.4872620934611 172.10043829794657 976.3987387026527 194.70279638279843 -1 -1 -1 -1 -1 -1 -1 -1 1 
159 33 Car -1.000000 -1 -1 596.7750747236698 174.9222653145527 657.1122275394432 231.53883636524318 -1 -1 -1 -1 -1 -1 -1 -1 1 
169 33 Car -1.000000 -1 -1 602.2451396826879 178.93415596596043 664.7351546821188 234.35657490860882 -1 -1 -1 -1 -1 -1 -1 -1 1 
171 33 Car -1.000000 -1 -1 602.5327731337807 180.31733366152324 663.8830019011662 235.28551613678619 -1 -1 -1 -1 -1 -1 -1 -1 1 
192 33 Car -1.000000 -1 -1 601.4636093271727 178.98322878949944 661.9652679847286 236.2572762053859 -1 -1 -1 -1 -1 -1 -1 -1 1 
196 33 Car -1.000000 -1 -1 601.60649916351 178.2771409035903 661.9418515144222 237.66483103518175 -1 -1 -1 -1 -1 -1 -1 -1 1 
199 33 Car -1.000000 -1 -1 601.5857590936968 176.9628074258181 662.5526719584674 237.67390214958854 -1 -1 -1 -1 -1 -1 -1 -1 1 
202 40 Car -1.000000 -1 -1 876.2569282226154 4.610406595662397 1212.5703862013897 200.45464292665008 -1 -1 -1 -1 -1 -1 -1 -1 1 
203 40 Car -1.000000 -1 -1 872.1851253075008 4.848190013896172 1205.5537189134827 204.1831099964029 -1 -1 -1 -1 -1 -1 -1 -1 1 
210 41 Car -1.000000 -1 -1 600.5459108592761 176.64994736147105 656.763821119461 238.49504021812402 -1 -1 -1 -1 -1 -1 -1 -1 1 
212 41 Car -1.000000 -1 -1 597.2243278599985 176.45052176590494 653.7582158550185 237.75725768678686 -1 -1 -1 -1 -1 -1 -1 -1 1 
213 41 Car -1.000000 -1 -1 595.3583677488616 176.32837441449382 652.3610409246328 236.9868257851658 -1 -1 -1 -1 -1 -1 -1 -1 1 
214 41 Car -1.000000 -1 -1 594.4493942460044 177.30976746967696 651.4489787722691 237.02611345717867 -1 -1 -1 -1 -1 -1 -1 -1 1 
215 41 Car -1.000000 -1 -1 590.1152380784531 178.6667279237992 647.4358754057725 237.80818142860213 -1 -1 -1 -1 -1 -1 -1 -1 1 
217 41 Car -1.000000 -1 -1 583.0755565780348 177.79712769766797 642.8896965560782 237.5149512358638 -1 -1 -1 -1 -1 -1 -1 -1 1 
218 41 Car -1.000000 -1 -1 579.8703097201844 177.58633300684903 640.8848071892969 237.5151254052625 -1 -1 -1 -1 -1 -1 -1 -1 1 
219 41 Car -1.000000 -1 -1 577.7724829794657 177.8665149748408 639.9468076544239 237.98426597085677 -1 -1 -1 -1 -1 -1 -1 -1 1 
220 41 Car -1.000000 -1 -1 577.6076143596828 178.56028417411898 639.553909984597 238.04601125555132 -1 -1 -1 -1 -1 -1 -1 -1 1 
221 41 Car -1.000000 -1 -1 575.9931371725056 178.76849648595726 637.8478021594765 237.50630745164352 -1 -1 -1 -1 -1 -1 -1 -1 1 
222 41 Car -1.000000 -1 -1 575.5754298486504 179.12751825032893 636.9663233508002 237.21955341652114 -1 -1 -1 -1 -1 -1 -1 -1 1 
223 41 Car -1.000000 -1 -1 575.2530767973334 179.3456517445864 636.8195838553294 237.34351595036912 -1 -1 -1 -1 -1 -1 -1 -1 1 
224 41 Car -1.000000 -1 -1 575.1532749582661 179.83021380897205 637.0522311336733 237.8434934704534 -1 -1 -1 -1 -1 -1 -1 -1 1 
225 41 Car -1.000000 -1 -1 574.7965674528708 180.1550234389393 637.2453418806975 237.93563580518216 -1 -1 -1 -1 -1 -1 -1 -1 1 
226 41 Car -1.000000 -1 -1 573.8826951783509 180.45901213478737 636.638176260736 237.70099496291272 -1 -1 -1 -1 -1 -1 -1 -1 1 
227 41 Car -1.000000 -1 -1 572.7602950489922 180.6065053445546 636.1643663432997 237.4986993614881 -1 -1 -1 -1 -1 -1 -1 -1 1 
228 41 Car -1.000000 -1 -1 572.1935145194051 180.82649222961325 636.1416443573831 237.85740814129142 -1 -1 -1 -1 -1 -1 -1 -1 1 
229 41 Car -1.000000 -1 -1 572.7096619047004 181.5192887846207 636.351709010258 237.98053748993408 -1 -1 -1 -1 -1 -1 -1 -1 1 
230 41 Car -1.000000 -1 -1 572.4997642811933 181.38182767310872 634.5270266409694 237.99310625553625 -1 -1 -1 -1 -1 -1 -1 -1 1 
231 41 Car -1.000000 -1 -1 572.5909074663782 181.30521234909773 634.1589874482452 237.41424728878988 -1 -1 -1 -1 -1 -1 -1 -1 1 
240 41 Car -1.000000 -1 -1 569.1162903830206 179.3178465621877 630.3117351657173 233.6245797338243 -1 -1 -1 -1 -1 -1 -1 -1 1 
241 41 Car -1.000000 -1 -1 567.8576670149816 179.07645178734367 629.8042110529975 233.1083736683812 -1 -1 -1 -1 -1 -1 -1 -1 1 
242 41 Car -1.000000 -1 -1 570.0813515767358 179.2670408782608 631.318369690035 232.88548147535232 -1 -1 -1 -1 -1 -1 -1 -1 1 
243 41 Car -1.000000 -1 -1 570.9344926236024 179.6008824692229 631.8095274735508 232.68388113655814 -1 -1 -1 -1 -1 -1 -1 -1 1 
244 41 Car -1.000000 -1 -1 571.9764970605896 178.67442328474814 632.860260595366 231.1879744143994 -1 -1 -1 -1 -1 -1 -1 -1 1 
245 44 Car -1.000000 -1 -1 667.9386888944001 171.81267273209332 690.6266402122222 180.09453707798062 -1 -1 -1 -1 -1 -1 -1 -1 1 
245 41 Car -1.000000 -1 -1 572.6988643847482 178.17824480795713 633.1327199778392 230.27783538840606 -1 -1 -1 -1 -1 -1 -1 -1 1 
246 44 Car -1.000000 -1 -1 667.428847700282 171.874726252675 689.3201056301443 180.04198001203034 -1 -1 -1 -1 -1 -1 -1 -1 1 
246 41 Car -1.000000 -1 -1 574.0833423504228 178.3200837774384 633.5576825005874 230.03067213764967 -1 -1 -1 -1 -1 -1 -1 -1 1 
247 44 Car -1.000000 -1 -1 666.3913538321467 172.33829482192348 687.8272020170655 180.33062640945187 -1 -1 -1 -1 -1 -1 -1 -1 1 
247 41 Car -1.000000 -1 -1 575.7854586861968 178.5538973440178 634.5809721392573 229.50671489528332 -1 -1 -1 -1 -1 -1 -1 -1 1 
248 44 Car -1.000000 -1 -1 664.4523514342321 172.53718196975828 685.4164570474303 180.61191821705935 -1 -1 -1 -1 -1 -1 -1 -1 1 
248 41 Car -1.000000 -1 -1 576.8340129874955 178.63103088334657 634.5167252802837 229.46000089676915 -1 -1 -1 -1 -1 -1 -1 -1 1 
249 41 Car -1.000000 -1 -1 577.3154842806576 179.3317504387948 634.7860910494959 229.8313476245263 -1 -1 -1 -1 -1 -1 -1 -1 1 
250 41 Car -1.000000 -1 -1 577.5271694503551 179.85755128324396 635.1060884637475 229.61354935831744 -1 -1 -1 -1 -1 -1 -1 -1 1 
251 41 Car -1.000000 -1 -1 577.5009494535176 180.0241054539054 635.6035015455856 229.08314603186682 -1 -1 -1 -1 -1 -1 -1 -1 1 
252 45 Car -1.000000 -1 -1 643.8826093298354 172.98678380207963 667.3367892171619 181.818312070348 -1 -1 -1 -1 -1 -1 -1 -1 1 
252 41 Car -1.000000 -1 -1 583.6852341911647 177.27831735704416 639.7481253619062 224.72816722133422 -1 -1 -1 -1 -1 -1 -1 -1 1 
254 45 Car -1.000000 -1 -1 641.1769596482619 173.58019979447272 665.5362207791071 183.28512796674693 -1 -1 -1 -1 -1 -1 -1 -1 1 
254 41 Car -1.000000 -1 -1 586.5816271849355 180.2210813664462 641.6502665424102 227.6313791506225 -1 -1 -1 -1 -1 -1 -1 -1 1 
255 45 Car -1.000000 -1 -1 637.9016361081519 176.47484896013165 661.2662357709553 186.9020758867122 -1 -1 -1 -1 -1 -1 -1 -1 1 
261 41 Car -1.000000 -1 -1 599.9080525406226 179.49847931396783 651.5423599169118 225.51698921932325 -1 -1 -1 -1 -1 -1 -1 -1 1 
262 41 Car -1.000000 -1 -1 600.075051994492 180.41342468558437 651.9244049923548 226.3720253138283 -1 -1 -1 -1 -1 -1 -1 -1 1 
264 41 Car -1.000000 -1 -1 602.0936896136113 181.19404027829063 653.5384354413993 227.02897154960232 -1 -1 -1 -1 -1 -1 -1 -1 1 
265 41 Car -1.000000 -1 -1 604.985225976196 178.38752867990658 655.5942982489162 223.2996282419289 -1 -1 -1 -1 -1 -1 -1 -1 1 
266 41 Car -1.000000 -1 -1 602.3839295799891 179.52836852870445 652.9103536887384 224.84073384692414 -1 -1 -1 -1 -1 -1 -1 -1 1 
268 46 Car -1.000000 -1 -1 570.6146317639069 178.41988405181579 594.4957523711927 193.14838753600552 -1 -1 -1 -1 -1 -1 -1 -1 1 
269 46 Car -1.000000 -1 -1 568.4103899879116 178.43366698048635 592.2671924200966 193.55640471022207 -1 -1 -1 -1 -1 -1 -1 -1 1 
270 41 Car -1.000000 -1 -1 601.3432601124368 180.37311868067482 651.4617153396616 226.29784126491543 -1 -1 -1 -1 -1 -1 -1 -1 1 
271 41 Car -1.000000 -1 -1 601.9834989470066 180.408286352173 652.0145312176044 226.07406857843213 -1 -1 -1 -1 -1 -1 -1 -1 1 
272 41 Car -1.000000 -1 -1 606.5273795638926 181.48932046313683 656.7506223173679 226.39755698508014 -1 -1 -1 -1 -1 -1 -1 -1 1 
273 48 Car -1.000000 -1 -1 560.2158681961268 178.75109739806518 597.8360909255243 201.25684335593152 -1 -1 -1 -1 -1 -1 -1 -1 1 
273 41 Car -1.000000 -1 -1 608.9233308605764 182.18357724449626 659.381364025039 226.28053587958394 -1 -1 -1 -1 -1 -1 -1 -1 1 
274 48 Car -1.000000 -1 -1 551.5176650517103 179.69684449309028 591.7300132359076 204.23681895288513 -1 -1 -1 -1 -1 -1 -1 -1 1 
274 41 Car -1.000000 -1 -1 609.5976381570478 182.4702832961752 660.5377327797383 226.2332412556468 -1 -1 -1 -1 -1 -1 -1 -1 1 
275 48 Car -1.000000 -1 -1 542.1776840936685 179.1250934920364 584.7259047127828 205.6329364536005 -1 -1 -1 -1 -1 -1 -1 -1 1 
275 41 Car -1.000000 -1 -1 609.6001527793576 181.96884876898227 660.6493941378544 225.9569837213737 -1 -1 -1 -1 -1 -1 -1 -1 1 
276 51 Car -1.000000 -1 -1 497.8623093479058 178.81042929183675 534.4899681770145 205.1911278310146 -1 -1 -1 -1 -1 -1 -1 -1 1 
276 48 Car -1.000000 -1 -1 533.829020169874 178.41750863011777 577.6286514862372 206.60998281947815 -1 -1 -1 -1 -1 -1 -1 -1 1 
276 41 Car -1.000000 -1 -1 610.2948348530844 178.86077604299396 661.3003120607044 223.27043684940173 -1 -1 -1 -1 -1 -1 -1 -1 1 
277 51 Car -1.000000 -1 -1 484.7651597438985 178.11075754362503 524.8349137515208 207.15018612864822 -1 -1 -1 -1 -1 -1 -1 -1 1 
277 48 Car -1.000000 -1 -1 523.0749590679524 177.68784202993737 571.0172090488264 209.01628368330677 -1 -1 -1 -1 -1 -1 -1 -1 1 
277 41 Car -1.000000 -1 -1 610.9450275490092 177.38255031031377 661.7925517768533 223.05365909419743 -1 -1 -1 -1 -1 -1 -1 -1 1 
278 51 Car -1.000000 -1 -1 467.83414227566317 179.97510593589698 512.2308950686894 210.58905701053988 -1 -1 -1 -1 -1 -1 -1 -1 1 
278 48 Car -1.000000 -1 -1 509.4793965107285 177.86552807476673 562.9595693379524 213.25249080346245 -1 -1 -1 -1 -1 -1 -1 -1 1 
278 41 Car -1.000000 -1 -1 611.52855621352 175.86448380012192 662.3830676229636 223.60993225454357 -1 -1 -1 -1 -1 -1 -1 -1 1 
279 51 Car -1.000000 -1 -1 449.00294909430465 181.04387183666185 499.7536808954575 214.78215828153267 -1 -1 -1 -1 -1 -1 -1 -1 1 
279 48 Car -1.000000 -1 -1 495.15190231435423 178.74535060600277 553.5947250045266 217.3290697258007 -1 -1 -1 -1 -1 -1 -1 -1 1 
279 41 Car -1.000000 -1 -1 609.9032277749711 175.88413091046462 662.3338185582713 223.3300871137283 -1 -1 -1 -1 -1 -1 -1 -1 1 
280 51 Car -1.000000 -1 -1 431.54795495189245 181.46181591837117 485.40245067796394 217.0163740697421 -1 -1 -1 -1 -1 -1 -1 -1 1 
280 48 Car -1.000000 -1 -1 474.6996501345229 181.60900973311232 540.5414138327309 223.1982308420994 -1 -1 -1 -1 -1 -1 -1 -1 1 
280 41 Car -1.000000 -1 -1 610.152941643251 175.9591141978299 662.8751801091408 223.36254447678854 -1 -1 -1 -1 -1 -1 -1 -1 1 
281 51 Car -1.000000 -1 -1 402.8447384477755 184.14737658586677 462.3513507639881 224.6929538990857 -1 -1 -1 -1 -1 -1 -1 -1 1 
281 48 Car -1.000000 -1 -1 452.8320031372431 183.26148309890473 525.8398301825687 229.35360937849615 -1 -1 -1 -1 -1 -1 -1 -1 1 
281 41 Car -1.000000 -1 -1 610.8148296410768 175.99073082317702 663.9980910575543 223.78265119892617 -1 -1 -1 -1 -1 -1 -1 -1 1 
282 51 Car -1.000000 -1 -1 372.62409050327176 186.76349019424964 442.0468948585675 233.53111635731614 -1 -1 -1 -1 -1 -1 -1 -1 1 
282 48 Car -1.000000 -1 -1 418.62957578379064 185.524424854656 505.5500897165683 238.0929158399722 -1 -1 -1 -1 -1 -1 -1 -1 1 
283 51 Car -1.000000 -1 -1 330.12266298953597 188.25357952481923 408.1004134575326 240.54051870229594 -1 -1 -1 -1 -1 -1 -1 -1 1 
283 48 Car -1.000000 -1 -1 374.39983606594507 188.77710437311285 483.1624358878326 251.98189342436885 -1 -1 -1 -1 -1 -1 -1 -1 1 
284 48 Car -1.000000 -1 -1 312.70646179271944 192.64683041724538 452.22465676330387 269.3467214874838 -1 -1 -1 -1 -1 -1 -1 -1 1 
