0 2 Car -1.000000 -1 -1 715.224200341564 185.3810848059276 740.8996533579552 195.69039962684306 -1 -1 -1 -1 -1 -1 -1 -1 1 
0 1 Car -1.000000 -1 -1 466.8192321613718 183.57375864154446 563.2930374419174 213.63981413798265 -1 -1 -1 -1 -1 -1 -1 -1 1 
1 3 Car -1.000000 -1 -1 658.753134779059 182.32667345840198 697.189023789305 203.9768327600681 -1 -1 -1 -1 -1 -1 -1 -1 1 
1 2 Car -1.000000 -1 -1 715.3924355806906 185.30836624233558 741.8981561450638 195.6125555634863 -1 -1 -1 -1 -1 -1 -1 -1 1 
1 1 Car -1.000000 -1 -1 474.76110069517864 183.3068126112722 572.3640712863935 213.65986943704903 -1 -1 -1 -1 -1 -1 -1 -1 1 
2 2 Car -1.000000 -1 -1 715.650041733869 184.5142304391884 743.0924905324981 195.35035150546133 -1 -1 -1 -1 -1 -1 -1 -1 1 
2 1 Car -1.000000 -1 -1 490.78581559185307 183.6260586083863 587.3504816254209 212.96896772011888 -1 -1 -1 -1 -1 -1 -1 -1 1 
3 1 Car -1.000000 -1 -1 502.3225522893849 182.98412287657771 601.4041091468388 213.33643971479967 -1 -1 -1 -1 -1 -1 -1 -1 1 
4 1 Car -1.000000 -1 -1 516.4195661067514 183.1694777943324 612.9508097593374 212.80305728743951 -1 -1 -1 -1 -1 -1 -1 -1 1 
5 1 Car -1.000000 -1 -1 526.8381352326002 182.43707558686916 625.1185963126917 212.97398008694014 -1 -1 -1 -1 -1 -1 -1 -1 1 
6 1 Car -1.000000 -1 -1 539.5711467441746 182.33319404788315 636.7136864272101 212.37905788806532 -1 -1 -1 -1 -1 -1 -1 -1 1 
7 1 Car -1.000000 -1 -1 551.4698464760053 182.3623539242168 647.8791615715185 212.71030015884253 -1 -1 -1 -1 -1 -1 -1 -1 1 
8 1 Car -1.000000 -1 -1 564.366128477508 182.37560090577196 659.3808013293076 212.24715460748925 -1 -1 -1 -1 -1 -1 -1 -1 1 
9 1 Car -1.000000 -1 -1 575.9843820375995 182.06713890625858 671.5074594019457 212.6201717647185 -1 -1 -1 -1 -1 -1 -1 -1 1 
10 1 Car -1.000000 -1 -1 586.9288658312701 181.83910937902363 680.5307325097774 212.17444175240342 -1 -1 -1 -1 -1 -1 -1 -1 1 
11 1 Car -1.000000 -1 -1 600.5603268525214 181.33871370016172 692.8959392181306 212.22192510484606 -1 -1 -1 -1 -1 -1 -1 -1 1 
12 1 Car -1.000000 -1 -1 611.7042309021078 181.95810606022468 701.0046328291874 212.05100124535835 -1 -1 -1 -1 -1 -1 -1 -1 1 
13 1 Car -1.000000 -1 -1 616.755971971081 181.95903950344956 707.1512001370709 211.31295010266751 -1 -1 -1 -1 -1 -1 -1 -1 1 
14 1 Car -1.000000 -1 -1 629.3959531961106 181.99001529792616 717.4132871766755 211.4437731317505 -1 -1 -1 -1 -1 -1 -1 -1 1 
15 1 Car -1.000000 -1 -1 640.5038800650008 182.37380556903653 726.375381175398 210.90797527332236 -1 -1 -1 -1 -1 -1 -1 -1 1 
16 1 Car -1.000000 -1 -1 647.0954860938732 181.9295090387805 732.524262603933 210.18797135456396 -1 -1 -1 -1 -1 -1 -1 -1 1 
17 1 Car -1.000000 -1 -1 656.3013663244886 182.0894936915148 740.5967879206052 210.12552102248003 -1 -1 -1 -1 -1 -1 -1 -1 1 
18 1 Car -1.000000 -1 -1 661.8959811340474 182.7581330415367 745.4659291457579 210.03368775418474 -1 -1 -1 -1 -1 -1 -1 -1 1 
19 1 Car -1.000000 -1 -1 669.7955951781734 182.9370717307243 750.942952644194 209.47611616536642 -1 -1 -1 -1 -1 -1 -1 -1 1 
20 1 Car -1.000000 -1 -1 682.9458044282208 182.95149458483348 757.8572784121166 208.99505660089147 -1 -1 -1 -1 -1 -1 -1 -1 1 
21 1 Car -1.000000 -1 -1 691.7966139271532 181.831507887753 762.1245238630181 207.4818078727758 -1 -1 -1 -1 -1 -1 -1 -1 1 
22 1 Car -1.000000 -1 -1 698.9442001222516 181.17426115588555 762.617739482898 206.65037364024735 -1 -1 -1 -1 -1 -1 -1 -1 1 
23 1 Car -1.000000 -1 -1 704.6716545594179 181.14427284119168 762.6160204845014 206.2725274566525 -1 -1 -1 -1 -1 -1 -1 -1 1 
24 1 Car -1.000000 -1 -1 710.0931630077838 181.24089767768254 764.8634121338481 206.0533673252292 -1 -1 -1 -1 -1 -1 -1 -1 1 
25 1 Car -1.000000 -1 -1 714.2506477776254 181.51433178553438 765.2131192515918 205.6721590985339 -1 -1 -1 -1 -1 -1 -1 -1 1 
26 6 Car -1.000000 -1 -1 655.6294593476446 182.89657007858264 694.9948926972522 203.76524323591823 -1 -1 -1 -1 -1 -1 -1 -1 1 
26 1 Car -1.000000 -1 -1 721.4392005869421 181.896948795992 769.905733757398 205.50137875891488 -1 -1 -1 -1 -1 -1 -1 -1 1 
27 1 Car -1.000000 -1 -1 725.0267574284235 181.79048061547763 771.7249885658855 204.95322968163902 -1 -1 -1 -1 -1 -1 -1 -1 1 
28 1 Car -1.000000 -1 -1 727.0617021845213 182.10554619532422 772.6747103203871 204.58702645919777 -1 -1 -1 -1 -1 -1 -1 -1 1 
29 1 Car -1.000000 -1 -1 731.671933095203 181.90032028716072 775.2400842157253 204.00015308627232 -1 -1 -1 -1 -1 -1 -1 -1 1 
30 1 Car -1.000000 -1 -1 736.3581867498929 181.82642064081466 778.2079197310707 203.68811644502262 -1 -1 -1 -1 -1 -1 -1 -1 1 
31 1 Car -1.000000 -1 -1 740.238767831071 181.89955514205968 780.751597370075 203.3975071610064 -1 -1 -1 -1 -1 -1 -1 -1 1 
32 1 Car -1.000000 -1 -1 740.9465027193515 182.00102685107137 782.1725161403282 203.2915049404559 -1 -1 -1 -1 -1 -1 -1 -1 1 
33 7 Car -1.000000 -1 -1 712.5479727670967 185.76898291924982 741.2452739543459 197.6699153640581 -1 -1 -1 -1 -1 -1 -1 -1 1 
33 1 Car -1.000000 -1 -1 742.6216626566442 182.0409169345234 782.3437288466477 202.88530872177506 -1 -1 -1 -1 -1 -1 -1 -1 1 
34 7 Car -1.000000 -1 -1 711.6089965515786 185.65103349978273 740.908093596014 197.58055433719505 -1 -1 -1 -1 -1 -1 -1 -1 1 
34 1 Car -1.000000 -1 -1 743.6019885764804 182.2746187895792 781.4286884475205 202.64565911139093 -1 -1 -1 -1 -1 -1 -1 -1 1 
35 7 Car -1.000000 -1 -1 713.0175935156939 185.69769073165426 742.1800272621605 197.40796068137016 -1 -1 -1 -1 -1 -1 -1 -1 1 
35 1 Car -1.000000 -1 -1 744.3574072061822 182.38921778056914 779.1404919970416 200.30088112109604 -1 -1 -1 -1 -1 -1 -1 -1 1 
36 7 Car -1.000000 -1 -1 714.19649012688 186.11618294282468 742.8077671717183 197.6342099414986 -1 -1 -1 -1 -1 -1 -1 -1 1 
36 1 Car -1.000000 -1 -1 745.3025584167364 182.4399726877398 780.379965863776 200.72250020954957 -1 -1 -1 -1 -1 -1 -1 -1 1 
37 7 Car -1.000000 -1 -1 714.6613928018758 186.15804414782505 742.2345402403678 197.31623663991624 -1 -1 -1 -1 -1 -1 -1 -1 1 
37 1 Car -1.000000 -1 -1 746.2219876429014 182.65529159469372 778.360643323114 199.50053232126703 -1 -1 -1 -1 -1 -1 -1 -1 1 
38 7 Car -1.000000 -1 -1 714.3815970854818 186.13677449349058 741.7538568315655 197.14914070310283 -1 -1 -1 -1 -1 -1 -1 -1 1 
38 1 Car -1.000000 -1 -1 747.4159324184325 183.22592130833536 777.4306134910869 198.8180351864195 -1 -1 -1 -1 -1 -1 -1 -1 1 
39 7 Car -1.000000 -1 -1 714.4793241148772 186.2332007150085 741.7144122872704 197.10779696643263 -1 -1 -1 -1 -1 -1 -1 -1 1 
39 1 Car -1.000000 -1 -1 748.4272527918257 183.84887429976897 776.70349635334 198.5719158902898 -1 -1 -1 -1 -1 -1 -1 -1 1 
40 7 Car -1.000000 -1 -1 714.2665105458223 186.67033572244986 741.120460770924 197.37856071313274 -1 -1 -1 -1 -1 -1 -1 -1 1 
41 8 Car -1.000000 -1 -1 655.9342695659773 182.78943749263732 696.516272063091 204.07613347765232 -1 -1 -1 -1 -1 -1 -1 -1 1 
41 7 Car -1.000000 -1 -1 713.9569395314055 186.64641595468206 741.0983869522478 197.42990477306702 -1 -1 -1 -1 -1 -1 -1 -1 1 
42 8 Car -1.000000 -1 -1 656.0617794160564 182.7315813438199 696.7348529692515 203.98844640492248 -1 -1 -1 -1 -1 -1 -1 -1 1 
42 7 Car -1.000000 -1 -1 713.7667946245954 186.71754819175752 741.4169269205643 197.56553871439635 -1 -1 -1 -1 -1 -1 -1 -1 1 
43 7 Car -1.000000 -1 -1 713.2739447558062 186.75003637270893 741.8051437297712 197.70245278299396 -1 -1 -1 -1 -1 -1 -1 -1 1 
44 7 Car -1.000000 -1 -1 712.9343674030979 186.77344812993135 741.3622448094925 197.630393436029 -1 -1 -1 -1 -1 -1 -1 -1 1 
45 7 Car -1.000000 -1 -1 713.376267664424 186.68481526385924 741.1221471693661 197.29351477418126 -1 -1 -1 -1 -1 -1 -1 -1 1 
46 7 Car -1.000000 -1 -1 713.2492996424999 186.7554321359598 741.5489237687782 197.43007377494527 -1 -1 -1 -1 -1 -1 -1 -1 1 
47 7 Car -1.000000 -1 -1 712.5731303631592 186.90061611102018 741.1580160871047 197.73327234631168 -1 -1 -1 -1 -1 -1 -1 -1 1 
48 10 Car -1.000000 -1 -1 745.5311602469078 185.286294108302 772.9054791480303 199.14425028992753 -1 -1 -1 -1 -1 -1 -1 -1 1 
48 7 Car -1.000000 -1 -1 712.4418785106934 186.99505948690216 741.2363584182931 197.9411442430611 -1 -1 -1 -1 -1 -1 -1 -1 1 
49 10 Car -1.000000 -1 -1 744.2707284028271 185.4941933069262 771.9117688814255 199.21748291538358 -1 -1 -1 -1 -1 -1 -1 -1 1 
49 7 Car -1.000000 -1 -1 711.9732116584325 187.09351194014985 741.0992013952182 198.077892239754 -1 -1 -1 -1 -1 -1 -1 -1 1 
50 10 Car -1.000000 -1 -1 743.9332522871207 185.34318165636307 772.3847777449364 199.1455583451443 -1 -1 -1 -1 -1 -1 -1 -1 1 
50 7 Car -1.000000 -1 -1 712.2686131497667 187.09154519884711 741.6537580661122 198.08726769142046 -1 -1 -1 -1 -1 -1 -1 -1 1 
51 10 Car -1.000000 -1 -1 743.8158237536101 185.67856670469772 772.9068293169004 199.25201891258152 -1 -1 -1 -1 -1 -1 -1 -1 1 
51 7 Car -1.000000 -1 -1 711.8069030485065 187.23374743950663 742.46496932382 198.44458507313098 -1 -1 -1 -1 -1 -1 -1 -1 1 
52 10 Car -1.000000 -1 -1 743.1923852091943 185.35364204649673 772.9260692132034 198.87304181472823 -1 -1 -1 -1 -1 -1 -1 -1 1 
52 7 Car -1.000000 -1 -1 711.9892960455531 187.0048316911026 743.3279443678764 198.29674882738453 -1 -1 -1 -1 -1 -1 -1 -1 1 
53 10 Car -1.000000 -1 -1 743.7597126709555 185.5668282924853 773.3808573678872 198.82027172769114 -1 -1 -1 -1 -1 -1 -1 -1 1 
53 7 Car -1.000000 -1 -1 712.1362597665233 186.86054989348105 743.4193684581509 197.9848701950546 -1 -1 -1 -1 -1 -1 -1 -1 1 
54 10 Car -1.000000 -1 -1 742.2190115978561 185.59849078654094 773.1595699446938 199.11936676352406 -1 -1 -1 -1 -1 -1 -1 -1 1 
54 7 Car -1.000000 -1 -1 712.1204966338577 186.79345572507134 742.7928903133751 197.67611819470363 -1 -1 -1 -1 -1 -1 -1 -1 1 
55 10 Car -1.000000 -1 -1 740.9127453018976 185.63306684199983 772.6569851847868 198.99466944929662 -1 -1 -1 -1 -1 -1 -1 -1 1 
55 7 Car -1.000000 -1 -1 711.6137749560996 186.55040538078072 742.5104582448903 197.34181823099533 -1 -1 -1 -1 -1 -1 -1 -1 1 
56 10 Car -1.000000 -1 -1 750.51131053975 185.26283876280743 781.4367848553109 198.29541873631368 -1 -1 -1 -1 -1 -1 -1 -1 1 
56 7 Car -1.000000 -1 -1 711.7690873037726 186.3770565207122 742.7066051015235 197.23155537309464 -1 -1 -1 -1 -1 -1 -1 -1 1 
57 7 Car -1.000000 -1 -1 712.7220890355477 186.1134778259432 744.4216134490214 197.13456871828507 -1 -1 -1 -1 -1 -1 -1 -1 1 
58 7 Car -1.000000 -1 -1 712.7521870067272 185.92354758263943 744.7817001911188 196.96728368947416 -1 -1 -1 -1 -1 -1 -1 -1 1 
59 12 Car -1.000000 -1 -1 655.660918940469 183.12064801818536 698.9202915132764 203.695634444618 -1 -1 -1 -1 -1 -1 -1 -1 1 
59 7 Car -1.000000 -1 -1 712.8002040903989 185.94018483876843 745.3473924009077 197.09944625303567 -1 -1 -1 -1 -1 -1 -1 -1 1 
60 12 Car -1.000000 -1 -1 655.7026420454324 183.08757501511386 698.4726711921219 203.6664249258939 -1 -1 -1 -1 -1 -1 -1 -1 1 
60 7 Car -1.000000 -1 -1 712.7069765635486 185.9965111750734 744.9081015060015 197.05983014645835 -1 -1 -1 -1 -1 -1 -1 -1 1 
61 12 Car -1.000000 -1 -1 655.5094190872612 183.02836701423888 698.141254599491 203.82864063793966 -1 -1 -1 -1 -1 -1 -1 -1 1 
61 7 Car -1.000000 -1 -1 712.9126687906524 185.96152135665884 745.4933660044377 197.17357748066158 -1 -1 -1 -1 -1 -1 -1 -1 1 
62 12 Car -1.000000 -1 -1 655.6289778304013 182.93290950880316 698.2656289075744 203.9232473118779 -1 -1 -1 -1 -1 -1 -1 -1 1 
63 12 Car -1.000000 -1 -1 655.4879713156744 182.78593190969502 698.3661161716431 203.98383041546367 -1 -1 -1 -1 -1 -1 -1 -1 1 
64 12 Car -1.000000 -1 -1 655.131032232891 182.61449787466685 698.0404276779753 203.9907064951685 -1 -1 -1 -1 -1 -1 -1 -1 1 
65 12 Car -1.000000 -1 -1 655.2844496202321 182.5501786509831 698.0415418778495 204.0245080797823 -1 -1 -1 -1 -1 -1 -1 -1 1 
66 12 Car -1.000000 -1 -1 655.4896382623266 182.495071373285 698.1311028670613 204.04531322755838 -1 -1 -1 -1 -1 -1 -1 -1 1 
67 12 Car -1.000000 -1 -1 655.632975599354 182.47895985462054 698.2085962249123 204.07146025586582 -1 -1 -1 -1 -1 -1 -1 -1 1 
68 12 Car -1.000000 -1 -1 655.894536809109 182.38732470195575 698.5132250757642 204.0684934099232 -1 -1 -1 -1 -1 -1 -1 -1 1 
69 16 Car -1.000000 -1 -1 737.0930987825261 185.24835081713175 766.7058425714886 196.64878677823603 -1 -1 -1 -1 -1 -1 -1 -1 1 
69 12 Car -1.000000 -1 -1 655.7778304754969 182.40008416066289 698.5059435155398 204.1630229222216 -1 -1 -1 -1 -1 -1 -1 -1 1 
70 16 Car -1.000000 -1 -1 736.4279647230718 185.15024171318552 766.1113290380457 196.51334934715666 -1 -1 -1 -1 -1 -1 -1 -1 1 
70 15 Car -1.000000 -1 -1 715.3788444978882 185.97688282191987 743.3809989993886 196.16125099213477 -1 -1 -1 -1 -1 -1 -1 -1 1 
70 12 Car -1.000000 -1 -1 655.5646182101375 182.41387625694634 698.135370955559 204.25515148652212 -1 -1 -1 -1 -1 -1 -1 -1 1 
71 12 Car -1.000000 -1 -1 655.4894290178921 182.36206176978666 697.8032671726277 204.270507713449 -1 -1 -1 -1 -1 -1 -1 -1 1 
72 12 Car -1.000000 -1 -1 655.5284303129079 182.2988804471362 697.5406485061314 204.2610624816326 -1 -1 -1 -1 -1 -1 -1 -1 1 
73 12 Car -1.000000 -1 -1 655.8086194365612 182.25952358314916 697.7010625518849 204.20187444379982 -1 -1 -1 -1 -1 -1 -1 -1 1 
74 12 Car -1.000000 -1 -1 655.8337207297532 182.2319228789838 697.6794662117807 204.13222807505176 -1 -1 -1 -1 -1 -1 -1 -1 1 
75 12 Car -1.000000 -1 -1 655.8937744467098 182.2063148297962 697.87981254347 204.12579435345845 -1 -1 -1 -1 -1 -1 -1 -1 1 
76 12 Car -1.000000 -1 -1 655.9436128253025 182.24319919084658 697.9124548719063 204.15280993831956 -1 -1 -1 -1 -1 -1 -1 -1 1 
77 12 Car -1.000000 -1 -1 655.7662379943974 182.29953526162183 697.7701244318334 204.24081486710446 -1 -1 -1 -1 -1 -1 -1 -1 1 
