0 1 Car -1.000000 -1 -1 870.0130721152975 220.00180980047355 1247.7345682949974 374.66809791154583 -1 -1 -1 -1 -1 -1 -1 -1 1 
1 1 Car -1.000000 -1 -1 882.7230370139555 222.69747792411187 1240.4765884657 371.2564512232721 -1 -1 -1 -1 -1 -1 -1 -1 1 
2 1 Car -1.000000 -1 -1 923.0628653683358 237.45576931504166 1240.6070490226691 372.60059047510225 -1 -1 -1 -1 -1 -1 -1 -1 1 
3 1 Car -1.000000 -1 -1 949.5169140261647 248.25882594953833 1242.1214818013573 374.3432714909482 -1 -1 -1 -1 -1 -1 -1 -1 1 
77 2 Car -1.000000 -1 -1 528.3795301080493 151.50836638134504 600.8947254213233 204.61496560169914 -1 -1 -1 -1 -1 -1 -1 -1 1 
78 2 Car -1.000000 -1 -1 526.4933540203912 151.47829290544118 603.5258899395579 206.08377238425723 -1 -1 -1 -1 -1 -1 -1 -1 1 
80 2 Car -1.000000 -1 -1 513.8558661553884 153.0611368238119 590.0659936540394 208.462628779467 -1 -1 -1 -1 -1 -1 -1 -1 1 
84 2 Car -1.000000 -1 -1 503.663665955226 151.86727883329272 581.7316611012147 209.11850718171908 -1 -1 -1 -1 -1 -1 -1 -1 1 
85 2 Car -1.000000 -1 -1 495.56519295090266 150.92624833195578 576.8567029341816 211.03797084036478 -1 -1 -1 -1 -1 -1 -1 -1 1 
86 2 Car -1.000000 -1 -1 488.29097631053367 150.723431041344 573.9170086643591 213.5221490037196 -1 -1 -1 -1 -1 -1 -1 -1 1 
87 3 Car -1.000000 -1 -1 435.0344635568415 177.55726464339594 479.9648369077913 202.74138560887715 -1 -1 -1 -1 -1 -1 -1 -1 1 
87 2 Car -1.000000 -1 -1 484.29207631999867 150.03268818994013 573.1551281998748 215.2215379964647 -1 -1 -1 -1 -1 -1 -1 -1 1 
88 3 Car -1.000000 -1 -1 435.30520662557143 177.43865881659525 477.8669815914082 202.13518655319194 -1 -1 -1 -1 -1 -1 -1 -1 1 
91 4 Car -1.000000 -1 -1 413.6989122608423 177.25554988597673 456.4098977532347 204.63481755441018 -1 -1 -1 -1 -1 -1 -1 -1 1 
91 2 Car -1.000000 -1 -1 457.8761733068869 146.03285723528938 552.5379203058707 219.0924233668681 -1 -1 -1 -1 -1 -1 -1 -1 1 
92 4 Car -1.000000 -1 -1 410.4388677399818 178.5746740607546 455.0639429311244 206.92105394035735 -1 -1 -1 -1 -1 -1 -1 -1 1 
94 4 Car -1.000000 -1 -1 397.0658318427665 179.3872528883809 443.1361457213953 208.32132108194773 -1 -1 -1 -1 -1 -1 -1 -1 1 
96 4 Car -1.000000 -1 -1 387.4736073697208 180.9317025308443 434.1231977165891 210.97232313692734 -1 -1 -1 -1 -1 -1 -1 -1 1 
97 4 Car -1.000000 -1 -1 377.0541276875433 181.60698649042223 425.03606070605395 212.75651505648847 -1 -1 -1 -1 -1 -1 -1 -1 1 
98 4 Car -1.000000 -1 -1 367.87014238844654 181.431497620866 415.8955999463175 213.2454969094292 -1 -1 -1 -1 -1 -1 -1 -1 1 
99 4 Car -1.000000 -1 -1 360.29411332417953 181.71516632249325 409.1803234640121 215.0814823785097 -1 -1 -1 -1 -1 -1 -1 -1 1 
100 4 Car -1.000000 -1 -1 350.72616494273865 181.8270601269017 398.3590255048601 216.5280068975203 -1 -1 -1 -1 -1 -1 -1 -1 1 
101 4 Car -1.000000 -1 -1 344.25528027184964 179.19455635045423 391.32095828166473 212.25706236124395 -1 -1 -1 -1 -1 -1 -1 -1 1 
102 4 Car -1.000000 -1 -1 331.8403847459377 177.65943031251632 380.970563624338 211.32052396627992 -1 -1 -1 -1 -1 -1 -1 -1 1 
103 4 Car -1.000000 -1 -1 324.9220865092449 176.31386021121355 373.3528115576455 210.94288390177846 -1 -1 -1 -1 -1 -1 -1 -1 1 
104 4 Car -1.000000 -1 -1 317.7503515852434 176.38454840748133 365.37421900227 210.75898415648683 -1 -1 -1 -1 -1 -1 -1 -1 1 
105 4 Car -1.000000 -1 -1 306.9352344329806 179.40557287512934 352.64276058620845 215.39290724031008 -1 -1 -1 -1 -1 -1 -1 -1 1 
110 7 Car -1.000000 -1 -1 255.43044033489275 116.21436382128634 465.29195959587673 258.0846470968885 -1 -1 -1 -1 -1 -1 -1 -1 1 
111 7 Car -1.000000 -1 -1 227.4782707575609 114.89428009238367 442.3121965320591 266.62167486892923 -1 -1 -1 -1 -1 -1 -1 -1 1 
112 7 Car -1.000000 -1 -1 208.46684255546882 114.55935197932041 434.5601448150351 273.5348471584779 -1 -1 -1 -1 -1 -1 -1 -1 1 
113 7 Car -1.000000 -1 -1 191.86461131310097 113.90833941571758 426.9997129309165 279.403668913916 -1 -1 -1 -1 -1 -1 -1 -1 1 
115 7 Car -1.000000 -1 -1 143.09857504695788 109.45915690463052 418.08733886550874 295.4895618894674 -1 -1 -1 -1 -1 -1 -1 -1 1 
116 7 Car -1.000000 -1 -1 94.54461631681909 100.23657711796852 408.3645305949515 300.5226009875524 -1 -1 -1 -1 -1 -1 -1 -1 1 
117 7 Car -1.000000 -1 -1 41.33749789374306 93.50639467924893 395.36204883824394 304.9575752007537 -1 -1 -1 -1 -1 -1 -1 -1 1 
118 7 Car -1.000000 -1 -1 4.085637799168836 92.8312111408991 398.07726253728526 325.5207782119578 -1 -1 -1 -1 -1 -1 -1 -1 1 
119 7 Car -1.000000 -1 -1 -18.89033839829824 89.11619783545267 379.14717270005104 337.1659957972619 -1 -1 -1 -1 -1 -1 -1 -1 1 
123 7 Car -1.000000 -1 -1 -35.35064297826884 64.32206540352547 344.3315996181883 335.0726802251972 -1 -1 -1 -1 -1 -1 -1 -1 1 
124 7 Car -1.000000 -1 -1 -42.21625654724008 57.14561908703462 308.88228084204684 333.4966226654693 -1 -1 -1 -1 -1 -1 -1 -1 1 
125 7 Car -1.000000 -1 -1 -53.219775407053106 51.368828097714896 274.20224205480054 336.1143705445244 -1 -1 -1 -1 -1 -1 -1 -1 1 
126 7 Car -1.000000 -1 -1 -52.35748405223595 72.71025228707197 229.6641754552032 352.4090663158777 -1 -1 -1 -1 -1 -1 -1 -1 1 
127 7 Car -1.000000 -1 -1 -49.917923146149576 78.35850557622538 195.15513489752578 361.3252603572241 -1 -1 -1 -1 -1 -1 -1 -1 1 
128 7 Car -1.000000 -1 -1 -47.88339696565154 106.57027779395924 161.7869213635001 376.3791612714191 -1 -1 -1 -1 -1 -1 -1 -1 1 
165 8 Car -1.000000 -1 -1 1188.4793272733086 177.58465363792808 1248.1616073412688 276.6825133431737 -1 -1 -1 -1 -1 -1 -1 -1 1 
