0 1 Car -1.000000 -1 -1 565.0130103803599 175.49583732938538 585.5992709604593 185.41822019821177 -1 -1 -1 -1 -1 -1 -1 -1 1 
1 1 Car -1.000000 -1 -1 563.157667400606 174.54452945519677 587.2758136297568 185.97728164561505 -1 -1 -1 -1 -1 -1 -1 -1 1 
2 1 Car -1.000000 -1 -1 561.4093205116212 173.94031429532862 586.4838681886808 185.71250606100836 -1 -1 -1 -1 -1 -1 -1 -1 1 
3 1 Car -1.000000 -1 -1 558.7751083499284 174.02553182920934 584.5115364245289 186.10457289813854 -1 -1 -1 -1 -1 -1 -1 -1 1 
5 1 Car -1.000000 -1 -1 558.8797326900878 170.3880678182367 585.8016512057557 183.79364341364325 -1 -1 -1 -1 -1 -1 -1 -1 1 
6 1 Car -1.000000 -1 -1 559.0665482107656 172.5039588991358 584.4168916737444 185.02485594877868 -1 -1 -1 -1 -1 -1 -1 -1 1 
7 1 Car -1.000000 -1 -1 558.3861810337081 168.9907467212473 585.1180361165319 183.009336416516 -1 -1 -1 -1 -1 -1 -1 -1 1 
8 1 Car -1.000000 -1 -1 557.9563857908848 168.03376484503917 584.9848171384164 182.6957907336407 -1 -1 -1 -1 -1 -1 -1 -1 1 
9 1 Car -1.000000 -1 -1 556.6287605247488 170.8363511912089 583.151483400428 184.91940281415089 -1 -1 -1 -1 -1 -1 -1 -1 1 
10 1 Car -1.000000 -1 -1 556.2919796594058 168.48865146222894 582.774081784454 183.10970390888488 -1 -1 -1 -1 -1 -1 -1 -1 1 
11 1 Car -1.000000 -1 -1 555.0104364660297 166.22208044861978 582.0482122923881 181.0398516977685 -1 -1 -1 -1 -1 -1 -1 -1 1 
17 3 Car -1.000000 -1 -1 544.1811274549802 174.41510484531898 573.1032047011959 186.94202330080668 -1 -1 -1 -1 -1 -1 -1 -1 1 
18 3 Car -1.000000 -1 -1 542.3610388314793 173.80262490425002 571.7857373075052 187.21874015561667 -1 -1 -1 -1 -1 -1 -1 -1 1 
19 3 Car -1.000000 -1 -1 540.6841717239325 173.5525644625596 570.5645657853851 188.3087294412457 -1 -1 -1 -1 -1 -1 -1 -1 1 
20 3 Car -1.000000 -1 -1 539.9299389816127 174.2219196645679 570.3172448056931 190.03194107489077 -1 -1 -1 -1 -1 -1 -1 -1 1 
21 3 Car -1.000000 -1 -1 536.3668334129827 172.93178932075 571.1364599331212 191.99901300403212 -1 -1 -1 -1 -1 -1 -1 -1 1 
22 3 Car -1.000000 -1 -1 532.4853960953762 171.7202578416535 570.3934616608199 192.9358598004995 -1 -1 -1 -1 -1 -1 -1 -1 1 
23 3 Car -1.000000 -1 -1 531.6531634507912 171.2107781056064 570.4806056867999 193.77888647336644 -1 -1 -1 -1 -1 -1 -1 -1 1 
24 3 Car -1.000000 -1 -1 529.2888956827081 171.36281523144154 568.3042027324674 194.40801020812543 -1 -1 -1 -1 -1 -1 -1 -1 1 
25 3 Car -1.000000 -1 -1 526.4322110506188 173.49463158051594 565.4137069202203 196.81780973241047 -1 -1 -1 -1 -1 -1 -1 -1 1 
26 3 Car -1.000000 -1 -1 524.7646681532746 175.47874386124403 564.2468435883867 199.779328278511 -1 -1 -1 -1 -1 -1 -1 -1 1 
27 3 Car -1.000000 -1 -1 520.3293651628383 176.90672484326313 558.9599673856148 202.76509762679171 -1 -1 -1 -1 -1 -1 -1 -1 1 
28 3 Car -1.000000 -1 -1 519.4543253288543 177.254699657931 556.9744216746042 204.17241411408847 -1 -1 -1 -1 -1 -1 -1 -1 1 
29 3 Car -1.000000 -1 -1 516.4688571361189 176.9632710871211 554.3145224490593 204.6301903888223 -1 -1 -1 -1 -1 -1 -1 -1 1 
30 3 Car -1.000000 -1 -1 514.2408652982762 176.9422180040191 552.1356487337129 205.2057323569729 -1 -1 -1 -1 -1 -1 -1 -1 1 
31 6 Car -1.000000 -1 -1 948.3835098293143 147.07807298149777 1077.590256517404 189.71532247849643 -1 -1 -1 -1 -1 -1 -1 -1 1 
31 3 Car -1.000000 -1 -1 511.6919888584457 176.45005934232321 551.6376978924536 205.55675630023953 -1 -1 -1 -1 -1 -1 -1 -1 1 
32 6 Car -1.000000 -1 -1 960.7971943553528 145.30833410027526 1099.9705120275592 190.46991771348195 -1 -1 -1 -1 -1 -1 -1 -1 1 
32 3 Car -1.000000 -1 -1 509.9919596995469 175.56317536782493 551.3446328240068 205.33053113313665 -1 -1 -1 -1 -1 -1 -1 -1 1 
33 6 Car -1.000000 -1 -1 979.8020911309004 144.41030927601565 1127.2612639723966 191.05504247934715 -1 -1 -1 -1 -1 -1 -1 -1 1 
33 3 Car -1.000000 -1 -1 507.0020218517369 175.3014050482972 553.471998890128 205.8395783382068 -1 -1 -1 -1 -1 -1 -1 -1 1 
34 6 Car -1.000000 -1 -1 997.7884921237553 144.14227641992048 1154.7698924347085 192.62603750283458 -1 -1 -1 -1 -1 -1 -1 -1 1 
34 3 Car -1.000000 -1 -1 503.1900042886609 175.17451788693253 550.6601603772014 206.36309513992362 -1 -1 -1 -1 -1 -1 -1 -1 1 
35 6 Car -1.000000 -1 -1 1020.3452719775895 142.27486078308553 1190.2470454716076 195.1808608768287 -1 -1 -1 -1 -1 -1 -1 -1 1 
35 3 Car -1.000000 -1 -1 499.56100617679067 175.3087337892893 547.8208090226335 206.92120244703534 -1 -1 -1 -1 -1 -1 -1 -1 1 
36 6 Car -1.000000 -1 -1 1038.122213201502 139.79323948347252 1213.7073663577073 195.9292722998453 -1 -1 -1 -1 -1 -1 -1 -1 1 
36 3 Car -1.000000 -1 -1 497.0438968602574 174.56033411445466 545.9518423548883 207.48879724905404 -1 -1 -1 -1 -1 -1 -1 -1 1 
37 6 Car -1.000000 -1 -1 1068.6094967697245 138.35190052167025 1236.5826497142284 196.2247830169074 -1 -1 -1 -1 -1 -1 -1 -1 1 
37 3 Car -1.000000 -1 -1 494.79944959318885 173.8189367996963 544.6867684370609 208.0930461259499 -1 -1 -1 -1 -1 -1 -1 -1 1 
38 6 Car -1.000000 -1 -1 1093.6755387486285 137.67724485367737 1247.1319241635222 197.05283264744784 -1 -1 -1 -1 -1 -1 -1 -1 1 
38 3 Car -1.000000 -1 -1 490.971116440077 175.55216841493632 541.9522261306662 211.41253921666504 -1 -1 -1 -1 -1 -1 -1 -1 1 
39 6 Car -1.000000 -1 -1 1108.759664326302 146.34385601042626 1244.3645246985668 203.06469049463894 -1 -1 -1 -1 -1 -1 -1 -1 1 
39 3 Car -1.000000 -1 -1 488.15243660545883 173.5766249844111 540.1835184169012 210.31159317054684 -1 -1 -1 -1 -1 -1 -1 -1 1 
40 6 Car -1.000000 -1 -1 1137.2415813764592 151.6425853032006 1250.5256058589089 206.4022776909167 -1 -1 -1 -1 -1 -1 -1 -1 1 
40 3 Car -1.000000 -1 -1 485.54906801640055 175.32646844141112 539.222704018008 214.0328194576203 -1 -1 -1 -1 -1 -1 -1 -1 1 
41 3 Car -1.000000 -1 -1 481.9433348888103 176.26816877166527 536.5897643490546 216.16536775920127 -1 -1 -1 -1 -1 -1 -1 -1 1 
42 3 Car -1.000000 -1 -1 478.5837536738741 177.0043476206738 534.0194757387508 217.06436813742107 -1 -1 -1 -1 -1 -1 -1 -1 1 
43 3 Car -1.000000 -1 -1 473.29794467271904 176.55254972004127 531.2376584349147 217.9744062883749 -1 -1 -1 -1 -1 -1 -1 -1 1 
44 3 Car -1.000000 -1 -1 469.34048422897655 175.78793257910732 529.0949111855087 218.6447962343279 -1 -1 -1 -1 -1 -1 -1 -1 1 
49 3 Car -1.000000 -1 -1 452.59056183897167 176.64499507159124 518.3006314062591 224.83044735346036 -1 -1 -1 -1 -1 -1 -1 -1 1 
50 3 Car -1.000000 -1 -1 441.85228172264107 175.9211284272704 513.6558449800109 228.7185144671435 -1 -1 -1 -1 -1 -1 -1 -1 1 
53 3 Car -1.000000 -1 -1 422.2092867574122 181.29810848205724 503.00997598895333 241.4127299764281 -1 -1 -1 -1 -1 -1 -1 -1 1 
54 3 Car -1.000000 -1 -1 407.45503056121106 183.4286146567384 496.1877633618751 247.30822168816755 -1 -1 -1 -1 -1 -1 -1 -1 1 
55 3 Car -1.000000 -1 -1 393.9904341527915 184.8834774814137 490.5020741607549 253.18244964477327 -1 -1 -1 -1 -1 -1 -1 -1 1 
56 3 Car -1.000000 -1 -1 383.29620584013566 185.8112735103172 486.5333788721421 257.09594953244346 -1 -1 -1 -1 -1 -1 -1 -1 1 
57 3 Car -1.000000 -1 -1 374.2759767425796 185.52297692776614 483.04371175691404 259.1696434525017 -1 -1 -1 -1 -1 -1 -1 -1 1 
58 11 Car -1.000000 -1 -1 470.9454196266008 171.20319021120616 499.3694126011327 190.21914164922396 -1 -1 -1 -1 -1 -1 -1 -1 1 
58 3 Car -1.000000 -1 -1 365.15544065807705 184.61540608025257 484.3605461203688 264.567627751258 -1 -1 -1 -1 -1 -1 -1 -1 1 
59 11 Car -1.000000 -1 -1 467.6889821754893 169.54679072061228 499.3225148885616 190.63273512376523 -1 -1 -1 -1 -1 -1 -1 -1 1 
59 3 Car -1.000000 -1 -1 351.7569549053046 183.1898715266233 479.0005549270994 268.0425767260465 -1 -1 -1 -1 -1 -1 -1 -1 1 
60 11 Car -1.000000 -1 -1 468.0288112154925 170.70181977487883 497.69982740206433 190.7476507408019 -1 -1 -1 -1 -1 -1 -1 -1 1 
60 3 Car -1.000000 -1 -1 332.39649762606507 185.473138835759 473.2941548337469 275.5000928673051 -1 -1 -1 -1 -1 -1 -1 -1 1 
61 11 Car -1.000000 -1 -1 467.7485980620381 171.82699949966027 496.537291023128 190.89597274889056 -1 -1 -1 -1 -1 -1 -1 -1 1 
61 3 Car -1.000000 -1 -1 314.26538764052094 187.6214441091087 466.91298977626917 282.4302702434575 -1 -1 -1 -1 -1 -1 -1 -1 1 
62 11 Car -1.000000 -1 -1 466.1649322231105 170.38432424522688 497.311445242136 190.72173309983577 -1 -1 -1 -1 -1 -1 -1 -1 1 
62 3 Car -1.000000 -1 -1 300.6672515128011 187.84156627924568 462.9358296689962 287.09846855875884 -1 -1 -1 -1 -1 -1 -1 -1 1 
63 11 Car -1.000000 -1 -1 465.0078294029761 169.63798770500247 497.38293389470823 190.91440205528372 -1 -1 -1 -1 -1 -1 -1 -1 1 
63 3 Car -1.000000 -1 -1 282.0431970298062 186.76817931957183 456.7174276738089 289.4187426309788 -1 -1 -1 -1 -1 -1 -1 -1 1 
64 11 Car -1.000000 -1 -1 462.8803202566143 169.03486301628897 496.07831675785684 190.64914113835437 -1 -1 -1 -1 -1 -1 -1 -1 1 
64 3 Car -1.000000 -1 -1 259.53261763916726 190.84802226011996 446.8436979405102 301.31816991261934 -1 -1 -1 -1 -1 -1 -1 -1 1 
65 11 Car -1.000000 -1 -1 461.93089508222147 168.89186759425635 496.09381041213567 191.00858959351515 -1 -1 -1 -1 -1 -1 -1 -1 1 
65 3 Car -1.000000 -1 -1 239.99744631915505 191.20953202164037 442.3651867540931 308.23894180504794 -1 -1 -1 -1 -1 -1 -1 -1 1 
66 11 Car -1.000000 -1 -1 462.0319731585924 168.9791856591075 496.766811701152 191.72954986332832 -1 -1 -1 -1 -1 -1 -1 -1 1 
66 3 Car -1.000000 -1 -1 215.75886521092116 191.3238356676539 432.6875797085264 313.03364456199023 -1 -1 -1 -1 -1 -1 -1 -1 1 
67 11 Car -1.000000 -1 -1 461.0497761990362 169.55341921223834 495.2580458541831 192.55572826449497 -1 -1 -1 -1 -1 -1 -1 -1 1 
67 3 Car -1.000000 -1 -1 189.93105997949186 195.17544986433887 427.6174405686923 325.7268346698491 -1 -1 -1 -1 -1 -1 -1 -1 1 
68 11 Car -1.000000 -1 -1 459.7588006999909 170.30596788625806 493.9247921014392 193.50821671249835 -1 -1 -1 -1 -1 -1 -1 -1 1 
68 3 Car -1.000000 -1 -1 162.72132021546122 199.02313997946993 419.7520168197134 341.69439275395604 -1 -1 -1 -1 -1 -1 -1 -1 1 
69 11 Car -1.000000 -1 -1 459.14095220282354 170.2806449926215 493.11673676637633 193.81460376213084 -1 -1 -1 -1 -1 -1 -1 -1 1 
69 3 Car -1.000000 -1 -1 128.75972172903334 198.66320713479104 407.8698212784391 352.93825252999295 -1 -1 -1 -1 -1 -1 -1 -1 1 
70 11 Car -1.000000 -1 -1 457.43168192369967 170.21773730842727 492.1853564201218 193.85294784200306 -1 -1 -1 -1 -1 -1 -1 -1 1 
70 3 Car -1.000000 -1 -1 89.79498575644189 198.72822383756238 393.8006746235868 362.1545004683438 -1 -1 -1 -1 -1 -1 -1 -1 1 
71 11 Car -1.000000 -1 -1 456.1401069807215 170.49545125878373 491.95283965137344 194.2822957488044 -1 -1 -1 -1 -1 -1 -1 -1 1 
71 3 Car -1.000000 -1 -1 52.58128893850048 196.80505918237188 386.4328240886689 368.55197606783815 -1 -1 -1 -1 -1 -1 -1 -1 1 
72 11 Car -1.000000 -1 -1 454.729865171309 170.76197095829153 491.9554121092163 194.66545062127906 -1 -1 -1 -1 -1 -1 -1 -1 1 
72 3 Car -1.000000 -1 -1 26.466334611162438 194.92778987889162 383.1753240719552 371.96141915392707 -1 -1 -1 -1 -1 -1 -1 -1 1 
73 11 Car -1.000000 -1 -1 451.204533910223 170.53695890795066 488.20501230959263 194.6341515718406 -1 -1 -1 -1 -1 -1 -1 -1 1 
73 3 Car -1.000000 -1 -1 11.837277810986848 192.93791096328385 383.21168150087334 375.06399824163515 -1 -1 -1 -1 -1 -1 -1 -1 1 
74 11 Car -1.000000 -1 -1 450.2607676535365 170.8016339710357 486.27561852966426 194.9010682043081 -1 -1 -1 -1 -1 -1 -1 -1 1 
74 3 Car -1.000000 -1 -1 3.9791866470386026 197.76927304642112 383.3144167459341 377.7353994013819 -1 -1 -1 -1 -1 -1 -1 -1 1 
75 11 Car -1.000000 -1 -1 449.7318323131868 170.53145288392005 484.9682043560489 194.42190031737255 -1 -1 -1 -1 -1 -1 -1 -1 1 
75 3 Car -1.000000 -1 -1 -7.914612487354759 200.16926916687981 368.4352536468979 378.8965970542445 -1 -1 -1 -1 -1 -1 -1 -1 1 
76 3 Car -1.000000 -1 -1 -13.996197339558393 201.41586706188338 361.6045885627167 379.0018357583427 -1 -1 -1 -1 -1 -1 -1 -1 1 
77 3 Car -1.000000 -1 -1 -17.213602105522398 202.45974952226834 353.39931648275297 379.3297947279234 -1 -1 -1 -1 -1 -1 -1 -1 1 
78 3 Car -1.000000 -1 -1 -17.780790528599 202.66564790417993 347.11817559608164 379.4541239030512 -1 -1 -1 -1 -1 -1 -1 -1 1 
79 3 Car -1.000000 -1 -1 -16.016592009344635 202.99368230187036 341.13545370065856 379.3190226588359 -1 -1 -1 -1 -1 -1 -1 -1 1 
80 3 Car -1.000000 -1 -1 -13.414764363108333 204.91583725468104 334.2473138584056 379.31351218599207 -1 -1 -1 -1 -1 -1 -1 -1 1 
81 3 Car -1.000000 -1 -1 -15.993206605806733 207.04064424219706 327.7083714108209 379.1194402923249 -1 -1 -1 -1 -1 -1 -1 -1 1 
82 3 Car -1.000000 -1 -1 -21.126854407381643 208.47367576971084 321.8404152054382 378.6249104428006 -1 -1 -1 -1 -1 -1 -1 -1 1 
83 13 Car -1.000000 -1 -1 447.9416201656075 169.58270584121271 480.64151396445953 194.47434330088765 -1 -1 -1 -1 -1 -1 -1 -1 1 
83 3 Car -1.000000 -1 -1 -22.200302371665174 209.32347746036692 319.0218630060756 378.0027106603675 -1 -1 -1 -1 -1 -1 -1 -1 1 
84 13 Car -1.000000 -1 -1 448.2895654781981 169.90483155338816 480.1448155728496 194.42767406286768 -1 -1 -1 -1 -1 -1 -1 -1 1 
84 3 Car -1.000000 -1 -1 -24.281841591433647 210.0705483590517 315.9579459167238 376.9840870997119 -1 -1 -1 -1 -1 -1 -1 -1 1 
85 13 Car -1.000000 -1 -1 449.0264023776415 170.79966137016243 480.0265234291828 194.98541468440175 -1 -1 -1 -1 -1 -1 -1 -1 1 
85 3 Car -1.000000 -1 -1 -22.290701711031744 211.42762782365588 311.2607970138333 376.17766039407144 -1 -1 -1 -1 -1 -1 -1 -1 1 
86 13 Car -1.000000 -1 -1 448.5227778482485 170.92302674586801 480.0822279967097 195.3885945725537 -1 -1 -1 -1 -1 -1 -1 -1 1 
86 3 Car -1.000000 -1 -1 -21.06803824528248 212.66866131485722 309.050098844495 375.7368123672213 -1 -1 -1 -1 -1 -1 -1 -1 1 
87 13 Car -1.000000 -1 -1 447.76551895001654 170.96247909951262 480.1192434771205 195.65604584394538 -1 -1 -1 -1 -1 -1 -1 -1 1 
87 3 Car -1.000000 -1 -1 -18.266780962716354 213.0357352815688 306.44376755684334 374.92609287553296 -1 -1 -1 -1 -1 -1 -1 -1 1 
88 13 Car -1.000000 -1 -1 447.008990633688 171.10805645637302 480.0423757214354 195.7521457707526 -1 -1 -1 -1 -1 -1 -1 -1 1 
88 3 Car -1.000000 -1 -1 -17.89724719081562 213.71454268352397 304.27758257183376 374.4460423234841 -1 -1 -1 -1 -1 -1 -1 -1 1 
89 13 Car -1.000000 -1 -1 446.66086351395546 171.20051885400213 480.20855524546454 195.78093112587922 -1 -1 -1 -1 -1 -1 -1 -1 1 
89 3 Car -1.000000 -1 -1 -17.175270720939494 214.61697299509285 302.47901092340885 374.4781442397774 -1 -1 -1 -1 -1 -1 -1 -1 1 
90 13 Car -1.000000 -1 -1 445.9936725088847 171.2669385432119 480.1706145869097 195.7541146566033 -1 -1 -1 -1 -1 -1 -1 -1 1 
90 3 Car -1.000000 -1 -1 -16.484919191708514 214.48181260255836 300.07895947620057 373.9786372645469 -1 -1 -1 -1 -1 -1 -1 -1 1 
91 13 Car -1.000000 -1 -1 445.62611643602867 171.25482744247824 480.33070734672725 195.67664126144194 -1 -1 -1 -1 -1 -1 -1 -1 1 
91 3 Car -1.000000 -1 -1 -15.047563441121156 214.10099487656072 298.40771733379245 373.4617911935674 -1 -1 -1 -1 -1 -1 -1 -1 1 
92 13 Car -1.000000 -1 -1 445.41981411337144 171.2788133860416 480.5146898201948 195.64150975839115 -1 -1 -1 -1 -1 -1 -1 -1 1 
92 3 Car -1.000000 -1 -1 -12.496987073888334 214.38099996874865 298.1524023036444 373.5411940968599 -1 -1 -1 -1 -1 -1 -1 -1 1 
93 13 Car -1.000000 -1 -1 443.86990370680087 171.54366418602766 479.6101442491249 195.80687392758435 -1 -1 -1 -1 -1 -1 -1 -1 1 
93 3 Car -1.000000 -1 -1 -11.638358726077172 215.1851703796787 297.5516505746711 373.5658773751349 -1 -1 -1 -1 -1 -1 -1 -1 1 
94 13 Car -1.000000 -1 -1 444.12477124922935 173.35961979183105 480.0305675262974 197.592765101187 -1 -1 -1 -1 -1 -1 -1 -1 1 
94 3 Car -1.000000 -1 -1 -11.26142954592288 216.30579928095813 297.43871949726974 373.0731028856003 -1 -1 -1 -1 -1 -1 -1 -1 1 
95 13 Car -1.000000 -1 -1 444.09589098489397 174.34951321122807 480.29719060839426 198.5069598866663 -1 -1 -1 -1 -1 -1 -1 -1 1 
95 3 Car -1.000000 -1 -1 -11.212458561619087 216.9308054407399 296.9429813917658 372.7559281742072 -1 -1 -1 -1 -1 -1 -1 -1 1 
96 13 Car -1.000000 -1 -1 444.1465925104461 174.4768668113326 480.4201756669345 198.64678706177838 -1 -1 -1 -1 -1 -1 -1 -1 1 
96 3 Car -1.000000 -1 -1 -12.47752531659458 217.49093452519065 296.56984012360704 372.6249676600548 -1 -1 -1 -1 -1 -1 -1 -1 1 
97 13 Car -1.000000 -1 -1 443.95073131372635 174.62465551588915 480.34450448779046 198.79636701350395 -1 -1 -1 -1 -1 -1 -1 -1 1 
97 3 Car -1.000000 -1 -1 -13.085918589485033 217.82768954334279 298.035715697921 372.70465542467514 -1 -1 -1 -1 -1 -1 -1 -1 1 
98 13 Car -1.000000 -1 -1 443.99041834221146 174.64911581538524 480.4003375237072 198.8412795698905 -1 -1 -1 -1 -1 -1 -1 -1 1 
98 3 Car -1.000000 -1 -1 -14.422580607818276 218.2791017485093 299.68299579486415 372.88212451259085 -1 -1 -1 -1 -1 -1 -1 -1 1 
99 13 Car -1.000000 -1 -1 443.92270807068684 174.5613147133331 480.39011823363916 198.81001641933335 -1 -1 -1 -1 -1 -1 -1 -1 1 
99 3 Car -1.000000 -1 -1 -14.122706184258334 218.81795648744406 302.17500993426836 372.7147665208342 -1 -1 -1 -1 -1 -1 -1 -1 1 
100 13 Car -1.000000 -1 -1 443.67390557638265 174.55828452188462 480.2629629857543 198.7903890981505 -1 -1 -1 -1 -1 -1 -1 -1 1 
100 3 Car -1.000000 -1 -1 -13.272791934301324 219.2264693575599 303.4944306310757 372.65085398935076 -1 -1 -1 -1 -1 -1 -1 -1 1 
101 13 Car -1.000000 -1 -1 443.8358059351702 174.53320848936377 480.5232894288586 198.6986021243283 -1 -1 -1 -1 -1 -1 -1 -1 1 
101 3 Car -1.000000 -1 -1 -13.281400624938442 219.25632069371886 303.0780772738735 372.28850365389144 -1 -1 -1 -1 -1 -1 -1 -1 1 
102 13 Car -1.000000 -1 -1 443.7429443214019 174.5551209831129 480.6653219811515 198.67332904467776 -1 -1 -1 -1 -1 -1 -1 -1 1 
102 3 Car -1.000000 -1 -1 -13.541942535467427 219.11907011493832 302.12871704724955 372.0956361124748 -1 -1 -1 -1 -1 -1 -1 -1 1 
103 13 Car -1.000000 -1 -1 443.660285592323 174.53386263095936 480.65033805957455 198.7037675259372 -1 -1 -1 -1 -1 -1 -1 -1 1 
103 3 Car -1.000000 -1 -1 -13.785289236786667 219.58665160765435 302.59930681781 372.1203037633723 -1 -1 -1 -1 -1 -1 -1 -1 1 
104 15 Car -1.000000 -1 -1 845.8659021931117 164.0915226739511 954.9766495042188 198.3380014471815 -1 -1 -1 -1 -1 -1 -1 -1 1 
104 13 Car -1.000000 -1 -1 443.6461226349505 174.54702904845078 480.6331233388274 198.62839126090637 -1 -1 -1 -1 -1 -1 -1 -1 1 
104 3 Car -1.000000 -1 -1 -14.24613280412666 219.31489558048747 301.69243455183147 371.80561632380943 -1 -1 -1 -1 -1 -1 -1 -1 1 
105 15 Car -1.000000 -1 -1 828.7443185517516 162.6387370554864 938.6683918268277 198.12123190376514 -1 -1 -1 -1 -1 -1 -1 -1 1 
105 13 Car -1.000000 -1 -1 443.76056962099324 174.59417051131746 480.6974573042063 198.61093894469715 -1 -1 -1 -1 -1 -1 -1 -1 1 
105 3 Car -1.000000 -1 -1 -14.866878993463445 219.20334380348874 300.09622714600255 371.6592063095489 -1 -1 -1 -1 -1 -1 -1 -1 1 
106 15 Car -1.000000 -1 -1 810.3368687262636 163.2959056872077 921.0360944188334 198.77413949572056 -1 -1 -1 -1 -1 -1 -1 -1 1 
106 13 Car -1.000000 -1 -1 443.77310432173186 174.60645816595002 480.67995823627035 198.60399953423786 -1 -1 -1 -1 -1 -1 -1 -1 1 
106 3 Car -1.000000 -1 -1 -15.08461556442316 219.68414993556203 300.0068836098419 371.6939297371639 -1 -1 -1 -1 -1 -1 -1 -1 1 
107 15 Car -1.000000 -1 -1 804.0726049999505 164.49621149200658 905.1662391466789 198.2398015202291 -1 -1 -1 -1 -1 -1 -1 -1 1 
107 13 Car -1.000000 -1 -1 443.68344511802775 174.5989887349775 480.47891048080976 198.64190688134838 -1 -1 -1 -1 -1 -1 -1 -1 1 
107 3 Car -1.000000 -1 -1 -14.44232320806313 219.5945121168349 300.66564697334366 371.59850082943336 -1 -1 -1 -1 -1 -1 -1 -1 1 
108 13 Car -1.000000 -1 -1 443.6738069778574 174.62080095699238 480.3739949442476 198.67746533354156 -1 -1 -1 -1 -1 -1 -1 -1 1 
108 3 Car -1.000000 -1 -1 -13.741567747333733 219.52381390485633 300.5342393693039 371.43570989378964 -1 -1 -1 -1 -1 -1 -1 -1 1 
109 13 Car -1.000000 -1 -1 443.69431568214975 174.57179956786632 480.28425424448403 198.64302447690739 -1 -1 -1 -1 -1 -1 -1 -1 1 
109 3 Car -1.000000 -1 -1 -13.311521979294497 219.44782397113585 300.74035536497126 371.3420008559306 -1 -1 -1 -1 -1 -1 -1 -1 1 
110 13 Car -1.000000 -1 -1 443.6711136969602 174.53473897907318 480.1746551567667 198.60903983106883 -1 -1 -1 -1 -1 -1 -1 -1 1 
110 3 Car -1.000000 -1 -1 -13.636058959452726 219.42486638489734 300.9751660089953 371.3622967395114 -1 -1 -1 -1 -1 -1 -1 -1 1 
111 13 Car -1.000000 -1 -1 443.8652089877996 174.47809992038736 480.2573356057059 198.5638087757327 -1 -1 -1 -1 -1 -1 -1 -1 1 
111 3 Car -1.000000 -1 -1 -13.131352070784516 219.05970534239782 301.109032669831 371.3592876801158 -1 -1 -1 -1 -1 -1 -1 -1 1 
112 13 Car -1.000000 -1 -1 443.9764711462884 174.45059839737272 480.27090112401277 198.5295508831222 -1 -1 -1 -1 -1 -1 -1 -1 1 
112 3 Car -1.000000 -1 -1 -12.484766400482556 219.12762173322517 301.1193025979565 370.9910560373545 -1 -1 -1 -1 -1 -1 -1 -1 1 
113 13 Car -1.000000 -1 -1 444.0291347595036 174.4611363636491 480.20995640457426 198.54695316885457 -1 -1 -1 -1 -1 -1 -1 -1 1 
113 3 Car -1.000000 -1 -1 -12.094176850898293 218.96454485215617 301.1733870083936 370.5141423047524 -1 -1 -1 -1 -1 -1 -1 -1 1 
114 13 Car -1.000000 -1 -1 444.21124402766856 174.49125005614414 480.2532763166369 198.5730277154489 -1 -1 -1 -1 -1 -1 -1 -1 1 
114 3 Car -1.000000 -1 -1 -12.17264047233985 218.86575466480363 300.630811830796 370.26250230920687 -1 -1 -1 -1 -1 -1 -1 -1 1 
115 16 Car -1.000000 -1 -1 707.1193414705774 169.46396004808517 777.2597873035925 197.0641679611451 -1 -1 -1 -1 -1 -1 -1 -1 1 
115 13 Car -1.000000 -1 -1 444.3682667197754 174.53543524968782 480.32816656049556 198.57427296601165 -1 -1 -1 -1 -1 -1 -1 -1 1 
115 3 Car -1.000000 -1 -1 -12.195213444954504 218.7036948376643 300.7202327361816 370.3562931030973 -1 -1 -1 -1 -1 -1 -1 -1 1 
116 16 Car -1.000000 -1 -1 693.5210936866398 169.56457707758588 759.0438459324702 196.73228437471218 -1 -1 -1 -1 -1 -1 -1 -1 1 
116 13 Car -1.000000 -1 -1 444.2063425760502 174.57215526539895 480.1941331996447 198.56020446150407 -1 -1 -1 -1 -1 -1 -1 -1 1 
116 3 Car -1.000000 -1 -1 -12.539098127842692 219.04028726840602 299.4702140535871 370.374190493643 -1 -1 -1 -1 -1 -1 -1 -1 1 
117 16 Car -1.000000 -1 -1 687.7416329773389 169.58556954437225 750.3108647249844 196.46506080333975 -1 -1 -1 -1 -1 -1 -1 -1 1 
117 13 Car -1.000000 -1 -1 444.1744445192993 174.66367158615355 480.198358947296 198.59134240995547 -1 -1 -1 -1 -1 -1 -1 -1 1 
117 3 Car -1.000000 -1 -1 -11.845938438501321 219.03845415494123 300.37178832904493 370.5775051411045 -1 -1 -1 -1 -1 -1 -1 -1 1 
118 16 Car -1.000000 -1 -1 683.5997775021733 170.27792073690392 741.5939247572701 196.2730399546689 -1 -1 -1 -1 -1 -1 -1 -1 1 
118 13 Car -1.000000 -1 -1 444.0866493527166 174.68011654337155 480.16446001476487 198.59717143127355 -1 -1 -1 -1 -1 -1 -1 -1 1 
118 3 Car -1.000000 -1 -1 -12.467322840505176 219.30806343754264 299.3113206954284 370.924992262798 -1 -1 -1 -1 -1 -1 -1 -1 1 
119 16 Car -1.000000 -1 -1 674.61026854758 169.77984157602737 730.3587517595982 196.2546340911274 -1 -1 -1 -1 -1 -1 -1 -1 1 
119 13 Car -1.000000 -1 -1 444.48232045492097 174.6686102911227 480.35718341132923 198.58238185410008 -1 -1 -1 -1 -1 -1 -1 -1 1 
119 3 Car -1.000000 -1 -1 -12.456079350681307 219.10295343842623 299.3412570580163 370.86185403623176 -1 -1 -1 -1 -1 -1 -1 -1 1 
120 16 Car -1.000000 -1 -1 670.2226382436754 170.09192549863445 723.3927987269851 196.08137765467268 -1 -1 -1 -1 -1 -1 -1 -1 1 
120 13 Car -1.000000 -1 -1 445.0670319051627 174.7397090481113 480.4376196640659 198.64368959020476 -1 -1 -1 -1 -1 -1 -1 -1 1 
120 3 Car -1.000000 -1 -1 -12.178103214398789 219.1060403844715 300.20137166842824 371.123313941511 -1 -1 -1 -1 -1 -1 -1 -1 1 
121 16 Car -1.000000 -1 -1 665.9924517785042 170.10724164431477 716.4259908594896 195.89259629287736 -1 -1 -1 -1 -1 -1 -1 -1 1 
121 13 Car -1.000000 -1 -1 445.48059904477566 174.7163003916549 480.5347574762924 198.6010026783889 -1 -1 -1 -1 -1 -1 -1 -1 1 
121 3 Car -1.000000 -1 -1 -11.522207422642879 219.22136832808758 301.1262884819862 371.2753087629894 -1 -1 -1 -1 -1 -1 -1 -1 1 
122 16 Car -1.000000 -1 -1 661.4644594029816 169.75027287036835 709.3598403159568 195.32283933464038 -1 -1 -1 -1 -1 -1 -1 -1 1 
122 13 Car -1.000000 -1 -1 446.11177892451616 174.6669767144257 480.6053918573621 198.47166779291126 -1 -1 -1 -1 -1 -1 -1 -1 1 
122 3 Car -1.000000 -1 -1 -11.261557168155548 219.3291945539607 300.7381944036958 371.3903089399378 -1 -1 -1 -1 -1 -1 -1 -1 1 
123 16 Car -1.000000 -1 -1 657.0290589561407 170.16755935796746 700.2035856478465 194.86485505271983 -1 -1 -1 -1 -1 -1 -1 -1 1 
123 13 Car -1.000000 -1 -1 445.0697620094842 174.6461134568476 479.99182074546684 198.3949429799073 -1 -1 -1 -1 -1 -1 -1 -1 1 
123 3 Car -1.000000 -1 -1 -10.964001074389927 219.28533292845754 300.0010562225559 371.35050839729746 -1 -1 -1 -1 -1 -1 -1 -1 1 
124 16 Car -1.000000 -1 -1 655.8013628424227 170.22726768704464 696.3933457577201 194.38421706083832 -1 -1 -1 -1 -1 -1 -1 -1 1 
124 13 Car -1.000000 -1 -1 444.1811099872691 174.67028051994583 479.4928629557164 198.44315328466348 -1 -1 -1 -1 -1 -1 -1 -1 1 
124 3 Car -1.000000 -1 -1 -10.765395347339194 219.3987742089164 299.3128781350591 371.52823443943373 -1 -1 -1 -1 -1 -1 -1 -1 1 
125 16 Car -1.000000 -1 -1 653.4930396121681 170.3564239046084 691.4399955309343 193.8785983163873 -1 -1 -1 -1 -1 -1 -1 -1 1 
125 13 Car -1.000000 -1 -1 444.6088371555324 174.36780227205043 480.2996128595474 198.28980447982622 -1 -1 -1 -1 -1 -1 -1 -1 1 
125 3 Car -1.000000 -1 -1 -10.407671964594215 219.4294108423431 299.0715144919592 371.4683045449336 -1 -1 -1 -1 -1 -1 -1 -1 1 
126 17 Car -1.000000 -1 -1 634.5117147937507 167.2116322921782 657.9377498685993 178.74566091020205 -1 -1 -1 -1 -1 -1 -1 -1 1 
126 16 Car -1.000000 -1 -1 652.4564082092763 170.11998567132434 688.2255637883286 193.10214244991573 -1 -1 -1 -1 -1 -1 -1 -1 1 
126 13 Car -1.000000 -1 -1 443.12367430482766 174.64513886118436 479.94681306692996 198.65122658227983 -1 -1 -1 -1 -1 -1 -1 -1 1 
126 3 Car -1.000000 -1 -1 -9.93006658196856 219.24275953533797 298.93852728859787 371.20818494186744 -1 -1 -1 -1 -1 -1 -1 -1 1 
127 17 Car -1.000000 -1 -1 634.4542075355822 167.62740681415946 657.6081034518237 178.80833193669523 -1 -1 -1 -1 -1 -1 -1 -1 1 
127 16 Car -1.000000 -1 -1 651.8182487822767 170.00418098431228 686.329017279812 192.44165108153325 -1 -1 -1 -1 -1 -1 -1 -1 1 
127 3 Car -1.000000 -1 -1 -9.785621965717297 219.59561499171724 299.0445502850637 371.3562153784016 -1 -1 -1 -1 -1 -1 -1 -1 1 
128 3 Car -1.000000 -1 -1 -9.65312842653762 219.84731276934357 298.70029122484345 371.3992014152923 -1 -1 -1 -1 -1 -1 -1 -1 1 
129 3 Car -1.000000 -1 -1 -9.648106416564644 220.093975906153 298.34543534907436 371.3791797790915 -1 -1 -1 -1 -1 -1 -1 -1 1 
130 3 Car -1.000000 -1 -1 -9.405737894703321 220.05375933156492 298.4073179660429 371.25584833453183 -1 -1 -1 -1 -1 -1 -1 -1 1 
131 3 Car -1.000000 -1 -1 -9.10154931922807 219.9403259527549 298.49177112141575 371.0973712453089 -1 -1 -1 -1 -1 -1 -1 -1 1 
132 3 Car -1.000000 -1 -1 -8.821929228563619 219.82295026160932 298.49880901569566 370.99870600958786 -1 -1 -1 -1 -1 -1 -1 -1 1 
133 3 Car -1.000000 -1 -1 -8.516850650834726 219.74827277485713 298.30269320173153 371.0817028496607 -1 -1 -1 -1 -1 -1 -1 -1 1 
134 3 Car -1.000000 -1 -1 -8.51936133632384 219.73301818246023 298.0085276361466 371.1093579582666 -1 -1 -1 -1 -1 -1 -1 -1 1 
135 3 Car -1.000000 -1 -1 -8.555393822864033 219.84742999106635 297.9567664868865 371.2101574042742 -1 -1 -1 -1 -1 -1 -1 -1 1 
136 18 Car -1.000000 -1 -1 443.7773446930049 174.3331204774216 479.6627791462164 198.5470548909161 -1 -1 -1 -1 -1 -1 -1 -1 1 
136 3 Car -1.000000 -1 -1 -8.396760804830791 219.9313270882318 298.24620960421225 371.3010301606147 -1 -1 -1 -1 -1 -1 -1 -1 1 
137 18 Car -1.000000 -1 -1 443.8768210612309 174.37420071613897 479.7058920667936 198.43234970814515 -1 -1 -1 -1 -1 -1 -1 -1 1 
137 3 Car -1.000000 -1 -1 -8.133594071007423 219.89564629935808 298.7798880181484 371.25066072893515 -1 -1 -1 -1 -1 -1 -1 -1 1 
138 18 Car -1.000000 -1 -1 444.0454477885879 174.51061006427355 479.7038851661166 198.41126387825054 -1 -1 -1 -1 -1 -1 -1 -1 1 
138 3 Car -1.000000 -1 -1 -8.050454678429844 219.9409106835867 299.1993629069814 371.3020746344595 -1 -1 -1 -1 -1 -1 -1 -1 1 
139 18 Car -1.000000 -1 -1 444.0939906075683 174.51711480885712 479.6737801606013 198.34907821865966 -1 -1 -1 -1 -1 -1 -1 -1 1 
139 3 Car -1.000000 -1 -1 -8.129360172223812 220.00314782334317 299.1880543742156 371.2841057916355 -1 -1 -1 -1 -1 -1 -1 -1 1 
140 18 Car -1.000000 -1 -1 444.26625689998144 174.5583838668549 479.6209358385319 198.36946389693702 -1 -1 -1 -1 -1 -1 -1 -1 1 
140 3 Car -1.000000 -1 -1 -8.370588991228686 220.08386368102157 299.26868784080375 371.19512944809793 -1 -1 -1 -1 -1 -1 -1 -1 1 
141 18 Car -1.000000 -1 -1 444.19116014113797 174.7905224995026 479.7213609327173 198.5270410361879 -1 -1 -1 -1 -1 -1 -1 -1 1 
141 3 Car -1.000000 -1 -1 -8.028551133802836 220.11692237341458 299.50951844470273 371.0906556046199 -1 -1 -1 -1 -1 -1 -1 -1 1 
142 18 Car -1.000000 -1 -1 444.20308056490586 174.7833657549502 479.753684689483 198.55243244579376 -1 -1 -1 -1 -1 -1 -1 -1 1 
142 3 Car -1.000000 -1 -1 -7.911747478007754 220.1418810103873 299.60485159256143 370.9869606310844 -1 -1 -1 -1 -1 -1 -1 -1 1 
143 18 Car -1.000000 -1 -1 443.9434725649628 174.85457290265612 479.669069473174 198.65489553008672 -1 -1 -1 -1 -1 -1 -1 -1 1 
143 3 Car -1.000000 -1 -1 -7.961547264198117 220.1586956004278 299.5030052260903 371.0311190751655 -1 -1 -1 -1 -1 -1 -1 -1 1 
144 18 Car -1.000000 -1 -1 443.9942432926421 174.95216526610005 479.98721356565176 198.6996983022413 -1 -1 -1 -1 -1 -1 -1 -1 1 
144 3 Car -1.000000 -1 -1 -7.821418136229283 220.0286085188858 299.30047401433603 371.11738830205354 -1 -1 -1 -1 -1 -1 -1 -1 1 
145 18 Car -1.000000 -1 -1 444.00218405709495 174.96507414669674 480.12451371933196 198.71824531711985 -1 -1 -1 -1 -1 -1 -1 -1 1 
145 3 Car -1.000000 -1 -1 -7.974917714998583 219.9224093016228 298.9915887304935 371.05043291272045 -1 -1 -1 -1 -1 -1 -1 -1 1 
146 18 Car -1.000000 -1 -1 443.774281831944 174.9546735790369 480.0654171467411 198.72650259395314 -1 -1 -1 -1 -1 -1 -1 -1 1 
146 3 Car -1.000000 -1 -1 -7.765358796141612 219.7326361295317 298.94922514421285 370.917589425683 -1 -1 -1 -1 -1 -1 -1 -1 1 
147 20 Car -1.000000 -1 -1 636.0698757958754 167.49787310270304 660.87144553253 182.36548961833526 -1 -1 -1 -1 -1 -1 -1 -1 1 
147 18 Car -1.000000 -1 -1 443.818046089975 174.95674666383974 480.2383600895054 198.7211867977107 -1 -1 -1 -1 -1 -1 -1 -1 1 
147 3 Car -1.000000 -1 -1 -7.575139468107835 219.6666742460188 299.025558889962 370.89758360660346 -1 -1 -1 -1 -1 -1 -1 -1 1 
148 18 Car -1.000000 -1 -1 443.82906272692657 174.91073098393545 480.2045236299238 198.70599561729128 -1 -1 -1 -1 -1 -1 -1 -1 1 
148 3 Car -1.000000 -1 -1 -8.024652134285816 219.727263492235 298.3868348943785 370.92652386883424 -1 -1 -1 -1 -1 -1 -1 -1 1 
149 18 Car -1.000000 -1 -1 443.9183135714271 174.88648883789406 480.3683551041863 198.6787752757368 -1 -1 -1 -1 -1 -1 -1 -1 1 
149 3 Car -1.000000 -1 -1 -7.926552193978409 219.61435895151544 298.2262614151899 370.84993451871117 -1 -1 -1 -1 -1 -1 -1 -1 1 
150 18 Car -1.000000 -1 -1 443.9782838063147 174.82374292172693 480.4855471125693 198.64227348819918 -1 -1 -1 -1 -1 -1 -1 -1 1 
150 3 Car -1.000000 -1 -1 -7.5640166625410075 219.29987244976007 298.23784493591546 370.66920967682927 -1 -1 -1 -1 -1 -1 -1 -1 1 
151 18 Car -1.000000 -1 -1 444.00189647395143 174.81872251954687 480.5334200172622 198.64126972988734 -1 -1 -1 -1 -1 -1 -1 -1 1 
151 3 Car -1.000000 -1 -1 -7.400001121569289 219.4116214494801 298.2754063189054 370.82516570380267 -1 -1 -1 -1 -1 -1 -1 -1 1 
152 18 Car -1.000000 -1 -1 444.0030967235215 174.81175573047014 480.61531930617116 198.61812325379114 -1 -1 -1 -1 -1 -1 -1 -1 1 
152 3 Car -1.000000 -1 -1 -6.924415387277776 219.1460415830862 298.4162515107581 370.7997008421004 -1 -1 -1 -1 -1 -1 -1 -1 1 
153 18 Car -1.000000 -1 -1 443.8637023742041 174.81274217022195 480.54538441499744 198.64373024012622 -1 -1 -1 -1 -1 -1 -1 -1 1 
153 3 Car -1.000000 -1 -1 -6.804830213425163 218.8792484445156 298.36074438387175 370.79611499285727 -1 -1 -1 -1 -1 -1 -1 -1 1 
154 18 Car -1.000000 -1 -1 443.78643946566615 174.88063721396264 480.5080436462705 198.68934742725634 -1 -1 -1 -1 -1 -1 -1 -1 1 
154 3 Car -1.000000 -1 -1 -7.21599922565531 219.1675225733985 298.2227271648131 371.028836555691 -1 -1 -1 -1 -1 -1 -1 -1 1 
155 18 Car -1.000000 -1 -1 443.6749761569466 174.9793887781046 480.48157055722504 198.74816518124706 -1 -1 -1 -1 -1 -1 -1 -1 1 
155 3 Car -1.000000 -1 -1 -7.288954816184315 219.171850589828 298.44062043226813 370.99595494757426 -1 -1 -1 -1 -1 -1 -1 -1 1 
156 18 Car -1.000000 -1 -1 443.48095854918165 175.04484055687288 480.3773230494645 198.7823104334654 -1 -1 -1 -1 -1 -1 -1 -1 1 
156 3 Car -1.000000 -1 -1 -7.202123973247495 219.08938822450747 298.44544155461085 370.92692206149934 -1 -1 -1 -1 -1 -1 -1 -1 1 
157 18 Car -1.000000 -1 -1 443.32637873148764 175.24301844936105 480.24798093278315 198.8887840269794 -1 -1 -1 -1 -1 -1 -1 -1 1 
157 3 Car -1.000000 -1 -1 -7.1386880783852575 218.936457057162 298.28361950058655 370.75653407509924 -1 -1 -1 -1 -1 -1 -1 -1 1 
158 18 Car -1.000000 -1 -1 443.0219980069389 175.30287055052503 480.02035488901384 198.8760618907191 -1 -1 -1 -1 -1 -1 -1 -1 1 
158 3 Car -1.000000 -1 -1 -7.412954181890768 219.33169129572644 298.2814800925105 370.926260220292 -1 -1 -1 -1 -1 -1 -1 -1 1 
159 21 Car -1.000000 -1 -1 633.0121462466925 169.15595077752613 656.2062546913028 181.71340361581127 -1 -1 -1 -1 -1 -1 -1 -1 1 
159 18 Car -1.000000 -1 -1 442.7180526823376 175.24566121616658 479.80430362091494 198.82196448151643 -1 -1 -1 -1 -1 -1 -1 -1 1 
159 3 Car -1.000000 -1 -1 -7.128543707112186 219.06139403253437 298.37713268966274 370.84951392108735 -1 -1 -1 -1 -1 -1 -1 -1 1 
160 21 Car -1.000000 -1 -1 632.9935570017522 169.27859159793536 654.9730354720805 181.9427648523352 -1 -1 -1 -1 -1 -1 -1 -1 1 
160 18 Car -1.000000 -1 -1 442.5059388448894 175.25454311095135 479.66164733286934 198.84789624000146 -1 -1 -1 -1 -1 -1 -1 -1 1 
160 3 Car -1.000000 -1 -1 -6.996432629135313 219.0867472973531 298.56923651616387 370.9067986101178 -1 -1 -1 -1 -1 -1 -1 -1 1 
161 21 Car -1.000000 -1 -1 633.542803253528 169.34061625930178 654.4704576676105 181.83293538285363 -1 -1 -1 -1 -1 -1 -1 -1 1 
161 18 Car -1.000000 -1 -1 442.21196945901283 175.18562018913667 479.61315508211567 198.82503460072456 -1 -1 -1 -1 -1 -1 -1 -1 1 
161 3 Car -1.000000 -1 -1 -7.059038588507178 219.182957684855 298.53785708361715 370.9067269050245 -1 -1 -1 -1 -1 -1 -1 -1 1 
162 21 Car -1.000000 -1 -1 634.2528465535412 169.4438308554384 654.1141889171425 181.601080687243 -1 -1 -1 -1 -1 -1 -1 -1 1 
162 18 Car -1.000000 -1 -1 441.94147954952507 175.10838183178782 479.52718834094446 198.83963233540163 -1 -1 -1 -1 -1 -1 -1 -1 1 
162 3 Car -1.000000 -1 -1 -6.9606945358133885 219.08465791015553 298.4975969249924 370.7903999261064 -1 -1 -1 -1 -1 -1 -1 -1 1 
163 21 Car -1.000000 -1 -1 634.7590060905527 169.4990207920062 653.9006758254563 181.2506505612099 -1 -1 -1 -1 -1 -1 -1 -1 1 
163 18 Car -1.000000 -1 -1 441.935513697557 175.0381514383239 479.51661549153675 198.87191008387487 -1 -1 -1 -1 -1 -1 -1 -1 1 
163 3 Car -1.000000 -1 -1 -6.735951697972496 219.15031415037774 298.71825031014265 370.69293157815036 -1 -1 -1 -1 -1 -1 -1 -1 1 
164 18 Car -1.000000 -1 -1 441.7958660224504 174.9947514286858 479.343293568442 198.97035145397768 -1 -1 -1 -1 -1 -1 -1 -1 1 
164 3 Car -1.000000 -1 -1 -6.757900730827487 219.14734253659654 298.50866970183773 370.63549713366046 -1 -1 -1 -1 -1 -1 -1 -1 1 
165 18 Car -1.000000 -1 -1 441.9331561409118 174.87717498323335 479.37487774473925 198.97726840732204 -1 -1 -1 -1 -1 -1 -1 -1 1 
165 3 Car -1.000000 -1 -1 -7.136989686852331 219.2742810833734 298.36146000864085 370.5293809967115 -1 -1 -1 -1 -1 -1 -1 -1 1 
166 18 Car -1.000000 -1 -1 442.23593145699556 174.96666414999376 479.2230454460404 199.1847022091607 -1 -1 -1 -1 -1 -1 -1 -1 1 
166 3 Car -1.000000 -1 -1 -7.321352076946738 219.39371607454788 298.31739488370704 370.50144253790745 -1 -1 -1 -1 -1 -1 -1 -1 1 
167 18 Car -1.000000 -1 -1 441.945550834062 175.0416033216856 478.8791759590036 199.34578873320783 -1 -1 -1 -1 -1 -1 -1 -1 1 
167 3 Car -1.000000 -1 -1 -7.241431803049892 219.48899027090198 298.2987805620121 370.50153306934254 -1 -1 -1 -1 -1 -1 -1 -1 1 
168 18 Car -1.000000 -1 -1 441.3011220504709 175.0924190628134 478.522803414146 199.50909257176448 -1 -1 -1 -1 -1 -1 -1 -1 1 
168 3 Car -1.000000 -1 -1 -7.479235151512256 219.56382001536008 298.20254569451174 370.5487648849221 -1 -1 -1 -1 -1 -1 -1 -1 1 
169 18 Car -1.000000 -1 -1 440.6506787325965 175.2105233474546 478.3680741472567 199.7992433298177 -1 -1 -1 -1 -1 -1 -1 -1 1 
169 3 Car -1.000000 -1 -1 -7.476295663001878 219.5707110801053 298.1281257673944 370.5334187041519 -1 -1 -1 -1 -1 -1 -1 -1 1 
170 18 Car -1.000000 -1 -1 440.17864970875127 175.34380052613818 478.35712013751214 200.1113579460282 -1 -1 -1 -1 -1 -1 -1 -1 1 
170 3 Car -1.000000 -1 -1 -7.203748165759009 219.3985698639426 298.16345777832225 370.50056766483726 -1 -1 -1 -1 -1 -1 -1 -1 1 
171 18 Car -1.000000 -1 -1 439.66404623006133 175.38630717387812 478.10610409733965 200.37109154939733 -1 -1 -1 -1 -1 -1 -1 -1 1 
171 3 Car -1.000000 -1 -1 -7.173985220264285 219.5480099882359 298.3126035406233 370.58798225049804 -1 -1 -1 -1 -1 -1 -1 -1 1 
172 18 Car -1.000000 -1 -1 439.29806920094467 175.47969727418013 477.92036891255833 200.5815288993535 -1 -1 -1 -1 -1 -1 -1 -1 1 
172 3 Car -1.000000 -1 -1 -7.010127561550888 219.45895620398636 298.5160895319792 370.5936912949514 -1 -1 -1 -1 -1 -1 -1 -1 1 
173 18 Car -1.000000 -1 -1 438.65854195954086 175.54018679791483 477.46050869599895 200.81352311041638 -1 -1 -1 -1 -1 -1 -1 -1 1 
173 3 Car -1.000000 -1 -1 -7.236786751676675 219.6087605331934 298.65188873481173 370.62390527020113 -1 -1 -1 -1 -1 -1 -1 -1 1 
174 18 Car -1.000000 -1 -1 438.2238135727075 175.73000709036057 477.09403826866776 201.16170281442476 -1 -1 -1 -1 -1 -1 -1 -1 1 
174 3 Car -1.000000 -1 -1 -7.486198856215395 219.70719575678874 298.6281141820789 370.592979098056 -1 -1 -1 -1 -1 -1 -1 -1 1 
175 18 Car -1.000000 -1 -1 437.7351160870367 175.81425522206683 476.90265209695616 201.5861705226008 -1 -1 -1 -1 -1 -1 -1 -1 1 
175 3 Car -1.000000 -1 -1 -7.598773328213326 219.65577386531965 298.6749562018486 370.5359373901944 -1 -1 -1 -1 -1 -1 -1 -1 1 
176 18 Car -1.000000 -1 -1 437.44019748159764 175.607540411559 476.9916483120873 201.88195314260173 -1 -1 -1 -1 -1 -1 -1 -1 1 
176 3 Car -1.000000 -1 -1 -7.651506526364187 219.59851648200458 298.38785050633567 370.5815863261014 -1 -1 -1 -1 -1 -1 -1 -1 1 
177 18 Car -1.000000 -1 -1 437.05079746866636 175.36367784096515 477.23063560893013 202.21647142046223 -1 -1 -1 -1 -1 -1 -1 -1 1 
177 3 Car -1.000000 -1 -1 -7.836491281972258 219.69758209175367 298.27011560201953 370.6875830644915 -1 -1 -1 -1 -1 -1 -1 -1 1 
178 18 Car -1.000000 -1 -1 436.5335785863646 175.1702321494359 477.33373037278847 202.62268073864465 -1 -1 -1 -1 -1 -1 -1 -1 1 
178 3 Car -1.000000 -1 -1 -7.737326929861865 219.7200271229927 298.5131396562582 370.70381746690015 -1 -1 -1 -1 -1 -1 -1 -1 1 
179 18 Car -1.000000 -1 -1 436.0213951254582 174.98883457312525 477.04598488260865 202.92039564439102 -1 -1 -1 -1 -1 -1 -1 -1 1 
179 3 Car -1.000000 -1 -1 -7.423453533432934 219.3328065763942 298.5880374924874 370.6051215280661 -1 -1 -1 -1 -1 -1 -1 -1 1 
180 18 Car -1.000000 -1 -1 435.84649842972027 174.87001926699753 476.92135523318865 203.18620699986434 -1 -1 -1 -1 -1 -1 -1 -1 1 
180 3 Car -1.000000 -1 -1 -7.5083524317360855 219.4395983876351 298.65298342285973 370.73398386008625 -1 -1 -1 -1 -1 -1 -1 -1 1 
181 18 Car -1.000000 -1 -1 435.7991162938627 174.95615902498412 477.2470703082644 203.6601278154739 -1 -1 -1 -1 -1 -1 -1 -1 1 
181 3 Car -1.000000 -1 -1 -7.557777438795199 219.51402911543113 298.65027767150457 370.6951942534692 -1 -1 -1 -1 -1 -1 -1 -1 1 
182 18 Car -1.000000 -1 -1 435.84500677909654 174.96186369617706 477.5696644795117 203.96987369674642 -1 -1 -1 -1 -1 -1 -1 -1 1 
182 3 Car -1.000000 -1 -1 -7.370870922083611 219.37513555314166 298.67079132387175 370.57771381015885 -1 -1 -1 -1 -1 -1 -1 -1 1 
183 18 Car -1.000000 -1 -1 435.98489906820066 174.9031876401692 477.6075175500415 204.3359716424276 -1 -1 -1 -1 -1 -1 -1 -1 1 
183 3 Car -1.000000 -1 -1 -7.277459269144458 219.31692438701418 298.6772241427139 370.5750302632239 -1 -1 -1 -1 -1 -1 -1 -1 1 
184 18 Car -1.000000 -1 -1 436.36668670906636 174.83002817420643 478.01033843581604 204.52502056597135 -1 -1 -1 -1 -1 -1 -1 -1 1 
184 3 Car -1.000000 -1 -1 -7.238368033515911 219.23499349065924 298.41275467366904 370.5626247475152 -1 -1 -1 -1 -1 -1 -1 -1 1 
185 18 Car -1.000000 -1 -1 436.7235195434219 174.71955888903068 478.6389768112535 204.69106945091596 -1 -1 -1 -1 -1 -1 -1 -1 1 
185 3 Car -1.000000 -1 -1 -7.157803688603707 219.15265095991347 298.63542786408493 370.5287709995549 -1 -1 -1 -1 -1 -1 -1 -1 1 
186 18 Car -1.000000 -1 -1 436.93662985017284 174.43815984868945 479.66409861407874 204.7923096794213 -1 -1 -1 -1 -1 -1 -1 -1 1 
186 3 Car -1.000000 -1 -1 -7.22685507442327 219.07033063530127 298.6034403498721 370.5806361324113 -1 -1 -1 -1 -1 -1 -1 -1 1 
187 18 Car -1.000000 -1 -1 437.71428047539575 174.36737333765075 481.4711307424682 204.71488151962228 -1 -1 -1 -1 -1 -1 -1 -1 1 
187 3 Car -1.000000 -1 -1 -7.266783189575591 219.1044770529047 298.621132515114 370.63244645092345 -1 -1 -1 -1 -1 -1 -1 -1 1 
188 18 Car -1.000000 -1 -1 439.0448000605411 174.24238508774317 483.15999911960694 204.6117138529023 -1 -1 -1 -1 -1 -1 -1 -1 1 
188 3 Car -1.000000 -1 -1 -7.405932443883643 219.141133143976 298.43639506338127 370.7003091399312 -1 -1 -1 -1 -1 -1 -1 -1 1 
189 18 Car -1.000000 -1 -1 440.4419092336064 174.08538957594985 485.397186627528 204.9310925069726 -1 -1 -1 -1 -1 -1 -1 -1 1 
189 3 Car -1.000000 -1 -1 -7.657033780071885 219.18549361265895 298.30543194329493 370.8058934256382 -1 -1 -1 -1 -1 -1 -1 -1 1 
190 18 Car -1.000000 -1 -1 440.9457381242441 173.799322800644 487.1812963218238 205.32456356818443 -1 -1 -1 -1 -1 -1 -1 -1 1 
190 3 Car -1.000000 -1 -1 -7.839351457521815 219.18502724203773 298.17634488618046 370.8342222495858 -1 -1 -1 -1 -1 -1 -1 -1 1 
191 18 Car -1.000000 -1 -1 441.7581788168006 173.93072667502514 489.9921737616365 205.84097779682827 -1 -1 -1 -1 -1 -1 -1 -1 1 
191 3 Car -1.000000 -1 -1 -7.929420924161747 219.293580136122 298.16198379742025 370.82785357676147 -1 -1 -1 -1 -1 -1 -1 -1 1 
192 18 Car -1.000000 -1 -1 442.5314904415052 173.8245649413014 492.95005594519785 206.39528824346388 -1 -1 -1 -1 -1 -1 -1 -1 1 
192 3 Car -1.000000 -1 -1 -7.874521120493711 219.34884437534367 298.16060897522016 370.76449402559433 -1 -1 -1 -1 -1 -1 -1 -1 1 
193 18 Car -1.000000 -1 -1 445.8275897199929 173.72516093038385 496.5060542954163 206.8315585076854 -1 -1 -1 -1 -1 -1 -1 -1 1 
193 3 Car -1.000000 -1 -1 -7.939662827471182 219.4585137174289 298.30879518046703 370.7394335112858 -1 -1 -1 -1 -1 -1 -1 -1 1 
194 18 Car -1.000000 -1 -1 447.000128910142 173.656489736599 498.5890153839869 207.3363300727825 -1 -1 -1 -1 -1 -1 -1 -1 1 
194 3 Car -1.000000 -1 -1 -7.946135718957379 219.57327161326498 298.34478671696263 370.7452375713726 -1 -1 -1 -1 -1 -1 -1 -1 1 
195 18 Car -1.000000 -1 -1 447.8825486348843 173.62720608221048 501.6113790265183 207.8391948271164 -1 -1 -1 -1 -1 -1 -1 -1 1 
195 3 Car -1.000000 -1 -1 -7.914544051779501 219.65775237325795 298.4277217380353 370.69455977998075 -1 -1 -1 -1 -1 -1 -1 -1 1 
196 18 Car -1.000000 -1 -1 450.3092078447322 173.60645408480582 505.1112847543809 208.17236999953872 -1 -1 -1 -1 -1 -1 -1 -1 1 
196 3 Car -1.000000 -1 -1 -7.791032254429126 219.72551367961364 298.5126492361346 370.6318705885302 -1 -1 -1 -1 -1 -1 -1 -1 1 
197 18 Car -1.000000 -1 -1 453.1629446744797 173.51706264553758 509.02752895223705 208.4269853185918 -1 -1 -1 -1 -1 -1 -1 -1 1 
197 3 Car -1.000000 -1 -1 -7.841652910795034 219.76293163014466 298.5490503144798 370.5951603973309 -1 -1 -1 -1 -1 -1 -1 -1 1 
198 18 Car -1.000000 -1 -1 456.57125276697417 173.32530865413418 514.8996109086094 208.9868311372976 -1 -1 -1 -1 -1 -1 -1 -1 1 
198 3 Car -1.000000 -1 -1 -7.8638674460874824 219.816044034963 298.6237386577685 370.5752489622726 -1 -1 -1 -1 -1 -1 -1 -1 1 
199 18 Car -1.000000 -1 -1 458.6705078212551 173.20952374604707 519.4924607049264 209.44494339802964 -1 -1 -1 -1 -1 -1 -1 -1 1 
199 3 Car -1.000000 -1 -1 -7.890144396092069 219.80858463633803 298.64468322263974 370.51024745656747 -1 -1 -1 -1 -1 -1 -1 -1 1 
200 18 Car -1.000000 -1 -1 459.8414970263957 173.08682826352077 522.4383936344235 209.48907914543685 -1 -1 -1 -1 -1 -1 -1 -1 1 
200 3 Car -1.000000 -1 -1 -7.905865158718228 219.82488496660008 298.5424607202534 370.5071923134575 -1 -1 -1 -1 -1 -1 -1 -1 1 
201 18 Car -1.000000 -1 -1 465.06696108937973 172.84103674957748 527.8045719694604 209.55099068257698 -1 -1 -1 -1 -1 -1 -1 -1 1 
201 3 Car -1.000000 -1 -1 -7.658622509765081 219.7953787571553 298.7837509024247 370.4999802216528 -1 -1 -1 -1 -1 -1 -1 -1 1 
202 18 Car -1.000000 -1 -1 465.5416525878502 172.21261989886733 531.6171696860325 210.56780494785687 -1 -1 -1 -1 -1 -1 -1 -1 1 
202 3 Car -1.000000 -1 -1 -7.703338763478541 219.73177520892744 298.7675638476951 370.4864784164616 -1 -1 -1 -1 -1 -1 -1 -1 1 
203 18 Car -1.000000 -1 -1 469.1109883617242 171.87261604541624 537.4731474582323 211.43599934450498 -1 -1 -1 -1 -1 -1 -1 -1 1 
203 3 Car -1.000000 -1 -1 -7.768651263610678 219.6812017572325 298.70649025456214 370.4841277083495 -1 -1 -1 -1 -1 -1 -1 -1 1 
204 18 Car -1.000000 -1 -1 474.0538121976922 171.48613759424074 544.9831487542743 211.8780858370667 -1 -1 -1 -1 -1 -1 -1 -1 1 
204 3 Car -1.000000 -1 -1 -7.665659024634522 219.64101207082888 298.7274170057487 370.47521375877716 -1 -1 -1 -1 -1 -1 -1 -1 1 
205 18 Car -1.000000 -1 -1 477.57058129110885 171.4933088938371 551.1701845406029 212.34067297023572 -1 -1 -1 -1 -1 -1 -1 -1 1 
205 3 Car -1.000000 -1 -1 -7.701885360112669 219.60964454987746 298.50195449800924 370.4296206396655 -1 -1 -1 -1 -1 -1 -1 -1 1 
206 18 Car -1.000000 -1 -1 485.91308066421624 172.01119321346061 560.563894149665 212.89421403592195 -1 -1 -1 -1 -1 -1 -1 -1 1 
206 3 Car -1.000000 -1 -1 -7.6938445513128215 219.56666642616017 298.38964984529923 370.40680151224774 -1 -1 -1 -1 -1 -1 -1 -1 1 
207 18 Car -1.000000 -1 -1 492.11453303504777 172.39419833322052 569.9397677062848 212.86861397521386 -1 -1 -1 -1 -1 -1 -1 -1 1 
207 3 Car -1.000000 -1 -1 -7.688995924351133 219.6176401032905 298.40827677269476 370.50274070495806 -1 -1 -1 -1 -1 -1 -1 -1 1 
208 18 Car -1.000000 -1 -1 497.2236566490948 172.2628018299365 580.064947016801 212.67639684845983 -1 -1 -1 -1 -1 -1 -1 -1 1 
208 3 Car -1.000000 -1 -1 -7.684298982494823 219.63836828057023 298.3527130104127 370.52483171144684 -1 -1 -1 -1 -1 -1 -1 -1 1 
209 18 Car -1.000000 -1 -1 502.50014902917115 172.22495232762037 589.9143759167077 212.86091363600798 -1 -1 -1 -1 -1 -1 -1 -1 1 
209 3 Car -1.000000 -1 -1 -7.618972497904082 219.64460883457247 298.36783352891064 370.53930132318663 -1 -1 -1 -1 -1 -1 -1 -1 1 
210 18 Car -1.000000 -1 -1 508.30845982727465 171.85384747448657 600.6572577431941 213.06003506600993 -1 -1 -1 -1 -1 -1 -1 -1 1 
210 3 Car -1.000000 -1 -1 -7.514339283315195 219.71348277031197 298.4208377090265 370.6186435143293 -1 -1 -1 -1 -1 -1 -1 -1 1 
211 18 Car -1.000000 -1 -1 519.6128257673807 171.87677677726285 613.6100266350774 213.55725508499378 -1 -1 -1 -1 -1 -1 -1 -1 1 
211 3 Car -1.000000 -1 -1 -7.402976729496828 219.71165407475144 298.4215793202902 370.6770824620446 -1 -1 -1 -1 -1 -1 -1 -1 1 
212 18 Car -1.000000 -1 -1 526.8407480838476 171.69941906479926 623.9672705217007 213.6496143688783 -1 -1 -1 -1 -1 -1 -1 -1 1 
212 3 Car -1.000000 -1 -1 -7.40292242719309 219.7119470065835 298.4279790359674 370.6658156895784 -1 -1 -1 -1 -1 -1 -1 -1 1 
213 18 Car -1.000000 -1 -1 535.4654560234853 171.19833096743693 636.8757756682073 214.3070419767346 -1 -1 -1 -1 -1 -1 -1 -1 1 
213 3 Car -1.000000 -1 -1 -7.610419861656084 219.71247201841078 298.43829826322406 370.71049124458403 -1 -1 -1 -1 -1 -1 -1 -1 1 
214 18 Car -1.000000 -1 -1 544.4623204540013 171.99093089134288 653.0321144906997 214.8814779477023 -1 -1 -1 -1 -1 -1 -1 -1 1 
214 3 Car -1.000000 -1 -1 -7.760977667353615 219.70332869170636 298.4366551597643 370.75838693916205 -1 -1 -1 -1 -1 -1 -1 -1 1 
215 18 Car -1.000000 -1 -1 551.9023448186902 172.36523671848698 663.9707094241019 214.85445273109917 -1 -1 -1 -1 -1 -1 -1 -1 1 
215 3 Car -1.000000 -1 -1 -7.822819022258983 219.69609718395594 298.4755094104539 370.7517786198105 -1 -1 -1 -1 -1 -1 -1 -1 1 
216 18 Car -1.000000 -1 -1 565.1201063336277 171.76780690970358 678.0996501255645 214.1227064806997 -1 -1 -1 -1 -1 -1 -1 -1 1 
216 3 Car -1.000000 -1 -1 -7.806185988871647 219.68370417705881 298.50851291668437 370.7902198569081 -1 -1 -1 -1 -1 -1 -1 -1 1 
217 18 Car -1.000000 -1 -1 578.9486901025075 171.50255936992693 692.6661710049909 214.44258277769893 -1 -1 -1 -1 -1 -1 -1 -1 1 
217 3 Car -1.000000 -1 -1 -7.5354573633796065 219.65712801918588 298.5596258377951 370.7325713024469 -1 -1 -1 -1 -1 -1 -1 -1 1 
218 18 Car -1.000000 -1 -1 588.2041751067828 171.54276795918955 706.0859244957772 214.61220153984382 -1 -1 -1 -1 -1 -1 -1 -1 1 
218 3 Car -1.000000 -1 -1 -7.6116417499808335 219.64529156670298 298.4657306118439 370.7098818794186 -1 -1 -1 -1 -1 -1 -1 -1 1 
219 18 Car -1.000000 -1 -1 600.7119357783838 171.56026154210133 719.0221799845178 214.6523161585223 -1 -1 -1 -1 -1 -1 -1 -1 1 
219 3 Car -1.000000 -1 -1 -7.608539664541894 219.63242586799828 298.39335527151013 370.71675211264807 -1 -1 -1 -1 -1 -1 -1 -1 1 
220 18 Car -1.000000 -1 -1 613.3892150233825 172.29672924186437 734.8075935589635 215.1842748232165 -1 -1 -1 -1 -1 -1 -1 -1 1 
220 3 Car -1.000000 -1 -1 -7.540252383936149 219.65233438494107 298.375989555686 370.6867777116864 -1 -1 -1 -1 -1 -1 -1 -1 1 
221 18 Car -1.000000 -1 -1 626.3434460874164 171.29864479748267 752.1584634467351 214.8315802051526 -1 -1 -1 -1 -1 -1 -1 -1 1 
221 3 Car -1.000000 -1 -1 -7.452651628226192 219.66310012809174 298.59119568227356 370.61655911723415 -1 -1 -1 -1 -1 -1 -1 -1 1 
222 18 Car -1.000000 -1 -1 638.0993152318152 171.1835700301908 766.5450174332817 214.93781968888558 -1 -1 -1 -1 -1 -1 -1 -1 1 
222 3 Car -1.000000 -1 -1 -7.382354275086129 219.66322079687342 298.76509890324974 370.570659035754 -1 -1 -1 -1 -1 -1 -1 -1 1 
223 18 Car -1.000000 -1 -1 653.6108623927672 170.8679584189528 782.5428992075741 214.68016186958403 -1 -1 -1 -1 -1 -1 -1 -1 1 
223 3 Car -1.000000 -1 -1 -7.5098390596824345 219.6825367926679 298.79096080532054 370.5734196694905 -1 -1 -1 -1 -1 -1 -1 -1 1 
224 18 Car -1.000000 -1 -1 667.0509103786501 170.1980519823056 799.0923120254013 214.509388146418 -1 -1 -1 -1 -1 -1 -1 -1 1 
224 3 Car -1.000000 -1 -1 -7.587865518104621 219.68902250342018 298.71202276838574 370.54413386371976 -1 -1 -1 -1 -1 -1 -1 -1 1 
225 18 Car -1.000000 -1 -1 681.2960667278678 169.83011367098985 815.960886399542 214.45529018208433 -1 -1 -1 -1 -1 -1 -1 -1 1 
225 3 Car -1.000000 -1 -1 -7.604402009025989 219.6670604119165 298.646634686472 370.5176633254798 -1 -1 -1 -1 -1 -1 -1 -1 1 
226 18 Car -1.000000 -1 -1 695.7819946600818 169.59157269046136 832.3492127541953 214.16043392179762 -1 -1 -1 -1 -1 -1 -1 -1 1 
226 3 Car -1.000000 -1 -1 -7.548094386091378 219.67340352412745 298.8167874772612 370.5108003001071 -1 -1 -1 -1 -1 -1 -1 -1 1 
227 18 Car -1.000000 -1 -1 710.0442460504987 168.66776917922667 850.0968742148702 213.87982656974575 -1 -1 -1 -1 -1 -1 -1 -1 1 
227 3 Car -1.000000 -1 -1 -7.399887342372608 219.66133494405176 298.9170010729213 370.4712740265362 -1 -1 -1 -1 -1 -1 -1 -1 1 
228 18 Car -1.000000 -1 -1 724.851768835855 168.11499842229716 867.3082007939397 212.77105633885986 -1 -1 -1 -1 -1 -1 -1 -1 1 
228 3 Car -1.000000 -1 -1 -7.40146141294673 219.67812717847926 298.8553553821548 370.41683592403604 -1 -1 -1 -1 -1 -1 -1 -1 1 
229 18 Car -1.000000 -1 -1 741.6852740875822 168.05490995001253 886.1690666910974 212.66366937193658 -1 -1 -1 -1 -1 -1 -1 -1 1 
229 3 Car -1.000000 -1 -1 -7.493264757094721 219.6190491862038 298.80580240718257 370.33860833138283 -1 -1 -1 -1 -1 -1 -1 -1 1 
230 18 Car -1.000000 -1 -1 756.9322207561754 167.3779150058586 903.7687671647893 212.16600636601112 -1 -1 -1 -1 -1 -1 -1 -1 1 
230 3 Car -1.000000 -1 -1 -7.432689052211572 219.6513432344123 298.6776605394375 370.4115110405484 -1 -1 -1 -1 -1 -1 -1 -1 1 
231 18 Car -1.000000 -1 -1 774.895236673326 167.6299295060978 924.4337693763123 212.56908788217166 -1 -1 -1 -1 -1 -1 -1 -1 1 
231 3 Car -1.000000 -1 -1 -7.4673045658441595 219.63191960669332 298.61458139912395 370.4318018808065 -1 -1 -1 -1 -1 -1 -1 -1 1 
232 18 Car -1.000000 -1 -1 792.2805701294626 167.53208344227647 943.7547449770675 212.638478797828 -1 -1 -1 -1 -1 -1 -1 -1 1 
232 3 Car -1.000000 -1 -1 -7.520681928829106 219.6122590002184 298.45091183749344 370.49201485975004 -1 -1 -1 -1 -1 -1 -1 -1 1 
233 18 Car -1.000000 -1 -1 808.8112578262529 167.00720447517355 961.5966454108383 211.55646041123012 -1 -1 -1 -1 -1 -1 -1 -1 1 
233 3 Car -1.000000 -1 -1 -7.59528085853583 219.6336737402318 298.36454346906356 370.5432713124175 -1 -1 -1 -1 -1 -1 -1 -1 1 
234 18 Car -1.000000 -1 -1 828.0631307161723 166.91351023816927 980.1187761845417 211.28293924988984 -1 -1 -1 -1 -1 -1 -1 -1 1 
234 3 Car -1.000000 -1 -1 -7.722522436150456 219.7203838506308 298.5218106575612 370.5823970834084 -1 -1 -1 -1 -1 -1 -1 -1 1 
235 18 Car -1.000000 -1 -1 845.6337037898238 166.30959660689973 996.5960674567807 210.8658028593356 -1 -1 -1 -1 -1 -1 -1 -1 1 
235 3 Car -1.000000 -1 -1 -7.884668634243184 219.71405875528598 298.6303878260569 370.5963257508857 -1 -1 -1 -1 -1 -1 -1 -1 1 
236 18 Car -1.000000 -1 -1 862.2708353782599 165.51633622386933 1003.9613291715697 210.82224218504356 -1 -1 -1 -1 -1 -1 -1 -1 1 
236 3 Car -1.000000 -1 -1 -8.212854223812258 219.78827074106334 298.6661948596142 370.64434658868765 -1 -1 -1 -1 -1 -1 -1 -1 1 
237 18 Car -1.000000 -1 -1 882.6350311245416 164.77774092316372 1024.6279429257313 210.41948556029962 -1 -1 -1 -1 -1 -1 -1 -1 1 
237 3 Car -1.000000 -1 -1 -8.228536661863842 219.74294586616986 298.56542934076356 370.63088228009985 -1 -1 -1 -1 -1 -1 -1 -1 1 
238 18 Car -1.000000 -1 -1 895.5755739045429 161.3440169495861 1027.9735641571324 207.95561194401625 -1 -1 -1 -1 -1 -1 -1 -1 1 
238 3 Car -1.000000 -1 -1 -8.010552366189643 219.75387042390142 298.66063867768344 370.71577865234894 -1 -1 -1 -1 -1 -1 -1 -1 1 
239 18 Car -1.000000 -1 -1 924.1428096041725 159.30387495569585 1067.3582599931422 208.46851656757752 -1 -1 -1 -1 -1 -1 -1 -1 1 
239 3 Car -1.000000 -1 -1 -7.592893876144927 219.6916961196406 298.84522200105505 370.5847580862692 -1 -1 -1 -1 -1 -1 -1 -1 1 
240 18 Car -1.000000 -1 -1 946.44073562252 161.32246151556774 1094.2660549292598 210.3626858934574 -1 -1 -1 -1 -1 -1 -1 -1 1 
240 3 Car -1.000000 -1 -1 -7.10744982226106 219.62250688168325 298.68578600021937 370.744361262852 -1 -1 -1 -1 -1 -1 -1 -1 1 
241 18 Car -1.000000 -1 -1 969.6082110318023 159.4771560683512 1121.3448322988618 209.0116435695027 -1 -1 -1 -1 -1 -1 -1 -1 1 
241 3 Car -1.000000 -1 -1 -7.062875861045001 219.55430183101606 298.55853600684145 370.70679606893776 -1 -1 -1 -1 -1 -1 -1 -1 1 
242 18 Car -1.000000 -1 -1 994.2982459735221 159.42675473911066 1143.9307418268647 208.21062881455435 -1 -1 -1 -1 -1 -1 -1 -1 1 
242 3 Car -1.000000 -1 -1 -7.1438617647640115 219.4797733877969 298.3709117816776 370.61440658176474 -1 -1 -1 -1 -1 -1 -1 -1 1 
243 18 Car -1.000000 -1 -1 1017.1629013635204 159.0072761450188 1164.3264301959105 207.10857661884552 -1 -1 -1 -1 -1 -1 -1 -1 1 
243 3 Car -1.000000 -1 -1 -7.292092369881544 219.50963058595016 298.42707083229016 370.57234731243204 -1 -1 -1 -1 -1 -1 -1 -1 1 
244 18 Car -1.000000 -1 -1 1033.2181511235558 158.48193540825787 1185.7757969009253 205.74015610000936 -1 -1 -1 -1 -1 -1 -1 -1 1 
244 3 Car -1.000000 -1 -1 -7.141167271552376 219.543285749981 298.4712513181337 370.62291016954157 -1 -1 -1 -1 -1 -1 -1 -1 1 
245 18 Car -1.000000 -1 -1 1045.850509889857 158.08100113095085 1201.557923212534 205.0807783277315 -1 -1 -1 -1 -1 -1 -1 -1 1 
245 3 Car -1.000000 -1 -1 -7.0288038550942815 219.59423703234705 298.56835075994957 370.60601637680946 -1 -1 -1 -1 -1 -1 -1 -1 1 
246 18 Car -1.000000 -1 -1 1063.7714525028184 157.51946360922167 1217.8273362712832 204.40069853038906 -1 -1 -1 -1 -1 -1 -1 -1 1 
246 3 Car -1.000000 -1 -1 -7.062641223295685 219.64298958094167 298.41272730175524 370.5522760516007 -1 -1 -1 -1 -1 -1 -1 -1 1 
247 18 Car -1.000000 -1 -1 1078.3207506675376 156.3981913525468 1227.9889314930774 203.19139387137102 -1 -1 -1 -1 -1 -1 -1 -1 1 
247 3 Car -1.000000 -1 -1 -7.078937827420077 219.68460461833692 298.36274197842573 370.6196137777396 -1 -1 -1 -1 -1 -1 -1 -1 1 
248 18 Car -1.000000 -1 -1 1096.8681582997435 155.65849901339877 1236.5570059751292 202.96595269280064 -1 -1 -1 -1 -1 -1 -1 -1 1 
248 3 Car -1.000000 -1 -1 -7.244893371713118 219.68466878105406 298.17420093889837 370.620142196795 -1 -1 -1 -1 -1 -1 -1 -1 1 
249 18 Car -1.000000 -1 -1 1111.7966520691277 154.13447293986485 1240.070084696982 200.97872917514428 -1 -1 -1 -1 -1 -1 -1 -1 1 
249 3 Car -1.000000 -1 -1 -7.323738770728852 219.71643018961777 298.14908154269756 370.6181227546954 -1 -1 -1 -1 -1 -1 -1 -1 1 
250 18 Car -1.000000 -1 -1 1129.6312321773864 152.37410616269491 1244.2393006314862 199.37843107104467 -1 -1 -1 -1 -1 -1 -1 -1 1 
250 3 Car -1.000000 -1 -1 -7.233707214230066 219.6797454101052 297.96036508957195 370.55334642047933 -1 -1 -1 -1 -1 -1 -1 -1 1 
251 18 Car -1.000000 -1 -1 1145.6048452632733 152.59675325971799 1247.1320173050601 199.01011250632715 -1 -1 -1 -1 -1 -1 -1 -1 1 
251 3 Car -1.000000 -1 -1 -7.270489947039096 219.69993214025178 298.04288001288955 370.4015826167946 -1 -1 -1 -1 -1 -1 -1 -1 1 
252 3 Car -1.000000 -1 -1 -7.290391038461081 219.75014773727656 298.13812510870184 370.3306672401753 -1 -1 -1 -1 -1 -1 -1 -1 1 
253 3 Car -1.000000 -1 -1 -7.073830654248184 219.74150080201323 298.12064314185926 370.2576467554185 -1 -1 -1 -1 -1 -1 -1 -1 1 
254 3 Car -1.000000 -1 -1 -7.018138612709606 219.69066256142008 298.205858754422 370.18303075671355 -1 -1 -1 -1 -1 -1 -1 -1 1 
255 3 Car -1.000000 -1 -1 -7.098774619103864 219.8355621733167 298.2471722649517 370.1835921609004 -1 -1 -1 -1 -1 -1 -1 -1 1 
256 3 Car -1.000000 -1 -1 -7.1574130146039465 219.86602084367314 298.1810007220822 370.09956343272677 -1 -1 -1 -1 -1 -1 -1 -1 1 
257 3 Car -1.000000 -1 -1 -7.128824780014156 219.9217499147947 298.11658215975024 370.1584188152769 -1 -1 -1 -1 -1 -1 -1 -1 1 
258 3 Car -1.000000 -1 -1 -6.912213329006505 219.89578871149678 298.0441262491636 370.1294390239838 -1 -1 -1 -1 -1 -1 -1 -1 1 
259 3 Car -1.000000 -1 -1 -6.688394001541184 219.90107853559655 298.345225528926 370.0340859926065 -1 -1 -1 -1 -1 -1 -1 -1 1 
260 3 Car -1.000000 -1 -1 -6.641499159003075 219.9751862938564 298.2895863910601 369.97628940159234 -1 -1 -1 -1 -1 -1 -1 -1 1 
261 3 Car -1.000000 -1 -1 -6.489379709690695 220.01318174553623 298.3276496678981 369.9246568752884 -1 -1 -1 -1 -1 -1 -1 -1 1 
262 3 Car -1.000000 -1 -1 -6.452094786781856 220.0712714178107 298.5326586681176 369.88381644785574 -1 -1 -1 -1 -1 -1 -1 -1 1 
263 3 Car -1.000000 -1 -1 -6.592319065385993 220.02356250553564 298.3339254590201 369.8420963254231 -1 -1 -1 -1 -1 -1 -1 -1 1 
264 3 Car -1.000000 -1 -1 -6.673999329306298 220.1042176500053 298.20595722843836 369.87362584777526 -1 -1 -1 -1 -1 -1 -1 -1 1 
265 3 Car -1.000000 -1 -1 -6.77267290330073 220.14684013846806 298.14699440095126 369.90355007615415 -1 -1 -1 -1 -1 -1 -1 -1 1 
266 3 Car -1.000000 -1 -1 -6.7089249174711085 220.05529374097605 298.09229541636523 369.8551152785093 -1 -1 -1 -1 -1 -1 -1 -1 1 
267 3 Car -1.000000 -1 -1 -6.742724068736095 220.07761178747344 298.1203177686388 369.8237282529259 -1 -1 -1 -1 -1 -1 -1 -1 1 
268 3 Car -1.000000 -1 -1 -6.705371866775863 220.1047965608653 298.2203676865096 369.8431236291842 -1 -1 -1 -1 -1 -1 -1 -1 1 
269 3 Car -1.000000 -1 -1 -6.728761934531434 220.06464120202872 298.202473666587 369.81211671353833 -1 -1 -1 -1 -1 -1 -1 -1 1 
270 3 Car -1.000000 -1 -1 -6.709491929464264 220.02035891682206 298.29027874684823 369.8018480559605 -1 -1 -1 -1 -1 -1 -1 -1 1 
271 3 Car -1.000000 -1 -1 -6.668612673578735 220.04457989486997 298.4787575995772 369.81189553657174 -1 -1 -1 -1 -1 -1 -1 -1 1 
272 3 Car -1.000000 -1 -1 -6.940305779427291 220.12320928695192 298.23947437629215 369.9436151419601 -1 -1 -1 -1 -1 -1 -1 -1 1 
273 3 Car -1.000000 -1 -1 -6.763839133011288 220.07048960077486 298.3591709470444 369.88123684446657 -1 -1 -1 -1 -1 -1 -1 -1 1 
274 3 Car -1.000000 -1 -1 -6.729660863509196 220.07961609484204 298.3782999765146 369.9039828721271 -1 -1 -1 -1 -1 -1 -1 -1 1 
275 3 Car -1.000000 -1 -1 -6.960148651357173 220.15046087828756 298.2771432853234 369.979227679351 -1 -1 -1 -1 -1 -1 -1 -1 1 
276 3 Car -1.000000 -1 -1 -6.952359657807051 220.17611108444828 298.28132055161933 370.03375381753153 -1 -1 -1 -1 -1 -1 -1 -1 1 
277 3 Car -1.000000 -1 -1 -7.048640065085465 220.18677563023186 298.22821682092405 370.08749449030074 -1 -1 -1 -1 -1 -1 -1 -1 1 
278 3 Car -1.000000 -1 -1 -6.8648490655817795 220.1406557988288 298.203705134715 370.06708845760056 -1 -1 -1 -1 -1 -1 -1 -1 1 
279 3 Car -1.000000 -1 -1 -6.909122538021336 220.18794659075036 298.19943004547906 370.07840664714513 -1 -1 -1 -1 -1 -1 -1 -1 1 
280 3 Car -1.000000 -1 -1 -6.8734302984324245 220.1904040299449 298.2088860455868 370.0448417873923 -1 -1 -1 -1 -1 -1 -1 -1 1 
281 3 Car -1.000000 -1 -1 -6.921384607431747 220.27542886433065 298.1982311573913 370.0686201103916 -1 -1 -1 -1 -1 -1 -1 -1 1 
282 3 Car -1.000000 -1 -1 -6.8397791007963065 220.2548698066038 298.1758777838957 370.05554818462815 -1 -1 -1 -1 -1 -1 -1 -1 1 
283 28 Car -1.000000 -1 -1 460.2061844144592 171.7709878925968 490.0572533844382 189.28771397569773 -1 -1 -1 -1 -1 -1 -1 -1 1 
283 3 Car -1.000000 -1 -1 -6.995573412076993 220.3201073299098 298.0668332246961 370.1285752306336 -1 -1 -1 -1 -1 -1 -1 -1 1 
284 28 Car -1.000000 -1 -1 451.1199321531201 170.71830045095598 486.68263402656464 191.39978491048228 -1 -1 -1 -1 -1 -1 -1 -1 1 
284 3 Car -1.000000 -1 -1 -7.0969743190393615 220.38889544570637 298.0839617450997 370.200552788711 -1 -1 -1 -1 -1 -1 -1 -1 1 
285 28 Car -1.000000 -1 -1 448.48904496033987 170.5400099514886 485.32417775406606 192.41227143040086 -1 -1 -1 -1 -1 -1 -1 -1 1 
285 3 Car -1.000000 -1 -1 -7.398134844735949 220.44653054987896 297.9452878411381 370.2383127942244 -1 -1 -1 -1 -1 -1 -1 -1 1 
286 28 Car -1.000000 -1 -1 445.67834926245376 170.56043228705983 484.6126405817416 193.47357427286215 -1 -1 -1 -1 -1 -1 -1 -1 1 
286 3 Car -1.000000 -1 -1 -7.187838684175546 220.36717815817298 297.8381434468688 370.2083537355846 -1 -1 -1 -1 -1 -1 -1 -1 1 
287 28 Car -1.000000 -1 -1 445.2130991124916 176.5794286842554 481.19615856991425 196.32626584403857 -1 -1 -1 -1 -1 -1 -1 -1 1 
287 3 Car -1.000000 -1 -1 -7.303356499424666 220.38435140356106 297.71379050643725 370.2741864334664 -1 -1 -1 -1 -1 -1 -1 -1 1 
288 28 Car -1.000000 -1 -1 444.23205661193543 179.47644001048653 478.65965525627024 197.51421703941853 -1 -1 -1 -1 -1 -1 -1 -1 1 
288 3 Car -1.000000 -1 -1 -7.290033792522735 220.41499660885884 297.67702451572654 370.314181375169 -1 -1 -1 -1 -1 -1 -1 -1 1 
289 28 Car -1.000000 -1 -1 441.6992986661405 180.6592279297853 475.7635168493571 197.91258177388403 -1 -1 -1 -1 -1 -1 -1 -1 1 
289 3 Car -1.000000 -1 -1 -7.228839416940957 220.38967888997564 297.7187312769245 370.2280259978824 -1 -1 -1 -1 -1 -1 -1 -1 1 
290 28 Car -1.000000 -1 -1 438.9121461836317 178.69411725497304 475.0807535167755 197.71906437629963 -1 -1 -1 -1 -1 -1 -1 -1 1 
290 3 Car -1.000000 -1 -1 -7.1569271919703965 220.37895642328064 297.5927102187809 370.2218478965153 -1 -1 -1 -1 -1 -1 -1 -1 1 
291 28 Car -1.000000 -1 -1 436.73151043668446 177.95908296447573 473.6941111853026 198.1921007410906 -1 -1 -1 -1 -1 -1 -1 -1 1 
291 3 Car -1.000000 -1 -1 -7.0515257736124966 220.37697955497688 297.70261215440553 370.1792096571344 -1 -1 -1 -1 -1 -1 -1 -1 1 
292 28 Car -1.000000 -1 -1 434.9329044492319 177.56500746116566 471.83904133352206 198.66170622823265 -1 -1 -1 -1 -1 -1 -1 -1 1 
292 3 Car -1.000000 -1 -1 -7.105141030911369 220.4132762988394 297.665387882749 370.2133942432839 -1 -1 -1 -1 -1 -1 -1 -1 1 
293 28 Car -1.000000 -1 -1 433.0463007777271 176.92052912983405 469.6954897851973 198.8983336755325 -1 -1 -1 -1 -1 -1 -1 -1 1 
293 3 Car -1.000000 -1 -1 -7.375126632981363 220.4267974983469 297.41165950186826 370.22233528751156 -1 -1 -1 -1 -1 -1 -1 -1 1 
294 28 Car -1.000000 -1 -1 431.81854302211525 176.74392881479326 468.1379432334094 199.51366804191423 -1 -1 -1 -1 -1 -1 -1 -1 1 
294 3 Car -1.000000 -1 -1 -7.265697648296566 220.4647623391662 297.7295862770295 370.2325193010204 -1 -1 -1 -1 -1 -1 -1 -1 1 
295 28 Car -1.000000 -1 -1 431.1278237901383 176.7189759127995 467.25382505719205 200.41154959968165 -1 -1 -1 -1 -1 -1 -1 -1 1 
295 3 Car -1.000000 -1 -1 -7.2197711351606415 220.37911652098975 297.74252431158993 370.1659503936636 -1 -1 -1 -1 -1 -1 -1 -1 1 
296 28 Car -1.000000 -1 -1 426.5837913014462 176.03704041574483 464.8898448212455 201.61777713806956 -1 -1 -1 -1 -1 -1 -1 -1 1 
296 3 Car -1.000000 -1 -1 -7.144623243272122 220.39079015530086 297.7294624861504 370.1966689793067 -1 -1 -1 -1 -1 -1 -1 -1 1 
297 28 Car -1.000000 -1 -1 424.81198065730837 176.07668364139502 464.0377289787849 202.9227642876531 -1 -1 -1 -1 -1 -1 -1 -1 1 
297 3 Car -1.000000 -1 -1 -7.3052513521544995 220.44885927900572 297.7469600662305 370.2477449338973 -1 -1 -1 -1 -1 -1 -1 -1 1 
298 28 Car -1.000000 -1 -1 423.99348499281257 175.73817642911175 463.9968710465937 203.60848198248792 -1 -1 -1 -1 -1 -1 -1 -1 1 
298 3 Car -1.000000 -1 -1 -7.050070641776529 220.39746869491142 297.8674794984952 370.25022857569724 -1 -1 -1 -1 -1 -1 -1 -1 1 
299 28 Car -1.000000 -1 -1 423.5989373736368 175.66660864817155 464.6428211497155 204.154715532707 -1 -1 -1 -1 -1 -1 -1 -1 1 
299 3 Car -1.000000 -1 -1 -7.027530298906157 220.42211177360423 297.96993416957775 370.2496948853575 -1 -1 -1 -1 -1 -1 -1 -1 1 
300 28 Car -1.000000 -1 -1 422.8257746451849 175.4549404863064 465.1326202880763 204.17327339181836 -1 -1 -1 -1 -1 -1 -1 -1 1 
300 3 Car -1.000000 -1 -1 -7.18260714442772 220.50190664090508 297.95321060544654 370.29550687252856 -1 -1 -1 -1 -1 -1 -1 -1 1 
301 28 Car -1.000000 -1 -1 425.9909798160329 175.464063262982 469.4865036638721 204.45195227658314 -1 -1 -1 -1 -1 -1 -1 -1 1 
301 3 Car -1.000000 -1 -1 -7.1768078054477655 220.46705699602347 297.94059667949 370.27286266620257 -1 -1 -1 -1 -1 -1 -1 -1 1 
302 28 Car -1.000000 -1 -1 428.19604323761484 179.04745161760087 473.2356364284133 207.41125178497504 -1 -1 -1 -1 -1 -1 -1 -1 1 
302 3 Car -1.000000 -1 -1 -6.865456540051127 220.4371553342374 298.07732355025206 370.35163802452854 -1 -1 -1 -1 -1 -1 -1 -1 1 
303 28 Car -1.000000 -1 -1 430.8818067196198 179.4194546663975 479.22791273265466 208.42598321388195 -1 -1 -1 -1 -1 -1 -1 -1 1 
303 3 Car -1.000000 -1 -1 -6.972769505373293 220.43253497339555 297.9949201042431 370.2876353243716 -1 -1 -1 -1 -1 -1 -1 -1 1 
304 28 Car -1.000000 -1 -1 433.0641939158619 178.8424706622833 485.0473014598873 208.80353087503494 -1 -1 -1 -1 -1 -1 -1 -1 1 
304 3 Car -1.000000 -1 -1 -7.054262137295552 220.47748710615522 298.0772219859723 370.3620396336945 -1 -1 -1 -1 -1 -1 -1 -1 1 
305 28 Car -1.000000 -1 -1 436.2963186322436 178.3052146873362 493.3354626860846 209.41630723914304 -1 -1 -1 -1 -1 -1 -1 -1 1 
305 3 Car -1.000000 -1 -1 -7.014610591672522 220.40900034692618 298.1603808601635 370.31778725418326 -1 -1 -1 -1 -1 -1 -1 -1 1 
306 28 Car -1.000000 -1 -1 446.8635312552895 178.19233976062554 506.765761161395 209.52304997599168 -1 -1 -1 -1 -1 -1 -1 -1 1 
306 3 Car -1.000000 -1 -1 -6.786213759368906 220.31382397644722 298.10904787904394 370.2529842153915 -1 -1 -1 -1 -1 -1 -1 -1 1 
307 28 Car -1.000000 -1 -1 451.8381074307431 175.32492768053675 518.9285715596538 209.20285548087816 -1 -1 -1 -1 -1 -1 -1 -1 1 
307 3 Car -1.000000 -1 -1 -6.86467586751678 220.35868639489036 298.2781402423657 370.3001512431954 -1 -1 -1 -1 -1 -1 -1 -1 1 
308 28 Car -1.000000 -1 -1 457.60787498950856 174.02320817449805 531.2689875081677 209.68949793211402 -1 -1 -1 -1 -1 -1 -1 -1 1 
308 3 Car -1.000000 -1 -1 -6.683569741307224 220.32680616662918 298.4387771879851 370.20536333603656 -1 -1 -1 -1 -1 -1 -1 -1 1 
309 28 Car -1.000000 -1 -1 465.70232792134493 173.1087441813279 546.8689973050077 210.8872450555071 -1 -1 -1 -1 -1 -1 -1 -1 1 
309 3 Car -1.000000 -1 -1 -6.73549180466668 220.27742436727164 298.2273448449972 370.1864154163142 -1 -1 -1 -1 -1 -1 -1 -1 1 
310 28 Car -1.000000 -1 -1 479.97186989110355 172.9270180319837 567.0407071451866 211.43143608564728 -1 -1 -1 -1 -1 -1 -1 -1 1 
310 3 Car -1.000000 -1 -1 -6.6033510775608875 220.2237336493481 298.2325425720131 370.1662687252858 -1 -1 -1 -1 -1 -1 -1 -1 1 
311 28 Car -1.000000 -1 -1 491.5223268621261 172.73943008351384 583.2514873561296 211.92993727166143 -1 -1 -1 -1 -1 -1 -1 -1 1 
311 3 Car -1.000000 -1 -1 -6.738417649906722 220.32768873860263 298.2658889967205 370.3126671571797 -1 -1 -1 -1 -1 -1 -1 -1 1 
312 28 Car -1.000000 -1 -1 504.46966199876215 172.3180894649226 605.860350307114 211.9513492530586 -1 -1 -1 -1 -1 -1 -1 -1 1 
312 3 Car -1.000000 -1 -1 -6.988890672085233 220.4215253432807 298.19000040672023 370.476397979577 -1 -1 -1 -1 -1 -1 -1 -1 1 
313 30 Car -1.000000 -1 -1 459.0950129153288 172.25733000037818 489.1671299174564 190.2192051122806 -1 -1 -1 -1 -1 -1 -1 -1 1 
313 28 Car -1.000000 -1 -1 527.3538154683032 172.03401125800755 632.443275326836 212.520519584683 -1 -1 -1 -1 -1 -1 -1 -1 1 
313 3 Car -1.000000 -1 -1 -7.221152472561869 220.40460917136528 298.2369077982094 370.49929274568325 -1 -1 -1 -1 -1 -1 -1 -1 1 
314 30 Car -1.000000 -1 -1 452.2477671757967 172.1499713643208 485.1175272288846 192.34087377801407 -1 -1 -1 -1 -1 -1 -1 -1 1 
314 29 Car -1.000000 -1 -1 343.58329750536916 174.3732721507381 390.69315826845707 201.82276343089762 -1 -1 -1 -1 -1 -1 -1 -1 1 
314 28 Car -1.000000 -1 -1 546.2245626859961 171.6206235259413 657.217639930455 212.39925488848968 -1 -1 -1 -1 -1 -1 -1 -1 1 
314 3 Car -1.000000 -1 -1 -7.2113320605920705 220.4223838789338 298.3838149455936 370.5011156296763 -1 -1 -1 -1 -1 -1 -1 -1 1 
315 30 Car -1.000000 -1 -1 450.4061380004095 172.37830690382617 483.06607098028627 193.6612798304783 -1 -1 -1 -1 -1 -1 -1 -1 1 
315 29 Car -1.000000 -1 -1 339.5600052316528 174.91665844296608 386.60804046358305 202.84863419004103 -1 -1 -1 -1 -1 -1 -1 -1 1 
315 28 Car -1.000000 -1 -1 570.0069350453826 172.00715294562806 684.8163125029865 212.79728097846194 -1 -1 -1 -1 -1 -1 -1 -1 1 
315 3 Car -1.000000 -1 -1 -7.349830640180244 220.44020021652926 298.2555556712155 370.45549084464716 -1 -1 -1 -1 -1 -1 -1 -1 1 
316 30 Car -1.000000 -1 -1 449.4966120024518 172.08177973466277 481.8793793079833 194.04431751998672 -1 -1 -1 -1 -1 -1 -1 -1 1 
316 29 Car -1.000000 -1 -1 335.02391964918934 174.58612701216586 382.18279325048115 203.88574915349633 -1 -1 -1 -1 -1 -1 -1 -1 1 
316 28 Car -1.000000 -1 -1 591.2531941754447 171.41448779989892 709.8950957989758 212.59166863068756 -1 -1 -1 -1 -1 -1 -1 -1 1 
316 3 Car -1.000000 -1 -1 -7.354858160161228 220.4489041881426 298.23118893307424 370.46994017395855 -1 -1 -1 -1 -1 -1 -1 -1 1 
317 30 Car -1.000000 -1 -1 447.5477659509236 172.10335279438237 481.0247691031203 194.32282526041462 -1 -1 -1 -1 -1 -1 -1 -1 1 
317 29 Car -1.000000 -1 -1 327.6289762544349 174.86054204370384 374.81298775062527 205.03718308301836 -1 -1 -1 -1 -1 -1 -1 -1 1 
317 28 Car -1.000000 -1 -1 615.0644646503332 171.0187264884765 738.0168892280955 212.42183352588125 -1 -1 -1 -1 -1 -1 -1 -1 1 
317 3 Car -1.000000 -1 -1 -7.469093666880525 220.51598370190175 298.2421745376862 370.52547309016074 -1 -1 -1 -1 -1 -1 -1 -1 1 
318 30 Car -1.000000 -1 -1 443.53331830115866 172.24781206716915 478.94842233981075 195.06627678718996 -1 -1 -1 -1 -1 -1 -1 -1 1 
318 29 Car -1.000000 -1 -1 323.16251995744585 175.22916173805382 371.3318294687805 205.7419643002638 -1 -1 -1 -1 -1 -1 -1 -1 1 
318 28 Car -1.000000 -1 -1 636.7853336814643 170.17227469704875 761.9463715079042 211.47218466652998 -1 -1 -1 -1 -1 -1 -1 -1 1 
318 3 Car -1.000000 -1 -1 -7.373811480308291 220.45541040405556 298.27459732853407 370.44723575151045 -1 -1 -1 -1 -1 -1 -1 -1 1 
319 30 Car -1.000000 -1 -1 441.25691874988746 172.1754217276308 477.63611603971316 195.47697538472363 -1 -1 -1 -1 -1 -1 -1 -1 1 
319 29 Car -1.000000 -1 -1 319.0009788513419 175.15072291988562 366.97263819854874 205.97224100802546 -1 -1 -1 -1 -1 -1 -1 -1 1 
319 28 Car -1.000000 -1 -1 665.8341679428532 169.69245418898242 794.0750936774942 210.50076656365167 -1 -1 -1 -1 -1 -1 -1 -1 1 
319 3 Car -1.000000 -1 -1 -7.4877977622206515 220.4293555441846 298.23394137485116 370.46022218921615 -1 -1 -1 -1 -1 -1 -1 -1 1 
320 30 Car -1.000000 -1 -1 439.6480026972014 172.0763850867215 476.0643502904039 195.6516472408928 -1 -1 -1 -1 -1 -1 -1 -1 1 
320 29 Car -1.000000 -1 -1 315.6817050230495 175.43208122914342 363.2398687609392 205.992228613926 -1 -1 -1 -1 -1 -1 -1 -1 1 
320 28 Car -1.000000 -1 -1 690.9299572663513 169.0761371615258 820.6139745938883 210.36518759438675 -1 -1 -1 -1 -1 -1 -1 -1 1 
320 3 Car -1.000000 -1 -1 -7.5591751589634555 220.5183355974235 298.28636747951157 370.47736522293235 -1 -1 -1 -1 -1 -1 -1 -1 1 
321 30 Car -1.000000 -1 -1 438.99576184862184 173.56708055695077 474.83349719427923 197.24749047751123 -1 -1 -1 -1 -1 -1 -1 -1 1 
321 29 Car -1.000000 -1 -1 311.368502636422 175.604445824785 360.1885603263577 206.21388227646975 -1 -1 -1 -1 -1 -1 -1 -1 1 
321 28 Car -1.000000 -1 -1 717.9618844698336 168.31142603296908 849.1466688334087 209.514296155754 -1 -1 -1 -1 -1 -1 -1 -1 1 
321 3 Car -1.000000 -1 -1 -7.649115942836033 220.6114497732342 298.29289233586366 370.4744192246085 -1 -1 -1 -1 -1 -1 -1 -1 1 
322 30 Car -1.000000 -1 -1 437.67707447255816 174.2897204138208 473.586273449175 198.04241629349482 -1 -1 -1 -1 -1 -1 -1 -1 1 
322 29 Car -1.000000 -1 -1 308.74218646255713 175.58828249656588 357.3522735050303 206.53103850907203 -1 -1 -1 -1 -1 -1 -1 -1 1 
322 28 Car -1.000000 -1 -1 745.4511991455347 167.73051517615042 877.7430328070025 208.8952959655215 -1 -1 -1 -1 -1 -1 -1 -1 1 
322 3 Car -1.000000 -1 -1 -7.6515247782639335 220.54487566380834 298.40119161712244 370.4347238835174 -1 -1 -1 -1 -1 -1 -1 -1 1 
323 30 Car -1.000000 -1 -1 436.5260380604647 174.7135418844549 472.25719854150356 198.8103005141321 -1 -1 -1 -1 -1 -1 -1 -1 1 
323 28 Car -1.000000 -1 -1 771.4880609897393 167.0289146057513 906.0953572517187 208.098366065913 -1 -1 -1 -1 -1 -1 -1 -1 1 
323 3 Car -1.000000 -1 -1 -7.84714049530055 220.51527361313376 298.4056012724324 370.39689221417996 -1 -1 -1 -1 -1 -1 -1 -1 1 
324 30 Car -1.000000 -1 -1 435.32945992120085 175.06936001462256 471.0617799944248 199.25555166069975 -1 -1 -1 -1 -1 -1 -1 -1 1 
324 28 Car -1.000000 -1 -1 797.9439179026785 167.02181732011968 935.632745474076 208.04382717677464 -1 -1 -1 -1 -1 -1 -1 -1 1 
324 3 Car -1.000000 -1 -1 -7.927249155609502 220.51519989657248 298.2709797523297 370.42048067196316 -1 -1 -1 -1 -1 -1 -1 -1 1 
325 30 Car -1.000000 -1 -1 434.86229040419374 175.65287497277296 470.81101985574065 199.96136234200804 -1 -1 -1 -1 -1 -1 -1 -1 1 
325 28 Car -1.000000 -1 -1 825.837092092326 166.83818052327447 965.4181982765529 208.05948806738317 -1 -1 -1 -1 -1 -1 -1 -1 1 
325 3 Car -1.000000 -1 -1 -8.20414956746012 220.59203829715813 298.0008582649492 370.4746990929904 -1 -1 -1 -1 -1 -1 -1 -1 1 
326 30 Car -1.000000 -1 -1 434.28730835157523 176.07480929684513 470.21554586845036 200.50696793263145 -1 -1 -1 -1 -1 -1 -1 -1 1 
326 28 Car -1.000000 -1 -1 848.2107937838027 166.04351628661064 988.3978013809822 207.59217188468196 -1 -1 -1 -1 -1 -1 -1 -1 1 
326 3 Car -1.000000 -1 -1 -7.770244213514474 220.53101560924472 298.25503523148814 370.3909237760157 -1 -1 -1 -1 -1 -1 -1 -1 1 
327 30 Car -1.000000 -1 -1 434.3819614976595 176.2454898364087 470.0583281984385 200.95518249706276 -1 -1 -1 -1 -1 -1 -1 -1 1 
327 28 Car -1.000000 -1 -1 872.4827266773871 165.90413234906697 1001.9409082421632 207.3389770039376 -1 -1 -1 -1 -1 -1 -1 -1 1 
327 3 Car -1.000000 -1 -1 -7.834914734726311 220.60141207630454 298.3451699709626 370.459040603964 -1 -1 -1 -1 -1 -1 -1 -1 1 
328 30 Car -1.000000 -1 -1 434.310434706507 176.62986472584754 470.6037102973583 201.74890248014572 -1 -1 -1 -1 -1 -1 -1 -1 1 
328 28 Car -1.000000 -1 -1 895.072048288326 163.87812995549683 1016.5221176763146 206.0188058395775 -1 -1 -1 -1 -1 -1 -1 -1 1 
328 3 Car -1.000000 -1 -1 -7.750916906554721 220.55352469777296 298.3422679399565 370.3652194312744 -1 -1 -1 -1 -1 -1 -1 -1 1 
329 30 Car -1.000000 -1 -1 435.68378163875326 176.55236279743022 472.09470869589796 202.2941328108416 -1 -1 -1 -1 -1 -1 -1 -1 1 
329 28 Car -1.000000 -1 -1 936.1533813642152 164.24423417891134 1067.518862387311 207.38766807179232 -1 -1 -1 -1 -1 -1 -1 -1 1 
329 3 Car -1.000000 -1 -1 -7.745261242055022 220.47510081134476 298.0186158299772 370.4082277943395 -1 -1 -1 -1 -1 -1 -1 -1 1 
330 30 Car -1.000000 -1 -1 436.684446781564 176.2763028329694 473.48900755519605 203.00013293735515 -1 -1 -1 -1 -1 -1 -1 -1 1 
330 3 Car -1.000000 -1 -1 -7.938098881367921 220.58721961213985 297.71135398423604 370.4992469576615 -1 -1 -1 -1 -1 -1 -1 -1 1 
331 30 Car -1.000000 -1 -1 438.62663046708866 175.81628090287103 475.9327810752149 203.69525867004717 -1 -1 -1 -1 -1 -1 -1 -1 1 
331 3 Car -1.000000 -1 -1 -7.846703101907593 220.79221849191975 297.8781881695338 370.4924856483738 -1 -1 -1 -1 -1 -1 -1 -1 1 
332 30 Car -1.000000 -1 -1 441.26008390975244 175.30290192575043 480.40096132126223 204.35220268476527 -1 -1 -1 -1 -1 -1 -1 -1 1 
332 3 Car -1.000000 -1 -1 -8.097680903319826 221.11629473750315 297.7029367792886 370.51089221528787 -1 -1 -1 -1 -1 -1 -1 -1 1 
333 30 Car -1.000000 -1 -1 443.5427581650762 174.9736870870306 485.0587918335681 204.85340526609855 -1 -1 -1 -1 -1 -1 -1 -1 1 
333 28 Car -1.000000 -1 -1 1046.0979003551504 159.9057811671278 1201.1592049387843 202.22477563343026 -1 -1 -1 -1 -1 -1 -1 -1 1 
333 3 Car -1.000000 -1 -1 -8.6414102123683 220.884727345667 296.6898116825557 370.18958148803097 -1 -1 -1 -1 -1 -1 -1 -1 1 
334 31 Car -1.000000 -1 -1 177.60487664025817 179.32810142641404 282.2211462530984 231.07775041420655 -1 -1 -1 -1 -1 -1 -1 -1 1 
334 30 Car -1.000000 -1 -1 444.7640773368036 174.38823196624506 489.3813972343607 205.16096806809813 -1 -1 -1 -1 -1 -1 -1 -1 1 
334 28 Car -1.000000 -1 -1 1068.7578959191144 158.82683652718666 1221.7755469287974 200.92987968896446 -1 -1 -1 -1 -1 -1 -1 -1 1 
334 3 Car -1.000000 -1 -1 -8.779954801093908 220.76617092490136 296.2094280746527 370.18022862746926 -1 -1 -1 -1 -1 -1 -1 -1 1 
335 31 Car -1.000000 -1 -1 167.70193375921633 180.12608749250097 272.23725536719314 232.26109012145992 -1 -1 -1 -1 -1 -1 -1 -1 1 
335 30 Car -1.000000 -1 -1 447.9285456647437 173.95479282409843 497.07536497308166 205.78705242999933 -1 -1 -1 -1 -1 -1 -1 -1 1 
335 28 Car -1.000000 -1 -1 1086.0682354516903 157.17691316053137 1235.6943945213493 199.6450789779577 -1 -1 -1 -1 -1 -1 -1 -1 1 
335 3 Car -1.000000 -1 -1 -8.961363158498642 220.91539892572155 296.3856493677001 370.59989306146053 -1 -1 -1 -1 -1 -1 -1 -1 1 
336 31 Car -1.000000 -1 -1 151.3909648598302 181.83995247601587 257.5970524645794 235.71244819562116 -1 -1 -1 -1 -1 -1 -1 -1 1 
336 30 Car -1.000000 -1 -1 454.1213842508766 173.82338005649115 506.92998067948287 206.30854125008682 -1 -1 -1 -1 -1 -1 -1 -1 1 
336 28 Car -1.000000 -1 -1 1107.3810210143713 156.30100426117744 1243.2591572393883 199.16057391974917 -1 -1 -1 -1 -1 -1 -1 -1 1 
336 3 Car -1.000000 -1 -1 -9.427409934376385 220.5430259166395 297.0139617645224 370.2740604067641 -1 -1 -1 -1 -1 -1 -1 -1 1 
337 31 Car -1.000000 -1 -1 115.72257675677726 182.23089886799835 241.20842131437354 239.86532237624135 -1 -1 -1 -1 -1 -1 -1 -1 1 
337 30 Car -1.000000 -1 -1 458.655828248681 173.50121182981297 516.2781819924293 206.9500277878201 -1 -1 -1 -1 -1 -1 -1 -1 1 
337 28 Car -1.000000 -1 -1 1129.8938718514926 155.85655144715932 1248.9885405182592 199.10989690637822 -1 -1 -1 -1 -1 -1 -1 -1 1 
337 3 Car -1.000000 -1 -1 -10.723550848359196 220.97012405185637 298.0139502687559 370.324110816498 -1 -1 -1 -1 -1 -1 -1 -1 1 
338 31 Car -1.000000 -1 -1 88.82405155533435 181.73230920284706 226.6265757886664 241.0639169248693 -1 -1 -1 -1 -1 -1 -1 -1 1 
338 30 Car -1.000000 -1 -1 464.3948242699671 173.2649597449727 524.0419259225993 207.63928638767595 -1 -1 -1 -1 -1 -1 -1 -1 1 
338 28 Car -1.000000 -1 -1 1149.10795436032 155.01907174950435 1252.8564612489226 199.03127623143348 -1 -1 -1 -1 -1 -1 -1 -1 1 
338 3 Car -1.000000 -1 -1 -10.481620908928647 220.98467865746434 299.1764995004884 370.3632571335478 -1 -1 -1 -1 -1 -1 -1 -1 1 
339 31 Car -1.000000 -1 -1 58.9724012510253 183.75341755794156 210.38862015886275 251.00353490385854 -1 -1 -1 -1 -1 -1 -1 -1 1 
339 30 Car -1.000000 -1 -1 471.09646240937957 173.59990301380907 533.2506190525895 208.08714283014893 -1 -1 -1 -1 -1 -1 -1 -1 1 
339 3 Car -1.000000 -1 -1 -9.062364038079892 220.6185762268811 301.17844684851093 370.2991601282138 -1 -1 -1 -1 -1 -1 -1 -1 1 
340 31 Car -1.000000 -1 -1 25.67729088933639 183.99671378188566 187.381521686035 255.12351808127477 -1 -1 -1 -1 -1 -1 -1 -1 1 
340 30 Car -1.000000 -1 -1 478.26663399605735 173.0541541351365 542.2334341073915 208.04578199328586 -1 -1 -1 -1 -1 -1 -1 -1 1 
340 3 Car -1.000000 -1 -1 -8.192962962366437 220.53643263623147 301.5872262593644 370.22246674766063 -1 -1 -1 -1 -1 -1 -1 -1 1 
341 31 Car -1.000000 -1 -1 7.43790497928849 182.85372011550407 167.34078395221474 252.7033925686667 -1 -1 -1 -1 -1 -1 -1 -1 1 
341 30 Car -1.000000 -1 -1 487.48779964120115 172.67149102942182 553.5070515231263 208.06377277097795 -1 -1 -1 -1 -1 -1 -1 -1 1 
341 3 Car -1.000000 -1 -1 -7.6438967439446515 220.39201588435043 302.21281950418506 370.40810204683174 -1 -1 -1 -1 -1 -1 -1 -1 1 
342 31 Car -1.000000 -1 -1 -7.522062766897292 182.8129827886545 154.1048194065483 254.55707884803132 -1 -1 -1 -1 -1 -1 -1 -1 1 
342 30 Car -1.000000 -1 -1 495.7001213005927 171.7714337199947 566.3241538552485 207.9665521456989 -1 -1 -1 -1 -1 -1 -1 -1 1 
342 3 Car -1.000000 -1 -1 -7.512690545625219 220.65260551478048 302.0330013902777 370.4692389784277 -1 -1 -1 -1 -1 -1 -1 -1 1 
343 31 Car -1.000000 -1 -1 -16.405372275811573 180.4753268690792 134.6356090249521 247.5646718556822 -1 -1 -1 -1 -1 -1 -1 -1 1 
343 30 Car -1.000000 -1 -1 502.955832362247 171.91199155146901 579.3916242998663 208.87225354580684 -1 -1 -1 -1 -1 -1 -1 -1 1 
343 3 Car -1.000000 -1 -1 -7.323402263414124 220.53633603506233 301.4888387719262 370.6769421417361 -1 -1 -1 -1 -1 -1 -1 -1 1 
344 31 Car -1.000000 -1 -1 -23.553908934341344 179.4760846693553 107.81511346500281 242.58344158609705 -1 -1 -1 -1 -1 -1 -1 -1 1 
344 30 Car -1.000000 -1 -1 513.836853226829 170.94265316607516 593.8379451230174 208.4812088353895 -1 -1 -1 -1 -1 -1 -1 -1 1 
344 3 Car -1.000000 -1 -1 -7.88361287500291 220.2301751299696 300.36698511997963 370.43039821886356 -1 -1 -1 -1 -1 -1 -1 -1 1 
345 30 Car -1.000000 -1 -1 527.2912192266201 171.2160034542935 610.430626567415 208.8811140670582 -1 -1 -1 -1 -1 -1 -1 -1 1 
345 3 Car -1.000000 -1 -1 -7.859955366704952 219.3256619370532 299.007483352269 369.78375569780115 -1 -1 -1 -1 -1 -1 -1 -1 1 
346 30 Car -1.000000 -1 -1 540.8530440103339 171.3693745512005 626.7098123092969 209.2553546774816 -1 -1 -1 -1 -1 -1 -1 -1 1 
346 3 Car -1.000000 -1 -1 -7.050175873900685 219.53075647935117 299.19740821666716 370.0362787807489 -1 -1 -1 -1 -1 -1 -1 -1 1 
347 30 Car -1.000000 -1 -1 555.6900986252195 171.24932764274078 643.9962047930561 209.60209207690744 -1 -1 -1 -1 -1 -1 -1 -1 1 
347 3 Car -1.000000 -1 -1 -7.441177935792382 219.96903934910247 299.33030375954417 370.20116966171065 -1 -1 -1 -1 -1 -1 -1 -1 1 
348 30 Car -1.000000 -1 -1 570.8918265687896 171.36932344235348 662.9742702867916 209.69916491744405 -1 -1 -1 -1 -1 -1 -1 -1 1 
348 3 Car -1.000000 -1 -1 -7.784501750994451 219.9587399955882 298.4836325492697 370.39521434402786 -1 -1 -1 -1 -1 -1 -1 -1 1 
349 30 Car -1.000000 -1 -1 585.0020859722329 172.13060449646756 679.5396882661155 210.5540394839023 -1 -1 -1 -1 -1 -1 -1 -1 1 
349 3 Car -1.000000 -1 -1 -7.924315846790961 220.1409799263954 297.93455131727785 370.5401064270437 -1 -1 -1 -1 -1 -1 -1 -1 1 
350 30 Car -1.000000 -1 -1 600.8102726929143 171.69596425744305 699.9584454219131 210.70505735400633 -1 -1 -1 -1 -1 -1 -1 -1 1 
350 3 Car -1.000000 -1 -1 -7.8813778599553075 220.22430067981975 297.6841072095596 370.59631244687637 -1 -1 -1 -1 -1 -1 -1 -1 1 
351 30 Car -1.000000 -1 -1 616.4300941273181 171.47486877400064 717.9904662240059 210.30145957291847 -1 -1 -1 -1 -1 -1 -1 -1 1 
351 3 Car -1.000000 -1 -1 -7.769872918256397 220.35396243025184 297.69347031018395 370.6110863333985 -1 -1 -1 -1 -1 -1 -1 -1 1 
352 30 Car -1.000000 -1 -1 634.4507707866521 171.74375792644366 739.0956121455274 211.11754334470248 -1 -1 -1 -1 -1 -1 -1 -1 1 
352 3 Car -1.000000 -1 -1 -7.618939116476582 220.3892194675505 297.73574422588297 370.60936466485845 -1 -1 -1 -1 -1 -1 -1 -1 1 
353 30 Car -1.000000 -1 -1 653.0780958329369 171.72714322567757 759.9203860973771 211.2870699260204 -1 -1 -1 -1 -1 -1 -1 -1 1 
353 3 Car -1.000000 -1 -1 -7.59373791261865 220.43099040563976 297.82320214358094 370.50232269624354 -1 -1 -1 -1 -1 -1 -1 -1 1 
354 30 Car -1.000000 -1 -1 670.6320648091623 171.0428529292393 778.5941763345791 210.33628077041124 -1 -1 -1 -1 -1 -1 -1 -1 1 
354 3 Car -1.000000 -1 -1 -7.359958342415638 220.43347164578952 297.9499397893019 370.4682598608996 -1 -1 -1 -1 -1 -1 -1 -1 1 
355 30 Car -1.000000 -1 -1 689.1557232167787 170.00197782182053 802.0992236650926 210.18070412524 -1 -1 -1 -1 -1 -1 -1 -1 1 
355 3 Car -1.000000 -1 -1 -7.415630048972844 220.39061862184678 297.93344446084075 370.4030075237922 -1 -1 -1 -1 -1 -1 -1 -1 1 
356 30 Car -1.000000 -1 -1 711.2709457183759 169.35387084717274 825.8386600022089 209.87153752610823 -1 -1 -1 -1 -1 -1 -1 -1 1 
356 3 Car -1.000000 -1 -1 -7.322214899680262 220.40546103090904 298.0476628950733 370.40156517470507 -1 -1 -1 -1 -1 -1 -1 -1 1 
357 30 Car -1.000000 -1 -1 732.3674684363101 168.54841398895633 849.5421084932112 209.3848945427519 -1 -1 -1 -1 -1 -1 -1 -1 1 
357 3 Car -1.000000 -1 -1 -7.360890568451907 220.37498739838887 297.93355179126604 370.37573152884204 -1 -1 -1 -1 -1 -1 -1 -1 1 
358 30 Car -1.000000 -1 -1 755.5385664907176 168.0792699841496 873.1934634169675 208.68820412338366 -1 -1 -1 -1 -1 -1 -1 -1 1 
358 3 Car -1.000000 -1 -1 -7.200316311231518 220.30934160512248 297.9279208403627 370.34106725253565 -1 -1 -1 -1 -1 -1 -1 -1 1 
359 30 Car -1.000000 -1 -1 779.1381409869969 167.0982804168264 898.0759638628585 207.73335502856634 -1 -1 -1 -1 -1 -1 -1 -1 1 
359 3 Car -1.000000 -1 -1 -7.2113208989187285 220.32928053411823 297.8656336611525 370.35627488136856 -1 -1 -1 -1 -1 -1 -1 -1 1 
360 30 Car -1.000000 -1 -1 803.5136374909383 167.12270216789932 922.8744989109315 208.02613693314328 -1 -1 -1 -1 -1 -1 -1 -1 1 
360 3 Car -1.000000 -1 -1 -7.219859663943822 220.40947147901653 297.9106296216594 370.4098065393517 -1 -1 -1 -1 -1 -1 -1 -1 1 
361 30 Car -1.000000 -1 -1 825.0775664942526 166.56694617893618 946.8526141305886 208.0807736128753 -1 -1 -1 -1 -1 -1 -1 -1 1 
361 3 Car -1.000000 -1 -1 -7.098984444508375 220.43164955932502 298.29245804527477 370.46423706638245 -1 -1 -1 -1 -1 -1 -1 -1 1 
362 30 Car -1.000000 -1 -1 849.1544306614719 166.36707747599183 969.8460201562984 207.96199707649947 -1 -1 -1 -1 -1 -1 -1 -1 1 
362 3 Car -1.000000 -1 -1 -7.216516607661646 220.36960607581645 298.23896540011174 370.40709480951443 -1 -1 -1 -1 -1 -1 -1 -1 1 
363 30 Car -1.000000 -1 -1 871.8290513742384 166.1740040199895 991.5457654610314 208.169705188253 -1 -1 -1 -1 -1 -1 -1 -1 1 
363 3 Car -1.000000 -1 -1 -7.687446709719666 220.503400919453 298.32817321799916 370.6272269334568 -1 -1 -1 -1 -1 -1 -1 -1 1 
364 30 Car -1.000000 -1 -1 891.9943813471416 166.1597006946447 1007.48034365747 208.34116429650862 -1 -1 -1 -1 -1 -1 -1 -1 1 
364 3 Car -1.000000 -1 -1 -7.471277496625703 220.44447582828914 298.25353563889473 370.5264640207664 -1 -1 -1 -1 -1 -1 -1 -1 1 
365 30 Car -1.000000 -1 -1 912.7510336128568 165.3590552450879 1019.8633645100773 208.46118273341918 -1 -1 -1 -1 -1 -1 -1 -1 1 
365 3 Car -1.000000 -1 -1 -7.487419378601231 220.4776228488808 298.2434279093086 370.6345445711516 -1 -1 -1 -1 -1 -1 -1 -1 1 
366 3 Car -1.000000 -1 -1 -7.252770260183951 220.4572900671952 298.19877421534306 370.5953816223175 -1 -1 -1 -1 -1 -1 -1 -1 1 
367 3 Car -1.000000 -1 -1 -7.697574881513248 220.65274107446794 298.10915618393517 370.9811678498671 -1 -1 -1 -1 -1 -1 -1 -1 1 
368 3 Car -1.000000 -1 -1 -7.731711611696255 220.56430357628017 298.0760417551717 370.7537112235684 -1 -1 -1 -1 -1 -1 -1 -1 1 
369 3 Car -1.000000 -1 -1 -7.676002514360505 220.52863744697797 298.05815012361063 370.64070333384325 -1 -1 -1 -1 -1 -1 -1 -1 1 
370 3 Car -1.000000 -1 -1 -7.516040579559473 220.4964934303996 298.06563111334344 370.56811314186825 -1 -1 -1 -1 -1 -1 -1 -1 1 
371 33 Car -1.000000 -1 -1 1048.4446527996902 157.06304107949742 1191.748966106794 200.03817635785893 -1 -1 -1 -1 -1 -1 -1 -1 1 
371 3 Car -1.000000 -1 -1 -7.461674321984759 220.48161241996831 298.1422800673074 370.4894840708379 -1 -1 -1 -1 -1 -1 -1 -1 1 
372 33 Car -1.000000 -1 -1 1068.6211066584476 156.39624437783326 1208.9915676988865 199.55211974607366 -1 -1 -1 -1 -1 -1 -1 -1 1 
372 3 Car -1.000000 -1 -1 -7.421244789640838 220.48592439644972 298.04013075446096 370.48639711692465 -1 -1 -1 -1 -1 -1 -1 -1 1 
373 33 Car -1.000000 -1 -1 1085.53383765502 154.5442683121254 1224.8469417132817 197.17734582121594 -1 -1 -1 -1 -1 -1 -1 -1 1 
373 3 Car -1.000000 -1 -1 -7.422787386434521 220.4928005309693 297.97750241421693 370.4684653988101 -1 -1 -1 -1 -1 -1 -1 -1 1 
374 33 Car -1.000000 -1 -1 1107.2003923604173 154.96366528839116 1230.1897618165438 196.24414809155445 -1 -1 -1 -1 -1 -1 -1 -1 1 
374 3 Car -1.000000 -1 -1 -7.369021313143918 220.46473534233252 297.94684279784315 370.45155970717855 -1 -1 -1 -1 -1 -1 -1 -1 1 
375 33 Car -1.000000 -1 -1 1129.0259773734576 154.88039198090223 1237.0734131882548 194.52857286405697 -1 -1 -1 -1 -1 -1 -1 -1 1 
375 3 Car -1.000000 -1 -1 -7.4388393998027595 220.46282180196488 297.87107698089426 370.4294286547537 -1 -1 -1 -1 -1 -1 -1 -1 1 
