0 2 Car -1.000000 -1 -1 1060.6461537617904 186.91029736987105 1164.189863370015 225.66729281599135 -1 -1 -1 -1 -1 -1 -1 -1 1 
0 1 Car -1.000000 -1 -1 974.7635048925877 186.16811549434294 1067.3263520988135 221.53099366105516 -1 -1 -1 -1 -1 -1 -1 -1 1 
1 2 Car -1.000000 -1 -1 1060.3983240396099 186.97326130625447 1164.1065841079733 225.69057066178112 -1 -1 -1 -1 -1 -1 -1 -1 1 
1 1 Car -1.000000 -1 -1 974.8420089227261 186.2219583944416 1067.2418157641964 221.43954359696468 -1 -1 -1 -1 -1 -1 -1 -1 1 
2 2 Car -1.000000 -1 -1 1060.5458124178524 186.96247190555835 1164.144126520858 225.70140997215861 -1 -1 -1 -1 -1 -1 -1 -1 1 
2 1 Car -1.000000 -1 -1 974.9024204142675 186.1774559513985 1067.713270421915 221.45661341678138 -1 -1 -1 -1 -1 -1 -1 -1 1 
3 2 Car -1.000000 -1 -1 1060.7076391367941 186.94532350722312 1164.0241510603705 225.6208102224415 -1 -1 -1 -1 -1 -1 -1 -1 1 
3 1 Car -1.000000 -1 -1 975.3528615263455 186.09141337566214 1067.9904054881488 221.4859612446567 -1 -1 -1 -1 -1 -1 -1 -1 1 
4 2 Car -1.000000 -1 -1 1060.8327113695523 186.9732970092224 1163.8108823483376 225.55934961187978 -1 -1 -1 -1 -1 -1 -1 -1 1 
4 1 Car -1.000000 -1 -1 975.5884338768658 186.07867251526565 1067.9857919367842 221.47788076969434 -1 -1 -1 -1 -1 -1 -1 -1 1 
5 2 Car -1.000000 -1 -1 1061.1764772403526 187.0565335892029 1163.8821092373564 225.67969915149092 -1 -1 -1 -1 -1 -1 -1 -1 1 
5 1 Car -1.000000 -1 -1 975.2595283601879 186.15613350124795 1067.8425112789816 221.46537085057076 -1 -1 -1 -1 -1 -1 -1 -1 1 
6 2 Car -1.000000 -1 -1 1061.2333960433489 187.15606938629492 1163.9295819324984 225.82349382313072 -1 -1 -1 -1 -1 -1 -1 -1 1 
6 1 Car -1.000000 -1 -1 974.8886082328726 186.25123857870943 1067.6909381354194 221.57685996423265 -1 -1 -1 -1 -1 -1 -1 -1 1 
7 2 Car -1.000000 -1 -1 1061.2179093004384 187.18725600498013 1164.015318305267 225.89039108333603 -1 -1 -1 -1 -1 -1 -1 -1 1 
7 1 Car -1.000000 -1 -1 974.6031623957867 186.2857372525903 1067.518953582602 221.58214382636015 -1 -1 -1 -1 -1 -1 -1 -1 1 
8 2 Car -1.000000 -1 -1 1061.2607626945658 187.1674093683877 1163.88784827008 225.84762900830813 -1 -1 -1 -1 -1 -1 -1 -1 1 
8 1 Car -1.000000 -1 -1 975.2106633926822 186.2747190982437 1067.7021082154488 221.72141912574003 -1 -1 -1 -1 -1 -1 -1 -1 1 
9 2 Car -1.000000 -1 -1 1061.3228255550002 187.10114795296445 1163.8788465294301 225.79178385022524 -1 -1 -1 -1 -1 -1 -1 -1 1 
9 1 Car -1.000000 -1 -1 976.2989477509261 186.1522251803088 1068.3117895763326 221.70988824626767 -1 -1 -1 -1 -1 -1 -1 -1 1 
10 2 Car -1.000000 -1 -1 1061.2497227288238 187.0821395361658 1164.011363152904 225.72296938241283 -1 -1 -1 -1 -1 -1 -1 -1 1 
10 1 Car -1.000000 -1 -1 976.2342448087633 186.24589833831217 1067.7642187131864 221.97519509031272 -1 -1 -1 -1 -1 -1 -1 -1 1 
11 2 Car -1.000000 -1 -1 1061.1614558043477 187.10434749364984 1164.0667593967135 225.73383510978724 -1 -1 -1 -1 -1 -1 -1 -1 1 
11 1 Car -1.000000 -1 -1 976.6399971383158 186.27141375700262 1067.399877346696 222.12871636549693 -1 -1 -1 -1 -1 -1 -1 -1 1 
12 2 Car -1.000000 -1 -1 1060.9929066304885 187.16343082923123 1163.8009648520738 225.7794812030649 -1 -1 -1 -1 -1 -1 -1 -1 1 
12 1 Car -1.000000 -1 -1 977.8521354073098 186.12607472749542 1067.5323768690805 221.95999106506892 -1 -1 -1 -1 -1 -1 -1 -1 1 
13 2 Car -1.000000 -1 -1 1060.9272138846322 187.16444280280803 1163.734188248838 225.7345337228486 -1 -1 -1 -1 -1 -1 -1 -1 1 
13 1 Car -1.000000 -1 -1 977.5891048201904 186.1355890307551 1067.0673690621131 222.0694532079977 -1 -1 -1 -1 -1 -1 -1 -1 1 
14 2 Car -1.000000 -1 -1 1060.9796124388276 187.19319961501475 1163.6441229576271 225.6576091004835 -1 -1 -1 -1 -1 -1 -1 -1 1 
14 1 Car -1.000000 -1 -1 976.5181473711059 186.1580961318539 1066.2727287237813 222.41380114293517 -1 -1 -1 -1 -1 -1 -1 -1 1 
15 2 Car -1.000000 -1 -1 1060.995231936778 187.2273103405132 1163.6157058419822 225.6503783943997 -1 -1 -1 -1 -1 -1 -1 -1 1 
15 1 Car -1.000000 -1 -1 974.920983206772 186.2354606673203 1065.0741073388187 222.6603904353961 -1 -1 -1 -1 -1 -1 -1 -1 1 
16 2 Car -1.000000 -1 -1 1060.8233451078152 187.15630982694765 1163.4588828677627 225.3878383759201 -1 -1 -1 -1 -1 -1 -1 -1 1 
16 1 Car -1.000000 -1 -1 960.9278602713835 186.08993162859466 1061.1369995753214 222.58869018252895 -1 -1 -1 -1 -1 -1 -1 -1 1 
17 2 Car -1.000000 -1 -1 1060.8642387841223 187.12803115691582 1163.5199750461438 225.21694666554822 -1 -1 -1 -1 -1 -1 -1 -1 1 
17 1 Car -1.000000 -1 -1 965.3615642437477 185.88755257410455 1063.6167059683878 222.3472401123361 -1 -1 -1 -1 -1 -1 -1 -1 1 
18 2 Car -1.000000 -1 -1 1061.0020552364779 187.07919291324595 1163.6003523298111 225.05627249175757 -1 -1 -1 -1 -1 -1 -1 -1 1 
18 1 Car -1.000000 -1 -1 967.7803883495513 185.75128190948487 1064.8273547145711 222.17584613533307 -1 -1 -1 -1 -1 -1 -1 -1 1 
19 2 Car -1.000000 -1 -1 1061.9165487107293 187.10597695761086 1163.8293825635797 224.9610640830318 -1 -1 -1 -1 -1 -1 -1 -1 1 
19 1 Car -1.000000 -1 -1 973.7286944184575 185.84509667393093 1068.5517036229262 221.90571893642363 -1 -1 -1 -1 -1 -1 -1 -1 1 
20 2 Car -1.000000 -1 -1 1062.8208476454115 186.98466917600183 1164.1524166417857 224.7106168207019 -1 -1 -1 -1 -1 -1 -1 -1 1 
20 1 Car -1.000000 -1 -1 976.0286671451897 185.9122927575236 1070.2558047620946 221.77682535769836 -1 -1 -1 -1 -1 -1 -1 -1 1 
21 2 Car -1.000000 -1 -1 1063.6191402799382 186.98772681757657 1164.0846751639256 224.6019238836289 -1 -1 -1 -1 -1 -1 -1 -1 1 
21 1 Car -1.000000 -1 -1 979.5503566463746 186.17080809222142 1071.570632303597 222.21710369471327 -1 -1 -1 -1 -1 -1 -1 -1 1 
22 2 Car -1.000000 -1 -1 1064.4648433427574 187.0058375909123 1164.121867046627 224.5454431279388 -1 -1 -1 -1 -1 -1 -1 -1 1 
22 1 Car -1.000000 -1 -1 984.5325679408907 186.16072523336697 1071.8696161554867 222.40447152070539 -1 -1 -1 -1 -1 -1 -1 -1 1 
23 2 Car -1.000000 -1 -1 1064.6344198894262 187.07668794751118 1163.8615368676774 224.62021134024712 -1 -1 -1 -1 -1 -1 -1 -1 1 
23 1 Car -1.000000 -1 -1 996.7959189195064 186.40707442143867 1074.2266137266727 221.77551306951625 -1 -1 -1 -1 -1 -1 -1 -1 1 
24 2 Car -1.000000 -1 -1 1064.917697369272 187.09208408963343 1163.5914984481128 224.88220145156976 -1 -1 -1 -1 -1 -1 -1 -1 1 
24 1 Car -1.000000 -1 -1 1002.626634886331 186.83540479466393 1073.2100225664421 221.44259304326533 -1 -1 -1 -1 -1 -1 -1 -1 1 
25 2 Car -1.000000 -1 -1 1065.1124289212014 187.11016317459018 1162.4397924002212 224.95342428096546 -1 -1 -1 -1 -1 -1 -1 -1 1 
25 1 Car -1.000000 -1 -1 1006.4000487721111 186.837627839743 1071.409782055294 220.65639903549453 -1 -1 -1 -1 -1 -1 -1 -1 1 
26 2 Car -1.000000 -1 -1 1062.0362577905157 187.1573185906939 1159.1849324777736 225.2020811175448 -1 -1 -1 -1 -1 -1 -1 -1 1 
26 1 Car -1.000000 -1 -1 1012.5456120746358 187.11466279922027 1071.21212684914 220.27704736926492 -1 -1 -1 -1 -1 -1 -1 -1 1 
27 2 Car -1.000000 -1 -1 1061.401311175894 187.21467693782512 1159.0304192384679 225.2022874567059 -1 -1 -1 -1 -1 -1 -1 -1 1 
27 1 Car -1.000000 -1 -1 1018.7055625664347 188.13397967510937 1070.9852660667918 220.00192467763125 -1 -1 -1 -1 -1 -1 -1 -1 1 
28 2 Car -1.000000 -1 -1 1061.5614022359339 187.4176006356559 1159.090403587846 225.2062699340272 -1 -1 -1 -1 -1 -1 -1 -1 1 
29 2 Car -1.000000 -1 -1 1064.489607970237 187.26431702177834 1161.8008846879848 225.1749748874951 -1 -1 -1 -1 -1 -1 -1 -1 1 
30 2 Car -1.000000 -1 -1 1069.3995387258278 187.27353900003274 1164.5113835983911 225.87109527987693 -1 -1 -1 -1 -1 -1 -1 -1 1 
32 2 Car -1.000000 -1 -1 1095.9737011735567 187.56980373099213 1188.3397273787916 226.44292443982783 -1 -1 -1 -1 -1 -1 -1 -1 1 
33 2 Car -1.000000 -1 -1 1031.2912924567001 188.81655066680494 1161.4741449279916 223.30092227611286 -1 -1 -1 -1 -1 -1 -1 -1 1 
39 4 Car -1.000000 -1 -1 977.6220060817802 185.4697041303181 1062.9381952895535 221.6392508780082 -1 -1 -1 -1 -1 -1 -1 -1 1 
40 4 Car -1.000000 -1 -1 975.5017069306635 185.57622078752973 1061.9348805879163 221.8446180746281 -1 -1 -1 -1 -1 -1 -1 -1 1 
41 4 Car -1.000000 -1 -1 974.7331978526652 185.6858831734076 1061.5783479217314 222.06852918799848 -1 -1 -1 -1 -1 -1 -1 -1 1 
42 5 Car -1.000000 -1 -1 1064.8895470443097 185.07440182212275 1165.7396570367498 227.39762084843625 -1 -1 -1 -1 -1 -1 -1 -1 1 
42 4 Car -1.000000 -1 -1 974.1102210883687 185.94514384357774 1062.0765157971034 222.30669853316152 -1 -1 -1 -1 -1 -1 -1 -1 1 
43 5 Car -1.000000 -1 -1 1063.408043090683 184.54000669714785 1176.2042720874192 227.1627852166919 -1 -1 -1 -1 -1 -1 -1 -1 1 
43 4 Car -1.000000 -1 -1 975.1651370138491 186.00857254304856 1063.9285043154703 222.35881367653093 -1 -1 -1 -1 -1 -1 -1 -1 1 
44 5 Car -1.000000 -1 -1 1059.8118059325545 184.47117678550558 1180.4722334386545 226.98416613056924 -1 -1 -1 -1 -1 -1 -1 -1 1 
44 4 Car -1.000000 -1 -1 974.894317381294 185.99138887813174 1064.3451940669759 222.28948693785148 -1 -1 -1 -1 -1 -1 -1 -1 1 
45 5 Car -1.000000 -1 -1 1057.8320934094377 185.45636169438546 1173.9200440048198 227.1436633769929 -1 -1 -1 -1 -1 -1 -1 -1 1 
45 4 Car -1.000000 -1 -1 974.6137667451022 186.00216957016187 1064.811271387701 222.2303648823954 -1 -1 -1 -1 -1 -1 -1 -1 1 
46 5 Car -1.000000 -1 -1 1057.8207520083968 185.90720868454383 1170.4910048339423 226.84435331844855 -1 -1 -1 -1 -1 -1 -1 -1 1 
46 4 Car -1.000000 -1 -1 974.5375286321563 185.9303697943895 1065.4412231523472 222.01092400043842 -1 -1 -1 -1 -1 -1 -1 -1 1 
47 5 Car -1.000000 -1 -1 1058.225136224822 186.13644173159454 1168.511326793834 226.51018747298153 -1 -1 -1 -1 -1 -1 -1 -1 1 
47 4 Car -1.000000 -1 -1 973.8347379644243 185.95846069967058 1065.1606871871934 221.89717894220257 -1 -1 -1 -1 -1 -1 -1 -1 1 
48 5 Car -1.000000 -1 -1 1058.7078509664173 186.31695747358705 1167.3435323582037 226.24615379115264 -1 -1 -1 -1 -1 -1 -1 -1 1 
48 4 Car -1.000000 -1 -1 973.4057426048703 185.97610893789914 1065.213624420265 221.89567990955487 -1 -1 -1 -1 -1 -1 -1 -1 1 
49 5 Car -1.000000 -1 -1 1059.1071330987538 186.48651000248688 1166.6416934865551 226.14783303235842 -1 -1 -1 -1 -1 -1 -1 -1 1 
49 4 Car -1.000000 -1 -1 972.9188371446569 186.0828139044771 1065.1488250071359 222.0736474650349 -1 -1 -1 -1 -1 -1 -1 -1 1 
50 5 Car -1.000000 -1 -1 1058.8941042497438 186.19920488431285 1173.2374316191692 225.7134775443979 -1 -1 -1 -1 -1 -1 -1 -1 1 
50 4 Car -1.000000 -1 -1 973.1839864930884 186.02126145314227 1065.356963909507 221.9993019293726 -1 -1 -1 -1 -1 -1 -1 -1 1 
51 5 Car -1.000000 -1 -1 1058.0129705123877 186.54134586086397 1169.6434135965314 225.79516975848847 -1 -1 -1 -1 -1 -1 -1 -1 1 
51 4 Car -1.000000 -1 -1 974.3474492958966 186.12739569109198 1065.8645874660215 222.07249186275925 -1 -1 -1 -1 -1 -1 -1 -1 1 
52 5 Car -1.000000 -1 -1 1058.2493761387764 186.67925372613152 1167.6321269441387 225.67498213639809 -1 -1 -1 -1 -1 -1 -1 -1 1 
52 4 Car -1.000000 -1 -1 975.4654540334681 185.9514382793709 1066.0128685292332 221.81438047393976 -1 -1 -1 -1 -1 -1 -1 -1 1 
53 5 Car -1.000000 -1 -1 1058.6156022260573 186.6951182531076 1166.5261562370463 225.45257853138165 -1 -1 -1 -1 -1 -1 -1 -1 1 
53 4 Car -1.000000 -1 -1 973.3626676890073 185.79131725367654 1063.7969938367585 221.6292326621039 -1 -1 -1 -1 -1 -1 -1 -1 1 
54 5 Car -1.000000 -1 -1 1059.6015249652573 186.78503759864995 1165.9342325046664 225.34511001229274 -1 -1 -1 -1 -1 -1 -1 -1 1 
54 4 Car -1.000000 -1 -1 974.8362141867618 186.04595704703428 1065.4562361661058 221.5926950806442 -1 -1 -1 -1 -1 -1 -1 -1 1 
55 5 Car -1.000000 -1 -1 1059.6581926701476 186.8008464439593 1165.2902296502668 225.31428646600875 -1 -1 -1 -1 -1 -1 -1 -1 1 
55 4 Car -1.000000 -1 -1 978.9399275861914 186.2223665034603 1068.3527972143527 221.7749336904675 -1 -1 -1 -1 -1 -1 -1 -1 1 
56 5 Car -1.000000 -1 -1 1060.5757686769668 186.81035373185074 1164.915739649117 225.24134021454665 -1 -1 -1 -1 -1 -1 -1 -1 1 
56 4 Car -1.000000 -1 -1 987.9967747106645 186.1278427319768 1069.8194969463407 220.9828750960775 -1 -1 -1 -1 -1 -1 -1 -1 1 
57 5 Car -1.000000 -1 -1 1061.5142119656866 186.6383715791325 1164.512762847371 224.98521699603285 -1 -1 -1 -1 -1 -1 -1 -1 1 
57 4 Car -1.000000 -1 -1 998.657390481902 186.81598692357127 1072.2915845301468 220.79172697437227 -1 -1 -1 -1 -1 -1 -1 -1 1 
58 5 Car -1.000000 -1 -1 1060.6270984054415 186.50555548942077 1171.1122235073 224.60144415263113 -1 -1 -1 -1 -1 -1 -1 -1 1 
58 4 Car -1.000000 -1 -1 1004.7030700309068 187.1882728958741 1071.7929276236048 220.59688498878785 -1 -1 -1 -1 -1 -1 -1 -1 1 
59 5 Car -1.000000 -1 -1 1059.050679789995 186.87966594730665 1166.7227899220654 225.00262612848923 -1 -1 -1 -1 -1 -1 -1 -1 1 
60 5 Car -1.000000 -1 -1 1058.482111993119 187.04690185790218 1164.6323971936245 225.19097102823133 -1 -1 -1 -1 -1 -1 -1 -1 1 
61 5 Car -1.000000 -1 -1 1061.0854981482664 186.73595486570017 1164.904053295906 225.30680816971008 -1 -1 -1 -1 -1 -1 -1 -1 1 
62 5 Car -1.000000 -1 -1 1015.7617089046313 185.78325161368292 1145.6959546189821 224.68405529925667 -1 -1 -1 -1 -1 -1 -1 -1 1 
63 5 Car -1.000000 -1 -1 997.6319972763881 185.52966497299585 1147.442629379816 223.83457570672303 -1 -1 -1 -1 -1 -1 -1 -1 1 
64 5 Car -1.000000 -1 -1 970.2258703245635 184.59864921973548 1101.8059880065193 222.39017742728652 -1 -1 -1 -1 -1 -1 -1 -1 1 
65 5 Car -1.000000 -1 -1 965.3813851863081 184.3394642500389 1085.4072511380089 221.73422781987145 -1 -1 -1 -1 -1 -1 -1 -1 1 
66 5 Car -1.000000 -1 -1 965.3598027587879 184.48771318884354 1075.8381988323772 221.72269045524564 -1 -1 -1 -1 -1 -1 -1 -1 1 
67 5 Car -1.000000 -1 -1 966.0518354847942 184.71641178117386 1070.333927915891 221.71673101012345 -1 -1 -1 -1 -1 -1 -1 -1 1 
68 5 Car -1.000000 -1 -1 965.8551487412809 185.0562335349822 1066.1560610864715 221.82958902867762 -1 -1 -1 -1 -1 -1 -1 -1 1 
69 5 Car -1.000000 -1 -1 967.3138056170878 185.32970087595402 1064.7166613308211 222.0013670763425 -1 -1 -1 -1 -1 -1 -1 -1 1 
70 7 Car -1.000000 -1 -1 1059.488131579462 184.1511693074322 1179.7458254337541 226.18461379284474 -1 -1 -1 -1 -1 -1 -1 -1 1 
70 5 Car -1.000000 -1 -1 969.3409487977633 185.45560601194538 1064.8316169186357 221.97498232185902 -1 -1 -1 -1 -1 -1 -1 -1 1 
71 7 Car -1.000000 -1 -1 1057.4728324305056 184.60585386393552 1182.6150945707313 225.84990932118586 -1 -1 -1 -1 -1 -1 -1 -1 1 
71 5 Car -1.000000 -1 -1 970.4968011829237 185.50056770423228 1064.6978371117962 221.91999515717956 -1 -1 -1 -1 -1 -1 -1 -1 1 
72 7 Car -1.000000 -1 -1 1056.7970972987753 185.67815165048705 1174.671291487023 225.78010109052673 -1 -1 -1 -1 -1 -1 -1 -1 1 
72 5 Car -1.000000 -1 -1 971.1990443816647 185.54129638878146 1064.4476884832 221.7976971867655 -1 -1 -1 -1 -1 -1 -1 -1 1 
73 7 Car -1.000000 -1 -1 1057.4043389340718 186.20218976692203 1170.7390223745242 225.64382672448656 -1 -1 -1 -1 -1 -1 -1 -1 1 
73 5 Car -1.000000 -1 -1 971.5484658693155 185.54784974157099 1064.2026920739875 221.69105228971057 -1 -1 -1 -1 -1 -1 -1 -1 1 
74 7 Car -1.000000 -1 -1 1058.1660062734522 186.49723653799103 1168.521028757178 225.49614541227507 -1 -1 -1 -1 -1 -1 -1 -1 1 
74 5 Car -1.000000 -1 -1 971.9736221031591 185.59910275079596 1064.0874641287055 221.61943405873376 -1 -1 -1 -1 -1 -1 -1 -1 1 
75 7 Car -1.000000 -1 -1 1058.9196469074304 186.6381648547918 1167.1955096373717 225.3658937019486 -1 -1 -1 -1 -1 -1 -1 -1 1 
75 5 Car -1.000000 -1 -1 972.435079826565 185.58017854115832 1064.1149511282258 221.5470779603957 -1 -1 -1 -1 -1 -1 -1 -1 1 
76 7 Car -1.000000 -1 -1 1059.5909960650683 186.74588408285769 1166.356631875702 225.2781883494722 -1 -1 -1 -1 -1 -1 -1 -1 1 
76 5 Car -1.000000 -1 -1 972.7037749482851 185.5851768374283 1064.066304872438 221.49545967475686 -1 -1 -1 -1 -1 -1 -1 -1 1 
77 7 Car -1.000000 -1 -1 1059.9635451203985 186.82470499400037 1165.7481397704005 225.2313535073234 -1 -1 -1 -1 -1 -1 -1 -1 1 
77 5 Car -1.000000 -1 -1 972.8232780046333 185.6748912166593 1063.9974699789784 221.52462624485693 -1 -1 -1 -1 -1 -1 -1 -1 1 
78 7 Car -1.000000 -1 -1 1060.2159982846235 186.85002609302344 1165.2985959650493 225.16845642072545 -1 -1 -1 -1 -1 -1 -1 -1 1 
78 5 Car -1.000000 -1 -1 972.9160646795449 185.7156664812193 1063.9956834678994 221.54691750876853 -1 -1 -1 -1 -1 -1 -1 -1 1 
79 7 Car -1.000000 -1 -1 1060.3425397151702 186.85901537514002 1164.9875938732077 225.10752956085116 -1 -1 -1 -1 -1 -1 -1 -1 1 
79 5 Car -1.000000 -1 -1 972.9131687439209 185.7666796771768 1063.9413604187723 221.55106288634988 -1 -1 -1 -1 -1 -1 -1 -1 1 
80 7 Car -1.000000 -1 -1 1060.5352080762048 186.8507200583174 1164.696818506122 225.05390243196962 -1 -1 -1 -1 -1 -1 -1 -1 1 
80 5 Car -1.000000 -1 -1 973.4890923471501 185.671774531235 1064.3555218244016 221.4670866140763 -1 -1 -1 -1 -1 -1 -1 -1 1 
81 7 Car -1.000000 -1 -1 1060.6038776072332 186.8963584216426 1164.4185829710118 225.05203952734777 -1 -1 -1 -1 -1 -1 -1 -1 1 
81 5 Car -1.000000 -1 -1 973.9061100798378 185.7034681019357 1064.427352324244 221.53939579071772 -1 -1 -1 -1 -1 -1 -1 -1 1 
82 7 Car -1.000000 -1 -1 1060.6729260399984 186.88998723230236 1164.2795559465249 225.0089880570281 -1 -1 -1 -1 -1 -1 -1 -1 1 
82 5 Car -1.000000 -1 -1 974.0564339198006 185.6947445872947 1064.310419501757 221.55618087908633 -1 -1 -1 -1 -1 -1 -1 -1 1 
83 7 Car -1.000000 -1 -1 1060.6482744463494 186.90612562727097 1164.2315426688049 225.02182849418125 -1 -1 -1 -1 -1 -1 -1 -1 1 
83 5 Car -1.000000 -1 -1 973.9126101123379 185.75731261799845 1064.1349137709128 221.63403044900295 -1 -1 -1 -1 -1 -1 -1 -1 1 
84 7 Car -1.000000 -1 -1 1060.6543462029722 186.86003980049475 1164.1875965321 225.0240231384518 -1 -1 -1 -1 -1 -1 -1 -1 1 
84 5 Car -1.000000 -1 -1 974.1052690755012 185.70772687225985 1064.102152936411 221.60670517880027 -1 -1 -1 -1 -1 -1 -1 -1 1 
85 7 Car -1.000000 -1 -1 1060.7434622553712 186.85050593283518 1164.1547159852205 225.02568107792 -1 -1 -1 -1 -1 -1 -1 -1 1 
85 5 Car -1.000000 -1 -1 974.3439154028545 185.7296557974405 1064.213336761897 221.59769169463652 -1 -1 -1 -1 -1 -1 -1 -1 1 
86 7 Car -1.000000 -1 -1 1060.7583973950211 186.8716981041797 1163.9888001442016 225.044322986679 -1 -1 -1 -1 -1 -1 -1 -1 1 
86 5 Car -1.000000 -1 -1 974.5158631687003 185.78488757243682 1064.3311374922744 221.5981459069429 -1 -1 -1 -1 -1 -1 -1 -1 1 
87 7 Car -1.000000 -1 -1 1060.80927755055 186.87826088618067 1163.842289565848 225.05145583954936 -1 -1 -1 -1 -1 -1 -1 -1 1 
87 5 Car -1.000000 -1 -1 974.6672219200476 185.78578917275982 1064.4368495032784 221.53983108912823 -1 -1 -1 -1 -1 -1 -1 -1 1 
88 7 Car -1.000000 -1 -1 1060.6706997705332 186.88126095824498 1163.7000116870709 225.0635324915744 -1 -1 -1 -1 -1 -1 -1 -1 1 
88 5 Car -1.000000 -1 -1 974.4369771767001 185.8255150275615 1064.2987272219311 221.5782131254989 -1 -1 -1 -1 -1 -1 -1 -1 1 
89 7 Car -1.000000 -1 -1 1060.640052379754 186.8920056000601 1163.693098971791 225.10070304375586 -1 -1 -1 -1 -1 -1 -1 -1 1 
89 5 Car -1.000000 -1 -1 974.1440303995457 185.85012446127223 1064.138398272282 221.6139243830536 -1 -1 -1 -1 -1 -1 -1 -1 1 
90 7 Car -1.000000 -1 -1 1060.655235145715 186.89088946965154 1163.672427094347 225.10531099872264 -1 -1 -1 -1 -1 -1 -1 -1 1 
90 5 Car -1.000000 -1 -1 974.4987927715316 185.90515112161125 1064.3890975992688 221.6472748725497 -1 -1 -1 -1 -1 -1 -1 -1 1 
91 7 Car -1.000000 -1 -1 1060.6643755453697 186.87016791312 1163.6280258834117 225.0826704855394 -1 -1 -1 -1 -1 -1 -1 -1 1 
91 5 Car -1.000000 -1 -1 975.0784755624877 185.88959929145955 1064.736475940025 221.5663017064657 -1 -1 -1 -1 -1 -1 -1 -1 1 
92 7 Car -1.000000 -1 -1 1060.745256537272 186.84370985897652 1163.6470249657907 225.05077162036605 -1 -1 -1 -1 -1 -1 -1 -1 1 
92 5 Car -1.000000 -1 -1 975.3463245583216 185.89420521649092 1064.9145186791613 221.51748119291958 -1 -1 -1 -1 -1 -1 -1 -1 1 
93 7 Car -1.000000 -1 -1 1060.8019622247396 186.82868080500236 1163.5782650435533 225.05867557510328 -1 -1 -1 -1 -1 -1 -1 -1 1 
93 5 Car -1.000000 -1 -1 975.5501891696607 185.9165473698315 1065.1134489868884 221.4465627670271 -1 -1 -1 -1 -1 -1 -1 -1 1 
94 7 Car -1.000000 -1 -1 1060.52289174838 186.66603557844348 1170.6512252087691 224.65504233066872 -1 -1 -1 -1 -1 -1 -1 -1 1 
94 5 Car -1.000000 -1 -1 975.7148230971627 185.97863659539865 1065.2209095115695 221.49705073737817 -1 -1 -1 -1 -1 -1 -1 -1 1 
95 7 Car -1.000000 -1 -1 1059.4500145869329 186.83185330525555 1167.4536422430406 224.91523039395832 -1 -1 -1 -1 -1 -1 -1 -1 1 
95 5 Car -1.000000 -1 -1 976.0183188453908 185.96872314158696 1065.4637480560627 221.47631579116285 -1 -1 -1 -1 -1 -1 -1 -1 1 
96 7 Car -1.000000 -1 -1 1059.2470000941446 186.90144203221075 1165.6885000888508 225.0249449683355 -1 -1 -1 -1 -1 -1 -1 -1 1 
96 5 Car -1.000000 -1 -1 976.0357626828109 185.9822460279273 1065.4566643829721 221.50425288361336 -1 -1 -1 -1 -1 -1 -1 -1 1 
97 7 Car -1.000000 -1 -1 1059.5564540900423 186.94780545756714 1164.8657873508773 225.15287486425024 -1 -1 -1 -1 -1 -1 -1 -1 1 
97 5 Car -1.000000 -1 -1 975.9906220168727 185.98866765606678 1065.4225710163794 221.57541324597523 -1 -1 -1 -1 -1 -1 -1 -1 1 
98 7 Car -1.000000 -1 -1 1059.8241586653219 186.94476126137135 1164.3954418930937 225.16252097477002 -1 -1 -1 -1 -1 -1 -1 -1 1 
98 5 Car -1.000000 -1 -1 975.5658783560092 185.94859029647816 1065.04218456594 221.5546559403804 -1 -1 -1 -1 -1 -1 -1 -1 1 
99 7 Car -1.000000 -1 -1 1060.0305629717168 186.9638130830043 1164.0379158180945 225.1528296275211 -1 -1 -1 -1 -1 -1 -1 -1 1 
99 5 Car -1.000000 -1 -1 975.1422123596832 185.96618162669557 1064.6631008976394 221.56598664933648 -1 -1 -1 -1 -1 -1 -1 -1 1 
100 7 Car -1.000000 -1 -1 1060.135299267484 187.01227975169 1163.8133238145385 225.19737313018246 -1 -1 -1 -1 -1 -1 -1 -1 1 
100 5 Car -1.000000 -1 -1 975.0511890773715 186.06396864454462 1064.6839785858192 221.7228954924932 -1 -1 -1 -1 -1 -1 -1 -1 1 
101 7 Car -1.000000 -1 -1 1060.3730962965496 187.05299733470292 1163.7215693407861 225.25115854151176 -1 -1 -1 -1 -1 -1 -1 -1 1 
101 5 Car -1.000000 -1 -1 975.4263801978582 186.0849329695342 1065.0899893355 221.94067620331052 -1 -1 -1 -1 -1 -1 -1 -1 1 
102 7 Car -1.000000 -1 -1 1060.3027172138216 186.8904418752638 1170.632264104229 224.82105649572148 -1 -1 -1 -1 -1 -1 -1 -1 1 
102 5 Car -1.000000 -1 -1 975.9747685756471 186.0004179306311 1065.5675954027806 221.98871930715313 -1 -1 -1 -1 -1 -1 -1 -1 1 
103 7 Car -1.000000 -1 -1 1059.0789445596226 186.9341336765337 1174.3697623293704 224.6834815779158 -1 -1 -1 -1 -1 -1 -1 -1 1 
103 5 Car -1.000000 -1 -1 975.6537693960029 186.01938730633336 1065.3067589569662 222.09117604116958 -1 -1 -1 -1 -1 -1 -1 -1 1 
104 7 Car -1.000000 -1 -1 1057.918352387536 187.05221018075605 1169.7179309144224 224.9218552281299 -1 -1 -1 -1 -1 -1 -1 -1 1 
104 5 Car -1.000000 -1 -1 976.2829810405946 185.81323322716528 1065.2900586556848 221.87331420059823 -1 -1 -1 -1 -1 -1 -1 -1 1 
105 7 Car -1.000000 -1 -1 1058.0293625907166 187.09305719358025 1167.3649935968924 225.12691411105197 -1 -1 -1 -1 -1 -1 -1 -1 1 
105 5 Car -1.000000 -1 -1 976.4878392929893 185.8860447712919 1065.157796019329 222.03675746272694 -1 -1 -1 -1 -1 -1 -1 -1 1 
106 7 Car -1.000000 -1 -1 1058.6231542089404 187.1673600979382 1165.937990482808 225.3796633886848 -1 -1 -1 -1 -1 -1 -1 -1 1 
106 5 Car -1.000000 -1 -1 977.9003687721489 186.07747845210315 1065.7339154101405 222.42477471325606 -1 -1 -1 -1 -1 -1 -1 -1 1 
107 7 Car -1.000000 -1 -1 1059.1051983758298 187.11904698136178 1165.134465778758 225.38830363222624 -1 -1 -1 -1 -1 -1 -1 -1 1 
107 5 Car -1.000000 -1 -1 978.5002307125459 186.11938568720961 1065.580198063964 222.5611703231661 -1 -1 -1 -1 -1 -1 -1 -1 1 
108 7 Car -1.000000 -1 -1 1059.6322464240104 186.9026534026152 1171.8510418644526 224.91658166902292 -1 -1 -1 -1 -1 -1 -1 -1 1 
108 5 Car -1.000000 -1 -1 977.0323747472913 186.12822934269488 1064.110533572046 222.70228301966753 -1 -1 -1 -1 -1 -1 -1 -1 1 
109 7 Car -1.000000 -1 -1 1059.0831161968447 186.97014885076516 1168.5363156556684 224.99964399320163 -1 -1 -1 -1 -1 -1 -1 -1 1 
109 5 Car -1.000000 -1 -1 977.4933834690034 186.1477840769843 1064.336212628875 222.47229478858696 -1 -1 -1 -1 -1 -1 -1 -1 1 
110 7 Car -1.000000 -1 -1 1059.986982737461 186.86665919713545 1166.7496447042213 224.94602820300702 -1 -1 -1 -1 -1 -1 -1 -1 1 
110 5 Car -1.000000 -1 -1 979.5229257858684 186.10649496128468 1067.0175813628498 221.90252060083196 -1 -1 -1 -1 -1 -1 -1 -1 1 
111 7 Car -1.000000 -1 -1 1061.7824752443169 186.9704583796255 1165.967605548997 225.0209201558283 -1 -1 -1 -1 -1 -1 -1 -1 1 
111 5 Car -1.000000 -1 -1 988.0201836528547 185.59503586969268 1069.545013318818 220.63347096351313 -1 -1 -1 -1 -1 -1 -1 -1 1 
112 7 Car -1.000000 -1 -1 1061.167956227705 186.97628202494843 1163.782344082647 225.1085931086584 -1 -1 -1 -1 -1 -1 -1 -1 1 
112 5 Car -1.000000 -1 -1 999.6655408068679 185.81405073824897 1072.7093481226195 220.10211651421588 -1 -1 -1 -1 -1 -1 -1 -1 1 
113 7 Car -1.000000 -1 -1 1062.168548235328 186.83308126535553 1163.2863029154275 224.80233556957074 -1 -1 -1 -1 -1 -1 -1 -1 1 
113 5 Car -1.000000 -1 -1 1005.3929229013227 186.49371727435104 1072.4937450205841 220.43750812372562 -1 -1 -1 -1 -1 -1 -1 -1 1 
114 7 Car -1.000000 -1 -1 1061.7168747727417 186.65210974368838 1162.1719010599184 224.6714702925474 -1 -1 -1 -1 -1 -1 -1 -1 1 
114 5 Car -1.000000 -1 -1 1009.9105565312826 186.74982361662302 1071.748279960958 220.6807531723739 -1 -1 -1 -1 -1 -1 -1 -1 1 
115 7 Car -1.000000 -1 -1 1056.1649945011 186.8051253750191 1166.9499247314916 224.5465396212042 -1 -1 -1 -1 -1 -1 -1 -1 1 
116 7 Car -1.000000 -1 -1 1057.0027707073532 187.0155710340428 1164.116738886607 224.65247706064656 -1 -1 -1 -1 -1 -1 -1 -1 1 
117 7 Car -1.000000 -1 -1 1057.4910248095891 187.47545129734806 1161.6829154352774 225.0349568787238 -1 -1 -1 -1 -1 -1 -1 -1 1 
118 7 Car -1.000000 -1 -1 1063.7677366692096 187.82226296309142 1163.4168503544797 225.97376924377545 -1 -1 -1 -1 -1 -1 -1 -1 1 
119 7 Car -1.000000 -1 -1 1077.9368364050408 187.15515665224473 1165.98773124092 224.52813922007516 -1 -1 -1 -1 -1 -1 -1 -1 1 
131 10 Car -1.000000 -1 -1 1066.4234716744445 185.66447470351343 1159.2350942638418 225.4397888249463 -1 -1 -1 -1 -1 -1 -1 -1 1 
132 10 Car -1.000000 -1 -1 1071.302592959559 186.19168827572759 1164.690414622087 225.25314749784826 -1 -1 -1 -1 -1 -1 -1 -1 1 
133 10 Car -1.000000 -1 -1 1085.0466169085291 188.88345243444112 1164.2337617810497 224.65034559933096 -1 -1 -1 -1 -1 -1 -1 -1 1 
134 10 Car -1.000000 -1 -1 1110.6846669512263 188.63667313662086 1193.7838901737825 226.6823836788676 -1 -1 -1 -1 -1 -1 -1 -1 1 
135 10 Car -1.000000 -1 -1 1051.8980588651627 187.1662312274101 1185.1947141868816 226.45587719476714 -1 -1 -1 -1 -1 -1 -1 -1 1 
138 10 Car -1.000000 -1 -1 1044.8359527737157 186.47867169797482 1154.3936077426051 223.83067632295663 -1 -1 -1 -1 -1 -1 -1 -1 1 
139 10 Car -1.000000 -1 -1 1049.780062962875 186.6083902751526 1153.3464322008363 224.54624636860075 -1 -1 -1 -1 -1 -1 -1 -1 1 
140 10 Car -1.000000 -1 -1 1056.9094707056643 186.426647476354 1159.9230942179815 224.9533378056036 -1 -1 -1 -1 -1 -1 -1 -1 1 
141 11 Car -1.000000 -1 -1 974.6741741872577 185.44377300283114 1065.1402119545853 223.22040528782063 -1 -1 -1 -1 -1 -1 -1 -1 1 
141 10 Car -1.000000 -1 -1 1062.3599923701172 186.36067607069202 1166.4701147158403 225.49819595937095 -1 -1 -1 -1 -1 -1 -1 -1 1 
142 11 Car -1.000000 -1 -1 975.0373504108902 185.576774859895 1066.160076645354 223.24720119634458 -1 -1 -1 -1 -1 -1 -1 -1 1 
142 10 Car -1.000000 -1 -1 1062.296661010047 186.42470473227576 1166.2523533216936 225.97434254356938 -1 -1 -1 -1 -1 -1 -1 -1 1 
143 11 Car -1.000000 -1 -1 976.5939730438935 185.54075975220877 1067.1321450903765 222.94018899640685 -1 -1 -1 -1 -1 -1 -1 -1 1 
143 10 Car -1.000000 -1 -1 1061.2426109437715 186.66129784466295 1165.0968344656517 226.46632397448275 -1 -1 -1 -1 -1 -1 -1 -1 1 
144 11 Car -1.000000 -1 -1 976.5178848410055 185.67191972780086 1067.521091457113 223.12557412344722 -1 -1 -1 -1 -1 -1 -1 -1 1 
144 10 Car -1.000000 -1 -1 1060.9036417689601 186.7747460883795 1164.5677205526802 226.5725644239939 -1 -1 -1 -1 -1 -1 -1 -1 1 
145 11 Car -1.000000 -1 -1 978.0494637788626 185.75301334851588 1067.6772431416684 222.98916222023348 -1 -1 -1 -1 -1 -1 -1 -1 1 
145 10 Car -1.000000 -1 -1 1060.6159021367273 186.84878614448903 1164.109895399927 226.54642120538105 -1 -1 -1 -1 -1 -1 -1 -1 1 
146 11 Car -1.000000 -1 -1 978.5427026566229 185.8196860079344 1067.655487328083 222.82402389802505 -1 -1 -1 -1 -1 -1 -1 -1 1 
146 10 Car -1.000000 -1 -1 1060.6363688771994 186.89611772753753 1164.0255739317545 226.49290591094623 -1 -1 -1 -1 -1 -1 -1 -1 1 
147 11 Car -1.000000 -1 -1 976.6330143406752 185.96704365289088 1066.000924231802 222.8000049099897 -1 -1 -1 -1 -1 -1 -1 -1 1 
147 10 Car -1.000000 -1 -1 1060.8563847094429 186.91673590934943 1164.3221256271568 226.35496052148966 -1 -1 -1 -1 -1 -1 -1 -1 1 
148 11 Car -1.000000 -1 -1 959.3272535216593 185.99356957697924 1060.0575385403258 223.07184229906434 -1 -1 -1 -1 -1 -1 -1 -1 1 
148 10 Car -1.000000 -1 -1 1061.0701778102696 186.91275655381074 1164.4610989926016 226.23191211367012 -1 -1 -1 -1 -1 -1 -1 -1 1 
149 11 Car -1.000000 -1 -1 966.0316611580153 186.40090828782192 1065.060723494308 223.36091323702155 -1 -1 -1 -1 -1 -1 -1 -1 1 
149 10 Car -1.000000 -1 -1 1061.4781433760647 186.95887995906048 1164.539583588865 226.2075992044539 -1 -1 -1 -1 -1 -1 -1 -1 1 
150 11 Car -1.000000 -1 -1 974.1279381882913 186.68898357259053 1070.0486812014315 222.9686176675736 -1 -1 -1 -1 -1 -1 -1 -1 1 
150 10 Car -1.000000 -1 -1 1061.8305411443907 186.94947560403853 1164.051363947518 226.19868021535746 -1 -1 -1 -1 -1 -1 -1 -1 1 
151 11 Car -1.000000 -1 -1 980.0941152902165 187.0180017723337 1071.4535701386835 223.46002088122933 -1 -1 -1 -1 -1 -1 -1 -1 1 
151 10 Car -1.000000 -1 -1 1062.1948603397218 186.92560263796344 1163.663047677786 225.9238321690899 -1 -1 -1 -1 -1 -1 -1 -1 1 
152 13 Car -1.000000 -1 -1 1151.415389782442 186.82154721780057 1220.4846683928442 228.16982485429867 -1 -1 -1 -1 -1 -1 -1 -1 1 
152 11 Car -1.000000 -1 -1 995.1794555268904 187.09358319138798 1074.4818136772844 222.1554231562221 -1 -1 -1 -1 -1 -1 -1 -1 1 
152 10 Car -1.000000 -1 -1 1062.7418781445792 186.9964464470914 1163.0865357218288 225.82773505957806 -1 -1 -1 -1 -1 -1 -1 -1 1 
153 13 Car -1.000000 -1 -1 1151.105644426662 186.86720321888998 1220.7009471520855 227.96019317217514 -1 -1 -1 -1 -1 -1 -1 -1 1 
153 11 Car -1.000000 -1 -1 1001.5695631560893 186.9072006007391 1073.3758508470842 221.22522439662424 -1 -1 -1 -1 -1 -1 -1 -1 1 
153 10 Car -1.000000 -1 -1 1062.7359787768023 187.0047442406185 1162.195949078629 225.68456090316215 -1 -1 -1 -1 -1 -1 -1 -1 1 
154 13 Car -1.000000 -1 -1 1151.3099581312392 187.03182201634513 1220.8751856678216 228.0986910006975 -1 -1 -1 -1 -1 -1 -1 -1 1 
154 11 Car -1.000000 -1 -1 1009.164984078617 186.93983115878314 1072.9386574865828 220.11691014427618 -1 -1 -1 -1 -1 -1 -1 -1 1 
154 10 Car -1.000000 -1 -1 1062.6471456857587 187.0173999063757 1160.7871005138365 225.60896660278146 -1 -1 -1 -1 -1 -1 -1 -1 1 
155 13 Car -1.000000 -1 -1 1151.3230443728635 186.547256023292 1221.1543067626644 227.96620560971434 -1 -1 -1 -1 -1 -1 -1 -1 1 
155 11 Car -1.000000 -1 -1 1016.8171675919381 187.8694432776118 1073.0032126471572 219.78066183422587 -1 -1 -1 -1 -1 -1 -1 -1 1 
155 10 Car -1.000000 -1 -1 1060.5288406278414 187.27751385593635 1158.94867632574 225.6127702723413 -1 -1 -1 -1 -1 -1 -1 -1 1 
156 13 Car -1.000000 -1 -1 1151.2166587967097 186.0743027378296 1221.134749067888 227.77931751495368 -1 -1 -1 -1 -1 -1 -1 -1 1 
156 10 Car -1.000000 -1 -1 1061.1966477526094 187.43960038159946 1160.399050297378 225.93903517807013 -1 -1 -1 -1 -1 -1 -1 -1 1 
157 10 Car -1.000000 -1 -1 1065.5109409330605 187.36920028921463 1163.1406517169964 226.2205469506157 -1 -1 -1 -1 -1 -1 -1 -1 1 
158 10 Car -1.000000 -1 -1 1070.2181706415893 187.6342841194036 1163.1057225477168 226.79642135824062 -1 -1 -1 -1 -1 -1 -1 -1 1 
159 10 Car -1.000000 -1 -1 1095.9946479059859 188.039000797799 1185.8127715400897 227.63846264735176 -1 -1 -1 -1 -1 -1 -1 -1 1 
160 10 Car -1.000000 -1 -1 1110.3496765822022 187.96423632792866 1199.5739214996531 229.3031165699965 -1 -1 -1 -1 -1 -1 -1 -1 1 
168 10 Car -1.000000 -1 -1 1093.4476686633084 187.2219694629304 1207.383252999895 227.96028268572192 -1 -1 -1 -1 -1 -1 -1 -1 1 
174 10 Car -1.000000 -1 -1 1107.866281092542 186.59858079888195 1211.5331712947186 227.96231444035308 -1 -1 -1 -1 -1 -1 -1 -1 1 
175 10 Car -1.000000 -1 -1 1128.3750166198672 185.43756822422867 1224.2971975271046 226.6154020762049 -1 -1 -1 -1 -1 -1 -1 -1 1 
178 10 Car -1.000000 -1 -1 1097.803728972809 186.03968140371785 1220.0869496828614 225.9644201475706 -1 -1 -1 -1 -1 -1 -1 -1 1 
179 10 Car -1.000000 -1 -1 1070.1563421899948 186.50009555011687 1186.215895981414 227.14611263655794 -1 -1 -1 -1 -1 -1 -1 -1 1 
180 10 Car -1.000000 -1 -1 1069.5534991503962 186.91737455427858 1177.2474293591083 227.67079041050562 -1 -1 -1 -1 -1 -1 -1 -1 1 
186 10 Car -1.000000 -1 -1 1048.4008751513204 185.78203829275716 1174.094618690756 225.02684030697944 -1 -1 -1 -1 -1 -1 -1 -1 1 
187 10 Car -1.000000 -1 -1 1055.0312670580793 186.01146752194768 1172.4540227264129 225.18999765268399 -1 -1 -1 -1 -1 -1 -1 -1 1 
190 15 Car -1.000000 -1 -1 978.2867108984749 185.20431871354407 1067.084397650233 222.08683904291667 -1 -1 -1 -1 -1 -1 -1 -1 1 
191 15 Car -1.000000 -1 -1 978.6537039884527 185.41780354349444 1067.4395601206884 222.22244819436267 -1 -1 -1 -1 -1 -1 -1 -1 1 
191 10 Car -1.000000 -1 -1 1077.1560968546398 185.46660410963767 1192.665052247077 225.84333296689613 -1 -1 -1 -1 -1 -1 -1 -1 1 
192 15 Car -1.000000 -1 -1 976.876988406688 185.38971584165427 1065.3507743799119 222.0919488404234 -1 -1 -1 -1 -1 -1 -1 -1 1 
192 10 Car -1.000000 -1 -1 1064.057728365758 185.1333832994363 1185.2193081542814 225.0052116332959 -1 -1 -1 -1 -1 -1 -1 -1 1 
193 15 Car -1.000000 -1 -1 977.61897024893 185.42640359489604 1065.692755713798 222.29232052584132 -1 -1 -1 -1 -1 -1 -1 -1 1 
193 10 Car -1.000000 -1 -1 1057.686182414158 185.4568458549555 1173.961591237732 225.26467665014152 -1 -1 -1 -1 -1 -1 -1 -1 1 
194 15 Car -1.000000 -1 -1 978.1015444548906 185.52685764505793 1065.5132500084221 222.32291782406782 -1 -1 -1 -1 -1 -1 -1 -1 1 
194 10 Car -1.000000 -1 -1 1058.6082594763527 185.56393876803256 1170.9018643295688 224.81732467560138 -1 -1 -1 -1 -1 -1 -1 -1 1 
195 15 Car -1.000000 -1 -1 978.7413083725978 185.6080269262713 1065.747441847115 222.41935497895486 -1 -1 -1 -1 -1 -1 -1 -1 1 
195 10 Car -1.000000 -1 -1 1061.327525167023 186.00394273397532 1170.7240268312307 225.29093996598968 -1 -1 -1 -1 -1 -1 -1 -1 1 
196 15 Car -1.000000 -1 -1 977.8986046170544 185.61783952911387 1065.2377125261462 222.45596871530282 -1 -1 -1 -1 -1 -1 -1 -1 1 
196 10 Car -1.000000 -1 -1 1062.0693014497142 186.16541561029362 1169.2714180887842 225.3682737689578 -1 -1 -1 -1 -1 -1 -1 -1 1 
197 15 Car -1.000000 -1 -1 977.3100164601632 185.52573413521299 1065.0584443217779 222.44258198176726 -1 -1 -1 -1 -1 -1 -1 -1 1 
197 10 Car -1.000000 -1 -1 1061.3978562741106 186.14563548584786 1167.0251641720272 225.22274048070122 -1 -1 -1 -1 -1 -1 -1 -1 1 
198 15 Car -1.000000 -1 -1 976.7606492325724 185.37963498377744 1065.1000738811165 222.34687101742773 -1 -1 -1 -1 -1 -1 -1 -1 1 
198 10 Car -1.000000 -1 -1 1060.8566761257337 186.21547032924343 1165.6671511118059 225.28878447022208 -1 -1 -1 -1 -1 -1 -1 -1 1 
199 15 Car -1.000000 -1 -1 976.5686197306613 185.23339484813042 1065.090739210495 222.3015327502968 -1 -1 -1 -1 -1 -1 -1 -1 1 
199 10 Car -1.000000 -1 -1 1060.3371350231225 186.28062754950713 1164.6639811873872 225.2579908673033 -1 -1 -1 -1 -1 -1 -1 -1 1 
200 15 Car -1.000000 -1 -1 976.7502183713486 185.1968520059277 1065.2516042405764 222.30452834770782 -1 -1 -1 -1 -1 -1 -1 -1 1 
200 10 Car -1.000000 -1 -1 1060.298732973149 186.3447590331238 1164.216265120544 225.23018142231217 -1 -1 -1 -1 -1 -1 -1 -1 1 
201 15 Car -1.000000 -1 -1 977.2784424108069 185.22556465618666 1065.5769552109336 222.3466468757231 -1 -1 -1 -1 -1 -1 -1 -1 1 
201 10 Car -1.000000 -1 -1 1060.5330788428118 186.4069367048028 1163.967420049346 225.18307015404898 -1 -1 -1 -1 -1 -1 -1 -1 1 
202 15 Car -1.000000 -1 -1 977.8449980469018 185.21993318246234 1065.715861563252 222.36125296912593 -1 -1 -1 -1 -1 -1 -1 -1 1 
202 10 Car -1.000000 -1 -1 1060.7529682299141 186.4384380158513 1163.884011917513 225.200043267542 -1 -1 -1 -1 -1 -1 -1 -1 1 
203 15 Car -1.000000 -1 -1 978.2391500052394 185.15653035141315 1065.8195241123988 222.32518039732565 -1 -1 -1 -1 -1 -1 -1 -1 1 
203 10 Car -1.000000 -1 -1 1060.9794542652285 186.42522395307586 1163.7470495203365 225.11959064426074 -1 -1 -1 -1 -1 -1 -1 -1 1 
204 15 Car -1.000000 -1 -1 978.2800835527598 185.1583092114532 1065.7829742223178 222.31824001530245 -1 -1 -1 -1 -1 -1 -1 -1 1 
204 10 Car -1.000000 -1 -1 1061.0775808385724 186.42389168333625 1163.5938914256994 225.04832895255578 -1 -1 -1 -1 -1 -1 -1 -1 1 
205 15 Car -1.000000 -1 -1 978.4364576339314 185.12001950972325 1065.9512346167112 222.28782565195831 -1 -1 -1 -1 -1 -1 -1 -1 1 
205 10 Car -1.000000 -1 -1 1061.271538754214 186.40261950121618 1163.7370092219999 225.00319058676286 -1 -1 -1 -1 -1 -1 -1 -1 1 
206 15 Car -1.000000 -1 -1 978.3653563280874 185.13388972635315 1066.1086135963803 222.34935723795573 -1 -1 -1 -1 -1 -1 -1 -1 1 
206 10 Car -1.000000 -1 -1 1062.0567874711273 186.24553258993697 1164.1037712072998 224.93575672775424 -1 -1 -1 -1 -1 -1 -1 -1 1 
207 15 Car -1.000000 -1 -1 978.6794243302251 185.22803555652195 1066.3252106481898 222.4243915793311 -1 -1 -1 -1 -1 -1 -1 -1 1 
207 10 Car -1.000000 -1 -1 1064.2769264937278 186.0324627981712 1166.143991385139 224.5671739128423 -1 -1 -1 -1 -1 -1 -1 -1 1 
208 15 Car -1.000000 -1 -1 978.644769941929 185.30840850594942 1065.7466354605908 222.65133061104657 -1 -1 -1 -1 -1 -1 -1 -1 1 
208 10 Car -1.000000 -1 -1 1062.5449701241228 186.0409094528075 1164.2089816784915 224.70219959987344 -1 -1 -1 -1 -1 -1 -1 -1 1 
