0 1 Car -1.000000 -1 -1 -25.822680929532396 222.4569460772551 301.4743084517809 376.1755698300325 -1 -1 -1 -1 -1 -1 -1 -1 1 
1 1 Car -1.000000 -1 -1 -16.812801696833162 218.82173650421515 289.9789406387426 370.2396623932048 -1 -1 -1 -1 -1 -1 -1 -1 1 
2 1 Car -1.000000 -1 -1 -11.9330419156109 240.28332660478753 248.66547899029325 373.08437337731476 -1 -1 -1 -1 -1 -1 -1 -1 1 
3 1 Car -1.000000 -1 -1 -6.974591728243297 248.8507531798992 222.6454164222754 371.3134801868211 -1 -1 -1 -1 -1 -1 -1 -1 1 
4 1 Car -1.000000 -1 -1 -6.283367756301288 254.00453058539756 206.5347781242875 370.5580819153637 -1 -1 -1 -1 -1 -1 -1 -1 1 
5 1 Car -1.000000 -1 -1 -6.612488959056407 259.05131477498844 175.28814721313836 366.2998497101181 -1 -1 -1 -1 -1 -1 -1 -1 1 
10 2 Car -1.000000 -1 -1 1026.1933402339478 159.67625882184313 1215.7881109915115 237.7767766092823 -1 -1 -1 -1 -1 -1 -1 -1 1 
11 2 Car -1.000000 -1 -1 1040.5593729911043 159.68548049818878 1221.8609193325833 237.19136001089413 -1 -1 -1 -1 -1 -1 -1 -1 1 
12 2 Car -1.000000 -1 -1 1050.5011336462971 159.12908097076354 1227.2211567995382 236.1890498237936 -1 -1 -1 -1 -1 -1 -1 -1 1 
13 2 Car -1.000000 -1 -1 1062.7873605445877 157.89916682580616 1236.9958137449464 235.83345196687316 -1 -1 -1 -1 -1 -1 -1 -1 1 
14 2 Car -1.000000 -1 -1 1069.2199969719547 157.31817932246295 1240.1223961960925 236.4400004871629 -1 -1 -1 -1 -1 -1 -1 -1 1 
44 7 Car -1.000000 -1 -1 609.3458673181383 168.88694660387395 653.1897601916185 197.39066682403822 -1 -1 -1 -1 -1 -1 -1 -1 1 
47 8 Car -1.000000 -1 -1 803.2135007439659 30.911863507158813 1226.580138461717 352.8428225689647 -1 -1 -1 -1 -1 -1 -1 -1 1 
48 8 Car -1.000000 -1 -1 814.7846183378473 27.24079459482553 1223.2456553534566 359.9780630742641 -1 -1 -1 -1 -1 -1 -1 -1 1 
49 8 Car -1.000000 -1 -1 826.6341031102822 27.8665998269654 1219.3510052728566 358.24222701304757 -1 -1 -1 -1 -1 -1 -1 -1 1 
50 10 Car -1.000000 -1 -1 594.4140803026778 169.86438928128106 647.2778047644663 210.16728417377826 -1 -1 -1 -1 -1 -1 -1 -1 1 
51 10 Car -1.000000 -1 -1 588.6222466703455 177.425581905299 640.5382001846567 214.4299779699287 -1 -1 -1 -1 -1 -1 -1 -1 1 
52 11 Car -1.000000 -1 -1 665.1865778597287 138.10501936950328 738.948409498865 209.96724962790216 -1 -1 -1 -1 -1 -1 -1 -1 1 
52 10 Car -1.000000 -1 -1 581.6504718546223 178.29733779961316 634.3354419595762 215.46838358065838 -1 -1 -1 -1 -1 -1 -1 -1 1 
53 11 Car -1.000000 -1 -1 660.7337298517626 130.9721493509633 734.6759691779556 206.55961138862855 -1 -1 -1 -1 -1 -1 -1 -1 1 
53 10 Car -1.000000 -1 -1 575.4589328394512 178.40744801262855 630.275581795565 216.54790884276605 -1 -1 -1 -1 -1 -1 -1 -1 1 
54 11 Car -1.000000 -1 -1 657.8881940928202 141.29495221161227 728.1872651214358 211.22965301934033 -1 -1 -1 -1 -1 -1 -1 -1 1 
54 10 Car -1.000000 -1 -1 568.5109572789646 177.35349315698454 625.9160402477149 217.62335477908374 -1 -1 -1 -1 -1 -1 -1 -1 1 
55 11 Car -1.000000 -1 -1 653.9539302261373 134.06255815424817 726.1031385610547 207.10682017272842 -1 -1 -1 -1 -1 -1 -1 -1 1 
55 10 Car -1.000000 -1 -1 560.9528007888593 174.6031032099652 622.8299087534515 219.04100714823787 -1 -1 -1 -1 -1 -1 -1 -1 1 
56 11 Car -1.000000 -1 -1 650.8718360991169 130.98103636707904 723.3026793847595 206.35894429501892 -1 -1 -1 -1 -1 -1 -1 -1 1 
56 10 Car -1.000000 -1 -1 554.8735260741531 174.5048736942805 618.4206638031727 221.24011225712513 -1 -1 -1 -1 -1 -1 -1 -1 1 
57 11 Car -1.000000 -1 -1 647.6919388839823 138.2541810912737 715.7342735232725 211.97484449263587 -1 -1 -1 -1 -1 -1 -1 -1 1 
57 10 Car -1.000000 -1 -1 550.7885463209952 177.37970002485068 617.5846878152095 225.21290323717014 -1 -1 -1 -1 -1 -1 -1 -1 1 
58 11 Car -1.000000 -1 -1 646.9857808805224 141.78236803257516 712.0575260693319 214.46601599084215 -1 -1 -1 -1 -1 -1 -1 -1 1 
58 10 Car -1.000000 -1 -1 542.2072734509808 177.97949083122734 612.7522806122978 227.77781942184328 -1 -1 -1 -1 -1 -1 -1 -1 1 
59 11 Car -1.000000 -1 -1 644.8393692406032 130.54114683539086 712.5566417713383 210.56924027345656 -1 -1 -1 -1 -1 -1 -1 -1 1 
59 10 Car -1.000000 -1 -1 532.319937523998 177.82415428774272 605.6209809438968 229.86014212674945 -1 -1 -1 -1 -1 -1 -1 -1 1 
60 11 Car -1.000000 -1 -1 641.8831495042725 126.35780228261038 713.3235511500584 209.54861157565526 -1 -1 -1 -1 -1 -1 -1 -1 1 
60 10 Car -1.000000 -1 -1 523.2290970404274 178.7020475233946 599.4784542995742 232.49073308265574 -1 -1 -1 -1 -1 -1 -1 -1 1 
61 11 Car -1.000000 -1 -1 639.3484783775666 123.89964853457913 712.3640395472792 209.26902906556876 -1 -1 -1 -1 -1 -1 -1 -1 1 
61 10 Car -1.000000 -1 -1 513.6921469332933 178.51048134557252 593.6512301922462 235.88318710880034 -1 -1 -1 -1 -1 -1 -1 -1 1 
62 10 Car -1.000000 -1 -1 506.3407478024008 178.72579044494145 588.5107241752468 239.74234199256412 -1 -1 -1 -1 -1 -1 -1 -1 1 
63 10 Car -1.000000 -1 -1 499.5289712978101 179.06665995373413 584.6881565259068 243.11725137728314 -1 -1 -1 -1 -1 -1 -1 -1 1 
64 10 Car -1.000000 -1 -1 489.54860631707555 183.45031524168002 581.2760376430447 249.98955806631227 -1 -1 -1 -1 -1 -1 -1 -1 1 
65 10 Car -1.000000 -1 -1 479.2568087118617 184.64346132315134 579.1268799577798 256.6048046193981 -1 -1 -1 -1 -1 -1 -1 -1 1 
66 10 Car -1.000000 -1 -1 470.78225409665106 183.68028937526097 579.6644768029375 262.5017126578215 -1 -1 -1 -1 -1 -1 -1 -1 1 
67 10 Car -1.000000 -1 -1 458.6015649358111 190.13169945505524 573.4966642577277 272.50080751295303 -1 -1 -1 -1 -1 -1 -1 -1 1 
68 10 Car -1.000000 -1 -1 436.52235943209973 189.51225544138077 562.7313399618661 277.8644197892706 -1 -1 -1 -1 -1 -1 -1 -1 1 
69 10 Car -1.000000 -1 -1 419.1856557452608 199.12326053769868 553.5017458827213 289.9737351733905 -1 -1 -1 -1 -1 -1 -1 -1 1 
70 10 Car -1.000000 -1 -1 397.8965851938668 199.35286976382062 545.5456914022175 297.6461163844159 -1 -1 -1 -1 -1 -1 -1 -1 1 
71 10 Car -1.000000 -1 -1 375.5445135544999 197.98126049016682 540.9570003146033 308.08136136222083 -1 -1 -1 -1 -1 -1 -1 -1 1 
72 10 Car -1.000000 -1 -1 345.4023878238563 199.73214983028345 533.9698287983825 326.2644658457318 -1 -1 -1 -1 -1 -1 -1 -1 1 
73 10 Car -1.000000 -1 -1 310.6466091127473 205.56320239646612 516.4701744032748 343.99988126010845 -1 -1 -1 -1 -1 -1 -1 -1 1 
74 10 Car -1.000000 -1 -1 277.7736124294033 204.20587326226018 507.7738182214404 357.72501900299574 -1 -1 -1 -1 -1 -1 -1 -1 1 
75 10 Car -1.000000 -1 -1 235.1147203638504 208.4071258799181 492.0286266079046 368.854543727301 -1 -1 -1 -1 -1 -1 -1 -1 1 
76 10 Car -1.000000 -1 -1 184.77494106371628 200.59257250282113 479.29921106829875 372.40334989443716 -1 -1 -1 -1 -1 -1 -1 -1 1 
77 10 Car -1.000000 -1 -1 114.96200962007066 205.1072935078721 458.07695351865135 377.34889870707264 -1 -1 -1 -1 -1 -1 -1 -1 1 
78 10 Car -1.000000 -1 -1 63.344250489311804 197.06711997023547 447.80484128040393 376.9912964405336 -1 -1 -1 -1 -1 -1 -1 -1 1 
79 10 Car -1.000000 -1 -1 37.211896226971106 193.66153661868233 451.99738519943685 377.4955734314369 -1 -1 -1 -1 -1 -1 -1 -1 1 
80 10 Car -1.000000 -1 -1 11.57680287669956 200.26999773067507 443.65615146331265 379.36549301996456 -1 -1 -1 -1 -1 -1 -1 -1 1 
81 10 Car -1.000000 -1 -1 -5.556402056158646 203.0984766721104 438.04270325812865 381.4914589670587 -1 -1 -1 -1 -1 -1 -1 -1 1 
82 10 Car -1.000000 -1 -1 -8.655521712596794 207.64328808785476 436.19064139831784 382.2897911354826 -1 -1 -1 -1 -1 -1 -1 -1 1 
83 10 Car -1.000000 -1 -1 -5.528539267901948 210.81047955158664 428.34776103315835 382.70420782371826 -1 -1 -1 -1 -1 -1 -1 -1 1 
84 10 Car -1.000000 -1 -1 -10.461328541062898 214.80556847436407 414.1640443604424 382.99584524394476 -1 -1 -1 -1 -1 -1 -1 -1 1 
85 10 Car -1.000000 -1 -1 -25.69343081510678 220.19371610586194 384.5835776644435 383.1156560176682 -1 -1 -1 -1 -1 -1 -1 -1 1 
86 10 Car -1.000000 -1 -1 -34.304670863790136 230.20299848379344 356.90370794948586 384.36696332337374 -1 -1 -1 -1 -1 -1 -1 -1 1 
111 16 Car -1.000000 -1 -1 697.7008538202687 1.6074222141957932 854.0963121683848 299.7747796586451 -1 -1 -1 -1 -1 -1 -1 -1 1 
112 16 Car -1.000000 -1 -1 703.681405934777 49.121812030273645 864.5528606137431 294.8957314945867 -1 -1 -1 -1 -1 -1 -1 -1 1 
113 16 Car -1.000000 -1 -1 714.4248437197332 71.29495957585682 871.3122030888528 286.015596943232 -1 -1 -1 -1 -1 -1 -1 -1 1 
114 16 Car -1.000000 -1 -1 730.3187868322123 78.87362023449394 889.6140010848337 284.85052763030694 -1 -1 -1 -1 -1 -1 -1 -1 1 
115 16 Car -1.000000 -1 -1 731.9605975364188 73.68389671300098 903.6218095529 287.6560155009598 -1 -1 -1 -1 -1 -1 -1 -1 1 
116 16 Car -1.000000 -1 -1 726.2871851543132 56.631797812545486 919.0488157343016 281.7745267347842 -1 -1 -1 -1 -1 -1 -1 -1 1 
117 16 Car -1.000000 -1 -1 721.099796600645 40.77745231094781 935.0557238325839 281.61461225965985 -1 -1 -1 -1 -1 -1 -1 -1 1 
118 16 Car -1.000000 -1 -1 725.4905833009508 33.61364493618301 950.6637637380292 284.526222946667 -1 -1 -1 -1 -1 -1 -1 -1 1 
119 16 Car -1.000000 -1 -1 725.2134398575722 29.684946794321633 963.4877292699721 290.2512932212684 -1 -1 -1 -1 -1 -1 -1 -1 1 
120 16 Car -1.000000 -1 -1 733.4741925266197 42.743165206924886 993.7697685315526 302.7122858318331 -1 -1 -1 -1 -1 -1 -1 -1 1 
121 16 Car -1.000000 -1 -1 735.7668970029004 46.10255734216264 1016.1064898632239 307.91173949528775 -1 -1 -1 -1 -1 -1 -1 -1 1 
122 16 Car -1.000000 -1 -1 738.0692863602694 43.97948026415102 1038.5596221879466 314.77857594351065 -1 -1 -1 -1 -1 -1 -1 -1 1 
123 16 Car -1.000000 -1 -1 747.6846506532687 40.40298154293032 1073.8808525983593 324.0466058475326 -1 -1 -1 -1 -1 -1 -1 -1 1 
124 16 Car -1.000000 -1 -1 754.1372013268551 38.14480038745464 1101.6654860384147 332.9273767007103 -1 -1 -1 -1 -1 -1 -1 -1 1 
125 16 Car -1.000000 -1 -1 754.2124077043443 32.761569405884785 1127.3623897509524 339.5829885983675 -1 -1 -1 -1 -1 -1 -1 -1 1 
126 16 Car -1.000000 -1 -1 744.6323943058277 28.8236184186417 1149.6894952094885 346.31729878391695 -1 -1 -1 -1 -1 -1 -1 -1 1 
127 16 Car -1.000000 -1 -1 754.7469962023692 25.761696832187397 1192.8658429613834 352.0004709177283 -1 -1 -1 -1 -1 -1 -1 -1 1 
128 16 Car -1.000000 -1 -1 760.5738632426684 22.879540865066105 1219.0468136464774 358.020687021267 -1 -1 -1 -1 -1 -1 -1 -1 1 
129 16 Car -1.000000 -1 -1 756.79669883274 22.134598048493956 1221.0517191559265 362.41568416312504 -1 -1 -1 -1 -1 -1 -1 -1 1 
130 16 Car -1.000000 -1 -1 756.1881009023841 21.022493975599275 1218.3309688783058 367.29685333255634 -1 -1 -1 -1 -1 -1 -1 -1 1 
131 16 Car -1.000000 -1 -1 757.366051185755 16.49460425125082 1215.1531790452013 371.9626920998518 -1 -1 -1 -1 -1 -1 -1 -1 1 
137 16 Car -1.000000 -1 -1 763.5947608509061 8.362533540679664 1215.5591221845393 377.27242682150404 -1 -1 -1 -1 -1 -1 -1 -1 1 
138 16 Car -1.000000 -1 -1 761.5597159638094 5.710459692095327 1210.2885611249344 379.29026705294325 -1 -1 -1 -1 -1 -1 -1 -1 1 
139 16 Car -1.000000 -1 -1 772.1663810769471 7.74465514143219 1214.8192828072906 377.65403948257324 -1 -1 -1 -1 -1 -1 -1 -1 1 
140 16 Car -1.000000 -1 -1 771.5500124919635 8.802084400738892 1220.7607794908286 379.4090968410852 -1 -1 -1 -1 -1 -1 -1 -1 1 
141 16 Car -1.000000 -1 -1 746.8202144607874 9.971686982711105 1219.9049353050455 375.6103306406781 -1 -1 -1 -1 -1 -1 -1 -1 1 
142 16 Car -1.000000 -1 -1 764.3026340452542 24.513664868239175 1242.526199872913 383.9248838731264 -1 -1 -1 -1 -1 -1 -1 -1 1 
143 16 Car -1.000000 -1 -1 767.428118429404 19.24536914808658 1239.6251002693484 373.78714647620967 -1 -1 -1 -1 -1 -1 -1 -1 1 
144 16 Car -1.000000 -1 -1 859.6044310825905 19.765356138864405 1282.3949404135788 361.2263668322512 -1 -1 -1 -1 -1 -1 -1 -1 1 
189 17 Car -1.000000 -1 -1 516.6372008233276 177.84737064222114 552.6784503273542 199.43914672727166 -1 -1 -1 -1 -1 -1 -1 -1 1 
190 17 Car -1.000000 -1 -1 516.4707468450644 178.10976401288934 552.7236485746374 199.7393707908181 -1 -1 -1 -1 -1 -1 -1 -1 1 
191 17 Car -1.000000 -1 -1 517.1219981966633 178.00861880173613 553.1169827492595 199.64257918020962 -1 -1 -1 -1 -1 -1 -1 -1 1 
192 17 Car -1.000000 -1 -1 516.8334892096756 178.29057394081707 552.9553732936166 199.88960214257526 -1 -1 -1 -1 -1 -1 -1 -1 1 
193 17 Car -1.000000 -1 -1 516.2173847783548 178.4220186020945 552.3676726623886 199.8139924072151 -1 -1 -1 -1 -1 -1 -1 -1 1 
194 17 Car -1.000000 -1 -1 516.573447573329 177.97631782600143 552.2308888397021 199.08688303749034 -1 -1 -1 -1 -1 -1 -1 -1 1 
195 17 Car -1.000000 -1 -1 517.3955429835345 175.4874056037424 552.7344247246241 197.11147616037044 -1 -1 -1 -1 -1 -1 -1 -1 1 
196 17 Car -1.000000 -1 -1 518.3345693922643 174.30507522444057 553.5733020578348 196.07316905763386 -1 -1 -1 -1 -1 -1 -1 -1 1 
197 17 Car -1.000000 -1 -1 520.0116217814391 173.4473910168631 554.3302746335876 195.45414697973905 -1 -1 -1 -1 -1 -1 -1 -1 1 
201 17 Car -1.000000 -1 -1 530.7866725226442 171.92890897457434 566.3086935730586 193.99988729812097 -1 -1 -1 -1 -1 -1 -1 -1 1 
202 17 Car -1.000000 -1 -1 535.0721638459756 170.73248398889862 571.3978257249753 192.77675726027664 -1 -1 -1 -1 -1 -1 -1 -1 1 
203 17 Car -1.000000 -1 -1 537.8849559927685 170.19119888862417 573.8393664236078 192.11683370206237 -1 -1 -1 -1 -1 -1 -1 -1 1 
204 17 Car -1.000000 -1 -1 540.4878105656398 170.0807479914975 575.8914699931647 191.96831194599156 -1 -1 -1 -1 -1 -1 -1 -1 1 
205 17 Car -1.000000 -1 -1 542.3013900259787 170.26005395410056 577.4563964946794 191.97084509185044 -1 -1 -1 -1 -1 -1 -1 -1 1 
206 17 Car -1.000000 -1 -1 545.8236467134668 170.9936864998641 580.9950299531565 192.64350989702143 -1 -1 -1 -1 -1 -1 -1 -1 1 
207 17 Car -1.000000 -1 -1 549.2012986841125 171.50815112006092 583.3048591789877 193.2685111157171 -1 -1 -1 -1 -1 -1 -1 -1 1 
208 17 Car -1.000000 -1 -1 551.2461386375094 171.62499944530208 584.6929036493059 193.49443446704925 -1 -1 -1 -1 -1 -1 -1 -1 1 
209 17 Car -1.000000 -1 -1 552.6370087557634 171.58982776657584 584.8657089274152 193.545673225446 -1 -1 -1 -1 -1 -1 -1 -1 1 
210 17 Car -1.000000 -1 -1 552.9560198125088 171.52467656603864 584.7038991121279 193.46506485252826 -1 -1 -1 -1 -1 -1 -1 -1 1 
211 17 Car -1.000000 -1 -1 553.2096353945858 171.20312811179122 584.4880076778309 193.17046699500253 -1 -1 -1 -1 -1 -1 -1 -1 1 
212 17 Car -1.000000 -1 -1 553.8527438928469 170.99953735087036 584.3981403621132 192.99245602022637 -1 -1 -1 -1 -1 -1 -1 -1 1 
213 17 Car -1.000000 -1 -1 554.0143595805785 170.92281193630114 584.0211966086194 193.05180340055884 -1 -1 -1 -1 -1 -1 -1 -1 1 
214 17 Car -1.000000 -1 -1 554.2796438213575 170.56015977247256 584.562784969316 192.86279370961842 -1 -1 -1 -1 -1 -1 -1 -1 1 
215 17 Car -1.000000 -1 -1 554.3121603880633 170.23354820243406 584.7440573241255 192.97163323640194 -1 -1 -1 -1 -1 -1 -1 -1 1 
216 17 Car -1.000000 -1 -1 557.7761521746941 169.38490273502097 591.3107138389098 192.56824811228833 -1 -1 -1 -1 -1 -1 -1 -1 1 
217 17 Car -1.000000 -1 -1 558.780869636015 169.17287368859763 593.3782315130888 192.54231060352174 -1 -1 -1 -1 -1 -1 -1 -1 1 
218 17 Car -1.000000 -1 -1 560.4945512525536 168.9875263473371 595.1329326320155 192.65249855145368 -1 -1 -1 -1 -1 -1 -1 -1 1 
219 17 Car -1.000000 -1 -1 561.3789938520347 169.33288841123002 595.7610997261563 193.00348497171026 -1 -1 -1 -1 -1 -1 -1 -1 1 
220 17 Car -1.000000 -1 -1 563.0001534707803 169.49385829306001 596.9266534305743 193.24178426536545 -1 -1 -1 -1 -1 -1 -1 -1 1 
221 17 Car -1.000000 -1 -1 563.5811922671695 169.28592071489314 597.4302291576354 193.2782487737372 -1 -1 -1 -1 -1 -1 -1 -1 1 
222 17 Car -1.000000 -1 -1 564.0134795566589 169.26090945095143 598.0191393355542 193.46935907196183 -1 -1 -1 -1 -1 -1 -1 -1 1 
223 17 Car -1.000000 -1 -1 564.7319786372822 169.53394750381054 599.2770282038679 193.57031397201095 -1 -1 -1 -1 -1 -1 -1 -1 1 
224 17 Car -1.000000 -1 -1 564.9439260763576 170.34961130336725 600.3602852416828 194.1963236571481 -1 -1 -1 -1 -1 -1 -1 -1 1 
225 17 Car -1.000000 -1 -1 566.0165650208841 170.45525780669647 602.4374906926672 194.64927670973492 -1 -1 -1 -1 -1 -1 -1 -1 1 
226 17 Car -1.000000 -1 -1 566.0598974852392 170.53512267146638 602.7808026567684 195.0740448128145 -1 -1 -1 -1 -1 -1 -1 -1 1 
227 17 Car -1.000000 -1 -1 565.6537134789463 170.47701948187634 602.8025132215456 195.2019051550864 -1 -1 -1 -1 -1 -1 -1 -1 1 
228 17 Car -1.000000 -1 -1 564.9737897887268 170.72762819616923 602.4523225678005 195.3025689114907 -1 -1 -1 -1 -1 -1 -1 -1 1 
229 17 Car -1.000000 -1 -1 564.1082152343793 170.2706714695129 601.4269008051181 195.20667765327394 -1 -1 -1 -1 -1 -1 -1 -1 1 
230 17 Car -1.000000 -1 -1 563.808670740911 169.63630360701717 602.0515659932211 194.7743095655552 -1 -1 -1 -1 -1 -1 -1 -1 1 
231 17 Car -1.000000 -1 -1 562.4595900608082 169.6790778529979 600.7318724023734 195.00151376766044 -1 -1 -1 -1 -1 -1 -1 -1 1 
232 17 Car -1.000000 -1 -1 560.2803768771072 170.38113382395363 598.9773379928941 195.7034784599299 -1 -1 -1 -1 -1 -1 -1 -1 1 
233 17 Car -1.000000 -1 -1 557.9785469031265 170.8707165120475 596.6257457654872 196.14036572688744 -1 -1 -1 -1 -1 -1 -1 -1 1 
234 17 Car -1.000000 -1 -1 553.139505143672 171.51508245819514 590.8458913071998 197.24098452189736 -1 -1 -1 -1 -1 -1 -1 -1 1 
235 17 Car -1.000000 -1 -1 549.7498466367359 172.23019028971223 586.6067516289969 198.12351650366637 -1 -1 -1 -1 -1 -1 -1 -1 1 
236 17 Car -1.000000 -1 -1 546.7744703336574 174.09418695695697 584.512102751817 200.31878604953678 -1 -1 -1 -1 -1 -1 -1 -1 1 
237 17 Car -1.000000 -1 -1 543.127384536324 175.0166891057956 582.039843495752 201.6787183151834 -1 -1 -1 -1 -1 -1 -1 -1 1 
238 17 Car -1.000000 -1 -1 540.3638629337529 175.89373697344732 579.0682809711327 202.82424435411124 -1 -1 -1 -1 -1 -1 -1 -1 1 
239 17 Car -1.000000 -1 -1 538.2858781459049 177.62134348740014 577.1124062677643 204.5456533050619 -1 -1 -1 -1 -1 -1 -1 -1 1 
240 17 Car -1.000000 -1 -1 536.5503150219964 178.59792828195557 575.6064151719914 205.4736851600551 -1 -1 -1 -1 -1 -1 -1 -1 1 
241 17 Car -1.000000 -1 -1 535.875383531911 178.4674744228667 574.8983080287574 206.18330839792344 -1 -1 -1 -1 -1 -1 -1 -1 1 
242 17 Car -1.000000 -1 -1 535.9539882781737 178.5726166999445 574.4888821904713 206.79722890635958 -1 -1 -1 -1 -1 -1 -1 -1 1 
243 17 Car -1.000000 -1 -1 535.9897636700605 180.73203091971487 574.5347385328057 209.22708485630852 -1 -1 -1 -1 -1 -1 -1 -1 1 
244 17 Car -1.000000 -1 -1 537.207271358136 181.68060720585112 576.3735224571208 210.38212923509695 -1 -1 -1 -1 -1 -1 -1 -1 1 
245 17 Car -1.000000 -1 -1 537.3942124627973 181.5380358305527 577.3432956834791 210.38735782138457 -1 -1 -1 -1 -1 -1 -1 -1 1 
246 17 Car -1.000000 -1 -1 539.0121076728893 179.55438993646808 578.9138242414605 208.89052573552837 -1 -1 -1 -1 -1 -1 -1 -1 1 
247 17 Car -1.000000 -1 -1 540.0030422109321 180.46701354341195 580.7176764667186 210.02174800264635 -1 -1 -1 -1 -1 -1 -1 -1 1 
248 17 Car -1.000000 -1 -1 542.7257696167352 181.24842114392186 583.4394758126438 210.671131054404 -1 -1 -1 -1 -1 -1 -1 -1 1 
249 17 Car -1.000000 -1 -1 545.5309541775455 181.61699358904727 587.2419840298637 211.25060387711184 -1 -1 -1 -1 -1 -1 -1 -1 1 
250 17 Car -1.000000 -1 -1 552.3627309594078 182.0032968071645 594.2179207075633 211.34351211324852 -1 -1 -1 -1 -1 -1 -1 -1 1 
251 17 Car -1.000000 -1 -1 556.621779321201 182.04481045774034 598.2045286163544 211.48356346529837 -1 -1 -1 -1 -1 -1 -1 -1 1 
252 17 Car -1.000000 -1 -1 560.0089184549377 182.25609490010027 601.8225011305099 211.98153030086507 -1 -1 -1 -1 -1 -1 -1 -1 1 
253 17 Car -1.000000 -1 -1 561.8635268445327 182.25154212114228 603.8219212388027 212.2691131129228 -1 -1 -1 -1 -1 -1 -1 -1 1 
254 17 Car -1.000000 -1 -1 562.8106728096462 181.76922828687367 604.8636661467975 212.00150343374798 -1 -1 -1 -1 -1 -1 -1 -1 1 
255 17 Car -1.000000 -1 -1 563.3745375633517 181.83251438113496 605.9773072338941 212.1037533553748 -1 -1 -1 -1 -1 -1 -1 -1 1 
256 17 Car -1.000000 -1 -1 562.8568351722847 181.65312153390065 605.7870439054425 212.63086396638514 -1 -1 -1 -1 -1 -1 -1 -1 1 
257 17 Car -1.000000 -1 -1 562.9151108161876 181.9660345770837 605.4233536164539 213.23163470239462 -1 -1 -1 -1 -1 -1 -1 -1 1 
258 17 Car -1.000000 -1 -1 562.4145145783135 181.2277997153031 605.5109992110173 212.63455164189935 -1 -1 -1 -1 -1 -1 -1 -1 1 
259 17 Car -1.000000 -1 -1 561.7596414381034 180.50591471039115 605.3795589561222 212.13617909904218 -1 -1 -1 -1 -1 -1 -1 -1 1 
260 17 Car -1.000000 -1 -1 561.4987584731655 180.3495883308578 605.5351743192657 211.94049458915768 -1 -1 -1 -1 -1 -1 -1 -1 1 
261 17 Car -1.000000 -1 -1 560.8962398352114 180.85879974511857 604.5078899680989 212.0594924256747 -1 -1 -1 -1 -1 -1 -1 -1 1 
262 17 Car -1.000000 -1 -1 559.6500454661555 180.4851025542823 603.7103639445938 212.29252597403828 -1 -1 -1 -1 -1 -1 -1 -1 1 
263 17 Car -1.000000 -1 -1 558.5639977223774 179.87467387784864 602.4757529306056 212.03247102084254 -1 -1 -1 -1 -1 -1 -1 -1 1 
264 17 Car -1.000000 -1 -1 558.5465222052625 178.20523500248171 602.4619394380753 210.18272258882374 -1 -1 -1 -1 -1 -1 -1 -1 1 
265 17 Car -1.000000 -1 -1 556.7898168938026 177.03338668115302 600.6385762205108 209.2930832892529 -1 -1 -1 -1 -1 -1 -1 -1 1 
266 17 Car -1.000000 -1 -1 555.1286259036588 176.66395547825482 599.0135018205074 209.05088325982058 -1 -1 -1 -1 -1 -1 -1 -1 1 
267 17 Car -1.000000 -1 -1 554.2933811009102 177.89482568403378 598.6921505888702 210.97689992199133 -1 -1 -1 -1 -1 -1 -1 -1 1 
268 17 Car -1.000000 -1 -1 554.2353880239494 179.10503663405245 598.3795866106738 212.17591094857198 -1 -1 -1 -1 -1 -1 -1 -1 1 
269 17 Car -1.000000 -1 -1 553.7599235567791 180.18846810273436 598.4681191717027 214.07074755607636 -1 -1 -1 -1 -1 -1 -1 -1 1 
270 17 Car -1.000000 -1 -1 552.5356117205431 181.6967661275744 597.9107491098853 215.55065927916525 -1 -1 -1 -1 -1 -1 -1 -1 1 
271 17 Car -1.000000 -1 -1 552.3459939488749 181.80988070211106 597.5675529689437 215.8814797197665 -1 -1 -1 -1 -1 -1 -1 -1 1 
272 17 Car -1.000000 -1 -1 551.3258651029087 182.71457577538382 597.2348153036594 216.7483580684874 -1 -1 -1 -1 -1 -1 -1 -1 1 
273 17 Car -1.000000 -1 -1 550.8736867611645 185.01838218822638 597.8088147398258 219.395625044268 -1 -1 -1 -1 -1 -1 -1 -1 1 
274 17 Car -1.000000 -1 -1 550.6153714160358 186.1681713387266 598.1134023712892 220.64118301606982 -1 -1 -1 -1 -1 -1 -1 -1 1 
275 17 Car -1.000000 -1 -1 547.1948435186545 186.71395564307298 594.3100092122323 221.36221427583584 -1 -1 -1 -1 -1 -1 -1 -1 1 
276 17 Car -1.000000 -1 -1 545.6531112339914 186.94425737287438 592.651132506683 221.81073244632373 -1 -1 -1 -1 -1 -1 -1 -1 1 
277 17 Car -1.000000 -1 -1 545.1069783590377 186.96698940505695 592.0006016516694 221.8513589472068 -1 -1 -1 -1 -1 -1 -1 -1 1 
278 17 Car -1.000000 -1 -1 544.9322142676322 186.79277757102324 592.7474993579794 221.84007176904424 -1 -1 -1 -1 -1 -1 -1 -1 1 
279 17 Car -1.000000 -1 -1 544.8122366432957 183.41214222317433 592.3358134917984 218.89854686309206 -1 -1 -1 -1 -1 -1 -1 -1 1 
280 17 Car -1.000000 -1 -1 544.4352662745838 180.5521875988577 592.7030447657647 217.09108245339996 -1 -1 -1 -1 -1 -1 -1 -1 1 
281 17 Car -1.000000 -1 -1 544.0623169227839 179.5165696640035 592.5131731058704 215.10845473732041 -1 -1 -1 -1 -1 -1 -1 -1 1 
282 17 Car -1.000000 -1 -1 544.4070536316298 174.32752421559292 592.9080824080016 210.65153958350817 -1 -1 -1 -1 -1 -1 -1 -1 1 
283 17 Car -1.000000 -1 -1 543.4379765991642 172.56325161374042 592.4757716720952 208.15754372854218 -1 -1 -1 -1 -1 -1 -1 -1 1 
284 17 Car -1.000000 -1 -1 542.3142273199558 168.96029389592468 591.9126662536694 204.71928328496563 -1 -1 -1 -1 -1 -1 -1 -1 1 
285 17 Car -1.000000 -1 -1 542.0357027363634 166.78557623684247 591.197092327044 203.15017997955266 -1 -1 -1 -1 -1 -1 -1 -1 1 
286 17 Car -1.000000 -1 -1 540.6078704233838 164.95202056917628 591.0690869299923 202.0194564764028 -1 -1 -1 -1 -1 -1 -1 -1 1 
287 17 Car -1.000000 -1 -1 539.3102514210862 163.67836649776163 590.6315291182932 201.21717607633005 -1 -1 -1 -1 -1 -1 -1 -1 1 
288 17 Car -1.000000 -1 -1 537.3750543941679 162.65525264209148 589.0962300163652 200.835329901577 -1 -1 -1 -1 -1 -1 -1 -1 1 
289 17 Car -1.000000 -1 -1 536.3958404711217 162.84441899052604 588.1395568549061 200.67177283260412 -1 -1 -1 -1 -1 -1 -1 -1 1 
290 17 Car -1.000000 -1 -1 535.2445995494405 162.32839218636164 586.7150243412076 200.37386741274187 -1 -1 -1 -1 -1 -1 -1 -1 1 
291 17 Car -1.000000 -1 -1 534.5419821435528 161.7773992454205 586.4492565746932 200.4409246591659 -1 -1 -1 -1 -1 -1 -1 -1 1 
292 17 Car -1.000000 -1 -1 531.4638265089394 162.28844451575839 584.0891354663214 200.84915236867153 -1 -1 -1 -1 -1 -1 -1 -1 1 
293 17 Car -1.000000 -1 -1 528.7904306671913 162.20975973817053 581.8098079779564 201.29436551493797 -1 -1 -1 -1 -1 -1 -1 -1 1 
294 17 Car -1.000000 -1 -1 526.1662028270954 163.2977031953291 579.5575258345933 202.71375866005857 -1 -1 -1 -1 -1 -1 -1 -1 1 
297 22 Car -1.000000 -1 -1 722.473576833538 16.605297913337893 1211.3916612442 293.9701884575564 -1 -1 -1 -1 -1 -1 -1 -1 1 
298 22 Car -1.000000 -1 -1 731.9784853999291 16.900793100675344 1207.8725806685056 295.6027572337974 -1 -1 -1 -1 -1 -1 -1 -1 1 
299 22 Car -1.000000 -1 -1 734.156710519334 3.400744293374885 1209.3967025863544 277.88107144286727 -1 -1 -1 -1 -1 -1 -1 -1 1 
300 22 Car -1.000000 -1 -1 735.7605310010463 8.830443510215389 1218.9612571606222 288.68772117807805 -1 -1 -1 -1 -1 -1 -1 -1 1 
301 22 Car -1.000000 -1 -1 739.9771453327722 8.418056713758887 1224.028275643926 292.7770519139249 -1 -1 -1 -1 -1 -1 -1 -1 1 
302 22 Car -1.000000 -1 -1 739.7570881340977 10.011538831579884 1221.9238717673431 298.29433993633404 -1 -1 -1 -1 -1 -1 -1 -1 1 
303 22 Car -1.000000 -1 -1 745.8005280037949 11.161933238218666 1224.2522118322277 301.6929954420682 -1 -1 -1 -1 -1 -1 -1 -1 1 
304 22 Car -1.000000 -1 -1 744.1860280749842 12.93805207542448 1223.2850084907582 307.97885925893854 -1 -1 -1 -1 -1 -1 -1 -1 1 
305 22 Car -1.000000 -1 -1 749.2427009982491 14.569437958903052 1222.4627502733822 308.134660563961 -1 -1 -1 -1 -1 -1 -1 -1 1 
306 22 Car -1.000000 -1 -1 747.2976758590013 13.450775569905204 1221.981265420108 311.33233368744794 -1 -1 -1 -1 -1 -1 -1 -1 1 
307 22 Car -1.000000 -1 -1 747.2129528881918 11.965453542768472 1221.5609425810535 311.4391638295368 -1 -1 -1 -1 -1 -1 -1 -1 1 
308 22 Car -1.000000 -1 -1 742.1204145743891 9.417062494061042 1217.7642914283072 310.7756133255423 -1 -1 -1 -1 -1 -1 -1 -1 1 
309 22 Car -1.000000 -1 -1 746.3574678382467 8.973185290629516 1218.7878489575285 312.7107167519274 -1 -1 -1 -1 -1 -1 -1 -1 1 
310 22 Car -1.000000 -1 -1 751.3216171210729 8.424846278709566 1215.3505163155432 312.8515605891722 -1 -1 -1 -1 -1 -1 -1 -1 1 
311 22 Car -1.000000 -1 -1 756.9239752184017 10.602719347861665 1210.446206151722 312.8249427072384 -1 -1 -1 -1 -1 -1 -1 -1 1 
312 22 Car -1.000000 -1 -1 755.3052798027915 10.64527281635128 1206.519908563999 314.0866051389878 -1 -1 -1 -1 -1 -1 -1 -1 1 
313 24 Car -1.000000 -1 -1 530.3909896795707 173.19064408143902 598.2998975484778 223.2500287388496 -1 -1 -1 -1 -1 -1 -1 -1 1 
313 22 Car -1.000000 -1 -1 755.7510537657681 11.094987697779175 1202.1691696141995 313.62245657529064 -1 -1 -1 -1 -1 -1 -1 -1 1 
314 24 Car -1.000000 -1 -1 527.2657930010154 172.9929828831071 596.2876001924336 223.09668687030629 -1 -1 -1 -1 -1 -1 -1 -1 1 
314 22 Car -1.000000 -1 -1 757.3921894035849 10.77906783062889 1197.3623321230423 310.57103629534305 -1 -1 -1 -1 -1 -1 -1 -1 1 
315 24 Car -1.000000 -1 -1 524.9131475941776 173.62945023957317 594.2191275784926 222.6388180868711 -1 -1 -1 -1 -1 -1 -1 -1 1 
315 22 Car -1.000000 -1 -1 756.5002528486923 9.821533628141339 1196.0512291265318 307.7738584030383 -1 -1 -1 -1 -1 -1 -1 -1 1 
316 24 Car -1.000000 -1 -1 521.202374209837 173.1802095835215 591.3982134729272 223.10247809313387 -1 -1 -1 -1 -1 -1 -1 -1 1 
316 22 Car -1.000000 -1 -1 753.5149862575495 8.558588131197126 1195.0730387296899 307.24445811312 -1 -1 -1 -1 -1 -1 -1 -1 1 
317 24 Car -1.000000 -1 -1 517.5327288608078 177.0687687223941 588.1421807320085 226.61367344504816 -1 -1 -1 -1 -1 -1 -1 -1 1 
317 22 Car -1.000000 -1 -1 752.7709515419432 10.058952816481337 1193.3427884334792 307.5337488419635 -1 -1 -1 -1 -1 -1 -1 -1 1 
318 24 Car -1.000000 -1 -1 515.2787091128664 178.85140351164037 586.6589036791886 227.2429938833951 -1 -1 -1 -1 -1 -1 -1 -1 1 
319 24 Car -1.000000 -1 -1 513.0176994139566 175.05126211657404 587.1280625842743 224.8388722974068 -1 -1 -1 -1 -1 -1 -1 -1 1 
320 24 Car -1.000000 -1 -1 509.9794421998571 174.10799430045662 585.9902086059063 224.39528478323908 -1 -1 -1 -1 -1 -1 -1 -1 1 
321 24 Car -1.000000 -1 -1 505.48662164655707 177.30413474417693 582.7730104935038 226.89918904379775 -1 -1 -1 -1 -1 -1 -1 -1 1 
322 24 Car -1.000000 -1 -1 503.58630135226764 178.07873099428875 582.6847994871847 228.15481994654604 -1 -1 -1 -1 -1 -1 -1 -1 1 
323 24 Car -1.000000 -1 -1 501.65425991625153 177.89329708641097 581.8117742309157 228.94441127905995 -1 -1 -1 -1 -1 -1 -1 -1 1 
324 24 Car -1.000000 -1 -1 498.86629629628317 177.88038695603953 579.423859391455 229.5158370323791 -1 -1 -1 -1 -1 -1 -1 -1 1 
325 25 Car -1.000000 -1 -1 757.1431757161845 5.766981056487737 1193.5970796886259 304.78385097176755 -1 -1 -1 -1 -1 -1 -1 -1 1 
325 24 Car -1.000000 -1 -1 496.815477622739 177.69474292737584 578.2642319078116 229.4047369253057 -1 -1 -1 -1 -1 -1 -1 -1 1 
326 25 Car -1.000000 -1 -1 762.0163569118057 5.9695079350015305 1193.1143938753655 303.4157291593749 -1 -1 -1 -1 -1 -1 -1 -1 1 
326 24 Car -1.000000 -1 -1 495.2793530401222 177.88378337414906 577.7067425967746 229.66313452669266 -1 -1 -1 -1 -1 -1 -1 -1 1 
327 25 Car -1.000000 -1 -1 755.6498564288174 4.8438672636326885 1192.580174208688 302.90489192338123 -1 -1 -1 -1 -1 -1 -1 -1 1 
327 24 Car -1.000000 -1 -1 492.3962895364422 175.00254265296473 575.7394025372159 227.36572638780177 -1 -1 -1 -1 -1 -1 -1 -1 1 
328 24 Car -1.000000 -1 -1 489.37128473402163 176.57430789028646 572.2399332380387 228.87301380404327 -1 -1 -1 -1 -1 -1 -1 -1 1 
329 24 Car -1.000000 -1 -1 489.1507287227381 176.93028298294752 573.0990113650931 229.88341553191208 -1 -1 -1 -1 -1 -1 -1 -1 1 
330 24 Car -1.000000 -1 -1 478.6254482639339 176.99980505249843 564.8881607787824 230.69575564977256 -1 -1 -1 -1 -1 -1 -1 -1 1 
331 24 Car -1.000000 -1 -1 472.47637513697657 173.97333814295368 558.3270269542494 227.68409599297686 -1 -1 -1 -1 -1 -1 -1 -1 1 
332 24 Car -1.000000 -1 -1 467.35193658524963 176.53457518153363 551.0216319320762 230.35318187880046 -1 -1 -1 -1 -1 -1 -1 -1 1 
333 24 Car -1.000000 -1 -1 467.06956088861324 176.52264989455367 549.4896988941507 231.03149908661496 -1 -1 -1 -1 -1 -1 -1 -1 1 
334 24 Car -1.000000 -1 -1 467.02003259586303 173.3845077887449 548.5621894863568 228.23880794748632 -1 -1 -1 -1 -1 -1 -1 -1 1 
335 24 Car -1.000000 -1 -1 463.9631537607456 175.52191396552476 543.4301199115025 229.90432365726397 -1 -1 -1 -1 -1 -1 -1 -1 1 
336 24 Car -1.000000 -1 -1 462.55369680410337 176.25880719389443 540.0768580855655 231.0848241135203 -1 -1 -1 -1 -1 -1 -1 -1 1 
337 24 Car -1.000000 -1 -1 464.9298233590086 176.75762991730335 540.2366511105109 231.26789511620507 -1 -1 -1 -1 -1 -1 -1 -1 1 
338 24 Car -1.000000 -1 -1 463.5874840426994 176.7952488241115 536.2975258121876 231.64211844084107 -1 -1 -1 -1 -1 -1 -1 -1 1 
339 24 Car -1.000000 -1 -1 464.4685708644619 177.38261902966232 535.9562137927883 231.32105639667256 -1 -1 -1 -1 -1 -1 -1 -1 1 
346 24 Car -1.000000 -1 -1 461.7998230646847 174.24982319991773 533.3053164500316 227.90369143903246 -1 -1 -1 -1 -1 -1 -1 -1 1 
347 24 Car -1.000000 -1 -1 460.63458944877596 172.96223593538915 533.2860342744635 226.5124475629137 -1 -1 -1 -1 -1 -1 -1 -1 1 
348 24 Car -1.000000 -1 -1 457.01765162619535 172.56980198781974 528.9605233496526 225.83314512504393 -1 -1 -1 -1 -1 -1 -1 -1 1 
349 24 Car -1.000000 -1 -1 451.45191196242837 175.11129337677002 523.3067662078263 230.3791608336671 -1 -1 -1 -1 -1 -1 -1 -1 1 
385 26 Car -1.000000 -1 -1 316.6370705000696 181.09638782962338 417.4727781644141 290.3149482069227 -1 -1 -1 -1 -1 -1 -1 -1 1 
386 26 Car -1.000000 -1 -1 304.82768924101345 179.54550867728366 419.07726870687736 293.7848538904832 -1 -1 -1 -1 -1 -1 -1 -1 1 
387 26 Car -1.000000 -1 -1 289.8896659915272 178.3966224261938 416.77074878546034 296.1365434295837 -1 -1 -1 -1 -1 -1 -1 -1 1 
388 26 Car -1.000000 -1 -1 274.9689612295325 179.8255344239888 407.2156149089111 296.66345160213297 -1 -1 -1 -1 -1 -1 -1 -1 1 
389 26 Car -1.000000 -1 -1 253.6999709839503 180.04398719849507 393.43901307766214 299.7411387982927 -1 -1 -1 -1 -1 -1 -1 -1 1 
390 26 Car -1.000000 -1 -1 229.9486791687171 180.99051186161574 380.7697202878034 301.8880721381986 -1 -1 -1 -1 -1 -1 -1 -1 1 
391 26 Car -1.000000 -1 -1 202.90229198375084 179.3967166894546 363.9542573018954 304.76288130006446 -1 -1 -1 -1 -1 -1 -1 -1 1 
392 26 Car -1.000000 -1 -1 178.41097829122862 182.412191970841 353.0034606543654 310.65367942083856 -1 -1 -1 -1 -1 -1 -1 -1 1 
393 26 Car -1.000000 -1 -1 154.32299229800543 181.998256212811 344.6876308070385 314.38146493985727 -1 -1 -1 -1 -1 -1 -1 -1 1 
394 26 Car -1.000000 -1 -1 129.39206962536795 183.81158245507697 332.6927336513104 318.10139182269745 -1 -1 -1 -1 -1 -1 -1 -1 1 
395 26 Car -1.000000 -1 -1 103.35765072629306 184.91112810446143 328.44804276861134 322.497012050767 -1 -1 -1 -1 -1 -1 -1 -1 1 
396 26 Car -1.000000 -1 -1 84.07730482585895 184.97830761772872 322.5953883788998 326.45423859204624 -1 -1 -1 -1 -1 -1 -1 -1 1 
397 26 Car -1.000000 -1 -1 63.775037366416 186.57498435225588 302.95492492457595 325.7255853042476 -1 -1 -1 -1 -1 -1 -1 -1 1 
398 26 Car -1.000000 -1 -1 48.37268189208656 190.77793065204378 292.0622025228417 334.24283771519026 -1 -1 -1 -1 -1 -1 -1 -1 1 
399 26 Car -1.000000 -1 -1 29.19368474059496 191.92350158538295 295.69885357485214 344.76070177669953 -1 -1 -1 -1 -1 -1 -1 -1 1 
400 26 Car -1.000000 -1 -1 15.502133514690172 191.89197260831406 299.4726233396152 353.0265727386617 -1 -1 -1 -1 -1 -1 -1 -1 1 
401 26 Car -1.000000 -1 -1 -10.323403106676153 197.8549299900048 264.2520392467114 357.0741986335083 -1 -1 -1 -1 -1 -1 -1 -1 1 
402 26 Car -1.000000 -1 -1 -3.7074822767058606 193.71513658515096 291.1495895816213 362.48701012795595 -1 -1 -1 -1 -1 -1 -1 -1 1 
403 26 Car -1.000000 -1 -1 -0.44942172703409256 186.70985269858596 306.253782246568 365.29100427188797 -1 -1 -1 -1 -1 -1 -1 -1 1 
404 26 Car -1.000000 -1 -1 -3.617166661721285 183.95876574627775 309.10520562692847 367.8838789418859 -1 -1 -1 -1 -1 -1 -1 -1 1 
405 26 Car -1.000000 -1 -1 32.31295401798326 186.67030609623652 338.232471490345 371.0020670452497 -1 -1 -1 -1 -1 -1 -1 -1 1 
406 26 Car -1.000000 -1 -1 41.520818085847736 190.68855643680052 345.55199262610665 373.5349558936951 -1 -1 -1 -1 -1 -1 -1 -1 1 
407 26 Car -1.000000 -1 -1 37.91060548372701 192.34284449077688 352.1022556106706 375.2229386170151 -1 -1 -1 -1 -1 -1 -1 -1 1 
408 26 Car -1.000000 -1 -1 30.016863533138235 197.55654014856972 362.8995172064867 378.8114423356742 -1 -1 -1 -1 -1 -1 -1 -1 1 
409 26 Car -1.000000 -1 -1 24.68226022194267 195.36297192682287 369.6406168868034 377.53095254280095 -1 -1 -1 -1 -1 -1 -1 -1 1 
410 26 Car -1.000000 -1 -1 17.709849956702982 199.72675535454727 375.2940492597437 379.553964450068 -1 -1 -1 -1 -1 -1 -1 -1 1 
411 26 Car -1.000000 -1 -1 13.113593310857823 202.88706109887278 381.3721539269951 380.6513568264652 -1 -1 -1 -1 -1 -1 -1 -1 1 
412 26 Car -1.000000 -1 -1 8.951020767934665 204.45090699119854 387.46577377153585 380.7083628959854 -1 -1 -1 -1 -1 -1 -1 -1 1 
413 26 Car -1.000000 -1 -1 4.704052415821536 205.12477131925812 394.4096672345156 381.0159396445139 -1 -1 -1 -1 -1 -1 -1 -1 1 
414 26 Car -1.000000 -1 -1 1.503661718672106 205.73781557972546 402.24851539170584 381.59943513056925 -1 -1 -1 -1 -1 -1 -1 -1 1 
415 26 Car -1.000000 -1 -1 -1.5204686219023813 206.42227336613067 411.68298317427104 381.7317446679259 -1 -1 -1 -1 -1 -1 -1 -1 1 
416 26 Car -1.000000 -1 -1 -0.19018372430218733 205.8102640487645 420.24035794841575 381.2941875994513 -1 -1 -1 -1 -1 -1 -1 -1 1 
417 26 Car -1.000000 -1 -1 -0.6498854437498949 206.03664475590574 424.88605214892453 380.6501730805768 -1 -1 -1 -1 -1 -1 -1 -1 1 
418 26 Car -1.000000 -1 -1 -2.2694875968263943 206.64040361319624 430.05022381907054 380.1200244337118 -1 -1 -1 -1 -1 -1 -1 -1 1 
419 26 Car -1.000000 -1 -1 -5.183081222295726 206.62495050700383 428.490627309841 380.23775461216655 -1 -1 -1 -1 -1 -1 -1 -1 1 
420 26 Car -1.000000 -1 -1 -4.281200858584469 207.1937264894812 425.6665630287225 379.74611648884076 -1 -1 -1 -1 -1 -1 -1 -1 1 
421 26 Car -1.000000 -1 -1 -6.55421419022349 206.55181889655682 421.92280897210975 379.4733025012848 -1 -1 -1 -1 -1 -1 -1 -1 1 
422 26 Car -1.000000 -1 -1 -8.541086458574512 206.70257966805588 420.47721114558635 379.5076718318805 -1 -1 -1 -1 -1 -1 -1 -1 1 
423 26 Car -1.000000 -1 -1 -10.564886496590503 208.78957864831594 420.868167310369 379.2845755141975 -1 -1 -1 -1 -1 -1 -1 -1 1 
424 26 Car -1.000000 -1 -1 -11.741564113305003 211.36545786486607 423.7570671058895 378.1548517468745 -1 -1 -1 -1 -1 -1 -1 -1 1 
425 26 Car -1.000000 -1 -1 -23.262257746393374 211.7735510899568 392.38892856480004 376.82817705155645 -1 -1 -1 -1 -1 -1 -1 -1 1 
426 26 Car -1.000000 -1 -1 -27.673191806382704 213.93710541569973 368.5188632115637 378.13359839774796 -1 -1 -1 -1 -1 -1 -1 -1 1 
427 26 Car -1.000000 -1 -1 -33.95405201286286 215.6678593889758 346.39993109501467 378.2462218931412 -1 -1 -1 -1 -1 -1 -1 -1 1 
428 26 Car -1.000000 -1 -1 -39.43592539628412 218.79857838316354 321.5181741463851 379.06406413271134 -1 -1 -1 -1 -1 -1 -1 -1 1 
429 26 Car -1.000000 -1 -1 -43.10289862873408 221.560919082317 285.71169098743866 376.1489264526127 -1 -1 -1 -1 -1 -1 -1 -1 1 
430 26 Car -1.000000 -1 -1 -43.1850209209982 229.0367763599237 256.1086404224328 381.3493355732161 -1 -1 -1 -1 -1 -1 -1 -1 1 
517 28 Car -1.000000 -1 -1 612.653322633758 172.025233472132 649.5393940891357 195.71986565096742 -1 -1 -1 -1 -1 -1 -1 -1 1 
518 28 Car -1.000000 -1 -1 614.0098280825192 172.60259033019872 650.9486127657198 195.9083280755113 -1 -1 -1 -1 -1 -1 -1 -1 1 
520 28 Car -1.000000 -1 -1 616.5105571372019 172.8718512108927 653.0092915412081 196.37095950907624 -1 -1 -1 -1 -1 -1 -1 -1 1 
521 28 Car -1.000000 -1 -1 617.5416809431729 172.9276399337184 653.4346998373799 196.65384402588995 -1 -1 -1 -1 -1 -1 -1 -1 1 
522 28 Car -1.000000 -1 -1 617.4187542974947 173.18169685069276 654.0459187731348 196.90392968586966 -1 -1 -1 -1 -1 -1 -1 -1 1 
523 28 Car -1.000000 -1 -1 616.0154883781771 173.0973600353461 652.248002578806 196.8834409230238 -1 -1 -1 -1 -1 -1 -1 -1 1 
591 30 Car -1.000000 -1 -1 427.64298626437835 168.997082509019 508.0498366666528 219.69132146860895 -1 -1 -1 -1 -1 -1 -1 -1 1 
592 30 Car -1.000000 -1 -1 420.0298046777237 169.74751780644442 500.1543121162245 219.9045688033413 -1 -1 -1 -1 -1 -1 -1 -1 1 
593 30 Car -1.000000 -1 -1 416.0031329090528 169.21422868650825 498.8790886168793 220.4679876292123 -1 -1 -1 -1 -1 -1 -1 -1 1 
594 30 Car -1.000000 -1 -1 414.13774800686855 168.30981124230087 497.8790280045875 220.08943560027976 -1 -1 -1 -1 -1 -1 -1 -1 1 
595 30 Car -1.000000 -1 -1 412.43015222759215 167.35024363429824 495.503191323116 219.9707940499087 -1 -1 -1 -1 -1 -1 -1 -1 1 
597 30 Car -1.000000 -1 -1 407.8868883244089 164.1400118364658 494.1343834297227 218.8285965715592 -1 -1 -1 -1 -1 -1 -1 -1 1 
598 30 Car -1.000000 -1 -1 402.6544910685835 162.0893299187683 494.12882269847466 219.1394342124444 -1 -1 -1 -1 -1 -1 -1 -1 1 
599 30 Car -1.000000 -1 -1 400.2948426108109 160.78134487181853 494.91101998158746 219.50237951762324 -1 -1 -1 -1 -1 -1 -1 -1 1 
600 30 Car -1.000000 -1 -1 398.01307549635885 160.42200165352668 496.27254119409804 220.27099309736778 -1 -1 -1 -1 -1 -1 -1 -1 1 
601 30 Car -1.000000 -1 -1 396.63332336848396 160.48437142076855 496.0352762719425 220.6110978828403 -1 -1 -1 -1 -1 -1 -1 -1 1 
602 30 Car -1.000000 -1 -1 394.9564029696693 159.88387574656 496.88981582272277 220.96530770893523 -1 -1 -1 -1 -1 -1 -1 -1 1 
603 30 Car -1.000000 -1 -1 392.8319205525078 160.035918660026 496.6059316089888 221.62362967691436 -1 -1 -1 -1 -1 -1 -1 -1 1 
604 30 Car -1.000000 -1 -1 389.38750771296685 159.70031117889982 496.05512192686075 222.06786802547015 -1 -1 -1 -1 -1 -1 -1 -1 1 
605 30 Car -1.000000 -1 -1 392.55052586680114 159.56501554103 497.68698255926216 221.70328020590813 -1 -1 -1 -1 -1 -1 -1 -1 1 
607 30 Car -1.000000 -1 -1 390.8316158704541 159.81850809513315 497.29550380495465 222.23609850727394 -1 -1 -1 -1 -1 -1 -1 -1 1 
608 33 Car -1.000000 -1 -1 522.3697841406791 164.53138097830598 569.7108031069298 203.83717121306185 -1 -1 -1 -1 -1 -1 -1 -1 1 
608 30 Car -1.000000 -1 -1 387.8715502290227 160.01735651810768 496.40080612012224 222.93916978030293 -1 -1 -1 -1 -1 -1 -1 -1 1 
609 33 Car -1.000000 -1 -1 520.7826778519774 163.9656849436845 568.4385985689393 203.74417249188582 -1 -1 -1 -1 -1 -1 -1 -1 1 
609 30 Car -1.000000 -1 -1 384.66972827482294 159.260980670759 494.05724747283335 222.94895201180503 -1 -1 -1 -1 -1 -1 -1 -1 1 
610 33 Car -1.000000 -1 -1 520.0565001368025 163.40384715093086 568.6364191197877 204.0088304966519 -1 -1 -1 -1 -1 -1 -1 -1 1 
610 30 Car -1.000000 -1 -1 380.88448714246425 158.75180383634597 492.09057297995975 223.36713678893256 -1 -1 -1 -1 -1 -1 -1 -1 1 
612 33 Car -1.000000 -1 -1 510.65376170086085 156.79242918039316 570.4614646800572 205.70964548394815 -1 -1 -1 -1 -1 -1 -1 -1 1 
612 30 Car -1.000000 -1 -1 380.119266036328 158.3970426378659 491.64008611402664 224.20776584532874 -1 -1 -1 -1 -1 -1 -1 -1 1 
613 30 Car -1.000000 -1 -1 379.56671732926384 158.62427958321229 489.8023199813291 225.00495270435744 -1 -1 -1 -1 -1 -1 -1 -1 1 
614 30 Car -1.000000 -1 -1 380.6501628116999 158.61865910232586 487.1422788174362 225.74397138052245 -1 -1 -1 -1 -1 -1 -1 -1 1 
615 30 Car -1.000000 -1 -1 381.04140497029806 158.42970187331557 486.0484689080101 225.54477741480426 -1 -1 -1 -1 -1 -1 -1 -1 1 
616 33 Car -1.000000 -1 -1 500.5046343218655 162.81305121707382 570.574697365056 213.83300107522857 -1 -1 -1 -1 -1 -1 -1 -1 1 
616 30 Car -1.000000 -1 -1 381.377343073434 158.57148992314188 486.015518542351 225.3784492427443 -1 -1 -1 -1 -1 -1 -1 -1 1 
617 33 Car -1.000000 -1 -1 498.9948158880204 163.6931016033382 569.4584721170584 214.13086804234692 -1 -1 -1 -1 -1 -1 -1 -1 1 
617 30 Car -1.000000 -1 -1 382.4667717808588 158.64703598737725 485.77451511275075 225.35108505064318 -1 -1 -1 -1 -1 -1 -1 -1 1 
618 33 Car -1.000000 -1 -1 497.8064253950449 163.61145730013553 568.0907394790079 214.445905753647 -1 -1 -1 -1 -1 -1 -1 -1 1 
618 30 Car -1.000000 -1 -1 376.08518911699605 158.62369911141144 476.43478316118694 225.47628748564637 -1 -1 -1 -1 -1 -1 -1 -1 1 
619 33 Car -1.000000 -1 -1 497.4111049047733 163.47137734604655 568.3444219348055 214.8012739699705 -1 -1 -1 -1 -1 -1 -1 -1 1 
619 30 Car -1.000000 -1 -1 381.5573110058721 158.42234165543346 482.03095776628965 225.02337909895368 -1 -1 -1 -1 -1 -1 -1 -1 1 
620 33 Car -1.000000 -1 -1 498.60611510367875 164.26751969036758 569.446057812162 216.18817611819122 -1 -1 -1 -1 -1 -1 -1 -1 1 
620 30 Car -1.000000 -1 -1 382.21643458142046 159.4272409619652 484.94140317688425 226.3882050618185 -1 -1 -1 -1 -1 -1 -1 -1 1 
621 33 Car -1.000000 -1 -1 497.92237833577536 164.57761630094316 568.704905803823 217.46660883713426 -1 -1 -1 -1 -1 -1 -1 -1 1 
621 30 Car -1.000000 -1 -1 381.99152846096285 160.14601002542196 486.55307638420095 227.40886708346278 -1 -1 -1 -1 -1 -1 -1 -1 1 
622 33 Car -1.000000 -1 -1 497.0001693448756 163.948800670817 568.1530593390994 218.25148354538172 -1 -1 -1 -1 -1 -1 -1 -1 1 
622 30 Car -1.000000 -1 -1 382.1716779878935 160.06855463597967 487.3533573527289 227.78791601881935 -1 -1 -1 -1 -1 -1 -1 -1 1 
623 33 Car -1.000000 -1 -1 495.8230838767172 163.85679486608137 567.4254046219755 218.87677005493128 -1 -1 -1 -1 -1 -1 -1 -1 1 
623 30 Car -1.000000 -1 -1 380.988751431638 159.77661049835115 487.3384285734862 227.61298244209337 -1 -1 -1 -1 -1 -1 -1 -1 1 
624 33 Car -1.000000 -1 -1 494.8633870327707 163.13904472581217 566.2346992502688 219.26831602747845 -1 -1 -1 -1 -1 -1 -1 -1 1 
624 30 Car -1.000000 -1 -1 380.8988358611608 159.53615503254332 488.3316601265726 227.67962456314717 -1 -1 -1 -1 -1 -1 -1 -1 1 
625 33 Car -1.000000 -1 -1 493.6026799158873 162.6038990956022 564.6261851039011 220.00415961394353 -1 -1 -1 -1 -1 -1 -1 -1 1 
625 30 Car -1.000000 -1 -1 380.70998251780634 159.1486204642645 488.107399244881 227.28133961233183 -1 -1 -1 -1 -1 -1 -1 -1 1 
626 33 Car -1.000000 -1 -1 485.1873836750549 161.63220568915494 558.7842679394982 220.24145052352566 -1 -1 -1 -1 -1 -1 -1 -1 1 
626 30 Car -1.000000 -1 -1 380.50205506183994 158.7026519056601 487.9334982340642 226.32355359395348 -1 -1 -1 -1 -1 -1 -1 -1 1 
627 33 Car -1.000000 -1 -1 481.52312312633285 162.11937959823533 557.2049017448774 221.7115260048424 -1 -1 -1 -1 -1 -1 -1 -1 1 
627 30 Car -1.000000 -1 -1 375.46818653429875 159.66920093496643 480.1280928516104 227.06799863981874 -1 -1 -1 -1 -1 -1 -1 -1 1 
628 33 Car -1.000000 -1 -1 480.02484184163336 162.23647985608986 555.9492506186812 222.8221568217513 -1 -1 -1 -1 -1 -1 -1 -1 1 
628 30 Car -1.000000 -1 -1 374.3244555610256 160.0438853798357 475.76280484887627 227.31719727641175 -1 -1 -1 -1 -1 -1 -1 -1 1 
629 33 Car -1.000000 -1 -1 479.4948569717756 162.15724041414515 556.2168703351904 223.9685955973534 -1 -1 -1 -1 -1 -1 -1 -1 1 
630 33 Car -1.000000 -1 -1 478.55191651953 162.21748100170018 556.3145170859146 224.8727688357661 -1 -1 -1 -1 -1 -1 -1 -1 1 
631 33 Car -1.000000 -1 -1 478.66151639122285 162.72199270691928 555.8613422415638 226.1602319382316 -1 -1 -1 -1 -1 -1 -1 -1 1 
632 33 Car -1.000000 -1 -1 477.86598890892014 162.81394260861794 555.6684398824532 227.52702401182756 -1 -1 -1 -1 -1 -1 -1 -1 1 
633 33 Car -1.000000 -1 -1 477.0907387779942 163.134800646922 555.8708297901389 228.6446134832718 -1 -1 -1 -1 -1 -1 -1 -1 1 
634 33 Car -1.000000 -1 -1 476.8410746965171 163.65773952369278 555.5104066963174 229.5385190258126 -1 -1 -1 -1 -1 -1 -1 -1 1 
635 33 Car -1.000000 -1 -1 474.6869411666588 163.798978740353 555.4145077822994 230.73758069648346 -1 -1 -1 -1 -1 -1 -1 -1 1 
636 33 Car -1.000000 -1 -1 472.1310984009045 163.50895625618054 553.7455058698355 232.47222333994287 -1 -1 -1 -1 -1 -1 -1 -1 1 
637 33 Car -1.000000 -1 -1 471.0226823517056 166.69947414472662 553.3467430547181 236.68708501445948 -1 -1 -1 -1 -1 -1 -1 -1 1 
638 33 Car -1.000000 -1 -1 468.6738701289263 166.7499137534036 553.8914067576704 238.9721075847556 -1 -1 -1 -1 -1 -1 -1 -1 1 
639 33 Car -1.000000 -1 -1 466.32418452371445 166.1037521737453 553.4876450872073 240.85507643819375 -1 -1 -1 -1 -1 -1 -1 -1 1 
640 33 Car -1.000000 -1 -1 461.2471529761044 165.50012075814274 551.2476118694417 242.6351036577715 -1 -1 -1 -1 -1 -1 -1 -1 1 
641 33 Car -1.000000 -1 -1 458.40725216392275 165.25582238493953 552.7459149504971 245.46543510966373 -1 -1 -1 -1 -1 -1 -1 -1 1 
642 33 Car -1.000000 -1 -1 451.8638353191472 165.4540266841332 549.7044003933644 247.7715834725287 -1 -1 -1 -1 -1 -1 -1 -1 1 
643 33 Car -1.000000 -1 -1 445.43992410981366 165.1651532555502 546.1675807415135 249.0801807364569 -1 -1 -1 -1 -1 -1 -1 -1 1 
644 33 Car -1.000000 -1 -1 440.52428473948515 163.85752904755185 546.1441041659955 250.1376825734926 -1 -1 -1 -1 -1 -1 -1 -1 1 
645 33 Car -1.000000 -1 -1 436.0886358639765 163.91146252407958 546.1411786344867 251.74505264618602 -1 -1 -1 -1 -1 -1 -1 -1 1 
646 33 Car -1.000000 -1 -1 430.99115659615205 164.5693934467497 544.6900008240511 253.1109771991837 -1 -1 -1 -1 -1 -1 -1 -1 1 
647 33 Car -1.000000 -1 -1 426.35886661009386 165.1384137174245 543.3950192926948 254.3275904481348 -1 -1 -1 -1 -1 -1 -1 -1 1 
648 33 Car -1.000000 -1 -1 421.95531672947607 165.66873689236667 542.9030995085005 255.18170216203498 -1 -1 -1 -1 -1 -1 -1 -1 1 
649 33 Car -1.000000 -1 -1 417.08680570507386 166.38319596395812 543.5389787505343 257.48556448133627 -1 -1 -1 -1 -1 -1 -1 -1 1 
650 33 Car -1.000000 -1 -1 412.038551686914 170.56043007205582 536.7001575603953 260.9226114619714 -1 -1 -1 -1 -1 -1 -1 -1 1 
651 33 Car -1.000000 -1 -1 408.9355518253862 172.08985887747946 533.4696318181965 262.348946378068 -1 -1 -1 -1 -1 -1 -1 -1 1 
652 33 Car -1.000000 -1 -1 404.45952858736194 173.06370630983545 531.9914108942494 263.77374357385554 -1 -1 -1 -1 -1 -1 -1 -1 1 
653 33 Car -1.000000 -1 -1 398.3023298954392 173.78538850197398 531.3900954631357 264.86501431239367 -1 -1 -1 -1 -1 -1 -1 -1 1 
654 33 Car -1.000000 -1 -1 392.8529992639893 172.73236178840588 531.1549912887492 266.2058047153145 -1 -1 -1 -1 -1 -1 -1 -1 1 
655 33 Car -1.000000 -1 -1 383.27528709249657 171.78338650641066 525.9923443099522 267.67457570043433 -1 -1 -1 -1 -1 -1 -1 -1 1 
656 33 Car -1.000000 -1 -1 374.43191493569975 171.316078114306 522.1261102626511 269.25249048230216 -1 -1 -1 -1 -1 -1 -1 -1 1 
657 33 Car -1.000000 -1 -1 365.69465978937853 170.76652625813085 518.5819271312096 270.4766399476626 -1 -1 -1 -1 -1 -1 -1 -1 1 
658 33 Car -1.000000 -1 -1 358.26689443022576 170.4109994304233 517.698729176521 272.17980894981446 -1 -1 -1 -1 -1 -1 -1 -1 1 
659 33 Car -1.000000 -1 -1 351.8021222700269 170.69655893743686 517.5403397849021 274.22782750658797 -1 -1 -1 -1 -1 -1 -1 -1 1 
660 33 Car -1.000000 -1 -1 345.0181306225576 170.67113135219478 519.6070463955573 277.40589169369076 -1 -1 -1 -1 -1 -1 -1 -1 1 
661 33 Car -1.000000 -1 -1 340.35817893909973 169.70514840983256 521.6025836153923 279.76993216333346 -1 -1 -1 -1 -1 -1 -1 -1 1 
662 33 Car -1.000000 -1 -1 332.1359456615122 169.2979625732952 517.5648960696047 281.6869496489156 -1 -1 -1 -1 -1 -1 -1 -1 1 
663 33 Car -1.000000 -1 -1 324.4788635309859 168.89241818272535 511.6251241167314 282.9311695796485 -1 -1 -1 -1 -1 -1 -1 -1 1 
664 33 Car -1.000000 -1 -1 316.5845419330869 172.28078636567452 507.5399174820238 288.27459203794706 -1 -1 -1 -1 -1 -1 -1 -1 1 
665 33 Car -1.000000 -1 -1 305.0507194428439 173.23746014962333 503.45518864144407 291.865713250676 -1 -1 -1 -1 -1 -1 -1 -1 1 
666 33 Car -1.000000 -1 -1 294.61998320322243 173.57907580973273 502.29491369935033 294.3124323623733 -1 -1 -1 -1 -1 -1 -1 -1 1 
667 33 Car -1.000000 -1 -1 284.1328964021249 172.699074745485 501.7019209529697 297.4093762376048 -1 -1 -1 -1 -1 -1 -1 -1 1 
668 33 Car -1.000000 -1 -1 275.76370224093046 171.38179618768572 505.7239356890426 300.60859160681036 -1 -1 -1 -1 -1 -1 -1 -1 1 
669 33 Car -1.000000 -1 -1 267.57347720256837 169.51364497178943 507.8116154287061 304.85019891922377 -1 -1 -1 -1 -1 -1 -1 -1 1 
670 33 Car -1.000000 -1 -1 260.728811639323 169.47848368306586 511.6138671699024 308.0673291655742 -1 -1 -1 -1 -1 -1 -1 -1 1 
671 33 Car -1.000000 -1 -1 250.83977992598628 170.5634912296186 500.09742757571905 310.0588308767072 -1 -1 -1 -1 -1 -1 -1 -1 1 
672 33 Car -1.000000 -1 -1 242.19312837173155 171.65398574417975 494.7714711065273 310.98960819732036 -1 -1 -1 -1 -1 -1 -1 -1 1 
673 33 Car -1.000000 -1 -1 234.82475048262586 172.16218459834295 497.89009287618353 318.156409502058 -1 -1 -1 -1 -1 -1 -1 -1 1 
674 33 Car -1.000000 -1 -1 226.53381682839003 172.85834523993412 491.7668624720046 325.1982274066817 -1 -1 -1 -1 -1 -1 -1 -1 1 
675 33 Car -1.000000 -1 -1 218.80505536263865 172.55567773361577 489.78178064702877 329.50036166379016 -1 -1 -1 -1 -1 -1 -1 -1 1 
676 33 Car -1.000000 -1 -1 210.3028937883083 172.8767439693927 486.8655418820596 334.4145473260544 -1 -1 -1 -1 -1 -1 -1 -1 1 
677 33 Car -1.000000 -1 -1 201.61034120574237 171.76659883846196 486.9675979189021 337.8768171486824 -1 -1 -1 -1 -1 -1 -1 -1 1 
678 33 Car -1.000000 -1 -1 185.80116467670774 171.20547701906574 476.9054969434913 341.19298075531435 -1 -1 -1 -1 -1 -1 -1 -1 1 
679 33 Car -1.000000 -1 -1 170.13749391529217 173.24057261574052 474.59676466753655 349.734931382119 -1 -1 -1 -1 -1 -1 -1 -1 1 
680 33 Car -1.000000 -1 -1 154.04267403305454 172.73424285331927 470.12108717345217 355.98829427093744 -1 -1 -1 -1 -1 -1 -1 -1 1 
681 36 Car -1.000000 -1 -1 425.47690890661954 157.2569364640809 503.44009644375876 205.37754538638657 -1 -1 -1 -1 -1 -1 -1 -1 1 
681 33 Car -1.000000 -1 -1 139.5609710061562 171.44881876425939 469.8092902975804 360.14464586869474 -1 -1 -1 -1 -1 -1 -1 -1 1 
682 36 Car -1.000000 -1 -1 427.40013180611874 156.65800171472583 505.28986465787074 204.92140927869914 -1 -1 -1 -1 -1 -1 -1 -1 1 
682 33 Car -1.000000 -1 -1 126.77758050702158 171.68747826009414 477.4173011675162 363.95094449279395 -1 -1 -1 -1 -1 -1 -1 -1 1 
683 36 Car -1.000000 -1 -1 425.43270943992525 157.32539904188224 506.27780324735556 206.59064281448502 -1 -1 -1 -1 -1 -1 -1 -1 1 
683 33 Car -1.000000 -1 -1 114.61696244958341 170.33059644680685 482.671944356171 365.7131242289582 -1 -1 -1 -1 -1 -1 -1 -1 1 
684 33 Car -1.000000 -1 -1 104.22219950939407 168.54463519360976 499.48976707672387 367.8252410860605 -1 -1 -1 -1 -1 -1 -1 -1 1 
685 33 Car -1.000000 -1 -1 92.14326597568922 165.6380885902392 514.3089718380112 368.4447850986896 -1 -1 -1 -1 -1 -1 -1 -1 1 
686 33 Car -1.000000 -1 -1 75.1576151895595 165.18864528597163 530.6981460592608 370.6121892337024 -1 -1 -1 -1 -1 -1 -1 -1 1 
687 33 Car -1.000000 -1 -1 35.76287332348002 164.4172851048029 495.8548951692892 371.0076672827223 -1 -1 -1 -1 -1 -1 -1 -1 1 
688 33 Car -1.000000 -1 -1 14.137768328679414 163.8134942874313 477.26583415562754 372.50191509560165 -1 -1 -1 -1 -1 -1 -1 -1 1 
689 33 Car -1.000000 -1 -1 -2.092629517009726 162.15765918698946 459.52521161260904 373.5428559121183 -1 -1 -1 -1 -1 -1 -1 -1 1 
690 33 Car -1.000000 -1 -1 -9.235089036194495 162.6822039653961 456.0592012055883 374.08501369861926 -1 -1 -1 -1 -1 -1 -1 -1 1 
691 33 Car -1.000000 -1 -1 -15.947889897400415 148.85412426699054 449.29125709950915 369.0805498561441 -1 -1 -1 -1 -1 -1 -1 -1 1 
692 38 Car -1.000000 -1 -1 392.65711253862713 162.1287336153886 480.1983212249202 219.88792775290315 -1 -1 -1 -1 -1 -1 -1 -1 1 
692 33 Car -1.000000 -1 -1 -17.945347335844474 141.67411656168596 446.67811380520493 368.5305838158156 -1 -1 -1 -1 -1 -1 -1 -1 1 
693 38 Car -1.000000 -1 -1 392.26071416573427 162.291983802429 478.1402226980666 220.20313469908365 -1 -1 -1 -1 -1 -1 -1 -1 1 
693 33 Car -1.000000 -1 -1 -18.9781914342729 138.0313970184141 437.3009804760297 369.2829978061498 -1 -1 -1 -1 -1 -1 -1 -1 1 
694 38 Car -1.000000 -1 -1 390.65668632573437 162.13454586285067 477.9327440048823 221.07630224042944 -1 -1 -1 -1 -1 -1 -1 -1 1 
694 33 Car -1.000000 -1 -1 -18.420858053847326 149.88172661994236 435.1213854499135 377.1225602435892 -1 -1 -1 -1 -1 -1 -1 -1 1 
695 38 Car -1.000000 -1 -1 382.73344633500466 162.1712675529604 469.9055708606356 221.073554302248 -1 -1 -1 -1 -1 -1 -1 -1 1 
695 33 Car -1.000000 -1 -1 -17.240977402099873 154.7471668827088 434.4324171440549 378.42341852042284 -1 -1 -1 -1 -1 -1 -1 -1 1 
696 38 Car -1.000000 -1 -1 379.10139381503365 162.54304850874854 466.29362467244636 221.5442033863202 -1 -1 -1 -1 -1 -1 -1 -1 1 
696 33 Car -1.000000 -1 -1 -19.301712535575916 156.2848818772479 429.83534539664834 378.1878805553272 -1 -1 -1 -1 -1 -1 -1 -1 1 
697 38 Car -1.000000 -1 -1 377.32280796025395 163.0092084468506 464.15144722783054 222.13920474246828 -1 -1 -1 -1 -1 -1 -1 -1 1 
697 33 Car -1.000000 -1 -1 -19.260573022090597 158.19139748334518 426.980950079481 378.4341739295443 -1 -1 -1 -1 -1 -1 -1 -1 1 
698 38 Car -1.000000 -1 -1 375.4907010422269 163.92442157736482 459.92891343900726 223.52965380941802 -1 -1 -1 -1 -1 -1 -1 -1 1 
698 33 Car -1.000000 -1 -1 -17.64211381553136 159.40131654352552 427.99008022498833 378.2926685528633 -1 -1 -1 -1 -1 -1 -1 -1 1 
699 39 Car -1.000000 -1 -1 -18.39901782236487 34.90231823454734 447.69191758862337 273.13782733302367 -1 -1 -1 -1 -1 -1 -1 -1 1 
699 33 Car -1.000000 -1 -1 -15.184154484147882 159.85467637437262 430.1630349123981 377.3546372837751 -1 -1 -1 -1 -1 -1 -1 -1 1 
700 39 Car -1.000000 -1 -1 -18.34929656288125 31.585179900090637 461.08173965402676 279.9594766827747 -1 -1 -1 -1 -1 -1 -1 -1 1 
700 33 Car -1.000000 -1 -1 -14.118182665492554 159.72302339281057 428.17051817267605 376.74063138672034 -1 -1 -1 -1 -1 -1 -1 -1 1 
701 40 Car -1.000000 -1 -1 520.9870603412488 166.3886129736825 560.4356428477284 180.89894185215994 -1 -1 -1 -1 -1 -1 -1 -1 1 
701 39 Car -1.000000 -1 -1 -33.31505892388782 34.79199126915782 472.50221405221663 320.8589417175232 -1 -1 -1 -1 -1 -1 -1 -1 1 
702 40 Car -1.000000 -1 -1 522.9942188541462 166.11837482232647 562.6566186955998 180.54577620987857 -1 -1 -1 -1 -1 -1 -1 -1 1 
702 39 Car -1.000000 -1 -1 -35.148084432397866 33.51587437229557 471.36353861364097 339.3581036872867 -1 -1 -1 -1 -1 -1 -1 -1 1 
703 39 Car -1.000000 -1 -1 -27.640056215703737 22.56755247378109 472.7364572827404 315.51913380650774 -1 -1 -1 -1 -1 -1 -1 -1 1 
704 39 Car -1.000000 -1 -1 -25.2902623070801 20.968310555961693 470.2834925662098 304.0910572773973 -1 -1 -1 -1 -1 -1 -1 -1 1 
705 39 Car -1.000000 -1 -1 -21.066936142408423 21.61196884203278 473.6519515805385 296.184923656735 -1 -1 -1 -1 -1 -1 -1 -1 1 
706 39 Car -1.000000 -1 -1 -16.84866828348757 24.540259822433995 481.0033534401671 287.53794443104124 -1 -1 -1 -1 -1 -1 -1 -1 1 
707 39 Car -1.000000 -1 -1 -13.564665923991413 26.629279589235466 487.7067660890374 287.6464192325951 -1 -1 -1 -1 -1 -1 -1 -1 1 
708 39 Car -1.000000 -1 -1 -14.774498934624575 26.942922773340626 484.49671388778813 288.6892646010774 -1 -1 -1 -1 -1 -1 -1 -1 1 
709 39 Car -1.000000 -1 -1 -16.106261342027125 29.826075574087113 480.1623673764318 282.5925274949975 -1 -1 -1 -1 -1 -1 -1 -1 1 
715 42 Car -1.000000 -1 -1 363.24411724232374 172.71710913348537 476.486856690608 248.21649299946145 -1 -1 -1 -1 -1 -1 -1 -1 1 
716 42 Car -1.000000 -1 -1 353.29411384876164 171.19542607721033 480.58731178935227 252.10772533451174 -1 -1 -1 -1 -1 -1 -1 -1 1 
717 43 Car -1.000000 -1 -1 -12.980366582833966 175.4409384040614 342.880637563198 370.3317105454777 -1 -1 -1 -1 -1 -1 -1 -1 1 
718 43 Car -1.000000 -1 -1 -15.739050373507808 176.74884545622132 330.34432152608906 369.8417562656853 -1 -1 -1 -1 -1 -1 -1 -1 1 
719 43 Car -1.000000 -1 -1 -17.028316642314337 176.86508604504834 320.958489340123 370.2266901193261 -1 -1 -1 -1 -1 -1 -1 -1 1 
723 43 Car -1.000000 -1 -1 -20.801902022959155 191.31487146785395 232.61792441819432 365.79514290438846 -1 -1 -1 -1 -1 -1 -1 -1 1 
724 43 Car -1.000000 -1 -1 -21.238084270990257 199.4265980701299 189.56605651691694 360.83717292414156 -1 -1 -1 -1 -1 -1 -1 -1 1 
740 44 Car -1.000000 -1 -1 368.7033205303989 163.14842623354235 523.4636437395293 253.05365804047443 -1 -1 -1 -1 -1 -1 -1 -1 1 
747 44 Car -1.000000 -1 -1 385.8008027377094 171.64520129113288 539.6677002967918 265.4387227446687 -1 -1 -1 -1 -1 -1 -1 -1 1 
748 44 Car -1.000000 -1 -1 392.1778357077268 172.67165465118623 549.9874122978244 271.60211807212784 -1 -1 -1 -1 -1 -1 -1 -1 1 
749 44 Car -1.000000 -1 -1 400.4721911846355 172.76369011264885 561.6791228596039 273.84467179647197 -1 -1 -1 -1 -1 -1 -1 -1 1 
750 44 Car -1.000000 -1 -1 402.73416334673516 171.45275614389882 566.1604767875167 274.09698362477843 -1 -1 -1 -1 -1 -1 -1 -1 1 
751 44 Car -1.000000 -1 -1 403.6376091414638 168.0336216453544 569.9226206503348 272.630310932998 -1 -1 -1 -1 -1 -1 -1 -1 1 
752 44 Car -1.000000 -1 -1 404.299345376678 160.92122779018084 570.8573337119437 267.67154957334265 -1 -1 -1 -1 -1 -1 -1 -1 1 
753 44 Car -1.000000 -1 -1 402.5071629542837 157.26679433942343 570.5735082752719 265.93824418159875 -1 -1 -1 -1 -1 -1 -1 -1 1 
758 44 Car -1.000000 -1 -1 383.26915814489496 149.54825861198321 562.013575488695 269.9756056071728 -1 -1 -1 -1 -1 -1 -1 -1 1 
759 44 Car -1.000000 -1 -1 372.6401362107297 144.99339568727058 556.0465280561073 274.00654390508805 -1 -1 -1 -1 -1 -1 -1 -1 1 
760 44 Car -1.000000 -1 -1 363.63810822964797 143.34676918747323 553.0607802806952 278.12772084707433 -1 -1 -1 -1 -1 -1 -1 -1 1 
762 44 Car -1.000000 -1 -1 347.97276476737704 142.2036477414864 540.274918163847 282.3377061004224 -1 -1 -1 -1 -1 -1 -1 -1 1 
763 44 Car -1.000000 -1 -1 329.1186458964823 139.37845824851024 524.8212836519754 286.3038824336646 -1 -1 -1 -1 -1 -1 -1 -1 1 
764 44 Car -1.000000 -1 -1 318.63834668058894 137.16269275497092 515.1513308149387 289.3124514457811 -1 -1 -1 -1 -1 -1 -1 -1 1 
765 44 Car -1.000000 -1 -1 301.14137790645015 136.8855034126735 517.4119187519759 293.825668425496 -1 -1 -1 -1 -1 -1 -1 -1 1 
766 44 Car -1.000000 -1 -1 285.6394130202649 137.01971770214044 515.8544060883859 296.42976125520994 -1 -1 -1 -1 -1 -1 -1 -1 1 
767 44 Car -1.000000 -1 -1 273.732798543003 138.87669199762786 514.7246371635993 298.80535184399906 -1 -1 -1 -1 -1 -1 -1 -1 1 
768 44 Car -1.000000 -1 -1 255.96591297125445 137.63123475688462 493.17980259021357 305.37812583786933 -1 -1 -1 -1 -1 -1 -1 -1 1 
769 44 Car -1.000000 -1 -1 245.33544289895306 137.1169619428535 490.9884005574702 309.9579010063094 -1 -1 -1 -1 -1 -1 -1 -1 1 
770 44 Car -1.000000 -1 -1 232.83262058964067 136.95977942855234 489.70472494951264 312.0874842172047 -1 -1 -1 -1 -1 -1 -1 -1 1 
772 44 Car -1.000000 -1 -1 188.56873385623507 76.42487562412236 504.61557091230816 294.1768460357547 -1 -1 -1 -1 -1 -1 -1 -1 1 
773 44 Car -1.000000 -1 -1 169.21025752823974 49.875263490404095 516.2151715414374 291.65181771161906 -1 -1 -1 -1 -1 -1 -1 -1 1 
774 44 Car -1.000000 -1 -1 147.4425249979157 80.95948617761785 515.0760970730216 311.6860542128022 -1 -1 -1 -1 -1 -1 -1 -1 1 
777 45 Car -1.000000 -1 -1 451.8160341654201 155.50887408538347 553.8888542789116 261.37752469288625 -1 -1 -1 -1 -1 -1 -1 -1 1 
779 44 Car -1.000000 -1 -1 43.65504394684052 123.81177434205588 454.65857723660014 366.80321271955415 -1 -1 -1 -1 -1 -1 -1 -1 1 
780 44 Car -1.000000 -1 -1 15.796120208772521 140.84482866400387 444.5383932100202 378.40610773228786 -1 -1 -1 -1 -1 -1 -1 -1 1 
781 45 Car -1.000000 -1 -1 417.36624353638 175.6651952351447 531.3160852245737 302.53968139766675 -1 -1 -1 -1 -1 -1 -1 -1 1 
781 44 Car -1.000000 -1 -1 -0.403442675162637 147.78449424457534 438.11142239699205 380.7150997369768 -1 -1 -1 -1 -1 -1 -1 -1 1 
782 45 Car -1.000000 -1 -1 410.4446409941714 173.0654345724127 527.9813677887928 306.13446134356224 -1 -1 -1 -1 -1 -1 -1 -1 1 
782 44 Car -1.000000 -1 -1 -6.21415441304319 81.88972078020853 457.7527298361937 353.7964533467591 -1 -1 -1 -1 -1 -1 -1 -1 1 
783 45 Car -1.000000 -1 -1 398.7444322661886 171.8807627758253 524.6754326974352 309.3517943881027 -1 -1 -1 -1 -1 -1 -1 -1 1 
783 44 Car -1.000000 -1 -1 -8.45766058760961 52.64187868543286 461.813346669512 345.6074511221302 -1 -1 -1 -1 -1 -1 -1 -1 1 
784 44 Car -1.000000 -1 -1 -18.313758619726656 35.866530502210935 451.86793421785296 348.1769441374639 -1 -1 -1 -1 -1 -1 -1 -1 1 
786 44 Car -1.000000 -1 -1 -34.79981664220017 52.02855163729444 402.13272830164203 366.00251210359795 -1 -1 -1 -1 -1 -1 -1 -1 1 
787 44 Car -1.000000 -1 -1 -39.05417291344477 36.40561494835984 372.4460506992333 357.628597001869 -1 -1 -1 -1 -1 -1 -1 -1 1 
788 45 Car -1.000000 -1 -1 296.26581489162015 162.394586524133 484.6911461458436 339.8254816694706 -1 -1 -1 -1 -1 -1 -1 -1 1 
788 44 Car -1.000000 -1 -1 -42.14154279468073 26.286495580360025 338.4325645377048 357.7633027599385 -1 -1 -1 -1 -1 -1 -1 -1 1 
789 45 Car -1.000000 -1 -1 259.95108142213246 156.92540165391432 480.7427514897712 347.08775299822804 -1 -1 -1 -1 -1 -1 -1 -1 1 
789 44 Car -1.000000 -1 -1 -42.195848907226775 21.768648234475677 315.31852492961804 359.93328870933004 -1 -1 -1 -1 -1 -1 -1 -1 1 
790 45 Car -1.000000 -1 -1 220.25896463315507 153.47772536300442 478.75008654396856 352.44737113344894 -1 -1 -1 -1 -1 -1 -1 -1 1 
790 44 Car -1.000000 -1 -1 -44.04676058303025 16.292614266161422 286.34269833923713 363.8027380126111 -1 -1 -1 -1 -1 -1 -1 -1 1 
791 45 Car -1.000000 -1 -1 157.6739222292942 80.09682909359353 488.0267300295753 341.9179571470129 -1 -1 -1 -1 -1 -1 -1 -1 1 
792 45 Car -1.000000 -1 -1 94.22897121472073 103.92337901242493 457.54414541101283 364.4236316793007 -1 -1 -1 -1 -1 -1 -1 -1 1 
793 45 Car -1.000000 -1 -1 54.02982401985162 78.61868799270542 456.61420659752383 364.19711986135013 -1 -1 -1 -1 -1 -1 -1 -1 1 
794 45 Car -1.000000 -1 -1 24.131300244573083 67.88412147419092 453.5829902976138 367.0256649413673 -1 -1 -1 -1 -1 -1 -1 -1 1 
795 45 Car -1.000000 -1 -1 6.6112782571598245 39.48399586886674 456.0996512257833 360.8090135341944 -1 -1 -1 -1 -1 -1 -1 -1 1 
796 45 Car -1.000000 -1 -1 -8.259100879666192 21.398722368951837 451.9530631211072 366.82308536598657 -1 -1 -1 -1 -1 -1 -1 -1 1 
797 45 Car -1.000000 -1 -1 -20.81664795682471 68.19777098404617 442.30259408076677 390.40458380825737 -1 -1 -1 -1 -1 -1 -1 -1 1 
798 45 Car -1.000000 -1 -1 -31.34160250962242 90.14589167940562 434.14740218154424 394.38802866125843 -1 -1 -1 -1 -1 -1 -1 -1 1 
799 45 Car -1.000000 -1 -1 -44.48404334075599 96.01405621337398 407.95861853332923 395.1396089624463 -1 -1 -1 -1 -1 -1 -1 -1 1 
800 45 Car -1.000000 -1 -1 -51.547435832857985 101.3559767970186 381.2014428085688 394.64109560976476 -1 -1 -1 -1 -1 -1 -1 -1 1 
801 45 Car -1.000000 -1 -1 -51.58350018703442 102.40062159335687 356.63295576688785 390.17051827240425 -1 -1 -1 -1 -1 -1 -1 -1 1 
819 46 Car -1.000000 -1 -1 707.9063468987833 18.618982293640357 1237.8086730783225 361.55571395663605 -1 -1 -1 -1 -1 -1 -1 -1 1 
820 46 Car -1.000000 -1 -1 700.1311766346582 15.982068779225841 1247.6270548027433 367.2554260868917 -1 -1 -1 -1 -1 -1 -1 -1 1 
821 46 Car -1.000000 -1 -1 700.7972682022355 15.15732608457418 1243.3480170391529 364.4609984673226 -1 -1 -1 -1 -1 -1 -1 -1 1 
822 46 Car -1.000000 -1 -1 701.9787882445091 12.065222989941844 1246.6076793863153 363.35589612559414 -1 -1 -1 -1 -1 -1 -1 -1 1 
823 47 Car -1.000000 -1 -1 698.9293002155331 167.63239916581588 781.709766274403 241.75195565714714 -1 -1 -1 -1 -1 -1 -1 -1 1 
823 46 Car -1.000000 -1 -1 699.8380810104318 11.059990819193473 1249.8331613956445 366.44766868406396 -1 -1 -1 -1 -1 -1 -1 -1 1 
824 47 Car -1.000000 -1 -1 701.4929613321543 167.6642757709331 786.4752788249119 244.21824300981177 -1 -1 -1 -1 -1 -1 -1 -1 1 
825 47 Car -1.000000 -1 -1 704.6325797272066 166.83807294441533 791.6415437439819 246.72555000301242 -1 -1 -1 -1 -1 -1 -1 -1 1 
826 47 Car -1.000000 -1 -1 707.3055501748602 167.28876158739652 798.7467222476323 250.47716745825656 -1 -1 -1 -1 -1 -1 -1 -1 1 
827 47 Car -1.000000 -1 -1 709.1631790764882 167.4215846708977 802.7227325262563 252.94049045301847 -1 -1 -1 -1 -1 -1 -1 -1 1 
828 47 Car -1.000000 -1 -1 713.5697296009638 166.00523315491483 816.1365273062569 256.9134511649921 -1 -1 -1 -1 -1 -1 -1 -1 1 
829 47 Car -1.000000 -1 -1 715.9347107899372 164.68317555403326 826.3123442893883 259.92667115105434 -1 -1 -1 -1 -1 -1 -1 -1 1 
830 47 Car -1.000000 -1 -1 717.2764339926432 164.64612629826996 839.2194922414144 268.11853868210164 -1 -1 -1 -1 -1 -1 -1 -1 1 
831 47 Car -1.000000 -1 -1 722.9639070794603 163.82246684750837 856.48419709786 274.32974372893756 -1 -1 -1 -1 -1 -1 -1 -1 1 
832 47 Car -1.000000 -1 -1 725.988370456515 162.9804830148129 873.0980006915761 278.03305457158393 -1 -1 -1 -1 -1 -1 -1 -1 1 
833 47 Car -1.000000 -1 -1 736.5591826019464 162.42933455562067 889.5591392841903 282.03751145228824 -1 -1 -1 -1 -1 -1 -1 -1 1 
834 48 Car -1.000000 -1 -1 822.8537412228487 17.864142938971327 1177.1307828972915 292.2579324635597 -1 -1 -1 -1 -1 -1 -1 -1 1 
834 47 Car -1.000000 -1 -1 740.4646923071705 162.19245116484052 900.0158757102092 285.96655319996637 -1 -1 -1 -1 -1 -1 -1 -1 1 
835 48 Car -1.000000 -1 -1 816.9405274890819 15.491353974872027 1180.8012458872975 294.2614803345783 -1 -1 -1 -1 -1 -1 -1 -1 1 
835 47 Car -1.000000 -1 -1 743.3049465137549 161.0344993621738 916.4369786929269 289.89611650532146 -1 -1 -1 -1 -1 -1 -1 -1 1 
836 48 Car -1.000000 -1 -1 819.7382925751147 13.260274857930597 1195.9724428071509 300.945899482059 -1 -1 -1 -1 -1 -1 -1 -1 1 
836 47 Car -1.000000 -1 -1 748.2470879584231 163.99630832604367 931.5961547760577 297.2620696463817 -1 -1 -1 -1 -1 -1 -1 -1 1 
837 48 Car -1.000000 -1 -1 807.3174893295928 7.842544547395391 1191.0720635040175 306.70724783474935 -1 -1 -1 -1 -1 -1 -1 -1 1 
837 47 Car -1.000000 -1 -1 751.2063251323218 164.8291860115019 952.1791559705359 305.3308363634885 -1 -1 -1 -1 -1 -1 -1 -1 1 
838 48 Car -1.000000 -1 -1 789.3979483005697 -0.5907210486348049 1189.0808068197148 313.36643283045686 -1 -1 -1 -1 -1 -1 -1 -1 1 
838 47 Car -1.000000 -1 -1 772.0135553741895 167.43290735267806 989.7745341040229 310.0347945970867 -1 -1 -1 -1 -1 -1 -1 -1 1 
839 47 Car -1.000000 -1 -1 780.1329394572945 161.53441427951154 1024.6122285683919 320.92534876240165 -1 -1 -1 -1 -1 -1 -1 -1 1 
840 47 Car -1.000000 -1 -1 791.556359892851 168.1989890364917 1065.73795965744 341.8373559412328 -1 -1 -1 -1 -1 -1 -1 -1 1 
841 47 Car -1.000000 -1 -1 808.7438842505992 165.79537721118692 1121.1242567265367 354.7395989847452 -1 -1 -1 -1 -1 -1 -1 -1 1 
842 47 Car -1.000000 -1 -1 808.6036725315751 92.43792164518611 1177.5846984159912 337.20466609483555 -1 -1 -1 -1 -1 -1 -1 -1 1 
843 47 Car -1.000000 -1 -1 824.2435180860966 122.96263325289763 1218.2094744824378 367.662043893592 -1 -1 -1 -1 -1 -1 -1 -1 1 
844 47 Car -1.000000 -1 -1 834.3046261763202 124.82173520723113 1240.8158131225964 372.36512574784587 -1 -1 -1 -1 -1 -1 -1 -1 1 
845 47 Car -1.000000 -1 -1 852.7703537774403 124.58398498096638 1254.8701449685975 374.38173081393694 -1 -1 -1 -1 -1 -1 -1 -1 1 
846 47 Car -1.000000 -1 -1 860.1997212143357 137.60842774825107 1258.9138646100034 382.3318391978528 -1 -1 -1 -1 -1 -1 -1 -1 1 
847 47 Car -1.000000 -1 -1 873.5383250583169 141.51789035492425 1263.7002467446086 383.62556806972873 -1 -1 -1 -1 -1 -1 -1 -1 1 
848 47 Car -1.000000 -1 -1 896.5215180194454 144.66530927129685 1265.8343773686133 383.2001236302527 -1 -1 -1 -1 -1 -1 -1 -1 1 
849 47 Car -1.000000 -1 -1 915.9989409098256 136.44583233448816 1266.252634952869 377.62685642876363 -1 -1 -1 -1 -1 -1 -1 -1 1 
860 49 Car -1.000000 -1 -1 459.3181967581831 148.9599204250968 656.427783467871 203.96089965655273 -1 -1 -1 -1 -1 -1 -1 -1 1 
866 49 Car -1.000000 -1 -1 438.7076797030214 142.4582482569823 688.0212121876672 213.04177913473865 -1 -1 -1 -1 -1 -1 -1 -1 1 
867 49 Car -1.000000 -1 -1 428.3713008044644 138.90802171108095 700.1266321244896 217.47474127243225 -1 -1 -1 -1 -1 -1 -1 -1 1 
868 49 Car -1.000000 -1 -1 425.6695947269991 137.69996750956977 705.8990142803377 220.92611735317314 -1 -1 -1 -1 -1 -1 -1 -1 1 
869 49 Car -1.000000 -1 -1 421.9205209151779 137.9372321449207 709.5806053000603 222.92598743463117 -1 -1 -1 -1 -1 -1 -1 -1 1 
870 49 Car -1.000000 -1 -1 418.54091364052823 137.9905266929178 708.82267214425 226.48946709486893 -1 -1 -1 -1 -1 -1 -1 -1 1 
871 49 Car -1.000000 -1 -1 418.08808844561526 137.29479457522552 711.4261472007468 227.2784906786843 -1 -1 -1 -1 -1 -1 -1 -1 1 
875 49 Car -1.000000 -1 -1 410.0903952480203 135.1993848337131 712.9100744838568 225.90045688939335 -1 -1 -1 -1 -1 -1 -1 -1 1 
879 49 Car -1.000000 -1 -1 395.5117798264786 132.83117629625505 710.4812100218286 224.66201826115352 -1 -1 -1 -1 -1 -1 -1 -1 1 
881 49 Car -1.000000 -1 -1 373.9693842480507 131.11527181926252 707.5830789024982 224.98013711416584 -1 -1 -1 -1 -1 -1 -1 -1 1 
908 49 Car -1.000000 -1 -1 222.45290950785534 117.96734815283068 725.8438153760496 227.98642192340705 -1 -1 -1 -1 -1 -1 -1 -1 1 
913 49 Car -1.000000 -1 -1 140.43934117864893 112.46685444621173 779.8170036042541 224.76558920565063 -1 -1 -1 -1 -1 -1 -1 -1 1 
916 49 Car -1.000000 -1 -1 76.89696389110526 117.6748492635543 796.1181417481773 233.23869547430667 -1 -1 -1 -1 -1 -1 -1 -1 1 
918 49 Car -1.000000 -1 -1 56.43507639606662 119.58959549584836 827.0304428058906 239.7084330220291 -1 -1 -1 -1 -1 -1 -1 -1 1 
919 49 Car -1.000000 -1 -1 39.92718220186276 118.52150604300923 850.2792403201922 242.58243434878383 -1 -1 -1 -1 -1 -1 -1 -1 1 
922 50 Car -1.000000 -1 -1 926.940894099602 -3.478174936988978 1237.82078409674 363.9897130434128 -1 -1 -1 -1 -1 -1 -1 -1 1 
923 50 Car -1.000000 -1 -1 921.4676950922106 -2.2642347415791733 1240.4028621659047 363.5878621567649 -1 -1 -1 -1 -1 -1 -1 -1 1 
924 50 Car -1.000000 -1 -1 913.5963449989661 -3.1447124891779197 1240.5658383755065 369.0922198055747 -1 -1 -1 -1 -1 -1 -1 -1 1 
925 50 Car -1.000000 -1 -1 915.2747183031662 1.0137714024809839 1239.0210276761359 366.5365270074875 -1 -1 -1 -1 -1 -1 -1 -1 1 
926 50 Car -1.000000 -1 -1 931.3324764749404 9.329685474592992 1243.5254919738663 360.66180747235 -1 -1 -1 -1 -1 -1 -1 -1 1 
928 51 Car -1.000000 -1 -1 142.49296540820887 117.41200863670466 918.7830923845343 226.29555294486127 -1 -1 -1 -1 -1 -1 -1 -1 1 
929 51 Car -1.000000 -1 -1 151.03233069154953 122.14089431250208 875.0722932616573 231.16382042533382 -1 -1 -1 -1 -1 -1 -1 -1 1 
930 51 Car -1.000000 -1 -1 178.63335859720502 122.83831885027075 867.6349246075429 232.9047540050704 -1 -1 -1 -1 -1 -1 -1 -1 1 
931 51 Car -1.000000 -1 -1 195.5717349003001 122.86916051637039 852.3738693937514 233.38379577926807 -1 -1 -1 -1 -1 -1 -1 -1 1 
932 51 Car -1.000000 -1 -1 216.78702539642552 122.49399693997199 839.4727187528891 233.11634785727338 -1 -1 -1 -1 -1 -1 -1 -1 1 
933 51 Car -1.000000 -1 -1 256.04348311876 120.88519717001154 933.4958289700969 234.0608666395091 -1 -1 -1 -1 -1 -1 -1 -1 1 
934 51 Car -1.000000 -1 -1 242.69336470538445 120.28310732475103 881.5019072075411 233.66883129720065 -1 -1 -1 -1 -1 -1 -1 -1 1 
935 51 Car -1.000000 -1 -1 247.467244901661 120.98188680694967 848.2902108685928 233.62674701067266 -1 -1 -1 -1 -1 -1 -1 -1 1 
936 51 Car -1.000000 -1 -1 262.2258058262283 120.57115648393346 833.9061239323621 232.04938844401647 -1 -1 -1 -1 -1 -1 -1 -1 1 
937 51 Car -1.000000 -1 -1 272.2107521196293 121.3754058836727 825.1209149169014 232.79324064064545 -1 -1 -1 -1 -1 -1 -1 -1 1 
938 51 Car -1.000000 -1 -1 287.7785816539231 120.83108556382238 822.1281275779563 232.40772921215984 -1 -1 -1 -1 -1 -1 -1 -1 1 
939 52 Car -1.000000 -1 -1 18.176100934512746 173.06446308678352 230.2108488554416 319.4796257522263 -1 -1 -1 -1 -1 -1 -1 -1 1 
939 51 Car -1.000000 -1 -1 296.4765505794457 121.67888684044394 816.2964589601759 233.23548724639832 -1 -1 -1 -1 -1 -1 -1 -1 1 
940 52 Car -1.000000 -1 -1 25.96669788197501 165.96413738987582 274.08340632921636 315.37214214950103 -1 -1 -1 -1 -1 -1 -1 -1 1 
940 51 Car -1.000000 -1 -1 311.35466099926043 120.90614198435607 809.0212468765919 232.98165300605103 -1 -1 -1 -1 -1 -1 -1 -1 1 
941 52 Car -1.000000 -1 -1 28.636093316602057 164.95091373441494 311.00183263085785 316.77307876515096 -1 -1 -1 -1 -1 -1 -1 -1 1 
941 51 Car -1.000000 -1 -1 347.2914767891898 121.50360854046677 807.9350830242538 230.94123427445493 -1 -1 -1 -1 -1 -1 -1 -1 1 
942 52 Car -1.000000 -1 -1 32.021606287037685 166.23184840294562 357.3567411380099 311.527546245931 -1 -1 -1 -1 -1 -1 -1 -1 1 
942 51 Car -1.000000 -1 -1 365.60241580403044 121.3206362526322 814.2492220899389 233.4027195523936 -1 -1 -1 -1 -1 -1 -1 -1 1 
943 52 Car -1.000000 -1 -1 58.72766542688211 167.87308683397117 406.464931864352 306.0193921981243 -1 -1 -1 -1 -1 -1 -1 -1 1 
943 51 Car -1.000000 -1 -1 378.2315386968621 120.6180113034754 814.1347926503597 235.86805766021297 -1 -1 -1 -1 -1 -1 -1 -1 1 
944 52 Car -1.000000 -1 -1 103.71030474591296 165.6982085641292 460.45484644607757 302.8298954119397 -1 -1 -1 -1 -1 -1 -1 -1 1 
944 51 Car -1.000000 -1 -1 434.8682368849777 116.11369301519541 940.0603109254089 240.05195938676326 -1 -1 -1 -1 -1 -1 -1 -1 1 
945 52 Car -1.000000 -1 -1 156.14580155768937 165.89528848247335 512.5774827049297 299.5065240261073 -1 -1 -1 -1 -1 -1 -1 -1 1 
945 51 Car -1.000000 -1 -1 408.7401589460985 118.18425115499872 879.8166807975133 243.23968229436525 -1 -1 -1 -1 -1 -1 -1 -1 1 
946 52 Car -1.000000 -1 -1 205.50325213632289 164.77815307247607 565.1100896036122 298.1860060531196 -1 -1 -1 -1 -1 -1 -1 -1 1 
946 51 Car -1.000000 -1 -1 408.9019547794313 117.27591724740302 843.0979214781329 238.28370509250647 -1 -1 -1 -1 -1 -1 -1 -1 1 
947 52 Car -1.000000 -1 -1 258.96996644670924 166.7717544218695 609.2801320113606 296.49756218481355 -1 -1 -1 -1 -1 -1 -1 -1 1 
947 51 Car -1.000000 -1 -1 425.07646996155114 118.04610646736384 824.9499577270797 236.245513908005 -1 -1 -1 -1 -1 -1 -1 -1 1 
948 52 Car -1.000000 -1 -1 309.28074272208744 168.01894758352051 658.6387176821348 294.90605913825385 -1 -1 -1 -1 -1 -1 -1 -1 1 
948 51 Car -1.000000 -1 -1 438.9652630923499 118.92982211573339 815.0712191606322 235.12615479883613 -1 -1 -1 -1 -1 -1 -1 -1 1 
949 52 Car -1.000000 -1 -1 361.632629109507 165.33396541001412 707.2561348918059 289.08441502164646 -1 -1 -1 -1 -1 -1 -1 -1 1 
949 51 Car -1.000000 -1 -1 455.82624487433645 114.77533949091533 814.4152884177936 228.19234500578915 -1 -1 -1 -1 -1 -1 -1 -1 1 
950 52 Car -1.000000 -1 -1 400.8286860201315 165.66363130330717 712.103668554817 286.3277811831687 -1 -1 -1 -1 -1 -1 -1 -1 1 
950 51 Car -1.000000 -1 -1 456.1564993841014 123.56129650272183 816.2791463317978 243.44978549583803 -1 -1 -1 -1 -1 -1 -1 -1 1 
951 52 Car -1.000000 -1 -1 444.9240757844432 166.09188978537853 723.9272328616712 284.5936208245272 -1 -1 -1 -1 -1 -1 -1 -1 1 
951 51 Car -1.000000 -1 -1 471.34436922330633 123.8491320465798 816.9590411274019 248.64541572816555 -1 -1 -1 -1 -1 -1 -1 -1 1 
952 51 Car -1.000000 -1 -1 486.07281683886765 123.04969566971802 819.2419726954776 253.70532490738947 -1 -1 -1 -1 -1 -1 -1 -1 1 
955 54 Car -1.000000 -1 -1 922.5962292147128 -1.5336061231190286 1209.7443423661125 362.72407609283357 -1 -1 -1 -1 -1 -1 -1 -1 1 
956 54 Car -1.000000 -1 -1 888.4873403840736 -11.048255778960254 1218.1848413301775 338.0377971867411 -1 -1 -1 -1 -1 -1 -1 -1 1 
957 54 Car -1.000000 -1 -1 820.8554390329393 12.386369725540959 1208.5400627501442 332.64387003212414 -1 -1 -1 -1 -1 -1 -1 -1 1 
958 54 Car -1.000000 -1 -1 728.6996706333741 52.33243357937623 1106.185117447231 306.61661250374584 -1 -1 -1 -1 -1 -1 -1 -1 1 
959 54 Car -1.000000 -1 -1 721.8218225195534 68.6146551801224 1072.9541459942193 287.40858447736935 -1 -1 -1 -1 -1 -1 -1 -1 1 
960 54 Car -1.000000 -1 -1 733.1828574682232 112.22740523672826 1062.4546994561015 288.6184185580404 -1 -1 -1 -1 -1 -1 -1 -1 1 
961 55 Car -1.000000 -1 -1 602.4456807344392 107.28415683474495 796.970039042756 215.82321782370244 -1 -1 -1 -1 -1 -1 -1 -1 1 
961 54 Car -1.000000 -1 -1 757.278279810078 106.25750916185531 1062.9549717552522 275.08840164297504 -1 -1 -1 -1 -1 -1 -1 -1 1 
962 55 Car -1.000000 -1 -1 606.4072818536638 109.25814768997883 802.0858849167173 213.22803671489942 -1 -1 -1 -1 -1 -1 -1 -1 1 
962 54 Car -1.000000 -1 -1 767.9038074511595 104.49244273992568 1058.5900831066751 270.7614915342982 -1 -1 -1 -1 -1 -1 -1 -1 1 
963 54 Car -1.000000 -1 -1 814.1247619489508 128.9172706151118 1067.156342112446 275.5967973161422 -1 -1 -1 -1 -1 -1 -1 -1 1 
964 54 Car -1.000000 -1 -1 852.582997837366 142.34978502574148 1071.3093293595289 272.31623323568493 -1 -1 -1 -1 -1 -1 -1 -1 1 
965 54 Car -1.000000 -1 -1 880.36108380885 149.79777355524607 1071.2827906670002 264.14551570908395 -1 -1 -1 -1 -1 -1 -1 -1 1 
966 54 Car -1.000000 -1 -1 914.4621286951784 158.81938697952046 1073.563870264813 257.6244132530107 -1 -1 -1 -1 -1 -1 -1 -1 1 
973 57 Car -1.000000 -1 -1 11.07601675983156 196.33178687116578 210.66014701641953 334.8860556902079 -1 -1 -1 -1 -1 -1 -1 -1 1 
974 57 Car -1.000000 -1 -1 5.288240421112661 199.3731955247838 222.71745487446128 332.6849791670452 -1 -1 -1 -1 -1 -1 -1 -1 1 
975 57 Car -1.000000 -1 -1 31.37610413323847 200.59136471294977 300.5812580317736 338.70696895318014 -1 -1 -1 -1 -1 -1 -1 -1 1 
976 57 Car -1.000000 -1 -1 67.94124277188936 201.88694302174434 368.7885969583905 338.68478284816575 -1 -1 -1 -1 -1 -1 -1 -1 1 
977 57 Car -1.000000 -1 -1 110.74293380938656 201.58409208611585 416.19837762557717 333.46721746049724 -1 -1 -1 -1 -1 -1 -1 -1 1 
978 57 Car -1.000000 -1 -1 174.66602904805546 207.76909229321427 490.84589453948337 326.61893785813334 -1 -1 -1 -1 -1 -1 -1 -1 1 
979 57 Car -1.000000 -1 -1 234.3733380324162 207.18251167707805 557.5711113838832 323.050215483647 -1 -1 -1 -1 -1 -1 -1 -1 1 
980 57 Car -1.000000 -1 -1 287.56955094287446 196.44364948797875 609.4484123780616 313.21173264470065 -1 -1 -1 -1 -1 -1 -1 -1 1 
981 57 Car -1.000000 -1 -1 339.2075374223706 194.7350898218471 661.2874300777685 313.61710388024545 -1 -1 -1 -1 -1 -1 -1 -1 1 
982 57 Car -1.000000 -1 -1 392.09116236298655 193.77780498593518 701.4551980542954 312.9382930209753 -1 -1 -1 -1 -1 -1 -1 -1 1 
983 57 Car -1.000000 -1 -1 445.2770477162088 192.99564729311209 757.357852557698 307.9523788338786 -1 -1 -1 -1 -1 -1 -1 -1 1 
984 57 Car -1.000000 -1 -1 494.89696417494184 191.8993056873046 798.2270153824895 307.4349271074902 -1 -1 -1 -1 -1 -1 -1 -1 1 
985 57 Car -1.000000 -1 -1 540.4029979179181 190.94542610298643 845.1941120621109 303.4926521395773 -1 -1 -1 -1 -1 -1 -1 -1 1 
986 57 Car -1.000000 -1 -1 582.7937792536292 188.8035853871823 882.6782488364537 299.3676142248363 -1 -1 -1 -1 -1 -1 -1 -1 1 
987 57 Car -1.000000 -1 -1 621.8892463260372 190.13445775882425 922.3779773314795 298.13293599552276 -1 -1 -1 -1 -1 -1 -1 -1 1 
988 57 Car -1.000000 -1 -1 660.4578302465819 192.5042707000644 956.767226193307 296.60190644928235 -1 -1 -1 -1 -1 -1 -1 -1 1 
989 57 Car -1.000000 -1 -1 692.3978214048718 193.0073805148308 983.2043582426754 294.0332357886265 -1 -1 -1 -1 -1 -1 -1 -1 1 
990 59 Car -1.000000 -1 -1 802.2381999684637 98.60547591212006 1133.2225025261257 231.00357498934764 -1 -1 -1 -1 -1 -1 -1 -1 1 
990 57 Car -1.000000 -1 -1 728.4533473351678 191.17811068729753 1017.0163620693484 290.755077158624 -1 -1 -1 -1 -1 -1 -1 -1 1 
991 59 Car -1.000000 -1 -1 806.6696566592693 99.34056984369326 1130.6514482234713 228.3438982619787 -1 -1 -1 -1 -1 -1 -1 -1 1 
991 57 Car -1.000000 -1 -1 756.2272600109133 191.01186437352425 1045.9031279159426 289.0872718875701 -1 -1 -1 -1 -1 -1 -1 -1 1 
992 59 Car -1.000000 -1 -1 810.2341331316684 100.3633873933406 1128.6602530886912 226.19367245170372 -1 -1 -1 -1 -1 -1 -1 -1 1 
992 57 Car -1.000000 -1 -1 788.2119456251875 188.9030569220746 1063.3444115131135 289.00945354225786 -1 -1 -1 -1 -1 -1 -1 -1 1 
993 59 Car -1.000000 -1 -1 814.637306156075 100.46475778955697 1126.2849476190243 223.05665454576985 -1 -1 -1 -1 -1 -1 -1 -1 1 
993 57 Car -1.000000 -1 -1 816.1012632219647 187.04778190333778 1077.7268535946107 287.51459230130075 -1 -1 -1 -1 -1 -1 -1 -1 1 
994 59 Car -1.000000 -1 -1 816.6577153217065 101.0924537525941 1126.630630521525 221.67246510527332 -1 -1 -1 -1 -1 -1 -1 -1 1 
994 57 Car -1.000000 -1 -1 840.3194227923752 187.81546207158857 1101.4793154672939 286.2128608404122 -1 -1 -1 -1 -1 -1 -1 -1 1 
995 59 Car -1.000000 -1 -1 824.0533499193751 100.05795137600524 1135.0080325514714 220.1999876195963 -1 -1 -1 -1 -1 -1 -1 -1 1 
995 57 Car -1.000000 -1 -1 861.3782056605515 187.0332774683027 1125.8544804785188 284.8100931708823 -1 -1 -1 -1 -1 -1 -1 -1 1 
996 57 Car -1.000000 -1 -1 878.4741101791516 187.132228016764 1147.116724225386 283.917199651217 -1 -1 -1 -1 -1 -1 -1 -1 1 
997 57 Car -1.000000 -1 -1 897.8160744640586 185.7609834620734 1154.6626556829456 282.4458384444892 -1 -1 -1 -1 -1 -1 -1 -1 1 
998 57 Car -1.000000 -1 -1 914.4234011648591 184.8242831285547 1159.488800648398 281.046100073235 -1 -1 -1 -1 -1 -1 -1 -1 1 
999 57 Car -1.000000 -1 -1 927.8851118330883 184.40384369938596 1163.233132189206 280.58194581794805 -1 -1 -1 -1 -1 -1 -1 -1 1 
1000 57 Car -1.000000 -1 -1 938.557307074214 183.77078101247585 1163.5329978142242 279.3475248962012 -1 -1 -1 -1 -1 -1 -1 -1 1 
1001 57 Car -1.000000 -1 -1 946.5486417656962 181.22568881531907 1159.0813063398177 276.2164124729327 -1 -1 -1 -1 -1 -1 -1 -1 1 
1002 57 Car -1.000000 -1 -1 954.1204039481624 180.16850825861331 1153.4735519846602 274.5930570261706 -1 -1 -1 -1 -1 -1 -1 -1 1 
1003 57 Car -1.000000 -1 -1 961.0108207039499 178.44651722655226 1141.93398702941 273.0085499602649 -1 -1 -1 -1 -1 -1 -1 -1 1 
1004 57 Car -1.000000 -1 -1 975.6822622695348 177.4792191973358 1151.206023509607 271.1118183545374 -1 -1 -1 -1 -1 -1 -1 -1 1 
1005 57 Car -1.000000 -1 -1 987.6512084715579 178.60198637123082 1164.1324873537233 271.5534397629543 -1 -1 -1 -1 -1 -1 -1 -1 1 
1006 57 Car -1.000000 -1 -1 994.0302894566615 177.50694699563232 1171.4355991559837 272.5293366736197 -1 -1 -1 -1 -1 -1 -1 -1 1 
1007 57 Car -1.000000 -1 -1 1024.5596189693144 139.1988326359046 1196.9319596051776 250.70482314931272 -1 -1 -1 -1 -1 -1 -1 -1 1 
1008 57 Car -1.000000 -1 -1 1011.893833636164 160.24077599368135 1185.363317044232 269.3275224804663 -1 -1 -1 -1 -1 -1 -1 -1 1 
1009 57 Car -1.000000 -1 -1 1010.3181550079931 168.94990879917125 1181.1145347920742 274.3731233076347 -1 -1 -1 -1 -1 -1 -1 -1 1 
1010 57 Car -1.000000 -1 -1 1008.0339519801483 172.78352487834792 1178.7877252062497 274.7426092353245 -1 -1 -1 -1 -1 -1 -1 -1 1 
1011 57 Car -1.000000 -1 -1 1006.4955590300715 175.6455845820257 1176.569558108033 274.9414809558448 -1 -1 -1 -1 -1 -1 -1 -1 1 
1012 57 Car -1.000000 -1 -1 1005.7803304187654 177.56701272418238 1175.0674101403615 274.79083133581867 -1 -1 -1 -1 -1 -1 -1 -1 1 
1013 57 Car -1.000000 -1 -1 1005.8891112057086 178.5722629786335 1175.6725480315508 274.2335459346566 -1 -1 -1 -1 -1 -1 -1 -1 1 
1014 57 Car -1.000000 -1 -1 1005.5108088140806 179.2951382354243 1176.8816250552165 274.04350868301077 -1 -1 -1 -1 -1 -1 -1 -1 1 
1015 57 Car -1.000000 -1 -1 1004.3695955532403 179.8931335548857 1176.7064756327372 274.19202923388474 -1 -1 -1 -1 -1 -1 -1 -1 1 
1016 57 Car -1.000000 -1 -1 1003.5856230533054 180.17381922744497 1176.5193802202502 273.87398181483417 -1 -1 -1 -1 -1 -1 -1 -1 1 
1017 57 Car -1.000000 -1 -1 1002.5527346563038 180.09464609978792 1175.6049542973385 273.6039763871617 -1 -1 -1 -1 -1 -1 -1 -1 1 
1018 57 Car -1.000000 -1 -1 1001.867632185953 180.02517148067352 1175.3785480959068 273.5793490516978 -1 -1 -1 -1 -1 -1 -1 -1 1 
1019 57 Car -1.000000 -1 -1 1001.4358223129004 179.8764697975604 1175.357468454573 273.5855377118752 -1 -1 -1 -1 -1 -1 -1 -1 1 
1020 60 Car -1.000000 -1 -1 792.2409821597319 95.76055244397496 1076.4187903729842 234.9550646363278 -1 -1 -1 -1 -1 -1 -1 -1 1 
1020 57 Car -1.000000 -1 -1 1001.3814509070539 179.87315267523783 1175.4256496516618 273.5665722428171 -1 -1 -1 -1 -1 -1 -1 -1 1 
1021 60 Car -1.000000 -1 -1 795.7437503967367 94.84807878597509 1060.739934950401 234.9271907286889 -1 -1 -1 -1 -1 -1 -1 -1 1 
1021 57 Car -1.000000 -1 -1 1000.8403232640275 179.8424347319334 1174.9607073892776 273.68689810350435 -1 -1 -1 -1 -1 -1 -1 -1 1 
1022 60 Car -1.000000 -1 -1 800.9740184298156 94.47535005805898 1054.828424732273 234.94156724398667 -1 -1 -1 -1 -1 -1 -1 -1 1 
1022 57 Car -1.000000 -1 -1 1000.6269150031345 179.7543053299704 1174.7261532484197 273.740955528747 -1 -1 -1 -1 -1 -1 -1 -1 1 
1023 60 Car -1.000000 -1 -1 794.7762621283464 95.83185416079326 1072.6877700356436 234.74357723691637 -1 -1 -1 -1 -1 -1 -1 -1 1 
1023 57 Car -1.000000 -1 -1 999.9910194270856 179.77177202908373 1173.925845959051 273.8601568400477 -1 -1 -1 -1 -1 -1 -1 -1 1 
1024 57 Car -1.000000 -1 -1 999.5141049729365 179.8680706702643 1173.23654649732 274.00102887190417 -1 -1 -1 -1 -1 -1 -1 -1 1 
1025 57 Car -1.000000 -1 -1 999.5150058162496 179.6931736841217 1173.0860325267852 273.9376975495058 -1 -1 -1 -1 -1 -1 -1 -1 1 
1026 57 Car -1.000000 -1 -1 999.883344715538 179.67960530573714 1173.556100223669 273.87628979130267 -1 -1 -1 -1 -1 -1 -1 -1 1 
1027 57 Car -1.000000 -1 -1 1000.0266830415649 179.44390560008378 1173.8447017016856 273.7537207919331 -1 -1 -1 -1 -1 -1 -1 -1 1 
1028 57 Car -1.000000 -1 -1 999.9474581395995 179.3861102737988 1173.9495495036333 273.82497718699375 -1 -1 -1 -1 -1 -1 -1 -1 1 
1029 57 Car -1.000000 -1 -1 999.8541981850448 179.2210996687621 1173.4203394160957 273.891952507314 -1 -1 -1 -1 -1 -1 -1 -1 1 
1030 57 Car -1.000000 -1 -1 999.6455193538162 179.21043783545997 1173.1042482660202 274.0178106561103 -1 -1 -1 -1 -1 -1 -1 -1 1 
1031 61 Car -1.000000 -1 -1 791.3515162121661 94.97722060011382 1084.5828600309983 234.54178067762473 -1 -1 -1 -1 -1 -1 -1 -1 1 
1031 57 Car -1.000000 -1 -1 999.2492403988945 179.2852213518803 1172.7589365127583 274.10343496255894 -1 -1 -1 -1 -1 -1 -1 -1 1 
1032 61 Car -1.000000 -1 -1 787.7501124761021 96.54048466898675 1089.5137937790532 232.46158184380621 -1 -1 -1 -1 -1 -1 -1 -1 1 
1032 57 Car -1.000000 -1 -1 999.2480919390041 179.3971596525949 1172.7310552435579 274.1985361654384 -1 -1 -1 -1 -1 -1 -1 -1 1 
1033 61 Car -1.000000 -1 -1 787.0625303212636 97.86390217848165 1091.216569614359 229.93787528863535 -1 -1 -1 -1 -1 -1 -1 -1 1 
1033 57 Car -1.000000 -1 -1 999.1538044919879 179.33327920367375 1172.5958950936515 274.22769169820276 -1 -1 -1 -1 -1 -1 -1 -1 1 
1034 61 Car -1.000000 -1 -1 786.0818143410272 98.54813397372067 1093.982913599086 228.9570073876851 -1 -1 -1 -1 -1 -1 -1 -1 1 
1034 57 Car -1.000000 -1 -1 999.0044476614795 179.38433213858102 1172.5968835458077 274.3294486302069 -1 -1 -1 -1 -1 -1 -1 -1 1 
1035 61 Car -1.000000 -1 -1 785.0829709049558 99.31687374438863 1095.3375328355992 228.49802034248827 -1 -1 -1 -1 -1 -1 -1 -1 1 
1035 57 Car -1.000000 -1 -1 998.9103490435637 179.4714008194838 1172.6635530077988 274.3825712740581 -1 -1 -1 -1 -1 -1 -1 -1 1 
1036 61 Car -1.000000 -1 -1 785.1092808229791 99.60717656982308 1095.9242657673194 227.87154434499155 -1 -1 -1 -1 -1 -1 -1 -1 1 
1036 57 Car -1.000000 -1 -1 998.7807945196657 179.59401590448766 1172.7531324705049 274.39795985727545 -1 -1 -1 -1 -1 -1 -1 -1 1 
1037 57 Car -1.000000 -1 -1 998.7970474444279 179.56265176690675 1172.7678804849352 274.3975713408207 -1 -1 -1 -1 -1 -1 -1 -1 1 
1038 57 Car -1.000000 -1 -1 998.7332552406958 179.6270450545572 1172.430163782053 274.3843054133841 -1 -1 -1 -1 -1 -1 -1 -1 1 
1039 57 Car -1.000000 -1 -1 998.5905175538265 179.69133056486515 1171.8540474311012 274.3058185046554 -1 -1 -1 -1 -1 -1 -1 -1 1 
1040 57 Car -1.000000 -1 -1 998.7669309800214 179.56310095262052 1171.7723529943469 274.2352266094897 -1 -1 -1 -1 -1 -1 -1 -1 1 
1041 57 Car -1.000000 -1 -1 998.8103609836409 179.5708894588701 1171.942858518853 274.32230396780045 -1 -1 -1 -1 -1 -1 -1 -1 1 
1042 57 Car -1.000000 -1 -1 998.8737814212662 179.47882306165508 1172.1897704988928 274.33280012069804 -1 -1 -1 -1 -1 -1 -1 -1 1 
1043 57 Car -1.000000 -1 -1 998.6009260503691 179.3609739022663 1172.0807590332272 274.40040328416376 -1 -1 -1 -1 -1 -1 -1 -1 1 
1044 57 Car -1.000000 -1 -1 998.550075155099 178.65071764390268 1171.4643526917466 274.2724479060106 -1 -1 -1 -1 -1 -1 -1 -1 1 
1045 57 Car -1.000000 -1 -1 998.5040946442326 178.5630593195972 1171.1237860057824 274.36518664564534 -1 -1 -1 -1 -1 -1 -1 -1 1 
1046 57 Car -1.000000 -1 -1 998.5622122602928 179.16090062456777 1171.7137608972819 274.75786281802834 -1 -1 -1 -1 -1 -1 -1 -1 1 
1047 57 Car -1.000000 -1 -1 998.518718909374 182.66806037240477 1173.2174730185525 276.5880283070757 -1 -1 -1 -1 -1 -1 -1 -1 1 
1048 57 Car -1.000000 -1 -1 998.002733835242 184.43745080536905 1173.825954108443 276.9695977119555 -1 -1 -1 -1 -1 -1 -1 -1 1 
1049 57 Car -1.000000 -1 -1 997.9804455037827 185.0671966805328 1174.0474723210612 277.21281774500403 -1 -1 -1 -1 -1 -1 -1 -1 1 
1050 57 Car -1.000000 -1 -1 997.8052377364438 185.4065232079818 1174.265362146843 277.1875081705434 -1 -1 -1 -1 -1 -1 -1 -1 1 
1051 57 Car -1.000000 -1 -1 997.5251160381245 185.57843135565656 1174.758163240433 277.24317519790696 -1 -1 -1 -1 -1 -1 -1 -1 1 
1052 57 Car -1.000000 -1 -1 997.4148025025685 185.67800316276535 1175.38218282846 277.338708564664 -1 -1 -1 -1 -1 -1 -1 -1 1 
1053 57 Car -1.000000 -1 -1 997.4906762995693 185.79980810815962 1176.3004878094266 277.55804879910005 -1 -1 -1 -1 -1 -1 -1 -1 1 
1054 57 Car -1.000000 -1 -1 997.5636259611821 185.82371988903628 1177.9123489913413 277.8154847656916 -1 -1 -1 -1 -1 -1 -1 -1 1 
1055 57 Car -1.000000 -1 -1 997.5075645633591 185.8461953397039 1179.8089571690475 278.1494681632812 -1 -1 -1 -1 -1 -1 -1 -1 1 
1056 57 Car -1.000000 -1 -1 997.3783199808488 185.92151540826444 1181.5997662452044 278.4990692042584 -1 -1 -1 -1 -1 -1 -1 -1 1 
1057 57 Car -1.000000 -1 -1 996.6335819266203 186.0108226078915 1182.1263333024137 279.2108384246028 -1 -1 -1 -1 -1 -1 -1 -1 1 
1058 57 Car -1.000000 -1 -1 996.4149106633188 185.90364596296843 1183.384594880553 279.64988224257075 -1 -1 -1 -1 -1 -1 -1 -1 1 
