0 5 Car -1.000000 -1 -1 927.4751879625252 148.91282787907147 1064.3021182778134 202.91950922528576 -1 -1 -1 -1 -1 -1 -1 -1 1 
0 4 Car -1.000000 -1 -1 1128.4840758158743 164.0134360648648 1239.8460818125513 220.20921325953398 -1 -1 -1 -1 -1 -1 -1 -1 1 
0 3 Car -1.000000 -1 -1 806.790728573774 164.9537885103331 958.393422553014 251.76439127954015 -1 -1 -1 -1 -1 -1 -1 -1 1 
0 2 Car -1.000000 -1 -1 431.7895932043107 172.52449173769264 573.3230366861312 219.29395429787593 -1 -1 -1 -1 -1 -1 -1 -1 1 
0 1 Car -1.000000 -1 -1 69.00517262414363 182.9024975446224 265.3851486856063 247.5443902740442 -1 -1 -1 -1 -1 -1 -1 -1 1 
1 5 Car -1.000000 -1 -1 950.7502307450542 147.57860946254087 1064.2157196305118 202.74336929791247 -1 -1 -1 -1 -1 -1 -1 -1 1 
1 4 Car -1.000000 -1 -1 1175.846214739749 160.87410871226055 1241.9045435597118 220.88080085814 -1 -1 -1 -1 -1 -1 -1 -1 1 
1 3 Car -1.000000 -1 -1 828.656634224722 164.13749406973903 988.322448689777 249.7754363844601 -1 -1 -1 -1 -1 -1 -1 -1 1 
1 2 Car -1.000000 -1 -1 397.8767122053183 171.84584563633857 548.9879490205875 221.97837521357891 -1 -1 -1 -1 -1 -1 -1 -1 1 
1 1 Car -1.000000 -1 -1 6.044387626390062 185.53906390801646 217.6352292925406 251.2408649871269 -1 -1 -1 -1 -1 -1 -1 -1 1 
2 3 Car -1.000000 -1 -1 855.0218757369482 160.99009077207972 1019.7555523582088 249.97486200971673 -1 -1 -1 -1 -1 -1 -1 -1 1 
2 2 Car -1.000000 -1 -1 365.14466768847063 170.57649126777855 524.314699472143 222.97399295852162 -1 -1 -1 -1 -1 -1 -1 -1 1 
2 1 Car -1.000000 -1 -1 -3.095356545196111 185.94877987813493 157.18997503989016 253.63589758769825 -1 -1 -1 -1 -1 -1 -1 -1 1 
3 3 Car -1.000000 -1 -1 884.2559407009527 160.46570993673342 1057.0492118390705 248.79959576691573 -1 -1 -1 -1 -1 -1 -1 -1 1 
3 2 Car -1.000000 -1 -1 321.26816731748676 168.30449904171894 497.1720239697741 224.41713101803686 -1 -1 -1 -1 -1 -1 -1 -1 1 
3 1 Car -1.000000 -1 -1 -2.0591116745311524 185.21389893542687 85.01113946306018 258.145860915717 -1 -1 -1 -1 -1 -1 -1 -1 1 
4 3 Car -1.000000 -1 -1 910.932241974685 156.55166564437633 1091.216013135102 250.59280707500875 -1 -1 -1 -1 -1 -1 -1 -1 1 
4 2 Car -1.000000 -1 -1 276.5865321526161 167.18821077106094 463.2438289844073 226.85475625957437 -1 -1 -1 -1 -1 -1 -1 -1 1 
5 3 Car -1.000000 -1 -1 938.2852190072433 158.74045437130218 1123.6609720652207 248.41716998400022 -1 -1 -1 -1 -1 -1 -1 -1 1 
5 2 Car -1.000000 -1 -1 219.15915805760483 167.55784834878375 430.7876891886385 230.1255623415972 -1 -1 -1 -1 -1 -1 -1 -1 1 
6 3 Car -1.000000 -1 -1 966.8717209941778 158.39947360711028 1167.7179696544144 251.43491560951446 -1 -1 -1 -1 -1 -1 -1 -1 1 
6 2 Car -1.000000 -1 -1 155.66890573272337 168.67550415918234 385.28620686210115 238.27600726284663 -1 -1 -1 -1 -1 -1 -1 -1 1 
7 5 Car -1.000000 -1 -1 831.9671208218026 144.34425477296685 994.5613801753004 212.35867989106245 -1 -1 -1 -1 -1 -1 -1 -1 1 
7 4 Car -1.000000 -1 -1 1174.4165850894956 155.72504608784445 1243.1213968699942 201.09476067591459 -1 -1 -1 -1 -1 -1 -1 -1 1 
7 3 Car -1.000000 -1 -1 988.2948236055672 157.73284752280094 1204.5228592750545 255.02863467241136 -1 -1 -1 -1 -1 -1 -1 -1 1 
7 2 Car -1.000000 -1 -1 77.33424588636709 170.0770271440538 336.06106366732945 245.54496992809268 -1 -1 -1 -1 -1 -1 -1 -1 1 
8 5 Car -1.000000 -1 -1 806.7215329397184 146.70056545247252 974.1490776458612 214.50987304202638 -1 -1 -1 -1 -1 -1 -1 -1 1 
8 4 Car -1.000000 -1 -1 1191.1546675135883 158.12506653869954 1242.8036885596812 230.65400512244264 -1 -1 -1 -1 -1 -1 -1 -1 1 
8 3 Car -1.000000 -1 -1 1016.9758331807187 159.86513470012983 1235.8367995267304 254.73710111915494 -1 -1 -1 -1 -1 -1 -1 -1 1 
8 2 Car -1.000000 -1 -1 -0.14447820988985427 171.33968353916248 274.43405090730926 256.5645715759064 -1 -1 -1 -1 -1 -1 -1 -1 1 
9 5 Car -1.000000 -1 -1 777.656294865104 146.6350110176091 951.5226280070269 215.8715654379473 -1 -1 -1 -1 -1 -1 -1 -1 1 
9 3 Car -1.000000 -1 -1 1042.5732626002282 160.04900319071913 1240.690708086611 259.1622658073902 -1 -1 -1 -1 -1 -1 -1 -1 1 
9 2 Car -1.000000 -1 -1 1.7705245098242415 170.1881158380554 201.20694965009508 263.02005973859474 -1 -1 -1 -1 -1 -1 -1 -1 1 
10 5 Car -1.000000 -1 -1 744.6786567528659 146.76451867517943 917.9245659198897 217.0015182525206 -1 -1 -1 -1 -1 -1 -1 -1 1 
10 3 Car -1.000000 -1 -1 1074.2710669010592 160.1318279460359 1240.1494773129145 258.07025561180825 -1 -1 -1 -1 -1 -1 -1 -1 1 
10 2 Car -1.000000 -1 -1 -1.0711892132575684 172.46184806124523 120.56743238293207 266.70506847305944 -1 -1 -1 -1 -1 -1 -1 -1 1 
11 5 Car -1.000000 -1 -1 711.2877497867896 146.86056830060596 883.5087015433953 220.44290858320892 -1 -1 -1 -1 -1 -1 -1 -1 1 
11 3 Car -1.000000 -1 -1 1092.0517971677561 158.03186735138294 1242.8130554486638 262.83091338924487 -1 -1 -1 -1 -1 -1 -1 -1 1 
12 5 Car -1.000000 -1 -1 660.706129752816 149.97633351371263 850.5898359370633 228.17545120890895 -1 -1 -1 -1 -1 -1 -1 -1 1 
12 3 Car -1.000000 -1 -1 1111.2643056153677 163.3007630634193 1243.8068707760135 267.78760255099485 -1 -1 -1 -1 -1 -1 -1 -1 1 
13 5 Car -1.000000 -1 -1 616.1807946547005 154.73783711114754 808.837323488381 233.87638185746394 -1 -1 -1 -1 -1 -1 -1 -1 1 
13 3 Car -1.000000 -1 -1 1121.6485182160081 167.62762377038598 1242.5972960615672 271.8533927646394 -1 -1 -1 -1 -1 -1 -1 -1 1 
14 5 Car -1.000000 -1 -1 564.9736329484731 156.95419278927147 759.8558996748179 240.2014416964868 -1 -1 -1 -1 -1 -1 -1 -1 1 
14 3 Car -1.000000 -1 -1 1131.8014550644618 174.18332365699683 1241.3037304992858 270.5415395948176 -1 -1 -1 -1 -1 -1 -1 -1 1 
15 6 Car -1.000000 -1 -1 944.2048790323046 173.81768757835604 1078.3283459905247 226.42553742760077 -1 -1 -1 -1 -1 -1 -1 -1 1 
15 5 Car -1.000000 -1 -1 511.05234066339636 157.236283698764 711.2183127494959 243.8604391287439 -1 -1 -1 -1 -1 -1 -1 -1 1 
15 3 Car -1.000000 -1 -1 1134.8925657991606 175.6635438471746 1241.4056714145609 268.42920354997307 -1 -1 -1 -1 -1 -1 -1 -1 1 
16 6 Car -1.000000 -1 -1 897.8027138251525 176.79058201611042 1037.4531956956937 231.61525322267642 -1 -1 -1 -1 -1 -1 -1 -1 1 
16 5 Car -1.000000 -1 -1 446.28152010991016 159.74357571954334 663.7409725097509 253.61269921995697 -1 -1 -1 -1 -1 -1 -1 -1 1 
16 3 Car -1.000000 -1 -1 1137.4099952684571 179.4382396977968 1240.5464737630234 268.98229234995176 -1 -1 -1 -1 -1 -1 -1 -1 1 
17 6 Car -1.000000 -1 -1 854.6738224006617 178.6016649924792 993.1146993935109 233.71516540646553 -1 -1 -1 -1 -1 -1 -1 -1 1 
17 5 Car -1.000000 -1 -1 377.0391548023774 160.67249675352986 609.0842074912327 259.64559267203396 -1 -1 -1 -1 -1 -1 -1 -1 1 
17 3 Car -1.000000 -1 -1 1138.160164442773 180.01782879806484 1240.4850701145256 269.9309038714721 -1 -1 -1 -1 -1 -1 -1 -1 1 
18 6 Car -1.000000 -1 -1 810.8118462998134 179.7654627499959 952.1520934815591 235.4200924925793 -1 -1 -1 -1 -1 -1 -1 -1 1 
18 5 Car -1.000000 -1 -1 298.2184885473779 160.1217141589866 548.5027903860005 269.87939739886383 -1 -1 -1 -1 -1 -1 -1 -1 1 
18 3 Car -1.000000 -1 -1 1131.3899508049853 180.30752005198826 1241.1487593948839 269.50840200655733 -1 -1 -1 -1 -1 -1 -1 -1 1 
19 6 Car -1.000000 -1 -1 767.3200972578848 179.02251170016825 910.1879528537394 238.44321865516787 -1 -1 -1 -1 -1 -1 -1 -1 1 
19 5 Car -1.000000 -1 -1 194.38890511256002 160.6100317484771 483.5438705866154 279.4523639067148 -1 -1 -1 -1 -1 -1 -1 -1 1 
19 3 Car -1.000000 -1 -1 1125.9544613235273 179.9212790524157 1239.2048818182489 268.96396118144577 -1 -1 -1 -1 -1 -1 -1 -1 1 
20 7 Car -1.000000 -1 -1 947.6958809099519 182.37607303756073 1049.8187415949428 224.6837413851888 -1 -1 -1 -1 -1 -1 -1 -1 1 
20 6 Car -1.000000 -1 -1 718.2448513358831 178.06060454593256 867.98618065967 240.74017127545983 -1 -1 -1 -1 -1 -1 -1 -1 1 
20 5 Car -1.000000 -1 -1 82.93030882798706 159.9641995003017 413.80022523494864 293.2078812916118 -1 -1 -1 -1 -1 -1 -1 -1 1 
20 3 Car -1.000000 -1 -1 1119.2209899001396 177.52230185298967 1240.8983528487956 265.3831356348327 -1 -1 -1 -1 -1 -1 -1 -1 1 
21 7 Car -1.000000 -1 -1 915.9497780455991 182.94256917523364 1014.5043192895557 224.70002199630613 -1 -1 -1 -1 -1 -1 -1 -1 1 
21 6 Car -1.000000 -1 -1 675.9383391841099 178.23337964140453 824.4791877006107 245.28212902637628 -1 -1 -1 -1 -1 -1 -1 -1 1 
21 5 Car -1.000000 -1 -1 -3.3283935106144327 160.28287473063057 333.204211909897 314.6908465557947 -1 -1 -1 -1 -1 -1 -1 -1 1 
21 3 Car -1.000000 -1 -1 1108.1237755612685 178.53894718707755 1240.2440321479853 261.4913384716671 -1 -1 -1 -1 -1 -1 -1 -1 1 
22 7 Car -1.000000 -1 -1 879.8034448818518 183.0319386656181 977.3674230013901 226.74041243198397 -1 -1 -1 -1 -1 -1 -1 -1 1 
22 6 Car -1.000000 -1 -1 620.7938051200829 178.55795444204256 782.5950214931597 250.59155317453235 -1 -1 -1 -1 -1 -1 -1 -1 1 
22 5 Car -1.000000 -1 -1 -2.8871667981147766 160.92689116843616 256.54330558501755 327.725675709259 -1 -1 -1 -1 -1 -1 -1 -1 1 
22 3 Car -1.000000 -1 -1 1097.9416361531387 179.203247723098 1224.481523583715 259.98503234810556 -1 -1 -1 -1 -1 -1 -1 -1 1 
23 8 Car -1.000000 -1 -1 972.4634002997325 182.6671330401531 1042.4503461282986 217.57158293173865 -1 -1 -1 -1 -1 -1 -1 -1 1 
23 7 Car -1.000000 -1 -1 835.9485570547673 184.5514666235361 936.9735802331797 230.8811106128045 -1 -1 -1 -1 -1 -1 -1 -1 1 
23 6 Car -1.000000 -1 -1 567.7959581109194 182.44145765828972 732.0166177153587 258.4683578640509 -1 -1 -1 -1 -1 -1 -1 -1 1 
23 3 Car -1.000000 -1 -1 1078.3742756270447 182.4137695456067 1195.8934555993633 259.69606714967927 -1 -1 -1 -1 -1 -1 -1 -1 1 
24 8 Car -1.000000 -1 -1 931.1832965973477 186.99966464191672 1004.368697478794 221.76833157069404 -1 -1 -1 -1 -1 -1 -1 -1 1 
24 7 Car -1.000000 -1 -1 795.0920720255147 188.54910527499248 899.1092656879472 232.87883925681504 -1 -1 -1 -1 -1 -1 -1 -1 1 
24 6 Car -1.000000 -1 -1 501.25318015997226 182.081541691262 684.6772304589931 265.76133709974016 -1 -1 -1 -1 -1 -1 -1 -1 1 
24 3 Car -1.000000 -1 -1 1060.4824454956329 186.8524067999365 1170.57427767263 260.70647591796626 -1 -1 -1 -1 -1 -1 -1 -1 1 
25 8 Car -1.000000 -1 -1 894.8103781995865 188.21437319274992 965.9086611442841 223.4809446739606 -1 -1 -1 -1 -1 -1 -1 -1 1 
25 7 Car -1.000000 -1 -1 749.7802453327637 188.52611212955358 858.0105963108631 235.41687617902286 -1 -1 -1 -1 -1 -1 -1 -1 1 
25 6 Car -1.000000 -1 -1 426.0212651634445 182.58035680852257 626.8813236074952 272.153907849525 -1 -1 -1 -1 -1 -1 -1 -1 1 
25 3 Car -1.000000 -1 -1 1035.7941481356438 188.79462029928197 1141.972203976833 259.90060777761613 -1 -1 -1 -1 -1 -1 -1 -1 1 
26 8 Car -1.000000 -1 -1 851.3895759588252 185.54301922603582 927.9388517594109 221.49754346957286 -1 -1 -1 -1 -1 -1 -1 -1 1 
26 7 Car -1.000000 -1 -1 716.2526712807326 185.31136289955333 820.3152027038427 235.3146217691784 -1 -1 -1 -1 -1 -1 -1 -1 1 
26 6 Car -1.000000 -1 -1 335.60994483387236 181.41463406097432 569.5910703817813 283.74873538716486 -1 -1 -1 -1 -1 -1 -1 -1 1 
26 3 Car -1.000000 -1 -1 1011.400072505841 185.3935497168165 1106.38754639488 253.64680523769215 -1 -1 -1 -1 -1 -1 -1 -1 1 
27 8 Car -1.000000 -1 -1 810.6241853552369 182.54901346069977 883.9760887766114 218.25943895293258 -1 -1 -1 -1 -1 -1 -1 -1 1 
27 7 Car -1.000000 -1 -1 667.7475284979894 184.64266207928844 776.5026110433615 236.5362496616749 -1 -1 -1 -1 -1 -1 -1 -1 1 
27 6 Car -1.000000 -1 -1 224.1398793977614 178.33137268630358 496.3854521177709 297.02849213320474 -1 -1 -1 -1 -1 -1 -1 -1 1 
27 3 Car -1.000000 -1 -1 980.9091866853146 180.941328433199 1066.4169720858335 248.53827056582446 -1 -1 -1 -1 -1 -1 -1 -1 1 
28 8 Car -1.000000 -1 -1 772.131759211421 184.05654632414763 842.5111326036545 222.23233309789347 -1 -1 -1 -1 -1 -1 -1 -1 1 
28 7 Car -1.000000 -1 -1 617.1230253153122 184.40318261631404 732.9657509544721 240.61230587987944 -1 -1 -1 -1 -1 -1 -1 -1 1 
28 6 Car -1.000000 -1 -1 87.63756769121841 178.63649394936286 417.1304936715616 315.44393379814346 -1 -1 -1 -1 -1 -1 -1 -1 1 
28 3 Car -1.000000 -1 -1 948.2188247488094 182.05479485018606 1026.6886034791285 247.09586903918532 -1 -1 -1 -1 -1 -1 -1 -1 1 
29 8 Car -1.000000 -1 -1 734.8844923150655 184.992227739153 805.618066206288 221.78430414686983 -1 -1 -1 -1 -1 -1 -1 -1 1 
29 7 Car -1.000000 -1 -1 565.9377135439561 184.2531649252543 685.7935930031997 243.9120398977628 -1 -1 -1 -1 -1 -1 -1 -1 1 
29 6 Car -1.000000 -1 -1 -3.499956357651058 181.09874280456168 325.0583012169943 343.54644702174346 -1 -1 -1 -1 -1 -1 -1 -1 1 
29 3 Car -1.000000 -1 -1 915.0670409615223 183.70320176920637 988.6187393160966 243.1241171971823 -1 -1 -1 -1 -1 -1 -1 -1 1 
30 8 Car -1.000000 -1 -1 692.2162107361052 183.6036193327835 764.8383963755691 223.43294154136225 -1 -1 -1 -1 -1 -1 -1 -1 1 
30 7 Car -1.000000 -1 -1 501.32543670443386 181.7925115330861 634.8703508996047 247.6272673274462 -1 -1 -1 -1 -1 -1 -1 -1 1 
30 6 Car -1.000000 -1 -1 0.43238701298832893 175.21703099975218 201.76586961029813 332.26945566443294 -1 -1 -1 -1 -1 -1 -1 -1 1 
30 3 Car -1.000000 -1 -1 886.8055720598652 184.89404150750485 956.5399360295672 241.83057292471995 -1 -1 -1 -1 -1 -1 -1 -1 1 
31 8 Car -1.000000 -1 -1 652.5892479362395 182.22108490478536 716.7266951398207 218.96228702882163 -1 -1 -1 -1 -1 -1 -1 -1 1 
31 7 Car -1.000000 -1 -1 437.70539451361856 182.3381955663745 587.9786102333321 253.90070769935846 -1 -1 -1 -1 -1 -1 -1 -1 1 
31 3 Car -1.000000 -1 -1 851.5155042174918 183.7447440126338 918.4073949553646 239.96811248182965 -1 -1 -1 -1 -1 -1 -1 -1 1 
32 8 Car -1.000000 -1 -1 603.9108528087918 182.02653147566775 679.6661024317144 226.12258154325758 -1 -1 -1 -1 -1 -1 -1 -1 1 
32 7 Car -1.000000 -1 -1 361.9920300719543 182.2422680695756 532.1016672742194 260.31536599979376 -1 -1 -1 -1 -1 -1 -1 -1 1 
32 3 Car -1.000000 -1 -1 817.5260769535715 182.91891450420596 881.4768366223344 237.62193066067994 -1 -1 -1 -1 -1 -1 -1 -1 1 
33 8 Car -1.000000 -1 -1 561.4726822714392 182.40781731975193 640.7539103243213 225.47761048190296 -1 -1 -1 -1 -1 -1 -1 -1 1 
33 7 Car -1.000000 -1 -1 267.9448773944034 182.17298008788092 469.8848280823575 270.56731663357755 -1 -1 -1 -1 -1 -1 -1 -1 1 
34 8 Car -1.000000 -1 -1 517.3878061911809 181.60109186115176 600.0927605167606 226.86548509563394 -1 -1 -1 -1 -1 -1 -1 -1 1 
34 7 Car -1.000000 -1 -1 155.98651545638074 183.33626746271665 398.19690760425647 285.59942135157496 -1 -1 -1 -1 -1 -1 -1 -1 1 
35 8 Car -1.000000 -1 -1 465.05544491054917 181.16619842700086 558.3902882698636 228.80959693485727 -1 -1 -1 -1 -1 -1 -1 -1 1 
35 7 Car -1.000000 -1 -1 12.690485380589934 183.76216195667018 319.2541921373743 307.6070132665336 -1 -1 -1 -1 -1 -1 -1 -1 1 
36 8 Car -1.000000 -1 -1 418.09654128436864 181.3248173476985 515.4537992030382 231.92683424657358 -1 -1 -1 -1 -1 -1 -1 -1 1 
36 7 Car -1.000000 -1 -1 -0.5929029939266286 189.8394527916725 234.96122389458694 337.1140865179209 -1 -1 -1 -1 -1 -1 -1 -1 1 
37 20 Car -1.000000 -1 -1 658.0008414538147 179.06047446796526 712.0775145829583 227.2202568845107 -1 -1 -1 -1 -1 -1 -1 -1 1 
37 8 Car -1.000000 -1 -1 367.5674827969992 182.05681787087366 480.46309810418353 232.69143156134163 -1 -1 -1 -1 -1 -1 -1 -1 1 
37 7 Car -1.000000 -1 -1 -1.2686379086226225 189.6487093673876 121.89412751034476 345.06018198310187 -1 -1 -1 -1 -1 -1 -1 -1 1 
38 20 Car -1.000000 -1 -1 632.989725916145 181.12625935688044 686.6665883376621 225.93671160463532 -1 -1 -1 -1 -1 -1 -1 -1 1 
38 8 Car -1.000000 -1 -1 328.70688959268426 183.6585854896559 443.15278682112694 241.65930831804872 -1 -1 -1 -1 -1 -1 -1 -1 1 
39 20 Car -1.000000 -1 -1 616.4093408555939 181.26330307075898 669.7775740147783 226.2209101060692 -1 -1 -1 -1 -1 -1 -1 -1 1 
39 8 Car -1.000000 -1 -1 275.7041936860635 186.39339409016358 410.09961531483214 249.72530150821862 -1 -1 -1 -1 -1 -1 -1 -1 1 
40 28 Car -1.000000 -1 -1 393.0196455803055 185.33589536001764 459.7309284124237 225.26494883753074 -1 -1 -1 -1 -1 -1 -1 -1 1 
40 20 Car -1.000000 -1 -1 601.2548051631222 178.55795562410583 656.3937927490244 222.10527924247657 -1 -1 -1 -1 -1 -1 -1 -1 1 
40 8 Car -1.000000 -1 -1 231.29442029962175 186.61649195620646 370.4256458993142 254.04079874547625 -1 -1 -1 -1 -1 -1 -1 -1 1 
41 28 Car -1.000000 -1 -1 370.1222392383677 185.34581700805575 440.6873278233868 227.38044485987092 -1 -1 -1 -1 -1 -1 -1 -1 1 
41 20 Car -1.000000 -1 -1 584.0603912696242 178.22836543648287 636.8672741473868 222.70930411580662 -1 -1 -1 -1 -1 -1 -1 -1 1 
41 8 Car -1.000000 -1 -1 169.18396171468956 186.22966927404588 343.8507579954771 257.57181343550866 -1 -1 -1 -1 -1 -1 -1 -1 1 
42 28 Car -1.000000 -1 -1 346.65199317668487 185.8375360383294 425.09204002240523 231.06332367751747 -1 -1 -1 -1 -1 -1 -1 -1 1 
42 20 Car -1.000000 -1 -1 580.0425378557009 179.07070275396106 630.6433307697567 221.4222092611285 -1 -1 -1 -1 -1 -1 -1 -1 1 
42 8 Car -1.000000 -1 -1 108.13952953425738 189.22828992183963 308.7687364690579 266.6788032959 -1 -1 -1 -1 -1 -1 -1 -1 1 
43 33 Car -1.000000 -1 -1 400.8815468926556 185.85497208942587 446.8357092453024 220.7670508024211 -1 -1 -1 -1 -1 -1 -1 -1 1 
43 28 Car -1.000000 -1 -1 318.3023397572912 188.5169609181153 402.832893654131 235.0378412520513 -1 -1 -1 -1 -1 -1 -1 -1 1 
43 20 Car -1.000000 -1 -1 567.5327842370249 182.59647467101993 620.5444493938523 224.7841407616551 -1 -1 -1 -1 -1 -1 -1 -1 1 
43 8 Car -1.000000 -1 -1 29.002621134026697 195.4454162086432 276.9191199297515 285.22865345271737 -1 -1 -1 -1 -1 -1 -1 -1 1 
44 33 Car -1.000000 -1 -1 384.4418256815809 185.89699376696862 441.7891344216007 223.02843393005716 -1 -1 -1 -1 -1 -1 -1 -1 1 
44 28 Car -1.000000 -1 -1 299.80779814949403 190.21665245796052 390.1361464193234 238.03683658703588 -1 -1 -1 -1 -1 -1 -1 -1 1 
44 20 Car -1.000000 -1 -1 562.4457478660803 182.70248941217477 616.6056461059129 225.07207503972145 -1 -1 -1 -1 -1 -1 -1 -1 1 
44 8 Car -1.000000 -1 -1 -0.49285640166357325 197.20012755491413 241.02093133559595 300.9102332692307 -1 -1 -1 -1 -1 -1 -1 -1 1 
45 33 Car -1.000000 -1 -1 370.74685795089374 185.19397931567465 430.9793318596024 225.9971846987565 -1 -1 -1 -1 -1 -1 -1 -1 1 
45 28 Car -1.000000 -1 -1 271.52419351843685 191.6708112694323 373.4826607772937 245.05549106890192 -1 -1 -1 -1 -1 -1 -1 -1 1 
45 20 Car -1.000000 -1 -1 563.8921187405404 182.2050248559278 611.3324131759314 224.55801689424197 -1 -1 -1 -1 -1 -1 -1 -1 1 
45 8 Car -1.000000 -1 -1 0.838630321937103 201.0358821314115 197.4551683619905 312.0784326814688 -1 -1 -1 -1 -1 -1 -1 -1 1 
46 34 Car -1.000000 -1 -1 422.0844362779306 185.14024322995772 457.5512796032888 214.59831555302327 -1 -1 -1 -1 -1 -1 -1 -1 1 
46 33 Car -1.000000 -1 -1 359.64590336955507 187.57757411087647 423.9493904320093 227.96353802550584 -1 -1 -1 -1 -1 -1 -1 -1 1 
46 28 Car -1.000000 -1 -1 247.49400514937363 191.92818147488512 359.8341597490586 250.75058871880174 -1 -1 -1 -1 -1 -1 -1 -1 1 
46 20 Car -1.000000 -1 -1 562.3926326148212 182.7791870231382 613.4305003907245 224.73255877132314 -1 -1 -1 -1 -1 -1 -1 -1 1 
46 8 Car -1.000000 -1 -1 -0.8579444976953425 202.41821673698723 139.9328368993906 328.50234237356256 -1 -1 -1 -1 -1 -1 -1 -1 1 
47 34 Car -1.000000 -1 -1 418.81628544227436 184.24711705973513 454.0239085033536 215.55509518545406 -1 -1 -1 -1 -1 -1 -1 -1 1 
47 33 Car -1.000000 -1 -1 341.375446026715 186.68648288943444 412.73736961930996 230.79977840041883 -1 -1 -1 -1 -1 -1 -1 -1 1 
47 28 Car -1.000000 -1 -1 213.6019544521203 192.6153782271565 343.87836012358844 255.1831220402024 -1 -1 -1 -1 -1 -1 -1 -1 1 
47 20 Car -1.000000 -1 -1 562.4325865475604 179.59677517557375 613.1280283455092 221.3485661822443 -1 -1 -1 -1 -1 -1 -1 -1 1 
48 33 Car -1.000000 -1 -1 328.5841506301211 187.56092300351997 402.5447088439878 233.2063659380835 -1 -1 -1 -1 -1 -1 -1 -1 1 
48 32 Car -1.000000 -1 -1 447.5484963707052 187.09843677396958 482.2038448172119 209.6677848066275 -1 -1 -1 -1 -1 -1 -1 -1 1 
48 28 Car -1.000000 -1 -1 177.67230336826583 194.0772549714893 327.5978139191866 262.429394490587 -1 -1 -1 -1 -1 -1 -1 -1 1 
48 20 Car -1.000000 -1 -1 563.9511782866545 179.75759563537744 608.034648884231 220.5456463763347 -1 -1 -1 -1 -1 -1 -1 -1 1 
49 33 Car -1.000000 -1 -1 316.88118037352194 187.23197838363166 392.1402999483622 234.96750529067447 -1 -1 -1 -1 -1 -1 -1 -1 1 
49 32 Car -1.000000 -1 -1 444.68871851150806 185.9616179449054 481.0479155687185 210.07437266122838 -1 -1 -1 -1 -1 -1 -1 -1 1 
49 28 Car -1.000000 -1 -1 132.92913820737826 194.78280564698463 300.9957739335413 271.4230774077945 -1 -1 -1 -1 -1 -1 -1 -1 1 
49 20 Car -1.000000 -1 -1 562.780776107827 179.6031936716575 609.0225611131351 219.63291944792638 -1 -1 -1 -1 -1 -1 -1 -1 1 
50 33 Car -1.000000 -1 -1 301.6802836834238 188.17662440526945 386.63318281276867 238.87576370571668 -1 -1 -1 -1 -1 -1 -1 -1 1 
50 32 Car -1.000000 -1 -1 442.78985624244575 186.87056549466575 479.02273710072035 210.99573402450636 -1 -1 -1 -1 -1 -1 -1 -1 1 
50 28 Car -1.000000 -1 -1 75.66010602620932 196.8731264082285 271.977209522174 281.59959585620805 -1 -1 -1 -1 -1 -1 -1 -1 1 
50 20 Car -1.000000 -1 -1 564.0252112594362 179.91021512828482 611.4095999429433 219.5003576343879 -1 -1 -1 -1 -1 -1 -1 -1 1 
51 34 Car -1.000000 -1 -1 388.55529765211617 185.7612322156246 439.6367724056427 223.5539685934782 -1 -1 -1 -1 -1 -1 -1 -1 1 
51 33 Car -1.000000 -1 -1 277.91913740766734 189.39712600639234 373.9206049456619 247.4556059504931 -1 -1 -1 -1 -1 -1 -1 -1 1 
51 32 Car -1.000000 -1 -1 441.6808513947404 189.08076804990952 477.24794773929386 211.60754633064454 -1 -1 -1 -1 -1 -1 -1 -1 1 
51 28 Car -1.000000 -1 -1 1.3352989485630644 200.72865958970326 238.8081897978599 293.54592226445675 -1 -1 -1 -1 -1 -1 -1 -1 1 
51 20 Car -1.000000 -1 -1 562.9852676096443 180.877590050491 608.2685696594416 220.39970132307363 -1 -1 -1 -1 -1 -1 -1 -1 1 
52 34 Car -1.000000 -1 -1 376.71600376126855 188.48366687038484 431.0857036577967 227.1207144501834 -1 -1 -1 -1 -1 -1 -1 -1 1 
52 33 Car -1.000000 -1 -1 251.05121241509914 190.29615690501836 360.0943103581667 252.70056079786556 -1 -1 -1 -1 -1 -1 -1 -1 1 
52 32 Car -1.000000 -1 -1 439.3346644548269 188.5614786297083 477.4999960913108 212.1688793771542 -1 -1 -1 -1 -1 -1 -1 -1 1 
52 28 Car -1.000000 -1 -1 0.31117730028927326 202.8662237123801 199.59999063424766 312.03605506855706 -1 -1 -1 -1 -1 -1 -1 -1 1 
52 20 Car -1.000000 -1 -1 564.5249583166666 181.06389224815825 607.6351501304083 220.2428845115579 -1 -1 -1 -1 -1 -1 -1 -1 1 
53 34 Car -1.000000 -1 -1 367.70972198649093 186.17579706299765 422.7504603180748 227.3652313563686 -1 -1 -1 -1 -1 -1 -1 -1 1 
53 33 Car -1.000000 -1 -1 218.60259990623365 189.71526452626748 341.4270844356372 257.26975011639297 -1 -1 -1 -1 -1 -1 -1 -1 1 
53 32 Car -1.000000 -1 -1 428.50892003912196 189.2223955633549 468.64902709309877 211.89288866634556 -1 -1 -1 -1 -1 -1 -1 -1 1 
53 28 Car -1.000000 -1 -1 -2.920165299939427 204.5899887497609 142.0359046088102 329.0868779787651 -1 -1 -1 -1 -1 -1 -1 -1 1 
53 20 Car -1.000000 -1 -1 565.3301957011796 180.33391187110772 608.4109750582048 219.11663096398115 -1 -1 -1 -1 -1 -1 -1 -1 1 
54 34 Car -1.000000 -1 -1 358.08706505195454 185.72923892106002 417.5464003412769 228.04082177865965 -1 -1 -1 -1 -1 -1 -1 -1 1 
54 33 Car -1.000000 -1 -1 176.0456328048156 188.5979988504774 329.2553858825794 264.3821784832443 -1 -1 -1 -1 -1 -1 -1 -1 1 
54 32 Car -1.000000 -1 -1 428.3523978854601 187.18233919487548 468.2744198682216 212.00628335086196 -1 -1 -1 -1 -1 -1 -1 -1 1 
54 28 Car -1.000000 -1 -1 -2.381749317623097 209.05905263498423 68.47981247477807 322.41589500783726 -1 -1 -1 -1 -1 -1 -1 -1 1 
54 20 Car -1.000000 -1 -1 565.6631888581011 179.50415654251208 608.4085668033133 217.7905960438343 -1 -1 -1 -1 -1 -1 -1 -1 1 
55 34 Car -1.000000 -1 -1 339.1096780368915 186.41656250334705 407.2897518437643 231.33788959911237 -1 -1 -1 -1 -1 -1 -1 -1 1 
55 33 Car -1.000000 -1 -1 142.0754744272966 190.81083498895168 306.61932173142065 266.71146902327354 -1 -1 -1 -1 -1 -1 -1 -1 1 
55 32 Car -1.000000 -1 -1 422.4830698181803 187.30775567774592 466.85155283545066 213.68167449075443 -1 -1 -1 -1 -1 -1 -1 -1 1 
55 20 Car -1.000000 -1 -1 566.8057340783282 179.38822429054056 608.9377038950244 217.54561987920448 -1 -1 -1 -1 -1 -1 -1 -1 1 
56 34 Car -1.000000 -1 -1 323.4987907661842 186.42805812235636 396.76433014181947 236.8440048303455 -1 -1 -1 -1 -1 -1 -1 -1 1 
56 33 Car -1.000000 -1 -1 69.75923156380082 194.08310688315674 270.45158894603645 281.69769539426153 -1 -1 -1 -1 -1 -1 -1 -1 1 
56 32 Car -1.000000 -1 -1 418.7731852783607 190.86114295686664 458.86732034270585 218.06643652514768 -1 -1 -1 -1 -1 -1 -1 -1 1 
56 20 Car -1.000000 -1 -1 567.059512857491 181.5756966288273 608.3266840905237 218.86324022824945 -1 -1 -1 -1 -1 -1 -1 -1 1 
57 34 Car -1.000000 -1 -1 307.47142381307026 187.10154925401395 389.2438622675836 241.65146769239354 -1 -1 -1 -1 -1 -1 -1 -1 1 
57 33 Car -1.000000 -1 -1 -1.3194151079425467 196.4559447951615 240.07959854316252 302.91690086372773 -1 -1 -1 -1 -1 -1 -1 -1 1 
57 32 Car -1.000000 -1 -1 411.3378005351584 191.26151143931426 461.4865227384636 219.7528498677107 -1 -1 -1 -1 -1 -1 -1 -1 1 
57 20 Car -1.000000 -1 -1 567.5421749718773 184.71378242023863 609.873361014546 222.406477559931 -1 -1 -1 -1 -1 -1 -1 -1 1 
58 34 Car -1.000000 -1 -1 281.4354324570069 190.55123111376395 377.1814826130867 246.46975057056315 -1 -1 -1 -1 -1 -1 -1 -1 1 
58 33 Car -1.000000 -1 -1 0.7099763379933677 198.28521757601547 197.72680858737576 314.07967428318585 -1 -1 -1 -1 -1 -1 -1 -1 1 
58 32 Car -1.000000 -1 -1 399.42768085203494 193.1166099384427 453.7363164588236 221.21670433821586 -1 -1 -1 -1 -1 -1 -1 -1 1 
58 20 Car -1.000000 -1 -1 568.4805405551137 185.0869132635685 610.8633902762085 224.1331671292965 -1 -1 -1 -1 -1 -1 -1 -1 1 
59 34 Car -1.000000 -1 -1 262.7602612330363 190.03434353866257 364.1157881663396 248.8248350743491 -1 -1 -1 -1 -1 -1 -1 -1 1 
59 33 Car -1.000000 -1 -1 -0.9217895895529153 194.0695384087471 135.5442324402527 351.95314268080085 -1 -1 -1 -1 -1 -1 -1 -1 1 
59 32 Car -1.000000 -1 -1 393.9865646350842 190.5908851454464 453.39051700211485 221.55530603889088 -1 -1 -1 -1 -1 -1 -1 -1 1 
59 20 Car -1.000000 -1 -1 570.4882498770379 185.66893574853356 610.6598096332298 221.13731105883534 -1 -1 -1 -1 -1 -1 -1 -1 1 
60 34 Car -1.000000 -1 -1 233.62945804974208 185.68501019707094 350.5842739074276 254.11136706288045 -1 -1 -1 -1 -1 -1 -1 -1 1 
60 32 Car -1.000000 -1 -1 387.4452176048206 187.91400084200387 450.0395409189738 222.82068644507 -1 -1 -1 -1 -1 -1 -1 -1 1 
60 20 Car -1.000000 -1 -1 571.1442458391763 182.4260873433489 611.5254762777342 217.93444046320823 -1 -1 -1 -1 -1 -1 -1 -1 1 
61 34 Car -1.000000 -1 -1 192.04200172882815 182.93588694471578 324.8304110444509 259.00876178191254 -1 -1 -1 -1 -1 -1 -1 -1 1 
61 32 Car -1.000000 -1 -1 376.82871428991734 186.8354744421175 445.77537871152157 222.14761043253998 -1 -1 -1 -1 -1 -1 -1 -1 1 
61 20 Car -1.000000 -1 -1 572.0371477591017 181.5869967238261 611.1277228102374 216.62611156128918 -1 -1 -1 -1 -1 -1 -1 -1 1 
62 34 Car -1.000000 -1 -1 152.16319994012326 184.61237117075004 304.7765612308509 264.92208056151867 -1 -1 -1 -1 -1 -1 -1 -1 1 
62 32 Car -1.000000 -1 -1 367.7855821045546 186.32275834142303 441.54799822431346 222.9608267885991 -1 -1 -1 -1 -1 -1 -1 -1 1 
62 20 Car -1.000000 -1 -1 574.8899067466936 179.68787582447897 611.7393060178998 216.5329632564233 -1 -1 -1 -1 -1 -1 -1 -1 1 
63 34 Car -1.000000 -1 -1 92.89910511185343 188.20906951665307 274.9741429517475 276.99240535282746 -1 -1 -1 -1 -1 -1 -1 -1 1 
63 32 Car -1.000000 -1 -1 361.37478907578264 182.74384658210556 434.5450211367928 225.98444090153166 -1 -1 -1 -1 -1 -1 -1 -1 1 
64 34 Car -1.000000 -1 -1 19.65374005385317 188.26938757243065 243.06301492366654 289.22101862442037 -1 -1 -1 -1 -1 -1 -1 -1 1 
64 32 Car -1.000000 -1 -1 348.4806398586012 186.48447590665177 429.27570159876575 227.1011992572592 -1 -1 -1 -1 -1 -1 -1 -1 1 
65 34 Car -1.000000 -1 -1 3.0426437374777606 193.38195939333394 198.2240003105253 314.2438267644208 -1 -1 -1 -1 -1 -1 -1 -1 1 
65 32 Car -1.000000 -1 -1 331.7946446440541 189.46460535069212 418.4991816425553 233.35643727869657 -1 -1 -1 -1 -1 -1 -1 -1 1 
66 34 Car -1.000000 -1 -1 0.0348009114655099 193.5303745289835 140.14714916251026 349.480938918602 -1 -1 -1 -1 -1 -1 -1 -1 1 
66 32 Car -1.000000 -1 -1 314.2879662387646 191.53466584304203 411.0358262279859 237.6092461009438 -1 -1 -1 -1 -1 -1 -1 -1 1 
66 20 Car -1.000000 -1 -1 586.5436384854122 181.55452372649543 622.9024627284648 214.62592102873785 -1 -1 -1 -1 -1 -1 -1 -1 1 
67 34 Car -1.000000 -1 -1 -1.4204383131403233 199.63765307329598 61.407569541954075 325.07703304648976 -1 -1 -1 -1 -1 -1 -1 -1 1 
67 32 Car -1.000000 -1 -1 298.4727056278632 189.7430780988473 401.6238308250904 240.14165653632236 -1 -1 -1 -1 -1 -1 -1 -1 1 
67 20 Car -1.000000 -1 -1 587.4387184764043 179.09788537340668 624.707851323514 212.7529842277559 -1 -1 -1 -1 -1 -1 -1 -1 1 
68 32 Car -1.000000 -1 -1 269.3294274955988 186.59638551672776 383.6828682365326 241.9908562979589 -1 -1 -1 -1 -1 -1 -1 -1 1 
68 20 Car -1.000000 -1 -1 587.7383337330359 174.5072675582308 624.4042840588551 207.20180675673944 -1 -1 -1 -1 -1 -1 -1 -1 1 
69 32 Car -1.000000 -1 -1 239.21302575560716 183.92630165012983 369.65417577899416 244.40831476106092 -1 -1 -1 -1 -1 -1 -1 -1 1 
70 32 Car -1.000000 -1 -1 208.37084898811122 187.91032081040055 350.0114857944159 254.23000452037041 -1 -1 -1 -1 -1 -1 -1 -1 1 
71 32 Car -1.000000 -1 -1 153.30903348799507 196.45655957552103 334.37166129382183 270.6729928747966 -1 -1 -1 -1 -1 -1 -1 -1 1 
72 32 Car -1.000000 -1 -1 97.39535409799564 203.63760639268617 305.15521264405777 281.4976078673051 -1 -1 -1 -1 -1 -1 -1 -1 1 
72 20 Car -1.000000 -1 -1 589.4179592109643 181.58440865003143 625.2307797693289 213.58789732823004 -1 -1 -1 -1 -1 -1 -1 -1 1 
73 32 Car -1.000000 -1 -1 11.986409916614122 204.05313934987555 265.55711179943034 299.10018706980804 -1 -1 -1 -1 -1 -1 -1 -1 1 
73 20 Car -1.000000 -1 -1 588.9790930616168 181.74117559996935 623.7593782056983 213.36185803207067 -1 -1 -1 -1 -1 -1 -1 -1 1 
74 32 Car -1.000000 -1 -1 0.18726036955533232 207.79669653767576 224.30590074939224 321.634885819199 -1 -1 -1 -1 -1 -1 -1 -1 1 
74 20 Car -1.000000 -1 -1 589.7725476502226 180.07796529967052 622.8693798763247 212.0931800454855 -1 -1 -1 -1 -1 -1 -1 -1 1 
75 32 Car -1.000000 -1 -1 -3.552782522227915 207.88729115604207 160.11426834461207 345.59370194060295 -1 -1 -1 -1 -1 -1 -1 -1 1 
75 20 Car -1.000000 -1 -1 588.6333450336869 178.39234737822642 621.7721089760844 206.14069026823228 -1 -1 -1 -1 -1 -1 -1 -1 1 
76 20 Car -1.000000 -1 -1 589.0381763646236 178.8315947812337 619.0293687811264 202.908499023089 -1 -1 -1 -1 -1 -1 -1 -1 1 
77 20 Car -1.000000 -1 -1 587.3823586742466 179.64676237450195 618.8830992837366 202.5242050966391 -1 -1 -1 -1 -1 -1 -1 -1 1 
81 35 Car -1.000000 -1 -1 418.76380068292985 163.04272886079093 464.87764405516475 190.4119793325663 -1 -1 -1 -1 -1 -1 -1 -1 1 
84 20 Car -1.000000 -1 -1 573.713608231682 167.7627691712517 604.7772754029585 197.11763146691598 -1 -1 -1 -1 -1 -1 -1 -1 1 
85 20 Car -1.000000 -1 -1 574.1134276590668 169.66144905353968 604.3880392708458 197.08790966811088 -1 -1 -1 -1 -1 -1 -1 -1 1 
86 20 Car -1.000000 -1 -1 572.233087936273 171.55579764109393 604.3721127212048 198.70632256452856 -1 -1 -1 -1 -1 -1 -1 -1 1 
87 20 Car -1.000000 -1 -1 573.6434020761114 172.86780275977577 602.183805369987 198.6250628072482 -1 -1 -1 -1 -1 -1 -1 -1 1 
88 20 Car -1.000000 -1 -1 573.0368240097393 176.20539385825396 602.9570511178327 203.89299159153148 -1 -1 -1 -1 -1 -1 -1 -1 1 
89 20 Car -1.000000 -1 -1 572.1500292128096 178.59674717944404 602.883433935161 204.93287435517863 -1 -1 -1 -1 -1 -1 -1 -1 1 
90 20 Car -1.000000 -1 -1 573.4626268933598 177.83133800213153 602.1875801355792 204.24375167259802 -1 -1 -1 -1 -1 -1 -1 -1 1 
91 20 Car -1.000000 -1 -1 573.567751232248 178.2222639482755 601.500650741733 204.46074496094997 -1 -1 -1 -1 -1 -1 -1 -1 1 
92 20 Car -1.000000 -1 -1 573.974514434544 178.96103629699118 602.2696611783825 204.6976192639424 -1 -1 -1 -1 -1 -1 -1 -1 1 
93 20 Car -1.000000 -1 -1 574.9336672098591 179.60714864043092 601.1776491821959 206.5438653987188 -1 -1 -1 -1 -1 -1 -1 -1 1 
99 20 Car -1.000000 -1 -1 577.2851739141803 178.99458583157798 603.5979216803725 204.2953046755149 -1 -1 -1 -1 -1 -1 -1 -1 1 
101 20 Car -1.000000 -1 -1 577.5530968531966 177.69268778367683 607.636243926218 202.90948271464842 -1 -1 -1 -1 -1 -1 -1 -1 1 
102 20 Car -1.000000 -1 -1 578.929909325563 176.56692769378424 606.7560918056048 202.99236899098526 -1 -1 -1 -1 -1 -1 -1 -1 1 
103 20 Car -1.000000 -1 -1 580.5117389766069 176.9964278030854 606.0604458565895 202.31628145735996 -1 -1 -1 -1 -1 -1 -1 -1 1 
104 20 Car -1.000000 -1 -1 579.6226902111218 176.95780270374738 606.8566480588454 202.66792120841833 -1 -1 -1 -1 -1 -1 -1 -1 1 
109 20 Car -1.000000 -1 -1 587.1885198698594 170.83204652254398 614.8977842709193 195.56807783933786 -1 -1 -1 -1 -1 -1 -1 -1 1 
113 20 Car -1.000000 -1 -1 585.1599200534133 174.31939149705264 616.9602388160733 198.3176158884397 -1 -1 -1 -1 -1 -1 -1 -1 1 
117 20 Car -1.000000 -1 -1 579.9289227855893 179.38492396989693 607.8097365091626 202.60735894911562 -1 -1 -1 -1 -1 -1 -1 -1 1 
123 37 Car -1.000000 -1 -1 377.88356107444713 175.6755273359326 448.0872982468169 217.37247941872246 -1 -1 -1 -1 -1 -1 -1 -1 1 
124 37 Car -1.000000 -1 -1 363.3930899678515 169.85250405895596 433.31006062546606 220.11814067641703 -1 -1 -1 -1 -1 -1 -1 -1 1 
125 37 Car -1.000000 -1 -1 339.22212305779635 171.92042568841805 417.54985870420927 227.2463531878132 -1 -1 -1 -1 -1 -1 -1 -1 1 
126 37 Car -1.000000 -1 -1 314.6745013812413 175.90517117283665 400.5758162381557 234.7550130305955 -1 -1 -1 -1 -1 -1 -1 -1 1 
127 37 Car -1.000000 -1 -1 270.7139784865654 173.1540782806965 379.5678897053003 242.10375303832384 -1 -1 -1 -1 -1 -1 -1 -1 1 
128 37 Car -1.000000 -1 -1 215.9152935284835 179.2937978529013 346.14435055622687 250.1954949246003 -1 -1 -1 -1 -1 -1 -1 -1 1 
129 37 Car -1.000000 -1 -1 266.3737362095943 171.39201272780508 341.59841523032924 226.23104138228186 -1 -1 -1 -1 -1 -1 -1 -1 1 
129 20 Car -1.000000 -1 -1 587.2868360349764 173.15365488712604 616.2961160391568 198.91043179310284 -1 -1 -1 -1 -1 -1 -1 -1 1 
130 37 Car -1.000000 -1 -1 224.73634628149176 171.9486482011584 315.02594892795264 235.10769095558385 -1 -1 -1 -1 -1 -1 -1 -1 1 
130 20 Car -1.000000 -1 -1 587.1357735177645 172.98850904290492 616.6075495045918 198.34662028230153 -1 -1 -1 -1 -1 -1 -1 -1 1 
131 37 Car -1.000000 -1 -1 152.1336840919864 170.26199565197413 288.9528474370734 246.74340401991054 -1 -1 -1 -1 -1 -1 -1 -1 1 
131 20 Car -1.000000 -1 -1 587.3848770828201 173.02042647049979 617.2054832652211 197.56152824713635 -1 -1 -1 -1 -1 -1 -1 -1 1 
132 37 Car -1.000000 -1 -1 80.80796894001276 170.20287207112864 244.9697082475401 259.5001394645526 -1 -1 -1 -1 -1 -1 -1 -1 1 
132 20 Car -1.000000 -1 -1 590.3242919611243 172.7795683993743 617.6407743136471 196.58507951177086 -1 -1 -1 -1 -1 -1 -1 -1 1 
133 37 Car -1.000000 -1 -1 3.567552013322711 168.61917486844155 197.42915821261704 277.2493470603457 -1 -1 -1 -1 -1 -1 -1 -1 1 
133 36 Car -1.000000 -1 -1 412.4684501364827 163.38409634772685 469.2373933213262 208.53221437069942 -1 -1 -1 -1 -1 -1 -1 -1 1 
134 37 Car -1.000000 -1 -1 -0.7896513503331448 169.75861970478525 127.71345728406538 301.13446701747864 -1 -1 -1 -1 -1 -1 -1 -1 1 
134 36 Car -1.000000 -1 -1 393.90543493571187 165.48806333090536 455.7442762513573 214.468597031485 -1 -1 -1 -1 -1 -1 -1 -1 1 
135 36 Car -1.000000 -1 -1 375.0925289002749 167.9993708206054 449.13057195452546 220.9345992708292 -1 -1 -1 -1 -1 -1 -1 -1 1 
136 36 Car -1.000000 -1 -1 350.8196077283759 167.08208959048187 435.9935644767606 227.7338230230201 -1 -1 -1 -1 -1 -1 -1 -1 1 
137 36 Car -1.000000 -1 -1 322.4839247854856 167.5214600355293 420.4397026460904 232.97436372376978 -1 -1 -1 -1 -1 -1 -1 -1 1 
138 40 Car -1.000000 -1 -1 467.93674420106873 186.0193475507773 495.7329833868605 206.9051262850945 -1 -1 -1 -1 -1 -1 -1 -1 1 
138 36 Car -1.000000 -1 -1 286.64474706695637 164.78085446243105 402.96324834686067 243.37925174488473 -1 -1 -1 -1 -1 -1 -1 -1 1 
139 40 Car -1.000000 -1 -1 457.8798173196041 186.73431679892997 486.45377922631235 207.75447592425803 -1 -1 -1 -1 -1 -1 -1 -1 1 
139 36 Car -1.000000 -1 -1 237.0958299911939 164.23894781977512 378.13274347323636 251.1360874363723 -1 -1 -1 -1 -1 -1 -1 -1 1 
139 20 Car -1.000000 -1 -1 588.5721924786384 181.0933567870122 619.1628316228206 204.57449082571728 -1 -1 -1 -1 -1 -1 -1 -1 1 
140 40 Car -1.000000 -1 -1 450.5136010807295 189.9545113914288 480.7009560282414 207.7144540559787 -1 -1 -1 -1 -1 -1 -1 -1 1 
140 36 Car -1.000000 -1 -1 166.99830694955128 160.45313267610393 347.10568433885385 261.9698563805566 -1 -1 -1 -1 -1 -1 -1 -1 1 
140 20 Car -1.000000 -1 -1 589.0762728108809 179.36658973877246 619.95196049947 203.94520461559296 -1 -1 -1 -1 -1 -1 -1 -1 1 
141 40 Car -1.000000 -1 -1 444.08266754563033 184.34715421440512 476.9398188843176 209.37938221658655 -1 -1 -1 -1 -1 -1 -1 -1 1 
141 36 Car -1.000000 -1 -1 60.61455734761864 157.84392455736034 302.3101844340563 279.67046194065074 -1 -1 -1 -1 -1 -1 -1 -1 1 
141 20 Car -1.000000 -1 -1 588.6365830892554 180.07602671591138 620.3982288338817 204.61516153927036 -1 -1 -1 -1 -1 -1 -1 -1 1 
142 40 Car -1.000000 -1 -1 429.25517395296345 185.11295207561207 466.5636090643417 211.07333422136992 -1 -1 -1 -1 -1 -1 -1 -1 1 
142 36 Car -1.000000 -1 -1 -2.0780871143707884 149.72237640848527 244.88338993604364 306.76264172563185 -1 -1 -1 -1 -1 -1 -1 -1 1 
142 20 Car -1.000000 -1 -1 588.4351289106103 180.09207225762881 618.6896672827693 204.59447113367227 -1 -1 -1 -1 -1 -1 -1 -1 1 
143 40 Car -1.000000 -1 -1 420.07375467511326 184.30902257275122 461.67054683199297 210.91522756390845 -1 -1 -1 -1 -1 -1 -1 -1 1 
143 20 Car -1.000000 -1 -1 588.4061084871108 178.59379524508347 617.3601635923752 203.41597361346848 -1 -1 -1 -1 -1 -1 -1 -1 1 
144 40 Car -1.000000 -1 -1 404.0789780857471 182.3450201549209 448.6275401287354 211.91679621831727 -1 -1 -1 -1 -1 -1 -1 -1 1 
144 20 Car -1.000000 -1 -1 587.6335336267948 173.83755285006305 617.6166583093313 198.4045534179761 -1 -1 -1 -1 -1 -1 -1 -1 1 
145 40 Car -1.000000 -1 -1 392.07467246671706 179.716858941202 444.36692677395274 213.5821720585227 -1 -1 -1 -1 -1 -1 -1 -1 1 
145 20 Car -1.000000 -1 -1 588.0352162351976 172.92339068192703 618.9961468577386 198.22582717125235 -1 -1 -1 -1 -1 -1 -1 -1 1 
146 40 Car -1.000000 -1 -1 369.7577910658258 181.87977711204442 435.57919301837677 215.3064483114017 -1 -1 -1 -1 -1 -1 -1 -1 1 
146 20 Car -1.000000 -1 -1 588.0527468644656 172.5977472960949 616.2726531269459 198.2372566484488 -1 -1 -1 -1 -1 -1 -1 -1 1 
147 40 Car -1.000000 -1 -1 342.244597371381 184.4166258457475 414.2553051520998 223.1619490776211 -1 -1 -1 -1 -1 -1 -1 -1 1 
147 20 Car -1.000000 -1 -1 587.552811798568 173.16871265379282 617.351516795273 198.02465762656468 -1 -1 -1 -1 -1 -1 -1 -1 1 
148 40 Car -1.000000 -1 -1 316.1588035604128 187.196221238432 397.1715585165299 229.5705942222132 -1 -1 -1 -1 -1 -1 -1 -1 1 
148 20 Car -1.000000 -1 -1 587.5036693759836 173.49846489154373 617.5823127827965 198.56640925774207 -1 -1 -1 -1 -1 -1 -1 -1 1 
149 41 Car -1.000000 -1 -1 432.6075679755842 183.84633292085852 467.70904435059776 208.82146554784134 -1 -1 -1 -1 -1 -1 -1 -1 1 
149 40 Car -1.000000 -1 -1 279.76171861932824 190.10367308062717 374.17488573376943 237.96237769644137 -1 -1 -1 -1 -1 -1 -1 -1 1 
149 20 Car -1.000000 -1 -1 587.9381898824985 176.71160546776196 615.9720663290757 201.33807026566222 -1 -1 -1 -1 -1 -1 -1 -1 1 
150 41 Car -1.000000 -1 -1 427.2806370831453 184.7815878259448 466.0742483070263 211.61506360826584 -1 -1 -1 -1 -1 -1 -1 -1 1 
150 40 Car -1.000000 -1 -1 236.2306512972483 194.33090694320316 351.6556186527014 249.31134797561054 -1 -1 -1 -1 -1 -1 -1 -1 1 
150 20 Car -1.000000 -1 -1 588.91534949266 177.52065373441346 616.003310824816 202.28320969125397 -1 -1 -1 -1 -1 -1 -1 -1 1 
151 41 Car -1.000000 -1 -1 414.0401568599046 183.3680377771648 462.2177068634103 214.12749792664096 -1 -1 -1 -1 -1 -1 -1 -1 1 
151 40 Car -1.000000 -1 -1 162.93310364622334 192.45616803303935 317.69264179697404 263.40708654158965 -1 -1 -1 -1 -1 -1 -1 -1 1 
151 20 Car -1.000000 -1 -1 587.6486771777272 176.38764974589532 618.1131752299575 201.8228487039988 -1 -1 -1 -1 -1 -1 -1 -1 1 
152 41 Car -1.000000 -1 -1 397.72039051712136 182.16133622739176 444.2790787677066 212.70657427465684 -1 -1 -1 -1 -1 -1 -1 -1 1 
152 40 Car -1.000000 -1 -1 72.79339471344764 195.81777301545327 265.8060087595995 275.1081183266181 -1 -1 -1 -1 -1 -1 -1 -1 1 
152 20 Car -1.000000 -1 -1 587.0565554029666 172.07996532894097 618.0730931701569 196.640495927288 -1 -1 -1 -1 -1 -1 -1 -1 1 
153 41 Car -1.000000 -1 -1 382.5560558627431 179.24558321157326 438.7138386592269 213.04238781046408 -1 -1 -1 -1 -1 -1 -1 -1 1 
153 40 Car -1.000000 -1 -1 2.903712717529686 198.2004540757491 202.99660166166723 297.84701635631234 -1 -1 -1 -1 -1 -1 -1 -1 1 
153 20 Car -1.000000 -1 -1 587.7833269742819 169.06191516094484 615.854063440974 195.5553900020627 -1 -1 -1 -1 -1 -1 -1 -1 1 
154 41 Car -1.000000 -1 -1 362.1445244980546 180.32624729228422 429.40062922067364 216.18255013779094 -1 -1 -1 -1 -1 -1 -1 -1 1 
154 40 Car -1.000000 -1 -1 0.699596711362787 201.8646550579713 104.92096120205063 329.370320846255 -1 -1 -1 -1 -1 -1 -1 -1 1 
154 20 Car -1.000000 -1 -1 586.5478778005793 169.84494202412094 616.3365846155928 196.3364757024325 -1 -1 -1 -1 -1 -1 -1 -1 1 
155 41 Car -1.000000 -1 -1 336.18236048863486 185.79588241230408 407.1763351926437 226.49022379818442 -1 -1 -1 -1 -1 -1 -1 -1 1 
155 20 Car -1.000000 -1 -1 584.7218454445783 171.75432495199718 618.3026199879554 197.82475697306486 -1 -1 -1 -1 -1 -1 -1 -1 1 
156 45 Car -1.000000 -1 -1 443.3763656960084 180.41806940275887 474.2331802684527 203.57457877924807 -1 -1 -1 -1 -1 -1 -1 -1 1 
156 41 Car -1.000000 -1 -1 311.9190314068244 187.8021179895418 392.11245224338313 231.84471940084433 -1 -1 -1 -1 -1 -1 -1 -1 1 
156 20 Car -1.000000 -1 -1 586.4147580546829 171.4697623482117 616.5170494461289 197.72804012665378 -1 -1 -1 -1 -1 -1 -1 -1 1 
157 45 Car -1.000000 -1 -1 432.93774064658925 180.23074203385758 465.6576668347877 206.3533662316891 -1 -1 -1 -1 -1 -1 -1 -1 1 
157 41 Car -1.000000 -1 -1 269.7128893681444 189.51361648774204 369.72644549207047 240.26529468560162 -1 -1 -1 -1 -1 -1 -1 -1 1 
158 45 Car -1.000000 -1 -1 425.10775569625775 182.7632086709715 462.72180107608443 213.76243896352557 -1 -1 -1 -1 -1 -1 -1 -1 1 
158 41 Car -1.000000 -1 -1 216.0214695770007 194.68017969316298 339.1351496966986 257.57984687180186 -1 -1 -1 -1 -1 -1 -1 -1 1 
159 45 Car -1.000000 -1 -1 416.68706744450793 183.54173327008118 457.0245328820669 212.96532545238733 -1 -1 -1 -1 -1 -1 -1 -1 1 
159 41 Car -1.000000 -1 -1 146.87566731827192 196.86866368955143 305.61850052312593 270.91363871183535 -1 -1 -1 -1 -1 -1 -1 -1 1 
160 45 Car -1.000000 -1 -1 402.1528540260804 181.83288221748975 445.1257178317756 215.11360014287325 -1 -1 -1 -1 -1 -1 -1 -1 1 
160 41 Car -1.000000 -1 -1 50.22842853559325 200.04023201405428 257.34742719637086 285.68753035953983 -1 -1 -1 -1 -1 -1 -1 -1 1 
161 45 Car -1.000000 -1 -1 391.23200898961375 179.96712301213006 442.7994063353309 215.99131521697225 -1 -1 -1 -1 -1 -1 -1 -1 1 
161 41 Car -1.000000 -1 -1 0.3543619924726613 196.84580989325275 201.0725448075682 311.41297759201666 -1 -1 -1 -1 -1 -1 -1 -1 1 
162 45 Car -1.000000 -1 -1 373.334038012876 180.10404776745978 432.52027758898646 217.3518754917985 -1 -1 -1 -1 -1 -1 -1 -1 1 
162 41 Car -1.000000 -1 -1 -2.692144242043682 209.25146454157166 89.85840774900639 319.78504820010414 -1 -1 -1 -1 -1 -1 -1 -1 1 
163 45 Car -1.000000 -1 -1 357.2201701672031 183.7678838413782 420.74600924952665 224.33747994140364 -1 -1 -1 -1 -1 -1 -1 -1 1 
164 45 Car -1.000000 -1 -1 331.2377054926295 184.27981212376974 405.3138727540007 227.9705227030298 -1 -1 -1 -1 -1 -1 -1 -1 1 
165 47 Car -1.000000 -1 -1 68.4553512392136 191.84368984917035 105.32230302806086 214.63491330639673 -1 -1 -1 -1 -1 -1 -1 -1 1 
165 45 Car -1.000000 -1 -1 300.4021504028486 183.9281369914086 391.05712017760834 232.51632508785966 -1 -1 -1 -1 -1 -1 -1 -1 1 
166 47 Car -1.000000 -1 -1 58.4138979248416 191.88315786707858 98.43694151121264 214.3890862711347 -1 -1 -1 -1 -1 -1 -1 -1 1 
166 45 Car -1.000000 -1 -1 263.71571861035545 183.6101755929681 363.0625271321489 238.57215225983123 -1 -1 -1 -1 -1 -1 -1 -1 1 
167 47 Car -1.000000 -1 -1 43.041296825099444 192.27862014220312 84.51244153512212 215.28183009762031 -1 -1 -1 -1 -1 -1 -1 -1 1 
167 45 Car -1.000000 -1 -1 218.0051576552483 183.69062918309982 336.2126547086698 246.1058865659512 -1 -1 -1 -1 -1 -1 -1 -1 1 
168 47 Car -1.000000 -1 -1 30.10745678054026 189.1617481954969 73.3775490314628 212.35745436010453 -1 -1 -1 -1 -1 -1 -1 -1 1 
168 45 Car -1.000000 -1 -1 150.2820919888237 182.24576133518266 303.8974649128146 259.7009652437499 -1 -1 -1 -1 -1 -1 -1 -1 1 
168 43 Car -1.000000 -1 -1 546.6246001726159 177.3342637416835 567.6243586053068 200.5155697966424 -1 -1 -1 -1 -1 -1 -1 -1 1 
168 20 Car -1.000000 -1 -1 589.6000064107088 176.6827150892753 619.4119832355243 200.8544457359956 -1 -1 -1 -1 -1 -1 -1 -1 1 
169 48 Car -1.000000 -1 -1 402.1050560478694 171.0586233351093 449.2565579593468 206.9962524020901 -1 -1 -1 -1 -1 -1 -1 -1 1 
169 47 Car -1.000000 -1 -1 13.835158666739098 188.0630154449206 58.53042192413256 210.5059575002927 -1 -1 -1 -1 -1 -1 -1 -1 1 
169 45 Car -1.000000 -1 -1 61.446653189424154 181.81144861647715 253.3158095549219 271.9050483921399 -1 -1 -1 -1 -1 -1 -1 -1 1 
170 48 Car -1.000000 -1 -1 384.6496349624716 166.36727828210076 443.48078320060785 206.23435403327815 -1 -1 -1 -1 -1 -1 -1 -1 1 
170 45 Car -1.000000 -1 -1 0.12213640946609416 186.33836214072429 197.1631642087148 296.1299351344888 -1 -1 -1 -1 -1 -1 -1 -1 1 
171 50 Car -1.000000 -1 -1 470.2847580193327 175.97744757166274 494.6800907179713 194.36710241895454 -1 -1 -1 -1 -1 -1 -1 -1 1 
171 48 Car -1.000000 -1 -1 372.68792171489736 169.60479453420984 436.2778115152166 212.09350796058203 -1 -1 -1 -1 -1 -1 -1 -1 1 
171 45 Car -1.000000 -1 -1 -2.280196520571536 190.1426472916053 90.17324797064066 310.6121953863364 -1 -1 -1 -1 -1 -1 -1 -1 1 
172 50 Car -1.000000 -1 -1 461.24279784067323 180.34390868762364 486.5088158496298 199.01863077225593 -1 -1 -1 -1 -1 -1 -1 -1 1 
172 48 Car -1.000000 -1 -1 360.94672190226044 172.65980088940032 424.763185191613 217.99570981126564 -1 -1 -1 -1 -1 -1 -1 -1 1 
172 43 Car -1.000000 -1 -1 539.4376998916268 176.75501545174765 566.7577313637504 202.8015500221115 -1 -1 -1 -1 -1 -1 -1 -1 1 
173 50 Car -1.000000 -1 -1 456.2482277447215 180.82482682970857 482.57193891646773 201.89742142191304 -1 -1 -1 -1 -1 -1 -1 -1 1 
173 43 Car -1.000000 -1 -1 530.0420688058322 178.86537600022095 560.9572794219623 205.43584055625473 -1 -1 -1 -1 -1 -1 -1 -1 1 
174 50 Car -1.000000 -1 -1 450.9727945883687 181.53017945587635 479.7802616581321 202.85384772488703 -1 -1 -1 -1 -1 -1 -1 -1 1 
174 43 Car -1.000000 -1 -1 528.7607658041211 178.18076364122905 560.8085790694906 206.13466002620183 -1 -1 -1 -1 -1 -1 -1 -1 1 
175 50 Car -1.000000 -1 -1 444.52394319554935 179.98791571993092 479.0114879006377 202.37515207666615 -1 -1 -1 -1 -1 -1 -1 -1 1 
175 43 Car -1.000000 -1 -1 526.6622111035082 176.36089299160702 559.3398457519138 205.23610066335937 -1 -1 -1 -1 -1 -1 -1 -1 1 
176 50 Car -1.000000 -1 -1 433.8287314268259 178.98190637620593 465.2849585597332 202.67467014491555 -1 -1 -1 -1 -1 -1 -1 -1 1 
176 48 Car -1.000000 -1 -1 249.47817512773548 168.65591973496169 358.77869457350323 238.60256556564798 -1 -1 -1 -1 -1 -1 -1 -1 1 
176 43 Car -1.000000 -1 -1 524.5955785484268 175.26185182997813 558.8184768081858 205.3038548105038 -1 -1 -1 -1 -1 -1 -1 -1 1 
177 50 Car -1.000000 -1 -1 424.90769685690213 180.3132251191598 460.3447207441696 204.88918357743668 -1 -1 -1 -1 -1 -1 -1 -1 1 
177 48 Car -1.000000 -1 -1 198.09716928993856 169.76958436246673 337.4498025446844 245.04937222585653 -1 -1 -1 -1 -1 -1 -1 -1 1 
177 43 Car -1.000000 -1 -1 521.9724051035367 174.49524275098855 558.8406766011165 207.44501476964126 -1 -1 -1 -1 -1 -1 -1 -1 1 
178 50 Car -1.000000 -1 -1 416.6290913728567 180.29670202388212 457.7976786196232 206.18785760150504 -1 -1 -1 -1 -1 -1 -1 -1 1 
178 48 Car -1.000000 -1 -1 148.37660528375554 172.29951122918956 305.5090281390227 252.7778378616159 -1 -1 -1 -1 -1 -1 -1 -1 1 
178 43 Car -1.000000 -1 -1 519.2661416152348 175.27207517280027 556.9724281579255 208.98127684799522 -1 -1 -1 -1 -1 -1 -1 -1 1 
179 50 Car -1.000000 -1 -1 404.11335964801793 183.89158176544765 444.54623685934797 211.5489550006504 -1 -1 -1 -1 -1 -1 -1 -1 1 
179 48 Car -1.000000 -1 -1 59.241022881550265 171.73890880523967 265.6745357133734 272.68556337087205 -1 -1 -1 -1 -1 -1 -1 -1 1 
179 43 Car -1.000000 -1 -1 515.3749377975383 175.27294925485666 556.2210162400912 211.2661116541578 -1 -1 -1 -1 -1 -1 -1 -1 1 
180 50 Car -1.000000 -1 -1 392.9329723390536 189.63368168960397 435.48860460562776 216.78077884448263 -1 -1 -1 -1 -1 -1 -1 -1 1 
180 43 Car -1.000000 -1 -1 512.5154235775655 181.53122783853456 554.9860679186309 215.74103287779366 -1 -1 -1 -1 -1 -1 -1 -1 1 
181 50 Car -1.000000 -1 -1 376.5744443570192 192.31352797494486 421.9292416629883 221.50677686127335 -1 -1 -1 -1 -1 -1 -1 -1 1 
181 43 Car -1.000000 -1 -1 508.48983013243054 184.38982626853078 552.7857033660492 223.665068570811 -1 -1 -1 -1 -1 -1 -1 -1 1 
182 51 Car -1.000000 -1 -1 577.4954033728975 183.95055200044925 606.0443698253769 209.2586623934599 -1 -1 -1 -1 -1 -1 -1 -1 1 
182 50 Car -1.000000 -1 -1 360.5645845432121 192.7615303832751 419.4638355176609 227.96994548004406 -1 -1 -1 -1 -1 -1 -1 -1 1 
182 43 Car -1.000000 -1 -1 497.8097422506947 185.6001178519084 547.3584963203623 226.07706587475082 -1 -1 -1 -1 -1 -1 -1 -1 1 
183 51 Car -1.000000 -1 -1 577.6468502712937 184.99990094166535 606.2037307052658 209.48758721351624 -1 -1 -1 -1 -1 -1 -1 -1 1 
183 50 Car -1.000000 -1 -1 337.48247503431946 194.44229977671057 400.6578161338201 231.45197667718793 -1 -1 -1 -1 -1 -1 -1 -1 1 
183 43 Car -1.000000 -1 -1 495.257035397423 185.61834247352988 548.0767596319604 228.91698340670422 -1 -1 -1 -1 -1 -1 -1 -1 1 
184 50 Car -1.000000 -1 -1 316.60303360682263 192.28886825462374 390.4605712569677 232.14527722806312 -1 -1 -1 -1 -1 -1 -1 -1 1 
184 43 Car -1.000000 -1 -1 491.87750344035715 184.22789735576282 546.4270168548593 229.16795478130763 -1 -1 -1 -1 -1 -1 -1 -1 1 
185 50 Car -1.000000 -1 -1 285.3465651044479 190.741669646321 370.56505241302347 233.17706530304767 -1 -1 -1 -1 -1 -1 -1 -1 1 
185 43 Car -1.000000 -1 -1 484.6294993637846 181.04091159497892 545.2136692433403 229.56983399434162 -1 -1 -1 -1 -1 -1 -1 -1 1 
186 50 Car -1.000000 -1 -1 254.27527686437733 189.12913378041523 348.85432367886483 238.5341987873499 -1 -1 -1 -1 -1 -1 -1 -1 1 
186 43 Car -1.000000 -1 -1 477.93285557283804 179.9405537491951 544.123564560826 229.5079335050944 -1 -1 -1 -1 -1 -1 -1 -1 1 
187 50 Car -1.000000 -1 -1 203.49455369435822 192.34106005527653 327.25565985532904 247.5251087990518 -1 -1 -1 -1 -1 -1 -1 -1 1 
187 43 Car -1.000000 -1 -1 474.51111740504314 181.19510602600013 542.4331240911896 233.05202681177224 -1 -1 -1 -1 -1 -1 -1 -1 1 
188 52 Car -1.000000 -1 -1 338.38314278882285 188.07731303744592 390.34296556275626 219.2640222179202 -1 -1 -1 -1 -1 -1 -1 -1 1 
188 50 Car -1.000000 -1 -1 149.20248028979853 193.68009691914688 294.6601646187214 260.50370924461345 -1 -1 -1 -1 -1 -1 -1 -1 1 
188 43 Car -1.000000 -1 -1 468.59747908493654 182.07260362732296 539.1276274203109 238.40570652212662 -1 -1 -1 -1 -1 -1 -1 -1 1 
189 52 Car -1.000000 -1 -1 320.33189483216177 188.2032251272064 372.5222879476272 222.56503232683127 -1 -1 -1 -1 -1 -1 -1 -1 1 
189 50 Car -1.000000 -1 -1 63.86984929800607 200.72012804806806 246.36081053531515 276.52205689810216 -1 -1 -1 -1 -1 -1 -1 -1 1 
189 43 Car -1.000000 -1 -1 461.65213105827576 181.3211327490325 538.717989545029 242.838321862599 -1 -1 -1 -1 -1 -1 -1 -1 1 
190 52 Car -1.000000 -1 -1 294.7621437941606 186.80286940294678 360.7227365798675 225.8853506601344 -1 -1 -1 -1 -1 -1 -1 -1 1 
190 43 Car -1.000000 -1 -1 451.25427906501756 179.8983796929511 537.385344962088 247.22097165739308 -1 -1 -1 -1 -1 -1 -1 -1 1 
191 52 Car -1.000000 -1 -1 266.9786212192132 187.1980175178928 342.7651374042034 229.61076591701175 -1 -1 -1 -1 -1 -1 -1 -1 1 
191 43 Car -1.000000 -1 -1 435.45532066518297 179.0483309708249 532.6979066434387 249.96460320499654 -1 -1 -1 -1 -1 -1 -1 -1 1 
192 52 Car -1.000000 -1 -1 231.15399019305525 185.64084191949894 311.66034856438637 231.5099446568638 -1 -1 -1 -1 -1 -1 -1 -1 1 
192 43 Car -1.000000 -1 -1 418.43574700217977 174.7841068292753 526.364781569976 254.505749953051 -1 -1 -1 -1 -1 -1 -1 -1 1 
193 52 Car -1.000000 -1 -1 194.84351416276053 187.98501595245818 293.17672872084836 236.41317417451108 -1 -1 -1 -1 -1 -1 -1 -1 1 
193 43 Car -1.000000 -1 -1 403.1664543071618 176.55894172807723 522.1533283442259 266.0453086181615 -1 -1 -1 -1 -1 -1 -1 -1 1 
194 52 Car -1.000000 -1 -1 139.4902233894055 193.6746625444637 251.9902770026372 250.99720128883536 -1 -1 -1 -1 -1 -1 -1 -1 1 
194 43 Car -1.000000 -1 -1 380.06024427597345 177.61056297100507 516.6663445967895 278.76143615979413 -1 -1 -1 -1 -1 -1 -1 -1 1 
195 52 Car -1.000000 -1 -1 65.47317617859406 196.89549158255642 212.6764377887146 270.37359634414315 -1 -1 -1 -1 -1 -1 -1 -1 1 
195 43 Car -1.000000 -1 -1 348.82520226632744 182.67711416746562 503.2887966235956 299.45052021111434 -1 -1 -1 -1 -1 -1 -1 -1 1 
196 52 Car -1.000000 -1 -1 -0.10823675875479921 201.27036452938157 157.48842033629234 279.57383799366653 -1 -1 -1 -1 -1 -1 -1 -1 1 
196 51 Car -1.000000 -1 -1 588.7463121723671 177.19206765580637 619.346415635485 203.46793109694354 -1 -1 -1 -1 -1 -1 -1 -1 1 
196 43 Car -1.000000 -1 -1 309.78740132814994 185.58632070198655 499.419751758329 316.10410828859756 -1 -1 -1 -1 -1 -1 -1 -1 1 
197 52 Car -1.000000 -1 -1 -2.8034599652657093 199.2261242479659 80.3654328401272 285.70586109820465 -1 -1 -1 -1 -1 -1 -1 -1 1 
197 51 Car -1.000000 -1 -1 589.0589030522566 172.24084199048005 621.1679033957994 200.29998069199232 -1 -1 -1 -1 -1 -1 -1 -1 1 
197 43 Car -1.000000 -1 -1 254.8713276910667 179.6138016148829 482.54781312466815 334.8545370121989 -1 -1 -1 -1 -1 -1 -1 -1 1 
198 51 Car -1.000000 -1 -1 591.5130943426719 169.79506690628253 622.110011712863 196.34443485679535 -1 -1 -1 -1 -1 -1 -1 -1 1 
198 43 Car -1.000000 -1 -1 169.3683025667874 176.5415440671719 475.40910748191754 364.3600967927621 -1 -1 -1 -1 -1 -1 -1 -1 1 
199 51 Car -1.000000 -1 -1 591.3960509838967 170.3497677181776 623.858523993538 196.49324867014704 -1 -1 -1 -1 -1 -1 -1 -1 1 
199 43 Car -1.000000 -1 -1 38.92450440617705 177.41626841374318 451.8465923185532 375.24104580426444 -1 -1 -1 -1 -1 -1 -1 -1 1 
200 51 Car -1.000000 -1 -1 594.1028490467713 172.65020038646 623.9246318626862 198.73656404133024 -1 -1 -1 -1 -1 -1 -1 -1 1 
200 43 Car -1.000000 -1 -1 0.6703095344396388 180.50888764600342 421.1879034684255 375.6009832096214 -1 -1 -1 -1 -1 -1 -1 -1 1 
201 51 Car -1.000000 -1 -1 596.8041814227516 176.83494914896215 626.2854174576127 201.4949260852658 -1 -1 -1 -1 -1 -1 -1 -1 1 
201 43 Car -1.000000 -1 -1 -3.6474243769279155 186.929893733647 365.9692514584615 376.0112024163111 -1 -1 -1 -1 -1 -1 -1 -1 1 
202 51 Car -1.000000 -1 -1 597.1652751576443 176.45408051948135 627.7347562530866 200.93141277678885 -1 -1 -1 -1 -1 -1 -1 -1 1 
202 43 Car -1.000000 -1 -1 -2.1274843674439694 215.81901082446655 306.0175516330279 375.9679451602726 -1 -1 -1 -1 -1 -1 -1 -1 1 
203 54 Car -1.000000 -1 -1 393.3896242150893 182.9035156048261 443.72194858239243 215.6394708615083 -1 -1 -1 -1 -1 -1 -1 -1 1 
203 51 Car -1.000000 -1 -1 598.7680553627702 173.5206262136881 628.5042258117061 198.52523777920464 -1 -1 -1 -1 -1 -1 -1 -1 1 
204 54 Car -1.000000 -1 -1 374.40511974176536 186.7363348227138 430.5913026132263 223.93251712828018 -1 -1 -1 -1 -1 -1 -1 -1 1 
204 51 Car -1.000000 -1 -1 600.1257626666472 177.1254921332002 627.5204900801182 202.4310509889172 -1 -1 -1 -1 -1 -1 -1 -1 1 
205 54 Car -1.000000 -1 -1 345.6102788820863 192.23862833594188 411.99103233390133 229.4489712221548 -1 -1 -1 -1 -1 -1 -1 -1 1 
205 51 Car -1.000000 -1 -1 598.8557693694646 180.7654343831998 630.1047936895718 205.54626374863665 -1 -1 -1 -1 -1 -1 -1 -1 1 
206 54 Car -1.000000 -1 -1 320.57156148323645 196.09084634038692 397.96932671620294 233.71259157116023 -1 -1 -1 -1 -1 -1 -1 -1 1 
206 51 Car -1.000000 -1 -1 600.1903383496863 183.8173869853983 629.1970131036181 210.05201318229624 -1 -1 -1 -1 -1 -1 -1 -1 1 
207 55 Car -1.000000 -1 -1 482.34954521690423 186.83930583154927 506.88189485955695 205.7442027144134 -1 -1 -1 -1 -1 -1 -1 -1 1 
207 54 Car -1.000000 -1 -1 280.3731167545685 195.8719580165612 369.06512869779874 241.2059286233181 -1 -1 -1 -1 -1 -1 -1 -1 1 
207 51 Car -1.000000 -1 -1 600.9971192204035 180.9071349696471 627.6129280603849 205.07168726852305 -1 -1 -1 -1 -1 -1 -1 -1 1 
208 55 Car -1.000000 -1 -1 476.8885435020694 183.03296614724854 502.2504560746825 201.86432236089155 -1 -1 -1 -1 -1 -1 -1 -1 1 
208 54 Car -1.000000 -1 -1 238.7980567268454 195.7737649611842 341.8419260491545 246.41386955045164 -1 -1 -1 -1 -1 -1 -1 -1 1 
208 51 Car -1.000000 -1 -1 601.3678217730843 177.48777561176283 626.3626161475594 202.40454139331214 -1 -1 -1 -1 -1 -1 -1 -1 1 
209 55 Car -1.000000 -1 -1 469.03440446521233 183.20636021403166 497.89064950725214 203.1656472155681 -1 -1 -1 -1 -1 -1 -1 -1 1 
209 54 Car -1.000000 -1 -1 181.34234573061647 196.4562825428752 308.72636983257075 256.1251736747531 -1 -1 -1 -1 -1 -1 -1 -1 1 
210 55 Car -1.000000 -1 -1 455.2727298713648 182.47913125042734 487.9976626244876 202.75623251039252 -1 -1 -1 -1 -1 -1 -1 -1 1 
210 54 Car -1.000000 -1 -1 94.3107594251633 200.42686637204426 268.76590118958404 271.6791685670614 -1 -1 -1 -1 -1 -1 -1 -1 1 
212 57 Car -1.000000 -1 -1 94.08811445419602 187.3669198785837 226.9591657244242 254.7395941443168 -1 -1 -1 -1 -1 -1 -1 -1 1 
212 51 Car -1.000000 -1 -1 598.6856967113339 177.0770135693825 629.3068493151894 202.02303262284167 -1 -1 -1 -1 -1 -1 -1 -1 1 
213 57 Car -1.000000 -1 -1 0.01625149410503468 192.54351235353028 169.32505452289033 274.43629030424813 -1 -1 -1 -1 -1 -1 -1 -1 1 
213 51 Car -1.000000 -1 -1 597.7497975740295 176.09409798079957 627.615910217739 202.42111252334254 -1 -1 -1 -1 -1 -1 -1 -1 1 
214 57 Car -1.000000 -1 -1 -2.211798558154939 192.28308737421267 86.80828308170804 277.23441641921033 -1 -1 -1 -1 -1 -1 -1 -1 1 
214 55 Car -1.000000 -1 -1 410.6207276485287 179.3063604989304 455.5123662702166 206.6184367196491 -1 -1 -1 -1 -1 -1 -1 -1 1 
214 51 Car -1.000000 -1 -1 597.986882464817 173.032070008608 626.1445744971817 197.97530541053183 -1 -1 -1 -1 -1 -1 -1 -1 1 
215 55 Car -1.000000 -1 -1 390.3352101385021 182.0429196008123 441.8221974318418 212.00829952095563 -1 -1 -1 -1 -1 -1 -1 -1 1 
215 51 Car -1.000000 -1 -1 598.126074721607 173.11708958676226 626.7140046134592 198.5351017747934 -1 -1 -1 -1 -1 -1 -1 -1 1 
216 55 Car -1.000000 -1 -1 370.962870033028 186.1179577401624 428.2270332079094 214.72268204133096 -1 -1 -1 -1 -1 -1 -1 -1 1 
216 51 Car -1.000000 -1 -1 598.4060974820302 176.63614437557186 626.635824683767 203.00505639841924 -1 -1 -1 -1 -1 -1 -1 -1 1 
217 55 Car -1.000000 -1 -1 346.4217057824134 187.8473101756894 409.8986280881441 221.04370099707293 -1 -1 -1 -1 -1 -1 -1 -1 1 
217 51 Car -1.000000 -1 -1 597.7071170262419 178.44634897147233 626.7165038029735 202.94165374854435 -1 -1 -1 -1 -1 -1 -1 -1 1 
218 55 Car -1.000000 -1 -1 321.90955323554005 188.19547619204968 392.1711408438591 224.40599504177675 -1 -1 -1 -1 -1 -1 -1 -1 1 
218 51 Car -1.000000 -1 -1 598.4115439498654 177.57189058913633 627.0979736556228 202.65351250194584 -1 -1 -1 -1 -1 -1 -1 -1 1 
219 55 Car -1.000000 -1 -1 284.3973866649545 188.19935215063964 366.91180999978235 228.72264629516462 -1 -1 -1 -1 -1 -1 -1 -1 1 
219 51 Car -1.000000 -1 -1 598.5575006036805 176.8633582127782 626.6151424846971 201.79953906111993 -1 -1 -1 -1 -1 -1 -1 -1 1 
220 55 Car -1.000000 -1 -1 246.0217732512034 187.88508507602205 345.8977016921227 231.87468706880912 -1 -1 -1 -1 -1 -1 -1 -1 1 
220 51 Car -1.000000 -1 -1 597.9523233931798 172.98893501552251 627.4239819302009 197.74156679900793 -1 -1 -1 -1 -1 -1 -1 -1 1 
221 55 Car -1.000000 -1 -1 191.00514558530773 187.73211561179218 306.9808158633801 241.1253828322515 -1 -1 -1 -1 -1 -1 -1 -1 1 
221 51 Car -1.000000 -1 -1 597.9893602998211 172.6889436921248 628.180911408594 196.3484497884145 -1 -1 -1 -1 -1 -1 -1 -1 1 
222 51 Car -1.000000 -1 -1 598.4479512543633 172.6968282690415 626.9470634672505 197.50102552083823 -1 -1 -1 -1 -1 -1 -1 -1 1 
223 51 Car -1.000000 -1 -1 598.7345465771281 177.0660846422498 627.0547976831978 202.17607951221555 -1 -1 -1 -1 -1 -1 -1 -1 1 
224 51 Car -1.000000 -1 -1 597.979498786995 179.29384470559083 626.5129575941424 204.1499874053093 -1 -1 -1 -1 -1 -1 -1 -1 1 
225 51 Car -1.000000 -1 -1 597.0784292117908 179.97874290897298 626.4934513167693 204.71847601808037 -1 -1 -1 -1 -1 -1 -1 -1 1 
226 51 Car -1.000000 -1 -1 597.2095128051363 179.80269242364625 626.5126009738216 203.71726112296946 -1 -1 -1 -1 -1 -1 -1 -1 1 
227 51 Car -1.000000 -1 -1 596.7862393632531 179.2789141719158 626.6320481386322 204.84211639716077 -1 -1 -1 -1 -1 -1 -1 -1 1 
228 51 Car -1.000000 -1 -1 596.7456803860572 181.12186987239582 626.7642065756595 205.00232637501682 -1 -1 -1 -1 -1 -1 -1 -1 1 
229 51 Car -1.000000 -1 -1 596.8108593340104 180.6103794907148 626.421954281055 205.12830594984382 -1 -1 -1 -1 -1 -1 -1 -1 1 
230 51 Car -1.000000 -1 -1 596.965407975018 179.43869559810713 625.8312070249365 204.64528266053935 -1 -1 -1 -1 -1 -1 -1 -1 1 
231 60 Car -1.000000 -1 -1 397.27525673004294 184.54852621429242 434.7758096502377 210.69649986636182 -1 -1 -1 -1 -1 -1 -1 -1 1 
232 60 Car -1.000000 -1 -1 378.5130475475811 185.1648513156061 425.2140171628159 212.68894842181066 -1 -1 -1 -1 -1 -1 -1 -1 1 
233 60 Car -1.000000 -1 -1 363.4265654760484 184.08605083823204 415.28996729764793 214.6245943239102 -1 -1 -1 -1 -1 -1 -1 -1 1 
234 62 Car -1.000000 -1 -1 413.01604722354267 181.6027807071805 456.9215790511896 213.98850480237832 -1 -1 -1 -1 -1 -1 -1 -1 1 
234 60 Car -1.000000 -1 -1 341.10571631817857 183.41760426903 401.8570154925378 215.60057077127007 -1 -1 -1 -1 -1 -1 -1 -1 1 
234 51 Car -1.000000 -1 -1 595.2082905385357 172.98836590578924 626.4383157508878 198.76291932394872 -1 -1 -1 -1 -1 -1 -1 -1 1 
235 62 Car -1.000000 -1 -1 387.6455508496325 182.29853433485212 447.77964488560184 217.183285464461 -1 -1 -1 -1 -1 -1 -1 -1 1 
235 60 Car -1.000000 -1 -1 320.8156107916282 185.12113130866334 386.2919843632442 221.5531662894556 -1 -1 -1 -1 -1 -1 -1 -1 1 
235 51 Car -1.000000 -1 -1 595.2733310380808 175.93689366745258 626.3889494618544 201.71385419626645 -1 -1 -1 -1 -1 -1 -1 -1 1 
236 62 Car -1.000000 -1 -1 363.1510330352645 186.25198254505028 428.9806892178379 225.25308245363144 -1 -1 -1 -1 -1 -1 -1 -1 1 
236 60 Car -1.000000 -1 -1 293.6934623122215 187.36227359085413 364.60917700712497 228.19432400417728 -1 -1 -1 -1 -1 -1 -1 -1 1 
236 51 Car -1.000000 -1 -1 597.1489941231333 177.25456677950345 625.2651815294073 202.3561642720149 -1 -1 -1 -1 -1 -1 -1 -1 1 
237 62 Car -1.000000 -1 -1 336.1531379091052 187.67573087153812 402.19389339077935 231.30416149237695 -1 -1 -1 -1 -1 -1 -1 -1 1 
237 60 Car -1.000000 -1 -1 265.6861490968328 191.22822765404214 342.64213862843235 232.3323876883548 -1 -1 -1 -1 -1 -1 -1 -1 1 
237 51 Car -1.000000 -1 -1 595.9450962383013 177.51857115385621 624.5603364132917 203.0412307582222 -1 -1 -1 -1 -1 -1 -1 -1 1 
238 62 Car -1.000000 -1 -1 293.6373145425549 188.8777009712962 385.1103699098413 238.1884609707273 -1 -1 -1 -1 -1 -1 -1 -1 1 
238 61 Car -1.000000 -1 -1 453.8995109181852 181.71292074167957 490.41662618016403 210.19958787096235 -1 -1 -1 -1 -1 -1 -1 -1 1 
238 60 Car -1.000000 -1 -1 221.6031940327241 191.801646975084 306.7159765156416 237.47871547507552 -1 -1 -1 -1 -1 -1 -1 -1 1 
238 51 Car -1.000000 -1 -1 595.6252857544101 177.2465854883194 624.8027325266829 203.13592025866876 -1 -1 -1 -1 -1 -1 -1 -1 1 
239 62 Car -1.000000 -1 -1 225.786142546397 190.7165336350982 337.32490081512015 251.9782197733338 -1 -1 -1 -1 -1 -1 -1 -1 1 
239 61 Car -1.000000 -1 -1 446.0009547669727 181.13708979665088 484.12072264087885 212.02411219620936 -1 -1 -1 -1 -1 -1 -1 -1 1 
239 60 Car -1.000000 -1 -1 172.460077070846 192.72133459050494 261.7505641115399 247.58845873965092 -1 -1 -1 -1 -1 -1 -1 -1 1 
239 51 Car -1.000000 -1 -1 595.9443342381945 177.34446441038295 624.215551117865 202.72621691513518 -1 -1 -1 -1 -1 -1 -1 -1 1 
240 62 Car -1.000000 -1 -1 113.24236245926181 193.6424753915232 303.8897130476454 263.67500757511993 -1 -1 -1 -1 -1 -1 -1 -1 1 
240 61 Car -1.000000 -1 -1 437.3067358818192 182.4908771981987 476.8047270494012 211.27515733958438 -1 -1 -1 -1 -1 -1 -1 -1 1 
240 51 Car -1.000000 -1 -1 597.3146186367824 176.58401431085974 625.4539223003846 202.34256732062653 -1 -1 -1 -1 -1 -1 -1 -1 1 
241 62 Car -1.000000 -1 -1 20.573942024547335 198.9970090619933 236.44246846380142 288.3411275330358 -1 -1 -1 -1 -1 -1 -1 -1 1 
241 61 Car -1.000000 -1 -1 420.4733274579048 181.3731840453469 464.673567542663 213.85645114171965 -1 -1 -1 -1 -1 -1 -1 -1 1 
241 51 Car -1.000000 -1 -1 596.8834354843084 175.81667031089847 625.3568774404433 201.89198876659458 -1 -1 -1 -1 -1 -1 -1 -1 1 
242 62 Car -1.000000 -1 -1 -1.0258598164297013 199.26400453998494 133.8034438189979 312.0575217673412 -1 -1 -1 -1 -1 -1 -1 -1 1 
242 61 Car -1.000000 -1 -1 408.9806685189788 181.4273758433186 458.59423210357244 216.1139749133816 -1 -1 -1 -1 -1 -1 -1 -1 1 
242 51 Car -1.000000 -1 -1 596.1251435881624 172.84129617305905 625.3711639636985 199.1613335334338 -1 -1 -1 -1 -1 -1 -1 -1 1 
243 61 Car -1.000000 -1 -1 387.7764016788166 184.87713700876785 443.13932796309774 222.69718936429572 -1 -1 -1 -1 -1 -1 -1 -1 1 
244 61 Car -1.000000 -1 -1 360.5568650657168 188.28715701909877 427.8746757811079 228.19422411983115 -1 -1 -1 -1 -1 -1 -1 -1 1 
245 61 Car -1.000000 -1 -1 326.76104740110725 188.09976694711412 407.15927934531976 232.1789988871807 -1 -1 -1 -1 -1 -1 -1 -1 1 
246 61 Car -1.000000 -1 -1 293.3786779682223 188.86333151469725 383.9591867012473 237.70536232488948 -1 -1 -1 -1 -1 -1 -1 -1 1 
247 61 Car -1.000000 -1 -1 241.39922078985433 191.25199870457158 350.3126427577092 251.02505480978067 -1 -1 -1 -1 -1 -1 -1 -1 1 
253 51 Car -1.000000 -1 -1 595.7169368209746 179.16190022459398 626.12458489606 206.90718608406874 -1 -1 -1 -1 -1 -1 -1 -1 1 
254 51 Car -1.000000 -1 -1 596.1245453059673 178.66647257827796 626.4688516327968 207.19796032286607 -1 -1 -1 -1 -1 -1 -1 -1 1 
255 51 Car -1.000000 -1 -1 596.6062475351187 178.49848333459633 626.5732367497224 207.22104064547096 -1 -1 -1 -1 -1 -1 -1 -1 1 
256 51 Car -1.000000 -1 -1 595.9238054356896 178.80697949574545 626.743204770753 205.6956021831586 -1 -1 -1 -1 -1 -1 -1 -1 1 
257 51 Car -1.000000 -1 -1 596.1264558228163 176.9612906500697 626.6901583877894 204.29212535516575 -1 -1 -1 -1 -1 -1 -1 -1 1 
261 51 Car -1.000000 -1 -1 594.6217309018741 175.05298759071871 627.3966374798464 203.17497423205236 -1 -1 -1 -1 -1 -1 -1 -1 1 
262 51 Car -1.000000 -1 -1 594.1285684188971 176.9815795839979 626.6424289219655 205.0224603511966 -1 -1 -1 -1 -1 -1 -1 -1 1 
263 51 Car -1.000000 -1 -1 594.4198350407756 177.53496035360374 627.1142073543026 205.52708509449775 -1 -1 -1 -1 -1 -1 -1 -1 1 
264 51 Car -1.000000 -1 -1 591.5046806656397 175.0933027181488 627.4834770193467 203.66556003976328 -1 -1 -1 -1 -1 -1 -1 -1 1 
265 51 Car -1.000000 -1 -1 593.8529902438705 172.03080482207812 626.598617652861 197.67049986582538 -1 -1 -1 -1 -1 -1 -1 -1 1 
266 51 Car -1.000000 -1 -1 596.0960562538642 172.01997755238645 624.156544691095 192.51142685803086 -1 -1 -1 -1 -1 -1 -1 -1 1 
267 51 Car -1.000000 -1 -1 593.4122545071519 171.6586104952372 625.3466326141587 193.86368703383667 -1 -1 -1 -1 -1 -1 -1 -1 1 
268 51 Car -1.000000 -1 -1 591.926357857883 170.6236590846227 624.3747902770455 200.00279193314222 -1 -1 -1 -1 -1 -1 -1 -1 1 
269 51 Car -1.000000 -1 -1 588.740054233143 173.67423662485984 625.732208227309 204.94254341778847 -1 -1 -1 -1 -1 -1 -1 -1 1 
270 51 Car -1.000000 -1 -1 591.0835494370414 178.30427764700008 624.7541559986196 208.51870196369975 -1 -1 -1 -1 -1 -1 -1 -1 1 
271 51 Car -1.000000 -1 -1 590.4840006525986 180.5604905104981 626.8845412873018 212.3386052866968 -1 -1 -1 -1 -1 -1 -1 -1 1 
272 51 Car -1.000000 -1 -1 591.01527515283 180.03567741610684 624.9283515008597 212.44130143895745 -1 -1 -1 -1 -1 -1 -1 -1 1 
273 51 Car -1.000000 -1 -1 588.6603745050156 177.89145945929562 623.7737451642753 208.89345599481692 -1 -1 -1 -1 -1 -1 -1 -1 1 
274 51 Car -1.000000 -1 -1 588.2402202452605 178.11676415686424 623.8154035428396 208.83107314316126 -1 -1 -1 -1 -1 -1 -1 -1 1 
275 51 Car -1.000000 -1 -1 587.5949179100302 177.95473337173462 623.0690879678497 207.97531306743622 -1 -1 -1 -1 -1 -1 -1 -1 1 
276 51 Car -1.000000 -1 -1 587.1817568964683 176.92809465986034 621.4269257749503 205.86653712850352 -1 -1 -1 -1 -1 -1 -1 -1 1 
281 51 Car -1.000000 -1 -1 584.0355647829576 173.77726117578837 619.0998351947906 203.5557349713949 -1 -1 -1 -1 -1 -1 -1 -1 1 
282 51 Car -1.000000 -1 -1 583.0111885711264 170.73765221553353 619.7745448260639 201.31198578299237 -1 -1 -1 -1 -1 -1 -1 -1 1 
283 51 Car -1.000000 -1 -1 583.5292101953752 170.70910055190325 620.1736858918404 200.33806182730657 -1 -1 -1 -1 -1 -1 -1 -1 1 
284 51 Car -1.000000 -1 -1 583.1405251875806 170.4678750740221 620.311652577697 200.52501555675497 -1 -1 -1 -1 -1 -1 -1 -1 1 
285 51 Car -1.000000 -1 -1 583.6832697291214 170.7095021310334 621.0735789225079 200.2212437801063 -1 -1 -1 -1 -1 -1 -1 -1 1 
286 51 Car -1.000000 -1 -1 584.812720986513 170.27530815595617 621.3363178762106 201.10995010831033 -1 -1 -1 -1 -1 -1 -1 -1 1 
289 65 Car -1.000000 -1 -1 -1.24649337048713 170.74309661088938 147.06615373148367 215.9171743551269 -1 -1 -1 -1 -1 -1 -1 -1 1 
290 65 Car -1.000000 -1 -1 1.3508699456086504 169.08874818517899 135.541531717548 215.95900880996712 -1 -1 -1 -1 -1 -1 -1 -1 1 
291 65 Car -1.000000 -1 -1 0.49397466618280816 168.57186681590974 119.14390015716735 216.14694475339581 -1 -1 -1 -1 -1 -1 -1 -1 1 
292 65 Car -1.000000 -1 -1 3.5681349024749665 166.5439944033726 99.5296104255204 219.00194680963 -1 -1 -1 -1 -1 -1 -1 -1 1 
293 65 Car -1.000000 -1 -1 -1.9069510016303752 166.17762625145798 74.67332158237696 221.19995853147256 -1 -1 -1 -1 -1 -1 -1 -1 1 
294 65 Car -1.000000 -1 -1 -2.049955394405586 165.6590218906506 59.79045547774204 224.56432132122038 -1 -1 -1 -1 -1 -1 -1 -1 1 
294 51 Car -1.000000 -1 -1 585.8515410331579 170.94401456415653 624.6503542157319 200.74544402842338 -1 -1 -1 -1 -1 -1 -1 -1 1 
295 65 Car -1.000000 -1 -1 -0.1255227009264317 154.18607560702816 44.45128174957174 228.1480294903024 -1 -1 -1 -1 -1 -1 -1 -1 1 
295 51 Car -1.000000 -1 -1 585.8598557676261 170.76628683851317 625.10591781254 201.60187637576692 -1 -1 -1 -1 -1 -1 -1 -1 1 
296 51 Car -1.000000 -1 -1 587.0471665366338 170.73748232080385 624.321848531182 201.96316133324916 -1 -1 -1 -1 -1 -1 -1 -1 1 
297 51 Car -1.000000 -1 -1 585.9449449491043 170.86524186799159 626.505915232576 202.0166305681834 -1 -1 -1 -1 -1 -1 -1 -1 1 
306 51 Car -1.000000 -1 -1 592.5618549138308 175.83696687450774 624.6516490108692 206.69795486789482 -1 -1 -1 -1 -1 -1 -1 -1 1 
307 51 Car -1.000000 -1 -1 590.7859227301982 175.70136208087206 625.1367280999054 206.17753217140069 -1 -1 -1 -1 -1 -1 -1 -1 1 
308 51 Car -1.000000 -1 -1 591.6860352674356 176.64223479536867 625.4283267844182 206.59560108414067 -1 -1 -1 -1 -1 -1 -1 -1 1 
309 66 Car -1.000000 -1 -1 551.1968901673188 177.14304534288553 575.3129272266075 192.7349825318043 -1 -1 -1 -1 -1 -1 -1 -1 1 
