0 1 Car -1.000000 -1 -1 283.8933171032134 188.2654792600769 529.8454139601157 286.3154350951644 -1 -1 -1 -1 -1 -1 -1 -1 1 
1 1 Car -1.000000 -1 -1 212.2822854034603 186.48715994249167 482.95250671901385 296.69431091931 -1 -1 -1 -1 -1 -1 -1 -1 1 
2 1 Car -1.000000 -1 -1 135.20991984153025 190.7449271171712 423.89461878257305 306.80123447942043 -1 -1 -1 -1 -1 -1 -1 -1 1 
3 1 Car -1.000000 -1 -1 49.78126233300338 192.90187782966177 344.4740637615323 319.73348386012594 -1 -1 -1 -1 -1 -1 -1 -1 1 
4 1 Car -1.000000 -1 -1 -3.5520702603344603 193.9654563410351 307.26007181893175 338.2982301095931 -1 -1 -1 -1 -1 -1 -1 -1 1 
5 1 Car -1.000000 -1 -1 -2.2564422972500324 199.7737056002594 238.4803334683753 355.7414335485262 -1 -1 -1 -1 -1 -1 -1 -1 1 
6 1 Car -1.000000 -1 -1 -3.1514683681038775 202.7523224600233 145.92147119171344 351.0295113262076 -1 -1 -1 -1 -1 -1 -1 -1 1 
24 4 Car -1.000000 -1 -1 752.8979287302266 177.55636123295588 827.7188089105946 201.42604688254116 -1 -1 -1 -1 -1 -1 -1 -1 1 
25 4 Car -1.000000 -1 -1 745.6722153812073 177.140108238046 809.4987612025668 200.76551202398082 -1 -1 -1 -1 -1 -1 -1 -1 1 
26 4 Car -1.000000 -1 -1 739.8382096313514 174.67267990398867 799.530951141165 198.21409702014466 -1 -1 -1 -1 -1 -1 -1 -1 1 
27 4 Car -1.000000 -1 -1 728.673968645529 174.11667140773858 788.5262116190905 198.19272305959694 -1 -1 -1 -1 -1 -1 -1 -1 1 
28 4 Car -1.000000 -1 -1 722.4616811824246 174.39818966130798 776.6660190478254 197.48138425012047 -1 -1 -1 -1 -1 -1 -1 -1 1 
29 4 Car -1.000000 -1 -1 711.342936870427 174.75851005516373 762.8054887315687 197.55330269869702 -1 -1 -1 -1 -1 -1 -1 -1 1 
30 4 Car -1.000000 -1 -1 706.5766736268997 174.99963752925396 755.0632935074659 196.36604748666286 -1 -1 -1 -1 -1 -1 -1 -1 1 
31 4 Car -1.000000 -1 -1 702.0219936290613 175.23386444036777 748.8748525369626 195.72254213003012 -1 -1 -1 -1 -1 -1 -1 -1 1 
32 4 Car -1.000000 -1 -1 705.4206429444826 175.1881525493585 741.3048430887551 195.43558617050832 -1 -1 -1 -1 -1 -1 -1 -1 1 
33 4 Car -1.000000 -1 -1 691.862641618802 174.53361059037536 731.453741298272 195.10286974792294 -1 -1 -1 -1 -1 -1 -1 -1 1 
34 4 Car -1.000000 -1 -1 685.8573881788896 174.9437229277996 726.1055874927686 194.6225351152512 -1 -1 -1 -1 -1 -1 -1 -1 1 
35 4 Car -1.000000 -1 -1 682.6478636597212 175.11825263500214 721.1069949189058 194.03573526785925 -1 -1 -1 -1 -1 -1 -1 -1 1 
40 5 Car -1.000000 -1 -1 922.2097288645231 203.84471196358876 1242.2285558994 376.8059172255631 -1 -1 -1 -1 -1 -1 -1 -1 1 
41 5 Car -1.000000 -1 -1 888.810752562892 194.86891782770937 1238.9965719520474 374.77307232956474 -1 -1 -1 -1 -1 -1 -1 -1 1 
42 5 Car -1.000000 -1 -1 853.2185235613813 194.40519064664838 1177.1886731437764 359.6421268123846 -1 -1 -1 -1 -1 -1 -1 -1 1 
43 5 Car -1.000000 -1 -1 834.7673298298165 190.24936847675303 1101.6354763376023 340.19024046854327 -1 -1 -1 -1 -1 -1 -1 -1 1 
44 5 Car -1.000000 -1 -1 814.1627775384829 188.49966768175364 1041.7544837869132 320.74283027591616 -1 -1 -1 -1 -1 -1 -1 -1 1 
45 5 Car -1.000000 -1 -1 794.8703525946119 190.25972678970834 1005.50053617043 305.55366244740213 -1 -1 -1 -1 -1 -1 -1 -1 1 
46 6 Car -1.000000 -1 -1 1026.515358252594 188.3873733906792 1240.5298106607336 302.45579313486814 -1 -1 -1 -1 -1 -1 -1 -1 1 
46 5 Car -1.000000 -1 -1 787.2667105935801 191.1615627244688 962.5393117295149 295.7284988190692 -1 -1 -1 -1 -1 -1 -1 -1 1 
47 6 Car -1.000000 -1 -1 999.4774070479549 186.58561238016074 1238.2813437391933 290.559117252437 -1 -1 -1 -1 -1 -1 -1 -1 1 
47 5 Car -1.000000 -1 -1 769.8668950512433 188.70315090036738 929.3937019760219 285.4933814109805 -1 -1 -1 -1 -1 -1 -1 -1 1 
48 6 Car -1.000000 -1 -1 973.2601538042609 187.827688570206 1192.9798536971211 280.9464719433051 -1 -1 -1 -1 -1 -1 -1 -1 1 
48 5 Car -1.000000 -1 -1 757.5646561101939 189.1484795890462 902.9083602068804 278.1529203594591 -1 -1 -1 -1 -1 -1 -1 -1 1 
49 6 Car -1.000000 -1 -1 945.6877645176763 186.2095757566679 1143.0106736315556 270.46021906873926 -1 -1 -1 -1 -1 -1 -1 -1 1 
49 5 Car -1.000000 -1 -1 753.0343854742555 186.5527380186205 880.277048412997 268.3240568193679 -1 -1 -1 -1 -1 -1 -1 -1 1 
50 6 Car -1.000000 -1 -1 923.6415207479149 184.04536851896688 1106.0875022685013 263.5814411422381 -1 -1 -1 -1 -1 -1 -1 -1 1 
50 5 Car -1.000000 -1 -1 739.208267239424 186.28631605623434 855.7956075668336 261.9478867138521 -1 -1 -1 -1 -1 -1 -1 -1 1 
51 6 Car -1.000000 -1 -1 906.8039570922175 180.872402082269 1068.5832244099047 258.4066269202874 -1 -1 -1 -1 -1 -1 -1 -1 1 
51 5 Car -1.000000 -1 -1 727.7108250681598 185.3266252168956 840.5977679528296 255.61695948887905 -1 -1 -1 -1 -1 -1 -1 -1 1 
52 6 Car -1.000000 -1 -1 894.6582665530822 181.6180323322232 1037.0126136224717 252.23598134918856 -1 -1 -1 -1 -1 -1 -1 -1 1 
52 5 Car -1.000000 -1 -1 721.1918477771375 185.7395581721973 825.0879919746749 251.32457140045096 -1 -1 -1 -1 -1 -1 -1 -1 1 
53 6 Car -1.000000 -1 -1 874.7727507845714 181.77006896047922 1008.636022289212 247.5206148362933 -1 -1 -1 -1 -1 -1 -1 -1 1 
53 5 Car -1.000000 -1 -1 712.9122179884176 182.4752260089064 804.5573536937053 244.3623592844233 -1 -1 -1 -1 -1 -1 -1 -1 1 
54 6 Car -1.000000 -1 -1 862.7366284579039 181.03149291486122 987.2012190967798 244.0187920852063 -1 -1 -1 -1 -1 -1 -1 -1 1 
54 5 Car -1.000000 -1 -1 705.2491171119306 182.00968119065064 794.9057336369387 240.70531617885888 -1 -1 -1 -1 -1 -1 -1 -1 1 
55 6 Car -1.000000 -1 -1 846.5312010141519 181.3589031360327 960.7757978164232 240.24522642139345 -1 -1 -1 -1 -1 -1 -1 -1 1 
55 5 Car -1.000000 -1 -1 700.5095807285263 182.55261023743793 780.2352673210777 237.39717578372128 -1 -1 -1 -1 -1 -1 -1 -1 1 
56 6 Car -1.000000 -1 -1 838.7665348838156 181.25670398764598 941.9511204631283 236.19481237927593 -1 -1 -1 -1 -1 -1 -1 -1 1 
56 5 Car -1.000000 -1 -1 697.6011775818009 181.4311327896296 771.5495124740097 233.99466413180704 -1 -1 -1 -1 -1 -1 -1 -1 1 
57 8 Car -1.000000 -1 -1 1041.106113965265 187.4587033302165 1239.8888802165884 300.39046285673976 -1 -1 -1 -1 -1 -1 -1 -1 1 
57 6 Car -1.000000 -1 -1 828.4725437542567 181.52300043640514 927.1761095833319 232.9912185221194 -1 -1 -1 -1 -1 -1 -1 -1 1 
57 5 Car -1.000000 -1 -1 690.7889621137426 180.2869636225156 762.7974020454745 230.6567494166442 -1 -1 -1 -1 -1 -1 -1 -1 1 
58 8 Car -1.000000 -1 -1 1009.6452186474435 188.17132177691047 1242.879908323288 279.4368072556189 -1 -1 -1 -1 -1 -1 -1 -1 1 
58 6 Car -1.000000 -1 -1 820.1567581103972 180.25860149198425 910.7208804599941 229.56543328025592 -1 -1 -1 -1 -1 -1 -1 -1 1 
58 5 Car -1.000000 -1 -1 686.7453560502483 180.1189899068469 755.1037571011827 227.64519087146394 -1 -1 -1 -1 -1 -1 -1 -1 1 
59 8 Car -1.000000 -1 -1 985.5797572542841 182.96564382930788 1241.3036482844213 267.0024282549723 -1 -1 -1 -1 -1 -1 -1 -1 1 
59 6 Car -1.000000 -1 -1 804.4282396980203 179.83438407715695 893.3803303568409 227.80132404743478 -1 -1 -1 -1 -1 -1 -1 -1 1 
59 5 Car -1.000000 -1 -1 680.1746647197467 178.10217865133802 743.7563607944893 222.82169127944286 -1 -1 -1 -1 -1 -1 -1 -1 1 
60 9 Car -1.000000 -1 -1 892.7037635949941 216.9404221841922 1242.6370477492992 375.15422443930913 -1 -1 -1 -1 -1 -1 -1 -1 1 
60 8 Car -1.000000 -1 -1 967.4912549308858 183.81477387335437 1238.2301840272087 250.47568335699347 -1 -1 -1 -1 -1 -1 -1 -1 1 
60 6 Car -1.000000 -1 -1 798.2462492132415 180.9434477651778 878.81507593336 225.52050833697785 -1 -1 -1 -1 -1 -1 -1 -1 1 
60 5 Car -1.000000 -1 -1 677.369219318892 179.2168739036872 735.8258802733169 220.43900922513927 -1 -1 -1 -1 -1 -1 -1 -1 1 
61 9 Car -1.000000 -1 -1 852.6888566108851 208.32949336797284 1239.297640827986 375.067927614929 -1 -1 -1 -1 -1 -1 -1 -1 1 
61 6 Car -1.000000 -1 -1 790.7646499287624 179.47120061860636 866.9614161516612 220.57289443910122 -1 -1 -1 -1 -1 -1 -1 -1 1 
61 5 Car -1.000000 -1 -1 672.1186775135307 178.93864245762907 726.625768058002 219.07131170603233 -1 -1 -1 -1 -1 -1 -1 -1 1 
62 9 Car -1.000000 -1 -1 831.5998710264954 195.2731649821194 1229.7475623571531 372.9566008640596 -1 -1 -1 -1 -1 -1 -1 -1 1 
62 6 Car -1.000000 -1 -1 783.3605294342225 179.119795641432 854.5821090501089 217.88760897022885 -1 -1 -1 -1 -1 -1 -1 -1 1 
62 5 Car -1.000000 -1 -1 668.4193922848655 178.65902184544558 722.3059506582525 216.42362613839882 -1 -1 -1 -1 -1 -1 -1 -1 1 
63 9 Car -1.000000 -1 -1 809.8189676346688 197.10754341660783 1139.4090043180263 372.02837923541665 -1 -1 -1 -1 -1 -1 -1 -1 1 
63 6 Car -1.000000 -1 -1 772.2553146280922 178.47767300330676 838.9153081975304 216.77342802286148 -1 -1 -1 -1 -1 -1 -1 -1 1 
63 5 Car -1.000000 -1 -1 667.247306213929 178.33978940661137 715.0624036238743 215.4751021701556 -1 -1 -1 -1 -1 -1 -1 -1 1 
64 9 Car -1.000000 -1 -1 791.4037046461151 198.7885291544864 1062.0348845783335 348.9182593945701 -1 -1 -1 -1 -1 -1 -1 -1 1 
64 6 Car -1.000000 -1 -1 765.9395029017558 178.7942931897795 827.9313471477765 214.28558027121022 -1 -1 -1 -1 -1 -1 -1 -1 1 
64 5 Car -1.000000 -1 -1 662.5767698121758 179.30731184494036 710.302039474822 213.72626772007115 -1 -1 -1 -1 -1 -1 -1 -1 1 
65 9 Car -1.000000 -1 -1 773.4323972985148 196.25153166886707 1010.0329343384275 330.98852860096554 -1 -1 -1 -1 -1 -1 -1 -1 1 
65 6 Car -1.000000 -1 -1 758.8591662536446 178.3781859378975 819.5871331342137 213.81185952430735 -1 -1 -1 -1 -1 -1 -1 -1 1 
65 5 Car -1.000000 -1 -1 660.556464354436 179.43182265242706 704.9272837330802 212.34985046948378 -1 -1 -1 -1 -1 -1 -1 -1 1 
66 9 Car -1.000000 -1 -1 765.5578549169003 193.06744857189744 969.3240326428069 314.86471806867763 -1 -1 -1 -1 -1 -1 -1 -1 1 
66 6 Car -1.000000 -1 -1 752.6513777409609 179.1908098384738 804.1796756902567 212.64915705586856 -1 -1 -1 -1 -1 -1 -1 -1 1 
66 5 Car -1.000000 -1 -1 659.6218042236109 176.80553834025676 700.5361275879237 209.4906519811887 -1 -1 -1 -1 -1 -1 -1 -1 1 
67 10 Car -1.000000 -1 -1 862.8086180709876 182.06806657298537 968.8975174083159 240.11968931433958 -1 -1 -1 -1 -1 -1 -1 -1 1 
67 9 Car -1.000000 -1 -1 748.2801204402573 195.56840301419678 933.2008708132288 298.9070453466131 -1 -1 -1 -1 -1 -1 -1 -1 1 
67 6 Car -1.000000 -1 -1 748.1573943793775 177.42999758159453 799.2306860845824 210.64902526380206 -1 -1 -1 -1 -1 -1 -1 -1 1 
67 5 Car -1.000000 -1 -1 658.4561134725808 177.46556765184954 694.7934563240178 207.67620248863332 -1 -1 -1 -1 -1 -1 -1 -1 1 
68 10 Car -1.000000 -1 -1 848.9453622074082 181.49222187303866 943.9992479114578 234.991665240019 -1 -1 -1 -1 -1 -1 -1 -1 1 
68 9 Car -1.000000 -1 -1 741.2748863589591 195.7761095299457 901.6919758060517 286.306854032983 -1 -1 -1 -1 -1 -1 -1 -1 1 
68 6 Car -1.000000 -1 -1 744.1116888116185 177.16350538047172 793.6475390625687 214.52324763119506 -1 -1 -1 -1 -1 -1 -1 -1 1 
68 5 Car -1.000000 -1 -1 656.351343274833 177.0527699890618 692.9354522622262 207.1076976493574 -1 -1 -1 -1 -1 -1 -1 -1 1 
69 10 Car -1.000000 -1 -1 834.963743276321 180.78948230518458 925.4519172425454 231.7976709186601 -1 -1 -1 -1 -1 -1 -1 -1 1 
69 9 Car -1.000000 -1 -1 726.2060117039543 192.98087753570422 876.4886529485767 278.65924050386707 -1 -1 -1 -1 -1 -1 -1 -1 1 
69 6 Car -1.000000 -1 -1 735.2082115641007 176.3922726878753 778.4317817687988 208.3376605923359 -1 -1 -1 -1 -1 -1 -1 -1 1 
69 5 Car -1.000000 -1 -1 655.0239343729157 177.79270817454045 688.8696436475103 204.7303826189958 -1 -1 -1 -1 -1 -1 -1 -1 1 
70 10 Car -1.000000 -1 -1 825.9988251878665 180.69286622966712 906.9852628455712 228.72874735353085 -1 -1 -1 -1 -1 -1 -1 -1 1 
70 9 Car -1.000000 -1 -1 717.2728744653555 189.00044991348227 855.2342003400508 268.84966990194073 -1 -1 -1 -1 -1 -1 -1 -1 1 
70 6 Car -1.000000 -1 -1 729.7519163833216 175.8643683905785 773.0446154085491 206.97814082870119 -1 -1 -1 -1 -1 -1 -1 -1 1 
70 5 Car -1.000000 -1 -1 647.3634124094477 177.73360651559554 680.8774263474804 203.88759106684188 -1 -1 -1 -1 -1 -1 -1 -1 1 
71 10 Car -1.000000 -1 -1 808.1382687366925 177.61217850224617 887.2765632225916 223.73048569827986 -1 -1 -1 -1 -1 -1 -1 -1 1 
71 9 Car -1.000000 -1 -1 712.329347343399 188.28010770420616 835.5877398607823 263.1509666904234 -1 -1 -1 -1 -1 -1 -1 -1 1 
71 5 Car -1.000000 -1 -1 644.2950038325329 177.13016343231382 678.0444106723254 203.46095885794895 -1 -1 -1 -1 -1 -1 -1 -1 1 
72 10 Car -1.000000 -1 -1 796.7351378701054 178.61345053937 870.5875824695596 221.94498044868502 -1 -1 -1 -1 -1 -1 -1 -1 1 
72 9 Car -1.000000 -1 -1 701.7510148596306 187.05895612947643 813.4067915735337 257.5841040457957 -1 -1 -1 -1 -1 -1 -1 -1 1 
72 5 Car -1.000000 -1 -1 642.3475685944924 177.07364382938695 674.754293519717 203.06304390900408 -1 -1 -1 -1 -1 -1 -1 -1 1 
73 10 Car -1.000000 -1 -1 790.1716245023104 178.36244192977364 856.4342512098642 219.03290295113737 -1 -1 -1 -1 -1 -1 -1 -1 1 
73 9 Car -1.000000 -1 -1 692.6838741543202 188.09214680312346 803.069681061002 251.06466803341533 -1 -1 -1 -1 -1 -1 -1 -1 1 
73 5 Car -1.000000 -1 -1 642.8302079307346 177.35411756886884 671.436959687907 201.32178884859266 -1 -1 -1 -1 -1 -1 -1 -1 1 
74 11 Car -1.000000 -1 -1 879.7958348462216 190.31496385398964 1243.7448158149537 375.4457529419317 -1 -1 -1 -1 -1 -1 -1 -1 1 
74 10 Car -1.000000 -1 -1 774.2280321826155 176.94191934648327 838.6948107784757 218.6797391712809 -1 -1 -1 -1 -1 -1 -1 -1 1 
74 9 Car -1.000000 -1 -1 689.5208615379838 183.80924724400617 787.1053079555815 245.98629362522985 -1 -1 -1 -1 -1 -1 -1 -1 1 
74 5 Car -1.000000 -1 -1 641.6344425552165 177.48344549909234 668.5442816466092 200.18923372173538 -1 -1 -1 -1 -1 -1 -1 -1 1 
75 11 Car -1.000000 -1 -1 848.029561223319 189.22434016489063 1241.8949560964338 373.63070177917297 -1 -1 -1 -1 -1 -1 -1 -1 1 
75 10 Car -1.000000 -1 -1 762.6467360103361 177.7624569994469 829.9861105101614 215.16680870599183 -1 -1 -1 -1 -1 -1 -1 -1 1 
75 9 Car -1.000000 -1 -1 686.1624088849013 185.3911070368038 776.0675406582081 240.7707765053671 -1 -1 -1 -1 -1 -1 -1 -1 1 
75 5 Car -1.000000 -1 -1 639.4865607155057 174.6601562660474 666.4588809683919 197.72665689770992 -1 -1 -1 -1 -1 -1 -1 -1 1 
76 11 Car -1.000000 -1 -1 826.3673214637316 185.38223608182028 1222.1395025528395 370.4725395028408 -1 -1 -1 -1 -1 -1 -1 -1 1 
76 10 Car -1.000000 -1 -1 754.9991587950634 177.8322727723907 817.4681738431639 213.76974306678258 -1 -1 -1 -1 -1 -1 -1 -1 1 
76 9 Car -1.000000 -1 -1 681.6165660952147 185.23572745303125 766.2172375264076 236.87797883310571 -1 -1 -1 -1 -1 -1 -1 -1 1 
76 5 Car -1.000000 -1 -1 639.3247401519463 174.97312277555469 664.8087129696057 197.22280479394476 -1 -1 -1 -1 -1 -1 -1 -1 1 
77 11 Car -1.000000 -1 -1 810.6888959275989 185.87921470260386 1134.0813846536553 345.31043530800014 -1 -1 -1 -1 -1 -1 -1 -1 1 
77 10 Car -1.000000 -1 -1 750.8766278853783 177.54388662377517 809.2758405804634 211.50946583992874 -1 -1 -1 -1 -1 -1 -1 -1 1 
77 9 Car -1.000000 -1 -1 672.6502870126412 183.5868692276283 752.9594193983537 233.94535154175875 -1 -1 -1 -1 -1 -1 -1 -1 1 
77 5 Car -1.000000 -1 -1 638.5318165788285 180.80781865864992 660.9229708348331 198.1820923347886 -1 -1 -1 -1 -1 -1 -1 -1 1 
78 11 Car -1.000000 -1 -1 792.8431013154868 181.3819960046273 1059.9958077053038 330.0283905118704 -1 -1 -1 -1 -1 -1 -1 -1 1 
78 10 Car -1.000000 -1 -1 741.3614980280399 177.61543158065672 801.6008459535929 209.8274340432209 -1 -1 -1 -1 -1 -1 -1 -1 1 
78 9 Car -1.000000 -1 -1 669.1035900809444 182.9102345330354 744.4059333199492 230.85810164383685 -1 -1 -1 -1 -1 -1 -1 -1 1 
78 5 Car -1.000000 -1 -1 636.3638711090272 176.21144666694678 660.1252375141933 195.1149835322912 -1 -1 -1 -1 -1 -1 -1 -1 1 
79 11 Car -1.000000 -1 -1 771.9393241101733 183.87828645511314 1010.9273238669222 313.47339091679225 -1 -1 -1 -1 -1 -1 -1 -1 1 
79 10 Car -1.000000 -1 -1 735.0458531338148 176.46786380702486 784.6052070484998 208.23507114815024 -1 -1 -1 -1 -1 -1 -1 -1 1 
79 9 Car -1.000000 -1 -1 665.5371936135567 182.57953882074128 737.4923903449223 228.19964261725545 -1 -1 -1 -1 -1 -1 -1 -1 1 
80 11 Car -1.000000 -1 -1 760.6209578365089 182.8962567692193 969.0475648744749 300.3505430757426 -1 -1 -1 -1 -1 -1 -1 -1 1 
80 10 Car -1.000000 -1 -1 729.1972986451135 176.32622479532773 783.1900960628229 206.81491401046515 -1 -1 -1 -1 -1 -1 -1 -1 1 
80 9 Car -1.000000 -1 -1 661.6602872633016 182.51782216919727 730.2374524588768 225.72692793507414 -1 -1 -1 -1 -1 -1 -1 -1 1 
81 12 Car -1.000000 -1 -1 855.2292886247429 39.960264299924546 1205.7793426413377 270.5894132646231 -1 -1 -1 -1 -1 -1 -1 -1 1 
81 11 Car -1.000000 -1 -1 747.5431946213715 182.36947629170922 926.5104246350148 289.0245507901105 -1 -1 -1 -1 -1 -1 -1 -1 1 
81 10 Car -1.000000 -1 -1 725.142565992016 176.27003638503643 776.187306717038 205.42992959515408 -1 -1 -1 -1 -1 -1 -1 -1 1 
81 9 Car -1.000000 -1 -1 660.9104884117841 183.2947163000846 723.353813984073 223.29186468134418 -1 -1 -1 -1 -1 -1 -1 -1 1 
82 12 Car -1.000000 -1 -1 860.5595459270364 51.41730441783483 1150.259118678765 264.9464188143611 -1 -1 -1 -1 -1 -1 -1 -1 1 
82 11 Car -1.000000 -1 -1 738.6718041270685 179.53728305963944 898.8054455502962 277.8259797129207 -1 -1 -1 -1 -1 -1 -1 -1 1 
82 10 Car -1.000000 -1 -1 721.4692296964619 176.7734526298367 769.2501342646206 203.606926692793 -1 -1 -1 -1 -1 -1 -1 -1 1 
82 9 Car -1.000000 -1 -1 658.2486220179842 181.1781335586252 717.4584497860991 219.16998817155567 -1 -1 -1 -1 -1 -1 -1 -1 1 
82 5 Car -1.000000 -1 -1 628.2070909704153 176.85155240962138 649.4337175843807 192.91067882799183 -1 -1 -1 -1 -1 -1 -1 -1 1 
83 12 Car -1.000000 -1 -1 850.436664928897 67.825078462752 1106.257666662049 252.84263771027327 -1 -1 -1 -1 -1 -1 -1 -1 1 
83 11 Car -1.000000 -1 -1 728.7684671580791 182.80896897284458 873.8706416006271 268.75413544117833 -1 -1 -1 -1 -1 -1 -1 -1 1 
83 10 Car -1.000000 -1 -1 713.0984492485339 176.82390223042324 756.9910733424699 203.9447199696532 -1 -1 -1 -1 -1 -1 -1 -1 1 
83 9 Car -1.000000 -1 -1 655.8282961335319 181.2842004180241 714.8680224149273 217.42154283520694 -1 -1 -1 -1 -1 -1 -1 -1 1 
83 5 Car -1.000000 -1 -1 626.9049865402854 177.4704231379124 647.8053141024251 192.15263755848775 -1 -1 -1 -1 -1 -1 -1 -1 1 
84 12 Car -1.000000 -1 -1 824.9629675456538 74.15266754105687 1056.1829449548745 251.33145697271596 -1 -1 -1 -1 -1 -1 -1 -1 1 
84 11 Car -1.000000 -1 -1 718.683700045714 181.56916153832123 854.1030732874686 263.58579392903124 -1 -1 -1 -1 -1 -1 -1 -1 1 
84 10 Car -1.000000 -1 -1 711.0813641399146 176.81216498693595 748.4470120771574 202.51685029898698 -1 -1 -1 -1 -1 -1 -1 -1 1 
84 9 Car -1.000000 -1 -1 655.2370858404499 180.34985430467012 709.1890787040959 215.90112438067217 -1 -1 -1 -1 -1 -1 -1 -1 1 
84 5 Car -1.000000 -1 -1 625.7802989402643 177.11762539469277 646.0603569917954 192.14582414581224 -1 -1 -1 -1 -1 -1 -1 -1 1 
85 12 Car -1.000000 -1 -1 817.9292312436378 81.53914459622823 1032.980289235711 246.60955168879948 -1 -1 -1 -1 -1 -1 -1 -1 1 
85 11 Car -1.000000 -1 -1 714.6661140970314 181.76025146833408 832.5007535717809 256.738636839705 -1 -1 -1 -1 -1 -1 -1 -1 1 
85 10 Car -1.000000 -1 -1 707.2663467194026 175.80568582679214 746.6947421144981 203.05927291225927 -1 -1 -1 -1 -1 -1 -1 -1 1 
85 9 Car -1.000000 -1 -1 654.09826724919 179.80200575234798 701.1994264366537 215.1273746186724 -1 -1 -1 -1 -1 -1 -1 -1 1 
85 5 Car -1.000000 -1 -1 625.5228856234595 178.28244687272954 643.1217290271932 191.5150803442185 -1 -1 -1 -1 -1 -1 -1 -1 1 
86 12 Car -1.000000 -1 -1 805.9669663378826 85.61068436560723 1004.9222601262422 240.73641682760072 -1 -1 -1 -1 -1 -1 -1 -1 1 
86 11 Car -1.000000 -1 -1 702.06750720854 179.00425059577594 813.4637241214514 249.6744940917079 -1 -1 -1 -1 -1 -1 -1 -1 1 
86 9 Car -1.000000 -1 -1 652.6730206121617 179.66630252508017 698.0921099420922 213.487365641273 -1 -1 -1 -1 -1 -1 -1 -1 1 
87 12 Car -1.000000 -1 -1 795.7809645216912 90.08020947042566 981.8313122524951 236.99971592913454 -1 -1 -1 -1 -1 -1 -1 -1 1 
87 11 Car -1.000000 -1 -1 695.6348428903864 179.15739675159924 801.5122621065149 244.3609428502476 -1 -1 -1 -1 -1 -1 -1 -1 1 
87 9 Car -1.000000 -1 -1 650.2009349539876 180.56077732203102 694.1434809101315 212.3353330131907 -1 -1 -1 -1 -1 -1 -1 -1 1 
88 14 Car -1.000000 -1 -1 956.8302776452441 179.22292261545618 1036.3693727982732 212.38573512975844 -1 -1 -1 -1 -1 -1 -1 -1 1 
88 12 Car -1.000000 -1 -1 788.1229825882385 95.23709791784104 961.9155362532117 233.66375167209372 -1 -1 -1 -1 -1 -1 -1 -1 1 
88 11 Car -1.000000 -1 -1 689.1063708502512 180.23009208711582 787.161549685093 240.22847631623827 -1 -1 -1 -1 -1 -1 -1 -1 1 
88 9 Car -1.000000 -1 -1 642.6995559654271 181.15362492748176 686.7843857775802 211.01189959937562 -1 -1 -1 -1 -1 -1 -1 -1 1 
89 14 Car -1.000000 -1 -1 942.7419391933541 180.54548484864287 1025.5969498828053 209.64658827646278 -1 -1 -1 -1 -1 -1 -1 -1 1 
89 12 Car -1.000000 -1 -1 771.3093875907362 99.03984821329894 934.5422704784343 231.71764365039192 -1 -1 -1 -1 -1 -1 -1 -1 1 
89 11 Car -1.000000 -1 -1 685.9156749586648 178.6538176238537 775.6425755832059 235.956118370478 -1 -1 -1 -1 -1 -1 -1 -1 1 
89 9 Car -1.000000 -1 -1 642.6937218242539 182.71248321980238 681.7021320161336 209.8183917024961 -1 -1 -1 -1 -1 -1 -1 -1 1 
90 15 Car -1.000000 -1 -1 891.9435216761553 166.33201182748263 1242.990520415398 378.06431354525 -1 -1 -1 -1 -1 -1 -1 -1 1 
90 12 Car -1.000000 -1 -1 761.2468943002706 104.68159236300451 915.6277183979178 225.4194494766685 -1 -1 -1 -1 -1 -1 -1 -1 1 
90 11 Car -1.000000 -1 -1 680.4595075490382 178.0570266284765 766.8114837190278 231.84508148831532 -1 -1 -1 -1 -1 -1 -1 -1 1 
90 9 Car -1.000000 -1 -1 640.8375178586979 180.07261119782927 678.917619373936 206.18617176436464 -1 -1 -1 -1 -1 -1 -1 -1 1 
91 15 Car -1.000000 -1 -1 856.9533807772855 169.29079028061378 1234.3014826682897 377.23356877596905 -1 -1 -1 -1 -1 -1 -1 -1 1 
91 12 Car -1.000000 -1 -1 757.3512296143632 108.49907578757174 897.2783271332199 224.35040155855506 -1 -1 -1 -1 -1 -1 -1 -1 1 
91 11 Car -1.000000 -1 -1 672.6884263458734 178.7228092837792 753.6551007602651 228.31685289454 -1 -1 -1 -1 -1 -1 -1 -1 1 
91 9 Car -1.000000 -1 -1 637.5513085814622 180.21086746683488 678.6163136408878 205.72290655512077 -1 -1 -1 -1 -1 -1 -1 -1 1 
92 15 Car -1.000000 -1 -1 833.627625738199 164.3272208121533 1227.7340382910693 374.53673726234297 -1 -1 -1 -1 -1 -1 -1 -1 1 
92 12 Car -1.000000 -1 -1 748.1213449408801 110.83212287093585 882.2720613218844 223.45156946147864 -1 -1 -1 -1 -1 -1 -1 -1 1 
92 11 Car -1.000000 -1 -1 670.5031625462267 175.55136064318225 744.2271213285053 225.1437168586283 -1 -1 -1 -1 -1 -1 -1 -1 1 
92 9 Car -1.000000 -1 -1 636.987553070371 179.80913574305865 674.9241095678165 204.33783918046035 -1 -1 -1 -1 -1 -1 -1 -1 1 
93 15 Car -1.000000 -1 -1 813.1812331355536 170.25629542051598 1147.8328197598457 355.2669499141092 -1 -1 -1 -1 -1 -1 -1 -1 1 
93 12 Car -1.000000 -1 -1 742.5444633321692 111.95489771377581 871.5450021484149 220.56313081142991 -1 -1 -1 -1 -1 -1 -1 -1 1 
93 11 Car -1.000000 -1 -1 668.7368754830499 177.16485024608957 734.7069688903598 221.96319306161826 -1 -1 -1 -1 -1 -1 -1 -1 1 
93 9 Car -1.000000 -1 -1 636.2163014778724 179.1285161788647 670.9096331917323 203.6212934897496 -1 -1 -1 -1 -1 -1 -1 -1 1 
94 15 Car -1.000000 -1 -1 797.6130321071698 170.72991066827223 1073.6777112804925 331.05868373352746 -1 -1 -1 -1 -1 -1 -1 -1 1 
94 12 Car -1.000000 -1 -1 732.9040543932754 113.83724320106782 867.948957434927 220.02276670760835 -1 -1 -1 -1 -1 -1 -1 -1 1 
94 11 Car -1.000000 -1 -1 670.7035748027266 177.72404104471207 729.154528408383 220.45270611460393 -1 -1 -1 -1 -1 -1 -1 -1 1 
94 9 Car -1.000000 -1 -1 635.0514218423228 179.7360584426385 668.0583686639483 203.26174809955637 -1 -1 -1 -1 -1 -1 -1 -1 1 
95 15 Car -1.000000 -1 -1 784.0864922034625 173.01960944986115 1019.8894478956666 313.04858542548925 -1 -1 -1 -1 -1 -1 -1 -1 1 
95 12 Car -1.000000 -1 -1 729.3885128022386 115.02429423853752 864.9269039831481 217.10710073463042 -1 -1 -1 -1 -1 -1 -1 -1 1 
95 11 Car -1.000000 -1 -1 665.0428947147268 177.8961209526572 720.1594088140588 217.03812178188505 -1 -1 -1 -1 -1 -1 -1 -1 1 
95 9 Car -1.000000 -1 -1 634.9440232480947 181.05052956021748 664.2495244764364 202.04625995113298 -1 -1 -1 -1 -1 -1 -1 -1 1 
96 15 Car -1.000000 -1 -1 770.9367114364242 172.64363166088094 978.6308692726666 301.6495366867345 -1 -1 -1 -1 -1 -1 -1 -1 1 
96 12 Car -1.000000 -1 -1 729.4517287368384 121.82024010242176 837.0291061278145 213.7439456911614 -1 -1 -1 -1 -1 -1 -1 -1 1 
96 11 Car -1.000000 -1 -1 663.1662085706797 176.89832533673885 716.774446138109 215.2870348565137 -1 -1 -1 -1 -1 -1 -1 -1 1 
96 9 Car -1.000000 -1 -1 634.0634764249509 179.3245501959553 664.6767577563342 200.87570761545345 -1 -1 -1 -1 -1 -1 -1 -1 1 
97 15 Car -1.000000 -1 -1 755.98267475315 173.9156090009671 939.1909992984281 291.25028232542365 -1 -1 -1 -1 -1 -1 -1 -1 1 
97 12 Car -1.000000 -1 -1 712.02008082689 121.45905776952321 835.9165841922736 214.83002252017076 -1 -1 -1 -1 -1 -1 -1 -1 1 
97 11 Car -1.000000 -1 -1 661.6201882978471 176.77485119873802 710.5244842472557 213.9543583527064 -1 -1 -1 -1 -1 -1 -1 -1 1 
97 9 Car -1.000000 -1 -1 635.104330132787 180.35229188031875 663.9844644654255 199.92953947243782 -1 -1 -1 -1 -1 -1 -1 -1 1 
98 15 Car -1.000000 -1 -1 742.4704335625642 174.33849095295255 914.1737930985311 280.26331040578395 -1 -1 -1 -1 -1 -1 -1 -1 1 
98 12 Car -1.000000 -1 -1 721.0379390596198 126.21647089075012 815.9615359140131 207.73115784574588 -1 -1 -1 -1 -1 -1 -1 -1 1 
98 11 Car -1.000000 -1 -1 658.0400084728519 175.57215762252991 703.3170858608703 210.84129767349134 -1 -1 -1 -1 -1 -1 -1 -1 1 
99 15 Car -1.000000 -1 -1 735.4524598253462 175.53933011367917 883.0709878257835 270.8763143119331 -1 -1 -1 -1 -1 -1 -1 -1 1 
99 12 Car -1.000000 -1 -1 713.2546978865105 128.70515288355256 804.3516053010064 207.21115193401388 -1 -1 -1 -1 -1 -1 -1 -1 1 
99 11 Car -1.000000 -1 -1 654.888379856944 176.28933560962858 700.3045243999131 208.84944111681898 -1 -1 -1 -1 -1 -1 -1 -1 1 
100 16 Car -1.000000 -1 -1 893.7461466416717 205.60306081405054 1243.5261630696746 375.7737399293826 -1 -1 -1 -1 -1 -1 -1 -1 1 
100 15 Car -1.000000 -1 -1 725.7985737881122 175.39353566602443 864.5342268386426 262.64836913189635 -1 -1 -1 -1 -1 -1 -1 -1 1 
100 12 Car -1.000000 -1 -1 710.4836478393812 130.00675369627203 797.6810576113371 204.30307298039017 -1 -1 -1 -1 -1 -1 -1 -1 1 
100 11 Car -1.000000 -1 -1 654.159920300572 175.8141489699483 693.8919026242713 207.39219674410728 -1 -1 -1 -1 -1 -1 -1 -1 1 
101 16 Car -1.000000 -1 -1 865.3423218125333 198.23898052653442 1244.6300937298397 373.10531140806586 -1 -1 -1 -1 -1 -1 -1 -1 1 
101 15 Car -1.000000 -1 -1 719.0690379119836 174.72478245886472 840.5974987080464 253.77526521109618 -1 -1 -1 -1 -1 -1 -1 -1 1 
101 11 Car -1.000000 -1 -1 653.3140879921042 175.7534702236836 690.351875862823 206.5642562050086 -1 -1 -1 -1 -1 -1 -1 -1 1 
102 17 Car -1.000000 -1 -1 840.9225640030435 178.2297591965359 914.4871181286871 206.47139879516683 -1 -1 -1 -1 -1 -1 -1 -1 1 
102 16 Car -1.000000 -1 -1 836.8782156923643 195.42601779819682 1143.2099989434848 364.12213209013527 -1 -1 -1 -1 -1 -1 -1 -1 1 
102 15 Car -1.000000 -1 -1 711.9927105731689 174.41001201335052 827.8092214155656 250.49855950503394 -1 -1 -1 -1 -1 -1 -1 -1 1 
102 11 Car -1.000000 -1 -1 651.9905770890989 175.85484676349623 691.5606254923804 204.88769267327513 -1 -1 -1 -1 -1 -1 -1 -1 1 
103 17 Car -1.000000 -1 -1 836.3679146133363 178.32163205513586 905.435429546982 204.3765330543885 -1 -1 -1 -1 -1 -1 -1 -1 1 
103 16 Car -1.000000 -1 -1 809.4363983806509 195.08320924181203 1067.182961571102 335.5908617377281 -1 -1 -1 -1 -1 -1 -1 -1 1 
103 15 Car -1.000000 -1 -1 702.308121999869 175.41460159163063 807.5908714922575 246.56930297183305 -1 -1 -1 -1 -1 -1 -1 -1 1 
103 11 Car -1.000000 -1 -1 645.3088223745043 177.03118325712586 679.1466475639205 202.99892449894773 -1 -1 -1 -1 -1 -1 -1 -1 1 
104 17 Car -1.000000 -1 -1 833.1459783189571 178.2001877346864 903.9384006135738 200.48399957326743 -1 -1 -1 -1 -1 -1 -1 -1 1 
104 16 Car -1.000000 -1 -1 794.0887853500361 190.03884300876123 1011.840016168184 317.5980089805447 -1 -1 -1 -1 -1 -1 -1 -1 1 
104 15 Car -1.000000 -1 -1 696.0432301031856 176.73443151243893 796.7949902913892 242.9225449718965 -1 -1 -1 -1 -1 -1 -1 -1 1 
104 11 Car -1.000000 -1 -1 643.483070118496 176.49757733138708 676.1982801631093 202.5821992697624 -1 -1 -1 -1 -1 -1 -1 -1 1 
105 18 Car -1.000000 -1 -1 1007.5020404945199 185.8848695858167 1238.5280239232457 305.9964459389448 -1 -1 -1 -1 -1 -1 -1 -1 1 
105 16 Car -1.000000 -1 -1 779.8249985089956 189.15631704462263 971.4207135741241 302.2715091490402 -1 -1 -1 -1 -1 -1 -1 -1 1 
105 15 Car -1.000000 -1 -1 688.6624020406832 175.96093909098553 784.5452634256619 237.65671969606328 -1 -1 -1 -1 -1 -1 -1 -1 1 
105 11 Car -1.000000 -1 -1 642.3689537128577 175.97512513972248 672.4524830316121 195.47228472164045 -1 -1 -1 -1 -1 -1 -1 -1 1 
106 18 Car -1.000000 -1 -1 974.3844703696668 185.06722191635234 1241.6678706330176 293.0024709337606 -1 -1 -1 -1 -1 -1 -1 -1 1 
106 16 Car -1.000000 -1 -1 756.5901128724216 188.49226527918992 931.2925960988952 289.85921426031456 -1 -1 -1 -1 -1 -1 -1 -1 1 
106 15 Car -1.000000 -1 -1 686.7853776056033 175.69470684975389 774.3015276445792 234.04151050803756 -1 -1 -1 -1 -1 -1 -1 -1 1 
106 11 Car -1.000000 -1 -1 641.1713159027009 175.21285079419613 670.0249193918248 196.66475616395473 -1 -1 -1 -1 -1 -1 -1 -1 1 
107 18 Car -1.000000 -1 -1 942.9567806924192 185.45245912928993 1204.883955857215 281.01767610328704 -1 -1 -1 -1 -1 -1 -1 -1 1 
107 16 Car -1.000000 -1 -1 750.248065617652 189.40132243845324 899.0389343415602 280.1581897343007 -1 -1 -1 -1 -1 -1 -1 -1 1 
107 15 Car -1.000000 -1 -1 685.7167651699139 172.52785039062684 765.3723911734727 227.29050239118246 -1 -1 -1 -1 -1 -1 -1 -1 1 
107 11 Car -1.000000 -1 -1 639.7654701941289 174.15233586843198 668.2612361552624 197.77916371822357 -1 -1 -1 -1 -1 -1 -1 -1 1 
108 18 Car -1.000000 -1 -1 923.2556053311205 183.05165241830625 1143.394147249082 271.88680399782385 -1 -1 -1 -1 -1 -1 -1 -1 1 
108 16 Car -1.000000 -1 -1 739.3239047596087 186.6094538440498 875.0082846260987 269.6200993556816 -1 -1 -1 -1 -1 -1 -1 -1 1 
108 15 Car -1.000000 -1 -1 676.0655152579913 173.93689430676974 749.3982344991886 224.97753942242036 -1 -1 -1 -1 -1 -1 -1 -1 1 
108 11 Car -1.000000 -1 -1 637.047162050238 174.862583526052 664.7969509053688 197.6092737168074 -1 -1 -1 -1 -1 -1 -1 -1 1 
109 18 Car -1.000000 -1 -1 897.5566712511845 182.14341013047556 1102.7332915998995 264.4304158524252 -1 -1 -1 -1 -1 -1 -1 -1 1 
109 16 Car -1.000000 -1 -1 730.8198664732851 185.98657941374069 852.6384788298836 262.6571829180018 -1 -1 -1 -1 -1 -1 -1 -1 1 
109 15 Car -1.000000 -1 -1 675.7477555188996 142.7630643503597 746.5537101666515 224.6178131765471 -1 -1 -1 -1 -1 -1 -1 -1 1 
109 11 Car -1.000000 -1 -1 635.044899107172 175.19086656662134 663.2745067236516 196.96900076591052 -1 -1 -1 -1 -1 -1 -1 -1 1 
110 18 Car -1.000000 -1 -1 883.8430307808403 181.96408511497654 1061.0723380374793 257.05539890063494 -1 -1 -1 -1 -1 -1 -1 -1 1 
110 16 Car -1.000000 -1 -1 721.3620008705901 185.98484656272026 837.7703170850874 255.60059505873002 -1 -1 -1 -1 -1 -1 -1 -1 1 
110 15 Car -1.000000 -1 -1 669.9528813751845 172.94379975646734 736.9757115634588 223.09603148068373 -1 -1 -1 -1 -1 -1 -1 -1 1 
110 11 Car -1.000000 -1 -1 634.209754464145 175.22620338086898 661.8538214100096 196.0142534226179 -1 -1 -1 -1 -1 -1 -1 -1 1 
111 18 Car -1.000000 -1 -1 863.1490415297449 182.3657852454254 1030.0658137560463 251.4098288419728 -1 -1 -1 -1 -1 -1 -1 -1 1 
111 16 Car -1.000000 -1 -1 717.2964000174633 183.1533244739358 818.7632558426033 246.99559227491798 -1 -1 -1 -1 -1 -1 -1 -1 1 
111 15 Car -1.000000 -1 -1 666.2006992451273 144.8570484868609 737.1421354476076 219.18837833576475 -1 -1 -1 -1 -1 -1 -1 -1 1 
111 11 Car -1.000000 -1 -1 626.9057940966809 174.81508736427014 654.6404981257825 195.27409741511713 -1 -1 -1 -1 -1 -1 -1 -1 1 
112 18 Car -1.000000 -1 -1 855.6530708378324 181.34120762204893 996.7763981928045 246.25885748089505 -1 -1 -1 -1 -1 -1 -1 -1 1 
112 16 Car -1.000000 -1 -1 704.6748836544845 182.5194012445326 804.2691247509076 243.371099484368 -1 -1 -1 -1 -1 -1 -1 -1 1 
112 15 Car -1.000000 -1 -1 668.2510860006396 173.96817084115287 727.2444616057551 218.35025442907445 -1 -1 -1 -1 -1 -1 -1 -1 1 
112 11 Car -1.000000 -1 -1 625.4962551255638 174.6125169671499 653.098114881951 194.66521189762997 -1 -1 -1 -1 -1 -1 -1 -1 1 
113 19 Car -1.000000 -1 -1 808.8868005539363 177.81188242280712 868.9443255021022 201.48615592804092 -1 -1 -1 -1 -1 -1 -1 -1 1 
113 18 Car -1.000000 -1 -1 835.5366662786556 180.66284477782366 970.883818566799 241.90305443838815 -1 -1 -1 -1 -1 -1 -1 -1 1 
113 16 Car -1.000000 -1 -1 702.583404414929 182.78962638802253 792.0991694377019 240.04182054732854 -1 -1 -1 -1 -1 -1 -1 -1 1 
113 15 Car -1.000000 -1 -1 665.4070353823213 145.5258246905242 722.5743896645996 215.5176256604206 -1 -1 -1 -1 -1 -1 -1 -1 1 
113 11 Car -1.000000 -1 -1 624.6798526243521 174.81688453027834 652.7704338374045 194.34364813451583 -1 -1 -1 -1 -1 -1 -1 -1 1 
114 19 Car -1.000000 -1 -1 803.0097268498861 177.7287645695301 857.5061636292018 201.94524684204504 -1 -1 -1 -1 -1 -1 -1 -1 1 
114 18 Car -1.000000 -1 -1 825.4604818998621 180.16431185130315 951.1289309177262 238.35294244166175 -1 -1 -1 -1 -1 -1 -1 -1 1 
114 16 Car -1.000000 -1 -1 695.7511100127147 180.8556870629008 776.9150420885819 236.2683522156798 -1 -1 -1 -1 -1 -1 -1 -1 1 
114 15 Car -1.000000 -1 -1 662.7882392561207 145.26407923907612 718.6650977759408 214.65043277622988 -1 -1 -1 -1 -1 -1 -1 -1 1 
115 18 Car -1.000000 -1 -1 819.2353129512989 179.32195540589208 929.037167962927 234.88219847114613 -1 -1 -1 -1 -1 -1 -1 -1 1 
115 16 Car -1.000000 -1 -1 692.7330628450101 180.46627474877127 767.7610924519026 234.10654617831688 -1 -1 -1 -1 -1 -1 -1 -1 1 
115 15 Car -1.000000 -1 -1 661.140408152571 146.34042419493198 715.8145187279351 212.60929809739957 -1 -1 -1 -1 -1 -1 -1 -1 1 
116 18 Car -1.000000 -1 -1 803.6483551888513 179.7908719521589 908.4970806670877 230.80377135640728 -1 -1 -1 -1 -1 -1 -1 -1 1 
116 16 Car -1.000000 -1 -1 685.9396453964022 180.05726704947077 761.450925434438 229.62840657251385 -1 -1 -1 -1 -1 -1 -1 -1 1 
116 15 Car -1.000000 -1 -1 654.4145987274555 174.1116477194457 709.0176500345652 210.52396894754983 -1 -1 -1 -1 -1 -1 -1 -1 1 
117 18 Car -1.000000 -1 -1 797.7434700824894 178.82573201607624 892.9211905913858 228.42225097478007 -1 -1 -1 -1 -1 -1 -1 -1 1 
117 16 Car -1.000000 -1 -1 685.2468266065878 180.38461744212188 753.615605949496 227.72325317447002 -1 -1 -1 -1 -1 -1 -1 -1 1 
118 18 Car -1.000000 -1 -1 789.4549130407663 177.16397251038313 878.0228467377333 223.87893420035167 -1 -1 -1 -1 -1 -1 -1 -1 1 
118 16 Car -1.000000 -1 -1 677.8221867411182 178.727051601387 741.1027408007245 222.41165983275727 -1 -1 -1 -1 -1 -1 -1 -1 1 
119 18 Car -1.000000 -1 -1 780.2197621671054 177.86191107454493 866.6712802510996 220.7895501140648 -1 -1 -1 -1 -1 -1 -1 -1 1 
119 16 Car -1.000000 -1 -1 676.7828214426454 179.14993280115038 732.2814460299337 220.17606698836275 -1 -1 -1 -1 -1 -1 -1 -1 1 
120 18 Car -1.000000 -1 -1 776.4960612591642 177.56814567837864 856.8330292489666 218.96777988877147 -1 -1 -1 -1 -1 -1 -1 -1 1 
120 16 Car -1.000000 -1 -1 674.1593874727304 178.77816638121237 726.3595524120789 218.2472124695778 -1 -1 -1 -1 -1 -1 -1 -1 1 
121 18 Car -1.000000 -1 -1 765.114600593654 177.89929624324523 840.0480019593468 216.92205644033564 -1 -1 -1 -1 -1 -1 -1 -1 1 
121 16 Car -1.000000 -1 -1 672.4184116436026 178.81418556834643 722.7157108770828 216.19907014358503 -1 -1 -1 -1 -1 -1 -1 -1 1 
121 9 Car -1.000000 -1 -1 620.9209630426307 175.60662293376834 643.3392375266324 191.08184104642046 -1 -1 -1 -1 -1 -1 -1 -1 1 
122 18 Car -1.000000 -1 -1 761.0628294552174 177.42626985105184 830.372216960845 216.29200073388907 -1 -1 -1 -1 -1 -1 -1 -1 1 
122 16 Car -1.000000 -1 -1 667.2371498309077 179.13590665333547 712.8000443477472 215.05145391879174 -1 -1 -1 -1 -1 -1 -1 -1 1 
123 18 Car -1.000000 -1 -1 752.9439640715717 176.4190732322347 821.919393018461 214.03965789179966 -1 -1 -1 -1 -1 -1 -1 -1 1 
123 16 Car -1.000000 -1 -1 664.8547575645722 179.83092826146347 709.0943198444752 213.8672253260246 -1 -1 -1 -1 -1 -1 -1 -1 1 
123 15 Car -1.000000 -1 -1 641.5126705960587 174.5529259340121 675.7462781426999 203.44049239961 -1 -1 -1 -1 -1 -1 -1 -1 1 
124 18 Car -1.000000 -1 -1 747.1687834131029 177.44505691986816 814.8690918449025 212.54614625985806 -1 -1 -1 -1 -1 -1 -1 -1 1 
124 16 Car -1.000000 -1 -1 661.0648388117551 182.09706648037982 705.1738908669122 211.5474394880808 -1 -1 -1 -1 -1 -1 -1 -1 1 
124 15 Car -1.000000 -1 -1 637.3882658281005 173.70334181648036 673.1444350062654 203.95876954381285 -1 -1 -1 -1 -1 -1 -1 -1 1 
125 19 Car -1.000000 -1 -1 802.2262704429718 178.25671582697674 856.3579309021051 202.50363837784298 -1 -1 -1 -1 -1 -1 -1 -1 1 
125 18 Car -1.000000 -1 -1 739.4795108047815 177.62366752587977 808.5019431641468 211.36315497838393 -1 -1 -1 -1 -1 -1 -1 -1 1 
125 16 Car -1.000000 -1 -1 659.8115838915108 177.16611835819026 700.7547230319334 209.48585667289223 -1 -1 -1 -1 -1 -1 -1 -1 1 
125 15 Car -1.000000 -1 -1 638.8478086093584 174.79188099073676 669.3834127318114 203.55838311549562 -1 -1 -1 -1 -1 -1 -1 -1 1 
126 19 Car -1.000000 -1 -1 799.1745041476994 178.22452566514792 858.9306215729853 202.61869375379038 -1 -1 -1 -1 -1 -1 -1 -1 1 
126 18 Car -1.000000 -1 -1 738.6305179398221 176.1116577455631 798.0051559029291 210.24838978281392 -1 -1 -1 -1 -1 -1 -1 -1 1 
126 16 Car -1.000000 -1 -1 659.2467321822276 176.77677035904847 695.4691151632711 208.22063331993726 -1 -1 -1 -1 -1 -1 -1 -1 1 
126 15 Car -1.000000 -1 -1 637.8794245462005 176.9237994717864 665.4054928748654 201.5319702287133 -1 -1 -1 -1 -1 -1 -1 -1 1 
127 20 Car -1.000000 -1 -1 983.6406556138625 138.47549445927143 1242.3943096078358 314.7572042563787 -1 -1 -1 -1 -1 -1 -1 -1 1 
127 19 Car -1.000000 -1 -1 799.2700705637152 178.26778660170163 859.359892073159 202.7174532055282 -1 -1 -1 -1 -1 -1 -1 -1 1 
127 18 Car -1.000000 -1 -1 730.4453628177827 175.83217586462317 788.1603997831162 208.70817166108355 -1 -1 -1 -1 -1 -1 -1 -1 1 
127 16 Car -1.000000 -1 -1 658.5501765310765 176.8116455238599 692.5837392967481 207.63863479861845 -1 -1 -1 -1 -1 -1 -1 -1 1 
128 20 Car -1.000000 -1 -1 951.0082925271529 147.44597519389714 1239.4584296127923 300.9602362648226 -1 -1 -1 -1 -1 -1 -1 -1 1 
128 19 Car -1.000000 -1 -1 800.1807596339629 178.4606689157394 859.3033207723728 202.6041052662409 -1 -1 -1 -1 -1 -1 -1 -1 1 
128 18 Car -1.000000 -1 -1 724.6716111319569 176.0186358140065 783.8545863152696 207.37702915301688 -1 -1 -1 -1 -1 -1 -1 -1 1 
128 16 Car -1.000000 -1 -1 634.5099244931569 174.84455448217116 682.8211512393675 205.22772413320266 -1 -1 -1 -1 -1 -1 -1 -1 1 
129 20 Car -1.000000 -1 -1 932.625946092491 148.78853525106726 1213.969677299834 288.54661778761795 -1 -1 -1 -1 -1 -1 -1 -1 1 
129 19 Car -1.000000 -1 -1 799.3769119831804 178.42772954071944 859.3825500982884 202.75293068530468 -1 -1 -1 -1 -1 -1 -1 -1 1 
129 18 Car -1.000000 -1 -1 720.7269857147566 175.72602164000273 777.529523103283 206.75356406718493 -1 -1 -1 -1 -1 -1 -1 -1 1 
129 16 Car -1.000000 -1 -1 644.5883535868845 175.4792149966726 683.1533420005669 205.18020132126716 -1 -1 -1 -1 -1 -1 -1 -1 1 
130 20 Car -1.000000 -1 -1 901.6558604355042 151.07181177546198 1156.277243015858 279.20847475671997 -1 -1 -1 -1 -1 -1 -1 -1 1 
130 19 Car -1.000000 -1 -1 798.7212537782124 178.50043556581323 860.0197551591466 202.7373888099996 -1 -1 -1 -1 -1 -1 -1 -1 1 
130 18 Car -1.000000 -1 -1 719.6410561949016 176.37226777151227 769.1497506270043 205.0858691263084 -1 -1 -1 -1 -1 -1 -1 -1 1 
130 16 Car -1.000000 -1 -1 646.4437281076725 176.42114898906306 680.0693941024634 204.01301765098023 -1 -1 -1 -1 -1 -1 -1 -1 1 
131 20 Car -1.000000 -1 -1 886.4959524821203 151.88222822661584 1106.2824902124703 270.01493610441685 -1 -1 -1 -1 -1 -1 -1 -1 1 
131 19 Car -1.000000 -1 -1 798.8072307734534 178.41092522184434 860.2632184641864 202.74776109279347 -1 -1 -1 -1 -1 -1 -1 -1 1 
131 18 Car -1.000000 -1 -1 714.0292503524286 176.4226095894208 761.0896010708351 204.14448156952855 -1 -1 -1 -1 -1 -1 -1 -1 1 
131 16 Car -1.000000 -1 -1 644.2473298884356 176.38182711715882 677.1849791889008 203.40889477385926 -1 -1 -1 -1 -1 -1 -1 -1 1 
132 20 Car -1.000000 -1 -1 867.1877586560754 153.35911945798077 1068.654184112755 263.181154222156 -1 -1 -1 -1 -1 -1 -1 -1 1 
132 19 Car -1.000000 -1 -1 798.890475281156 178.627940109716 858.9499342361321 202.3434196957029 -1 -1 -1 -1 -1 -1 -1 -1 1 
132 18 Car -1.000000 -1 -1 709.3343288795305 176.9870579099426 756.6213762313126 202.90628383652523 -1 -1 -1 -1 -1 -1 -1 -1 1 
132 16 Car -1.000000 -1 -1 642.2983994787702 178.29693724902774 675.153502919926 202.68601107482723 -1 -1 -1 -1 -1 -1 -1 -1 1 
133 20 Car -1.000000 -1 -1 847.7501170811457 156.89252659033696 1025.594850467518 254.68862201803577 -1 -1 -1 -1 -1 -1 -1 -1 1 
133 19 Car -1.000000 -1 -1 800.1350972847296 178.24397071336324 856.9209126681088 202.06467929081273 -1 -1 -1 -1 -1 -1 -1 -1 1 
133 18 Car -1.000000 -1 -1 706.5992538860212 177.12285892608077 752.2763548149513 202.26608567799516 -1 -1 -1 -1 -1 -1 -1 -1 1 
133 16 Car -1.000000 -1 -1 641.5271393444675 179.54488678906975 672.428241035686 201.53586115114967 -1 -1 -1 -1 -1 -1 -1 -1 1 
134 20 Car -1.000000 -1 -1 838.3600873723626 159.11027011819758 998.6769851944767 249.84167577125706 -1 -1 -1 -1 -1 -1 -1 -1 1 
134 19 Car -1.000000 -1 -1 800.0784750890273 178.46854468091175 850.2857773407147 201.9545410831387 -1 -1 -1 -1 -1 -1 -1 -1 1 
134 18 Car -1.000000 -1 -1 703.8688469884487 176.74658357953797 749.6437302197401 201.7910207908314 -1 -1 -1 -1 -1 -1 -1 -1 1 
134 16 Car -1.000000 -1 -1 639.3093382114401 176.53206542420847 669.6084434464574 201.33604259731678 -1 -1 -1 -1 -1 -1 -1 -1 1 
135 20 Car -1.000000 -1 -1 826.604763686657 157.72132396411436 973.2091709788028 248.96255844774154 -1 -1 -1 -1 -1 -1 -1 -1 1 
135 19 Car -1.000000 -1 -1 802.7298218951776 179.14381422675572 840.0262684065563 201.76338834258226 -1 -1 -1 -1 -1 -1 -1 -1 1 
135 18 Car -1.000000 -1 -1 701.6575866529289 176.8685323186219 743.0967221977907 201.41291120447795 -1 -1 -1 -1 -1 -1 -1 -1 1 
135 16 Car -1.000000 -1 -1 642.5891628460242 179.90255527771438 667.7712597652123 199.56846019396417 -1 -1 -1 -1 -1 -1 -1 -1 1 
136 20 Car -1.000000 -1 -1 813.0074184554129 158.12166396958324 946.9854426916977 238.7701408722653 -1 -1 -1 -1 -1 -1 -1 -1 1 
136 18 Car -1.000000 -1 -1 702.4637474420553 177.92488165343036 739.4308607816123 200.18077853064125 -1 -1 -1 -1 -1 -1 -1 -1 1 
136 16 Car -1.000000 -1 -1 640.0605980673663 181.734276863818 666.3819965456543 199.15073515417487 -1 -1 -1 -1 -1 -1 -1 -1 1 
137 20 Car -1.000000 -1 -1 804.354782674175 158.1338791964719 926.7890562380735 235.240473304517 -1 -1 -1 -1 -1 -1 -1 -1 1 
137 18 Car -1.000000 -1 -1 693.6054004605572 177.78443663309397 729.946423050016 199.47204627813053 -1 -1 -1 -1 -1 -1 -1 -1 1 
138 20 Car -1.000000 -1 -1 791.175919288626 157.79418054108436 908.7874005723457 228.61408399274717 -1 -1 -1 -1 -1 -1 -1 -1 1 
138 18 Car -1.000000 -1 -1 691.9704771796959 178.24141068670613 727.5219279643723 199.0500269099497 -1 -1 -1 -1 -1 -1 -1 -1 1 
139 20 Car -1.000000 -1 -1 781.4247768928226 160.6422513544273 888.5780085101724 228.9952613019313 -1 -1 -1 -1 -1 -1 -1 -1 1 
139 18 Car -1.000000 -1 -1 687.6235065414356 175.51600016080417 724.9182019829751 197.21444008442072 -1 -1 -1 -1 -1 -1 -1 -1 1 
140 20 Car -1.000000 -1 -1 775.0259637442919 160.46936208238967 872.9859569852168 225.2360261403597 -1 -1 -1 -1 -1 -1 -1 -1 1 
140 18 Car -1.000000 -1 -1 685.7415129118241 175.42945249722555 720.6754886015103 197.00020723617996 -1 -1 -1 -1 -1 -1 -1 -1 1 
141 20 Car -1.000000 -1 -1 766.3078553905852 160.0682312765947 866.1842272935004 222.31447768325992 -1 -1 -1 -1 -1 -1 -1 -1 1 
141 18 Car -1.000000 -1 -1 684.6913553997874 175.2249374985695 717.529084811417 196.79902780514496 -1 -1 -1 -1 -1 -1 -1 -1 1 
142 20 Car -1.000000 -1 -1 759.2032840426724 161.06857896710818 844.6011061722842 221.27053721879537 -1 -1 -1 -1 -1 -1 -1 -1 1 
142 18 Car -1.000000 -1 -1 682.1963431835173 175.08622559790427 715.8219408438755 195.9625443873497 -1 -1 -1 -1 -1 -1 -1 -1 1 
143 20 Car -1.000000 -1 -1 754.0638075789008 161.31651071974863 836.5426724510125 218.6674832438047 -1 -1 -1 -1 -1 -1 -1 -1 1 
143 18 Car -1.000000 -1 -1 680.8644239421074 175.17415090249136 712.7107275071052 195.43422873203573 -1 -1 -1 -1 -1 -1 -1 -1 1 
144 20 Car -1.000000 -1 -1 744.5791248042996 161.64109605149582 821.9649991341507 217.37096336885142 -1 -1 -1 -1 -1 -1 -1 -1 1 
144 18 Car -1.000000 -1 -1 681.266146768171 176.1026452653683 709.7157570908848 194.3355335925634 -1 -1 -1 -1 -1 -1 -1 -1 1 
145 20 Car -1.000000 -1 -1 743.5496649733531 160.12971876905516 813.9098944030703 212.37049509699528 -1 -1 -1 -1 -1 -1 -1 -1 1 
145 18 Car -1.000000 -1 -1 675.1596722379328 175.0785821618942 702.0242376321785 194.35423942139514 -1 -1 -1 -1 -1 -1 -1 -1 1 
146 20 Car -1.000000 -1 -1 738.1841953293635 162.04913419026593 805.846519070176 210.37299816425028 -1 -1 -1 -1 -1 -1 -1 -1 1 
146 18 Car -1.000000 -1 -1 671.9947807806043 175.3037518893297 699.485507394832 193.71356972708153 -1 -1 -1 -1 -1 -1 -1 -1 1 
147 21 Car -1.000000 -1 -1 801.0958168582561 178.5834369321282 856.8179781452681 202.44872304969107 -1 -1 -1 -1 -1 -1 -1 -1 1 
147 20 Car -1.000000 -1 -1 728.5451950763281 162.0789034327922 792.9612673876378 210.11642063967884 -1 -1 -1 -1 -1 -1 -1 -1 1 
147 18 Car -1.000000 -1 -1 670.6494437885973 174.8046546887893 696.6628141340155 193.07345538758315 -1 -1 -1 -1 -1 -1 -1 -1 1 
148 21 Car -1.000000 -1 -1 800.4011523269404 178.70077315288097 856.6802467149325 202.43791866904272 -1 -1 -1 -1 -1 -1 -1 -1 1 
148 20 Car -1.000000 -1 -1 723.8260412170337 163.75637505776606 788.0582440770589 208.8019034753625 -1 -1 -1 -1 -1 -1 -1 -1 1 
148 18 Car -1.000000 -1 -1 668.5970618100121 175.7228672504425 694.3392896680878 192.66998022794724 -1 -1 -1 -1 -1 -1 -1 -1 1 
149 21 Car -1.000000 -1 -1 799.5788384524102 178.7818820359042 857.4779374155287 202.02856242226866 -1 -1 -1 -1 -1 -1 -1 -1 1 
149 20 Car -1.000000 -1 -1 719.8024187042163 164.03932167360415 782.6399513826921 207.32066966593266 -1 -1 -1 -1 -1 -1 -1 -1 1 
149 18 Car -1.000000 -1 -1 665.7496240104621 175.3754158719228 692.5791914978853 192.430222980105 -1 -1 -1 -1 -1 -1 -1 -1 1 
150 21 Car -1.000000 -1 -1 797.6379869878291 178.77064147391 857.4173530684067 202.26088320263304 -1 -1 -1 -1 -1 -1 -1 -1 1 
150 20 Car -1.000000 -1 -1 716.3503275914833 163.63728489690962 774.0269420983698 206.27054988514058 -1 -1 -1 -1 -1 -1 -1 -1 1 
150 18 Car -1.000000 -1 -1 665.6790722677341 175.16104633418414 690.4758783005751 192.02788904882394 -1 -1 -1 -1 -1 -1 -1 -1 1 
151 21 Car -1.000000 -1 -1 797.1055565857542 178.83955941607172 854.3727492538208 202.39087427034974 -1 -1 -1 -1 -1 -1 -1 -1 1 
151 20 Car -1.000000 -1 -1 712.505784713305 163.6795811355114 766.6696036412167 204.75245410433183 -1 -1 -1 -1 -1 -1 -1 -1 1 
151 18 Car -1.000000 -1 -1 663.4368739626728 175.03544115103207 689.1016746375423 191.4986389187666 -1 -1 -1 -1 -1 -1 -1 -1 1 
152 21 Car -1.000000 -1 -1 796.8742920446854 178.85206747226988 853.7451012260638 202.11718740084996 -1 -1 -1 -1 -1 -1 -1 -1 1 
152 20 Car -1.000000 -1 -1 708.9317269594624 164.69272863692962 760.5710790392299 204.49275372979733 -1 -1 -1 -1 -1 -1 -1 -1 1 
152 18 Car -1.000000 -1 -1 661.8419835372613 175.02743041572663 686.5350450884837 191.2802140443371 -1 -1 -1 -1 -1 -1 -1 -1 1 
153 21 Car -1.000000 -1 -1 797.9186849066843 177.98167839646342 854.2916193764943 201.84352449499647 -1 -1 -1 -1 -1 -1 -1 -1 1 
153 20 Car -1.000000 -1 -1 705.2935380523021 164.94493494526697 755.6509041419396 203.66795855359388 -1 -1 -1 -1 -1 -1 -1 -1 1 
153 18 Car -1.000000 -1 -1 660.5497157063622 175.31174457130524 685.6537191816248 191.24504271894693 -1 -1 -1 -1 -1 -1 -1 -1 1 
154 21 Car -1.000000 -1 -1 794.6986867120634 178.20440576626703 855.5566064646612 201.83873434479418 -1 -1 -1 -1 -1 -1 -1 -1 1 
154 20 Car -1.000000 -1 -1 703.4883633582638 165.18719421807106 752.5559476379018 202.101551148539 -1 -1 -1 -1 -1 -1 -1 -1 1 
154 18 Car -1.000000 -1 -1 659.81906580008 175.54568800215537 683.9340137793469 190.92265473535429 -1 -1 -1 -1 -1 -1 -1 -1 1 
155 21 Car -1.000000 -1 -1 793.5990198357747 178.50128890803228 854.5312461658166 201.64272418388956 -1 -1 -1 -1 -1 -1 -1 -1 1 
155 20 Car -1.000000 -1 -1 700.2609811299122 164.6838472582973 746.1507601680664 202.32487161858725 -1 -1 -1 -1 -1 -1 -1 -1 1 
155 18 Car -1.000000 -1 -1 655.541777687004 175.53190192064415 676.3602918495353 190.1412565404406 -1 -1 -1 -1 -1 -1 -1 -1 1 
156 21 Car -1.000000 -1 -1 792.1004247269952 178.53083500925166 852.6126441434027 201.81859187925093 -1 -1 -1 -1 -1 -1 -1 -1 1 
156 20 Car -1.000000 -1 -1 696.2294827178121 164.729910544478 742.8401537187971 201.76385858884228 -1 -1 -1 -1 -1 -1 -1 -1 1 
156 18 Car -1.000000 -1 -1 653.8662718500083 175.774008465501 675.5545744334277 189.57349930245144 -1 -1 -1 -1 -1 -1 -1 -1 1 
157 21 Car -1.000000 -1 -1 792.8442375533856 178.43888091066708 848.50580630738 201.88424528504794 -1 -1 -1 -1 -1 -1 -1 -1 1 
157 20 Car -1.000000 -1 -1 700.7317471805102 165.468846877607 737.6563799928589 200.93629373094208 -1 -1 -1 -1 -1 -1 -1 -1 1 
157 18 Car -1.000000 -1 -1 651.350091263652 175.53295524647604 673.0788136640422 189.41281692912946 -1 -1 -1 -1 -1 -1 -1 -1 1 
158 21 Car -1.000000 -1 -1 790.6999628463616 177.9216878259411 851.7552196280313 201.75191480666396 -1 -1 -1 -1 -1 -1 -1 -1 1 
158 20 Car -1.000000 -1 -1 690.0435565967973 165.28575344441026 730.7944360988645 200.66661523798334 -1 -1 -1 -1 -1 -1 -1 -1 1 
158 18 Car -1.000000 -1 -1 649.8179959110342 176.0543715208769 672.2717103402202 189.08734376040792 -1 -1 -1 -1 -1 -1 -1 -1 1 
159 21 Car -1.000000 -1 -1 787.7932527563894 178.11357118905738 850.216649587911 201.34240199023716 -1 -1 -1 -1 -1 -1 -1 -1 1 
159 20 Car -1.000000 -1 -1 685.6147009323423 165.56411021603986 726.4130073780051 200.03382947582463 -1 -1 -1 -1 -1 -1 -1 -1 1 
159 18 Car -1.000000 -1 -1 648.2072042054854 175.75198770142518 670.3407312436744 188.50390054285526 -1 -1 -1 -1 -1 -1 -1 -1 1 
160 21 Car -1.000000 -1 -1 785.2640092602143 177.77094724946298 848.5957806889827 201.53057496421613 -1 -1 -1 -1 -1 -1 -1 -1 1 
160 20 Car -1.000000 -1 -1 684.3400049271204 164.6479222063835 724.6436350329849 199.47351128436054 -1 -1 -1 -1 -1 -1 -1 -1 1 
160 18 Car -1.000000 -1 -1 648.137436173283 175.76451305873118 667.9907371504947 188.9555207095467 -1 -1 -1 -1 -1 -1 -1 -1 1 
161 21 Car -1.000000 -1 -1 783.3678887323118 177.67186401985012 847.6175222113155 201.45280949341563 -1 -1 -1 -1 -1 -1 -1 -1 1 
161 20 Car -1.000000 -1 -1 684.6487051931997 164.88915757061196 721.3836261382182 198.83961792891986 -1 -1 -1 -1 -1 -1 -1 -1 1 
161 18 Car -1.000000 -1 -1 647.5971247112521 175.59014690610078 668.0696402862668 188.69859753892973 -1 -1 -1 -1 -1 -1 -1 -1 1 
162 21 Car -1.000000 -1 -1 777.6550248056077 177.27015260607007 839.0525121714634 201.18211109477744 -1 -1 -1 -1 -1 -1 -1 -1 1 
162 20 Car -1.000000 -1 -1 682.8946798008222 165.4023610843489 718.159955056814 198.08935399095603 -1 -1 -1 -1 -1 -1 -1 -1 1 
162 18 Car -1.000000 -1 -1 645.480748960032 175.4793663007709 666.7825413145698 188.40564164118126 -1 -1 -1 -1 -1 -1 -1 -1 1 
163 21 Car -1.000000 -1 -1 777.293444187882 177.1937428543774 835.0438410189863 200.84203117025586 -1 -1 -1 -1 -1 -1 -1 -1 1 
163 20 Car -1.000000 -1 -1 679.8598604448714 166.17134138225362 714.9420136574371 197.176254605158 -1 -1 -1 -1 -1 -1 -1 -1 1 
163 18 Car -1.000000 -1 -1 644.5460478107517 175.52840355067298 666.6039435800452 188.27996822074056 -1 -1 -1 -1 -1 -1 -1 -1 1 
164 21 Car -1.000000 -1 -1 771.8669348118397 176.49617067609842 832.5552299951131 201.45049812988591 -1 -1 -1 -1 -1 -1 -1 -1 1 
164 18 Car -1.000000 -1 -1 642.9801532511527 175.47462762405092 663.7704004484873 188.00212983758402 -1 -1 -1 -1 -1 -1 -1 -1 1 
165 21 Car -1.000000 -1 -1 770.3650059081041 176.5892575136744 829.7317117383847 201.41943673101756 -1 -1 -1 -1 -1 -1 -1 -1 1 
165 18 Car -1.000000 -1 -1 642.0574351852903 175.50661500829915 661.5812638304554 187.85787631685915 -1 -1 -1 -1 -1 -1 -1 -1 1 
166 21 Car -1.000000 -1 -1 768.0992733311768 176.31801020783874 827.2920605560336 201.45164978188964 -1 -1 -1 -1 -1 -1 -1 -1 1 
167 21 Car -1.000000 -1 -1 765.3759148456156 176.42182426956987 825.1057338356399 201.0551183842696 -1 -1 -1 -1 -1 -1 -1 -1 1 
167 20 Car -1.000000 -1 -1 668.3345924570011 165.0356677575753 699.5012865983524 192.99035848906405 -1 -1 -1 -1 -1 -1 -1 -1 1 
168 21 Car -1.000000 -1 -1 760.9238927407334 176.54827731446576 822.6157684019553 201.00774687643232 -1 -1 -1 -1 -1 -1 -1 -1 1 
168 20 Car -1.000000 -1 -1 667.0418660379946 165.1736250720345 698.3937461361862 193.16071852181966 -1 -1 -1 -1 -1 -1 -1 -1 1 
169 21 Car -1.000000 -1 -1 753.8370278408894 176.68201047210738 813.9894543679861 201.00895827636123 -1 -1 -1 -1 -1 -1 -1 -1 1 
170 21 Car -1.000000 -1 -1 751.6485800837669 176.63108041653265 807.0914498243768 200.75099392292591 -1 -1 -1 -1 -1 -1 -1 -1 1 
171 21 Car -1.000000 -1 -1 748.1866087730114 174.84005211064448 804.336619239587 198.23790012070765 -1 -1 -1 -1 -1 -1 -1 -1 1 
172 21 Car -1.000000 -1 -1 745.8194604238065 176.5249167354061 802.5690831155158 200.89010149240494 -1 -1 -1 -1 -1 -1 -1 -1 1 
173 21 Car -1.000000 -1 -1 743.6843278495452 176.23212869064167 797.6205488057951 201.09229900229437 -1 -1 -1 -1 -1 -1 -1 -1 1 
174 21 Car -1.000000 -1 -1 746.1995804934547 177.0484492254372 792.5954272569372 200.30468863506732 -1 -1 -1 -1 -1 -1 -1 -1 1 
175 21 Car -1.000000 -1 -1 735.9051735737863 175.0561034020323 781.472493990826 198.10324871482757 -1 -1 -1 -1 -1 -1 -1 -1 1 
176 21 Car -1.000000 -1 -1 731.0752902615528 174.9396093476277 779.405368769398 197.80827987079437 -1 -1 -1 -1 -1 -1 -1 -1 1 
177 21 Car -1.000000 -1 -1 729.1563654301258 175.0093141140846 777.5543171132986 197.56983664746465 -1 -1 -1 -1 -1 -1 -1 -1 1 
178 21 Car -1.000000 -1 -1 726.0633162397605 175.19732621999887 774.3408498397241 197.77385603923062 -1 -1 -1 -1 -1 -1 -1 -1 1 
179 21 Car -1.000000 -1 -1 735.971002143736 177.74762052039685 768.9287524446844 199.39642754168463 -1 -1 -1 -1 -1 -1 -1 -1 1 
180 21 Car -1.000000 -1 -1 733.0747191052025 178.08527356156935 763.022700670247 199.17756519638573 -1 -1 -1 -1 -1 -1 -1 -1 1 
181 21 Car -1.000000 -1 -1 714.7051967657529 178.3153185477624 751.9777433092778 199.0155554734744 -1 -1 -1 -1 -1 -1 -1 -1 1 
182 21 Car -1.000000 -1 -1 710.0161406649994 178.24287644515815 753.6948865262362 199.01826680422974 -1 -1 -1 -1 -1 -1 -1 -1 1 
183 21 Car -1.000000 -1 -1 710.7551255925343 176.5477294818713 751.0245427477818 196.2570621130558 -1 -1 -1 -1 -1 -1 -1 -1 1 
184 21 Car -1.000000 -1 -1 707.2132629660459 176.48255739074486 748.2327743768692 196.2469612749723 -1 -1 -1 -1 -1 -1 -1 -1 1 
185 21 Car -1.000000 -1 -1 705.9281220249833 178.3689865842462 744.1500676712739 198.9394632669596 -1 -1 -1 -1 -1 -1 -1 -1 1 
186 21 Car -1.000000 -1 -1 704.768127411604 178.6594088905706 741.1322701733847 199.052995393196 -1 -1 -1 -1 -1 -1 -1 -1 1 
187 21 Car -1.000000 -1 -1 705.7809718320003 180.23791844741655 736.8188875993857 199.01870986303456 -1 -1 -1 -1 -1 -1 -1 -1 1 
188 22 Car -1.000000 -1 -1 480.31117544509465 170.50517389837367 507.2010955832038 194.6740712469014 -1 -1 -1 -1 -1 -1 -1 -1 1 
188 21 Car -1.000000 -1 -1 693.125502865475 181.3838266982482 728.6184136414757 200.23753293431724 -1 -1 -1 -1 -1 -1 -1 -1 1 
189 22 Car -1.000000 -1 -1 479.0308411373542 171.248064448054 505.8672335262482 196.21645243695147 -1 -1 -1 -1 -1 -1 -1 -1 1 
189 21 Car -1.000000 -1 -1 692.7064615316117 182.5288527000409 725.9329903756197 201.28954302232998 -1 -1 -1 -1 -1 -1 -1 -1 1 
190 22 Car -1.000000 -1 -1 477.7661412673501 171.83552453151117 503.5912075415254 196.99040513772232 -1 -1 -1 -1 -1 -1 -1 -1 1 
190 21 Car -1.000000 -1 -1 689.4358207600621 182.94299264939932 723.1731857915338 201.57253842514294 -1 -1 -1 -1 -1 -1 -1 -1 1 
191 22 Car -1.000000 -1 -1 476.1387254314927 171.38896982830303 501.0275202880685 197.56844912010888 -1 -1 -1 -1 -1 -1 -1 -1 1 
191 21 Car -1.000000 -1 -1 688.2048777439273 183.00701620487064 720.3668265955953 201.01692871405527 -1 -1 -1 -1 -1 -1 -1 -1 1 
192 22 Car -1.000000 -1 -1 473.6921395498972 171.16629962737744 499.8238629973851 197.7289874966328 -1 -1 -1 -1 -1 -1 -1 -1 1 
192 21 Car -1.000000 -1 -1 685.8129473076417 182.39630988010992 717.0263181374623 200.7975119810838 -1 -1 -1 -1 -1 -1 -1 -1 1 
193 22 Car -1.000000 -1 -1 471.20090672603027 171.86346205954368 498.3602561858985 197.83853811140244 -1 -1 -1 -1 -1 -1 -1 -1 1 
193 21 Car -1.000000 -1 -1 682.2954494655132 182.85285581189854 714.3522743342014 200.93708098507847 -1 -1 -1 -1 -1 -1 -1 -1 1 
194 22 Car -1.000000 -1 -1 469.41914191383586 172.55845250418554 495.61033126597226 199.05324093997478 -1 -1 -1 -1 -1 -1 -1 -1 1 
194 21 Car -1.000000 -1 -1 681.1677647599809 183.94289180063285 711.2347144369897 202.0722760890539 -1 -1 -1 -1 -1 -1 -1 -1 1 
195 21 Car -1.000000 -1 -1 672.0331153296507 184.02162151267896 701.6940175363651 201.9138073978516 -1 -1 -1 -1 -1 -1 -1 -1 1 
196 21 Car -1.000000 -1 -1 670.3866174593569 184.5838030656943 697.9112336813258 202.16666147685967 -1 -1 -1 -1 -1 -1 -1 -1 1 
197 21 Car -1.000000 -1 -1 668.013758736161 187.75319010735703 693.7916635744846 204.5084598044363 -1 -1 -1 -1 -1 -1 -1 -1 1 
198 22 Car -1.000000 -1 -1 451.23528671952397 176.91988361856113 480.13497751263475 204.87491306490625 -1 -1 -1 -1 -1 -1 -1 -1 1 
198 21 Car -1.000000 -1 -1 665.6059170543001 188.588220339555 691.5325240246378 205.52866562054706 -1 -1 -1 -1 -1 -1 -1 -1 1 
199 22 Car -1.000000 -1 -1 447.09175863174295 177.27336201530235 478.0258679894301 206.0178635785213 -1 -1 -1 -1 -1 -1 -1 -1 1 
199 21 Car -1.000000 -1 -1 661.8011473073409 188.70457705969994 688.5269703131455 205.6100332679657 -1 -1 -1 -1 -1 -1 -1 -1 1 
200 22 Car -1.000000 -1 -1 443.25294054184974 177.30489258582776 473.44698158651596 206.04997013623898 -1 -1 -1 -1 -1 -1 -1 -1 1 
200 21 Car -1.000000 -1 -1 660.4294641883328 188.5866870960364 683.5304402290628 205.86863432366115 -1 -1 -1 -1 -1 -1 -1 -1 1 
201 22 Car -1.000000 -1 -1 433.3545641366105 176.37028201268268 465.9410491935335 206.90166778289353 -1 -1 -1 -1 -1 -1 -1 -1 1 
201 21 Car -1.000000 -1 -1 651.3493388730745 187.8632132250529 675.6594329086633 205.88912958135973 -1 -1 -1 -1 -1 -1 -1 -1 1 
202 22 Car -1.000000 -1 -1 429.8119067664329 176.21585941658572 462.2213052763388 206.5275894621244 -1 -1 -1 -1 -1 -1 -1 -1 1 
202 21 Car -1.000000 -1 -1 646.8535560380955 188.23302494218717 670.7305934188458 204.4884254439519 -1 -1 -1 -1 -1 -1 -1 -1 1 
206 22 Car -1.000000 -1 -1 414.77056421454137 171.8861707844413 451.40780980770404 205.42223242899544 -1 -1 -1 -1 -1 -1 -1 -1 1 
206 21 Car -1.000000 -1 -1 639.0082175508142 182.3352679180411 663.0708149482424 198.62188348689904 -1 -1 -1 -1 -1 -1 -1 -1 1 
207 22 Car -1.000000 -1 -1 408.1173288042728 171.9680870166765 444.8707728294225 205.42417069037373 -1 -1 -1 -1 -1 -1 -1 -1 1 
207 21 Car -1.000000 -1 -1 637.2056783592473 182.43166883117877 663.3614042762381 198.53788865013763 -1 -1 -1 -1 -1 -1 -1 -1 1 
208 22 Car -1.000000 -1 -1 405.85406391895737 168.54029793578846 447.03876527914633 204.42327871345557 -1 -1 -1 -1 -1 -1 -1 -1 1 
208 21 Car -1.000000 -1 -1 637.8865348862914 182.16079602447837 662.0545167917243 197.98939345547782 -1 -1 -1 -1 -1 -1 -1 -1 1 
209 22 Car -1.000000 -1 -1 405.1778826060203 168.60269927061523 447.0809795867938 204.36803767314325 -1 -1 -1 -1 -1 -1 -1 -1 1 
209 21 Car -1.000000 -1 -1 638.5960811978349 181.79488554596904 662.9382945522666 197.73975845712886 -1 -1 -1 -1 -1 -1 -1 -1 1 
210 22 Car -1.000000 -1 -1 404.9234432606743 170.71467215338578 446.18169168956 206.6461192443967 -1 -1 -1 -1 -1 -1 -1 -1 1 
210 21 Car -1.000000 -1 -1 640.441015854478 181.4678731159522 663.6173092528032 197.50301611538117 -1 -1 -1 -1 -1 -1 -1 -1 1 
211 22 Car -1.000000 -1 -1 406.38837414077267 170.6353583946251 447.67899013468275 207.41866088400667 -1 -1 -1 -1 -1 -1 -1 -1 1 
212 22 Car -1.000000 -1 -1 412.0261129004738 169.91905577910634 454.0500014904313 207.92230816844565 -1 -1 -1 -1 -1 -1 -1 -1 1 
213 22 Car -1.000000 -1 -1 416.1788635563392 169.7466098345243 458.22867883512606 208.63708968345935 -1 -1 -1 -1 -1 -1 -1 -1 1 
214 22 Car -1.000000 -1 -1 420.70543034145464 170.64666762374912 465.8879565424644 210.91628776719935 -1 -1 -1 -1 -1 -1 -1 -1 1 
215 22 Car -1.000000 -1 -1 427.5845067810554 171.6313237467637 472.9896665639602 210.8534381080132 -1 -1 -1 -1 -1 -1 -1 -1 1 
216 22 Car -1.000000 -1 -1 440.4033082104646 169.8167293977279 487.7502336089427 211.43055578263906 -1 -1 -1 -1 -1 -1 -1 -1 1 
217 22 Car -1.000000 -1 -1 450.21553767415196 169.56564948822444 497.0537004081103 210.26720844495756 -1 -1 -1 -1 -1 -1 -1 -1 1 
218 22 Car -1.000000 -1 -1 466.52930437830776 168.6616182470551 514.1595827730803 210.77925976938926 -1 -1 -1 -1 -1 -1 -1 -1 1 
219 22 Car -1.000000 -1 -1 483.08302637533495 167.42611680036555 531.4325716547095 210.36157072879948 -1 -1 -1 -1 -1 -1 -1 -1 1 
220 22 Car -1.000000 -1 -1 503.0998416846761 165.33495715031256 553.9420348801292 206.5785492842014 -1 -1 -1 -1 -1 -1 -1 -1 1 
221 22 Car -1.000000 -1 -1 520.8496630773521 164.7911465798433 570.6464366147725 207.0191025447387 -1 -1 -1 -1 -1 -1 -1 -1 1 
222 22 Car -1.000000 -1 -1 542.724376476728 163.7469495001894 591.7159337172142 206.80894996397774 -1 -1 -1 -1 -1 -1 -1 -1 1 
223 22 Car -1.000000 -1 -1 565.9324595336444 162.28538006544113 617.9922813860557 206.72962470696524 -1 -1 -1 -1 -1 -1 -1 -1 1 
224 22 Car -1.000000 -1 -1 589.078060539296 159.44554205410756 643.4665922665824 207.13571480547006 -1 -1 -1 -1 -1 -1 -1 -1 1 
225 22 Car -1.000000 -1 -1 612.6209489502586 158.22847391693637 672.5703645549141 207.89845542122538 -1 -1 -1 -1 -1 -1 -1 -1 1 
226 22 Car -1.000000 -1 -1 641.6610454702035 158.6654636865625 703.604626031736 209.45874852343246 -1 -1 -1 -1 -1 -1 -1 -1 1 
227 22 Car -1.000000 -1 -1 665.8730292337445 158.8843268915438 730.9837231893953 210.24184340897662 -1 -1 -1 -1 -1 -1 -1 -1 1 
228 22 Car -1.000000 -1 -1 697.3952642255105 159.21058599801302 763.2511003258137 211.71053576892095 -1 -1 -1 -1 -1 -1 -1 -1 1 
229 22 Car -1.000000 -1 -1 725.5976275798794 157.39434930639197 793.8687103943756 211.68899161812777 -1 -1 -1 -1 -1 -1 -1 -1 1 
230 22 Car -1.000000 -1 -1 757.7845620982923 153.73696950085176 831.7786960085998 211.95113668755556 -1 -1 -1 -1 -1 -1 -1 -1 1 
231 22 Car -1.000000 -1 -1 792.8971903324128 150.8213076650953 870.9157311778804 212.36582258895325 -1 -1 -1 -1 -1 -1 -1 -1 1 
232 22 Car -1.000000 -1 -1 827.2669190013638 147.15091764138867 912.9905792812889 211.42292400607124 -1 -1 -1 -1 -1 -1 -1 -1 1 
233 22 Car -1.000000 -1 -1 869.7176874540747 144.94602808442252 955.1743818329505 212.4931067586518 -1 -1 -1 -1 -1 -1 -1 -1 1 
234 22 Car -1.000000 -1 -1 913.628137581337 142.8993078880012 1004.8823081509998 213.46036419988826 -1 -1 -1 -1 -1 -1 -1 -1 1 
235 22 Car -1.000000 -1 -1 958.3985615965838 140.20185546877866 1056.18454939041 215.79968927499766 -1 -1 -1 -1 -1 -1 -1 -1 1 
236 22 Car -1.000000 -1 -1 1006.6671613592367 136.15461424566234 1113.9603411830387 218.81246867661295 -1 -1 -1 -1 -1 -1 -1 -1 1 
237 22 Car -1.000000 -1 -1 1060.9603473337797 133.4296230835697 1179.7959502912486 220.94679185046027 -1 -1 -1 -1 -1 -1 -1 -1 1 
238 22 Car -1.000000 -1 -1 1122.3086976156785 128.9391239854292 1240.7808240308211 224.89520790986717 -1 -1 -1 -1 -1 -1 -1 -1 1 
239 22 Car -1.000000 -1 -1 1193.3279153082806 126.05156102934137 1242.1156156318118 230.45068766133716 -1 -1 -1 -1 -1 -1 -1 -1 1 
248 34 Car -1.000000 -1 -1 107.3706603932839 159.96948257088664 244.61112918418183 211.94991784600114 -1 -1 -1 -1 -1 -1 -1 -1 1 
249 34 Car -1.000000 -1 -1 133.64203059272126 162.74766846058458 267.68064469270985 218.59923585389666 -1 -1 -1 -1 -1 -1 -1 -1 1 
250 34 Car -1.000000 -1 -1 150.65675731576408 162.22304320679262 268.6215062622841 217.57280754928408 -1 -1 -1 -1 -1 -1 -1 -1 1 
258 34 Car -1.000000 -1 -1 159.32526483673314 152.28572323954162 333.39983079066644 215.36286109879325 -1 -1 -1 -1 -1 -1 -1 -1 1 
259 34 Car -1.000000 -1 -1 143.699790300085 151.04012724119596 323.73326400036996 214.84283971277853 -1 -1 -1 -1 -1 -1 -1 -1 1 
260 34 Car -1.000000 -1 -1 130.1441692904784 148.04225341560178 315.50947127319296 214.05711041118664 -1 -1 -1 -1 -1 -1 -1 -1 1 
261 34 Car -1.000000 -1 -1 114.81764366076544 145.55544128569846 305.230114033589 213.53482188155445 -1 -1 -1 -1 -1 -1 -1 -1 1 
262 34 Car -1.000000 -1 -1 99.26243186914004 144.37971774560327 301.32221588263144 215.53397585208026 -1 -1 -1 -1 -1 -1 -1 -1 1 
263 34 Car -1.000000 -1 -1 73.72780286105206 145.84758757756882 284.66027287580073 221.21276769142312 -1 -1 -1 -1 -1 -1 -1 -1 1 
264 34 Car -1.000000 -1 -1 56.994966261375424 144.25960012998144 274.16135968411197 223.63374781651564 -1 -1 -1 -1 -1 -1 -1 -1 1 
265 34 Car -1.000000 -1 -1 32.87128215197188 143.7419453420891 253.9116926597288 221.81912730089746 -1 -1 -1 -1 -1 -1 -1 -1 1 
266 34 Car -1.000000 -1 -1 1.0613277004315194 138.30950112941747 224.0524353476671 224.7537368586144 -1 -1 -1 -1 -1 -1 -1 -1 1 
267 34 Car -1.000000 -1 -1 -2.8670622385465094 126.31418201355982 249.73528556640332 214.36612318771392 -1 -1 -1 -1 -1 -1 -1 -1 1 
268 34 Car -1.000000 -1 -1 -3.436028783997642 122.55669125499062 239.8359352175433 209.0455004408096 -1 -1 -1 -1 -1 -1 -1 -1 1 
269 34 Car -1.000000 -1 -1 3.3264664440200704 126.14326383202123 228.85582741120686 210.64200449305088 -1 -1 -1 -1 -1 -1 -1 -1 1 
