0 4 Car -1.000000 -1 -1 613.9670154755728 180.3819796865906 633.2881380142279 197.83350664045238 -1 -1 -1 -1 -1 -1 -1 -1 1 
0 3 Car -1.000000 -1 -1 464.21027844722335 187.9648119576805 504.2389095605349 205.73411878267595 -1 -1 -1 -1 -1 -1 -1 -1 1 
0 2 Car -1.000000 -1 -1 380.88220972828384 181.80634072482724 446.4283489942855 217.6559264585133 -1 -1 -1 -1 -1 -1 -1 -1 1 
0 1 Car -1.000000 -1 -1 140.8111579257583 200.46542180203036 308.85206811933676 271.8058483882636 -1 -1 -1 -1 -1 -1 -1 -1 1 
1 7 Car -1.000000 -1 -1 869.1104717570634 72.38869098662323 1242.5821997780436 350.80478324194235 -1 -1 -1 -1 -1 -1 -1 -1 1 
1 6 Car -1.000000 -1 -1 444.73962735059 186.09198358413826 481.178407599538 208.9518755308754 -1 -1 -1 -1 -1 -1 -1 -1 1 
1 5 Car -1.000000 -1 -1 5.320633241912702 200.3556127452463 244.18918286363643 300.66390636374604 -1 -1 -1 -1 -1 -1 -1 -1 1 
1 4 Car -1.000000 -1 -1 608.7427791248147 180.7303411814456 626.3003143639518 197.40850768553526 -1 -1 -1 -1 -1 -1 -1 -1 1 
1 3 Car -1.000000 -1 -1 481.42000153775393 184.5289540405457 504.6980961572665 198.69470395720924 -1 -1 -1 -1 -1 -1 -1 -1 1 
1 2 Car -1.000000 -1 -1 354.0418807121997 180.17005941902212 428.33877424179366 227.83220824427326 -1 -1 -1 -1 -1 -1 -1 -1 1 
2 7 Car -1.000000 -1 -1 891.1360482074894 32.59347235927214 1248.6585395147022 355.08576981150185 -1 -1 -1 -1 -1 -1 -1 -1 1 
2 6 Car -1.000000 -1 -1 430.8852670215643 186.38607945579747 467.337680786848 209.54977233822527 -1 -1 -1 -1 -1 -1 -1 -1 1 
2 5 Car -1.000000 -1 -1 -0.41149153574728814 204.27976838814527 137.5916238697962 338.2772665399199 -1 -1 -1 -1 -1 -1 -1 -1 1 
2 4 Car -1.000000 -1 -1 604.4544603394775 180.95961986826015 623.4537325243538 196.8260433238286 -1 -1 -1 -1 -1 -1 -1 -1 1 
2 3 Car -1.000000 -1 -1 470.3555624570984 184.03007562917014 497.30207791981786 200.5847006176527 -1 -1 -1 -1 -1 -1 -1 -1 1 
2 2 Car -1.000000 -1 -1 318.407401634237 181.08941664775978 403.8613234858674 229.46812190975135 -1 -1 -1 -1 -1 -1 -1 -1 1 
3 3 Car -1.000000 -1 -1 459.996301622918 184.60098725671952 487.389480834397 201.7033279228669 -1 -1 -1 -1 -1 -1 -1 -1 1 
3 2 Car -1.000000 -1 -1 269.13888742918004 180.55764915278323 376.11977925122926 244.26362505899024 -1 -1 -1 -1 -1 -1 -1 -1 1 
4 7 Car -1.000000 -1 -1 996.744449354135 23.84675415949181 1241.380240862186 370.3791154548526 -1 -1 -1 -1 -1 -1 -1 -1 1 
4 6 Car -1.000000 -1 -1 394.37405574780246 186.19724506369002 444.5715562792925 214.3889605425871 -1 -1 -1 -1 -1 -1 -1 -1 1 
4 3 Car -1.000000 -1 -1 448.9700942337513 188.5586599461161 478.603735272701 205.09289842672072 -1 -1 -1 -1 -1 -1 -1 -1 1 
4 2 Car -1.000000 -1 -1 202.48219188589317 180.94076090850507 341.1129133219903 259.8917003935919 -1 -1 -1 -1 -1 -1 -1 -1 1 
5 7 Car -1.000000 -1 -1 1088.5468354018835 31.118210763312277 1242.3306233401481 388.531473895105 -1 -1 -1 -1 -1 -1 -1 -1 1 
5 6 Car -1.000000 -1 -1 370.2619232717328 187.55770360048 426.0323197705528 222.81980672134804 -1 -1 -1 -1 -1 -1 -1 -1 1 
5 3 Car -1.000000 -1 -1 435.08323736546134 185.86275791032958 465.04560332859944 207.4107654536 -1 -1 -1 -1 -1 -1 -1 -1 1 
5 2 Car -1.000000 -1 -1 111.7966296397723 183.69823484681544 292.77814109279564 270.4180901189549 -1 -1 -1 -1 -1 -1 -1 -1 1 
6 6 Car -1.000000 -1 -1 344.069087219926 187.2610561728764 407.1654764241897 225.38426487993164 -1 -1 -1 -1 -1 -1 -1 -1 1 
6 3 Car -1.000000 -1 -1 423.3039300734034 186.522689433052 458.6186075651875 207.42833370772692 -1 -1 -1 -1 -1 -1 -1 -1 1 
6 2 Car -1.000000 -1 -1 2.476513159962792 185.04402596646776 225.2147563569821 292.51808117931853 -1 -1 -1 -1 -1 -1 -1 -1 1 
7 6 Car -1.000000 -1 -1 313.90897813611303 187.5395978299471 385.7594886519588 230.4435297846794 -1 -1 -1 -1 -1 -1 -1 -1 1 
7 3 Car -1.000000 -1 -1 404.4299508505143 186.1569212319759 441.080982915484 209.1158773176945 -1 -1 -1 -1 -1 -1 -1 -1 1 
8 6 Car -1.000000 -1 -1 268.97725816644163 188.7637631287082 361.8357827686347 232.90817645521693 -1 -1 -1 -1 -1 -1 -1 -1 1 
8 3 Car -1.000000 -1 -1 382.272621808287 186.75030270018257 422.51882002660284 211.76721395638128 -1 -1 -1 -1 -1 -1 -1 -1 1 
9 6 Car -1.000000 -1 -1 211.59023857919072 191.60723071903564 330.0747264084908 245.31742656388536 -1 -1 -1 -1 -1 -1 -1 -1 1 
9 3 Car -1.000000 -1 -1 363.8880446280998 187.53046660612407 414.8880544164433 212.73645812358993 -1 -1 -1 -1 -1 -1 -1 -1 1 
10 3 Car -1.000000 -1 -1 338.03861712864955 188.98823280603838 391.3191861083301 221.0033691058365 -1 -1 -1 -1 -1 -1 -1 -1 1 
11 3 Car -1.000000 -1 -1 306.52933133393526 189.38050923260073 369.92664616096476 227.17011416366753 -1 -1 -1 -1 -1 -1 -1 -1 1 
12 3 Car -1.000000 -1 -1 264.78198774445514 190.208888397767 339.98988852649927 232.47302323579788 -1 -1 -1 -1 -1 -1 -1 -1 1 
13 3 Car -1.000000 -1 -1 212.44955225690052 193.01143994268315 307.45076492600714 244.2167282032852 -1 -1 -1 -1 -1 -1 -1 -1 1 
14 8 Car -1.000000 -1 -1 343.47993051891143 149.1207582428335 406.82770501764924 215.2001245681626 -1 -1 -1 -1 -1 -1 -1 -1 1 
15 8 Car -1.000000 -1 -1 309.68375552216395 146.47076053258317 399.87751272034177 217.49447855668572 -1 -1 -1 -1 -1 -1 -1 -1 1 
16 8 Car -1.000000 -1 -1 287.5818283543564 142.86845705758492 391.79338471849377 225.2306833755798 -1 -1 -1 -1 -1 -1 -1 -1 1 
18 8 Car -1.000000 -1 -1 201.16022900692548 133.43280761574326 345.80259066103747 237.42825158226952 -1 -1 -1 -1 -1 -1 -1 -1 1 
19 8 Car -1.000000 -1 -1 135.83378393905093 130.98659463083516 322.71127833698233 243.6939749078682 -1 -1 -1 -1 -1 -1 -1 -1 1 
20 8 Car -1.000000 -1 -1 50.39516535229407 121.22042649067366 283.75989189457437 256.49934032788644 -1 -1 -1 -1 -1 -1 -1 -1 1 
21 14 Car -1.000000 -1 -1 467.56902522937605 169.35417127723878 497.45634503719896 201.89099658567173 -1 -1 -1 -1 -1 -1 -1 -1 1 
22 14 Car -1.000000 -1 -1 466.50389678203146 168.9548341987225 497.3308919163851 202.88567574551473 -1 -1 -1 -1 -1 -1 -1 -1 1 
25 13 Car -1.000000 -1 -1 553.394659524067 185.2879783568474 571.0333152089554 199.62500537244173 -1 -1 -1 -1 -1 -1 -1 -1 1 
25 12 Car -1.000000 -1 -1 532.4798566292112 185.4732072410675 548.0563083285323 198.24268855154514 -1 -1 -1 -1 -1 -1 -1 -1 1 
26 13 Car -1.000000 -1 -1 553.4137456514514 185.38290577439162 573.2938572162619 200.8255161345005 -1 -1 -1 -1 -1 -1 -1 -1 1 
27 13 Car -1.000000 -1 -1 555.4002984372469 185.3961040480779 573.6832100863639 200.06874676507255 -1 -1 -1 -1 -1 -1 -1 -1 1 
28 13 Car -1.000000 -1 -1 555.9457417439955 185.23695792716282 576.2402696116612 199.59544949233532 -1 -1 -1 -1 -1 -1 -1 -1 1 
29 13 Car -1.000000 -1 -1 558.86737187436 185.01437068558656 577.1444964512036 199.17262589129118 -1 -1 -1 -1 -1 -1 -1 -1 1 
29 12 Car -1.000000 -1 -1 528.0146808578418 186.35519536641925 546.7107980090838 196.5110127169352 -1 -1 -1 -1 -1 -1 -1 -1 1 
30 14 Car -1.000000 -1 -1 451.1057726826806 169.042027161385 493.58433314068964 211.57646225765347 -1 -1 -1 -1 -1 -1 -1 -1 1 
30 13 Car -1.000000 -1 -1 558.0576465725899 183.50978510884138 579.3778272958903 198.15560745505186 -1 -1 -1 -1 -1 -1 -1 -1 1 
30 12 Car -1.000000 -1 -1 525.9455209964743 185.1767898322298 544.0540324959618 195.82029295941956 -1 -1 -1 -1 -1 -1 -1 -1 1 
31 14 Car -1.000000 -1 -1 449.6812695385172 167.1106906858488 492.9824697942688 212.72811066144362 -1 -1 -1 -1 -1 -1 -1 -1 1 
31 12 Car -1.000000 -1 -1 525.9426779993452 185.33127282101375 542.5670168703565 195.53566824358245 -1 -1 -1 -1 -1 -1 -1 -1 1 
32 14 Car -1.000000 -1 -1 448.8997295209421 166.79219649925543 491.3392080220465 212.3676706911423 -1 -1 -1 -1 -1 -1 -1 -1 1 
33 14 Car -1.000000 -1 -1 444.76539401595414 166.77554692320814 491.0569069133355 212.30525914758732 -1 -1 -1 -1 -1 -1 -1 -1 1 
34 14 Car -1.000000 -1 -1 442.17086497722914 164.9646704318002 489.9679253001053 212.64067373704165 -1 -1 -1 -1 -1 -1 -1 -1 1 
34 13 Car -1.000000 -1 -1 569.2471412242605 181.2148016447631 588.131694844709 196.72571720841984 -1 -1 -1 -1 -1 -1 -1 -1 1 
35 14 Car -1.000000 -1 -1 439.16606685949057 162.25116562026625 490.0324750018234 209.64474311599938 -1 -1 -1 -1 -1 -1 -1 -1 1 
35 13 Car -1.000000 -1 -1 570.6370009464713 178.54841368702742 592.0431826888369 193.8764421412578 -1 -1 -1 -1 -1 -1 -1 -1 1 
36 14 Car -1.000000 -1 -1 436.016723265155 161.44094179169488 488.39926390779704 210.6043513720998 -1 -1 -1 -1 -1 -1 -1 -1 1 
36 13 Car -1.000000 -1 -1 572.2611160868636 178.40879224240783 592.7798001130041 193.7539180597434 -1 -1 -1 -1 -1 -1 -1 -1 1 
37 14 Car -1.000000 -1 -1 428.72041795574705 164.37092660747183 485.59512362342616 217.06843138851514 -1 -1 -1 -1 -1 -1 -1 -1 1 
37 13 Car -1.000000 -1 -1 571.9656728786917 183.50955213491733 593.9364294335246 198.74121363346393 -1 -1 -1 -1 -1 -1 -1 -1 1 
38 14 Car -1.000000 -1 -1 424.5900047404262 162.62504355444645 481.0976199708306 219.39791025271495 -1 -1 -1 -1 -1 -1 -1 -1 1 
38 13 Car -1.000000 -1 -1 575.1597235638362 184.11154815783866 594.2240394514341 198.1940954350508 -1 -1 -1 -1 -1 -1 -1 -1 1 
39 14 Car -1.000000 -1 -1 417.32876015569155 160.72012963167464 478.14325124082654 220.46659737288093 -1 -1 -1 -1 -1 -1 -1 -1 1 
39 13 Car -1.000000 -1 -1 573.7589915486483 183.5833345898069 594.366508201911 198.41514921818788 -1 -1 -1 -1 -1 -1 -1 -1 1 
40 14 Car -1.000000 -1 -1 409.6004924321404 161.81014447759551 473.0029707797445 222.2632106859237 -1 -1 -1 -1 -1 -1 -1 -1 1 
40 13 Car -1.000000 -1 -1 573.9185812777051 184.21685237150925 596.1670617799346 199.27333639218256 -1 -1 -1 -1 -1 -1 -1 -1 1 
41 14 Car -1.000000 -1 -1 400.19272023955216 164.21725225742335 468.9549393499127 226.0071070990167 -1 -1 -1 -1 -1 -1 -1 -1 1 
41 13 Car -1.000000 -1 -1 577.298421184604 188.76265000122098 595.2764886583273 203.92185574970566 -1 -1 -1 -1 -1 -1 -1 -1 1 
42 14 Car -1.000000 -1 -1 386.8707542304809 164.9429857498035 460.8922945192227 228.95987196646348 -1 -1 -1 -1 -1 -1 -1 -1 1 
42 13 Car -1.000000 -1 -1 578.9746445331435 189.42968819576961 595.3774132768694 204.39978617315109 -1 -1 -1 -1 -1 -1 -1 -1 1 
43 14 Car -1.000000 -1 -1 374.7721026946719 160.5953863607003 456.1784319516558 231.33594112900585 -1 -1 -1 -1 -1 -1 -1 -1 1 
43 13 Car -1.000000 -1 -1 578.4461707659066 186.36238016188142 595.0156744578137 199.91175070978124 -1 -1 -1 -1 -1 -1 -1 -1 1 
44 14 Car -1.000000 -1 -1 362.058940603756 159.1406084704571 448.15814130065536 233.00394603910928 -1 -1 -1 -1 -1 -1 -1 -1 1 
44 13 Car -1.000000 -1 -1 577.8391736172713 185.59598535872422 598.7319737145534 199.38180724588725 -1 -1 -1 -1 -1 -1 -1 -1 1 
45 14 Car -1.000000 -1 -1 344.221741004059 157.343507421991 444.83962122580186 237.07202531827184 -1 -1 -1 -1 -1 -1 -1 -1 1 
45 13 Car -1.000000 -1 -1 578.3783066662457 185.20844613130276 598.3473191926112 200.42577156653772 -1 -1 -1 -1 -1 -1 -1 -1 1 
46 14 Car -1.000000 -1 -1 326.1962092163471 155.0770207093312 429.81572851194784 240.63342752364963 -1 -1 -1 -1 -1 -1 -1 -1 1 
47 14 Car -1.000000 -1 -1 307.9553196842854 152.42850871828313 424.72786340805203 243.40695108716875 -1 -1 -1 -1 -1 -1 -1 -1 1 
48 14 Car -1.000000 -1 -1 283.7270518610111 149.32201931682914 418.6332648327718 248.58612610170474 -1 -1 -1 -1 -1 -1 -1 -1 1 
49 14 Car -1.000000 -1 -1 255.08396629444684 149.49275546062452 401.3920936375283 257.3904739692807 -1 -1 -1 -1 -1 -1 -1 -1 1 
50 14 Car -1.000000 -1 -1 219.67486369624163 145.22758330433413 387.7821201497259 267.05408522572657 -1 -1 -1 -1 -1 -1 -1 -1 1 
51 14 Car -1.000000 -1 -1 171.32792108677904 143.085957182428 374.7984737352683 275.9604092615728 -1 -1 -1 -1 -1 -1 -1 -1 1 
52 14 Car -1.000000 -1 -1 111.39684615914638 135.5209522522413 346.96149797393724 287.2945402677243 -1 -1 -1 -1 -1 -1 -1 -1 1 
53 14 Car -1.000000 -1 -1 26.71410507422226 128.7045246706559 317.9805134076338 298.4683848917484 -1 -1 -1 -1 -1 -1 -1 -1 1 
54 14 Car -1.000000 -1 -1 -3.4956107148184117 118.77094166210065 287.44959695608566 319.32844837697655 -1 -1 -1 -1 -1 -1 -1 -1 1 
55 14 Car -1.000000 -1 -1 -0.9670421991210674 107.08517466600127 242.97842988658408 344.0510338315597 -1 -1 -1 -1 -1 -1 -1 -1 1 
56 14 Car -1.000000 -1 -1 1.3472104943715522 89.18612319617893 177.1290481869991 360.2037127667035 -1 -1 -1 -1 -1 -1 -1 -1 1 
71 18 Car -1.000000 -1 -1 546.8199321911312 178.74035110267312 564.0310428202725 190.63888561840244 -1 -1 -1 -1 -1 -1 -1 -1 1 
71 16 Car -1.000000 -1 -1 571.9331106317157 178.72093259715118 585.7193144396521 190.89089548931673 -1 -1 -1 -1 -1 -1 -1 -1 1 
72 18 Car -1.000000 -1 -1 546.2323580372793 178.47010736855177 564.2627782282922 191.17086051175227 -1 -1 -1 -1 -1 -1 -1 -1 1 
72 16 Car -1.000000 -1 -1 571.5492538786851 179.9037059625754 585.4849488677887 191.5757881047634 -1 -1 -1 -1 -1 -1 -1 -1 1 
76 18 Car -1.000000 -1 -1 529.4945665683883 179.20812147741134 552.6766192781237 191.3423869185723 -1 -1 -1 -1 -1 -1 -1 -1 1 
76 16 Car -1.000000 -1 -1 578.3667782559418 178.1256408072435 595.7329375775388 192.0209320691916 -1 -1 -1 -1 -1 -1 -1 -1 1 
77 18 Car -1.000000 -1 -1 527.8002071902156 178.89299587561536 549.5730586860043 192.08226954707735 -1 -1 -1 -1 -1 -1 -1 -1 1 
77 16 Car -1.000000 -1 -1 575.377090767599 178.19867383402126 594.1668026017454 192.19426509852593 -1 -1 -1 -1 -1 -1 -1 -1 1 
78 18 Car -1.000000 -1 -1 526.0388654757005 179.04739569012935 549.0799335734202 191.50913821963164 -1 -1 -1 -1 -1 -1 -1 -1 1 
78 16 Car -1.000000 -1 -1 579.5502327563098 177.8007917679273 595.0955549183374 191.76876487640234 -1 -1 -1 -1 -1 -1 -1 -1 1 
79 18 Car -1.000000 -1 -1 523.12288432511 180.10973185300827 545.6475149473318 190.9666442527221 -1 -1 -1 -1 -1 -1 -1 -1 1 
79 16 Car -1.000000 -1 -1 575.3496011065749 178.31103904889181 595.4134810446546 191.92353005592642 -1 -1 -1 -1 -1 -1 -1 -1 1 
80 16 Car -1.000000 -1 -1 573.6393482782519 179.02434072815456 593.9535671398042 192.03825982717368 -1 -1 -1 -1 -1 -1 -1 -1 1 
81 16 Car -1.000000 -1 -1 568.8435153554266 177.87585020638429 589.9502641552916 191.47727710123246 -1 -1 -1 -1 -1 -1 -1 -1 1 
82 19 Car -1.000000 -1 -1 506.166551510302 182.39661420767123 528.2542410922739 197.01907898371036 -1 -1 -1 -1 -1 -1 -1 -1 1 
82 16 Car -1.000000 -1 -1 578.7480810095485 177.06628580792594 598.1661621200351 190.5818837336623 -1 -1 -1 -1 -1 -1 -1 -1 1 
83 19 Car -1.000000 -1 -1 500.1089592335316 180.76416957550322 524.7934021044236 198.55283938634852 -1 -1 -1 -1 -1 -1 -1 -1 1 
83 18 Car -1.000000 -1 -1 526.8472262242666 177.89741705816525 544.4653207189762 190.4178475244687 -1 -1 -1 -1 -1 -1 -1 -1 1 
83 16 Car -1.000000 -1 -1 581.6536327952948 175.80440146132156 598.5123299420452 190.6188831736262 -1 -1 -1 -1 -1 -1 -1 -1 1 
84 19 Car -1.000000 -1 -1 493.3397254118552 180.22894400816696 519.3791183634446 199.47247837598508 -1 -1 -1 -1 -1 -1 -1 -1 1 
84 18 Car -1.000000 -1 -1 522.2604899033904 177.7358427643776 542.4028391247758 191.46101320019136 -1 -1 -1 -1 -1 -1 -1 -1 1 
85 19 Car -1.000000 -1 -1 479.22734569643546 181.91187026409 511.1997561861689 201.24582430491077 -1 -1 -1 -1 -1 -1 -1 -1 1 
85 18 Car -1.000000 -1 -1 516.7142416955187 177.07929473656873 541.4393093866797 192.5992593169212 -1 -1 -1 -1 -1 -1 -1 -1 1 
86 19 Car -1.000000 -1 -1 472.53509488415256 182.92484690363588 507.0640203591722 203.48406497102513 -1 -1 -1 -1 -1 -1 -1 -1 1 
86 18 Car -1.000000 -1 -1 509.84164777340794 182.30983077620084 533.0344460726931 196.30092590187604 -1 -1 -1 -1 -1 -1 -1 -1 1 
87 19 Car -1.000000 -1 -1 463.3191224071556 184.11792990250083 500.19463753256093 209.1630120904973 -1 -1 -1 -1 -1 -1 -1 -1 1 
87 18 Car -1.000000 -1 -1 505.7102533183418 182.23962717904493 528.9843695925978 197.20932798316844 -1 -1 -1 -1 -1 -1 -1 -1 1 
87 16 Car -1.000000 -1 -1 581.7052030477386 177.56583369695224 598.8242533155358 192.61973867049585 -1 -1 -1 -1 -1 -1 -1 -1 1 
88 19 Car -1.000000 -1 -1 444.5268719666279 184.24111454246136 488.65641580980554 210.06404228795034 -1 -1 -1 -1 -1 -1 -1 -1 1 
88 18 Car -1.000000 -1 -1 500.5736860506809 181.6471446162233 524.775730535388 197.45918456465006 -1 -1 -1 -1 -1 -1 -1 -1 1 
88 16 Car -1.000000 -1 -1 580.5211346052014 177.30696270099054 598.8462747983061 192.3184578235333 -1 -1 -1 -1 -1 -1 -1 -1 1 
89 21 Car -1.000000 -1 -1 560.6983362324536 176.35356548887032 575.2359839010124 188.86844326670354 -1 -1 -1 -1 -1 -1 -1 -1 1 
89 19 Car -1.000000 -1 -1 425.8822651862239 181.58822166375245 476.07004283125013 213.06978535050385 -1 -1 -1 -1 -1 -1 -1 -1 1 
89 18 Car -1.000000 -1 -1 496.0072866976261 181.5493808915982 521.0351271766883 197.75987330537578 -1 -1 -1 -1 -1 -1 -1 -1 1 
89 16 Car -1.000000 -1 -1 580.6357476427578 176.35665583209348 598.3743210810309 191.19890184643174 -1 -1 -1 -1 -1 -1 -1 -1 1 
90 21 Car -1.000000 -1 -1 561.5952826076402 176.48359760642052 575.4315200330547 188.36585919444377 -1 -1 -1 -1 -1 -1 -1 -1 1 
90 19 Car -1.000000 -1 -1 409.29810331360653 181.87443088166987 466.5776371090458 215.9856496951901 -1 -1 -1 -1 -1 -1 -1 -1 1 
90 18 Car -1.000000 -1 -1 485.82163198120315 180.47301858090438 511.9851074499579 198.89827803350414 -1 -1 -1 -1 -1 -1 -1 -1 1 
90 16 Car -1.000000 -1 -1 578.6590761227103 175.24004899538483 598.4695463587458 191.40493525908545 -1 -1 -1 -1 -1 -1 -1 -1 1 
91 22 Car -1.000000 -1 -1 530.8148201967662 179.12645895893758 548.8584118496914 188.78192483232573 -1 -1 -1 -1 -1 -1 -1 -1 1 
91 21 Car -1.000000 -1 -1 559.5110026853016 176.68259817247207 576.2309104636885 189.16594280073275 -1 -1 -1 -1 -1 -1 -1 -1 1 
91 19 Car -1.000000 -1 -1 379.79981926140874 182.2098780584593 449.13674589934254 219.04806444385588 -1 -1 -1 -1 -1 -1 -1 -1 1 
91 18 Car -1.000000 -1 -1 478.16272014780685 180.10043137921738 507.1877939477563 200.0924825954896 -1 -1 -1 -1 -1 -1 -1 -1 1 
91 16 Car -1.000000 -1 -1 578.6009598231086 175.5783398134204 597.4426399933603 191.1091226367996 -1 -1 -1 -1 -1 -1 -1 -1 1 
92 22 Car -1.000000 -1 -1 530.8517891248832 177.5122625896564 551.2738888366865 189.7884590121416 -1 -1 -1 -1 -1 -1 -1 -1 1 
92 21 Car -1.000000 -1 -1 560.8883951105751 176.44828099470874 575.4321512367864 189.49818467864625 -1 -1 -1 -1 -1 -1 -1 -1 1 
92 19 Car -1.000000 -1 -1 349.0744335135589 184.94453900851883 429.86614366334226 228.86479284184483 -1 -1 -1 -1 -1 -1 -1 -1 1 
92 18 Car -1.000000 -1 -1 468.9711492027228 180.48518480589757 502.5054349773206 202.88128792666473 -1 -1 -1 -1 -1 -1 -1 -1 1 
92 16 Car -1.000000 -1 -1 579.7380570628894 176.8176112897121 596.5754637629366 191.168602126149 -1 -1 -1 -1 -1 -1 -1 -1 1 
93 22 Car -1.000000 -1 -1 529.5057833807972 176.73598208393042 549.580891520358 189.0522955845182 -1 -1 -1 -1 -1 -1 -1 -1 1 
93 19 Car -1.000000 -1 -1 302.74988554475397 185.95905936896227 401.1868894289319 237.61986376932606 -1 -1 -1 -1 -1 -1 -1 -1 1 
93 18 Car -1.000000 -1 -1 455.90111445177064 178.6178175646525 491.62044282887996 204.8405698285653 -1 -1 -1 -1 -1 -1 -1 -1 1 
93 16 Car -1.000000 -1 -1 578.2002709112488 176.83391688534846 597.1214581940036 191.47740261485941 -1 -1 -1 -1 -1 -1 -1 -1 1 
94 22 Car -1.000000 -1 -1 526.2813484307665 179.35748527256342 546.2551507737774 187.9025587382225 -1 -1 -1 -1 -1 -1 -1 -1 1 
94 19 Car -1.000000 -1 -1 237.24561622051093 187.60221978076376 365.24419180705 250.61790620048458 -1 -1 -1 -1 -1 -1 -1 -1 1 
94 18 Car -1.000000 -1 -1 443.6678540488848 178.57368061175714 487.2339164305191 206.08064532279968 -1 -1 -1 -1 -1 -1 -1 -1 1 
94 16 Car -1.000000 -1 -1 579.2961781480565 175.42502384346264 596.6616477189729 190.02736517443105 -1 -1 -1 -1 -1 -1 -1 -1 1 
95 22 Car -1.000000 -1 -1 524.9618614293062 178.95549005613879 545.2365039770419 190.0270857776587 -1 -1 -1 -1 -1 -1 -1 -1 1 
95 18 Car -1.000000 -1 -1 422.76804059657917 180.16810020288597 475.80286899065743 211.80412818032963 -1 -1 -1 -1 -1 -1 -1 -1 1 
95 16 Car -1.000000 -1 -1 578.0686367274477 175.37906328932596 598.612591680999 190.36488829610437 -1 -1 -1 -1 -1 -1 -1 -1 1 
96 22 Car -1.000000 -1 -1 522.0042663887143 179.44555586347212 544.8140544633453 190.25352052771126 -1 -1 -1 -1 -1 -1 -1 -1 1 
96 18 Car -1.000000 -1 -1 410.81618726024266 180.70372373599992 465.2015891281459 214.47753669389598 -1 -1 -1 -1 -1 -1 -1 -1 1 
96 16 Car -1.000000 -1 -1 579.2481673365602 176.18704823633797 597.4302365819995 191.06989361059206 -1 -1 -1 -1 -1 -1 -1 -1 1 
97 22 Car -1.000000 -1 -1 519.9606023889322 178.0710479674431 542.1286682119737 190.40035212842318 -1 -1 -1 -1 -1 -1 -1 -1 1 
97 18 Car -1.000000 -1 -1 384.3592641622974 179.83292973636148 446.5149637007942 219.7443973362589 -1 -1 -1 -1 -1 -1 -1 -1 1 
97 16 Car -1.000000 -1 -1 581.2337741175523 175.89025493138112 598.263137577818 189.7835981530639 -1 -1 -1 -1 -1 -1 -1 -1 1 
98 22 Car -1.000000 -1 -1 528.4874711380555 176.6412347698441 548.6465388055032 189.91237169561478 -1 -1 -1 -1 -1 -1 -1 -1 1 
98 21 Car -1.000000 -1 -1 562.327670415147 175.71129538835243 575.5982909279948 187.67486487586913 -1 -1 -1 -1 -1 -1 -1 -1 1 
98 18 Car -1.000000 -1 -1 352.26174649481595 182.61763454379084 430.0270826415374 228.19306843806632 -1 -1 -1 -1 -1 -1 -1 -1 1 
98 16 Car -1.000000 -1 -1 581.6759535971169 175.50917686178133 598.6149842759164 190.66395868475618 -1 -1 -1 -1 -1 -1 -1 -1 1 
99 21 Car -1.000000 -1 -1 562.1110134268037 176.0772728146269 575.4657589649925 187.96106893569234 -1 -1 -1 -1 -1 -1 -1 -1 1 
99 18 Car -1.000000 -1 -1 308.73970999511386 183.81627592652177 403.05154141669084 236.76449632666146 -1 -1 -1 -1 -1 -1 -1 -1 1 
99 16 Car -1.000000 -1 -1 582.1161616994784 175.96421405099906 599.023757471488 190.02856443134638 -1 -1 -1 -1 -1 -1 -1 -1 1 
100 21 Car -1.000000 -1 -1 561.7688574054494 176.54970513943297 576.654068947125 187.5816609065693 -1 -1 -1 -1 -1 -1 -1 -1 1 
100 16 Car -1.000000 -1 -1 584.3386001423574 176.75384735831847 599.9054903597213 189.00444243962949 -1 -1 -1 -1 -1 -1 -1 -1 1 
101 20 Car -1.000000 -1 -1 503.0797367691993 177.5497460307983 529.4450486623323 193.90819665904226 -1 -1 -1 -1 -1 -1 -1 -1 1 
102 23 Car -1.000000 -1 -1 533.6444486906895 176.80929622684533 549.8354127246599 187.62634257571054 -1 -1 -1 -1 -1 -1 -1 -1 1 
102 20 Car -1.000000 -1 -1 500.0777471254651 177.4577978425301 527.5837251309018 193.88074700075848 -1 -1 -1 -1 -1 -1 -1 -1 1 
103 23 Car -1.000000 -1 -1 533.9146302250716 176.5279991265673 549.2527463711226 188.03827529056716 -1 -1 -1 -1 -1 -1 -1 -1 1 
103 20 Car -1.000000 -1 -1 493.37361252823706 179.3236734273915 522.4548785864162 198.9664821169124 -1 -1 -1 -1 -1 -1 -1 -1 1 
104 23 Car -1.000000 -1 -1 528.0837185657941 177.55056165445308 550.088072171578 189.77649416774508 -1 -1 -1 -1 -1 -1 -1 -1 1 
104 20 Car -1.000000 -1 -1 484.10233445007066 180.45545269090397 514.1313926841203 201.2028947759133 -1 -1 -1 -1 -1 -1 -1 -1 1 
104 16 Car -1.000000 -1 -1 580.0306766709456 175.2138198711551 598.9498288688751 190.92658541810053 -1 -1 -1 -1 -1 -1 -1 -1 1 
105 23 Car -1.000000 -1 -1 529.2891607376246 177.90676782337522 546.8583192366821 190.83864313478657 -1 -1 -1 -1 -1 -1 -1 -1 1 
105 20 Car -1.000000 -1 -1 475.6567762018396 181.11657895720924 510.0051151256148 202.34730696448915 -1 -1 -1 -1 -1 -1 -1 -1 1 
105 16 Car -1.000000 -1 -1 581.3253241061018 174.7966276195187 600.7081873583106 191.55713278227128 -1 -1 -1 -1 -1 -1 -1 -1 1 
106 23 Car -1.000000 -1 -1 526.6530443240816 178.0535620279037 544.8933601316351 190.7192478672816 -1 -1 -1 -1 -1 -1 -1 -1 1 
106 20 Car -1.000000 -1 -1 468.67298898903226 179.98516086775524 504.5373678769057 203.11596058309078 -1 -1 -1 -1 -1 -1 -1 -1 1 
106 16 Car -1.000000 -1 -1 580.4402960389853 174.80903584510088 600.7666677523118 190.55772407983358 -1 -1 -1 -1 -1 -1 -1 -1 1 
107 23 Car -1.000000 -1 -1 522.6984837209949 177.36764810979363 544.2963264636122 191.37845059426928 -1 -1 -1 -1 -1 -1 -1 -1 1 
107 20 Car -1.000000 -1 -1 453.4558771074964 178.88202095547547 495.8262200258099 205.66411653103737 -1 -1 -1 -1 -1 -1 -1 -1 1 
107 16 Car -1.000000 -1 -1 582.7748938861947 175.48039426597265 601.31257979056 190.4846800921055 -1 -1 -1 -1 -1 -1 -1 -1 1 
108 23 Car -1.000000 -1 -1 520.3515749986354 175.16922836120312 541.1991569204972 191.49457605985495 -1 -1 -1 -1 -1 -1 -1 -1 1 
108 20 Car -1.000000 -1 -1 442.5481910761445 178.39180072769523 487.3100855661412 208.5820471223157 -1 -1 -1 -1 -1 -1 -1 -1 1 
108 16 Car -1.000000 -1 -1 583.4348621431452 175.72124395519495 599.9033216312528 190.69173394774015 -1 -1 -1 -1 -1 -1 -1 -1 1 
109 23 Car -1.000000 -1 -1 517.6696065366268 175.18487028204478 539.2942620022939 192.13710352778435 -1 -1 -1 -1 -1 -1 -1 -1 1 
109 20 Car -1.000000 -1 -1 423.7602983793387 180.05177389400507 474.81280360428184 212.77028017749004 -1 -1 -1 -1 -1 -1 -1 -1 1 
109 16 Car -1.000000 -1 -1 583.4524691147873 176.5409216571313 599.5495064032192 190.46556849319205 -1 -1 -1 -1 -1 -1 -1 -1 1 
110 23 Car -1.000000 -1 -1 509.30102026462555 176.95927662918203 531.8711915153724 193.16701462062508 -1 -1 -1 -1 -1 -1 -1 -1 1 
110 20 Car -1.000000 -1 -1 403.8545841803918 181.09281236628215 463.50022974151835 216.33592257813478 -1 -1 -1 -1 -1 -1 -1 -1 1 
110 16 Car -1.000000 -1 -1 582.5954770282484 176.55067110004333 598.7563130514553 191.03636040997046 -1 -1 -1 -1 -1 -1 -1 -1 1 
111 23 Car -1.000000 -1 -1 504.621509274038 176.69958076797997 530.1567350517099 193.8067373748009 -1 -1 -1 -1 -1 -1 -1 -1 1 
111 20 Car -1.000000 -1 -1 374.9184095624547 181.05302503010114 444.29253148631403 220.16539099590423 -1 -1 -1 -1 -1 -1 -1 -1 1 
111 16 Car -1.000000 -1 -1 582.1918251780936 175.5405720323324 598.1843855252059 191.0779847261997 -1 -1 -1 -1 -1 -1 -1 -1 1 
112 23 Car -1.000000 -1 -1 500.64952410241733 175.59022857592655 526.5295355314246 194.17038216040683 -1 -1 -1 -1 -1 -1 -1 -1 1 
113 23 Car -1.000000 -1 -1 495.3073054271249 174.64501768923725 524.9245910466864 194.8826715636712 -1 -1 -1 -1 -1 -1 -1 -1 1 
114 23 Car -1.000000 -1 -1 490.7877592931573 174.99990059206118 520.4128350380521 195.95571936896212 -1 -1 -1 -1 -1 -1 -1 -1 1 
115 23 Car -1.000000 -1 -1 482.15795788971275 178.01069740492562 511.65878241681133 199.8752296830599 -1 -1 -1 -1 -1 -1 -1 -1 1 
116 23 Car -1.000000 -1 -1 473.59307526510497 178.5963229261912 508.6130669220136 202.25549718508356 -1 -1 -1 -1 -1 -1 -1 -1 1 
117 23 Car -1.000000 -1 -1 466.591350975518 178.94379235804078 501.0904740960552 203.4961181477858 -1 -1 -1 -1 -1 -1 -1 -1 1 
118 23 Car -1.000000 -1 -1 452.3513090152006 178.81806080157938 491.49760278830155 206.34096402388352 -1 -1 -1 -1 -1 -1 -1 -1 1 
118 16 Car -1.000000 -1 -1 579.9008627811877 174.54707128210708 596.4441345927235 190.70137313638742 -1 -1 -1 -1 -1 -1 -1 -1 1 
119 23 Car -1.000000 -1 -1 440.36699228547513 177.02433911080544 486.24817631121437 209.563761519698 -1 -1 -1 -1 -1 -1 -1 -1 1 
120 23 Car -1.000000 -1 -1 424.2797068010729 178.96050662518695 476.1003284205038 214.03636966043942 -1 -1 -1 -1 -1 -1 -1 -1 1 
121 23 Car -1.000000 -1 -1 403.51258920763553 179.87066777781226 465.3636474385858 219.2294496075752 -1 -1 -1 -1 -1 -1 -1 -1 1 
122 23 Car -1.000000 -1 -1 373.40596213879496 181.84239339405815 446.628124097792 226.3075474989959 -1 -1 -1 -1 -1 -1 -1 -1 1 
122 16 Car -1.000000 -1 -1 581.1571381189502 174.9094084908183 596.5463961815605 191.56065490096807 -1 -1 -1 -1 -1 -1 -1 -1 1 
123 23 Car -1.000000 -1 -1 344.001180589199 182.5422933235621 427.5427409181227 232.67900579286592 -1 -1 -1 -1 -1 -1 -1 -1 1 
123 16 Car -1.000000 -1 -1 580.0259907795833 174.97201700909778 598.1126971886708 191.13950295230515 -1 -1 -1 -1 -1 -1 -1 -1 1 
127 16 Car -1.000000 -1 -1 581.4541779326705 174.36704777467708 599.503268371981 192.03146597227223 -1 -1 -1 -1 -1 -1 -1 -1 1 
128 16 Car -1.000000 -1 -1 580.4350264576765 174.77230097238834 599.545493712792 191.7695110807052 -1 -1 -1 -1 -1 -1 -1 -1 1 
148 16 Car -1.000000 -1 -1 575.5700579520602 173.25764701056937 601.0548230220493 194.14102379232642 -1 -1 -1 -1 -1 -1 -1 -1 1 
149 16 Car -1.000000 -1 -1 575.0044186172577 173.2784240291669 599.6958828511146 193.4060402787649 -1 -1 -1 -1 -1 -1 -1 -1 1 
153 27 Car -1.000000 -1 -1 548.3515924456028 173.39725212122383 570.8449942320585 191.69131372697075 -1 -1 -1 -1 -1 -1 -1 -1 1 
153 16 Car -1.000000 -1 -1 574.8944339918403 173.59498487069055 598.9157744754966 194.4139525294304 -1 -1 -1 -1 -1 -1 -1 -1 1 
154 27 Car -1.000000 -1 -1 547.1429253868185 170.49048654735088 570.5548380447121 187.3430602539044 -1 -1 -1 -1 -1 -1 -1 -1 1 
154 16 Car -1.000000 -1 -1 574.5726549780139 173.26702614529773 598.9287530349997 193.77608690410852 -1 -1 -1 -1 -1 -1 -1 -1 1 
155 27 Car -1.000000 -1 -1 546.8866701962856 168.78895891400484 571.5483918682887 185.82923910938777 -1 -1 -1 -1 -1 -1 -1 -1 1 
156 27 Car -1.000000 -1 -1 545.2210376170966 170.33364523488743 570.5587320396534 186.37469425224342 -1 -1 -1 -1 -1 -1 -1 -1 1 
157 27 Car -1.000000 -1 -1 545.799277536571 173.5342304723767 570.7953916197786 191.85011253620567 -1 -1 -1 -1 -1 -1 -1 -1 1 
158 27 Car -1.000000 -1 -1 544.9828885598824 175.66907649429945 572.1234844888631 193.38435178192762 -1 -1 -1 -1 -1 -1 -1 -1 1 
159 27 Car -1.000000 -1 -1 546.0666904587011 180.24880019947886 571.7665061240012 197.86657031195668 -1 -1 -1 -1 -1 -1 -1 -1 1 
159 16 Car -1.000000 -1 -1 574.7536009968474 178.9166506809684 604.0750967533543 202.15419199890815 -1 -1 -1 -1 -1 -1 -1 -1 1 
160 27 Car -1.000000 -1 -1 545.3858495916312 179.75265407361664 570.9142312487731 198.297481589879 -1 -1 -1 -1 -1 -1 -1 -1 1 
160 16 Car -1.000000 -1 -1 575.1439916961468 179.05337198709066 604.1467009175283 201.98885358583468 -1 -1 -1 -1 -1 -1 -1 -1 1 
165 28 Car -1.000000 -1 -1 542.6955528706312 173.44325651916174 571.4005033431145 193.00598063721105 -1 -1 -1 -1 -1 -1 -1 -1 1 
166 28 Car -1.000000 -1 -1 542.0727628159982 174.45484821039898 570.9422156226177 193.72938616344564 -1 -1 -1 -1 -1 -1 -1 -1 1 
167 28 Car -1.000000 -1 -1 542.7028055741238 171.51477778903566 570.6917948401892 192.11930799512908 -1 -1 -1 -1 -1 -1 -1 -1 1 
168 29 Car -1.000000 -1 -1 578.97704335646 169.4842928017561 605.4253410118131 183.42162683033024 -1 -1 -1 -1 -1 -1 -1 -1 1 
168 28 Car -1.000000 -1 -1 541.957651328582 173.22402934615428 570.8058307721064 192.5155735359742 -1 -1 -1 -1 -1 -1 -1 -1 1 
169 29 Car -1.000000 -1 -1 578.1968460037158 171.3669365988328 608.5638735294342 198.62581416964534 -1 -1 -1 -1 -1 -1 -1 -1 1 
169 28 Car -1.000000 -1 -1 541.0322831679996 174.33452190688024 570.4209559428004 193.90135530668957 -1 -1 -1 -1 -1 -1 -1 -1 1 
170 28 Car -1.000000 -1 -1 541.3949614075514 179.36751121081986 570.2452207803726 198.97664786101535 -1 -1 -1 -1 -1 -1 -1 -1 1 
171 28 Car -1.000000 -1 -1 541.4231643092173 181.6287523565384 570.2291173442052 203.52782323383366 -1 -1 -1 -1 -1 -1 -1 -1 1 
172 28 Car -1.000000 -1 -1 541.1571337357163 181.54233278563387 571.0652848682724 204.57388045122988 -1 -1 -1 -1 -1 -1 -1 -1 1 
173 28 Car -1.000000 -1 -1 540.9005411439217 179.68484952759283 569.3823497971663 202.21949734080295 -1 -1 -1 -1 -1 -1 -1 -1 1 
174 28 Car -1.000000 -1 -1 541.0160498252282 179.17006505796542 569.8307112294893 201.07228237275893 -1 -1 -1 -1 -1 -1 -1 -1 1 
175 28 Car -1.000000 -1 -1 540.6340087394301 178.3063393802597 570.4620420204905 201.3726233719633 -1 -1 -1 -1 -1 -1 -1 -1 1 
176 28 Car -1.000000 -1 -1 540.8268054437178 178.32840936115156 569.6205415634008 202.0421132731896 -1 -1 -1 -1 -1 -1 -1 -1 1 
177 29 Car -1.000000 -1 -1 584.2499716287622 176.28595877725346 619.0964386709608 208.65383242758423 -1 -1 -1 -1 -1 -1 -1 -1 1 
177 28 Car -1.000000 -1 -1 540.3104982307324 179.04392386285159 570.7778748709421 202.81722783469237 -1 -1 -1 -1 -1 -1 -1 -1 1 
178 29 Car -1.000000 -1 -1 585.7637711488284 177.57612968293517 618.6591086227161 206.16022655023977 -1 -1 -1 -1 -1 -1 -1 -1 1 
178 28 Car -1.000000 -1 -1 540.7885815822161 178.88418284173196 569.3425599382474 203.73341369514281 -1 -1 -1 -1 -1 -1 -1 -1 1 
179 29 Car -1.000000 -1 -1 585.7105642511294 176.68819900315543 618.6930195849675 206.75133641522666 -1 -1 -1 -1 -1 -1 -1 -1 1 
179 28 Car -1.000000 -1 -1 540.6314611463592 179.697464291866 569.6401539015083 204.51322083289804 -1 -1 -1 -1 -1 -1 -1 -1 1 
180 28 Car -1.000000 -1 -1 540.2493431843245 180.30196413970913 571.0171948671342 204.8560711913384 -1 -1 -1 -1 -1 -1 -1 -1 1 
181 28 Car -1.000000 -1 -1 540.039005529422 180.59785004991753 570.401350011046 205.28568241458674 -1 -1 -1 -1 -1 -1 -1 -1 1 
182 28 Car -1.000000 -1 -1 539.6871177238913 179.42586784752515 570.2723776669457 204.68311255367902 -1 -1 -1 -1 -1 -1 -1 -1 1 
183 28 Car -1.000000 -1 -1 539.1683639958501 179.4896532709782 570.1955234964306 205.6522913850271 -1 -1 -1 -1 -1 -1 -1 -1 1 
184 28 Car -1.000000 -1 -1 539.4273974081644 184.80410226262535 567.5315259225093 207.77270054587953 -1 -1 -1 -1 -1 -1 -1 -1 1 
185 28 Car -1.000000 -1 -1 538.9050044711822 183.8851967969766 566.7639448589 208.58125073405412 -1 -1 -1 -1 -1 -1 -1 -1 1 
186 29 Car -1.000000 -1 -1 584.9845286986002 180.28343411592334 626.0354056140551 216.91452081386856 -1 -1 -1 -1 -1 -1 -1 -1 1 
186 28 Car -1.000000 -1 -1 538.5529421370189 183.2534628562056 566.579182566645 209.56593522658713 -1 -1 -1 -1 -1 -1 -1 -1 1 
187 29 Car -1.000000 -1 -1 584.109702036931 180.42661206653486 627.7115417650114 217.67731655675632 -1 -1 -1 -1 -1 -1 -1 -1 1 
187 28 Car -1.000000 -1 -1 537.4319226190161 183.0575345800473 567.4441750314659 210.25860023040036 -1 -1 -1 -1 -1 -1 -1 -1 1 
188 29 Car -1.000000 -1 -1 583.8135285045092 179.8829583880993 627.7063319763313 218.15418151135628 -1 -1 -1 -1 -1 -1 -1 -1 1 
189 29 Car -1.000000 -1 -1 583.8103730197137 178.56312242264931 627.0942654449207 217.48652466787743 -1 -1 -1 -1 -1 -1 -1 -1 1 
193 32 Car -1.000000 -1 -1 498.25058742927814 173.11670960715185 515.3034205640164 184.2671321848264 -1 -1 -1 -1 -1 -1 -1 -1 1 
197 35 Car -1.000000 -1 -1 365.92884810225894 179.46573486551642 408.69129737681493 206.63262362806842 -1 -1 -1 -1 -1 -1 -1 -1 1 
198 35 Car -1.000000 -1 -1 348.10690122842794 178.15593999022474 393.27231677220425 208.656074371762 -1 -1 -1 -1 -1 -1 -1 -1 1 
198 31 Car -1.000000 -1 -1 446.2215299520355 177.43283438567934 473.03406508209616 193.0771348281549 -1 -1 -1 -1 -1 -1 -1 -1 1 
199 35 Car -1.000000 -1 -1 328.3690359712794 177.86994160941015 380.4213202154408 214.56699646436252 -1 -1 -1 -1 -1 -1 -1 -1 1 
199 31 Car -1.000000 -1 -1 435.48754266362926 178.11444129508274 462.6667945270355 193.8158951413173 -1 -1 -1 -1 -1 -1 -1 -1 1 
200 35 Car -1.000000 -1 -1 308.26604916269963 178.2160774589731 368.75877831761653 216.2181744351983 -1 -1 -1 -1 -1 -1 -1 -1 1 
201 35 Car -1.000000 -1 -1 279.38061962334007 179.75245196766292 345.45045354159976 218.51007000077516 -1 -1 -1 -1 -1 -1 -1 -1 1 
201 28 Car -1.000000 -1 -1 513.6056318294543 182.22044250712946 554.6006538879412 211.94529834275065 -1 -1 -1 -1 -1 -1 -1 -1 1 
202 35 Car -1.000000 -1 -1 242.1584601144378 177.85909749531686 323.0212487515348 222.07064261265955 -1 -1 -1 -1 -1 -1 -1 -1 1 
202 33 Car -1.000000 -1 -1 412.2872069340486 180.26452851839935 439.98797864638846 198.0954035758399 -1 -1 -1 -1 -1 -1 -1 -1 1 
202 29 Car -1.000000 -1 -1 574.4592431316581 179.08029852864834 627.3379985286065 222.1203874080227 -1 -1 -1 -1 -1 -1 -1 -1 1 
202 28 Car -1.000000 -1 -1 513.0975439674579 181.39488694186394 553.3523759922156 212.33522017987875 -1 -1 -1 -1 -1 -1 -1 -1 1 
203 35 Car -1.000000 -1 -1 203.75722733885053 180.74281750999106 302.4727353218657 229.297824553214 -1 -1 -1 -1 -1 -1 -1 -1 1 
203 33 Car -1.000000 -1 -1 402.25243642467717 179.1118295290149 435.8188991752954 199.95733730208414 -1 -1 -1 -1 -1 -1 -1 -1 1 
203 29 Car -1.000000 -1 -1 572.3690823551553 182.21989282084488 624.3615255671051 226.21079239671909 -1 -1 -1 -1 -1 -1 -1 -1 1 
203 28 Car -1.000000 -1 -1 512.1117991323655 181.18583131581548 553.8465926761811 212.61231149905007 -1 -1 -1 -1 -1 -1 -1 -1 1 
204 35 Car -1.000000 -1 -1 151.76849020215184 184.5388700469182 268.09183183770915 239.47124140193827 -1 -1 -1 -1 -1 -1 -1 -1 1 
204 33 Car -1.000000 -1 -1 394.631411051521 181.75307833231412 428.2359019139639 202.5760383560107 -1 -1 -1 -1 -1 -1 -1 -1 1 
204 29 Car -1.000000 -1 -1 573.09702450954 184.59026747418997 624.1453570631835 229.2507118635023 -1 -1 -1 -1 -1 -1 -1 -1 1 
204 28 Car -1.000000 -1 -1 511.1340294950283 182.4976307554887 554.1718240024951 214.46739237468978 -1 -1 -1 -1 -1 -1 -1 -1 1 
205 35 Car -1.000000 -1 -1 90.37697248963211 188.33174785742392 227.31359507258122 251.80340443666165 -1 -1 -1 -1 -1 -1 -1 -1 1 
205 33 Car -1.000000 -1 -1 380.506429950635 185.66780698557312 417.68772101989725 208.0665547042512 -1 -1 -1 -1 -1 -1 -1 -1 1 
205 29 Car -1.000000 -1 -1 571.3353546473843 185.84259615566293 623.461331882729 232.61019055588312 -1 -1 -1 -1 -1 -1 -1 -1 1 
205 28 Car -1.000000 -1 -1 511.18838668901185 183.92801112853562 553.5965690876428 216.41846516957648 -1 -1 -1 -1 -1 -1 -1 -1 1 
206 35 Car -1.000000 -1 -1 20.262537832586816 190.3027501852753 183.0316621522204 264.65135588883777 -1 -1 -1 -1 -1 -1 -1 -1 1 
206 33 Car -1.000000 -1 -1 370.96829959520926 185.0145344550793 409.8727919780291 209.43840650411755 -1 -1 -1 -1 -1 -1 -1 -1 1 
206 29 Car -1.000000 -1 -1 569.1220692814543 185.5703349619244 622.9952383769246 232.90883368239378 -1 -1 -1 -1 -1 -1 -1 -1 1 
206 28 Car -1.000000 -1 -1 509.32329373061657 183.7507888961297 552.8075982343692 216.8086608155416 -1 -1 -1 -1 -1 -1 -1 -1 1 
207 35 Car -1.000000 -1 -1 -0.12459787267904687 187.5411177483889 119.48560150540793 269.7532861851729 -1 -1 -1 -1 -1 -1 -1 -1 1 
207 33 Car -1.000000 -1 -1 353.7300282534785 183.0014507286251 399.85896125650754 208.8368296838151 -1 -1 -1 -1 -1 -1 -1 -1 1 
207 32 Car -1.000000 -1 -1 446.2722743187959 173.75588624809797 476.7022634824881 192.89465284404847 -1 -1 -1 -1 -1 -1 -1 -1 1 
207 29 Car -1.000000 -1 -1 568.5519931912422 183.076167309012 621.4516080296956 229.76699072975094 -1 -1 -1 -1 -1 -1 -1 -1 1 
207 28 Car -1.000000 -1 -1 508.48999198182264 181.93980542799602 552.1678025155113 214.2863176906338 -1 -1 -1 -1 -1 -1 -1 -1 1 
208 33 Car -1.000000 -1 -1 339.8055623556272 178.50165878637478 392.6783432944749 206.29575698134988 -1 -1 -1 -1 -1 -1 -1 -1 1 
208 29 Car -1.000000 -1 -1 565.9391898524303 179.49151749221178 622.867798574842 227.2214752693589 -1 -1 -1 -1 -1 -1 -1 -1 1 
208 28 Car -1.000000 -1 -1 508.02623465943793 177.20132664992258 552.3861253336072 209.0672283218457 -1 -1 -1 -1 -1 -1 -1 -1 1 
209 33 Car -1.000000 -1 -1 322.2480560340561 177.82356830027243 377.8249335122797 207.41880531064595 -1 -1 -1 -1 -1 -1 -1 -1 1 
209 29 Car -1.000000 -1 -1 567.3022247507022 176.4894370526935 622.566501383598 223.8226003694133 -1 -1 -1 -1 -1 -1 -1 -1 1 
209 28 Car -1.000000 -1 -1 508.06901308206415 176.65951398129644 552.3973247064994 207.85017297244985 -1 -1 -1 -1 -1 -1 -1 -1 1 
210 33 Car -1.000000 -1 -1 299.9115170057003 179.73101502194856 361.3528505196938 212.0188575891706 -1 -1 -1 -1 -1 -1 -1 -1 1 
210 29 Car -1.000000 -1 -1 566.8711736402832 176.69462886316558 622.8433586937876 224.1953214397654 -1 -1 -1 -1 -1 -1 -1 -1 1 
210 28 Car -1.000000 -1 -1 508.54337078332907 176.70822143554688 552.5759437955344 209.00988922669336 -1 -1 -1 -1 -1 -1 -1 -1 1 
211 33 Car -1.000000 -1 -1 281.4491374257665 182.2144301035083 349.3520951769672 215.79133396824963 -1 -1 -1 -1 -1 -1 -1 -1 1 
211 31 Car -1.000000 -1 -1 426.516346349166 172.1137727682407 452.19010097017656 193.09823272319937 -1 -1 -1 -1 -1 -1 -1 -1 1 
211 29 Car -1.000000 -1 -1 565.90073963312 179.49092361288 623.0880753306242 228.05775800504935 -1 -1 -1 -1 -1 -1 -1 -1 1 
211 28 Car -1.000000 -1 -1 509.05299652597074 179.89430372388316 552.1232968689156 212.52483097263251 -1 -1 -1 -1 -1 -1 -1 -1 1 
212 33 Car -1.000000 -1 -1 256.1498604789376 184.0654538156321 328.94291494385556 222.01653079201392 -1 -1 -1 -1 -1 -1 -1 -1 1 
212 31 Car -1.000000 -1 -1 419.3097878178725 172.33048730458205 456.6854211241007 193.62820520137365 -1 -1 -1 -1 -1 -1 -1 -1 1 
212 29 Car -1.000000 -1 -1 566.2614781713256 180.31512942308416 623.6672256640517 228.65899713136827 -1 -1 -1 -1 -1 -1 -1 -1 1 
212 28 Car -1.000000 -1 -1 509.0541058927775 180.4632656992628 552.416809273454 213.0869567537537 -1 -1 -1 -1 -1 -1 -1 -1 1 
213 33 Car -1.000000 -1 -1 220.2355462043331 186.91903449451695 307.99148105600705 227.2997073327693 -1 -1 -1 -1 -1 -1 -1 -1 1 
213 29 Car -1.000000 -1 -1 566.7708547780147 181.32674507796764 623.1485555745088 230.25926417456225 -1 -1 -1 -1 -1 -1 -1 -1 1 
213 28 Car -1.000000 -1 -1 509.08102254111037 183.02783319869866 553.2610356337749 213.53495873224276 -1 -1 -1 -1 -1 -1 -1 -1 1 
214 33 Car -1.000000 -1 -1 181.17068394101585 189.44643056378345 282.6848578017492 232.16619437488802 -1 -1 -1 -1 -1 -1 -1 -1 1 
214 29 Car -1.000000 -1 -1 566.95859686973 181.96625181008127 624.0462689325212 230.90829323225006 -1 -1 -1 -1 -1 -1 -1 -1 1 
214 28 Car -1.000000 -1 -1 509.1962731887515 183.3654371305154 553.5240295959206 213.92511676710387 -1 -1 -1 -1 -1 -1 -1 -1 1 
215 33 Car -1.000000 -1 -1 138.77302468911958 189.3283140200835 252.65646120160815 239.58586156368256 -1 -1 -1 -1 -1 -1 -1 -1 1 
215 32 Car -1.000000 -1 -1 433.5025469775384 176.2208386969108 454.1499410432119 191.4308894998752 -1 -1 -1 -1 -1 -1 -1 -1 1 
215 29 Car -1.000000 -1 -1 566.8507893366309 181.4967345070237 623.5358349216672 231.41935382647293 -1 -1 -1 -1 -1 -1 -1 -1 1 
215 28 Car -1.000000 -1 -1 508.9541005859008 181.98526500222775 553.8108722750957 214.17417341413406 -1 -1 -1 -1 -1 -1 -1 -1 1 
216 33 Car -1.000000 -1 -1 78.4181424568479 192.5043464065171 219.01386463928682 249.1783106771226 -1 -1 -1 -1 -1 -1 -1 -1 1 
216 32 Car -1.000000 -1 -1 428.47240133526236 176.08847684012008 450.6874748416818 192.71220653676068 -1 -1 -1 -1 -1 -1 -1 -1 1 
216 29 Car -1.000000 -1 -1 566.618813512417 181.8554519693582 623.9093171197635 230.9231413438773 -1 -1 -1 -1 -1 -1 -1 -1 1 
216 28 Car -1.000000 -1 -1 509.35217321434845 182.2019101192172 553.0162143598382 213.89141872238656 -1 -1 -1 -1 -1 -1 -1 -1 1 
217 36 Car -1.000000 -1 -1 382.4586671951872 172.92915227321478 418.05630903117935 198.63939973024222 -1 -1 -1 -1 -1 -1 -1 -1 1 
217 33 Car -1.000000 -1 -1 -1.6693610766759264 193.78426022684346 171.22231022096597 261.0154572086266 -1 -1 -1 -1 -1 -1 -1 -1 1 
217 32 Car -1.000000 -1 -1 422.67372608872563 175.3910335067373 447.04904106947095 191.4961993551025 -1 -1 -1 -1 -1 -1 -1 -1 1 
217 29 Car -1.000000 -1 -1 565.9094134792686 181.1589228813178 624.159697684531 230.19931868363457 -1 -1 -1 -1 -1 -1 -1 -1 1 
217 28 Car -1.000000 -1 -1 510.07096994381686 180.69941378556763 553.0789620968012 213.4794913805448 -1 -1 -1 -1 -1 -1 -1 -1 1 
218 36 Car -1.000000 -1 -1 378.3149095464211 172.71104096793212 412.02896185907036 198.492389315596 -1 -1 -1 -1 -1 -1 -1 -1 1 
218 33 Car -1.000000 -1 -1 -0.5053583996800199 197.9937740207578 116.26352160194746 270.26761045607805 -1 -1 -1 -1 -1 -1 -1 -1 1 
218 29 Car -1.000000 -1 -1 566.1329774059928 180.9891186332187 624.6255370716636 229.74407839445544 -1 -1 -1 -1 -1 -1 -1 -1 1 
218 28 Car -1.000000 -1 -1 510.2886507029717 180.69871636823964 553.7619960720723 213.11909941813119 -1 -1 -1 -1 -1 -1 -1 -1 1 
219 36 Car -1.000000 -1 -1 371.30452386748334 172.61083166186626 406.82565676420927 197.729860074245 -1 -1 -1 -1 -1 -1 -1 -1 1 
219 29 Car -1.000000 -1 -1 564.9459862428216 179.55937563405874 624.656329563604 228.89562441000285 -1 -1 -1 -1 -1 -1 -1 -1 1 
219 28 Car -1.000000 -1 -1 511.4561713575744 176.66513265038913 553.7568967929827 209.89252232874816 -1 -1 -1 -1 -1 -1 -1 -1 1 
220 36 Car -1.000000 -1 -1 354.3870809079649 171.81705124676228 396.83101413785835 200.0018944247411 -1 -1 -1 -1 -1 -1 -1 -1 1 
220 31 Car -1.000000 -1 -1 404.31618398542594 174.46497397927135 429.86652662089244 191.3419042069178 -1 -1 -1 -1 -1 -1 -1 -1 1 
220 29 Car -1.000000 -1 -1 563.9197760344698 178.72221521639196 626.384120851182 228.08673679649547 -1 -1 -1 -1 -1 -1 -1 -1 1 
220 28 Car -1.000000 -1 -1 511.2906014758807 176.36953494869746 554.2757870119351 209.02961120009422 -1 -1 -1 -1 -1 -1 -1 -1 1 
221 36 Car -1.000000 -1 -1 345.1593476124108 174.07775605813816 387.0597877362027 204.2308235540986 -1 -1 -1 -1 -1 -1 -1 -1 1 
221 31 Car -1.000000 -1 -1 398.72877282362725 175.4914729927595 426.1122079720865 193.2067207705516 -1 -1 -1 -1 -1 -1 -1 -1 1 
221 29 Car -1.000000 -1 -1 564.2145252210589 178.78198691715417 625.0446349949791 228.2598616483693 -1 -1 -1 -1 -1 -1 -1 -1 1 
221 28 Car -1.000000 -1 -1 510.9899778414804 176.54204827088577 554.0260721740241 209.1221603063437 -1 -1 -1 -1 -1 -1 -1 -1 1 
222 36 Car -1.000000 -1 -1 327.20636305743113 173.1888403972754 376.7516582303036 207.09740800353197 -1 -1 -1 -1 -1 -1 -1 -1 1 
222 31 Car -1.000000 -1 -1 384.47311644542674 175.32847463511501 417.79237725012575 195.26704844947042 -1 -1 -1 -1 -1 -1 -1 -1 1 
222 29 Car -1.000000 -1 -1 564.0011164316765 178.6404088891756 623.6151530467547 228.40633900621188 -1 -1 -1 -1 -1 -1 -1 -1 1 
222 28 Car -1.000000 -1 -1 510.7858108392415 176.74558903448855 554.2882138242802 209.20610420692424 -1 -1 -1 -1 -1 -1 -1 -1 1 
223 36 Car -1.000000 -1 -1 315.5187044295554 174.03984943834638 364.89437841423427 208.87093575528039 -1 -1 -1 -1 -1 -1 -1 -1 1 
223 31 Car -1.000000 -1 -1 380.65127163208444 175.87161508317178 412.8022891099636 196.02070963726595 -1 -1 -1 -1 -1 -1 -1 -1 1 
223 29 Car -1.000000 -1 -1 564.8372209599385 176.01745466415124 622.4315138298731 224.96516596024424 -1 -1 -1 -1 -1 -1 -1 -1 1 
223 28 Car -1.000000 -1 -1 511.0485610930392 175.89172477332443 553.4759166386838 209.4275981474381 -1 -1 -1 -1 -1 -1 -1 -1 1 
224 36 Car -1.000000 -1 -1 295.8200067253067 173.50633829258956 351.5380531761509 211.75295472718204 -1 -1 -1 -1 -1 -1 -1 -1 1 
224 31 Car -1.000000 -1 -1 372.14526766309376 175.14289285127933 406.02597057360873 197.23464433963483 -1 -1 -1 -1 -1 -1 -1 -1 1 
224 29 Car -1.000000 -1 -1 563.8427972959785 178.75786054915247 622.7412634921762 228.2781565758901 -1 -1 -1 -1 -1 -1 -1 -1 1 
224 28 Car -1.000000 -1 -1 510.09745131604944 175.72122912567394 553.0609257215491 209.10848748798554 -1 -1 -1 -1 -1 -1 -1 -1 1 
225 36 Car -1.000000 -1 -1 272.03975439128965 175.4303755543123 335.4620283698806 217.03696217781933 -1 -1 -1 -1 -1 -1 -1 -1 1 
225 31 Car -1.000000 -1 -1 362.7295455422539 176.9435957002525 393.58067767952497 201.6502207216735 -1 -1 -1 -1 -1 -1 -1 -1 1 
225 29 Car -1.000000 -1 -1 563.7302376725352 174.79946540417865 620.600349985063 225.65135570207178 -1 -1 -1 -1 -1 -1 -1 -1 1 
225 28 Car -1.000000 -1 -1 509.73166136844793 181.57189715510376 552.1293330771418 211.06572151900482 -1 -1 -1 -1 -1 -1 -1 -1 1 
226 38 Car -1.000000 -1 -1 832.540080393736 178.08362984886534 868.9778022559789 193.7456311514744 -1 -1 -1 -1 -1 -1 -1 -1 1 
226 36 Car -1.000000 -1 -1 239.68291751696512 177.6076485402882 318.02784923865244 220.84645364576807 -1 -1 -1 -1 -1 -1 -1 -1 1 
226 31 Car -1.000000 -1 -1 350.91637960649456 180.0645529650725 389.405249156631 203.532618112289 -1 -1 -1 -1 -1 -1 -1 -1 1 
226 29 Car -1.000000 -1 -1 562.6746102027022 179.79098988983492 620.2128026388012 229.38653364634283 -1 -1 -1 -1 -1 -1 -1 -1 1 
226 28 Car -1.000000 -1 -1 508.6615437956957 180.53270396418299 552.1933855746802 212.94862225365182 -1 -1 -1 -1 -1 -1 -1 -1 1 
227 38 Car -1.000000 -1 -1 830.2261910828261 181.35864079858248 873.8061936887411 198.69626105691378 -1 -1 -1 -1 -1 -1 -1 -1 1 
227 36 Car -1.000000 -1 -1 207.60906918862693 178.63342660264325 299.0943400475842 229.10562007186502 -1 -1 -1 -1 -1 -1 -1 -1 1 
227 31 Car -1.000000 -1 -1 335.61886559154556 183.17413942601817 375.2161707137353 208.47941007321842 -1 -1 -1 -1 -1 -1 -1 -1 1 
227 29 Car -1.000000 -1 -1 562.9760262673864 182.34178602982027 618.516487187491 231.5697672132116 -1 -1 -1 -1 -1 -1 -1 -1 1 
227 28 Car -1.000000 -1 -1 508.5436056829416 182.2369952614491 551.027852135209 214.43961990567357 -1 -1 -1 -1 -1 -1 -1 -1 1 
228 38 Car -1.000000 -1 -1 831.6123023766737 182.62436900001308 872.0430357731304 198.83709314924022 -1 -1 -1 -1 -1 -1 -1 -1 1 
228 36 Car -1.000000 -1 -1 175.8677433282137 180.9832568352039 273.527099232261 232.66942455218387 -1 -1 -1 -1 -1 -1 -1 -1 1 
228 31 Car -1.000000 -1 -1 324.42175850186214 182.59494862734124 367.42593495977616 210.02250168329246 -1 -1 -1 -1 -1 -1 -1 -1 1 
228 29 Car -1.000000 -1 -1 561.5477611703368 181.83913656796972 617.3927032391612 231.3476777814615 -1 -1 -1 -1 -1 -1 -1 -1 1 
228 28 Car -1.000000 -1 -1 508.975214413009 182.091798991538 548.7126809308448 214.86760267558006 -1 -1 -1 -1 -1 -1 -1 -1 1 
229 38 Car -1.000000 -1 -1 834.0490071704755 182.18453873235444 873.8434274127851 200.2862223352377 -1 -1 -1 -1 -1 -1 -1 -1 1 
229 36 Car -1.000000 -1 -1 140.9974649393788 180.26202112042273 247.42807274311784 239.57702233635175 -1 -1 -1 -1 -1 -1 -1 -1 1 
229 31 Car -1.000000 -1 -1 309.21698614611074 182.65837309165644 353.40319916491325 211.1379897508484 -1 -1 -1 -1 -1 -1 -1 -1 1 
229 29 Car -1.000000 -1 -1 560.8607232243969 180.97029075635453 615.5983527904519 231.10699516613607 -1 -1 -1 -1 -1 -1 -1 -1 1 
229 28 Car -1.000000 -1 -1 508.1916720541911 181.117269067237 548.9947154640865 214.92860014908587 -1 -1 -1 -1 -1 -1 -1 -1 1 
230 38 Car -1.000000 -1 -1 835.8064071983099 181.90355627582622 872.5928866507916 200.64642538244905 -1 -1 -1 -1 -1 -1 -1 -1 1 
230 36 Car -1.000000 -1 -1 82.47613825706335 179.5752383589458 213.39119326609833 246.62686112480094 -1 -1 -1 -1 -1 -1 -1 -1 1 
230 31 Car -1.000000 -1 -1 293.4242081864236 182.75369413626882 343.5267339997854 213.58305162105424 -1 -1 -1 -1 -1 -1 -1 -1 1 
230 29 Car -1.000000 -1 -1 559.2168608565743 181.12590205139267 614.6385479907576 231.05987320797377 -1 -1 -1 -1 -1 -1 -1 -1 1 
230 28 Car -1.000000 -1 -1 501.9498158905369 182.18007472415383 542.73081094657 213.79978120183716 -1 -1 -1 -1 -1 -1 -1 -1 1 
231 36 Car -1.000000 -1 -1 8.925155278581826 180.16091680440766 169.18483084325607 257.4609785627287 -1 -1 -1 -1 -1 -1 -1 -1 1 
231 31 Car -1.000000 -1 -1 271.4609163675744 182.23847971799282 328.69074077818254 215.56715631427673 -1 -1 -1 -1 -1 -1 -1 -1 1 
231 29 Car -1.000000 -1 -1 557.8382990939112 181.70789597878377 612.7970887806553 230.2069538183367 -1 -1 -1 -1 -1 -1 -1 -1 1 
231 28 Car -1.000000 -1 -1 501.26983650000057 181.1003086085503 541.6657680952205 213.92436110629487 -1 -1 -1 -1 -1 -1 -1 -1 1 
232 36 Car -1.000000 -1 -1 -1.5514229639218513 176.426066372257 119.35574971139431 264.3269955252225 -1 -1 -1 -1 -1 -1 -1 -1 1 
232 31 Car -1.000000 -1 -1 248.36095947084516 182.0164934078303 308.9014764605806 215.2626292932277 -1 -1 -1 -1 -1 -1 -1 -1 1 
232 29 Car -1.000000 -1 -1 556.2787272488841 179.5508342060762 610.8163120339696 228.71121614634131 -1 -1 -1 -1 -1 -1 -1 -1 1 
232 28 Car -1.000000 -1 -1 500.93381963340704 182.00549784188087 539.3449564528865 211.23687063272183 -1 -1 -1 -1 -1 -1 -1 -1 1 
233 36 Car -1.000000 -1 -1 -1.6234506592154503 180.8385861536058 54.556441173530544 265.2333417835717 -1 -1 -1 -1 -1 -1 -1 -1 1 
233 31 Car -1.000000 -1 -1 224.65940776066137 181.80239578494084 291.75603272995124 218.6926748925963 -1 -1 -1 -1 -1 -1 -1 -1 1 
233 29 Car -1.000000 -1 -1 555.6556834314878 180.01285980706317 610.0199315215532 227.4301685661507 -1 -1 -1 -1 -1 -1 -1 -1 1 
233 28 Car -1.000000 -1 -1 499.72669953093504 181.80931327291407 537.9607665310972 211.1795058545585 -1 -1 -1 -1 -1 -1 -1 -1 1 
234 31 Car -1.000000 -1 -1 191.25425181967708 186.0008037720735 270.32078482984355 225.63416353211952 -1 -1 -1 -1 -1 -1 -1 -1 1 
234 29 Car -1.000000 -1 -1 553.7765844057386 180.9669904357109 608.2108603412142 228.72088096426944 -1 -1 -1 -1 -1 -1 -1 -1 1 
234 28 Car -1.000000 -1 -1 495.9277012852522 183.81068361206695 537.94108576958 211.94382549191894 -1 -1 -1 -1 -1 -1 -1 -1 1 
235 31 Car -1.000000 -1 -1 160.44341297390366 189.16928371450362 244.62098962928238 231.38581498418577 -1 -1 -1 -1 -1 -1 -1 -1 1 
235 29 Car -1.000000 -1 -1 553.1775911054932 181.528288557624 605.2768538485352 230.0079390675259 -1 -1 -1 -1 -1 -1 -1 -1 1 
235 28 Car -1.000000 -1 -1 494.93979466190706 182.80623803058495 535.8441540117448 213.69178886883532 -1 -1 -1 -1 -1 -1 -1 -1 1 
236 31 Car -1.000000 -1 -1 117.1988804701429 189.44086406666497 212.04371406080628 235.84430507169319 -1 -1 -1 -1 -1 -1 -1 -1 1 
236 28 Car -1.000000 -1 -1 494.0494297467745 183.60324332920405 532.6827155787211 214.02517433923023 -1 -1 -1 -1 -1 -1 -1 -1 1 
237 31 Car -1.000000 -1 -1 62.47484910029631 188.87300229667187 178.7429822087288 241.27053971796371 -1 -1 -1 -1 -1 -1 -1 -1 1 
237 28 Car -1.000000 -1 -1 493.6877484069421 184.10248667574845 530.6115074639138 213.87571168060487 -1 -1 -1 -1 -1 -1 -1 -1 1 
238 31 Car -1.000000 -1 -1 -1.3684354539100951 192.00157546080075 132.37409337896565 250.0923889187666 -1 -1 -1 -1 -1 -1 -1 -1 1 
238 28 Car -1.000000 -1 -1 491.91812292199864 184.00572813474216 528.8057458767523 213.93435276471652 -1 -1 -1 -1 -1 -1 -1 -1 1 
239 41 Car -1.000000 -1 -1 733.66957559193 185.6683134459532 786.7952651136485 207.21928710834337 -1 -1 -1 -1 -1 -1 -1 -1 1 
239 31 Car -1.000000 -1 -1 -2.865711209865708 191.16106147591313 84.19440329762605 257.6097137688731 -1 -1 -1 -1 -1 -1 -1 -1 1 
239 29 Car -1.000000 -1 -1 542.7394963597449 183.92158854896059 594.4442590839014 230.62724552045648 -1 -1 -1 -1 -1 -1 -1 -1 1 
239 28 Car -1.000000 -1 -1 491.5089669468311 184.3365291849925 528.0374967283927 213.87755397993783 -1 -1 -1 -1 -1 -1 -1 -1 1 
240 38 Car -1.000000 -1 -1 849.7210530466758 187.85162406185498 900.0871132692465 206.74080938960498 -1 -1 -1 -1 -1 -1 -1 -1 1 
240 29 Car -1.000000 -1 -1 541.7356267061372 183.68610615233104 592.9320036728795 230.14839375928904 -1 -1 -1 -1 -1 -1 -1 -1 1 
240 28 Car -1.000000 -1 -1 491.2919912424225 184.24358720389696 526.1753118983828 213.11426263016003 -1 -1 -1 -1 -1 -1 -1 -1 1 
241 38 Car -1.000000 -1 -1 855.2796206715016 186.57518206880644 918.7024733573198 207.6751467986749 -1 -1 -1 -1 -1 -1 -1 -1 1 
241 29 Car -1.000000 -1 -1 541.370525619445 184.257819944133 591.8661020143101 229.522619700919 -1 -1 -1 -1 -1 -1 -1 -1 1 
241 28 Car -1.000000 -1 -1 490.64901548108236 183.38220201146143 526.1557810633229 211.7042762872118 -1 -1 -1 -1 -1 -1 -1 -1 1 
242 38 Car -1.000000 -1 -1 858.905699435908 184.98501940988578 919.4018951396529 208.35689641535282 -1 -1 -1 -1 -1 -1 -1 -1 1 
242 29 Car -1.000000 -1 -1 541.9340341300345 182.24634454907994 592.0724947793552 227.51218801400123 -1 -1 -1 -1 -1 -1 -1 -1 1 
242 28 Car -1.000000 -1 -1 491.22023368168334 182.8984931254616 526.0667220783921 210.48125431228144 -1 -1 -1 -1 -1 -1 -1 -1 1 
243 41 Car -1.000000 -1 -1 753.7653613927273 181.72217661944723 809.3587523137148 205.08104749023917 -1 -1 -1 -1 -1 -1 -1 -1 1 
243 38 Car -1.000000 -1 -1 862.9806407518112 184.40096162689417 925.8918265597179 208.83362199394747 -1 -1 -1 -1 -1 -1 -1 -1 1 
243 29 Car -1.000000 -1 -1 541.6275235910255 181.6786425725485 592.5599492017466 226.20006423228634 -1 -1 -1 -1 -1 -1 -1 -1 1 
243 28 Car -1.000000 -1 -1 492.37323629454926 183.0461870950575 526.2800066557069 209.57194816750973 -1 -1 -1 -1 -1 -1 -1 -1 1 
244 41 Car -1.000000 -1 -1 761.3992948555028 184.08360385980745 825.8326287292516 208.8136825209054 -1 -1 -1 -1 -1 -1 -1 -1 1 
244 38 Car -1.000000 -1 -1 884.2823512473933 185.93873062099402 938.5737911348161 209.81087442487478 -1 -1 -1 -1 -1 -1 -1 -1 1 
244 29 Car -1.000000 -1 -1 543.6478310952393 181.9723974644708 593.6644557218713 227.01166357952528 -1 -1 -1 -1 -1 -1 -1 -1 1 
244 28 Car -1.000000 -1 -1 494.317455276417 183.449280125877 527.7090600011153 209.79776888942487 -1 -1 -1 -1 -1 -1 -1 -1 1 
245 41 Car -1.000000 -1 -1 767.7748235799373 186.10097374767068 830.3731668806421 212.35752399437706 -1 -1 -1 -1 -1 -1 -1 -1 1 
245 38 Car -1.000000 -1 -1 879.8846886498995 188.13108455819582 945.522533282924 213.09672951555027 -1 -1 -1 -1 -1 -1 -1 -1 1 
245 29 Car -1.000000 -1 -1 545.5826068457502 184.0542086597102 593.8037325069308 229.2585740886772 -1 -1 -1 -1 -1 -1 -1 -1 1 
245 28 Car -1.000000 -1 -1 495.3132683181992 184.3046472192957 528.7869862954204 211.0140622378542 -1 -1 -1 -1 -1 -1 -1 -1 1 
246 41 Car -1.000000 -1 -1 775.1062198662414 189.62707417085767 836.2332032446105 216.53460428261985 -1 -1 -1 -1 -1 -1 -1 -1 1 
246 38 Car -1.000000 -1 -1 886.9730663388393 191.29682332277295 957.6175406715616 217.34616518593748 -1 -1 -1 -1 -1 -1 -1 -1 1 
246 28 Car -1.000000 -1 -1 496.41162011256586 187.10471245531852 530.2810990925019 213.36204974124064 -1 -1 -1 -1 -1 -1 -1 -1 1 
247 41 Car -1.000000 -1 -1 784.3376111004214 190.37976262804406 849.2913380167804 218.07695892997657 -1 -1 -1 -1 -1 -1 -1 -1 1 
247 38 Car -1.000000 -1 -1 898.0157134977098 191.71296396794224 954.1332540755662 218.70923135429618 -1 -1 -1 -1 -1 -1 -1 -1 1 
247 28 Car -1.000000 -1 -1 497.8539005305904 191.30774161133627 530.8852626755834 215.40867784418737 -1 -1 -1 -1 -1 -1 -1 -1 1 
248 41 Car -1.000000 -1 -1 789.0303198901506 190.88993758822863 857.1120931918804 219.5605726626057 -1 -1 -1 -1 -1 -1 -1 -1 1 
248 38 Car -1.000000 -1 -1 904.3087518845614 192.17910223568862 978.5934765464986 221.18256205263046 -1 -1 -1 -1 -1 -1 -1 -1 1 
248 28 Car -1.000000 -1 -1 497.48568328699236 186.59961639115446 531.0710127474023 213.99760776414323 -1 -1 -1 -1 -1 -1 -1 -1 1 
249 41 Car -1.000000 -1 -1 798.0080040607314 191.61036055391799 869.8535048084763 221.1266361678449 -1 -1 -1 -1 -1 -1 -1 -1 1 
249 38 Car -1.000000 -1 -1 910.7643310158297 192.9461052372622 989.2433028628045 223.90425759546747 -1 -1 -1 -1 -1 -1 -1 -1 1 
249 29 Car -1.000000 -1 -1 553.9617564821473 187.74297326588288 598.8929828067239 229.7341401438014 -1 -1 -1 -1 -1 -1 -1 -1 1 
249 28 Car -1.000000 -1 -1 498.12692933300366 187.39799782633781 531.694312463013 213.51967895260225 -1 -1 -1 -1 -1 -1 -1 -1 1 
250 41 Car -1.000000 -1 -1 804.3070777660378 190.59070917920997 880.2738879454822 220.80984767168187 -1 -1 -1 -1 -1 -1 -1 -1 1 
250 38 Car -1.000000 -1 -1 925.3689870020517 191.48306953362547 1004.358705347547 223.92243716435937 -1 -1 -1 -1 -1 -1 -1 -1 1 
250 29 Car -1.000000 -1 -1 554.4987038969994 186.20568709089778 599.3436878965451 227.98330886647676 -1 -1 -1 -1 -1 -1 -1 -1 1 
250 28 Car -1.000000 -1 -1 499.5456720980314 185.43096201924175 532.5741207760113 212.03497653970348 -1 -1 -1 -1 -1 -1 -1 -1 1 
251 41 Car -1.000000 -1 -1 813.4581278161362 187.75884284136387 890.5567434097713 219.96888998322763 -1 -1 -1 -1 -1 -1 -1 -1 1 
251 38 Car -1.000000 -1 -1 934.8434023501782 189.64961355175967 1015.5688964346281 221.6762308828318 -1 -1 -1 -1 -1 -1 -1 -1 1 
251 28 Car -1.000000 -1 -1 499.91453246829604 184.18409997740616 533.7002697363496 208.51246647250193 -1 -1 -1 -1 -1 -1 -1 -1 1 
252 41 Car -1.000000 -1 -1 826.6331093076329 188.10791900614277 905.5982721018103 219.55153870378405 -1 -1 -1 -1 -1 -1 -1 -1 1 
252 38 Car -1.000000 -1 -1 945.1602089943794 189.02455523269828 1026.7939189408835 222.41743487001472 -1 -1 -1 -1 -1 -1 -1 -1 1 
252 28 Car -1.000000 -1 -1 500.14030765455504 181.21440694309194 534.1460369515878 205.63259649162106 -1 -1 -1 -1 -1 -1 -1 -1 1 
253 41 Car -1.000000 -1 -1 835.7472658822169 189.56836487632245 917.7666767216645 224.65435470132013 -1 -1 -1 -1 -1 -1 -1 -1 1 
253 38 Car -1.000000 -1 -1 953.8927811137758 191.48186546786184 1045.1287238294115 227.20639512408522 -1 -1 -1 -1 -1 -1 -1 -1 1 
253 28 Car -1.000000 -1 -1 502.9225787849954 184.0477099713798 535.6951153682402 208.84553633200437 -1 -1 -1 -1 -1 -1 -1 -1 1 
254 41 Car -1.000000 -1 -1 845.6266018943146 194.09391921586717 930.8876145745701 228.89438837480088 -1 -1 -1 -1 -1 -1 -1 -1 1 
254 38 Car -1.000000 -1 -1 974.2581027419523 196.27864505701626 1063.617483703563 230.91864509758753 -1 -1 -1 -1 -1 -1 -1 -1 1 
254 29 Car -1.000000 -1 -1 554.5970855492812 186.2265393854334 601.6975500033452 224.09952324456896 -1 -1 -1 -1 -1 -1 -1 -1 1 
254 28 Car -1.000000 -1 -1 502.85348003873463 186.30975513504103 536.5495134156484 211.85557630199654 -1 -1 -1 -1 -1 -1 -1 -1 1 
255 41 Car -1.000000 -1 -1 855.1762078966085 195.62089148586472 943.8451954069045 230.88294963459842 -1 -1 -1 -1 -1 -1 -1 -1 1 
255 38 Car -1.000000 -1 -1 986.7297887429595 198.89813019500042 1081.3274652321752 236.5272055612877 -1 -1 -1 -1 -1 -1 -1 -1 1 
255 29 Car -1.000000 -1 -1 554.441583073483 186.40010904234188 602.0958639377584 224.20469313286816 -1 -1 -1 -1 -1 -1 -1 -1 1 
255 28 Car -1.000000 -1 -1 504.2806795457235 187.5162939899243 536.5450766602388 211.70565500282325 -1 -1 -1 -1 -1 -1 -1 -1 1 
256 41 Car -1.000000 -1 -1 870.6626446407575 195.71764156437263 962.4698482660148 232.19198484618502 -1 -1 -1 -1 -1 -1 -1 -1 1 
256 38 Car -1.000000 -1 -1 1006.8725823161121 199.16072385743834 1103.1486111985378 238.2584652827623 -1 -1 -1 -1 -1 -1 -1 -1 1 
256 29 Car -1.000000 -1 -1 554.9508763975822 185.43740963706603 601.8982247423667 223.49749820736739 -1 -1 -1 -1 -1 -1 -1 -1 1 
256 28 Car -1.000000 -1 -1 504.9940653982071 185.64755748957393 536.9989539625553 210.45043770796974 -1 -1 -1 -1 -1 -1 -1 -1 1 
257 41 Car -1.000000 -1 -1 881.9990266469808 195.10291842743752 979.4207709156549 234.4408180349721 -1 -1 -1 -1 -1 -1 -1 -1 1 
257 38 Car -1.000000 -1 -1 1016.1599205875625 198.71582318312272 1121.8034694785108 240.31821482528287 -1 -1 -1 -1 -1 -1 -1 -1 1 
257 29 Car -1.000000 -1 -1 555.3519568087962 186.2908954230639 602.1181377596579 222.29965804861143 -1 -1 -1 -1 -1 -1 -1 -1 1 
257 28 Car -1.000000 -1 -1 505.91761273088366 184.12101669953418 537.2537997554128 209.80364600053198 -1 -1 -1 -1 -1 -1 -1 -1 1 
258 41 Car -1.000000 -1 -1 894.291779647653 194.46400941636128 998.5398390556759 234.85155702711873 -1 -1 -1 -1 -1 -1 -1 -1 1 
258 38 Car -1.000000 -1 -1 1035.5071734144137 197.1550199400204 1136.636069201506 240.6342929820172 -1 -1 -1 -1 -1 -1 -1 -1 1 
258 29 Car -1.000000 -1 -1 555.4827538957962 184.94144963243832 602.3684304150252 221.80455084890127 -1 -1 -1 -1 -1 -1 -1 -1 1 
258 28 Car -1.000000 -1 -1 505.13322446652904 183.76574736948197 538.076119324479 208.68578574691827 -1 -1 -1 -1 -1 -1 -1 -1 1 
259 41 Car -1.000000 -1 -1 914.7684255408552 193.15725564061162 1020.9453930138395 235.51191906265626 -1 -1 -1 -1 -1 -1 -1 -1 1 
259 38 Car -1.000000 -1 -1 1056.159727441577 195.5433005305867 1170.2674204787384 242.34448298991015 -1 -1 -1 -1 -1 -1 -1 -1 1 
259 29 Car -1.000000 -1 -1 557.4838067499492 181.76289117680145 600.8173099733317 218.2377460770882 -1 -1 -1 -1 -1 -1 -1 -1 1 
259 28 Car -1.000000 -1 -1 505.5396161893239 181.00066282428224 537.8745942310645 205.55504153554253 -1 -1 -1 -1 -1 -1 -1 -1 1 
260 41 Car -1.000000 -1 -1 931.0687364122042 191.5514232017673 1044.3096683862118 237.56258812947917 -1 -1 -1 -1 -1 -1 -1 -1 1 
260 38 Car -1.000000 -1 -1 1076.370514309177 194.01570660277056 1192.5221158552629 242.58661105369148 -1 -1 -1 -1 -1 -1 -1 -1 1 
260 29 Car -1.000000 -1 -1 557.1647874506621 180.95185736624092 602.4596341046004 217.296411928076 -1 -1 -1 -1 -1 -1 -1 -1 1 
260 28 Car -1.000000 -1 -1 506.7866234916907 179.40035677300048 537.5155757986582 204.76675363114245 -1 -1 -1 -1 -1 -1 -1 -1 1 
261 41 Car -1.000000 -1 -1 949.4730719419626 190.92112501116043 1069.8252337781282 239.32050160454733 -1 -1 -1 -1 -1 -1 -1 -1 1 
261 38 Car -1.000000 -1 -1 1100.9079267502977 194.6000108728185 1229.3215023296384 243.9110655821143 -1 -1 -1 -1 -1 -1 -1 -1 1 
261 29 Car -1.000000 -1 -1 557.4212252222574 180.7226170427524 602.289566785097 216.22153987678197 -1 -1 -1 -1 -1 -1 -1 -1 1 
261 28 Car -1.000000 -1 -1 508.1637249617622 178.67440271836062 537.3071838955466 204.29828132574377 -1 -1 -1 -1 -1 -1 -1 -1 1 
262 41 Car -1.000000 -1 -1 969.2068360654207 194.76663126037096 1098.7288680374622 245.18565455666527 -1 -1 -1 -1 -1 -1 -1 -1 1 
262 38 Car -1.000000 -1 -1 1128.6359704856116 197.01206252480355 1241.5456345691703 247.61073579653524 -1 -1 -1 -1 -1 -1 -1 -1 1 
262 29 Car -1.000000 -1 -1 557.5629864266285 180.57038061893905 602.6185686061015 216.53590122094522 -1 -1 -1 -1 -1 -1 -1 -1 1 
262 28 Car -1.000000 -1 -1 513.1182647826007 179.77357068314004 543.2413277061513 204.7242750055515 -1 -1 -1 -1 -1 -1 -1 -1 1 
263 41 Car -1.000000 -1 -1 993.8784648065384 197.22697376989973 1130.3674384859892 250.37139759828835 -1 -1 -1 -1 -1 -1 -1 -1 1 
263 38 Car -1.000000 -1 -1 1161.3616337409387 199.8572501246459 1244.243852211879 250.88499516893464 -1 -1 -1 -1 -1 -1 -1 -1 1 
263 29 Car -1.000000 -1 -1 559.0133982862418 181.59740919677114 602.0378803920288 217.48788984349144 -1 -1 -1 -1 -1 -1 -1 -1 1 
263 28 Car -1.000000 -1 -1 513.5327547585161 180.07687436273463 543.2523797329228 205.60246548400474 -1 -1 -1 -1 -1 -1 -1 -1 1 
264 41 Car -1.000000 -1 -1 1018.9654330771702 197.2867408498692 1162.1370459038476 256.44761176170925 -1 -1 -1 -1 -1 -1 -1 -1 1 
264 38 Car -1.000000 -1 -1 1193.1092013467392 198.16996049709044 1243.7309572716747 254.85093655207982 -1 -1 -1 -1 -1 -1 -1 -1 1 
264 29 Car -1.000000 -1 -1 558.9816192159286 182.06178210675716 602.183484696425 218.73593201430944 -1 -1 -1 -1 -1 -1 -1 -1 1 
264 28 Car -1.000000 -1 -1 515.2072343333409 184.7571928340655 542.1531426161528 207.12960912631107 -1 -1 -1 -1 -1 -1 -1 -1 1 
265 41 Car -1.000000 -1 -1 1048.5095723810105 201.53890657596864 1207.67641237722 262.9592331269613 -1 -1 -1 -1 -1 -1 -1 -1 1 
265 29 Car -1.000000 -1 -1 559.0089757671723 186.35604075657633 603.3802142280798 220.6310062812498 -1 -1 -1 -1 -1 -1 -1 -1 1 
265 28 Car -1.000000 -1 -1 514.6650376239648 184.29521274251434 543.7243341620152 208.12343838266455 -1 -1 -1 -1 -1 -1 -1 -1 1 
266 41 Car -1.000000 -1 -1 1086.2966748897272 201.49658027534875 1243.1050391372005 270.57933053359966 -1 -1 -1 -1 -1 -1 -1 -1 1 
266 29 Car -1.000000 -1 -1 560.5550017345411 181.50942371441766 602.6310574355034 219.62308769042673 -1 -1 -1 -1 -1 -1 -1 -1 1 
266 28 Car -1.000000 -1 -1 515.2499476247109 184.82583051977252 545.2745384952196 209.43041124309488 -1 -1 -1 -1 -1 -1 -1 -1 1 
267 41 Car -1.000000 -1 -1 1124.0543683228586 203.16673691671053 1240.7087148324804 270.1504340287871 -1 -1 -1 -1 -1 -1 -1 -1 1 
267 29 Car -1.000000 -1 -1 561.1561781775494 186.00252034285893 603.405589792591 221.8694147438957 -1 -1 -1 -1 -1 -1 -1 -1 1 
267 28 Car -1.000000 -1 -1 516.0002191227217 185.77417752777154 545.3257871843302 210.32079846526568 -1 -1 -1 -1 -1 -1 -1 -1 1 
268 41 Car -1.000000 -1 -1 1173.0575274687546 194.37918423388442 1242.6033076231295 281.02543994855995 -1 -1 -1 -1 -1 -1 -1 -1 1 
268 29 Car -1.000000 -1 -1 562.6935833291366 186.59224762366367 605.2843510611699 221.53720832788025 -1 -1 -1 -1 -1 -1 -1 -1 1 
268 28 Car -1.000000 -1 -1 516.1517097978638 185.94012330644404 546.1153207289485 210.2279196708248 -1 -1 -1 -1 -1 -1 -1 -1 1 
269 29 Car -1.000000 -1 -1 562.5477427014938 181.66514099217378 604.9517695124333 217.41634965516053 -1 -1 -1 -1 -1 -1 -1 -1 1 
269 28 Car -1.000000 -1 -1 518.3081765065972 184.35853597922969 547.3325028986884 208.04811032632225 -1 -1 -1 -1 -1 -1 -1 -1 1 
270 29 Car -1.000000 -1 -1 563.14536077128 181.43628064829568 606.2022077727776 217.82337573285284 -1 -1 -1 -1 -1 -1 -1 -1 1 
270 28 Car -1.000000 -1 -1 519.2919674040033 184.09617349075583 549.0787437712917 208.29068743981995 -1 -1 -1 -1 -1 -1 -1 -1 1 
271 28 Car -1.000000 -1 -1 520.2574699429365 186.57087162137034 549.1755256148484 210.91801014084086 -1 -1 -1 -1 -1 -1 -1 -1 1 
272 28 Car -1.000000 -1 -1 521.5013146423377 192.20509215329702 549.7505427828202 215.7482368011887 -1 -1 -1 -1 -1 -1 -1 -1 1 
273 28 Car -1.000000 -1 -1 522.1184429044906 191.5036102470297 550.2011443032668 216.53840526078756 -1 -1 -1 -1 -1 -1 -1 -1 1 
274 28 Car -1.000000 -1 -1 522.9551677812751 193.1344853140987 549.5469549326943 215.32059038201206 -1 -1 -1 -1 -1 -1 -1 -1 1 
275 28 Car -1.000000 -1 -1 522.6671780089919 189.09325063801728 549.400900048132 211.31547440129975 -1 -1 -1 -1 -1 -1 -1 -1 1 
276 28 Car -1.000000 -1 -1 523.1010016466562 185.56845736188384 549.4789981188682 206.83001873728176 -1 -1 -1 -1 -1 -1 -1 -1 1 
277 28 Car -1.000000 -1 -1 523.0424742727325 180.21319032861635 549.3564264333019 202.08205196719902 -1 -1 -1 -1 -1 -1 -1 -1 1 
278 28 Car -1.000000 -1 -1 522.7154580652714 173.580822463219 550.9691108602744 198.42116763958566 -1 -1 -1 -1 -1 -1 -1 -1 1 
279 28 Car -1.000000 -1 -1 523.6580379611024 178.68315052384366 549.4869395053157 199.2399855516851 -1 -1 -1 -1 -1 -1 -1 -1 1 
280 28 Car -1.000000 -1 -1 523.6605709619247 181.2001099953285 550.0568725203092 203.72026184430493 -1 -1 -1 -1 -1 -1 -1 -1 1 
281 28 Car -1.000000 -1 -1 524.6412494394642 186.27690323270284 549.6925008680959 209.57742316218523 -1 -1 -1 -1 -1 -1 -1 -1 1 
282 28 Car -1.000000 -1 -1 523.9370115032563 187.82387802807185 550.3634656300911 210.47053385812504 -1 -1 -1 -1 -1 -1 -1 -1 1 
283 28 Car -1.000000 -1 -1 524.1543075253185 188.26337258976238 550.1609213036987 210.17421423815762 -1 -1 -1 -1 -1 -1 -1 -1 1 
284 28 Car -1.000000 -1 -1 524.1393622154227 185.26396678330806 550.8728749803626 209.2404429299327 -1 -1 -1 -1 -1 -1 -1 -1 1 
285 28 Car -1.000000 -1 -1 524.6166885495186 185.54724749320974 550.8490130947187 206.94542615316234 -1 -1 -1 -1 -1 -1 -1 -1 1 
286 28 Car -1.000000 -1 -1 523.9754336057947 181.3908378378703 552.4885714610035 205.08329899838336 -1 -1 -1 -1 -1 -1 -1 -1 1 
287 28 Car -1.000000 -1 -1 525.215541977722 185.82735447069774 553.5230743374963 207.55892655310723 -1 -1 -1 -1 -1 -1 -1 -1 1 
288 28 Car -1.000000 -1 -1 525.6203199223829 185.5428428030931 554.1131090647898 208.01704119031245 -1 -1 -1 -1 -1 -1 -1 -1 1 
289 29 Car -1.000000 -1 -1 573.6487649054482 182.22998605611232 608.4548975487169 214.11968029748934 -1 -1 -1 -1 -1 -1 -1 -1 1 
289 28 Car -1.000000 -1 -1 526.2573395549105 181.70033123057624 555.4168357258806 204.59626400126862 -1 -1 -1 -1 -1 -1 -1 -1 1 
290 29 Car -1.000000 -1 -1 573.6026252829112 180.39362368961937 610.1419946138675 212.29578676418615 -1 -1 -1 -1 -1 -1 -1 -1 1 
290 28 Car -1.000000 -1 -1 528.2068565017902 181.27167726365417 555.6545473715433 203.1383209217053 -1 -1 -1 -1 -1 -1 -1 -1 1 
291 29 Car -1.000000 -1 -1 575.1469044513427 181.35101928447304 610.4320934999447 212.06021487999422 -1 -1 -1 -1 -1 -1 -1 -1 1 
291 28 Car -1.000000 -1 -1 529.518221315283 181.19238317012787 556.786722218761 203.97915003391412 -1 -1 -1 -1 -1 -1 -1 -1 1 
292 29 Car -1.000000 -1 -1 575.414542663556 182.1774749371868 613.1112922819761 213.07177734203063 -1 -1 -1 -1 -1 -1 -1 -1 1 
292 28 Car -1.000000 -1 -1 530.3461470661255 180.70176200797926 558.6735925066929 205.26045460540516 -1 -1 -1 -1 -1 -1 -1 -1 1 
293 29 Car -1.000000 -1 -1 581.8742378766719 182.74183900883565 618.3557663812087 212.92319306387353 -1 -1 -1 -1 -1 -1 -1 -1 1 
296 28 Car -1.000000 -1 -1 538.2182238915791 179.22635405109477 566.1744788289069 204.29327367590022 -1 -1 -1 -1 -1 -1 -1 -1 1 
297 44 Car -1.000000 -1 -1 356.85589745755374 181.90580133635265 392.9846067440051 205.07059289285772 -1 -1 -1 -1 -1 -1 -1 -1 1 
297 29 Car -1.000000 -1 -1 585.2368817082964 184.3914517129843 619.1962589054153 214.51221879285114 -1 -1 -1 -1 -1 -1 -1 -1 1 
298 44 Car -1.000000 -1 -1 341.4063773229718 186.59583034996803 384.54314571447094 210.47397430699604 -1 -1 -1 -1 -1 -1 -1 -1 1 
298 29 Car -1.000000 -1 -1 585.9600134033424 186.36456031638843 620.0208949939563 213.75456695946363 -1 -1 -1 -1 -1 -1 -1 -1 1 
299 44 Car -1.000000 -1 -1 319.96476382131755 184.21346995119868 368.5350592147845 210.31605237378525 -1 -1 -1 -1 -1 -1 -1 -1 1 
299 29 Car -1.000000 -1 -1 585.5694557829545 185.58539106295657 621.4953911820284 214.80628733451547 -1 -1 -1 -1 -1 -1 -1 -1 1 
300 44 Car -1.000000 -1 -1 295.74059028049504 181.84437090530992 347.86346345982304 209.91732728166076 -1 -1 -1 -1 -1 -1 -1 -1 1 
300 29 Car -1.000000 -1 -1 585.8041158691049 184.3515865218181 619.8953678441735 214.3435491105685 -1 -1 -1 -1 -1 -1 -1 -1 1 
301 44 Car -1.000000 -1 -1 270.3894717899652 179.46457051976512 328.91509464383125 209.61386317727514 -1 -1 -1 -1 -1 -1 -1 -1 1 
301 29 Car -1.000000 -1 -1 585.1663876227461 182.9194165049837 618.6599076373072 213.03592299899228 -1 -1 -1 -1 -1 -1 -1 -1 1 
302 44 Car -1.000000 -1 -1 233.60591470220916 177.94956944775407 301.4589121530836 212.22141051056005 -1 -1 -1 -1 -1 -1 -1 -1 1 
302 29 Car -1.000000 -1 -1 585.990236085768 182.60716611089615 617.9687603717813 212.51044386567978 -1 -1 -1 -1 -1 -1 -1 -1 1 
302 28 Car -1.000000 -1 -1 531.6793849485425 181.3656255029715 558.7970568107871 204.73062333006126 -1 -1 -1 -1 -1 -1 -1 -1 1 
303 44 Car -1.000000 -1 -1 195.62806320878178 180.5948662267138 274.8994304606548 215.9068611754964 -1 -1 -1 -1 -1 -1 -1 -1 1 
303 29 Car -1.000000 -1 -1 586.0761463481647 182.91048225588523 620.1334937673349 212.48420592970572 -1 -1 -1 -1 -1 -1 -1 -1 1 
303 28 Car -1.000000 -1 -1 530.49456838633 180.94968924728727 559.7058364319113 205.31384603908432 -1 -1 -1 -1 -1 -1 -1 -1 1 
304 44 Car -1.000000 -1 -1 152.14464954401438 178.53665661711534 241.87371551589325 219.00515406965638 -1 -1 -1 -1 -1 -1 -1 -1 1 
304 29 Car -1.000000 -1 -1 586.4057471631811 178.14904866883387 621.5454756944225 208.08556174429563 -1 -1 -1 -1 -1 -1 -1 -1 1 
304 28 Car -1.000000 -1 -1 532.5053346953713 180.34949941703908 558.8552862892931 203.36219080938744 -1 -1 -1 -1 -1 -1 -1 -1 1 
305 44 Car -1.000000 -1 -1 82.06294343219355 176.81286439227944 197.46405352881322 222.13479004298839 -1 -1 -1 -1 -1 -1 -1 -1 1 
305 29 Car -1.000000 -1 -1 586.3160642706431 176.1691000026006 621.278855736439 206.7343331873417 -1 -1 -1 -1 -1 -1 -1 -1 1 
305 28 Car -1.000000 -1 -1 530.9156668713459 178.58353450607794 559.2968274469558 200.07548903903134 -1 -1 -1 -1 -1 -1 -1 -1 1 
306 44 Car -1.000000 -1 -1 5.724458713944145 177.17639124020934 141.28262061224535 230.81796132744506 -1 -1 -1 -1 -1 -1 -1 -1 1 
306 29 Car -1.000000 -1 -1 586.3269721544706 176.2299773354943 622.1076413622269 205.0016964427554 -1 -1 -1 -1 -1 -1 -1 -1 1 
306 28 Car -1.000000 -1 -1 530.4992450240712 178.29783583203186 558.7346888281977 199.60490707308054 -1 -1 -1 -1 -1 -1 -1 -1 1 
307 44 Car -1.000000 -1 -1 -1.6416884786807557 179.17889996001924 68.7994307680772 237.6447619977765 -1 -1 -1 -1 -1 -1 -1 -1 1 
307 29 Car -1.000000 -1 -1 586.4979089584489 177.0296042355207 621.7148596695984 206.81536340942748 -1 -1 -1 -1 -1 -1 -1 -1 1 
307 28 Car -1.000000 -1 -1 531.7841679711755 178.53788687632635 557.9220393821598 201.74070562307654 -1 -1 -1 -1 -1 -1 -1 -1 1 
308 29 Car -1.000000 -1 -1 586.8292925191613 177.7902851597621 622.3865230799868 207.45344674931124 -1 -1 -1 -1 -1 -1 -1 -1 1 
308 28 Car -1.000000 -1 -1 531.2758270582328 179.74798954450168 558.7475801901177 203.27196843349017 -1 -1 -1 -1 -1 -1 -1 -1 1 
309 29 Car -1.000000 -1 -1 587.9975867408972 180.52716008745708 619.8976887235274 204.00595579009791 -1 -1 -1 -1 -1 -1 -1 -1 1 
309 28 Car -1.000000 -1 -1 530.4441874021521 180.90636211519057 559.0485260996682 203.93832070896258 -1 -1 -1 -1 -1 -1 -1 -1 1 
310 28 Car -1.000000 -1 -1 529.9430927863488 180.45211110550622 558.4029575448769 203.99424820565258 -1 -1 -1 -1 -1 -1 -1 -1 1 
311 28 Car -1.000000 -1 -1 530.0675461601753 181.75129449138274 557.0962102883137 202.41924518576033 -1 -1 -1 -1 -1 -1 -1 -1 1 
312 28 Car -1.000000 -1 -1 530.0056170127713 181.94402367449723 556.867991434267 202.6164258042207 -1 -1 -1 -1 -1 -1 -1 -1 1 
320 29 Car -1.000000 -1 -1 587.2724082160454 178.1500377334081 621.005308019427 206.5657658072618 -1 -1 -1 -1 -1 -1 -1 -1 1 
320 28 Car -1.000000 -1 -1 522.9151914263001 180.83459583039468 550.9661578874176 201.6237032814668 -1 -1 -1 -1 -1 -1 -1 -1 1 
321 29 Car -1.000000 -1 -1 587.6612482219934 183.90578876894253 620.5724008461603 210.0130048795388 -1 -1 -1 -1 -1 -1 -1 -1 1 
321 28 Car -1.000000 -1 -1 522.348949894309 182.47929587960243 551.9674847527192 204.4549059982483 -1 -1 -1 -1 -1 -1 -1 -1 1 
322 29 Car -1.000000 -1 -1 587.8279682220175 183.323010085867 622.6766048824558 209.78198759257793 -1 -1 -1 -1 -1 -1 -1 -1 1 
322 28 Car -1.000000 -1 -1 521.8889819297654 182.31612558548267 551.7598053784325 204.026908828662 -1 -1 -1 -1 -1 -1 -1 -1 1 
323 29 Car -1.000000 -1 -1 588.365820712195 178.19251249042838 623.3667449269158 205.74567137429344 -1 -1 -1 -1 -1 -1 -1 -1 1 
323 28 Car -1.000000 -1 -1 521.9376695012817 180.74979504140524 551.1446538321101 201.57609751018194 -1 -1 -1 -1 -1 -1 -1 -1 1 
324 29 Car -1.000000 -1 -1 588.3239890061892 176.52651338049998 623.2163234009192 203.67893648262208 -1 -1 -1 -1 -1 -1 -1 -1 1 
324 28 Car -1.000000 -1 -1 521.2901135534048 177.8559025663596 551.4863647898802 200.98536117718768 -1 -1 -1 -1 -1 -1 -1 -1 1 
325 45 Car -1.000000 -1 -1 -1.5850911965736998 208.37391820700407 286.2922253883802 376.46839286809643 -1 -1 -1 -1 -1 -1 -1 -1 1 
325 29 Car -1.000000 -1 -1 588.910701327599 177.71671010324587 623.5422757978622 204.77048121392727 -1 -1 -1 -1 -1 -1 -1 -1 1 
325 28 Car -1.000000 -1 -1 520.2898850217462 180.3872906244718 550.31594721801 201.5904262661934 -1 -1 -1 -1 -1 -1 -1 -1 1 
326 45 Car -1.000000 -1 -1 -2.086825024050029 205.52882853035743 304.695917791472 377.07519287673324 -1 -1 -1 -1 -1 -1 -1 -1 1 
326 29 Car -1.000000 -1 -1 589.5505251632287 179.16599661111832 622.9814551082941 206.34657259170825 -1 -1 -1 -1 -1 -1 -1 -1 1 
326 28 Car -1.000000 -1 -1 518.6328362438542 180.7216559178554 549.9189597545909 203.7885537227759 -1 -1 -1 -1 -1 -1 -1 -1 1 
327 47 Car -1.000000 -1 -1 496.5116941097837 178.18712615049805 518.58107219923 189.6997208778675 -1 -1 -1 -1 -1 -1 -1 -1 1 
327 45 Car -1.000000 -1 -1 -4.665091001643589 206.96188477226173 327.0512733465204 376.19446665764997 -1 -1 -1 -1 -1 -1 -1 -1 1 
327 29 Car -1.000000 -1 -1 589.72001484323 183.1827101369317 622.5212066878493 209.31716270458242 -1 -1 -1 -1 -1 -1 -1 -1 1 
327 28 Car -1.000000 -1 -1 517.0690742880106 184.71200481200447 549.9926125281132 207.23154284776402 -1 -1 -1 -1 -1 -1 -1 -1 1 
328 45 Car -1.000000 -1 -1 -7.286751479483598 206.0103143851918 342.31334608162825 375.9905040049209 -1 -1 -1 -1 -1 -1 -1 -1 1 
328 29 Car -1.000000 -1 -1 588.7279561912784 183.5400134754869 621.7855601820808 209.6986179598249 -1 -1 -1 -1 -1 -1 -1 -1 1 
328 28 Car -1.000000 -1 -1 515.7755789286815 184.29406259495477 547.0107826097653 208.65272257763604 -1 -1 -1 -1 -1 -1 -1 -1 1 
329 45 Car -1.000000 -1 -1 -3.357754716506406 199.7761664679274 352.62521093625287 372.69788909739316 -1 -1 -1 -1 -1 -1 -1 -1 1 
329 29 Car -1.000000 -1 -1 587.6669997034164 183.3009016341888 620.7147912967663 209.62273916946006 -1 -1 -1 -1 -1 -1 -1 -1 1 
329 28 Car -1.000000 -1 -1 514.4963473144632 183.6678206275862 543.9762764532978 208.77928039632164 -1 -1 -1 -1 -1 -1 -1 -1 1 
330 45 Car -1.000000 -1 -1 -3.7797029330753276 200.2359227492259 362.9343429474303 372.514362518604 -1 -1 -1 -1 -1 -1 -1 -1 1 
330 29 Car -1.000000 -1 -1 586.154585023339 180.76320866552683 618.4347097346416 206.30928601783054 -1 -1 -1 -1 -1 -1 -1 -1 1 
330 28 Car -1.000000 -1 -1 506.87362176638385 184.05113795485636 538.0796195956377 207.83913970136874 -1 -1 -1 -1 -1 -1 -1 -1 1 
331 45 Car -1.000000 -1 -1 -3.7111636749826857 200.18485428478857 371.50291153845876 372.0391815743194 -1 -1 -1 -1 -1 -1 -1 -1 1 
331 29 Car -1.000000 -1 -1 586.4282042779602 183.22912030495132 616.4500019785304 208.69664332041376 -1 -1 -1 -1 -1 -1 -1 -1 1 
331 28 Car -1.000000 -1 -1 504.2580597807581 184.01289423211264 536.8405472733654 207.7866435194245 -1 -1 -1 -1 -1 -1 -1 -1 1 
332 45 Car -1.000000 -1 -1 5.0575126928205805 194.09045824207942 385.4639402728241 372.26085690781474 -1 -1 -1 -1 -1 -1 -1 -1 1 
332 29 Car -1.000000 -1 -1 584.0922926834855 178.83954781035962 615.6629082756833 207.1251653206463 -1 -1 -1 -1 -1 -1 -1 -1 1 
332 28 Car -1.000000 -1 -1 499.3689727794665 181.30094171143497 535.2020587680431 205.52637155812522 -1 -1 -1 -1 -1 -1 -1 -1 1 
333 45 Car -1.000000 -1 -1 27.028651849295102 188.6808841059414 391.76409558407386 372.88940379109516 -1 -1 -1 -1 -1 -1 -1 -1 1 
333 29 Car -1.000000 -1 -1 576.8112820971471 177.58806938162218 608.0283942371607 204.18470782729295 -1 -1 -1 -1 -1 -1 -1 -1 1 
333 28 Car -1.000000 -1 -1 498.6292945421659 179.0043952373358 531.3887447256308 204.2773927633579 -1 -1 -1 -1 -1 -1 -1 -1 1 
334 48 Car -1.000000 -1 -1 452.4342876592508 171.31189113626112 479.0678079300202 183.96714472999938 -1 -1 -1 -1 -1 -1 -1 -1 1 
334 45 Car -1.000000 -1 -1 59.628618364437216 184.66868960800076 397.7252039127052 356.830270602726 -1 -1 -1 -1 -1 -1 -1 -1 1 
334 29 Car -1.000000 -1 -1 576.1596912145615 177.34598690787186 607.1397298528598 202.78417584128104 -1 -1 -1 -1 -1 -1 -1 -1 1 
334 28 Car -1.000000 -1 -1 495.2356599775644 178.29003636367048 528.9211869354431 202.92815329650276 -1 -1 -1 -1 -1 -1 -1 -1 1 
335 48 Car -1.000000 -1 -1 444.64698717170035 169.67190343600052 472.67781632966717 186.43919837016324 -1 -1 -1 -1 -1 -1 -1 -1 1 
335 45 Car -1.000000 -1 -1 94.88425953313708 183.4365096516334 397.13853038532227 343.5830558435275 -1 -1 -1 -1 -1 -1 -1 -1 1 
335 29 Car -1.000000 -1 -1 575.0233700332733 176.77178602808942 605.3944762704464 201.82879351509305 -1 -1 -1 -1 -1 -1 -1 -1 1 
335 28 Car -1.000000 -1 -1 492.35225157325084 177.24553452661402 526.3494732334063 201.93110248790336 -1 -1 -1 -1 -1 -1 -1 -1 1 
336 48 Car -1.000000 -1 -1 435.8983343942807 169.89454225851938 462.5952006842081 187.78564322453278 -1 -1 -1 -1 -1 -1 -1 -1 1 
336 45 Car -1.000000 -1 -1 122.95491805586676 178.6858715260258 402.74778400791376 333.2517788243981 -1 -1 -1 -1 -1 -1 -1 -1 1 
336 29 Car -1.000000 -1 -1 572.3219241224803 176.40513837194214 603.1670791323369 202.00374059808942 -1 -1 -1 -1 -1 -1 -1 -1 1 
336 28 Car -1.000000 -1 -1 490.2754040881991 177.40880540357188 523.2272904406373 202.60415125924808 -1 -1 -1 -1 -1 -1 -1 -1 1 
337 48 Car -1.000000 -1 -1 427.7746256297598 173.29527251422405 457.74260782908937 192.30501969846395 -1 -1 -1 -1 -1 -1 -1 -1 1 
337 45 Car -1.000000 -1 -1 140.87608679298026 179.86981459678364 410.93791953560253 332.8660955437674 -1 -1 -1 -1 -1 -1 -1 -1 1 
337 29 Car -1.000000 -1 -1 569.5742805760641 176.47751449392393 603.2483615164574 202.43487421136638 -1 -1 -1 -1 -1 -1 -1 -1 1 
337 28 Car -1.000000 -1 -1 489.7528093955838 177.33282409608364 520.6787271631453 204.28761997475073 -1 -1 -1 -1 -1 -1 -1 -1 1 
338 48 Car -1.000000 -1 -1 419.92015666571945 175.04484349718462 450.8078050154906 195.55112920128383 -1 -1 -1 -1 -1 -1 -1 -1 1 
338 45 Car -1.000000 -1 -1 162.50351015908214 184.7247533643475 424.8195829870036 326.0333955717774 -1 -1 -1 -1 -1 -1 -1 -1 1 
338 29 Car -1.000000 -1 -1 567.9782049753345 178.31739102705166 601.8592175262479 202.5982239641822 -1 -1 -1 -1 -1 -1 -1 -1 1 
338 28 Car -1.000000 -1 -1 480.66223060268055 179.26540404844744 515.2579574345683 206.0443351331812 -1 -1 -1 -1 -1 -1 -1 -1 1 
339 48 Car -1.000000 -1 -1 406.47637847982924 178.7226960206261 438.55585834842464 200.59275777580646 -1 -1 -1 -1 -1 -1 -1 -1 1 
339 45 Car -1.000000 -1 -1 182.96302048145577 187.59129278791636 426.6584508272891 324.03247033317496 -1 -1 -1 -1 -1 -1 -1 -1 1 
339 29 Car -1.000000 -1 -1 567.1304287835956 179.16792058027707 601.1061400455924 204.37949895858765 -1 -1 -1 -1 -1 -1 -1 -1 1 
339 28 Car -1.000000 -1 -1 480.79625070811466 183.15681177549638 512.7204074787979 209.29562787596996 -1 -1 -1 -1 -1 -1 -1 -1 1 
340 48 Car -1.000000 -1 -1 397.1627092074889 177.54901873950774 431.08632187086795 202.51563234397997 -1 -1 -1 -1 -1 -1 -1 -1 1 
340 45 Car -1.000000 -1 -1 197.92592560385285 189.15217369794846 431.9957723795221 319.3584285103358 -1 -1 -1 -1 -1 -1 -1 -1 1 
340 29 Car -1.000000 -1 -1 564.9361930644284 178.811984996383 597.5314590959596 204.07855897568737 -1 -1 -1 -1 -1 -1 -1 -1 1 
340 28 Car -1.000000 -1 -1 478.4698037884843 182.93618557688134 511.44665196179767 209.7906176215754 -1 -1 -1 -1 -1 -1 -1 -1 1 
341 48 Car -1.000000 -1 -1 378.9309458812842 178.03863536279937 420.196687607811 205.1519463555171 -1 -1 -1 -1 -1 -1 -1 -1 1 
341 45 Car -1.000000 -1 -1 219.55921452005322 191.08938712340134 435.5767046840718 311.7837206675456 -1 -1 -1 -1 -1 -1 -1 -1 1 
341 29 Car -1.000000 -1 -1 565.206719830059 179.80880175645535 596.5433851956174 203.94571354755988 -1 -1 -1 -1 -1 -1 -1 -1 1 
341 28 Car -1.000000 -1 -1 475.60044104634574 183.1541151668017 510.3774742544271 210.79912638435 -1 -1 -1 -1 -1 -1 -1 -1 1 
342 48 Car -1.000000 -1 -1 368.3223996128027 180.46486685768915 413.1917362958193 198.43173335091424 -1 -1 -1 -1 -1 -1 -1 -1 1 
342 45 Car -1.000000 -1 -1 233.23077610593572 191.6680327759912 440.5771623964493 310.8679901163738 -1 -1 -1 -1 -1 -1 -1 -1 1 
342 29 Car -1.000000 -1 -1 563.8651654336315 180.7632254293332 595.7667173875067 205.54969087243083 -1 -1 -1 -1 -1 -1 -1 -1 1 
342 28 Car -1.000000 -1 -1 474.11308392653103 184.49195073201105 510.44124006766543 212.62825280427933 -1 -1 -1 -1 -1 -1 -1 -1 1 
343 45 Car -1.000000 -1 -1 245.58552890184984 192.00402458843132 449.5663963318445 303.9932541477566 -1 -1 -1 -1 -1 -1 -1 -1 1 
343 29 Car -1.000000 -1 -1 562.7652536922923 184.29733347147703 594.2712816785162 209.80703422369865 -1 -1 -1 -1 -1 -1 -1 -1 1 
343 28 Car -1.000000 -1 -1 473.1017934026626 189.807499687259 508.01110320939466 216.98240799686081 -1 -1 -1 -1 -1 -1 -1 -1 1 
344 45 Car -1.000000 -1 -1 265.47691929612597 190.93930216219562 449.3530789219703 300.5529864547917 -1 -1 -1 -1 -1 -1 -1 -1 1 
344 29 Car -1.000000 -1 -1 560.3124102273813 175.35231706614678 596.3934263506761 208.86118867649483 -1 -1 -1 -1 -1 -1 -1 -1 1 
344 28 Car -1.000000 -1 -1 470.9955788392287 186.3603568994082 507.3163505907242 215.20331100775647 -1 -1 -1 -1 -1 -1 -1 -1 1 
345 45 Car -1.000000 -1 -1 278.87092554626554 191.68068504390806 452.34409795300314 292.58347324167306 -1 -1 -1 -1 -1 -1 -1 -1 1 
345 29 Car -1.000000 -1 -1 555.725749359108 180.11196745702856 583.8745878115298 204.479227702205 -1 -1 -1 -1 -1 -1 -1 -1 1 
345 28 Car -1.000000 -1 -1 468.7749453863272 184.53397544530722 503.91870351364975 212.44400911606274 -1 -1 -1 -1 -1 -1 -1 -1 1 
346 45 Car -1.000000 -1 -1 285.761352174987 192.65801694172504 459.76987165398896 286.1871713091834 -1 -1 -1 -1 -1 -1 -1 -1 1 
346 29 Car -1.000000 -1 -1 554.7285289661243 178.6815056290764 582.0608627715936 202.92070414870977 -1 -1 -1 -1 -1 -1 -1 -1 1 
346 28 Car -1.000000 -1 -1 465.73403963905116 182.29509345613997 502.74889703668083 211.53702099735924 -1 -1 -1 -1 -1 -1 -1 -1 1 
347 45 Car -1.000000 -1 -1 309.20405705788966 192.38571969505685 464.2305927855465 288.0180778626639 -1 -1 -1 -1 -1 -1 -1 -1 1 
347 29 Car -1.000000 -1 -1 553.4332661651648 178.55453462554857 579.6023642764642 203.6689001207168 -1 -1 -1 -1 -1 -1 -1 -1 1 
347 28 Car -1.000000 -1 -1 464.40363719070757 182.5731571835394 500.9896058000337 213.37270346255255 -1 -1 -1 -1 -1 -1 -1 -1 1 
348 45 Car -1.000000 -1 -1 316.96592850567635 194.74758924199983 465.70868409439356 288.52965195591634 -1 -1 -1 -1 -1 -1 -1 -1 1 
348 29 Car -1.000000 -1 -1 553.5127793281124 179.90222644920533 578.3891031507115 205.42079224609412 -1 -1 -1 -1 -1 -1 -1 -1 1 
348 28 Car -1.000000 -1 -1 456.4464833736419 186.20307414004435 493.8844191752947 215.0737839536025 -1 -1 -1 -1 -1 -1 -1 -1 1 
349 45 Car -1.000000 -1 -1 325.07011293046753 197.9911475836371 469.4700136958407 286.1107903568504 -1 -1 -1 -1 -1 -1 -1 -1 1 
349 29 Car -1.000000 -1 -1 550.1705685596054 185.0657554056782 576.1106160586844 208.95973815081211 -1 -1 -1 -1 -1 -1 -1 -1 1 
349 28 Car -1.000000 -1 -1 454.39285180029964 189.2154020472215 490.9490563153075 219.13833600970415 -1 -1 -1 -1 -1 -1 -1 -1 1 
350 45 Car -1.000000 -1 -1 330.03720706787243 199.6717665057916 474.75664070850377 280.6026265025139 -1 -1 -1 -1 -1 -1 -1 -1 1 
350 29 Car -1.000000 -1 -1 547.9584270836069 185.2834942535712 577.2590808381256 207.69157962730296 -1 -1 -1 -1 -1 -1 -1 -1 1 
350 28 Car -1.000000 -1 -1 451.4383454226818 188.50408301043967 489.14570663110004 218.20849302009893 -1 -1 -1 -1 -1 -1 -1 -1 1 
351 45 Car -1.000000 -1 -1 338.2593508709508 193.89441084618176 475.03379982910474 277.5065745047938 -1 -1 -1 -1 -1 -1 -1 -1 1 
351 29 Car -1.000000 -1 -1 546.7874364990454 180.59382243798328 572.8618871500859 204.44650604174686 -1 -1 -1 -1 -1 -1 -1 -1 1 
351 28 Car -1.000000 -1 -1 449.10549775554006 184.10735011387328 488.9718935525474 214.62209028406784 -1 -1 -1 -1 -1 -1 -1 -1 1 
352 52 Car -1.000000 -1 -1 7.055429815099799 185.37879536429847 158.8868816552254 238.72199280259125 -1 -1 -1 -1 -1 -1 -1 -1 1 
352 45 Car -1.000000 -1 -1 343.5342307675344 187.38947477406606 477.1546530872584 270.1038613807983 -1 -1 -1 -1 -1 -1 -1 -1 1 
352 29 Car -1.000000 -1 -1 543.0893570883916 179.42659771786285 569.8714278741525 201.99019963351577 -1 -1 -1 -1 -1 -1 -1 -1 1 
352 28 Car -1.000000 -1 -1 447.0779738505013 181.44590769392937 486.36259875976697 213.27910124539181 -1 -1 -1 -1 -1 -1 -1 -1 1 
353 52 Car -1.000000 -1 -1 -2.2970623127543064 181.61605033450402 85.20144961258539 242.44656277677188 -1 -1 -1 -1 -1 -1 -1 -1 1 
353 45 Car -1.000000 -1 -1 351.20330450053405 185.8149197561523 478.70752744605915 267.7612650530556 -1 -1 -1 -1 -1 -1 -1 -1 1 
353 29 Car -1.000000 -1 -1 540.7248832136393 180.95415701659826 567.5213939192204 202.04917212518362 -1 -1 -1 -1 -1 -1 -1 -1 1 
353 28 Car -1.000000 -1 -1 446.8555749012874 182.66601265909583 483.437768567067 212.45644850513114 -1 -1 -1 -1 -1 -1 -1 -1 1 
354 45 Car -1.000000 -1 -1 356.581656964639 183.79507333828278 481.47251530364156 267.8028499313558 -1 -1 -1 -1 -1 -1 -1 -1 1 
354 29 Car -1.000000 -1 -1 539.7259565952879 181.6307915231356 565.6736703635409 202.58335554255888 -1 -1 -1 -1 -1 -1 -1 -1 1 
355 45 Car -1.000000 -1 -1 363.2920365104308 186.55541077112923 482.9779846072197 264.8409840364296 -1 -1 -1 -1 -1 -1 -1 -1 1 
355 29 Car -1.000000 -1 -1 539.13197626632 181.5995416389062 565.6391632545453 202.87629016316856 -1 -1 -1 -1 -1 -1 -1 -1 1 
356 45 Car -1.000000 -1 -1 369.35821579167475 189.9672279206033 480.71876213069146 263.82148240764553 -1 -1 -1 -1 -1 -1 -1 -1 1 
356 29 Car -1.000000 -1 -1 533.8039113604106 185.12174458457875 559.098952284226 207.20740264424913 -1 -1 -1 -1 -1 -1 -1 -1 1 
357 56 Car -1.000000 -1 -1 243.18320807270132 183.77116315353376 302.04745758124267 214.36280277199472 -1 -1 -1 -1 -1 -1 -1 -1 1 
357 45 Car -1.000000 -1 -1 378.7157917165986 187.8613993489685 493.3073857856485 264.13451043817287 -1 -1 -1 -1 -1 -1 -1 -1 1 
357 29 Car -1.000000 -1 -1 533.9441297014173 185.02523083812918 558.2884272560478 207.46498862997845 -1 -1 -1 -1 -1 -1 -1 -1 1 
358 56 Car -1.000000 -1 -1 207.55413827013513 183.88694857444185 278.07877714186907 216.54966370148873 -1 -1 -1 -1 -1 -1 -1 -1 1 
358 45 Car -1.000000 -1 -1 382.77734891525824 188.04865842685103 493.9158279228095 261.8774577187231 -1 -1 -1 -1 -1 -1 -1 -1 1 
358 29 Car -1.000000 -1 -1 531.976309091999 181.5791486834104 557.391785182632 204.22502564123042 -1 -1 -1 -1 -1 -1 -1 -1 1 
359 56 Car -1.000000 -1 -1 159.2579637843256 180.7859466196253 248.563872696402 219.4588060419147 -1 -1 -1 -1 -1 -1 -1 -1 1 
359 45 Car -1.000000 -1 -1 387.5610040727143 185.31093886122108 496.9460016050591 256.93571026651904 -1 -1 -1 -1 -1 -1 -1 -1 1 
359 29 Car -1.000000 -1 -1 532.1029313722482 180.6013291844955 554.8738819991167 203.56077356980398 -1 -1 -1 -1 -1 -1 -1 -1 1 
360 56 Car -1.000000 -1 -1 99.66039025095792 180.75318713314257 205.3271764081258 225.2473126953611 -1 -1 -1 -1 -1 -1 -1 -1 1 
360 45 Car -1.000000 -1 -1 393.54647309275776 183.83581798452025 499.0032931635013 254.28967888896855 -1 -1 -1 -1 -1 -1 -1 -1 1 
360 29 Car -1.000000 -1 -1 530.0295344201418 180.58465220607243 556.4579958709386 202.62604006207906 -1 -1 -1 -1 -1 -1 -1 -1 1 
361 56 Car -1.000000 -1 -1 21.343866790143352 182.21282271238474 140.82709153856223 232.68593303286113 -1 -1 -1 -1 -1 -1 -1 -1 1 
361 45 Car -1.000000 -1 -1 399.91220383403396 184.4206703826785 500.2313429994079 254.7371008505042 -1 -1 -1 -1 -1 -1 -1 -1 1 
361 29 Car -1.000000 -1 -1 531.3338643461466 181.21701006132824 556.6849181503057 203.67107468728835 -1 -1 -1 -1 -1 -1 -1 -1 1 
362 56 Car -1.000000 -1 -1 -1.8329140248780078 183.51024525383343 80.2093251419182 240.67305178882984 -1 -1 -1 -1 -1 -1 -1 -1 1 
362 45 Car -1.000000 -1 -1 405.08255998732955 184.10933710849628 503.4018791656082 252.30889375178288 -1 -1 -1 -1 -1 -1 -1 -1 1 
362 29 Car -1.000000 -1 -1 531.7640947315556 180.4029432913432 556.4411638900638 204.11541269948853 -1 -1 -1 -1 -1 -1 -1 -1 1 
363 45 Car -1.000000 -1 -1 411.6838815154938 180.70722684765664 504.2789640667347 248.12816916248545 -1 -1 -1 -1 -1 -1 -1 -1 1 
363 29 Car -1.000000 -1 -1 532.5465645600971 181.682112841652 556.7407868877054 202.69025016862616 -1 -1 -1 -1 -1 -1 -1 -1 1 
364 45 Car -1.000000 -1 -1 418.06240040522357 181.99750314502475 507.5023156312796 246.71060313434842 -1 -1 -1 -1 -1 -1 -1 -1 1 
364 29 Car -1.000000 -1 -1 533.252730808579 182.81988957180428 559.0450712958208 202.18832719211397 -1 -1 -1 -1 -1 -1 -1 -1 1 
365 45 Car -1.000000 -1 -1 421.99166943820626 181.2883128161327 511.96629732961844 247.68279437333916 -1 -1 -1 -1 -1 -1 -1 -1 1 
365 29 Car -1.000000 -1 -1 534.6634923254068 181.6462047684651 558.0469928074341 202.27051626604336 -1 -1 -1 -1 -1 -1 -1 -1 1 
366 59 Car -1.000000 -1 -1 388.91015328968376 185.74660708411383 438.1853299239794 226.34947321449337 -1 -1 -1 -1 -1 -1 -1 -1 1 
366 45 Car -1.000000 -1 -1 425.4614476019946 185.90175353277186 514.9122853041268 250.4958608545936 -1 -1 -1 -1 -1 -1 -1 -1 1 
367 59 Car -1.000000 -1 -1 383.1611478331571 188.28810250852257 436.7087877068956 229.02517951129434 -1 -1 -1 -1 -1 -1 -1 -1 1 
367 45 Car -1.000000 -1 -1 429.89196518120855 187.19994634962998 515.3437569204431 251.03453073937158 -1 -1 -1 -1 -1 -1 -1 -1 1 
368 59 Car -1.000000 -1 -1 376.0655268723002 188.28969883123557 433.3746409353156 232.09750217994534 -1 -1 -1 -1 -1 -1 -1 -1 1 
368 45 Car -1.000000 -1 -1 432.85502092597574 187.2849707097675 515.8313109972156 252.50772882897695 -1 -1 -1 -1 -1 -1 -1 -1 1 
369 59 Car -1.000000 -1 -1 372.0260806673994 189.2505097023856 432.57550248790244 233.18956640119163 -1 -1 -1 -1 -1 -1 -1 -1 1 
369 45 Car -1.000000 -1 -1 441.62769040923854 188.39864568032613 522.0066328243568 251.3964214236834 -1 -1 -1 -1 -1 -1 -1 -1 1 
370 59 Car -1.000000 -1 -1 367.7603894770146 189.2019708533413 431.68864362744193 234.85314410824614 -1 -1 -1 -1 -1 -1 -1 -1 1 
370 45 Car -1.000000 -1 -1 444.1301115728342 189.14842327985053 523.3626563251019 251.6753174042186 -1 -1 -1 -1 -1 -1 -1 -1 1 
371 59 Car -1.000000 -1 -1 359.74162745303835 189.53132199553343 429.9030004802805 237.04149660009605 -1 -1 -1 -1 -1 -1 -1 -1 1 
371 45 Car -1.000000 -1 -1 445.9522901515548 190.52106373083708 527.6428052307322 249.9517795379059 -1 -1 -1 -1 -1 -1 -1 -1 1 
372 59 Car -1.000000 -1 -1 352.6090270647636 188.53318253352953 429.9545164566774 238.32688173458268 -1 -1 -1 -1 -1 -1 -1 -1 1 
372 45 Car -1.000000 -1 -1 448.99601647372424 191.16591854701537 530.3013111364382 246.7813330720394 -1 -1 -1 -1 -1 -1 -1 -1 1 
373 59 Car -1.000000 -1 -1 346.1691022131305 189.57245535253045 431.33574290630906 239.86316917356677 -1 -1 -1 -1 -1 -1 -1 -1 1 
373 45 Car -1.000000 -1 -1 452.7434902901833 192.0128754752043 530.5968753535014 248.18056070496542 -1 -1 -1 -1 -1 -1 -1 -1 1 
374 59 Car -1.000000 -1 -1 333.14522452423205 186.0836290378267 422.64460351948554 239.57982441732807 -1 -1 -1 -1 -1 -1 -1 -1 1 
374 45 Car -1.000000 -1 -1 456.4626238242938 187.1962828400473 531.9164837197616 241.96169178825443 -1 -1 -1 -1 -1 -1 -1 -1 1 
375 59 Car -1.000000 -1 -1 321.94691170551454 180.81024022271427 418.43262479482934 234.5298205753072 -1 -1 -1 -1 -1 -1 -1 -1 1 
375 57 Car -1.000000 -1 -1 542.7397819763193 172.82338082217254 568.1024633113008 194.871114853483 -1 -1 -1 -1 -1 -1 -1 -1 1 
375 45 Car -1.000000 -1 -1 459.73369275377354 181.0929249578084 532.6263567553117 236.49794162394338 -1 -1 -1 -1 -1 -1 -1 -1 1 
376 59 Car -1.000000 -1 -1 311.7257730892071 177.26977429209418 414.27065228269646 234.22260609312124 -1 -1 -1 -1 -1 -1 -1 -1 1 
376 57 Car -1.000000 -1 -1 544.2802383315104 173.0684031947301 567.6417906479193 191.70803820284516 -1 -1 -1 -1 -1 -1 -1 -1 1 
376 45 Car -1.000000 -1 -1 460.6502333157337 177.55487371379365 533.9824884522419 232.5862428674904 -1 -1 -1 -1 -1 -1 -1 -1 1 
377 59 Car -1.000000 -1 -1 300.9051065980815 178.00449017578592 408.2210279075572 238.46183706504794 -1 -1 -1 -1 -1 -1 -1 -1 1 
377 45 Car -1.000000 -1 -1 464.5158007769631 178.1599035558219 535.0702932540041 231.04669830690207 -1 -1 -1 -1 -1 -1 -1 -1 1 
378 59 Car -1.000000 -1 -1 287.35280390141105 180.25140283414376 403.65311327404703 244.47583759991593 -1 -1 -1 -1 -1 -1 -1 -1 1 
378 45 Car -1.000000 -1 -1 467.75925547744214 179.65848957045148 536.7955832166167 231.13527895811086 -1 -1 -1 -1 -1 -1 -1 -1 1 
379 59 Car -1.000000 -1 -1 278.53832406665265 181.30305647635117 397.2490956754638 248.57096135831225 -1 -1 -1 -1 -1 -1 -1 -1 1 
379 45 Car -1.000000 -1 -1 470.00319381917893 180.5026022126325 538.4569918736815 231.32532509939315 -1 -1 -1 -1 -1 -1 -1 -1 1 
380 59 Car -1.000000 -1 -1 254.61299595236773 183.1806131029645 385.12996018162136 254.60038411144455 -1 -1 -1 -1 -1 -1 -1 -1 1 
380 45 Car -1.000000 -1 -1 470.3428469139796 178.81797029314419 544.0188028927033 229.3346167022649 -1 -1 -1 -1 -1 -1 -1 -1 1 
381 59 Car -1.000000 -1 -1 239.17338253099186 182.92919302789065 378.86251464142254 258.9901930724199 -1 -1 -1 -1 -1 -1 -1 -1 1 
381 45 Car -1.000000 -1 -1 474.3855756630118 179.01443971249347 546.4278923897789 228.40342597247889 -1 -1 -1 -1 -1 -1 -1 -1 1 
382 59 Car -1.000000 -1 -1 219.6231581985664 183.37640001510198 370.11607961886773 259.455386764155 -1 -1 -1 -1 -1 -1 -1 -1 1 
382 45 Car -1.000000 -1 -1 481.26573228492185 174.75810326420918 546.340685196794 225.65446197628404 -1 -1 -1 -1 -1 -1 -1 -1 1 
383 59 Car -1.000000 -1 -1 192.00511679511806 183.2108373323885 357.64357636295836 266.511296817603 -1 -1 -1 -1 -1 -1 -1 -1 1 
383 45 Car -1.000000 -1 -1 485.0104855367771 174.3487648289794 549.2386595125382 224.7695915777093 -1 -1 -1 -1 -1 -1 -1 -1 1 
384 59 Car -1.000000 -1 -1 164.989635517964 184.96366038631933 346.31267819496304 272.6935828104615 -1 -1 -1 -1 -1 -1 -1 -1 1 
384 45 Car -1.000000 -1 -1 488.1870198289936 174.07362748725484 550.8040280393684 224.5962016750127 -1 -1 -1 -1 -1 -1 -1 -1 1 
385 59 Car -1.000000 -1 -1 129.11937159400145 186.906213621394 332.2311323458472 281.2270962346632 -1 -1 -1 -1 -1 -1 -1 -1 1 
385 45 Car -1.000000 -1 -1 490.23977230833134 174.4711046966796 551.4475301893858 224.5275564133548 -1 -1 -1 -1 -1 -1 -1 -1 1 
386 59 Car -1.000000 -1 -1 97.06706009002832 189.57320829996698 312.20069882044425 289.8497157371961 -1 -1 -1 -1 -1 -1 -1 -1 1 
386 57 Car -1.000000 -1 -1 551.6474536055556 174.45149244024202 579.1135285731692 195.23029917707808 -1 -1 -1 -1 -1 -1 -1 -1 1 
386 45 Car -1.000000 -1 -1 491.37597710753863 174.1993232863024 552.5016375739987 224.65977870608464 -1 -1 -1 -1 -1 -1 -1 -1 1 
387 59 Car -1.000000 -1 -1 48.28513420401859 190.02580925678978 287.0588738382436 302.60964028107435 -1 -1 -1 -1 -1 -1 -1 -1 1 
387 57 Car -1.000000 -1 -1 553.2096694948581 174.54902813411678 579.349336820153 195.60772853975115 -1 -1 -1 -1 -1 -1 -1 -1 1 
387 45 Car -1.000000 -1 -1 497.4435593801049 180.09827064815906 559.4779161850993 226.9099869031029 -1 -1 -1 -1 -1 -1 -1 -1 1 
388 59 Car -1.000000 -1 -1 -3.496194938627582 194.45229264406058 270.41870647038405 313.4056834074167 -1 -1 -1 -1 -1 -1 -1 -1 1 
388 57 Car -1.000000 -1 -1 552.0781690942554 182.74461621275313 576.8704415645738 198.47031826010115 -1 -1 -1 -1 -1 -1 -1 -1 1 
388 45 Car -1.000000 -1 -1 498.55466533366297 180.99746816397573 557.9898878218462 228.1238201092212 -1 -1 -1 -1 -1 -1 -1 -1 1 
389 59 Car -1.000000 -1 -1 -1.0296646562906346 198.2331700408115 242.16949790486925 330.98675937463463 -1 -1 -1 -1 -1 -1 -1 -1 1 
389 57 Car -1.000000 -1 -1 551.067148349033 182.73369050942932 574.4510652440099 199.21990713247885 -1 -1 -1 -1 -1 -1 -1 -1 1 
389 45 Car -1.000000 -1 -1 499.70908624191696 182.31229172446407 557.1399722640904 228.4519445652572 -1 -1 -1 -1 -1 -1 -1 -1 1 
