0 1 Car -1.000000 -1 -1 565.5118935385883 172.44283399547086 585.0436307739444 187.32594593568925 -1 -1 -1 -1 -1 -1 -1 -1 1 
2 1 Car -1.000000 -1 -1 564.230670711169 172.21581241832328 583.5544795508569 187.29042986837715 -1 -1 -1 -1 -1 -1 -1 -1 1 
12 1 Car -1.000000 -1 -1 548.713248108442 162.28999902995733 575.0880703719763 182.63243046517556 -1 -1 -1 -1 -1 -1 -1 -1 1 
16 1 Car -1.000000 -1 -1 547.156530804359 167.19037749446355 571.8373464414707 185.56680134855782 -1 -1 -1 -1 -1 -1 -1 -1 1 
17 1 Car -1.000000 -1 -1 543.9483164205001 167.14968244616801 570.9659968408255 185.4301590529772 -1 -1 -1 -1 -1 -1 -1 -1 1 
18 1 Car -1.000000 -1 -1 541.5527959970327 170.99264532900776 569.4598959776071 188.84319487099467 -1 -1 -1 -1 -1 -1 -1 -1 1 
19 1 Car -1.000000 -1 -1 541.222647614204 169.90915822295042 569.6803380503104 190.49927157851366 -1 -1 -1 -1 -1 -1 -1 -1 1 
20 1 Car -1.000000 -1 -1 538.3245225479969 170.78695220442918 569.3828098063285 192.1714167526135 -1 -1 -1 -1 -1 -1 -1 -1 1 
21 1 Car -1.000000 -1 -1 538.5333284758605 172.69639114920912 568.2103297549945 193.5345138380161 -1 -1 -1 -1 -1 -1 -1 -1 1 
22 1 Car -1.000000 -1 -1 535.9194925794235 172.82827365856903 567.8620812480267 194.3719541797271 -1 -1 -1 -1 -1 -1 -1 -1 1 
23 3 Car -1.000000 -1 -1 857.7353487129395 147.8222201556827 949.6341622586434 181.50331784684496 -1 -1 -1 -1 -1 -1 -1 -1 1 
23 1 Car -1.000000 -1 -1 535.9007123502402 172.45058718782204 565.7363047255919 194.1105349132648 -1 -1 -1 -1 -1 -1 -1 -1 1 
24 3 Car -1.000000 -1 -1 865.0121040481787 147.56613279979388 966.1380139176662 181.2999685660291 -1 -1 -1 -1 -1 -1 -1 -1 1 
24 1 Car -1.000000 -1 -1 534.6214901804924 172.03307170134323 563.1953133757298 194.3712374338737 -1 -1 -1 -1 -1 -1 -1 -1 1 
25 3 Car -1.000000 -1 -1 870.496408691773 147.17714064396344 974.3656006501271 183.60280107993344 -1 -1 -1 -1 -1 -1 -1 -1 1 
25 1 Car -1.000000 -1 -1 531.5975313003247 175.34005617006466 563.2812254795662 197.83286109280127 -1 -1 -1 -1 -1 -1 -1 -1 1 
26 3 Car -1.000000 -1 -1 882.7523337144119 149.57915405814464 981.1594298436092 187.20522977984868 -1 -1 -1 -1 -1 -1 -1 -1 1 
26 1 Car -1.000000 -1 -1 528.8473040902844 176.89008470911244 562.748013566893 201.11601482217128 -1 -1 -1 -1 -1 -1 -1 -1 1 
27 3 Car -1.000000 -1 -1 890.5385059668467 152.3950642404648 1013.4214819853122 192.49530890240118 -1 -1 -1 -1 -1 -1 -1 -1 1 
27 1 Car -1.000000 -1 -1 526.5947542689167 178.01229072304872 562.7447507112072 203.76716951911266 -1 -1 -1 -1 -1 -1 -1 -1 1 
28 3 Car -1.000000 -1 -1 901.8027789088396 152.05276494917388 1012.1191856998664 193.51687968995134 -1 -1 -1 -1 -1 -1 -1 -1 1 
28 1 Car -1.000000 -1 -1 518.312783071628 177.1954236380183 556.9974933083241 203.9841321999064 -1 -1 -1 -1 -1 -1 -1 -1 1 
29 3 Car -1.000000 -1 -1 918.2115870278615 147.33178661992915 1020.8841546796834 191.63084978667587 -1 -1 -1 -1 -1 -1 -1 -1 1 
29 1 Car -1.000000 -1 -1 514.3392707533561 175.19992620612567 556.1211881305163 204.37086769308036 -1 -1 -1 -1 -1 -1 -1 -1 1 
30 3 Car -1.000000 -1 -1 931.6966105837088 147.04164161633415 1059.4680792414224 191.97349790841915 -1 -1 -1 -1 -1 -1 -1 -1 1 
30 1 Car -1.000000 -1 -1 513.5688380083212 177.21068322085415 555.5801791239243 204.62619302937617 -1 -1 -1 -1 -1 -1 -1 -1 1 
31 3 Car -1.000000 -1 -1 946.3321116176935 145.8764630305366 1080.3898546856183 192.88111281151384 -1 -1 -1 -1 -1 -1 -1 -1 1 
31 1 Car -1.000000 -1 -1 512.706273477811 177.06043102420293 552.9247226577538 204.5991494449285 -1 -1 -1 -1 -1 -1 -1 -1 1 
32 3 Car -1.000000 -1 -1 964.7016818706805 144.3083087204454 1115.5892426325725 192.82909916928756 -1 -1 -1 -1 -1 -1 -1 -1 1 
32 1 Car -1.000000 -1 -1 510.63252262369946 175.0320007107579 551.1592970221088 204.84964713740808 -1 -1 -1 -1 -1 -1 -1 -1 1 
33 3 Car -1.000000 -1 -1 982.1659221740869 142.01969208124166 1130.204740019945 192.97568223152598 -1 -1 -1 -1 -1 -1 -1 -1 1 
33 1 Car -1.000000 -1 -1 505.6976203563122 174.06257257438622 556.313224681295 206.5584575728728 -1 -1 -1 -1 -1 -1 -1 -1 1 
34 3 Car -1.000000 -1 -1 995.1854617045475 141.90792879232993 1160.2066827920767 195.08559639637286 -1 -1 -1 -1 -1 -1 -1 -1 1 
34 1 Car -1.000000 -1 -1 500.07685240759304 174.03502260263153 551.4311897078386 207.60023346314068 -1 -1 -1 -1 -1 -1 -1 -1 1 
35 3 Car -1.000000 -1 -1 1026.265304680054 139.88829428115142 1194.6027937256372 196.41469589864403 -1 -1 -1 -1 -1 -1 -1 -1 1 
35 1 Car -1.000000 -1 -1 498.7449585749553 176.3611280717529 552.2209623043354 211.33946487823357 -1 -1 -1 -1 -1 -1 -1 -1 1 
36 3 Car -1.000000 -1 -1 1063.0242120761138 137.76681439879422 1222.1817982655305 195.3216800487672 -1 -1 -1 -1 -1 -1 -1 -1 1 
36 1 Car -1.000000 -1 -1 499.7949551802416 176.21256531717685 549.8485300265826 211.1606486628835 -1 -1 -1 -1 -1 -1 -1 -1 1 
37 3 Car -1.000000 -1 -1 1090.877998695924 133.67924638092518 1224.493848860264 199.0750002115965 -1 -1 -1 -1 -1 -1 -1 -1 1 
37 1 Car -1.000000 -1 -1 495.29581952209656 175.4466749785038 549.5230383815674 212.68736832990095 -1 -1 -1 -1 -1 -1 -1 -1 1 
38 3 Car -1.000000 -1 -1 1105.9650891285676 132.95384592734848 1224.4731721236155 202.88744032382962 -1 -1 -1 -1 -1 -1 -1 -1 1 
38 1 Car -1.000000 -1 -1 487.90981016938497 176.20653966871592 542.54847364013 213.43718288609614 -1 -1 -1 -1 -1 -1 -1 -1 1 
39 3 Car -1.000000 -1 -1 1129.1238561582109 157.9486083239317 1190.0835481435063 203.7477789991177 -1 -1 -1 -1 -1 -1 -1 -1 1 
39 1 Car -1.000000 -1 -1 486.6129357837714 176.10339442697855 541.7775424787632 214.07473977368613 -1 -1 -1 -1 -1 -1 -1 -1 1 
40 3 Car -1.000000 -1 -1 1170.2914599730418 156.45649730299527 1225.7939326121257 207.77066025309838 -1 -1 -1 -1 -1 -1 -1 -1 1 
40 1 Car -1.000000 -1 -1 484.805558294631 176.18065814559276 540.1184480574269 215.96769971343187 -1 -1 -1 -1 -1 -1 -1 -1 1 
41 1 Car -1.000000 -1 -1 482.62883545057133 175.7922686235263 537.357929567305 218.09153451942484 -1 -1 -1 -1 -1 -1 -1 -1 1 
42 1 Car -1.000000 -1 -1 474.133885798546 178.18414676361363 537.8758328029743 223.17413024317761 -1 -1 -1 -1 -1 -1 -1 -1 1 
43 1 Car -1.000000 -1 -1 470.6501548634126 174.66846517287195 534.2824867528219 220.48450487522553 -1 -1 -1 -1 -1 -1 -1 -1 1 
44 1 Car -1.000000 -1 -1 469.2833990706847 173.68541730137974 535.0953038266072 220.88348036775224 -1 -1 -1 -1 -1 -1 -1 -1 1 
45 1 Car -1.000000 -1 -1 465.6298123391775 172.90770203448258 532.9606347290369 221.45933455572677 -1 -1 -1 -1 -1 -1 -1 -1 1 
46 1 Car -1.000000 -1 -1 458.12237722827837 174.65542689252356 528.8304055493611 227.63708210621888 -1 -1 -1 -1 -1 -1 -1 -1 1 
47 5 Car -1.000000 -1 -1 922.0430420981004 163.3314013058463 1005.3274788971131 188.6767738792472 -1 -1 -1 -1 -1 -1 -1 -1 1 
47 1 Car -1.000000 -1 -1 454.25547777689417 175.2881514710876 524.9489113734319 229.87207295516365 -1 -1 -1 -1 -1 -1 -1 -1 1 
48 5 Car -1.000000 -1 -1 935.1717470815548 161.83769710254498 1016.746650235011 187.39976932903608 -1 -1 -1 -1 -1 -1 -1 -1 1 
48 1 Car -1.000000 -1 -1 444.2136138562973 175.14861337912197 527.874512472978 232.56568569904908 -1 -1 -1 -1 -1 -1 -1 -1 1 
49 5 Car -1.000000 -1 -1 941.4587012460598 160.7403429124791 1025.284799096676 187.1748020628897 -1 -1 -1 -1 -1 -1 -1 -1 1 
49 1 Car -1.000000 -1 -1 441.0655498355627 173.41657420190484 523.4156699696413 234.93004655035645 -1 -1 -1 -1 -1 -1 -1 -1 1 
50 5 Car -1.000000 -1 -1 957.5934617565227 159.48434570875878 1049.106980887743 187.7075933700857 -1 -1 -1 -1 -1 -1 -1 -1 1 
50 1 Car -1.000000 -1 -1 435.7506223894083 174.94326359807297 521.6855958539707 237.62687921667327 -1 -1 -1 -1 -1 -1 -1 -1 1 
51 5 Car -1.000000 -1 -1 959.623861876818 160.53742731061692 1059.5863943696022 188.99090307048306 -1 -1 -1 -1 -1 -1 -1 -1 1 
51 1 Car -1.000000 -1 -1 428.4276769080987 176.33417964698032 520.1935669218118 242.21781633651028 -1 -1 -1 -1 -1 -1 -1 -1 1 
52 5 Car -1.000000 -1 -1 971.7416648956446 162.18977000815076 1062.8141350287658 190.7641509064258 -1 -1 -1 -1 -1 -1 -1 -1 1 
52 1 Car -1.000000 -1 -1 416.6025186353005 177.25640285903444 512.4780964816993 245.51662566140294 -1 -1 -1 -1 -1 -1 -1 -1 1 
53 5 Car -1.000000 -1 -1 982.0040333225176 161.59700884841953 1078.0744147896764 190.8189599502545 -1 -1 -1 -1 -1 -1 -1 -1 1 
53 1 Car -1.000000 -1 -1 406.15111836103296 179.0643150187456 510.77187023713043 244.53530807907765 -1 -1 -1 -1 -1 -1 -1 -1 1 
54 1 Car -1.000000 -1 -1 398.26069466884326 181.10546868437757 507.3736810134008 253.24423019845898 -1 -1 -1 -1 -1 -1 -1 -1 1 
55 1 Car -1.000000 -1 -1 382.8979238844835 180.67402987955853 504.1673827790297 260.1929431996093 -1 -1 -1 -1 -1 -1 -1 -1 1 
56 1 Car -1.000000 -1 -1 376.84425802643483 180.99779336498335 501.09280009223863 260.942739466062 -1 -1 -1 -1 -1 -1 -1 -1 1 
57 1 Car -1.000000 -1 -1 363.35772413932364 180.7838491278772 497.4952720449521 264.9761383822904 -1 -1 -1 -1 -1 -1 -1 -1 1 
58 6 Car -1.000000 -1 -1 472.8121442611401 170.0164525325482 499.7176020879012 191.50959950227005 -1 -1 -1 -1 -1 -1 -1 -1 1 
58 1 Car -1.000000 -1 -1 353.8808283719879 180.47692577712812 488.6984278324705 268.7656577361318 -1 -1 -1 -1 -1 -1 -1 -1 1 
59 6 Car -1.000000 -1 -1 471.4889625425522 169.4959688702455 498.5261559096666 191.47866428471528 -1 -1 -1 -1 -1 -1 -1 -1 1 
59 1 Car -1.000000 -1 -1 339.6623073168672 182.66917466400906 485.1781313425073 280.32996884475534 -1 -1 -1 -1 -1 -1 -1 -1 1 
60 6 Car -1.000000 -1 -1 469.7235308564627 169.75486107743703 497.3836927276392 191.4920935149376 -1 -1 -1 -1 -1 -1 -1 -1 1 
60 1 Car -1.000000 -1 -1 325.1995381449278 185.7168829999864 479.6601593070306 277.75374356513987 -1 -1 -1 -1 -1 -1 -1 -1 1 
61 6 Car -1.000000 -1 -1 468.97635075908437 169.51711223675656 496.952345836621 191.67939108151657 -1 -1 -1 -1 -1 -1 -1 -1 1 
61 1 Car -1.000000 -1 -1 306.07411014174033 184.25553686343704 476.1366231985963 288.1160739981211 -1 -1 -1 -1 -1 -1 -1 -1 1 
62 6 Car -1.000000 -1 -1 467.45401576390634 169.30541032208848 497.3475640324446 191.85523916322452 -1 -1 -1 -1 -1 -1 -1 -1 1 
62 1 Car -1.000000 -1 -1 287.42177841239254 184.42260183967076 474.4195422811004 297.2823751316621 -1 -1 -1 -1 -1 -1 -1 -1 1 
63 6 Car -1.000000 -1 -1 466.16002840491444 169.5094767728677 496.65393440310777 191.78166117232578 -1 -1 -1 -1 -1 -1 -1 -1 1 
63 1 Car -1.000000 -1 -1 261.2102528248842 181.0756259210981 462.27113497371863 307.16051060706377 -1 -1 -1 -1 -1 -1 -1 -1 1 
64 6 Car -1.000000 -1 -1 464.9292178589564 169.00096000960238 495.57461857107967 191.84785922559405 -1 -1 -1 -1 -1 -1 -1 -1 1 
64 1 Car -1.000000 -1 -1 242.7599414059749 183.68221662652033 454.54644172695964 310.8035942768821 -1 -1 -1 -1 -1 -1 -1 -1 1 
65 6 Car -1.000000 -1 -1 463.5371799767018 169.48013260387455 495.122097930083 192.67567736025038 -1 -1 -1 -1 -1 -1 -1 -1 1 
65 1 Car -1.000000 -1 -1 225.3607882777086 184.07599637428157 444.31811310121645 320.3873239543576 -1 -1 -1 -1 -1 -1 -1 -1 1 
66 6 Car -1.000000 -1 -1 463.0858343495772 170.09290726138994 494.3335815461782 193.42500016093254 -1 -1 -1 -1 -1 -1 -1 -1 1 
66 1 Car -1.000000 -1 -1 193.72591995849058 187.97852645699794 443.5419936397901 335.5021607073454 -1 -1 -1 -1 -1 -1 -1 -1 1 
67 6 Car -1.000000 -1 -1 461.0161456236472 171.11494146860565 493.4960642777956 194.07493893916794 -1 -1 -1 -1 -1 -1 -1 -1 1 
67 1 Car -1.000000 -1 -1 169.08578119713528 188.9030395448208 441.14531433696936 345.1453442413074 -1 -1 -1 -1 -1 -1 -1 -1 1 
68 6 Car -1.000000 -1 -1 460.7415031423936 171.4038354273026 492.2713378484433 194.5512691484048 -1 -1 -1 -1 -1 -1 -1 -1 1 
68 1 Car -1.000000 -1 -1 128.61261514058478 191.27547711993637 424.4642679553765 358.418825695721 -1 -1 -1 -1 -1 -1 -1 -1 1 
69 6 Car -1.000000 -1 -1 460.2311195570689 171.16228104783937 491.9526912730474 194.36269119381905 -1 -1 -1 -1 -1 -1 -1 -1 1 
69 1 Car -1.000000 -1 -1 92.31606219938169 191.22743065540607 425.31606094080666 366.93975476118237 -1 -1 -1 -1 -1 -1 -1 -1 1 
70 6 Car -1.000000 -1 -1 459.8301087182302 171.57330934817972 491.1854380804759 194.48849705549384 -1 -1 -1 -1 -1 -1 -1 -1 1 
70 1 Car -1.000000 -1 -1 60.31955074117732 193.63820671175534 417.337890544763 367.54435989432613 -1 -1 -1 -1 -1 -1 -1 -1 1 
71 6 Car -1.000000 -1 -1 460.1782109622772 171.72792160740266 490.06393258617476 194.8652920470788 -1 -1 -1 -1 -1 -1 -1 -1 1 
71 1 Car -1.000000 -1 -1 15.42365561884182 194.01314441974347 405.3298883632972 368.8415045921619 -1 -1 -1 -1 -1 -1 -1 -1 1 
72 6 Car -1.000000 -1 -1 458.96447354325886 171.5598213787262 489.60983426983546 194.9397165614825 -1 -1 -1 -1 -1 -1 -1 -1 1 
72 1 Car -1.000000 -1 -1 -2.249749956222672 196.76818103744432 398.87588317806905 367.67249337755715 -1 -1 -1 -1 -1 -1 -1 -1 1 
73 6 Car -1.000000 -1 -1 458.9423348789032 171.44882755783888 489.31170694415385 194.57139825591673 -1 -1 -1 -1 -1 -1 -1 -1 1 
73 1 Car -1.000000 -1 -1 -2.4984437467960277 197.01942431525543 393.145205659362 367.4523288785265 -1 -1 -1 -1 -1 -1 -1 -1 1 
74 6 Car -1.000000 -1 -1 453.59327099988093 171.52526564036427 482.8163945846833 194.31269636807536 -1 -1 -1 -1 -1 -1 -1 -1 1 
74 1 Car -1.000000 -1 -1 -0.8590037123515231 198.8174276225842 388.0534885835189 365.98096489333193 -1 -1 -1 -1 -1 -1 -1 -1 1 
75 6 Car -1.000000 -1 -1 455.324582299934 169.99645956433739 481.3546167354171 194.39823076128962 -1 -1 -1 -1 -1 -1 -1 -1 1 
75 1 Car -1.000000 -1 -1 -7.050750361039093 204.1592071291346 370.7930561900139 369.5236412693675 -1 -1 -1 -1 -1 -1 -1 -1 1 
76 1 Car -1.000000 -1 -1 -6.773112997412682 206.36252926232723 362.57112969228854 369.7953100015337 -1 -1 -1 -1 -1 -1 -1 -1 1 
77 7 Car -1.000000 -1 -1 1192.7547627733304 165.22294023862253 1226.1086097451357 201.3276698726874 -1 -1 -1 -1 -1 -1 -1 -1 1 
77 1 Car -1.000000 -1 -1 -4.9587162033869845 207.96667105303362 356.3569085357281 370.25287154202283 -1 -1 -1 -1 -1 -1 -1 -1 1 
78 1 Car -1.000000 -1 -1 -4.327622215335197 211.03660243348435 350.92853665695736 370.3568841946813 -1 -1 -1 -1 -1 -1 -1 -1 1 
79 1 Car -1.000000 -1 -1 -0.7179608345031738 210.59261106026287 341.26308246759265 370.84120927450175 -1 -1 -1 -1 -1 -1 -1 -1 1 
80 1 Car -1.000000 -1 -1 0.7384222103999036 211.01388532739995 332.64617189994226 371.32406112881233 -1 -1 -1 -1 -1 -1 -1 -1 1 
81 1 Car -1.000000 -1 -1 -1.5455537954202043 212.87279970657366 322.0173473369616 371.3056186271401 -1 -1 -1 -1 -1 -1 -1 -1 1 
82 6 Car -1.000000 -1 -1 447.60808477493435 170.55964495127017 481.58859786162014 195.1089249895169 -1 -1 -1 -1 -1 -1 -1 -1 1 
82 1 Car -1.000000 -1 -1 0.42480644812951596 214.71384158787816 312.7458002383892 371.126941943971 -1 -1 -1 -1 -1 -1 -1 -1 1 
83 6 Car -1.000000 -1 -1 447.43363414819424 170.4679120847812 480.26697452710226 194.76689089949315 -1 -1 -1 -1 -1 -1 -1 -1 1 
83 1 Car -1.000000 -1 -1 -2.2934389011218173 215.74178969057704 310.03414864608874 371.0890972327727 -1 -1 -1 -1 -1 -1 -1 -1 1 
84 6 Car -1.000000 -1 -1 446.9245051970849 170.67100011385403 480.5499255840595 194.75837010603684 -1 -1 -1 -1 -1 -1 -1 -1 1 
84 1 Car -1.000000 -1 -1 -2.8703985970753934 217.38400012254712 303.4717605320307 370.6106666188973 -1 -1 -1 -1 -1 -1 -1 -1 1 
85 6 Car -1.000000 -1 -1 447.1050522166949 170.97344353795052 479.7925232167427 195.31594451803426 -1 -1 -1 -1 -1 -1 -1 -1 1 
85 1 Car -1.000000 -1 -1 -2.163237016934602 219.44408664050007 300.8519934461667 370.799945733295 -1 -1 -1 -1 -1 -1 -1 -1 1 
86 6 Car -1.000000 -1 -1 447.06601159159953 171.21513448082482 479.9901338930313 195.581819907977 -1 -1 -1 -1 -1 -1 -1 -1 1 
86 1 Car -1.000000 -1 -1 -2.0062428873318936 220.43006789512359 298.27734689299876 371.15372109585087 -1 -1 -1 -1 -1 -1 -1 -1 1 
87 6 Car -1.000000 -1 -1 446.67251417728573 170.84485911979127 479.9978283047676 196.3044059677766 -1 -1 -1 -1 -1 -1 -1 -1 1 
87 1 Car -1.000000 -1 -1 -1.9685864987281718 221.12611781805754 293.86087749439935 370.9150262778768 -1 -1 -1 -1 -1 -1 -1 -1 1 
88 6 Car -1.000000 -1 -1 446.5218272415491 170.9439082013873 480.03713935842876 196.36748564644503 -1 -1 -1 -1 -1 -1 -1 -1 1 
88 5 Car -1.000000 -1 -1 1109.16768098336 148.21130739166762 1222.0893439650536 186.56186383145933 -1 -1 -1 -1 -1 -1 -1 -1 1 
88 1 Car -1.000000 -1 -1 -1.562951717239173 221.83550228866244 290.4384300215886 370.85832500113884 -1 -1 -1 -1 -1 -1 -1 -1 1 
89 6 Car -1.000000 -1 -1 446.28951182904154 170.91155126117744 479.89589436065694 196.41813869086596 -1 -1 -1 -1 -1 -1 -1 -1 1 
89 5 Car -1.000000 -1 -1 1093.8344738987776 148.1693174295987 1221.4201669005247 189.5235744340775 -1 -1 -1 -1 -1 -1 -1 -1 1 
89 1 Car -1.000000 -1 -1 -1.6964276811251011 222.21790412011057 291.3568685662288 370.8580513441792 -1 -1 -1 -1 -1 -1 -1 -1 1 
90 6 Car -1.000000 -1 -1 446.30471589473575 171.18605707700436 479.8232906919259 195.9410898272808 -1 -1 -1 -1 -1 -1 -1 -1 1 
90 5 Car -1.000000 -1 -1 1077.8132060491123 145.55664212442935 1220.6471179081846 190.696382811293 -1 -1 -1 -1 -1 -1 -1 -1 1 
90 1 Car -1.000000 -1 -1 -1.623688710423636 222.5490862962145 289.7663175268815 370.9480188529079 -1 -1 -1 -1 -1 -1 -1 -1 1 
91 6 Car -1.000000 -1 -1 446.321097692618 171.19991020514416 479.70880821347237 195.95512617092868 -1 -1 -1 -1 -1 -1 -1 -1 1 
91 5 Car -1.000000 -1 -1 1061.3901023956444 152.73035206617072 1180.3484254525256 192.00126823181145 -1 -1 -1 -1 -1 -1 -1 -1 1 
91 1 Car -1.000000 -1 -1 -1.7357948548518891 222.75551260090788 290.17608449894647 370.861108434888 -1 -1 -1 -1 -1 -1 -1 -1 1 
92 6 Car -1.000000 -1 -1 446.326147797016 171.1942784488201 479.6871437636706 195.9985249202985 -1 -1 -1 -1 -1 -1 -1 -1 1 
92 5 Car -1.000000 -1 -1 1041.5387340738223 152.62925466594214 1177.0120938695395 192.1581715065986 -1 -1 -1 -1 -1 -1 -1 -1 1 
92 1 Car -1.000000 -1 -1 -2.1037365943193436 222.73088930604547 290.52470971185426 370.79586282659034 -1 -1 -1 -1 -1 -1 -1 -1 1 
93 6 Car -1.000000 -1 -1 445.8110808168466 170.62203587534336 480.16718901693815 197.16548757770886 -1 -1 -1 -1 -1 -1 -1 -1 1 
93 5 Car -1.000000 -1 -1 1034.4729182811884 152.48481606276562 1171.0936570259241 193.74190682187103 -1 -1 -1 -1 -1 -1 -1 -1 1 
93 1 Car -1.000000 -1 -1 -1.883518826503007 223.49995951526438 290.3522276717883 370.68267190399075 -1 -1 -1 -1 -1 -1 -1 -1 1 
94 6 Car -1.000000 -1 -1 446.49642870288625 173.79298431368974 479.1164714441849 200.5301594848816 -1 -1 -1 -1 -1 -1 -1 -1 1 
94 1 Car -1.000000 -1 -1 -1.8149541364266497 225.94573111201709 290.9933685545738 370.5109576221842 -1 -1 -1 -1 -1 -1 -1 -1 1 
95 6 Car -1.000000 -1 -1 446.4418137073517 174.3266185659629 479.7059836204235 200.46299106799643 -1 -1 -1 -1 -1 -1 -1 -1 1 
95 1 Car -1.000000 -1 -1 -1.5682501529271917 226.04053220210167 289.7763823098861 370.4382543581037 -1 -1 -1 -1 -1 -1 -1 -1 1 
96 6 Car -1.000000 -1 -1 446.51880447451884 173.87586791354877 479.2092344050224 200.4997717933013 -1 -1 -1 -1 -1 -1 -1 -1 1 
96 1 Car -1.000000 -1 -1 -1.2950422408489146 225.90250126444374 290.0262807527414 370.49736351921007 -1 -1 -1 -1 -1 -1 -1 -1 1 
97 6 Car -1.000000 -1 -1 446.466725404446 174.02531896646204 479.3024354531215 200.42860083855112 -1 -1 -1 -1 -1 -1 -1 -1 1 
97 1 Car -1.000000 -1 -1 -1.4555815802170855 226.2598938609545 290.0979146842773 370.4244604993325 -1 -1 -1 -1 -1 -1 -1 -1 1 
98 6 Car -1.000000 -1 -1 446.47241843434483 173.9128615420598 479.21330591577754 200.50210036910494 -1 -1 -1 -1 -1 -1 -1 -1 1 
98 1 Car -1.000000 -1 -1 -1.2792067367296909 225.8988716252721 289.871155245946 370.6411428434344 -1 -1 -1 -1 -1 -1 -1 -1 1 
99 6 Car -1.000000 -1 -1 446.7334363666864 173.76881428636037 479.1183220033462 200.5459134739179 -1 -1 -1 -1 -1 -1 -1 -1 1 
99 1 Car -1.000000 -1 -1 -1.5296437568389365 226.35913336792817 289.6199462241851 370.62515665418823 -1 -1 -1 -1 -1 -1 -1 -1 1 
100 6 Car -1.000000 -1 -1 446.4492306755139 174.03448928434116 479.3059562857334 200.40508924195402 -1 -1 -1 -1 -1 -1 -1 -1 1 
100 1 Car -1.000000 -1 -1 -1.4062483597260211 226.2923578889324 289.82681741278907 370.4627210503587 -1 -1 -1 -1 -1 -1 -1 -1 1 
101 6 Car -1.000000 -1 -1 446.5795179674259 173.95121147426275 479.1686455676189 200.43856212152883 -1 -1 -1 -1 -1 -1 -1 -1 1 
101 1 Car -1.000000 -1 -1 -1.5892946513799302 225.06151038007096 290.4262072466887 370.6552523460526 -1 -1 -1 -1 -1 -1 -1 -1 1 
102 6 Car -1.000000 -1 -1 446.6090890329618 173.94270637287545 479.1753785724823 200.44116021922002 -1 -1 -1 -1 -1 -1 -1 -1 1 
102 1 Car -1.000000 -1 -1 -1.831729476268464 225.79997416299125 290.1289354012563 370.4448241396592 -1 -1 -1 -1 -1 -1 -1 -1 1 
103 6 Car -1.000000 -1 -1 446.4471331880643 173.88762911924948 479.25600241239255 200.48621024076755 -1 -1 -1 -1 -1 -1 -1 -1 1 
103 1 Car -1.000000 -1 -1 -1.907276905499998 225.9530174273711 290.34764511768634 370.5310382751318 -1 -1 -1 -1 -1 -1 -1 -1 1 
104 9 Car -1.000000 -1 -1 847.6786599755287 163.03216311937342 950.4995192885399 199.37194923798626 -1 -1 -1 -1 -1 -1 -1 -1 1 
104 6 Car -1.000000 -1 -1 446.56163145028626 173.90599329311115 479.28397616056293 200.4750020744709 -1 -1 -1 -1 -1 -1 -1 -1 1 
104 1 Car -1.000000 -1 -1 -1.5041717359652864 225.53777739692194 289.4960732803895 370.60369753780276 -1 -1 -1 -1 -1 -1 -1 -1 1 
105 9 Car -1.000000 -1 -1 826.1527958695706 164.33708596759692 928.7652589311967 198.69327396082764 -1 -1 -1 -1 -1 -1 -1 -1 1 
105 6 Car -1.000000 -1 -1 446.6015510559082 173.9379421335 479.1870357623467 200.44857981113284 -1 -1 -1 -1 -1 -1 -1 -1 1 
105 1 Car -1.000000 -1 -1 -1.6429654268117986 225.70273454659258 289.5779724487892 370.59067693753883 -1 -1 -1 -1 -1 -1 -1 -1 1 
106 9 Car -1.000000 -1 -1 812.6763309744688 163.99695806635114 915.5284295219641 199.3438656298587 -1 -1 -1 -1 -1 -1 -1 -1 1 
106 6 Car -1.000000 -1 -1 446.58940983047853 173.91794746884935 479.1242202222347 200.43481786663716 -1 -1 -1 -1 -1 -1 -1 -1 1 
106 1 Car -1.000000 -1 -1 -1.7828501268075172 225.47933186189488 290.3093289675621 370.7629540132789 -1 -1 -1 -1 -1 -1 -1 -1 1 
107 9 Car -1.000000 -1 -1 822.3247725413396 163.83770524882354 895.7232858951276 199.2047553853347 -1 -1 -1 -1 -1 -1 -1 -1 1 
107 6 Car -1.000000 -1 -1 446.6105495576675 173.90573755479772 479.1236288570441 200.4595360561059 -1 -1 -1 -1 -1 -1 -1 -1 1 
107 1 Car -1.000000 -1 -1 -2.473635345697403 225.5435365982927 292.4887213729895 370.74584414466074 -1 -1 -1 -1 -1 -1 -1 -1 1 
108 6 Car -1.000000 -1 -1 446.63160966451346 173.92089142822303 479.0845233431229 200.43640806697883 -1 -1 -1 -1 -1 -1 -1 -1 1 
108 1 Car -1.000000 -1 -1 -1.9468629474823445 225.52209815726832 291.6896431927497 370.75028595442956 -1 -1 -1 -1 -1 -1 -1 -1 1 
109 6 Car -1.000000 -1 -1 446.72613339240735 173.92304081756336 478.88552369521216 200.4460557206319 -1 -1 -1 -1 -1 -1 -1 -1 1 
109 1 Car -1.000000 -1 -1 -1.7746846572711092 225.38648029932608 291.12396222696856 370.5817083899791 -1 -1 -1 -1 -1 -1 -1 -1 1 
110 6 Car -1.000000 -1 -1 446.68976548543344 173.8974379346921 478.9464637728838 200.49657209561423 -1 -1 -1 -1 -1 -1 -1 -1 1 
110 1 Car -1.000000 -1 -1 -1.3787544381160046 225.62216467868822 290.6792075507916 370.53819163200944 -1 -1 -1 -1 -1 -1 -1 -1 1 
111 6 Car -1.000000 -1 -1 446.6755057275295 173.93451829369252 478.9484276244274 200.4389402155693 -1 -1 -1 -1 -1 -1 -1 -1 1 
111 1 Car -1.000000 -1 -1 -1.3851647526025772 225.74624907798488 289.5696815859813 370.4206181690097 -1 -1 -1 -1 -1 -1 -1 -1 1 
112 9 Car -1.000000 -1 -1 732.5120291686975 166.98394120993237 812.0353328471 198.76771866021534 -1 -1 -1 -1 -1 -1 -1 -1 1 
112 6 Car -1.000000 -1 -1 446.6762728186754 173.9176431699441 478.9425508013138 200.4338892778525 -1 -1 -1 -1 -1 -1 -1 -1 1 
112 1 Car -1.000000 -1 -1 -1.647163032339165 225.73766381981278 290.73110493215233 370.547277339949 -1 -1 -1 -1 -1 -1 -1 -1 1 
113 9 Car -1.000000 -1 -1 721.9848911831012 167.21808603033423 804.9875435210191 198.85029916723187 -1 -1 -1 -1 -1 -1 -1 -1 1 
113 6 Car -1.000000 -1 -1 446.74372457770204 173.85950956780175 478.9887702350433 200.45370878508456 -1 -1 -1 -1 -1 -1 -1 -1 1 
113 1 Car -1.000000 -1 -1 -2.0045140385627747 225.9824394205442 291.52973923774863 370.4745970838345 -1 -1 -1 -1 -1 -1 -1 -1 1 
114 9 Car -1.000000 -1 -1 707.7148380531714 167.90731900837272 790.0152263389184 198.55825366058315 -1 -1 -1 -1 -1 -1 -1 -1 1 
114 6 Car -1.000000 -1 -1 446.8670698175064 173.90041794341343 478.9167439891742 200.40771533090333 -1 -1 -1 -1 -1 -1 -1 -1 1 
114 1 Car -1.000000 -1 -1 -1.7870593070983887 225.7089193423207 291.81343669157764 370.5526821974379 -1 -1 -1 -1 -1 -1 -1 -1 1 
115 9 Car -1.000000 -1 -1 699.3041147108262 168.41231424074905 776.2878353022612 197.66992238851694 -1 -1 -1 -1 -1 -1 -1 -1 1 
115 6 Car -1.000000 -1 -1 446.9042251591499 173.89753972108548 478.900602806073 200.4260782324351 -1 -1 -1 -1 -1 -1 -1 -1 1 
115 1 Car -1.000000 -1 -1 -1.8614759170092157 225.65610344306782 292.83217442035675 370.5626833467529 -1 -1 -1 -1 -1 -1 -1 -1 1 
116 9 Car -1.000000 -1 -1 691.0373158363196 167.862396100536 766.0452179817054 197.66986150222903 -1 -1 -1 -1 -1 -1 -1 -1 1 
116 6 Car -1.000000 -1 -1 446.9569348784594 173.9227452129126 478.87716531295047 200.4365535366994 -1 -1 -1 -1 -1 -1 -1 -1 1 
116 1 Car -1.000000 -1 -1 -1.6907120278248442 225.87469046505598 291.7165843317142 370.49378848419735 -1 -1 -1 -1 -1 -1 -1 -1 1 
117 9 Car -1.000000 -1 -1 685.0360294660696 169.22746972395822 752.9711201019012 197.33072092899909 -1 -1 -1 -1 -1 -1 -1 -1 1 
117 6 Car -1.000000 -1 -1 446.9214101754702 173.9330224578197 478.87140248372003 200.40399737082993 -1 -1 -1 -1 -1 -1 -1 -1 1 
117 1 Car -1.000000 -1 -1 -1.4538781608526392 225.49007658201913 291.58089004686246 370.568091279039 -1 -1 -1 -1 -1 -1 -1 -1 1 
118 9 Car -1.000000 -1 -1 679.3709087773011 168.88996194761532 744.710404291749 196.86975261912895 -1 -1 -1 -1 -1 -1 -1 -1 1 
118 6 Car -1.000000 -1 -1 446.89604916710124 173.8504342505565 478.8958318990011 200.4535838846977 -1 -1 -1 -1 -1 -1 -1 -1 1 
118 1 Car -1.000000 -1 -1 -1.7986763360408702 225.43701130610242 292.60168808354786 370.4908835429411 -1 -1 -1 -1 -1 -1 -1 -1 1 
119 9 Car -1.000000 -1 -1 672.9910945817828 169.27642473807703 728.6256747320294 196.8234947323799 -1 -1 -1 -1 -1 -1 -1 -1 1 
119 6 Car -1.000000 -1 -1 447.10918791477496 173.8446192787244 478.7174679499406 200.49513860390738 -1 -1 -1 -1 -1 -1 -1 -1 1 
119 1 Car -1.000000 -1 -1 -1.7707580064351873 225.124488060291 292.69315958137696 370.50735088495105 -1 -1 -1 -1 -1 -1 -1 -1 1 
120 9 Car -1.000000 -1 -1 669.9201468091745 168.75185371591493 723.0141721184438 196.9757158595782 -1 -1 -1 -1 -1 -1 -1 -1 1 
120 6 Car -1.000000 -1 -1 446.8890366141613 173.91824689048988 478.8172809940118 200.441329651154 -1 -1 -1 -1 -1 -1 -1 -1 1 
120 1 Car -1.000000 -1 -1 -1.3581687211990356 225.33079423583473 291.9098186951417 370.48697452132524 -1 -1 -1 -1 -1 -1 -1 -1 1 
121 9 Car -1.000000 -1 -1 664.8192509458617 168.8949420589667 717.340939975702 196.10413296864584 -1 -1 -1 -1 -1 -1 -1 -1 1 
121 6 Car -1.000000 -1 -1 447.39996631787375 173.8810937966292 478.7734470138183 200.50991395918226 -1 -1 -1 -1 -1 -1 -1 -1 1 
121 1 Car -1.000000 -1 -1 -1.442656953747445 225.48964473203972 292.21250174251884 370.5139045503277 -1 -1 -1 -1 -1 -1 -1 -1 1 
122 9 Car -1.000000 -1 -1 664.3850605212724 169.1100404583491 710.3917865753173 195.3117445569772 -1 -1 -1 -1 -1 -1 -1 -1 1 
122 6 Car -1.000000 -1 -1 447.7245791577376 173.80192349163386 478.45091903438936 200.56317623418113 -1 -1 -1 -1 -1 -1 -1 -1 1 
122 1 Car -1.000000 -1 -1 -1.2336884530691066 225.72468361602378 291.6219504681917 370.5183537820211 -1 -1 -1 -1 -1 -1 -1 -1 1 
123 9 Car -1.000000 -1 -1 657.4018639876292 170.64719058000125 689.7980276529605 194.67329364556534 -1 -1 -1 -1 -1 -1 -1 -1 1 
123 6 Car -1.000000 -1 -1 447.75374230054706 173.79705767792 478.4967940312165 200.46643802179736 -1 -1 -1 -1 -1 -1 -1 -1 1 
123 1 Car -1.000000 -1 -1 -1.166251776310105 225.7287076774698 291.155859293846 370.4861874792438 -1 -1 -1 -1 -1 -1 -1 -1 1 
124 6 Car -1.000000 -1 -1 447.7443853318691 174.10591173630493 478.6731530909355 199.929391168631 -1 -1 -1 -1 -1 -1 -1 -1 1 
124 1 Car -1.000000 -1 -1 -1.2092464107733463 225.77089686519827 291.13702084009464 370.46992158947086 -1 -1 -1 -1 -1 -1 -1 -1 1 
125 6 Car -1.000000 -1 -1 448.21011488254254 174.55850472243935 478.7849158507127 199.40981891865917 -1 -1 -1 -1 -1 -1 -1 -1 1 
125 1 Car -1.000000 -1 -1 -1.3503576849515468 225.69327986297702 291.47502375222166 370.52733908192477 -1 -1 -1 -1 -1 -1 -1 -1 1 
126 10 Car -1.000000 -1 -1 654.0757799286108 170.64706207467958 689.8591108367992 193.44308675481722 -1 -1 -1 -1 -1 -1 -1 -1 1 
126 6 Car -1.000000 -1 -1 446.44190306101854 174.50003321067643 479.6883623582812 199.78237058394228 -1 -1 -1 -1 -1 -1 -1 -1 1 
126 1 Car -1.000000 -1 -1 -1.1582306405672682 225.49616807355332 291.44800194066306 370.45685274669756 -1 -1 -1 -1 -1 -1 -1 -1 1 
127 11 Car -1.000000 -1 -1 631.8338265923353 167.7666042630489 657.075367968816 179.48091018658417 -1 -1 -1 -1 -1 -1 -1 -1 1 
127 10 Car -1.000000 -1 -1 653.5081679064493 169.69094494787547 685.7614000783516 193.005649338548 -1 -1 -1 -1 -1 -1 -1 -1 1 
127 6 Car -1.000000 -1 -1 452.7583126311119 174.0419136474912 478.9128439953694 199.43685200638498 -1 -1 -1 -1 -1 -1 -1 -1 1 
127 1 Car -1.000000 -1 -1 -1.1189657105849449 225.60643168309562 291.22376527465303 370.4918315347571 -1 -1 -1 -1 -1 -1 -1 -1 1 
128 11 Car -1.000000 -1 -1 630.6847885938791 167.84850901709152 655.4475935422457 179.38363780769018 -1 -1 -1 -1 -1 -1 -1 -1 1 
128 10 Car -1.000000 -1 -1 651.9039333921212 169.31735007808757 684.2807777248895 192.68574170195137 -1 -1 -1 -1 -1 -1 -1 -1 1 
128 1 Car -1.000000 -1 -1 -1.1125539930966966 225.9489704639866 290.8345136940479 370.4831266775727 -1 -1 -1 -1 -1 -1 -1 -1 1 
129 11 Car -1.000000 -1 -1 631.9044098510192 168.1089492256825 656.6353210646372 179.17346862646252 -1 -1 -1 -1 -1 -1 -1 -1 1 
129 10 Car -1.000000 -1 -1 650.8174029749174 169.381760719877 683.0553438319611 192.2239862439724 -1 -1 -1 -1 -1 -1 -1 -1 1 
129 1 Car -1.000000 -1 -1 -1.121432888966325 225.9299742602385 291.1801578792242 370.5037497671751 -1 -1 -1 -1 -1 -1 -1 -1 1 
130 11 Car -1.000000 -1 -1 631.0401860956962 168.18813161781202 654.1041377484798 178.83196022074958 -1 -1 -1 -1 -1 -1 -1 -1 1 
130 10 Car -1.000000 -1 -1 649.6290598855569 169.88999396562576 680.1155664531084 191.6455089358183 -1 -1 -1 -1 -1 -1 -1 -1 1 
130 1 Car -1.000000 -1 -1 -1.072621409709626 226.09305822218838 291.2052116302343 370.4571908683731 -1 -1 -1 -1 -1 -1 -1 -1 1 
131 11 Car -1.000000 -1 -1 630.7999676626463 168.1556015347059 653.2720532531922 178.80929323916254 -1 -1 -1 -1 -1 -1 -1 -1 1 
131 10 Car -1.000000 -1 -1 649.7671299783083 170.44547942395394 678.535979520816 191.78693073873336 -1 -1 -1 -1 -1 -1 -1 -1 1 
131 1 Car -1.000000 -1 -1 -0.9658219436039985 226.18314469376435 290.9914809912443 370.4070877885589 -1 -1 -1 -1 -1 -1 -1 -1 1 
132 11 Car -1.000000 -1 -1 631.6388640816394 168.07012450236542 651.7742048456118 178.88268186495856 -1 -1 -1 -1 -1 -1 -1 -1 1 
132 1 Car -1.000000 -1 -1 -1.2785580238470686 226.07121327175543 291.0108550408712 370.46633457335145 -1 -1 -1 -1 -1 -1 -1 -1 1 
133 11 Car -1.000000 -1 -1 631.392856162328 168.1109313036387 651.1833552580614 178.74602239292403 -1 -1 -1 -1 -1 -1 -1 -1 1 
133 1 Car -1.000000 -1 -1 -1.4581169795531537 226.08518366630258 291.4469051441321 370.43750166893005 -1 -1 -1 -1 -1 -1 -1 -1 1 
134 11 Car -1.000000 -1 -1 630.7887222537628 167.89378593747432 652.4099932771463 178.56466681911394 -1 -1 -1 -1 -1 -1 -1 -1 1 
134 6 Car -1.000000 -1 -1 446.26355814016785 174.07327053638605 478.0503252377877 200.36045145529965 -1 -1 -1 -1 -1 -1 -1 -1 1 
134 1 Car -1.000000 -1 -1 -1.5287500447951743 226.27521398548896 291.6316303026218 370.44943760793944 -1 -1 -1 -1 -1 -1 -1 -1 1 
135 6 Car -1.000000 -1 -1 446.2938471917923 174.0677592272942 479.88894380285194 200.22257203092943 -1 -1 -1 -1 -1 -1 -1 -1 1 
135 1 Car -1.000000 -1 -1 -1.473181008146355 226.35215209367186 291.5671157275255 370.43431946577937 -1 -1 -1 -1 -1 -1 -1 -1 1 
136 6 Car -1.000000 -1 -1 446.5574666399222 174.13134115819744 479.6279423557795 200.31928034356002 -1 -1 -1 -1 -1 -1 -1 -1 1 
136 1 Car -1.000000 -1 -1 -1.6179981357776398 226.35545389583476 291.781802336757 370.3854292344588 -1 -1 -1 -1 -1 -1 -1 -1 1 
137 6 Car -1.000000 -1 -1 446.714957432105 174.0054884323707 479.45484737937267 200.4152439190791 -1 -1 -1 -1 -1 -1 -1 -1 1 
137 1 Car -1.000000 -1 -1 -1.7030431846013414 226.40542910649225 291.82735008345196 370.32453573667084 -1 -1 -1 -1 -1 -1 -1 -1 1 
138 6 Car -1.000000 -1 -1 446.8049505169575 173.9334009759701 479.03177328751633 200.39237866607994 -1 -1 -1 -1 -1 -1 -1 -1 1 
138 1 Car -1.000000 -1 -1 -1.7550991051472238 226.5146454824851 291.60052295029163 370.2830191873587 -1 -1 -1 -1 -1 -1 -1 -1 1 
139 6 Car -1.000000 -1 -1 446.5870152574319 173.9326407588445 479.1288904639391 200.45753022799124 -1 -1 -1 -1 -1 -1 -1 -1 1 
139 1 Car -1.000000 -1 -1 -1.9071836058910208 226.47392891060846 291.90857633719077 370.3123390760559 -1 -1 -1 -1 -1 -1 -1 -1 1 
140 6 Car -1.000000 -1 -1 446.6849198685243 173.9507131450451 478.8666157928797 200.47123088859593 -1 -1 -1 -1 -1 -1 -1 -1 1 
140 1 Car -1.000000 -1 -1 -1.700675970086678 226.441611624681 291.3765274251883 370.30314956720053 -1 -1 -1 -1 -1 -1 -1 -1 1 
141 6 Car -1.000000 -1 -1 446.55611379559224 174.0120561994039 478.99719806588615 200.50059265815293 -1 -1 -1 -1 -1 -1 -1 -1 1 
141 1 Car -1.000000 -1 -1 -1.951869032703911 226.45957618092115 291.64058320682784 370.30591720285327 -1 -1 -1 -1 -1 -1 -1 -1 1 
142 6 Car -1.000000 -1 -1 446.56763699880014 174.00325612953077 479.0497611715243 200.48603487129395 -1 -1 -1 -1 -1 -1 -1 -1 1 
142 1 Car -1.000000 -1 -1 -1.8106006223421787 226.46892833595092 291.5609346284316 370.32223218335554 -1 -1 -1 -1 -1 -1 -1 -1 1 
143 6 Car -1.000000 -1 -1 446.4785870817991 173.96616007846134 479.1514296852625 200.46010818045872 -1 -1 -1 -1 -1 -1 -1 -1 1 
143 1 Car -1.000000 -1 -1 -1.9605683443638213 226.2169682062589 291.68677072227 370.36532324094037 -1 -1 -1 -1 -1 -1 -1 -1 1 
144 6 Car -1.000000 -1 -1 446.5393061867127 173.96343495983342 479.04985797863736 200.4896120268565 -1 -1 -1 -1 -1 -1 -1 -1 1 
144 1 Car -1.000000 -1 -1 -2.1279850223889696 226.51670761119863 291.9290627917418 370.3036605136899 -1 -1 -1 -1 -1 -1 -1 -1 1 
145 6 Car -1.000000 -1 -1 446.4408431809682 173.99656218978075 479.0864009100657 200.47657403808373 -1 -1 -1 -1 -1 -1 -1 -1 1 
145 1 Car -1.000000 -1 -1 -2.2289448449244844 226.13428415014192 292.07536762723555 370.3410009581309 -1 -1 -1 -1 -1 -1 -1 -1 1 
146 6 Car -1.000000 -1 -1 446.4793878449844 173.98553787515715 479.0554380669044 200.47827471907323 -1 -1 -1 -1 -1 -1 -1 -1 1 
146 1 Car -1.000000 -1 -1 -2.082710159512658 226.22921236719074 291.7308831982888 370.29192581486245 -1 -1 -1 -1 -1 -1 -1 -1 1 
147 6 Car -1.000000 -1 -1 446.4283231450961 174.01460510033826 479.11030770723636 200.45321702957153 -1 -1 -1 -1 -1 -1 -1 -1 1 
147 1 Car -1.000000 -1 -1 -2.156278304182564 226.31305201695517 291.96526900277684 370.34626967631857 -1 -1 -1 -1 -1 -1 -1 -1 1 
148 6 Car -1.000000 -1 -1 446.3679649623541 174.05664478930143 479.0565513487046 200.43722490278574 -1 -1 -1 -1 -1 -1 -1 -1 1 
148 1 Car -1.000000 -1 -1 -2.0283908465733873 226.44174362890996 292.16941030094256 370.35913579452495 -1 -1 -1 -1 -1 -1 -1 -1 1 
149 6 Car -1.000000 -1 -1 446.40804065190827 174.055928043448 479.03746736966644 200.43368867383555 -1 -1 -1 -1 -1 -1 -1 -1 1 
149 1 Car -1.000000 -1 -1 -2.133989167901177 226.3240221515298 292.15585449911083 370.3798310888501 -1 -1 -1 -1 -1 -1 -1 -1 1 
150 6 Car -1.000000 -1 -1 446.42666058815445 174.03006030389898 479.0715638169876 200.43684532436043 -1 -1 -1 -1 -1 -1 -1 -1 1 
150 1 Car -1.000000 -1 -1 -2.151315010510956 226.2986675850474 292.3014708115504 370.41171864534806 -1 -1 -1 -1 -1 -1 -1 -1 1 
151 6 Car -1.000000 -1 -1 446.4355559692933 173.9848690537306 479.08289410747017 200.4542085986871 -1 -1 -1 -1 -1 -1 -1 -1 1 
151 1 Car -1.000000 -1 -1 -2.2349372402979952 226.154365757337 292.05580294476107 370.4255557633363 -1 -1 -1 -1 -1 -1 -1 -1 1 
152 6 Car -1.000000 -1 -1 446.431855903222 173.96688382212932 478.9404126268167 200.4936376787149 -1 -1 -1 -1 -1 -1 -1 -1 1 
152 1 Car -1.000000 -1 -1 -2.384881637417351 226.1186264340694 292.2003149195359 370.37185538273593 -1 -1 -1 -1 -1 -1 -1 -1 1 
153 6 Car -1.000000 -1 -1 446.4336177225297 173.90403772202822 479.0291640552191 200.49252332976232 -1 -1 -1 -1 -1 -1 -1 -1 1 
153 1 Car -1.000000 -1 -1 -2.1167669720374533 226.01371562251677 291.9932252134268 370.41263907001564 -1 -1 -1 -1 -1 -1 -1 -1 1 
154 6 Car -1.000000 -1 -1 446.3857445006187 173.91889556669275 478.9844812590342 200.49746717971107 -1 -1 -1 -1 -1 -1 -1 -1 1 
154 1 Car -1.000000 -1 -1 -2.1287619345463042 226.12050672563225 292.14668763715486 370.35757072269917 -1 -1 -1 -1 -1 -1 -1 -1 1 
155 6 Car -1.000000 -1 -1 446.112936093257 173.9047383517027 479.14449114065906 200.50331777678088 -1 -1 -1 -1 -1 -1 -1 -1 1 
155 1 Car -1.000000 -1 -1 -2.0049407264361037 225.95403295870008 292.1546587909644 370.4097553342581 -1 -1 -1 -1 -1 -1 -1 -1 1 
156 10 Car -1.000000 -1 -1 633.5579689924533 167.3985972542029 656.4136990675559 183.06937252099698 -1 -1 -1 -1 -1 -1 -1 -1 1 
156 6 Car -1.000000 -1 -1 445.91098733590195 173.94785549205082 479.2216793803068 200.50264810713438 -1 -1 -1 -1 -1 -1 -1 -1 1 
156 1 Car -1.000000 -1 -1 -2.068358680376633 225.79700178824936 292.090717868163 370.34264608071396 -1 -1 -1 -1 -1 -1 -1 -1 1 
157 10 Car -1.000000 -1 -1 634.1071567970972 167.3666121524114 655.3834935541336 182.96804543871147 -1 -1 -1 -1 -1 -1 -1 -1 1 
157 6 Car -1.000000 -1 -1 445.77428025924246 173.88928675307676 479.12137177815805 200.57331246252244 -1 -1 -1 -1 -1 -1 -1 -1 1 
157 1 Car -1.000000 -1 -1 -1.9655735527093725 225.46457739403616 291.9886735253609 370.3990902407811 -1 -1 -1 -1 -1 -1 -1 -1 1 
158 6 Car -1.000000 -1 -1 445.49757326107755 173.82162827711838 479.05861691786686 200.62698167103986 -1 -1 -1 -1 -1 -1 -1 -1 1 
158 1 Car -1.000000 -1 -1 -1.9134227541776738 226.07727804436132 291.92724046798855 370.3785353268568 -1 -1 -1 -1 -1 -1 -1 -1 1 
159 6 Car -1.000000 -1 -1 445.3276883524198 173.81516802196316 479.0301398428587 200.69263877203826 -1 -1 -1 -1 -1 -1 -1 -1 1 
159 1 Car -1.000000 -1 -1 -2.0407084994591287 225.67101684613868 291.9747010320425 370.3501211250058 -1 -1 -1 -1 -1 -1 -1 -1 1 
160 6 Car -1.000000 -1 -1 445.24155527582536 173.870678291871 479.00210787012026 200.65399493162448 -1 -1 -1 -1 -1 -1 -1 -1 1 
160 1 Car -1.000000 -1 -1 -2.1490579316249523 225.50241404714492 292.12019072358424 370.38487481669733 -1 -1 -1 -1 -1 -1 -1 -1 1 
161 6 Car -1.000000 -1 -1 445.2004199692836 173.81014613577952 478.9637042077688 200.7399825923718 -1 -1 -1 -1 -1 -1 -1 -1 1 
161 1 Car -1.000000 -1 -1 -2.1200271970950837 225.63998821836248 292.1450128039488 370.4320955391113 -1 -1 -1 -1 -1 -1 -1 -1 1 
162 6 Car -1.000000 -1 -1 444.9283965413387 173.75295384572104 478.8028174501199 200.84658157366974 -1 -1 -1 -1 -1 -1 -1 -1 1 
162 1 Car -1.000000 -1 -1 -2.093216361907821 225.84467068887673 292.2185670939776 370.41091188215296 -1 -1 -1 -1 -1 -1 -1 -1 1 
163 6 Car -1.000000 -1 -1 444.8203601539135 173.90819272742823 478.9812901318073 200.95586050588352 -1 -1 -1 -1 -1 -1 -1 -1 1 
163 1 Car -1.000000 -1 -1 -2.1879242337666938 225.8886882146964 292.3275182384711 370.37683379764746 -1 -1 -1 -1 -1 -1 -1 -1 1 
164 6 Car -1.000000 -1 -1 444.6641674889968 174.1333361715078 478.98654226844127 200.94335307868624 -1 -1 -1 -1 -1 -1 -1 -1 1 
164 1 Car -1.000000 -1 -1 -2.131232620431831 226.0387464870627 292.17908154198756 370.31654942780733 -1 -1 -1 -1 -1 -1 -1 -1 1 
165 6 Car -1.000000 -1 -1 445.0100726324779 174.15246437948485 478.8060313761235 200.95372087107256 -1 -1 -1 -1 -1 -1 -1 -1 1 
165 1 Car -1.000000 -1 -1 -2.238418438113655 226.1817083393152 291.9289509023612 370.3033550484822 -1 -1 -1 -1 -1 -1 -1 -1 1 
166 6 Car -1.000000 -1 -1 444.3780210958077 174.069224315194 478.82642190043737 201.03547824689974 -1 -1 -1 -1 -1 -1 -1 -1 1 
166 1 Car -1.000000 -1 -1 -2.2322301486363756 226.30157602521092 291.9153659882454 370.34015867572566 -1 -1 -1 -1 -1 -1 -1 -1 1 
167 6 Car -1.000000 -1 -1 443.6929943217681 174.10014914205442 478.7316743937822 201.2085257184047 -1 -1 -1 -1 -1 -1 -1 -1 1 
167 1 Car -1.000000 -1 -1 -2.1720150720614697 226.29677828114768 291.844241170929 370.3452278501712 -1 -1 -1 -1 -1 -1 -1 -1 1 
168 6 Car -1.000000 -1 -1 443.0849099113391 173.80740150809285 478.2480439452024 201.365870730235 -1 -1 -1 -1 -1 -1 -1 -1 1 
168 1 Car -1.000000 -1 -1 -2.304995776369026 226.45010167016434 292.06608238701637 370.281152467315 -1 -1 -1 -1 -1 -1 -1 -1 1 
169 10 Car -1.000000 -1 -1 632.2592138831432 167.95038680617625 649.7170109015244 181.0354628127355 -1 -1 -1 -1 -1 -1 -1 -1 1 
169 6 Car -1.000000 -1 -1 442.2083215025755 173.8183980435133 478.6660444323833 201.5593431259577 -1 -1 -1 -1 -1 -1 -1 -1 1 
169 1 Car -1.000000 -1 -1 -2.229106540863313 226.17878102625795 291.72989706351206 370.3137585721337 -1 -1 -1 -1 -1 -1 -1 -1 1 
170 10 Car -1.000000 -1 -1 632.2674912420603 167.94725687457967 652.5187837779522 181.0019275889947 -1 -1 -1 -1 -1 -1 -1 -1 1 
170 6 Car -1.000000 -1 -1 441.5081766843795 173.98035906828366 478.77261854135065 201.69921819980328 -1 -1 -1 -1 -1 -1 -1 -1 1 
170 1 Car -1.000000 -1 -1 -2.063458872529168 226.21692155416196 291.83729596206774 370.35585286525577 -1 -1 -1 -1 -1 -1 -1 -1 1 
171 10 Car -1.000000 -1 -1 632.1611749346439 168.04141649833093 654.0932052089618 180.85115267680243 -1 -1 -1 -1 -1 -1 -1 -1 1 
171 6 Car -1.000000 -1 -1 440.77778034485306 174.04743396892 478.95144723470395 201.9254208585391 -1 -1 -1 -1 -1 -1 -1 -1 1 
171 1 Car -1.000000 -1 -1 -2.074387553792718 226.39098476905087 291.6738595996911 370.30729227341135 -1 -1 -1 -1 -1 -1 -1 -1 1 
172 10 Car -1.000000 -1 -1 630.8980928957462 168.29220247956425 655.3931230558799 180.8533771336079 -1 -1 -1 -1 -1 -1 -1 -1 1 
172 6 Car -1.000000 -1 -1 440.4413910599855 174.05336408660963 479.0573570223955 202.28754397768242 -1 -1 -1 -1 -1 -1 -1 -1 1 
172 1 Car -1.000000 -1 -1 -2.2434669641347966 226.46692579468856 291.9547077325674 370.2525024603193 -1 -1 -1 -1 -1 -1 -1 -1 1 
173 10 Car -1.000000 -1 -1 630.4667474077298 168.082841863999 652.7972273413952 180.7246754490412 -1 -1 -1 -1 -1 -1 -1 -1 1 
173 6 Car -1.000000 -1 -1 439.84611149476126 173.95765900611877 478.01915124287973 202.16343879699707 -1 -1 -1 -1 -1 -1 -1 -1 1 
173 1 Car -1.000000 -1 -1 -2.096044462460725 226.30351728258228 291.51809853315353 370.27805826698363 -1 -1 -1 -1 -1 -1 -1 -1 1 
174 10 Car -1.000000 -1 -1 630.7691851051953 167.73118217404073 654.5006596835759 180.85681412082454 -1 -1 -1 -1 -1 -1 -1 -1 1 
174 6 Car -1.000000 -1 -1 439.35180034545755 173.76664178302659 477.3891459840995 202.39121490373066 -1 -1 -1 -1 -1 -1 -1 -1 1 
174 1 Car -1.000000 -1 -1 -2.075620090732201 226.35877955418368 291.5446242082578 370.28189826470157 -1 -1 -1 -1 -1 -1 -1 -1 1 
175 10 Car -1.000000 -1 -1 630.2760640520315 167.75276194971343 655.7811270172779 180.83153737852209 -1 -1 -1 -1 -1 -1 -1 -1 1 
175 6 Car -1.000000 -1 -1 438.2771270458515 173.61594342268432 477.51159365360553 202.61673601774072 -1 -1 -1 -1 -1 -1 -1 -1 1 
175 1 Car -1.000000 -1 -1 -2.1203562009793018 226.31090199144984 291.34170246926635 370.3280946555046 -1 -1 -1 -1 -1 -1 -1 -1 1 
176 10 Car -1.000000 -1 -1 630.2443067591923 166.99742739017194 656.3702463530576 180.79131924189053 -1 -1 -1 -1 -1 -1 -1 -1 1 
176 6 Car -1.000000 -1 -1 437.12711466275726 173.32147156962984 477.58437716960907 203.0078735603736 -1 -1 -1 -1 -1 -1 -1 -1 1 
176 1 Car -1.000000 -1 -1 -1.9660458381359263 226.43135038992534 291.3176804505862 370.32942858739545 -1 -1 -1 -1 -1 -1 -1 -1 1 
177 10 Car -1.000000 -1 -1 630.0969231908139 167.18148348423153 655.5157183913085 180.73701620101932 -1 -1 -1 -1 -1 -1 -1 -1 1 
177 6 Car -1.000000 -1 -1 437.191571364036 173.33262926683977 478.167795758981 203.21012842540557 -1 -1 -1 -1 -1 -1 -1 -1 1 
177 1 Car -1.000000 -1 -1 -1.9061520489362636 226.2348763558727 291.1886579646514 370.29558376337474 -1 -1 -1 -1 -1 -1 -1 -1 1 
178 10 Car -1.000000 -1 -1 630.7363909941453 167.66803792462898 654.2134249118658 180.65538033269917 -1 -1 -1 -1 -1 -1 -1 -1 1 
178 6 Car -1.000000 -1 -1 437.16899075416416 173.3723670989275 478.67101246118546 203.52970419594874 -1 -1 -1 -1 -1 -1 -1 -1 1 
178 1 Car -1.000000 -1 -1 -1.931429578707764 226.45877758184304 291.2130375733742 370.2604725469763 -1 -1 -1 -1 -1 -1 -1 -1 1 
179 10 Car -1.000000 -1 -1 630.3473547742917 167.70053047400256 657.2819094520349 180.68745046854022 -1 -1 -1 -1 -1 -1 -1 -1 1 
179 6 Car -1.000000 -1 -1 437.11871910095215 173.35427350722827 478.4178204719837 203.7127065887818 -1 -1 -1 -1 -1 -1 -1 -1 1 
179 1 Car -1.000000 -1 -1 -1.9201771548161162 225.8565141719121 291.3227575627657 370.3865300118923 -1 -1 -1 -1 -1 -1 -1 -1 1 
180 10 Car -1.000000 -1 -1 630.2000371469901 167.5635208991858 658.6843242851587 180.36091123635956 -1 -1 -1 -1 -1 -1 -1 -1 1 
180 6 Car -1.000000 -1 -1 437.072795349818 173.3421498995561 478.58570154355124 204.34531496121332 -1 -1 -1 -1 -1 -1 -1 -1 1 
180 1 Car -1.000000 -1 -1 -1.9628271770018841 226.30520746684988 291.4984345883131 370.3338298946619 -1 -1 -1 -1 -1 -1 -1 -1 1 
181 10 Car -1.000000 -1 -1 630.3513498214575 167.1649989657677 657.5702396172743 180.081889921656 -1 -1 -1 -1 -1 -1 -1 -1 1 
181 6 Car -1.000000 -1 -1 436.97010124188205 173.56664445537788 479.52020305395126 204.64838521984908 -1 -1 -1 -1 -1 -1 -1 -1 1 
181 1 Car -1.000000 -1 -1 -1.9168452012997363 226.10724989611367 291.4523740445192 370.3761306233131 -1 -1 -1 -1 -1 -1 -1 -1 1 
182 10 Car -1.000000 -1 -1 629.2136098444462 167.19795019007645 652.9240688612828 179.75113291579942 -1 -1 -1 -1 -1 -1 -1 -1 1 
182 6 Car -1.000000 -1 -1 437.3370002003817 173.381161655371 479.887497658913 205.30441464139864 -1 -1 -1 -1 -1 -1 -1 -1 1 
182 1 Car -1.000000 -1 -1 -1.8905896040109553 226.08901253113382 291.4756163450388 370.3730318637995 -1 -1 -1 -1 -1 -1 -1 -1 1 
183 6 Car -1.000000 -1 -1 437.7378700375557 173.63205451231738 479.6361737663929 205.38407564163208 -1 -1 -1 -1 -1 -1 -1 -1 1 
183 1 Car -1.000000 -1 -1 -1.9439836373695698 226.019106378349 291.5319959658843 370.3807431373459 -1 -1 -1 -1 -1 -1 -1 -1 1 
184 6 Car -1.000000 -1 -1 438.08480287973697 173.855581673292 480.1938388576874 205.68674511634384 -1 -1 -1 -1 -1 -1 -1 -1 1 
184 1 Car -1.000000 -1 -1 -1.8223772427210463 226.06438531325415 291.7019894317939 370.37686242507056 -1 -1 -1 -1 -1 -1 -1 -1 1 
185 6 Car -1.000000 -1 -1 438.7196509494231 173.19122697298343 480.26443404188524 206.7759884550021 -1 -1 -1 -1 -1 -1 -1 -1 1 
185 1 Car -1.000000 -1 -1 -1.8143473382179423 226.14719872291272 291.5272043645382 370.362359560453 -1 -1 -1 -1 -1 -1 -1 -1 1 
186 6 Car -1.000000 -1 -1 438.41679007158825 173.30433264947854 481.08330769836897 206.9023734388443 -1 -1 -1 -1 -1 -1 -1 -1 1 
186 1 Car -1.000000 -1 -1 -1.972484388030466 226.24767567675843 291.7738203096848 370.3893361355249 -1 -1 -1 -1 -1 -1 -1 -1 1 
187 6 Car -1.000000 -1 -1 437.7653307255644 173.0237026856496 482.72681547300175 207.10007717976205 -1 -1 -1 -1 -1 -1 -1 -1 1 
187 1 Car -1.000000 -1 -1 -1.9090043512674413 226.15058704351003 291.5402291302497 370.40741986666734 -1 -1 -1 -1 -1 -1 -1 -1 1 
188 6 Car -1.000000 -1 -1 438.98376372800425 173.02622571587563 483.8498462931468 206.77358332734843 -1 -1 -1 -1 -1 -1 -1 -1 1 
188 1 Car -1.000000 -1 -1 -1.9619746781312415 226.3393975163882 291.63169782207564 370.36139534643064 -1 -1 -1 -1 -1 -1 -1 -1 1 
189 6 Car -1.000000 -1 -1 439.722849382804 173.2435290630047 487.08778203909213 207.39722813551242 -1 -1 -1 -1 -1 -1 -1 -1 1 
189 1 Car -1.000000 -1 -1 -1.8409382528983826 226.18482257884278 291.37871189873954 370.43079712643066 -1 -1 -1 -1 -1 -1 -1 -1 1 
190 6 Car -1.000000 -1 -1 440.0096018727009 173.15290015477402 488.1277022866102 207.39030581254227 -1 -1 -1 -1 -1 -1 -1 -1 1 
190 1 Car -1.000000 -1 -1 -1.8876543492078781 226.2142461624283 291.4461026271949 370.40961484782974 -1 -1 -1 -1 -1 -1 -1 -1 1 
191 6 Car -1.000000 -1 -1 440.43166650487825 173.0714966987188 491.1835215802376 207.39321584311813 -1 -1 -1 -1 -1 -1 -1 -1 1 
191 1 Car -1.000000 -1 -1 -1.8236615153459468 226.0436370051824 291.3982050281304 370.4245060911545 -1 -1 -1 -1 -1 -1 -1 -1 1 
192 6 Car -1.000000 -1 -1 441.27195066786726 174.28682867437604 492.0952778034485 208.57117376361904 -1 -1 -1 -1 -1 -1 -1 -1 1 
192 1 Car -1.000000 -1 -1 -1.8764541871272513 226.09114007881055 291.560701204034 370.41604997446905 -1 -1 -1 -1 -1 -1 -1 -1 1 
193 6 Car -1.000000 -1 -1 441.79868150215884 174.07283494893747 493.05687355536685 208.76056826243607 -1 -1 -1 -1 -1 -1 -1 -1 1 
193 1 Car -1.000000 -1 -1 -1.8558625074533381 226.11355895606374 291.36211912448584 370.4379556786556 -1 -1 -1 -1 -1 -1 -1 -1 1 
194 6 Car -1.000000 -1 -1 447.81750135926103 174.18082729053612 499.61049799506486 208.80076927562746 -1 -1 -1 -1 -1 -1 -1 -1 1 
194 1 Car -1.000000 -1 -1 -1.8015100486003348 226.17367421205228 291.2469549626112 370.45778684891184 -1 -1 -1 -1 -1 -1 -1 -1 1 
195 6 Car -1.000000 -1 -1 447.5543392896652 174.21979006164923 503.5412536630264 209.32674813084304 -1 -1 -1 -1 -1 -1 -1 -1 1 
195 1 Car -1.000000 -1 -1 -1.7934373525473006 226.22354350124414 291.19702792167664 370.4294555605604 -1 -1 -1 -1 -1 -1 -1 -1 1 
196 6 Car -1.000000 -1 -1 447.51859045716435 174.37840387798272 508.4506099888912 209.63399791373655 -1 -1 -1 -1 -1 -1 -1 -1 1 
196 1 Car -1.000000 -1 -1 -1.7568970517470461 226.24505870617355 291.17766036093235 370.41524692223624 -1 -1 -1 -1 -1 -1 -1 -1 1 
197 6 Car -1.000000 -1 -1 450.331465285558 174.04881953619994 511.8704464756526 210.31031760458762 -1 -1 -1 -1 -1 -1 -1 -1 1 
197 1 Car -1.000000 -1 -1 -1.80608015106273 226.20554310771132 291.1331341748054 370.4583521875051 -1 -1 -1 -1 -1 -1 -1 -1 1 
198 6 Car -1.000000 -1 -1 452.0551464488873 173.87353202184804 517.0531783722914 210.2912881082067 -1 -1 -1 -1 -1 -1 -1 -1 1 
198 1 Car -1.000000 -1 -1 -1.7830426887823876 226.2524583649177 291.3086046083615 370.4660097051125 -1 -1 -1 -1 -1 -1 -1 -1 1 
199 6 Car -1.000000 -1 -1 454.2973521145491 173.75158259215263 520.7435763592904 210.30865880445793 -1 -1 -1 -1 -1 -1 -1 -1 1 
199 1 Car -1.000000 -1 -1 -1.8367129380886524 226.1963368465121 291.15036549017975 370.4567385550875 -1 -1 -1 -1 -1 -1 -1 -1 1 
200 6 Car -1.000000 -1 -1 455.74699759483343 173.02446579202436 526.2753904966208 210.7533777383371 -1 -1 -1 -1 -1 -1 -1 -1 1 
200 1 Car -1.000000 -1 -1 -1.8490526882501968 226.22504113958433 291.16407456994057 370.4116975458769 -1 -1 -1 -1 -1 -1 -1 -1 1 
201 6 Car -1.000000 -1 -1 457.20581905658435 172.91024865582585 531.262932245548 210.79588381573558 -1 -1 -1 -1 -1 -1 -1 -1 1 
201 1 Car -1.000000 -1 -1 -1.8084238652999431 226.25910427421334 291.2872826663347 370.4117396387917 -1 -1 -1 -1 -1 -1 -1 -1 1 
202 6 Car -1.000000 -1 -1 460.6735996168393 173.14669555841158 537.0684341215169 210.72121026925743 -1 -1 -1 -1 -1 -1 -1 -1 1 
202 1 Car -1.000000 -1 -1 -1.8268419446853557 226.1945643849098 291.31097603188107 370.42672991179506 -1 -1 -1 -1 -1 -1 -1 -1 1 
203 6 Car -1.000000 -1 -1 464.8446698234631 173.3947486279962 541.5689242023687 210.83774418570098 -1 -1 -1 -1 -1 -1 -1 -1 1 
203 1 Car -1.000000 -1 -1 -1.777002591353181 226.2725307477208 291.17560969866236 370.41835490614176 -1 -1 -1 -1 -1 -1 -1 -1 1 
204 6 Car -1.000000 -1 -1 468.06207737555866 172.8676747208318 550.8261485833387 211.52978499706546 -1 -1 -1 -1 -1 -1 -1 -1 1 
204 1 Car -1.000000 -1 -1 -1.7508176702719425 226.36059898596545 291.2032888164887 370.4248869419098 -1 -1 -1 -1 -1 -1 -1 -1 1 
205 6 Car -1.000000 -1 -1 471.82071034724896 172.2049056351758 556.7039986940531 212.03704652734675 -1 -1 -1 -1 -1 -1 -1 -1 1 
205 1 Car -1.000000 -1 -1 -1.8358055467788859 226.36793863314847 291.2303158893035 370.4099268867419 -1 -1 -1 -1 -1 -1 -1 -1 1 
206 6 Car -1.000000 -1 -1 481.49436209981263 172.57925595085206 570.5683861764578 213.04563740268347 -1 -1 -1 -1 -1 -1 -1 -1 1 
206 1 Car -1.000000 -1 -1 -1.868958475498033 226.38167682748576 291.1816233144357 370.43406849870314 -1 -1 -1 -1 -1 -1 -1 -1 1 
207 6 Car -1.000000 -1 -1 487.3106916409272 172.98464820075495 576.0701199586574 212.95064615229003 -1 -1 -1 -1 -1 -1 -1 -1 1 
207 1 Car -1.000000 -1 -1 -1.8008715074795987 226.3177573050444 291.1575681498417 370.4747196516165 -1 -1 -1 -1 -1 -1 -1 -1 1 
208 6 Car -1.000000 -1 -1 490.31524385167995 172.7554528365055 584.7610904230521 213.01044860066702 -1 -1 -1 -1 -1 -1 -1 -1 1 
208 1 Car -1.000000 -1 -1 -1.9066850141837222 226.42150011773293 291.15726983661835 370.4509622832903 -1 -1 -1 -1 -1 -1 -1 -1 1 
209 6 Car -1.000000 -1 -1 497.50526632712433 172.62625258415937 596.5117443983371 213.42056912011824 -1 -1 -1 -1 -1 -1 -1 -1 1 
209 1 Car -1.000000 -1 -1 -1.774796371276551 226.42313272907185 291.08149003524045 370.48774724969496 -1 -1 -1 -1 -1 -1 -1 -1 1 
210 6 Car -1.000000 -1 -1 505.0330498722883 172.20041613954191 604.2802367256238 213.4050869060537 -1 -1 -1 -1 -1 -1 -1 -1 1 
210 1 Car -1.000000 -1 -1 -1.819447249174118 226.40622452474557 291.09117811230516 370.50594474833747 -1 -1 -1 -1 -1 -1 -1 -1 1 
211 6 Car -1.000000 -1 -1 516.2781963944435 172.26109042548788 621.0984677305588 214.27840626225446 -1 -1 -1 -1 -1 -1 -1 -1 1 
211 1 Car -1.000000 -1 -1 -1.8659278165835644 226.40156504053337 291.1920502472382 370.5077932316524 -1 -1 -1 -1 -1 -1 -1 -1 1 
212 6 Car -1.000000 -1 -1 522.7987454212629 172.22444721784157 629.7599018537081 214.75112443288359 -1 -1 -1 -1 -1 -1 -1 -1 1 
212 1 Car -1.000000 -1 -1 -1.839787791554727 226.3941036737882 291.19019898657615 370.51400092931897 -1 -1 -1 -1 -1 -1 -1 -1 1 
213 6 Car -1.000000 -1 -1 530.8553202839998 171.71991950044261 641.9750324992034 214.92436288641045 -1 -1 -1 -1 -1 -1 -1 -1 1 
213 1 Car -1.000000 -1 -1 -1.8256648263106001 226.36313145263836 291.1342441244767 370.4910178797749 -1 -1 -1 -1 -1 -1 -1 -1 1 
214 6 Car -1.000000 -1 -1 538.2341541602061 171.76769175136894 653.7740917847707 214.81439405980595 -1 -1 -1 -1 -1 -1 -1 -1 1 
214 1 Car -1.000000 -1 -1 -1.8757286599049507 226.37109422339844 291.2239623963833 370.46974144876003 -1 -1 -1 -1 -1 -1 -1 -1 1 
215 6 Car -1.000000 -1 -1 547.3562975434156 172.72614238425518 666.7979195897395 214.51579068644116 -1 -1 -1 -1 -1 -1 -1 -1 1 
215 1 Car -1.000000 -1 -1 -1.8083249536844619 226.328112268104 291.18667271733284 370.46173690316766 -1 -1 -1 -1 -1 -1 -1 -1 1 
216 6 Car -1.000000 -1 -1 560.0560635374143 172.0430116197811 681.6174961924553 214.7921915051456 -1 -1 -1 -1 -1 -1 -1 -1 1 
216 1 Car -1.000000 -1 -1 -1.887486164386445 226.35627083766923 291.3010099851168 370.462487365764 -1 -1 -1 -1 -1 -1 -1 -1 1 
217 6 Car -1.000000 -1 -1 571.5964935009297 171.929626481321 694.7592336581304 214.77724096594523 -1 -1 -1 -1 -1 -1 -1 -1 1 
217 1 Car -1.000000 -1 -1 -1.8621795223309334 226.4583500789908 291.2556909276889 370.45402446331883 -1 -1 -1 -1 -1 -1 -1 -1 1 
218 6 Car -1.000000 -1 -1 582.0916177951373 171.75469654468964 709.1525951990715 215.18153127211218 -1 -1 -1 -1 -1 -1 -1 -1 1 
218 1 Car -1.000000 -1 -1 -1.7857443438126381 226.3903594188965 291.20337615334074 370.4613419507558 -1 -1 -1 -1 -1 -1 -1 -1 1 
219 6 Car -1.000000 -1 -1 598.1990979909897 171.5638113523332 726.7258269832685 215.87629982628502 -1 -1 -1 -1 -1 -1 -1 -1 1 
219 1 Car -1.000000 -1 -1 -1.8015437206396427 226.41764389780855 291.318642734335 370.4497885589417 -1 -1 -1 -1 -1 -1 -1 -1 1 
220 6 Car -1.000000 -1 -1 607.4352205258149 171.19413043443973 741.1352549974735 215.22985057188913 -1 -1 -1 -1 -1 -1 -1 -1 1 
220 1 Car -1.000000 -1 -1 -1.7683632580133803 226.4845942161404 291.2033249437809 370.4748802832686 -1 -1 -1 -1 -1 -1 -1 -1 1 
221 6 Car -1.000000 -1 -1 620.1781056706723 170.8928727423056 754.8593475772785 214.82118040251618 -1 -1 -1 -1 -1 -1 -1 -1 1 
221 1 Car -1.000000 -1 -1 -1.7660828542250613 226.31801548199007 291.2686355469318 370.44049026587834 -1 -1 -1 -1 -1 -1 -1 -1 1 
222 6 Car -1.000000 -1 -1 635.5167809541409 170.5877397187914 768.1348570401852 215.45427936415834 -1 -1 -1 -1 -1 -1 -1 -1 1 
222 1 Car -1.000000 -1 -1 -1.723998241699661 226.34047454366316 291.35955548974187 370.40443593492876 -1 -1 -1 -1 -1 -1 -1 -1 1 
223 6 Car -1.000000 -1 -1 647.2067891313479 169.83390915923965 790.4117963268206 214.8795769528414 -1 -1 -1 -1 -1 -1 -1 -1 1 
223 1 Car -1.000000 -1 -1 -1.647412766630822 226.32284386799887 291.38152807377855 370.39273007557944 -1 -1 -1 -1 -1 -1 -1 -1 1 
224 6 Car -1.000000 -1 -1 662.0423543407367 169.66034530733637 801.508098405141 215.06122773369913 -1 -1 -1 -1 -1 -1 -1 -1 1 
224 1 Car -1.000000 -1 -1 -1.73418841797573 226.30846229883343 291.35252802990954 370.4096054113828 -1 -1 -1 -1 -1 -1 -1 -1 1 
225 6 Car -1.000000 -1 -1 677.8992907129802 169.11569405633668 817.4328418465763 215.2638953637618 -1 -1 -1 -1 -1 -1 -1 -1 1 
225 1 Car -1.000000 -1 -1 -1.7451386703894514 226.19586035895807 291.40774579002306 370.41187259726803 -1 -1 -1 -1 -1 -1 -1 -1 1 
226 6 Car -1.000000 -1 -1 691.8491451969513 169.04636946435159 839.1007991524843 215.52153835502955 -1 -1 -1 -1 -1 -1 -1 -1 1 
226 1 Car -1.000000 -1 -1 -1.6981984445682201 226.25706578963076 291.3369433123332 370.4495187189716 -1 -1 -1 -1 -1 -1 -1 -1 1 
227 6 Car -1.000000 -1 -1 709.0075942782255 168.43639011566455 854.0251757685954 214.71848930303867 -1 -1 -1 -1 -1 -1 -1 -1 1 
227 1 Car -1.000000 -1 -1 -1.7939213881125795 226.2469275467671 291.2943639663549 370.42880211312035 -1 -1 -1 -1 -1 -1 -1 -1 1 
228 6 Car -1.000000 -1 -1 724.2594630443132 168.12745558241238 866.6403933763503 215.06178183337815 -1 -1 -1 -1 -1 -1 -1 -1 1 
228 1 Car -1.000000 -1 -1 -1.7835888071702186 226.14109376588695 291.39507054709475 370.44821754957627 -1 -1 -1 -1 -1 -1 -1 -1 1 
229 6 Car -1.000000 -1 -1 740.3958689249479 166.28130328196744 887.387705216041 214.16191960756595 -1 -1 -1 -1 -1 -1 -1 -1 1 
229 1 Car -1.000000 -1 -1 -1.7054107498663882 226.12872025141348 291.25131058119814 370.4711480094836 -1 -1 -1 -1 -1 -1 -1 -1 1 
230 6 Car -1.000000 -1 -1 759.3839668310604 165.68797703545823 906.6857823041768 213.95561703695697 -1 -1 -1 -1 -1 -1 -1 -1 1 
230 1 Car -1.000000 -1 -1 -1.8053004329021292 226.21815179116447 291.28487757077585 370.4394123903834 -1 -1 -1 -1 -1 -1 -1 -1 1 
231 6 Car -1.000000 -1 -1 778.9448019243204 166.35591541202024 926.9429727082069 214.21016110966985 -1 -1 -1 -1 -1 -1 -1 -1 1 
231 1 Car -1.000000 -1 -1 -1.7927960054232415 226.15548371122435 291.3614581353389 370.44645420633833 -1 -1 -1 -1 -1 -1 -1 -1 1 
232 6 Car -1.000000 -1 -1 795.506000223068 166.26351868089 942.0370746415394 212.96756567505116 -1 -1 -1 -1 -1 -1 -1 -1 1 
232 1 Car -1.000000 -1 -1 -1.8565785644146047 226.17805176916033 291.47189891682217 370.41428769150605 -1 -1 -1 -1 -1 -1 -1 -1 1 
233 6 Car -1.000000 -1 -1 811.8932364903964 165.41132307611403 958.6344012847313 213.22320310327294 -1 -1 -1 -1 -1 -1 -1 -1 1 
233 1 Car -1.000000 -1 -1 -1.7264619125769514 226.14159485181938 291.2471189384277 370.4051222508916 -1 -1 -1 -1 -1 -1 -1 -1 1 
234 6 Car -1.000000 -1 -1 831.9148569565552 165.2184593047087 978.4098202173526 212.29515354793804 -1 -1 -1 -1 -1 -1 -1 -1 1 
234 1 Car -1.000000 -1 -1 -1.6853639609538504 226.1959288527186 291.431634874298 370.3841131151869 -1 -1 -1 -1 -1 -1 -1 -1 1 
235 6 Car -1.000000 -1 -1 851.0984652455037 164.07042679591822 989.7502466852849 213.09391877112483 -1 -1 -1 -1 -1 -1 -1 -1 1 
235 1 Car -1.000000 -1 -1 -1.686488817517585 226.07691394595003 291.45526387714426 370.3859854546877 -1 -1 -1 -1 -1 -1 -1 -1 1 
236 6 Car -1.000000 -1 -1 867.8198449428264 164.12522721175964 998.2172303933363 212.2786022321536 -1 -1 -1 -1 -1 -1 -1 -1 1 
236 1 Car -1.000000 -1 -1 -1.9164355248212814 226.29599081495633 291.54920921761254 370.3789279466638 -1 -1 -1 -1 -1 -1 -1 -1 1 
237 6 Car -1.000000 -1 -1 889.2692468624848 163.71859695834036 1023.6275276129062 211.74048299041505 -1 -1 -1 -1 -1 -1 -1 -1 1 
237 1 Car -1.000000 -1 -1 -1.6629713533016286 226.16301251145512 291.36487374282797 370.4057447383037 -1 -1 -1 -1 -1 -1 -1 -1 1 
238 6 Car -1.000000 -1 -1 905.9663777809876 163.0599896638439 1053.9273879619745 211.82383091117325 -1 -1 -1 -1 -1 -1 -1 -1 1 
238 1 Car -1.000000 -1 -1 -1.6415967987134081 226.19687419384715 291.0304053425789 370.40385925139367 -1 -1 -1 -1 -1 -1 -1 -1 1 
239 6 Car -1.000000 -1 -1 926.1642811940267 161.61349273071838 1077.9162214444234 212.4836127517315 -1 -1 -1 -1 -1 -1 -1 -1 1 
239 1 Car -1.000000 -1 -1 -1.7151258347126088 226.20048655053742 291.0972560907786 370.39783795005997 -1 -1 -1 -1 -1 -1 -1 -1 1 
240 6 Car -1.000000 -1 -1 941.9467918368487 164.59594575688243 1097.1565797466499 212.8988934437243 -1 -1 -1 -1 -1 -1 -1 -1 1 
240 1 Car -1.000000 -1 -1 -1.6513201261942356 226.1257304881628 291.24115074483245 370.4119191433375 -1 -1 -1 -1 -1 -1 -1 -1 1 
241 6 Car -1.000000 -1 -1 969.2185825109482 161.2342036013993 1123.8813428878784 213.56927612509864 -1 -1 -1 -1 -1 -1 -1 -1 1 
241 1 Car -1.000000 -1 -1 -1.6391992442883065 226.13706737183605 291.3746502089959 370.41201287164137 -1 -1 -1 -1 -1 -1 -1 -1 1 
242 6 Car -1.000000 -1 -1 999.7610765603872 158.29537484508296 1138.60120676114 208.834376094433 -1 -1 -1 -1 -1 -1 -1 -1 1 
242 1 Car -1.000000 -1 -1 -1.712764407579698 226.1495013219806 291.4168105836098 370.4193967322891 -1 -1 -1 -1 -1 -1 -1 -1 1 
243 6 Car -1.000000 -1 -1 1025.5631149869698 158.58613615998854 1159.1696983254872 207.75076323976882 -1 -1 -1 -1 -1 -1 -1 -1 1 
243 1 Car -1.000000 -1 -1 -1.6607907380049198 226.04431155209357 291.430856559139 370.4200722334476 -1 -1 -1 -1 -1 -1 -1 -1 1 
244 6 Car -1.000000 -1 -1 1038.5059180443104 157.79469494492963 1176.5109676397765 207.75906164055834 -1 -1 -1 -1 -1 -1 -1 -1 1 
244 1 Car -1.000000 -1 -1 -1.5931243197276217 226.18823083260884 291.44189292077834 370.4499854519963 -1 -1 -1 -1 -1 -1 -1 -1 1 
245 6 Car -1.000000 -1 -1 1043.6218737272116 156.86291285074103 1196.752762556076 206.97522898491187 -1 -1 -1 -1 -1 -1 -1 -1 1 
245 1 Car -1.000000 -1 -1 -1.5801227035430827 226.14887894059603 291.4770086487898 370.4522005783824 -1 -1 -1 -1 -1 -1 -1 -1 1 
246 6 Car -1.000000 -1 -1 1066.8930360949958 156.71345005528283 1220.4422003993623 205.73378241119474 -1 -1 -1 -1 -1 -1 -1 -1 1 
246 1 Car -1.000000 -1 -1 -1.560066970495086 226.1343122474276 291.190629532704 370.4166171155297 -1 -1 -1 -1 -1 -1 -1 -1 1 
247 6 Car -1.000000 -1 -1 1085.1297224507882 155.97412972925946 1221.7945231634837 204.5402164485019 -1 -1 -1 -1 -1 -1 -1 -1 1 
247 1 Car -1.000000 -1 -1 -1.665555682319848 226.17657565440123 291.3547188169681 370.41549407232264 -1 -1 -1 -1 -1 -1 -1 -1 1 
248 6 Car -1.000000 -1 -1 1105.8863688111305 155.23684102253847 1223.2390532997938 204.4281095774988 -1 -1 -1 -1 -1 -1 -1 -1 1 
248 1 Car -1.000000 -1 -1 -1.6666523034756153 226.1541732114095 291.3562868466744 370.4079153331427 -1 -1 -1 -1 -1 -1 -1 -1 1 
249 6 Car -1.000000 -1 -1 1122.078906332071 153.8502076891466 1223.8610863525134 202.64036628560953 -1 -1 -1 -1 -1 -1 -1 -1 1 
249 1 Car -1.000000 -1 -1 -1.6538623651632918 226.06861962721896 291.3190959038643 370.39873123168945 -1 -1 -1 -1 -1 -1 -1 -1 1 
250 6 Car -1.000000 -1 -1 1146.87022623649 152.80755945767922 1225.8155725093986 201.42195362812626 -1 -1 -1 -1 -1 -1 -1 -1 1 
250 1 Car -1.000000 -1 -1 -1.6694546238734063 225.6485616014554 291.10477547806045 370.4494861685313 -1 -1 -1 -1 -1 -1 -1 -1 1 
251 6 Car -1.000000 -1 -1 1167.4204573837612 156.50762725908024 1225.26435105388 201.37332000984597 -1 -1 -1 -1 -1 -1 -1 -1 1 
251 1 Car -1.000000 -1 -1 -1.570771522246872 225.76155934196254 290.9369187836463 370.4162295850424 -1 -1 -1 -1 -1 -1 -1 -1 1 
252 6 Car -1.000000 -1 -1 1188.8133969054772 162.42027076964195 1226.8134612830786 198.97594042122364 -1 -1 -1 -1 -1 -1 -1 -1 1 
252 1 Car -1.000000 -1 -1 -1.618828361997231 225.81796278747228 291.00921949171106 370.41256845570524 -1 -1 -1 -1 -1 -1 -1 -1 1 
253 1 Car -1.000000 -1 -1 -1.5617216355525443 225.757558606565 291.06338763122375 370.41982147842646 -1 -1 -1 -1 -1 -1 -1 -1 1 
254 1 Car -1.000000 -1 -1 -1.6489316912797847 225.7087687832805 290.9927880626458 370.4176604260619 -1 -1 -1 -1 -1 -1 -1 -1 1 
255 1 Car -1.000000 -1 -1 -1.6098379274973809 226.00402131676674 291.1457147151232 370.3914683484114 -1 -1 -1 -1 -1 -1 -1 -1 1 
256 1 Car -1.000000 -1 -1 -1.5959240094973666 225.81650183464473 290.95626845611974 370.4069671292718 -1 -1 -1 -1 -1 -1 -1 -1 1 
257 1 Car -1.000000 -1 -1 -1.581041844991546 225.89680355901905 291.0194380787703 370.39096726247897 -1 -1 -1 -1 -1 -1 -1 -1 1 
258 1 Car -1.000000 -1 -1 -1.6690084693523772 225.86589209162273 291.078525317403 370.4141022494206 -1 -1 -1 -1 -1 -1 -1 -1 1 
259 1 Car -1.000000 -1 -1 -1.6337613853124537 225.86572573448603 291.18541913536876 370.35262337384313 -1 -1 -1 -1 -1 -1 -1 -1 1 
260 1 Car -1.000000 -1 -1 -1.6000895213622357 225.92317938231503 291.2045225810546 370.3550625363221 -1 -1 -1 -1 -1 -1 -1 -1 1 
261 1 Car -1.000000 -1 -1 -1.682551644169365 225.88588590805347 291.3038543955638 370.3497024224355 -1 -1 -1 -1 -1 -1 -1 -1 1 
262 1 Car -1.000000 -1 -1 -1.7503897547721863 225.96462616553674 291.3656876591536 370.357158275751 -1 -1 -1 -1 -1 -1 -1 -1 1 
263 1 Car -1.000000 -1 -1 -1.831738595779143 225.98994468267148 291.50946446106985 370.37510576156467 -1 -1 -1 -1 -1 -1 -1 -1 1 
264 1 Car -1.000000 -1 -1 -1.7647934957192604 226.06858029101903 291.48648382035583 370.33548996712153 -1 -1 -1 -1 -1 -1 -1 -1 1 
265 1 Car -1.000000 -1 -1 -1.7235964571054296 226.04284964501858 291.46542266125863 370.3037995157333 -1 -1 -1 -1 -1 -1 -1 -1 1 
266 1 Car -1.000000 -1 -1 -1.7561059341980751 225.87840407800215 291.5463974269537 370.3421622772629 -1 -1 -1 -1 -1 -1 -1 -1 1 
267 1 Car -1.000000 -1 -1 -1.704412514200584 225.9054563567042 291.31118016861956 370.35419258074114 -1 -1 -1 -1 -1 -1 -1 -1 1 
268 1 Car -1.000000 -1 -1 -1.7369484729491944 225.88792789154326 291.4268187204233 370.3671745869975 -1 -1 -1 -1 -1 -1 -1 -1 1 
269 1 Car -1.000000 -1 -1 -1.6863685101270676 225.92767929515014 291.0807890605468 370.37963451387793 -1 -1 -1 -1 -1 -1 -1 -1 1 
270 1 Car -1.000000 -1 -1 -1.7303291112184525 225.89857644473133 291.34538008731147 370.4092666535423 -1 -1 -1 -1 -1 -1 -1 -1 1 
271 1 Car -1.000000 -1 -1 -1.7951995226052873 225.86593174590513 291.31559839615454 370.3777299420192 -1 -1 -1 -1 -1 -1 -1 -1 1 
272 1 Car -1.000000 -1 -1 -1.779549916203223 225.79415198128956 291.36897647036955 370.3974815916556 -1 -1 -1 -1 -1 -1 -1 -1 1 
273 1 Car -1.000000 -1 -1 -1.6988408439434295 225.87973928222289 291.2365134736666 370.40182426571846 -1 -1 -1 -1 -1 -1 -1 -1 1 
274 1 Car -1.000000 -1 -1 -1.7450292362616437 225.72753278681864 291.7429537475109 370.3759283228562 -1 -1 -1 -1 -1 -1 -1 -1 1 
275 1 Car -1.000000 -1 -1 -1.6290579976943889 225.87607518411596 291.484852830951 370.3943580217086 -1 -1 -1 -1 -1 -1 -1 -1 1 
276 1 Car -1.000000 -1 -1 -1.6638498077025758 225.8460610273939 291.5203629777982 370.3781645487134 -1 -1 -1 -1 -1 -1 -1 -1 1 
277 1 Car -1.000000 -1 -1 -1.7356014160009465 225.78286174971325 291.51604944926044 370.3851183618491 -1 -1 -1 -1 -1 -1 -1 -1 1 
278 1 Car -1.000000 -1 -1 -1.702169289955748 225.6466152547644 291.54968080153833 370.4466417689737 -1 -1 -1 -1 -1 -1 -1 -1 1 
279 1 Car -1.000000 -1 -1 -1.6502722593453996 225.92669896494886 291.23221239676843 370.4153460579423 -1 -1 -1 -1 -1 -1 -1 -1 1 
280 1 Car -1.000000 -1 -1 -1.7581369544451206 225.83892898204238 291.5035997388454 370.41644831976066 -1 -1 -1 -1 -1 -1 -1 -1 1 
281 12 Car -1.000000 -1 -1 466.522873039429 171.3486048579216 494.80642221065665 190.87089073199493 -1 -1 -1 -1 -1 -1 -1 -1 1 
281 1 Car -1.000000 -1 -1 -1.6660312998753284 225.92092799452638 291.4110226757251 370.4111962478895 -1 -1 -1 -1 -1 -1 -1 -1 1 
282 12 Car -1.000000 -1 -1 461.85800868960524 171.38742618835892 493.1616893525307 191.71110178415594 -1 -1 -1 -1 -1 -1 -1 -1 1 
282 1 Car -1.000000 -1 -1 -1.7182376923469178 225.94772803382227 291.3264420204438 370.42014019707074 -1 -1 -1 -1 -1 -1 -1 -1 1 
283 12 Car -1.000000 -1 -1 459.69363699509546 171.0301402555062 490.7083126489933 192.4505642400338 -1 -1 -1 -1 -1 -1 -1 -1 1 
283 1 Car -1.000000 -1 -1 -1.6233440981461342 225.93005134222597 291.2518189939169 370.43803572941283 -1 -1 -1 -1 -1 -1 -1 -1 1 
284 12 Car -1.000000 -1 -1 452.4081206161242 171.8714446631762 482.9615924518842 192.49012097716334 -1 -1 -1 -1 -1 -1 -1 -1 1 
284 1 Car -1.000000 -1 -1 -1.580091311381409 226.0075963517794 291.1617396244636 370.4327149517261 -1 -1 -1 -1 -1 -1 -1 -1 1 
285 12 Car -1.000000 -1 -1 448.2518369945196 171.55191172774022 482.4048961332211 193.3222824220474 -1 -1 -1 -1 -1 -1 -1 -1 1 
285 1 Car -1.000000 -1 -1 -1.6578328598004077 225.95765888690946 291.13781406214605 370.42436783130347 -1 -1 -1 -1 -1 -1 -1 -1 1 
286 12 Car -1.000000 -1 -1 446.7179205715657 171.50695691888149 481.2873807755801 193.7725760959662 -1 -1 -1 -1 -1 -1 -1 -1 1 
286 1 Car -1.000000 -1 -1 -1.5994267784632257 225.82525037515623 291.4122560895406 370.43456311695854 -1 -1 -1 -1 -1 -1 -1 -1 1 
287 12 Car -1.000000 -1 -1 443.4097595077294 171.47152889233368 479.6523770323166 194.97267372333084 -1 -1 -1 -1 -1 -1 -1 -1 1 
287 1 Car -1.000000 -1 -1 -1.5391878508604577 225.84808615251228 291.5405805821602 370.4450827407149 -1 -1 -1 -1 -1 -1 -1 -1 1 
288 12 Car -1.000000 -1 -1 442.1552655926117 171.3439142016264 477.9220635294914 195.43310956313059 -1 -1 -1 -1 -1 -1 -1 -1 1 
288 1 Car -1.000000 -1 -1 -1.5116511377004542 225.93652294232294 291.54162020637443 370.460800574376 -1 -1 -1 -1 -1 -1 -1 -1 1 
289 12 Car -1.000000 -1 -1 443.3480670704292 175.75161980321775 475.4958973412331 197.8177444350261 -1 -1 -1 -1 -1 -1 -1 -1 1 
289 1 Car -1.000000 -1 -1 -1.6172015815973282 225.889701519448 291.4992493815147 370.4253039480402 -1 -1 -1 -1 -1 -1 -1 -1 1 
290 12 Car -1.000000 -1 -1 441.7395758491296 174.59970976297674 473.1045838181789 198.85600954294208 -1 -1 -1 -1 -1 -1 -1 -1 1 
290 1 Car -1.000000 -1 -1 -1.6058788322485498 225.85653728590563 291.5140336866562 370.4303361188907 -1 -1 -1 -1 -1 -1 -1 -1 1 
291 12 Car -1.000000 -1 -1 440.3415411871214 175.1709547237708 471.65130386215 199.61190859285682 -1 -1 -1 -1 -1 -1 -1 -1 1 
291 1 Car -1.000000 -1 -1 -1.5916736160333471 225.88236155418247 291.3680361085213 370.4272594130956 -1 -1 -1 -1 -1 -1 -1 -1 1 
292 12 Car -1.000000 -1 -1 437.014928459548 174.0630055906681 471.2285181748179 200.25371972758037 -1 -1 -1 -1 -1 -1 -1 -1 1 
292 1 Car -1.000000 -1 -1 -1.630021333694458 225.88189757787262 291.4720106308277 370.39320592696845 -1 -1 -1 -1 -1 -1 -1 -1 1 
293 12 Car -1.000000 -1 -1 436.11611834626933 174.48780389359362 470.03212843262236 200.7387047490248 -1 -1 -1 -1 -1 -1 -1 -1 1 
293 1 Car -1.000000 -1 -1 -1.6433496738855524 226.15752696704405 291.41029521937554 370.3709500139722 -1 -1 -1 -1 -1 -1 -1 -1 1 
294 12 Car -1.000000 -1 -1 434.7831692810242 174.68012313430128 468.6087025977098 201.59219277592808 -1 -1 -1 -1 -1 -1 -1 -1 1 
294 1 Car -1.000000 -1 -1 -1.5930308447434527 225.95668693288016 291.43713025634105 370.38935150951147 -1 -1 -1 -1 -1 -1 -1 -1 1 
295 12 Car -1.000000 -1 -1 433.8492337064101 174.99601020835914 468.439883794922 202.18344724522188 -1 -1 -1 -1 -1 -1 -1 -1 1 
295 1 Car -1.000000 -1 -1 -1.7526019376057889 225.96295124922807 291.72711315751076 370.3957324561018 -1 -1 -1 -1 -1 -1 -1 -1 1 
296 12 Car -1.000000 -1 -1 432.16186231317425 174.8567373706744 468.7904457639043 203.15170833697684 -1 -1 -1 -1 -1 -1 -1 -1 1 
296 1 Car -1.000000 -1 -1 -1.6404915841726222 225.95981644036675 291.6303348059838 370.40782955690065 -1 -1 -1 -1 -1 -1 -1 -1 1 
297 12 Car -1.000000 -1 -1 431.70453849606787 174.51869882070102 468.36640325016697 203.91188644445862 -1 -1 -1 -1 -1 -1 -1 -1 1 
297 1 Car -1.000000 -1 -1 -1.5256190712635487 226.01049546152356 291.4005957429225 370.38904360567153 -1 -1 -1 -1 -1 -1 -1 -1 1 
298 12 Car -1.000000 -1 -1 425.1160106200438 174.26334294848718 462.8493047585854 204.59948926304395 -1 -1 -1 -1 -1 -1 -1 -1 1 
298 1 Car -1.000000 -1 -1 -1.5482738648469763 225.92524023869862 291.7496223896742 370.44852651369115 -1 -1 -1 -1 -1 -1 -1 -1 1 
299 12 Car -1.000000 -1 -1 424.79535573549 173.98049054237512 463.9889786856679 205.61545731929633 -1 -1 -1 -1 -1 -1 -1 -1 1 
299 1 Car -1.000000 -1 -1 -1.5804771368320019 226.0187860692923 291.57514668427984 370.41106159297317 -1 -1 -1 -1 -1 -1 -1 -1 1 
300 12 Car -1.000000 -1 -1 429.5534414769365 173.92176573093118 470.95929145526424 206.2738990783691 -1 -1 -1 -1 -1 -1 -1 -1 1 
300 1 Car -1.000000 -1 -1 -1.56691326774083 226.0899051765983 291.5197284703071 370.40325701523284 -1 -1 -1 -1 -1 -1 -1 -1 1 
301 12 Car -1.000000 -1 -1 429.84961564896196 173.99806714401794 473.42836687026113 206.88177356926292 -1 -1 -1 -1 -1 -1 -1 -1 1 
301 1 Car -1.000000 -1 -1 -1.503042319646255 226.14360841994105 291.4872735349031 370.4295171625339 -1 -1 -1 -1 -1 -1 -1 -1 1 
302 12 Car -1.000000 -1 -1 430.3165445906612 173.49659951260455 477.1493529236088 207.50952418607014 -1 -1 -1 -1 -1 -1 -1 -1 1 
302 1 Car -1.000000 -1 -1 -1.615565330936363 225.99505298126203 291.40690065691103 370.4163577722816 -1 -1 -1 -1 -1 -1 -1 -1 1 
303 12 Car -1.000000 -1 -1 426.6504710568832 176.08227363107008 484.5990931873138 208.7447857387507 -1 -1 -1 -1 -1 -1 -1 -1 1 
303 1 Car -1.000000 -1 -1 -1.515508515330481 225.87660638185645 291.16234589654664 370.4975471588281 -1 -1 -1 -1 -1 -1 -1 -1 1 
304 13 Car -1.000000 -1 -1 394.5565395492774 172.67083809925958 421.22351094851126 193.18294236293204 -1 -1 -1 -1 -1 -1 -1 -1 1 
304 12 Car -1.000000 -1 -1 428.2992266714573 175.9689062124548 490.2316972086063 209.1541530786512 -1 -1 -1 -1 -1 -1 -1 -1 1 
304 1 Car -1.000000 -1 -1 -1.6290536133142552 225.97657737250512 291.2617487380138 370.4520335850807 -1 -1 -1 -1 -1 -1 -1 -1 1 
305 12 Car -1.000000 -1 -1 432.7056493506982 175.00631623973067 499.88330605167613 210.4759082155159 -1 -1 -1 -1 -1 -1 -1 -1 1 
305 1 Car -1.000000 -1 -1 -1.5974669605493546 226.01759675890207 291.1129609403702 370.46836234915713 -1 -1 -1 -1 -1 -1 -1 -1 1 
306 12 Car -1.000000 -1 -1 442.241121927133 172.55500396427053 513.8047722004927 211.24996818458803 -1 -1 -1 -1 -1 -1 -1 -1 1 
306 1 Car -1.000000 -1 -1 -1.6829562347668912 226.05871316045526 291.2111333494003 370.457578292833 -1 -1 -1 -1 -1 -1 -1 -1 1 
307 12 Car -1.000000 -1 -1 448.37789914699704 173.30209931287055 528.7012315392494 210.99508384314294 -1 -1 -1 -1 -1 -1 -1 -1 1 
307 1 Car -1.000000 -1 -1 -1.6066054117221142 225.9756253516445 291.16408842458173 370.48370304302534 -1 -1 -1 -1 -1 -1 -1 -1 1 
308 12 Car -1.000000 -1 -1 453.4437290888566 173.4985154028982 540.9087873788981 210.66869161808148 -1 -1 -1 -1 -1 -1 -1 -1 1 
308 1 Car -1.000000 -1 -1 -1.7319076634370276 226.11380812067256 291.18559100306953 370.4755031947907 -1 -1 -1 -1 -1 -1 -1 -1 1 
309 12 Car -1.000000 -1 -1 462.9462626943222 172.88023791849042 559.0032847798788 211.9252240750939 -1 -1 -1 -1 -1 -1 -1 -1 1 
309 1 Car -1.000000 -1 -1 -1.6990898767342912 226.09863834312327 291.3722363446767 370.4872750032406 -1 -1 -1 -1 -1 -1 -1 -1 1 
310 13 Car -1.000000 -1 -1 363.6752297236369 174.12623985742147 406.93576526641846 198.96543129418905 -1 -1 -1 -1 -1 -1 -1 -1 1 
310 12 Car -1.000000 -1 -1 477.9675467381111 172.78568737137203 580.7677356279813 212.0625079430353 -1 -1 -1 -1 -1 -1 -1 -1 1 
310 1 Car -1.000000 -1 -1 -1.8093130175884085 226.10137607902288 291.2736928417132 370.5238471724666 -1 -1 -1 -1 -1 -1 -1 -1 1 
311 13 Car -1.000000 -1 -1 360.06247805632074 174.3154569457357 402.31823082612107 199.1821031415692 -1 -1 -1 -1 -1 -1 -1 -1 1 
311 12 Car -1.000000 -1 -1 490.58691582771456 172.6752192613024 602.1336989356922 212.9542103724984 -1 -1 -1 -1 -1 -1 -1 -1 1 
311 1 Car -1.000000 -1 -1 -1.9104033192762984 226.27973669423505 291.5001553698228 370.5007057178479 -1 -1 -1 -1 -1 -1 -1 -1 1 
312 13 Car -1.000000 -1 -1 354.25956226312195 174.63123640188803 390.59634785468756 200.93119660249124 -1 -1 -1 -1 -1 -1 -1 -1 1 
312 12 Car -1.000000 -1 -1 513.0139394608827 171.83479421915342 625.0099159914713 213.4872455959423 -1 -1 -1 -1 -1 -1 -1 -1 1 
312 1 Car -1.000000 -1 -1 -1.9704875659484173 226.197269146259 291.5569173086148 370.5196365026327 -1 -1 -1 -1 -1 -1 -1 -1 1 
313 14 Car -1.000000 -1 -1 455.2520628113013 172.85258618684915 480.82214227548013 193.28500527601975 -1 -1 -1 -1 -1 -1 -1 -1 1 
313 13 Car -1.000000 -1 -1 350.6283849752867 173.67536504681294 389.42912204449 202.8452316270425 -1 -1 -1 -1 -1 -1 -1 -1 1 
313 12 Car -1.000000 -1 -1 526.4045108419199 171.89888486996864 646.7667432794204 213.38135296980346 -1 -1 -1 -1 -1 -1 -1 -1 1 
313 1 Car -1.000000 -1 -1 -1.9680649328690265 226.20567023467555 291.72046415737043 370.5534513208728 -1 -1 -1 -1 -1 -1 -1 -1 1 
314 14 Car -1.000000 -1 -1 452.8656134949281 173.15130253250783 481.3104959290761 193.4211195546847 -1 -1 -1 -1 -1 -1 -1 -1 1 
314 13 Car -1.000000 -1 -1 347.4520404751484 173.6787452032933 385.054688504109 203.74179077836183 -1 -1 -1 -1 -1 -1 -1 -1 1 
314 12 Car -1.000000 -1 -1 544.2440225161039 171.98003868429137 669.2156582979055 213.78156736708036 -1 -1 -1 -1 -1 -1 -1 -1 1 
314 1 Car -1.000000 -1 -1 -2.082900792360306 226.29184185312346 291.8289360014292 370.53177495415395 -1 -1 -1 -1 -1 -1 -1 -1 1 
315 14 Car -1.000000 -1 -1 451.88232575930084 172.9349398612976 480.6002063567822 194.2330403511341 -1 -1 -1 -1 -1 -1 -1 -1 1 
315 13 Car -1.000000 -1 -1 341.4123814839583 173.93198466071715 383.41493384654706 204.44544181227684 -1 -1 -1 -1 -1 -1 -1 -1 1 
315 12 Car -1.000000 -1 -1 568.3881893249659 170.86142535894538 696.4450088739395 213.97247575295088 -1 -1 -1 -1 -1 -1 -1 -1 1 
315 1 Car -1.000000 -1 -1 -2.1093629816403734 226.3215578605349 291.7765494986222 370.5287761785663 -1 -1 -1 -1 -1 -1 -1 -1 1 
316 14 Car -1.000000 -1 -1 449.9422785937786 172.4949015906224 478.3680100555603 194.9158518933333 -1 -1 -1 -1 -1 -1 -1 -1 1 
316 13 Car -1.000000 -1 -1 335.8613558698159 173.50565404846117 382.35738260356277 205.2441299534761 -1 -1 -1 -1 -1 -1 -1 -1 1 
316 12 Car -1.000000 -1 -1 590.3432505726814 171.22168939202453 719.0787342832639 213.7284466917985 -1 -1 -1 -1 -1 -1 -1 -1 1 
316 1 Car -1.000000 -1 -1 -2.0083642258093732 226.23422778569739 291.9159242075223 370.51927346449634 -1 -1 -1 -1 -1 -1 -1 -1 1 
317 14 Car -1.000000 -1 -1 448.1603220036397 172.28152380539822 477.70074107325996 195.34508723479053 -1 -1 -1 -1 -1 -1 -1 -1 1 
317 13 Car -1.000000 -1 -1 326.7392845658156 174.41376160830256 373.85843939506094 206.23233513476754 -1 -1 -1 -1 -1 -1 -1 -1 1 
317 12 Car -1.000000 -1 -1 615.5037426490051 170.80931796190828 748.9201491154158 214.17017840708675 -1 -1 -1 -1 -1 -1 -1 -1 1 
317 1 Car -1.000000 -1 -1 -1.9962619336751857 226.0919104745755 291.74354300819914 370.5247033444735 -1 -1 -1 -1 -1 -1 -1 -1 1 
318 14 Car -1.000000 -1 -1 448.1429963364051 174.37592898423856 475.29438421588674 198.17595259501383 -1 -1 -1 -1 -1 -1 -1 -1 1 
318 13 Car -1.000000 -1 -1 323.53226825766836 174.7885533164327 371.51898616151163 206.70597542650427 -1 -1 -1 -1 -1 -1 -1 -1 1 
318 12 Car -1.000000 -1 -1 643.9358195364475 170.69730367941352 775.843386129691 213.7946884549008 -1 -1 -1 -1 -1 -1 -1 -1 1 
318 1 Car -1.000000 -1 -1 -1.919445138711211 226.08023398484173 291.62945126570185 370.5555852301992 -1 -1 -1 -1 -1 -1 -1 -1 1 
319 14 Car -1.000000 -1 -1 446.9793106500919 174.42311397538737 474.23166624399335 198.39460694446015 -1 -1 -1 -1 -1 -1 -1 -1 1 
319 13 Car -1.000000 -1 -1 319.0590183305053 174.5962704431552 370.1562319048322 206.91261187768896 -1 -1 -1 -1 -1 -1 -1 -1 1 
319 12 Car -1.000000 -1 -1 668.2807400960188 168.9974317857279 803.1452378676487 213.04096880010687 -1 -1 -1 -1 -1 -1 -1 -1 1 
319 1 Car -1.000000 -1 -1 -2.0287921050420152 226.13788314736806 291.58447927580426 370.5473499687819 -1 -1 -1 -1 -1 -1 -1 -1 1 
320 14 Car -1.000000 -1 -1 446.1749677062034 173.47856720479635 473.21339220725565 199.33047218391528 -1 -1 -1 -1 -1 -1 -1 -1 1 
320 13 Car -1.000000 -1 -1 317.0117087960243 175.9101950785575 367.05407085327 209.07821777849819 -1 -1 -1 -1 -1 -1 -1 -1 1 
320 12 Car -1.000000 -1 -1 695.188519188991 168.6075358515462 831.4325688297932 211.6951276627011 -1 -1 -1 -1 -1 -1 -1 -1 1 
320 1 Car -1.000000 -1 -1 -1.9013700932264328 226.06936086542333 291.40290140074035 370.5234620806117 -1 -1 -1 -1 -1 -1 -1 -1 1 
321 14 Car -1.000000 -1 -1 444.80655707304294 173.53284479906927 472.47525480618845 199.4530908591472 -1 -1 -1 -1 -1 -1 -1 -1 1 
321 13 Car -1.000000 -1 -1 310.45723659258624 175.64707555521568 365.1969744058756 209.7143810407187 -1 -1 -1 -1 -1 -1 -1 -1 1 
321 12 Car -1.000000 -1 -1 721.3618493722036 167.54504786159558 856.1483879547853 211.02180563414902 -1 -1 -1 -1 -1 -1 -1 -1 1 
321 1 Car -1.000000 -1 -1 -1.8827901425269715 225.98639944138438 291.4340326040983 370.56557492854506 -1 -1 -1 -1 -1 -1 -1 -1 1 
322 14 Car -1.000000 -1 -1 441.9760394990444 173.40022942767695 472.958257411535 200.43058503705723 -1 -1 -1 -1 -1 -1 -1 -1 1 
322 13 Car -1.000000 -1 -1 307.6595110251354 175.88533849670335 360.76482067658355 211.38260735915256 -1 -1 -1 -1 -1 -1 -1 -1 1 
322 12 Car -1.000000 -1 -1 748.7453007377112 166.6392210061447 888.3463334441186 211.3501796190842 -1 -1 -1 -1 -1 -1 -1 -1 1 
322 1 Car -1.000000 -1 -1 -1.8679269185433043 225.97683215657105 291.39009918616364 370.565128128689 -1 -1 -1 -1 -1 -1 -1 -1 1 
323 14 Car -1.000000 -1 -1 440.2701936432949 174.2987768065471 471.9477854669094 200.3205310438688 -1 -1 -1 -1 -1 -1 -1 -1 1 
323 13 Car -1.000000 -1 -1 302.1456703033585 175.97861957664674 349.19965868787125 213.26636496071632 -1 -1 -1 -1 -1 -1 -1 -1 1 
323 12 Car -1.000000 -1 -1 774.1997784788792 166.6075843372024 911.3167462761586 210.79739953176335 -1 -1 -1 -1 -1 -1 -1 -1 1 
323 1 Car -1.000000 -1 -1 -1.691502794623375 225.99167589957895 291.208837512594 370.51744639873505 -1 -1 -1 -1 -1 -1 -1 -1 1 
324 14 Car -1.000000 -1 -1 438.43701521708414 174.18308490744005 471.24394829915116 200.66349372267723 -1 -1 -1 -1 -1 -1 -1 -1 1 
324 13 Car -1.000000 -1 -1 297.2283396669305 175.989772184537 346.4774012800592 214.04194992322186 -1 -1 -1 -1 -1 -1 -1 -1 1 
324 12 Car -1.000000 -1 -1 802.6707188624603 165.02009487997455 940.5103180866976 209.7514256154402 -1 -1 -1 -1 -1 -1 -1 -1 1 
324 1 Car -1.000000 -1 -1 -1.7540522905496516 226.0616869135545 291.15592558567346 370.5140036860338 -1 -1 -1 -1 -1 -1 -1 -1 1 
325 14 Car -1.000000 -1 -1 436.28872858561004 174.57811768811484 471.12549637831177 201.4589473891717 -1 -1 -1 -1 -1 -1 -1 -1 1 
325 13 Car -1.000000 -1 -1 294.97156672294324 176.83561902206677 341.6471218971106 215.43825248686164 -1 -1 -1 -1 -1 -1 -1 -1 1 
325 12 Car -1.000000 -1 -1 830.1449830165277 165.06148128053889 971.0199903158042 209.25802789556866 -1 -1 -1 -1 -1 -1 -1 -1 1 
325 1 Car -1.000000 -1 -1 -1.6538658726673816 226.01161903486803 291.19507406651974 370.4487272237356 -1 -1 -1 -1 -1 -1 -1 -1 1 
326 14 Car -1.000000 -1 -1 436.66948674504573 174.40161032745473 470.73472920518657 201.6584457514378 -1 -1 -1 -1 -1 -1 -1 -1 1 
326 13 Car -1.000000 -1 -1 286.65567348897457 176.64793699979782 338.30406449964414 215.94475493981287 -1 -1 -1 -1 -1 -1 -1 -1 1 
326 12 Car -1.000000 -1 -1 856.7350081938964 163.5526639316231 980.6105938416262 209.98378767631948 -1 -1 -1 -1 -1 -1 -1 -1 1 
326 1 Car -1.000000 -1 -1 -1.670077030475312 226.159727885746 291.3168021715604 370.496755663592 -1 -1 -1 -1 -1 -1 -1 -1 1 
327 14 Car -1.000000 -1 -1 436.4674162772985 174.02765793296007 470.2244775020159 202.05510287330702 -1 -1 -1 -1 -1 -1 -1 -1 1 
327 12 Car -1.000000 -1 -1 881.560753724896 161.27598702191162 984.2078039336664 205.08393306714987 -1 -1 -1 -1 -1 -1 -1 -1 1 
327 1 Car -1.000000 -1 -1 -1.9042900903866666 226.15375440281173 291.3212372351151 370.4460544826893 -1 -1 -1 -1 -1 -1 -1 -1 1 
328 14 Car -1.000000 -1 -1 436.79570883970996 174.62898395382442 471.9758472534327 202.77809077730547 -1 -1 -1 -1 -1 -1 -1 -1 1 
328 12 Car -1.000000 -1 -1 908.5384936699501 159.82048042906592 1019.0649255972643 206.26050253112157 -1 -1 -1 -1 -1 -1 -1 -1 1 
328 1 Car -1.000000 -1 -1 -1.9951958278050768 226.21774856860822 291.3546984734444 370.44279965070575 -1 -1 -1 -1 -1 -1 -1 -1 1 
329 14 Car -1.000000 -1 -1 439.16075747058943 175.04283343370145 472.6014467363174 202.8814289890803 -1 -1 -1 -1 -1 -1 -1 -1 1 
329 1 Car -1.000000 -1 -1 -1.9724033646858743 226.35896754092892 291.60809530088534 370.385618917644 -1 -1 -1 -1 -1 -1 -1 -1 1 
330 14 Car -1.000000 -1 -1 439.4091532986898 174.40710488420268 474.18444647009557 203.37196348951414 -1 -1 -1 -1 -1 -1 -1 -1 1 
330 13 Car -1.000000 -1 -1 227.25784799915093 178.09795160706227 309.40786116627544 225.82295138102313 -1 -1 -1 -1 -1 -1 -1 -1 1 
330 1 Car -1.000000 -1 -1 -1.9747160375118256 226.22655415191102 291.70950478544603 370.38995448786477 -1 -1 -1 -1 -1 -1 -1 -1 1 
331 14 Car -1.000000 -1 -1 440.2795134324294 173.9828180579039 478.792918572059 204.36154395341876 -1 -1 -1 -1 -1 -1 -1 -1 1 
331 13 Car -1.000000 -1 -1 216.4803776924427 179.4212398219567 304.23035194323614 227.42767897362893 -1 -1 -1 -1 -1 -1 -1 -1 1 
331 1 Car -1.000000 -1 -1 -1.8358286963059243 226.20973607095385 291.4915779439302 370.3944564152222 -1 -1 -1 -1 -1 -1 -1 -1 1 
332 14 Car -1.000000 -1 -1 441.1433338247813 174.05696902137535 483.0887573636495 205.0402178787268 -1 -1 -1 -1 -1 -1 -1 -1 1 
332 13 Car -1.000000 -1 -1 202.57794466385474 178.75017405845796 296.6740797483004 229.45367431268093 -1 -1 -1 -1 -1 -1 -1 -1 1 
332 12 Car -1.000000 -1 -1 1035.6350168218978 158.25473371176764 1177.3366516415888 203.37763590738177 -1 -1 -1 -1 -1 -1 -1 -1 1 
332 1 Car -1.000000 -1 -1 -1.901995481206825 226.25273732325203 291.77129280223295 370.4543340635987 -1 -1 -1 -1 -1 -1 -1 -1 1 
333 14 Car -1.000000 -1 -1 441.63914267833417 173.43352863421805 487.9047940877768 205.20589686357056 -1 -1 -1 -1 -1 -1 -1 -1 1 
333 13 Car -1.000000 -1 -1 190.95516253778567 179.18983784002754 288.38531179726124 231.08561301317354 -1 -1 -1 -1 -1 -1 -1 -1 1 
333 12 Car -1.000000 -1 -1 1042.1562589315267 157.12783608728876 1206.2509826330038 202.2425158508122 -1 -1 -1 -1 -1 -1 -1 -1 1 
333 1 Car -1.000000 -1 -1 -2.0800046462279056 226.08275468246293 291.95898829056665 370.57039875537157 -1 -1 -1 -1 -1 -1 -1 -1 1 
334 14 Car -1.000000 -1 -1 442.35715963290284 172.641362880285 493.4138539937826 205.5919391489946 -1 -1 -1 -1 -1 -1 -1 -1 1 
334 13 Car -1.000000 -1 -1 177.69285268966968 179.1437773234569 270.7487237911958 234.22036297619343 -1 -1 -1 -1 -1 -1 -1 -1 1 
334 12 Car -1.000000 -1 -1 1083.5575107473594 158.50293574998014 1194.946763428358 203.48942011021654 -1 -1 -1 -1 -1 -1 -1 -1 1 
334 1 Car -1.000000 -1 -1 -2.310506240679672 226.11115510073992 291.65801041630596 370.6337299312537 -1 -1 -1 -1 -1 -1 -1 -1 1 
335 14 Car -1.000000 -1 -1 447.66327307201345 172.65896747318598 502.49717930303166 206.29946082257308 -1 -1 -1 -1 -1 -1 -1 -1 1 
335 13 Car -1.000000 -1 -1 176.47793254027 179.61133434079014 260.87231550308377 235.48334089752572 -1 -1 -1 -1 -1 -1 -1 -1 1 
335 12 Car -1.000000 -1 -1 1100.4832649918703 153.92755980818316 1220.155759375829 201.388527268114 -1 -1 -1 -1 -1 -1 -1 -1 1 
335 1 Car -1.000000 -1 -1 -1.7545396582438286 225.7532955591495 291.7510499438414 370.60497760772705 -1 -1 -1 -1 -1 -1 -1 -1 1 
336 14 Car -1.000000 -1 -1 452.6414902966756 173.52135748889012 512.2947972989999 207.63885638963146 -1 -1 -1 -1 -1 -1 -1 -1 1 
336 13 Car -1.000000 -1 -1 137.33768976880953 179.22060521606068 253.7514371573925 240.9050050162925 -1 -1 -1 -1 -1 -1 -1 -1 1 
336 12 Car -1.000000 -1 -1 1123.7888671916264 154.06101131238617 1222.1543916807725 201.52035655167242 -1 -1 -1 -1 -1 -1 -1 -1 1 
336 1 Car -1.000000 -1 -1 -2.505152199130805 225.82154386605208 291.5872084647417 370.46325648919895 -1 -1 -1 -1 -1 -1 -1 -1 1 
337 14 Car -1.000000 -1 -1 457.17350196609135 173.769381851531 519.6189197233091 207.8616687397544 -1 -1 -1 -1 -1 -1 -1 -1 1 
337 13 Car -1.000000 -1 -1 109.87686812419157 179.3515291573623 235.86617815953036 243.61159732780203 -1 -1 -1 -1 -1 -1 -1 -1 1 
337 12 Car -1.000000 -1 -1 1151.8841556402353 152.29882040777457 1225.1287330572422 202.8856042722383 -1 -1 -1 -1 -1 -1 -1 -1 1 
337 1 Car -1.000000 -1 -1 -2.341900156094482 226.24048966341297 291.32971960764667 370.42032320052385 -1 -1 -1 -1 -1 -1 -1 -1 1 
338 14 Car -1.000000 -1 -1 461.8642429273862 172.99745035787615 528.0893302628627 207.89837845314582 -1 -1 -1 -1 -1 -1 -1 -1 1 
338 13 Car -1.000000 -1 -1 89.07497180425206 181.61145928960582 221.65112058932965 241.60024483616536 -1 -1 -1 -1 -1 -1 -1 -1 1 
338 12 Car -1.000000 -1 -1 1175.0384490237786 154.29635099636823 1224.7970378651069 200.98418718203905 -1 -1 -1 -1 -1 -1 -1 -1 1 
338 1 Car -1.000000 -1 -1 -2.338410364893747 225.75831044751862 291.40381019505173 370.6517227968344 -1 -1 -1 -1 -1 -1 -1 -1 1 
339 14 Car -1.000000 -1 -1 469.1143293059789 173.06696275105844 537.0138661265373 208.16284757394058 -1 -1 -1 -1 -1 -1 -1 -1 1 
339 13 Car -1.000000 -1 -1 56.980295565839 181.34913104944505 206.9336846980911 249.03286805806252 -1 -1 -1 -1 -1 -1 -1 -1 1 
339 1 Car -1.000000 -1 -1 -2.2328948206626364 226.13658982400713 292.022333288422 370.5180887132883 -1 -1 -1 -1 -1 -1 -1 -1 1 
340 14 Car -1.000000 -1 -1 475.48551512910774 172.51675449311733 548.7041292992923 207.70815948454234 -1 -1 -1 -1 -1 -1 -1 -1 1 
340 13 Car -1.000000 -1 -1 23.040407180786133 183.0268842827242 193.09609200404242 251.42265687338434 -1 -1 -1 -1 -1 -1 -1 -1 1 
340 1 Car -1.000000 -1 -1 -1.7695647535416015 225.78506881800982 291.08350912997355 370.5785990277162 -1 -1 -1 -1 -1 -1 -1 -1 1 
341 14 Car -1.000000 -1 -1 486.58149767380496 172.87680124935625 563.9838606256706 209.2181976605207 -1 -1 -1 -1 -1 -1 -1 -1 1 
341 13 Car -1.000000 -1 -1 2.6848035775698236 183.49503049483667 168.0648703941932 250.58622373984412 -1 -1 -1 -1 -1 -1 -1 -1 1 
341 1 Car -1.000000 -1 -1 -2.2894299993148195 225.36132008123855 291.9062543694789 370.76271545141935 -1 -1 -1 -1 -1 -1 -1 -1 1 
342 14 Car -1.000000 -1 -1 494.5031542869714 173.15492970654026 574.2233320658023 209.613968922685 -1 -1 -1 -1 -1 -1 -1 -1 1 
342 13 Car -1.000000 -1 -1 -2.59036543277594 184.33342815878302 144.76605065510824 247.6234473488652 -1 -1 -1 -1 -1 -1 -1 -1 1 
342 1 Car -1.000000 -1 -1 -2.493714052897218 225.87656079003443 291.41329150474985 370.6798412880072 -1 -1 -1 -1 -1 -1 -1 -1 1 
343 14 Car -1.000000 -1 -1 505.92689835795994 172.64461174822196 587.3383953135748 209.86793954570132 -1 -1 -1 -1 -1 -1 -1 -1 1 
343 13 Car -1.000000 -1 -1 -0.7454961446615371 184.83535886527255 120.07264588429376 238.4949331945525 -1 -1 -1 -1 -1 -1 -1 -1 1 
343 1 Car -1.000000 -1 -1 -2.09711723258863 226.67241237771054 290.6656075544082 370.5987150938465 -1 -1 -1 -1 -1 -1 -1 -1 1 
344 14 Car -1.000000 -1 -1 513.952934785531 172.43714303423008 601.3777697200958 210.51607294079778 -1 -1 -1 -1 -1 -1 -1 -1 1 
344 13 Car -1.000000 -1 -1 -2.173731118440628 186.38542806586395 82.61310156721335 231.97319243103266 -1 -1 -1 -1 -1 -1 -1 -1 1 
344 1 Car -1.000000 -1 -1 -2.3917123262698965 227.33388662911378 290.9563640356064 370.48446993988296 -1 -1 -1 -1 -1 -1 -1 -1 1 
345 14 Car -1.000000 -1 -1 529.5747298369041 172.1458562205617 620.1741919976015 211.0623728397947 -1 -1 -1 -1 -1 -1 -1 -1 1 
345 13 Car -1.000000 -1 -1 -1.0787367431017074 187.96165538880115 53.178226101856964 232.4679348180787 -1 -1 -1 -1 -1 -1 -1 -1 1 
345 1 Car -1.000000 -1 -1 -2.785392832297532 227.5573716971737 291.6877638720549 370.43162297457457 -1 -1 -1 -1 -1 -1 -1 -1 1 
346 14 Car -1.000000 -1 -1 542.259126649453 172.54462981023468 632.4151911873083 210.96394375396463 -1 -1 -1 -1 -1 -1 -1 -1 1 
346 1 Car -1.000000 -1 -1 -2.382938655523162 225.14398068476183 292.1894825192598 370.7381425196162 -1 -1 -1 -1 -1 -1 -1 -1 1 
347 14 Car -1.000000 -1 -1 552.2083447598493 172.35705309977325 650.2605803861067 211.49437860012628 -1 -1 -1 -1 -1 -1 -1 -1 1 
347 1 Car -1.000000 -1 -1 -2.3526089168511817 226.2004808250528 291.84760784873595 370.7186353693788 -1 -1 -1 -1 -1 -1 -1 -1 1 
348 14 Car -1.000000 -1 -1 568.8593527009854 171.56387038314 671.5606404978495 211.55522348430867 -1 -1 -1 -1 -1 -1 -1 -1 1 
348 1 Car -1.000000 -1 -1 -1.594695681562797 226.307068673464 291.1916872205643 370.5465819056218 -1 -1 -1 -1 -1 -1 -1 -1 1 
349 14 Car -1.000000 -1 -1 586.2787502660201 171.45060267012855 685.4751323255209 211.56694230551904 -1 -1 -1 -1 -1 -1 -1 -1 1 
349 1 Car -1.000000 -1 -1 -1.913186874527213 225.9680477787669 291.4296348954623 370.60287921761096 -1 -1 -1 -1 -1 -1 -1 -1 1 
350 14 Car -1.000000 -1 -1 600.3188647559056 171.94594453662063 704.7377927417938 211.52837875442438 -1 -1 -1 -1 -1 -1 -1 -1 1 
350 1 Car -1.000000 -1 -1 -1.9995032182106627 225.9693432226777 291.55297925839056 370.5970135646371 -1 -1 -1 -1 -1 -1 -1 -1 1 
351 14 Car -1.000000 -1 -1 619.6490800518256 171.22302456973836 727.4855158925056 212.49323225508516 -1 -1 -1 -1 -1 -1 -1 -1 1 
351 1 Car -1.000000 -1 -1 -1.8453266666485888 226.04128786004503 291.37056308984756 370.6268196954177 -1 -1 -1 -1 -1 -1 -1 -1 1 
352 14 Car -1.000000 -1 -1 637.1702415347099 170.77166616773377 743.7959992014445 212.09146291160812 -1 -1 -1 -1 -1 -1 -1 -1 1 
352 1 Car -1.000000 -1 -1 -1.9718744330681375 226.00427525261273 291.52275772622 370.5832174792886 -1 -1 -1 -1 -1 -1 -1 -1 1 
353 14 Car -1.000000 -1 -1 656.1997634149515 170.6490481816805 767.7702348025946 212.2438245782485 -1 -1 -1 -1 -1 -1 -1 -1 1 
353 1 Car -1.000000 -1 -1 -1.9390192914467548 225.96138289055 291.4009635047271 370.5801193559399 -1 -1 -1 -1 -1 -1 -1 -1 1 
354 14 Car -1.000000 -1 -1 675.6944069954064 169.70737491519407 789.4272167774346 212.09739196902285 -1 -1 -1 -1 -1 -1 -1 -1 1 
354 1 Car -1.000000 -1 -1 -1.930080417257102 225.95188081264493 291.3575556862813 370.59726728842804 -1 -1 -1 -1 -1 -1 -1 -1 1 
355 14 Car -1.000000 -1 -1 699.0155919836118 169.28163530018466 814.6687876169499 212.08758760673493 -1 -1 -1 -1 -1 -1 -1 -1 1 
355 1 Car -1.000000 -1 -1 -1.805981940948044 225.99935992405966 291.08183201688985 370.5738352124508 -1 -1 -1 -1 -1 -1 -1 -1 1 
356 14 Car -1.000000 -1 -1 716.82241582412 167.60446349517085 831.9877225481548 212.14663058017882 -1 -1 -1 -1 -1 -1 -1 -1 1 
356 1 Car -1.000000 -1 -1 -1.7135792007813109 225.97791300083583 291.0480747452149 370.5822806203595 -1 -1 -1 -1 -1 -1 -1 -1 1 
357 14 Car -1.000000 -1 -1 737.7573244159038 167.13805915572897 853.2829556327599 211.423279213934 -1 -1 -1 -1 -1 -1 -1 -1 1 
357 1 Car -1.000000 -1 -1 -1.7116949695807193 225.99033072877387 291.0266495071925 370.5676168060073 -1 -1 -1 -1 -1 -1 -1 -1 1 
358 14 Car -1.000000 -1 -1 761.6131021334575 166.57865062714197 878.8641012723629 211.65423407792474 -1 -1 -1 -1 -1 -1 -1 -1 1 
358 1 Car -1.000000 -1 -1 -1.8020717753813642 226.06212003586387 291.43219660107906 370.5188804205794 -1 -1 -1 -1 -1 -1 -1 -1 1 
359 14 Car -1.000000 -1 -1 781.5396804626172 166.5798322770458 901.1771096266233 211.56580791737025 -1 -1 -1 -1 -1 -1 -1 -1 1 
359 1 Car -1.000000 -1 -1 -1.8132565044439843 225.89099834171623 291.07117060743843 370.5533895068444 -1 -1 -1 -1 -1 -1 -1 -1 1 
360 14 Car -1.000000 -1 -1 805.6299222020002 165.353339396847 929.5664584499139 210.77250758974026 -1 -1 -1 -1 -1 -1 -1 -1 1 
360 1 Car -1.000000 -1 -1 -1.7464550366768492 226.0342221879042 290.937799517925 370.51002829120705 -1 -1 -1 -1 -1 -1 -1 -1 1 
361 14 Car -1.000000 -1 -1 825.0569386482239 164.86284523987425 950.6154275674087 210.33485488464623 -1 -1 -1 -1 -1 -1 -1 -1 1 
361 1 Car -1.000000 -1 -1 -1.6907455244889888 225.90655872455008 290.84336716051286 370.5087453585404 -1 -1 -1 -1 -1 -1 -1 -1 1 
362 14 Car -1.000000 -1 -1 850.9122294049997 164.43579549614628 975.1533292486118 210.09460702896695 -1 -1 -1 -1 -1 -1 -1 -1 1 
362 1 Car -1.000000 -1 -1 -1.6727206363127607 225.8868014554565 290.8985228378039 370.513468777331 -1 -1 -1 -1 -1 -1 -1 -1 1 
363 14 Car -1.000000 -1 -1 871.563458781976 164.00592094143994 984.7549175757629 210.44175045134926 -1 -1 -1 -1 -1 -1 -1 -1 1 
363 1 Car -1.000000 -1 -1 -1.6635027401722482 225.98272431641817 290.94741165752595 370.46553989729057 -1 -1 -1 -1 -1 -1 -1 -1 1 
364 14 Car -1.000000 -1 -1 897.4733024514638 164.87742044174902 1007.6029935754262 209.48967302504641 -1 -1 -1 -1 -1 -1 -1 -1 1 
364 1 Car -1.000000 -1 -1 -1.6130485213719794 225.96170160919428 290.9465900246914 370.4976539285137 -1 -1 -1 -1 -1 -1 -1 -1 1 
365 14 Car -1.000000 -1 -1 919.581218623198 163.89673056868978 1016.9724868490146 209.5470572513743 -1 -1 -1 -1 -1 -1 -1 -1 1 
365 1 Car -1.000000 -1 -1 -1.713038519024849 225.9622383203644 290.91640391831214 370.48062612517526 -1 -1 -1 -1 -1 -1 -1 -1 1 
366 14 Car -1.000000 -1 -1 945.3371431919244 163.50640360624172 1073.4698510995277 211.52636523931648 -1 -1 -1 -1 -1 -1 -1 -1 1 
366 1 Car -1.000000 -1 -1 -1.620278890316314 225.99661381198808 290.89523104520947 370.4711136565759 -1 -1 -1 -1 -1 -1 -1 -1 1 
367 14 Car -1.000000 -1 -1 964.328346642164 157.93088304523664 1095.5241789221764 208.37441846513403 -1 -1 -1 -1 -1 -1 -1 -1 1 
367 1 Car -1.000000 -1 -1 -1.2672877116845314 226.1521352569644 290.6318411632226 370.5495075222391 -1 -1 -1 -1 -1 -1 -1 -1 1 
368 14 Car -1.000000 -1 -1 993.7647857528466 159.88484842129625 1124.07655022236 205.22126348116078 -1 -1 -1 -1 -1 -1 -1 -1 1 
368 1 Car -1.000000 -1 -1 -1.5729963320952152 226.04296701745346 290.9331499704948 370.4835624505694 -1 -1 -1 -1 -1 -1 -1 -1 1 
369 14 Car -1.000000 -1 -1 1035.3041890355257 158.89918758175693 1143.2073712761585 203.9457022699599 -1 -1 -1 -1 -1 -1 -1 -1 1 
369 1 Car -1.000000 -1 -1 -1.5853927284479141 225.95376566339002 290.9724278782423 370.462379853886 -1 -1 -1 -1 -1 -1 -1 -1 1 
370 14 Car -1.000000 -1 -1 1036.156304185207 157.88031930247178 1162.48857656809 203.81303563427466 -1 -1 -1 -1 -1 -1 -1 -1 1 
370 1 Car -1.000000 -1 -1 -1.4911683660286883 225.9731348718588 290.89932710849325 370.4638463201431 -1 -1 -1 -1 -1 -1 -1 -1 1 
371 14 Car -1.000000 -1 -1 1054.6097392118893 157.04730356756886 1185.6639090134545 202.43921209198353 -1 -1 -1 -1 -1 -1 -1 -1 1 
371 1 Car -1.000000 -1 -1 -1.4612449717063214 226.02211363613603 290.96294463941683 370.46281403647015 -1 -1 -1 -1 -1 -1 -1 -1 1 
372 14 Car -1.000000 -1 -1 1075.853860946802 155.2561104326294 1206.9405312813244 201.9040670274542 -1 -1 -1 -1 -1 -1 -1 -1 1 
372 1 Car -1.000000 -1 -1 -1.535930957931754 226.05500145600394 290.91356038474123 370.45686398561185 -1 -1 -1 -1 -1 -1 -1 -1 1 
373 14 Car -1.000000 -1 -1 1095.7386712156808 154.16501010194995 1222.0094626637604 201.0905692045792 -1 -1 -1 -1 -1 -1 -1 -1 1 
373 1 Car -1.000000 -1 -1 -1.512251271651337 225.9626336968862 290.9557432073813 370.4801934269758 -1 -1 -1 -1 -1 -1 -1 -1 1 
374 14 Car -1.000000 -1 -1 1117.0174614718328 153.7494694835578 1221.7291341676162 200.2420229070748 -1 -1 -1 -1 -1 -1 -1 -1 1 
374 1 Car -1.000000 -1 -1 -1.4896115603355042 226.04254958721305 290.88706259429455 370.4613001759235 -1 -1 -1 -1 -1 -1 -1 -1 1 
375 14 Car -1.000000 -1 -1 1139.385503792992 153.75236636672454 1226.4711788652035 198.4466701810463 -1 -1 -1 -1 -1 -1 -1 -1 1 
375 1 Car -1.000000 -1 -1 -1.5133464898054285 226.02393889942994 290.9830128241044 370.46098877317627 -1 -1 -1 -1 -1 -1 -1 -1 1 
