0 1 Car -1.000000 -1 -1 1.5752539975847242 95.4663153917127 260.70033462487527 370.1342771252231 -1 -1 -1 -1 -1 -1 -1 -1 1 
1 1 Car -1.000000 -1 -1 1.148556067393372 94.24586587800431 260.6126977663774 371.56606912039797 -1 -1 -1 -1 -1 -1 -1 -1 1 
2 1 Car -1.000000 -1 -1 1.1477619684659714 94.67149156647233 262.2296094527611 370.983445554112 -1 -1 -1 -1 -1 -1 -1 -1 1 
3 1 Car -1.000000 -1 -1 2.070844448529783 95.5159000880443 260.7181193094987 370.0207451272469 -1 -1 -1 -1 -1 -1 -1 -1 1 
4 1 Car -1.000000 -1 -1 1.8465157105372327 96.60619309888438 261.75438754375165 369.8112615197897 -1 -1 -1 -1 -1 -1 -1 -1 1 
5 1 Car -1.000000 -1 -1 1.9287793086125191 96.72629828636465 261.5413810289823 370.0565830560831 -1 -1 -1 -1 -1 -1 -1 -1 1 
6 1 Car -1.000000 -1 -1 1.8597572400019828 96.2794364043153 262.73293909659753 369.8124892121324 -1 -1 -1 -1 -1 -1 -1 -1 1 
7 1 Car -1.000000 -1 -1 1.44222395236676 95.82856890960383 262.20137544778675 370.48125168738454 -1 -1 -1 -1 -1 -1 -1 -1 1 
8 1 Car -1.000000 -1 -1 1.5390675434699403 95.79438713021003 261.55596944002 369.8249043954106 -1 -1 -1 -1 -1 -1 -1 -1 1 
9 1 Car -1.000000 -1 -1 1.7141425059392077 94.42037128055327 264.35857464716986 371.19809916816075 -1 -1 -1 -1 -1 -1 -1 -1 1 
10 1 Car -1.000000 -1 -1 2.460326121403625 94.34951225868784 265.08219799628625 370.9747132358069 -1 -1 -1 -1 -1 -1 -1 -1 1 
11 1 Car -1.000000 -1 -1 3.2175794197962944 94.43621555199988 261.4236327134646 371.36757823137134 -1 -1 -1 -1 -1 -1 -1 -1 1 
12 1 Car -1.000000 -1 -1 3.235161836330718 94.26387772250632 259.6741065062009 371.808079099999 -1 -1 -1 -1 -1 -1 -1 -1 1 
13 1 Car -1.000000 -1 -1 3.164296223567092 94.61455920281318 258.44803740428046 371.15919402299016 -1 -1 -1 -1 -1 -1 -1 -1 1 
14 1 Car -1.000000 -1 -1 2.5520908465752257 94.5707657130865 263.49512534875134 371.4221548231749 -1 -1 -1 -1 -1 -1 -1 -1 1 
15 1 Car -1.000000 -1 -1 3.220079568716187 94.67564593570737 263.1832577265226 370.9565792476328 -1 -1 -1 -1 -1 -1 -1 -1 1 
16 1 Car -1.000000 -1 -1 2.731105437645539 95.20751361090404 262.93182299687317 370.5463098390744 -1 -1 -1 -1 -1 -1 -1 -1 1 
17 1 Car -1.000000 -1 -1 2.9134255005763237 93.3339983712022 262.94327429624707 371.98505043696895 -1 -1 -1 -1 -1 -1 -1 -1 1 
18 1 Car -1.000000 -1 -1 3.528773601238555 94.121721785229 259.4635804983286 371.6734464495228 -1 -1 -1 -1 -1 -1 -1 -1 1 
19 1 Car -1.000000 -1 -1 2.857872247695923 95.86539443152455 262.0445563426385 370.2667427478501 -1 -1 -1 -1 -1 -1 -1 -1 1 
20 1 Car -1.000000 -1 -1 2.7787429552811886 95.64280566687765 261.4123132962447 370.47043062746525 -1 -1 -1 -1 -1 -1 -1 -1 1 
28 1 Car -1.000000 -1 -1 1.5528534375704055 95.26507477061105 258.7353777518639 370.46809113082975 -1 -1 -1 -1 -1 -1 -1 -1 1 
29 1 Car -1.000000 -1 -1 1.3638999828925478 95.79712046596867 257.91320476165185 370.531193870478 -1 -1 -1 -1 -1 -1 -1 -1 1 
30 1 Car -1.000000 -1 -1 1.9618508632366627 95.67081113274281 257.7544944102948 370.48843939717 -1 -1 -1 -1 -1 -1 -1 -1 1 
31 1 Car -1.000000 -1 -1 1.6326814248011772 96.01009699014517 260.3435290960165 370.1693861301129 -1 -1 -1 -1 -1 -1 -1 -1 1 
32 1 Car -1.000000 -1 -1 1.422609989459687 96.26990442665723 261.88750153321485 370.0364367721172 -1 -1 -1 -1 -1 -1 -1 -1 1 
33 1 Car -1.000000 -1 -1 1.8206050762763084 95.80892657431272 261.52578806877136 370.4689780508096 -1 -1 -1 -1 -1 -1 -1 -1 1 
34 1 Car -1.000000 -1 -1 1.7373734070704643 96.77509505444993 261.6613741471217 369.5120449894323 -1 -1 -1 -1 -1 -1 -1 -1 1 
35 1 Car -1.000000 -1 -1 1.6362450489631044 96.4695478345339 263.17305229260376 369.40315957825914 -1 -1 -1 -1 -1 -1 -1 -1 1 
36 1 Car -1.000000 -1 -1 1.4591104800884693 96.80039803855695 264.0784232799823 369.03089164254754 -1 -1 -1 -1 -1 -1 -1 -1 1 
37 1 Car -1.000000 -1 -1 1.4210049555851754 96.13636428346999 264.5801142179049 369.4959177306065 -1 -1 -1 -1 -1 -1 -1 -1 1 
38 1 Car -1.000000 -1 -1 1.1831372517806074 96.21003001211929 264.0661862996908 369.6393284502511 -1 -1 -1 -1 -1 -1 -1 -1 1 
39 1 Car -1.000000 -1 -1 1.4907369430248423 96.24998631385657 263.92722740540137 369.65117548520743 -1 -1 -1 -1 -1 -1 -1 -1 1 
40 1 Car -1.000000 -1 -1 1.5063747992882384 97.13438490692238 263.62646594414343 369.70066959611495 -1 -1 -1 -1 -1 -1 -1 -1 1 
41 1 Car -1.000000 -1 -1 1.4569947536174936 96.98130893306092 264.391595693735 369.34763393436486 -1 -1 -1 -1 -1 -1 -1 -1 1 
42 1 Car -1.000000 -1 -1 1.7866692726428823 96.11782797397328 264.2238668478452 369.44195498497436 -1 -1 -1 -1 -1 -1 -1 -1 1 
43 1 Car -1.000000 -1 -1 1.850037244650025 96.46977128747565 263.3745878659762 368.86466931981533 -1 -1 -1 -1 -1 -1 -1 -1 1 
44 1 Car -1.000000 -1 -1 1.6784248902247327 95.4857768290318 263.33714175224304 369.61322082349886 -1 -1 -1 -1 -1 -1 -1 -1 1 
53 1 Car -1.000000 -1 -1 1.8577621716719364 96.88231567493997 261.1303099668943 369.6306535988473 -1 -1 -1 -1 -1 -1 -1 -1 1 
54 1 Car -1.000000 -1 -1 2.211820859175475 96.60248028114441 262.13418850531946 369.20818493200034 -1 -1 -1 -1 -1 -1 -1 -1 1 
55 1 Car -1.000000 -1 -1 1.9648897647857666 97.70007641269612 261.6063820948968 367.82708994471113 -1 -1 -1 -1 -1 -1 -1 -1 1 
56 1 Car -1.000000 -1 -1 2.0886429273165277 96.41022402076769 260.75381447718695 369.0548848690322 -1 -1 -1 -1 -1 -1 -1 -1 1 
57 1 Car -1.000000 -1 -1 2.397586694130524 95.44335586520342 261.99240957773645 369.9802521673532 -1 -1 -1 -1 -1 -1 -1 -1 1 
58 1 Car -1.000000 -1 -1 3.573223499151368 95.78973315942747 260.2698771219987 370.4525156920919 -1 -1 -1 -1 -1 -1 -1 -1 1 
59 1 Car -1.000000 -1 -1 3.2239995552943412 95.22403614022411 261.62225284943213 370.4632003476413 -1 -1 -1 -1 -1 -1 -1 -1 1 
60 1 Car -1.000000 -1 -1 2.830581059822663 96.70417485472103 261.4808695683113 369.0232731960714 -1 -1 -1 -1 -1 -1 -1 -1 1 
61 1 Car -1.000000 -1 -1 3.37906490839444 95.31152886123613 261.8060404520768 370.0795601150738 -1 -1 -1 -1 -1 -1 -1 -1 1 
62 1 Car -1.000000 -1 -1 2.039021565363953 95.82246623216912 261.8880010017982 369.9611178627954 -1 -1 -1 -1 -1 -1 -1 -1 1 
63 1 Car -1.000000 -1 -1 2.2688893538255 96.547221349409 261.852853004749 369.1394510721931 -1 -1 -1 -1 -1 -1 -1 -1 1 
64 1 Car -1.000000 -1 -1 1.9328957154200737 96.91956334532455 261.990187223141 369.331208420201 -1 -1 -1 -1 -1 -1 -1 -1 1 
65 1 Car -1.000000 -1 -1 1.818292929575989 96.89306087218799 262.222642146624 369.42917512013366 -1 -1 -1 -1 -1 -1 -1 -1 1 
66 1 Car -1.000000 -1 -1 1.8434094649094845 97.40388399849718 261.588948396536 369.23623598968754 -1 -1 -1 -1 -1 -1 -1 -1 1 
67 1 Car -1.000000 -1 -1 2.3054740245525522 96.87249795318795 261.8816594343919 369.17211819583406 -1 -1 -1 -1 -1 -1 -1 -1 1 
68 1 Car -1.000000 -1 -1 2.1189477627094107 96.75345494913364 262.4451610125028 369.21219786055957 -1 -1 -1 -1 -1 -1 -1 -1 1 
69 1 Car -1.000000 -1 -1 2.0676848888397217 96.92174735264135 262.2662474375505 369.23963475399296 -1 -1 -1 -1 -1 -1 -1 -1 1 
70 1 Car -1.000000 -1 -1 2.008161141322205 97.25855073533381 261.9066553115845 368.9733642525971 -1 -1 -1 -1 -1 -1 -1 -1 1 
71 1 Car -1.000000 -1 -1 1.9429019231062625 96.80075651751113 262.05102137418896 369.47569086574595 -1 -1 -1 -1 -1 -1 -1 -1 1 
72 1 Car -1.000000 -1 -1 2.2020363257481392 96.94195147460474 261.86538180938135 369.1611859130745 -1 -1 -1 -1 -1 -1 -1 -1 1 
73 1 Car -1.000000 -1 -1 2.2420359024634706 96.95773371996788 261.9303323672368 368.99086986883333 -1 -1 -1 -1 -1 -1 -1 -1 1 
74 1 Car -1.000000 -1 -1 2.1199719539055764 97.17848725473652 262.006276845932 368.9623501166128 -1 -1 -1 -1 -1 -1 -1 -1 1 
75 1 Car -1.000000 -1 -1 2.2750513370220347 97.11179240964927 262.12133701031024 369.2151630784457 -1 -1 -1 -1 -1 -1 -1 -1 1 
76 1 Car -1.000000 -1 -1 2.022480176045349 96.9336126243266 262.157503586549 369.134708727495 -1 -1 -1 -1 -1 -1 -1 -1 1 
77 1 Car -1.000000 -1 -1 2.0626537249638375 96.65200588221734 261.70867494436413 369.1781234340026 -1 -1 -1 -1 -1 -1 -1 -1 1 
78 1 Car -1.000000 -1 -1 2.0654456982246074 96.4483622690806 261.6199294787187 369.3625989728249 -1 -1 -1 -1 -1 -1 -1 -1 1 
79 1 Car -1.000000 -1 -1 2.0293099880218506 96.65469892752859 261.7669528264266 369.15636579721024 -1 -1 -1 -1 -1 -1 -1 -1 1 
80 1 Car -1.000000 -1 -1 2.1383793354034424 96.56039568953793 261.6770877654736 369.2040517152502 -1 -1 -1 -1 -1 -1 -1 -1 1 
81 1 Car -1.000000 -1 -1 2.156351786393401 95.93739118140479 262.02250396288355 369.40690828630557 -1 -1 -1 -1 -1 -1 -1 -1 1 
82 1 Car -1.000000 -1 -1 2.126038532990691 95.91147212454905 262.1647262389844 369.44303058087826 -1 -1 -1 -1 -1 -1 -1 -1 1 
83 1 Car -1.000000 -1 -1 2.140312671661377 95.7091253866943 261.8152413368225 369.46604750620634 -1 -1 -1 -1 -1 -1 -1 -1 1 
84 1 Car -1.000000 -1 -1 2.15290601436908 95.5914897385698 262.32183716847345 369.60994913314397 -1 -1 -1 -1 -1 -1 -1 -1 1 
85 1 Car -1.000000 -1 -1 2.177579201184784 95.43344012103398 261.65237810061524 370.00174356911043 -1 -1 -1 -1 -1 -1 -1 -1 1 
86 1 Car -1.000000 -1 -1 2.0978410060589 95.42459976071348 261.9251693212069 370.0371154010869 -1 -1 -1 -1 -1 -1 -1 -1 1 
87 1 Car -1.000000 -1 -1 2.05407577294568 95.86809267218297 262.3846158797924 369.78643051706825 -1 -1 -1 -1 -1 -1 -1 -1 1 
88 1 Car -1.000000 -1 -1 2.071899505761934 95.06638757168099 263.2953884234795 369.95262718114714 -1 -1 -1 -1 -1 -1 -1 -1 1 
89 1 Car -1.000000 -1 -1 2.1385084115541986 95.87262386312852 262.62909172131464 369.63307574391365 -1 -1 -1 -1 -1 -1 -1 -1 1 
90 1 Car -1.000000 -1 -1 1.9665593367356564 95.9179374160102 262.92265859017004 369.61786806153566 -1 -1 -1 -1 -1 -1 -1 -1 1 
91 1 Car -1.000000 -1 -1 2.311717381844147 96.0757920489861 262.64927810889026 369.2310831065361 -1 -1 -1 -1 -1 -1 -1 -1 1 
92 1 Car -1.000000 -1 -1 2.0223510998945926 96.28822194842189 262.34588742256165 370.0202296215754 -1 -1 -1 -1 -1 -1 -1 -1 1 
93 1 Car -1.000000 -1 -1 1.9835356565621964 95.74179966719106 262.9266711748563 369.94847005519733 -1 -1 -1 -1 -1 -1 -1 -1 1 
94 1 Car -1.000000 -1 -1 2.2559228126819164 95.4290440091147 262.66996957705567 370.2313938178122 -1 -1 -1 -1 -1 -1 -1 -1 1 
95 1 Car -1.000000 -1 -1 2.215317139258758 95.64933658935703 262.56308049422046 370.35135873091906 -1 -1 -1 -1 -1 -1 -1 -1 1 
96 1 Car -1.000000 -1 -1 2.3213531970977783 95.79252857428332 262.58274777118976 370.29232373604407 -1 -1 -1 -1 -1 -1 -1 -1 1 
97 1 Car -1.000000 -1 -1 2.246432909598724 95.92123296255102 262.98632399852454 370.24435970788966 -1 -1 -1 -1 -1 -1 -1 -1 1 
98 1 Car -1.000000 -1 -1 2.3006196388831484 96.34135889892394 262.99451472209046 369.64062299292823 -1 -1 -1 -1 -1 -1 -1 -1 1 
99 1 Car -1.000000 -1 -1 2.336508420797486 95.84191379495539 262.7986220213083 369.77630303599517 -1 -1 -1 -1 -1 -1 -1 -1 1 
100 1 Car -1.000000 -1 -1 2.422762155532837 96.38369392746915 262.55623665222754 369.2936794588772 -1 -1 -1 -1 -1 -1 -1 -1 1 
101 1 Car -1.000000 -1 -1 2.2145819664001465 96.10436677646177 262.9028706550598 369.413988272158 -1 -1 -1 -1 -1 -1 -1 -1 1 
102 1 Car -1.000000 -1 -1 2.3205506801605225 96.23214353019227 262.3535309754885 369.5033498867773 -1 -1 -1 -1 -1 -1 -1 -1 1 
103 1 Car -1.000000 -1 -1 2.130749812492951 96.3794683607725 263.21943272077124 369.24248487903526 -1 -1 -1 -1 -1 -1 -1 -1 1 
104 1 Car -1.000000 -1 -1 2.1509025280292065 96.5443576528476 262.852761048537 369.36079162817737 -1 -1 -1 -1 -1 -1 -1 -1 1 
105 1 Car -1.000000 -1 -1 2.0176706864283744 96.21889512985945 262.2984435191521 369.7756514440362 -1 -1 -1 -1 -1 -1 -1 -1 1 
106 1 Car -1.000000 -1 -1 1.9463336651141958 96.92728426737281 262.9337479151212 369.22618309895574 -1 -1 -1 -1 -1 -1 -1 -1 1 
107 1 Car -1.000000 -1 -1 1.8841638565063477 96.17374931247187 263.30729429538434 369.57511883658856 -1 -1 -1 -1 -1 -1 -1 -1 1 
108 1 Car -1.000000 -1 -1 1.8063561916351318 96.93035111261102 263.80697894096375 369.33256631430527 -1 -1 -1 -1 -1 -1 -1 -1 1 
109 1 Car -1.000000 -1 -1 1.9054165253272686 96.5924138188935 262.7654494505662 369.37713147212673 -1 -1 -1 -1 -1 -1 -1 -1 1 
110 1 Car -1.000000 -1 -1 2.0130604230440383 96.46817843644664 262.518796150501 369.5179631260152 -1 -1 -1 -1 -1 -1 -1 -1 1 
111 1 Car -1.000000 -1 -1 2.215463051429168 95.774566986813 262.51933490313013 369.68460860447243 -1 -1 -1 -1 -1 -1 -1 -1 1 
112 1 Car -1.000000 -1 -1 2.050481282747711 97.1239973934224 262.7151658718402 368.92939952846905 -1 -1 -1 -1 -1 -1 -1 -1 1 
113 1 Car -1.000000 -1 -1 2.312334702565124 96.60535860949983 262.37627643805286 368.86968123941466 -1 -1 -1 -1 -1 -1 -1 -1 1 
114 1 Car -1.000000 -1 -1 2.3532350063323975 96.98287533023034 261.6767791051131 369.13295736536384 -1 -1 -1 -1 -1 -1 -1 -1 1 
115 1 Car -1.000000 -1 -1 2.392507828198916 96.92887558100315 261.71116948127747 369.19657338410616 -1 -1 -1 -1 -1 -1 -1 -1 1 
116 1 Car -1.000000 -1 -1 2.341668660824098 96.80723373706525 262.1757650558765 369.1458874711624 -1 -1 -1 -1 -1 -1 -1 -1 1 
117 1 Car -1.000000 -1 -1 2.303967200792755 97.06341349591429 261.9883408729846 369.0059867916772 -1 -1 -1 -1 -1 -1 -1 -1 1 
118 1 Car -1.000000 -1 -1 2.360087266335114 97.05078090326145 261.74171563295215 369.0126004156012 -1 -1 -1 -1 -1 -1 -1 -1 1 
119 1 Car -1.000000 -1 -1 2.2911241237933666 96.84991971661265 261.9057124944834 369.04570829553097 -1 -1 -1 -1 -1 -1 -1 -1 1 
120 1 Car -1.000000 -1 -1 2.2230055882380384 97.06932765646621 261.1111702185411 369.70989192047944 -1 -1 -1 -1 -1 -1 -1 -1 1 
121 1 Car -1.000000 -1 -1 2.09060993561377 96.73323688455503 261.14873418441186 369.82872811790844 -1 -1 -1 -1 -1 -1 -1 -1 1 
122 1 Car -1.000000 -1 -1 1.9390773406395567 96.57941325782582 261.31380293919494 369.7454997166418 -1 -1 -1 -1 -1 -1 -1 -1 1 
123 1 Car -1.000000 -1 -1 2.136600329325745 96.5524891133492 261.924380834286 369.94440299960286 -1 -1 -1 -1 -1 -1 -1 -1 1 
124 1 Car -1.000000 -1 -1 2.2909950476426104 97.16051707903924 261.7130972055288 370.21767046732396 -1 -1 -1 -1 -1 -1 -1 -1 1 
125 1 Car -1.000000 -1 -1 2.1489663857680057 97.05971059174493 262.20430491520807 370.283303818164 -1 -1 -1 -1 -1 -1 -1 -1 1 
126 1 Car -1.000000 -1 -1 2.2844991500561207 96.83228739752218 262.56592858754675 370.34158516961793 -1 -1 -1 -1 -1 -1 -1 -1 1 
127 1 Car -1.000000 -1 -1 2.3365028087909536 96.58385353019608 262.272793843196 370.51363089336803 -1 -1 -1 -1 -1 -1 -1 -1 1 
128 1 Car -1.000000 -1 -1 2.263353109359741 96.35685889910047 262.21860150190497 370.22843384828707 -1 -1 -1 -1 -1 -1 -1 -1 1 
129 1 Car -1.000000 -1 -1 2.4681155865009146 95.9297494088801 262.6800627708435 370.07741867779544 -1 -1 -1 -1 -1 -1 -1 -1 1 
130 1 Car -1.000000 -1 -1 2.3007571330437315 96.32470335811377 261.25188847688526 369.6526693065579 -1 -1 -1 -1 -1 -1 -1 -1 1 
131 1 Car -1.000000 -1 -1 2.135865156467162 96.24595281596368 261.95230056689337 369.8090472416236 -1 -1 -1 -1 -1 -1 -1 -1 1 
132 1 Car -1.000000 -1 -1 2.110294048602782 95.94095746914928 262.7046040755052 369.9266699543939 -1 -1 -1 -1 -1 -1 -1 -1 1 
133 1 Car -1.000000 -1 -1 2.1049654483795166 96.13274726157007 262.2577340236077 369.73624070676476 -1 -1 -1 -1 -1 -1 -1 -1 1 
134 1 Car -1.000000 -1 -1 2.0914461245903624 95.92394244212369 262.24759873977075 369.8929851788741 -1 -1 -1 -1 -1 -1 -1 -1 1 
138 1 Car -1.000000 -1 -1 1.887909870881316 96.55603986806597 263.6149473006909 369.5835896380819 -1 -1 -1 -1 -1 -1 -1 -1 1 
