2 1 Car -1.000000 -1 -1 866.5815459999999 189.73430600000003 1241.0 374.0 -1 -1 -1 -1 -1 -1 -1 -1 1 
2 2 Car -1.000000 -1 -1 278.9331619999999 176.461573 321.18601199999995 198.036447 -1 -1 -1 -1 -1 -1 -1 -1 1 
3 1 Car -1.000000 -1 -1 854.0660470000001 189.32890499999996 1241.0 374.0 -1 -1 -1 -1 -1 -1 -1 -1 1 
3 2 Car -1.000000 -1 -1 271.670578 177.22624 315.520329 199.353063 -1 -1 -1 -1 -1 -1 -1 -1 1 
4 1 Car -1.000000 -1 -1 842.4513779999999 188.953397 1241.0 374.0 -1 -1 -1 -1 -1 -1 -1 -1 1 
4 2 Car -1.000000 -1 -1 264.027908 178.030947 309.57984 200.738615 -1 -1 -1 -1 -1 -1 -1 -1 1 
5 1 Car -1.000000 -1 -1 831.6438630000001 188.60459500000002 1241.0 374.0 -1 -1 -1 -1 -1 -1 -1 -1 1 
5 2 Car -1.000000 -1 -1 255.97451 178.878923 303.344058 202.19866 -1 -1 -1 -1 -1 -1 -1 -1 1 
6 1 Car -1.000000 -1 -1 821.333837 187.33791599999998 1241.0 374.0 -1 -1 -1 -1 -1 -1 -1 -1 1 
6 2 Car -1.000000 -1 -1 246.34677500000004 179.705091 295.6890010000001 203.661121 -1 -1 -1 -1 -1 -1 -1 -1 1 
7 1 Car -1.000000 -1 -1 811.756294 186.75305200000003 1230.610208 374.0 -1 -1 -1 -1 -1 -1 -1 -1 1 
7 2 Car -1.000000 -1 -1 236.18041800000003 180.577446 287.639985 205.205428 -1 -1 -1 -1 -1 -1 -1 -1 1 
8 1 Car -1.000000 -1 -1 802.8782610000001 189.891797 1190.1476430000002 374.0 -1 -1 -1 -1 -1 -1 -1 -1 1 
8 2 Car -1.000000 -1 -1 225.90175400000004 179.255363 279.59651500000007 204.588404 -1 -1 -1 -1 -1 -1 -1 -1 1 
8 3 Car -1.000000 -1 -1 259.511322 179.65251 306.484713 201.070939 -1 -1 -1 -1 -1 -1 -1 -1 1 
9 1 Car -1.000000 -1 -1 794.48387 185.44505800000002 1154.319055 374.0 -1 -1 -1 -1 -1 -1 -1 -1 1 
9 2 Car -1.000000 -1 -1 215.015309 177.855164 271.117588 203.93488 -1 -1 -1 -1 -1 -1 -1 -1 1 
9 3 Car -1.000000 -1 -1 250.437366 178.418814 299.306604 200.416521 -1 -1 -1 -1 -1 -1 -1 -1 1 
10 1 Car -1.000000 -1 -1 788.2097780000001 185.668133 1131.2142880000001 369.712004 -1 -1 -1 -1 -1 -1 -1 -1 1 
10 2 Car -1.000000 -1 -1 203.465534 176.369717 262.166859 203.241519 -1 -1 -1 -1 -1 -1 -1 -1 1 
10 3 Car -1.000000 -1 -1 240.857641 177.11636200000004 291.759123 199.72561300000004 -1 -1 -1 -1 -1 -1 -1 -1 1 
11 1 Car -1.000000 -1 -1 782.252432 183.44224100000002 1098.272028 353.47818900000004 -1 -1 -1 -1 -1 -1 -1 -1 1 
11 2 Car -1.000000 -1 -1 192.89135699999997 177.62775800000003 254.34401599999998 205.33269900000002 -1 -1 -1 -1 -1 -1 -1 -1 1 
11 3 Car -1.000000 -1 -1 230.72864799999996 175.739243 283.81300799999997 198.995077 -1 -1 -1 -1 -1 -1 -1 -1 1 
12 1 Car -1.000000 -1 -1 778.1031090000001 183.28015199999996 1076.606969 345.13395 -1 -1 -1 -1 -1 -1 -1 -1 1 
12 2 Car -1.000000 -1 -1 181.643434 178.966173 246.066814 207.557218 -1 -1 -1 -1 -1 -1 -1 -1 1 
12 3 Car -1.000000 -1 -1 222.158522 177.228977 277.446773 201.135395 -1 -1 -1 -1 -1 -1 -1 -1 1 
13 1 Car -1.000000 -1 -1 774.175909 182.38809400000002 1056.868653 336.337349 -1 -1 -1 -1 -1 -1 -1 -1 1 
13 2 Car -1.000000 -1 -1 169.65524 180.392916 237.294494 209.928249 -1 -1 -1 -1 -1 -1 -1 -1 1 
13 3 Car -1.000000 -1 -1 213.097505 178.80436599999996 270.744674 203.39841299999998 -1 -1 -1 -1 -1 -1 -1 -1 1 
14 1 Car -1.000000 -1 -1 770.452133 180.77047799999997 1038.807942 327.05954399999996 -1 -1 -1 -1 -1 -1 -1 -1 1 
14 2 Car -1.000000 -1 -1 156.851198 181.79019599999998 227.981275 212.46075599999998 -1 -1 -1 -1 -1 -1 -1 -1 1 
14 3 Car -1.000000 -1 -1 203.502164 180.473014 263.679422 205.79499 -1 -1 -1 -1 -1 -1 -1 -1 1 
15 1 Car -1.000000 -1 -1 766.996705 184.75533200000004 1022.380647 327.287381 -1 -1 -1 -1 -1 -1 -1 -1 1 
15 2 Car -1.000000 -1 -1 143.145073 183.252455 218.075549 215.171816 -1 -1 -1 -1 -1 -1 -1 -1 1 
15 3 Car -1.000000 -1 -1 193.32378700000004 182.092349 256.220693 208.337308 -1 -1 -1 -1 -1 -1 -1 -1 1 
16 1 Car -1.000000 -1 -1 762.1666 184.018914 1004.048751 320.00188 -1 -1 -1 -1 -1 -1 -1 -1 1 
16 2 Car -1.000000 -1 -1 127.89987699999999 183.34038099999998 207.12876799999998 216.41097699999997 -1 -1 -1 -1 -1 -1 -1 -1 1 
16 3 Car -1.000000 -1 -1 182.507553 183.797888 248.334686 211.039075 -1 -1 -1 -1 -1 -1 -1 -1 1 
17 1 Car -1.000000 -1 -1 757.598223 183.322205 987.219927 313.318193 -1 -1 -1 -1 -1 -1 -1 -1 1 
17 2 Car -1.000000 -1 -1 111.530595 183.43415 195.454292 217.741592 -1 -1 -1 -1 -1 -1 -1 -1 1 
17 3 Car -1.000000 -1 -1 174.13846999999998 183.745482 242.72397399999997 211.843824 -1 -1 -1 -1 -1 -1 -1 -1 1 
18 1 Car -1.000000 -1 -1 753.270861 182.662079 971.716594 307.164709 -1 -1 -1 -1 -1 -1 -1 -1 1 
18 2 Car -1.000000 -1 -1 93.90807900000001 183.53436499999998 182.97711500000003 219.17417399999997 -1 -1 -1 -1 -1 -1 -1 -1 1 
18 3 Car -1.000000 -1 -1 160.144694 183.88017 232.223628 212.935396 -1 -1 -1 -1 -1 -1 -1 -1 1 
19 1 Car -1.000000 -1 -1 749.1659319999999 182.035727 957.3880889999999 301.480746 -1 -1 -1 -1 -1 -1 -1 -1 1 
19 2 Car -1.000000 -1 -1 74.882615 183.64171199999998 169.611564 220.72090999999998 -1 -1 -1 -1 -1 -1 -1 -1 1 
19 3 Car -1.000000 -1 -1 145.18102299999998 184.023285 221.06605199999998 214.102658 -1 -1 -1 -1 -1 -1 -1 -1 1 
20 1 Car -1.000000 -1 -1 745.2667160000001 181.44062200000002 944.1057440000001 296.21454100000005 -1 -1 -1 -1 -1 -1 -1 -1 1 
20 2 Car -1.000000 -1 -1 54.279642999999986 183.75698 155.259315 222.396012 -1 -1 -1 -1 -1 -1 -1 -1 1 
20 3 Car -1.000000 -1 -1 129.14299800000003 184.17564399999998 209.18755000000002 215.35376599999998 -1 -1 -1 -1 -1 -1 -1 -1 1 
21 1 Car -1.000000 -1 -1 740.419976 181.936285 930.040288 292.498576 -1 -1 -1 -1 -1 -1 -1 -1 1 
21 2 Car -1.000000 -1 -1 31.614638999999997 183.87367799999998 139.181694 224.15329899999998 -1 -1 -1 -1 -1 -1 -1 -1 1 
21 3 Car -1.000000 -1 -1 111.91060399999999 184.338171 196.515921 216.698091 -1 -1 -1 -1 -1 -1 -1 -1 1 
22 1 Car -1.000000 -1 -1 735.824881 182.406141 917.021897 289.058732 -1 -1 -1 -1 -1 -1 -1 -1 1 
22 2 Car -1.000000 -1 -1 3.6875649999999993 184.018944 119.44286599999998 226.275202 -1 -1 -1 -1 -1 -1 -1 -1 1 
22 3 Car -1.000000 -1 -1 92.30309400000002 186.71983699999998 182.03597100000002 220.64476699999997 -1 -1 -1 -1 -1 -1 -1 -1 1 
23 1 Car -1.000000 -1 -1 731.46234 182.852153 904.937823 285.865333 -1 -1 -1 -1 -1 -1 -1 -1 1 
23 2 Car -1.000000 -1 -1 0.0 184.162121 100.028218 228.131557 -1 -1 -1 -1 -1 -1 -1 -1 1 
23 3 Car -1.000000 -1 -1 71.86390500000002 185.823194 167.18395500000003 221.018626 -1 -1 -1 -1 -1 -1 -1 -1 1 
24 1 Car -1.000000 -1 -1 727.315147 183.276094 893.690943 282.892808 -1 -1 -1 -1 -1 -1 -1 -1 1 
24 2 Car -1.000000 -1 -1 0.0 184.343243 75.798369 229.562243 -1 -1 -1 -1 -1 -1 -1 -1 1 
24 3 Car -1.000000 -1 -1 49.68563 184.85916499999996 151.215252 221.42431199999996 -1 -1 -1 -1 -1 -1 -1 -1 1 
24 4 Car -1.000000 -1 -1 1108.3459560000001 163.93118300000003 1241.0000000000002 374.0 -1 -1 -1 -1 -1 -1 -1 -1 1 
25 1 Car -1.000000 -1 -1 723.367754 183.67956300000003 883.197145 280.119007 -1 -1 -1 -1 -1 -1 -1 -1 1 
25 2 Car -1.000000 -1 -1 0.0 184.527133 51.311306 229.507264 -1 -1 -1 -1 -1 -1 -1 -1 1 
25 3 Car -1.000000 -1 -1 25.536449000000005 183.819859 133.999001 221.866068 -1 -1 -1 -1 -1 -1 -1 -1 1 
25 4 Car -1.000000 -1 -1 1074.59982 162.10832700000003 1241.0 374.0 -1 -1 -1 -1 -1 -1 -1 -1 1 
26 1 Car -1.000000 -1 -1 719.523371 184.223991 872.601668 277.534834 -1 -1 -1 -1 -1 -1 -1 -1 1 
26 2 Car -1.000000 -1 -1 -13.428940252649461 184.83318785882946 39.100446803647074 230.88220257781597 -1 -1 -1 -1 -1 -1 -1 -1 1 
26 3 Car -1.000000 -1 -1 0.0 182.6961 115.383064 222.340425 -1 -1 -1 -1 -1 -1 -1 -1 1 
26 4 Car -1.000000 -1 -1 1044.971485 160.280979 1241.0 374.0 -1 -1 -1 -1 -1 -1 -1 -1 1 
27 1 Car -1.000000 -1 -1 714.011516 184.733611 860.225031 275.128044 -1 -1 -1 -1 -1 -1 -1 -1 1 
27 3 Car -1.000000 -1 -1 7.105427357601002e-15 184.320965 93.002039 225.858209 -1 -1 -1 -1 -1 -1 -1 -1 1 
27 4 Car -1.000000 -1 -1 1018.750578 158.448671 1241.0 374.0 -1 -1 -1 -1 -1 -1 -1 -1 1 
28 1 Car -1.000000 -1 -1 709.668553 185.22296799999998 849.846339 272.87411399999996 -1 -1 -1 -1 -1 -1 -1 -1 1 
28 3 Car -1.000000 -1 -1 0.0 186.093163 68.590501 228.5384 -1 -1 -1 -1 -1 -1 -1 -1 1 
28 4 Car -1.000000 -1 -1 995.8572370000002 156.20944199999997 1241.0 374.0 -1 -1 -1 -1 -1 -1 -1 -1 1 
29 1 Car -1.000000 -1 -1 705.528183 185.689551 840.113948 270.761085 -1 -1 -1 -1 -1 -1 -1 -1 1 
29 3 Car -1.000000 -1 -1 -3.552713678800501e-15 188.033685 41.858999 230.235718 -1 -1 -1 -1 -1 -1 -1 -1 1 
29 4 Car -1.000000 -1 -1 975.455942 161.12012500000003 1241.0 374.0 -1 -1 -1 -1 -1 -1 -1 -1 1 
30 1 Car -1.000000 -1 -1 701.576554 186.13491300000004 830.969308 268.77614400000004 -1 -1 -1 -1 -1 -1 -1 -1 1 
30 3 Car -1.000000 -1 -1 -13.661948013522712 188.47199090822127 29.182019279408863 231.6684865882104 -1 -1 -1 -1 -1 -1 -1 -1 1 
30 4 Car -1.000000 -1 -1 957.0618640000001 161.05207500000003 1241.0 374.0 -1 -1 -1 -1 -1 -1 -1 -1 1 
31 1 Car -1.000000 -1 -1 694.462966 185.38588700000003 819.135672 265.343608 -1 -1 -1 -1 -1 -1 -1 -1 1 
31 4 Car -1.000000 -1 -1 933.2342720000001 160.67303500000003 1241.0 374.0 -1 -1 -1 -1 -1 -1 -1 -1 1 
32 1 Car -1.000000 -1 -1 687.6597410000002 184.670027 807.9862160000001 262.10635 -1 -1 -1 -1 -1 -1 -1 -1 1 
32 4 Car -1.000000 -1 -1 911.3886389999999 157.06044900000003 1241.0 374.0 -1 -1 -1 -1 -1 -1 -1 -1 1 
33 1 Car -1.000000 -1 -1 681.147048 183.985168 797.463174 259.04818 -1 -1 -1 -1 -1 -1 -1 -1 1 
33 4 Car -1.000000 -1 -1 891.343417 158.33089199999998 1241.0 374.0 -1 -1 -1 -1 -1 -1 -1 -1 1 
34 1 Car -1.000000 -1 -1 674.906712 183.32933299999996 787.515106 256.15465099999994 -1 -1 -1 -1 -1 -1 -1 -1 1 
34 4 Car -1.000000 -1 -1 872.8017289999999 153.093748 1241.0 374.0 -1 -1 -1 -1 -1 -1 -1 -1 1 
35 1 Car -1.000000 -1 -1 668.922047 182.70070599999997 778.096049 253.41282699999996 -1 -1 -1 -1 -1 -1 -1 -1 1 
35 4 Car -1.000000 -1 -1 855.702671 155.547144 1241.0 374.0 -1 -1 -1 -1 -1 -1 -1 -1 1 
36 1 Car -1.000000 -1 -1 661.6515640000001 182.575792 765.7091910000001 251.174481 -1 -1 -1 -1 -1 -1 -1 -1 1 
36 4 Car -1.000000 -1 -1 834.7883849999998 156.40824599999996 1241.0 374.0 -1 -1 -1 -1 -1 -1 -1 -1 1 
37 1 Car -1.000000 -1 -1 654.708091 182.456459 754.023612 249.063919 -1 -1 -1 -1 -1 -1 -1 -1 1 
37 4 Car -1.000000 -1 -1 815.3522789999998 157.15891299999998 1241.0 374.0 -1 -1 -1 -1 -1 -1 -1 -1 1 
38 1 Car -1.000000 -1 -1 648.0700489999999 182.342343 742.9813969999999 247.070502 -1 -1 -1 -1 -1 -1 -1 -1 1 
38 4 Car -1.000000 -1 -1 797.2430099999999 158.03029300000003 1219.6928909999997 374.0 -1 -1 -1 -1 -1 -1 -1 -1 1 
39 1 Car -1.000000 -1 -1 641.7177200000001 182.233107 732.5308390000001 245.18474 -1 -1 -1 -1 -1 -1 -1 -1 1 
39 4 Car -1.000000 -1 -1 780.3292179999999 159.02891899999997 1169.740749 374.0 -1 -1 -1 -1 -1 -1 -1 -1 1 
40 1 Car -1.000000 -1 -1 635.633046 182.128445 722.625625 243.398142 -1 -1 -1 -1 -1 -1 -1 -1 1 
40 4 Car -1.000000 -1 -1 764.496324 159.922862 1124.937842 374.0 -1 -1 -1 -1 -1 -1 -1 -1 1 
41 1 Car -1.000000 -1 -1 628.509286 182.543979 712.500492 242.394715 -1 -1 -1 -1 -1 -1 -1 -1 1 
41 4 Car -1.000000 -1 -1 748.347959 161.414736 1078.231726 365.685579 -1 -1 -1 -1 -1 -1 -1 -1 1 
42 1 Car -1.000000 -1 -1 621.663131 182.943195 702.867142 241.439485 -1 -1 -1 -1 -1 -1 -1 -1 1 
42 4 Car -1.000000 -1 -1 733.361784 162.74110299999998 1036.721081 355.374997 -1 -1 -1 -1 -1 -1 -1 -1 1 
43 1 Car -1.000000 -1 -1 615.0786739999999 183.327039 693.6905759999999 240.529056 -1 -1 -1 -1 -1 -1 -1 -1 1 
43 4 Car -1.000000 -1 -1 719.416692 163.92805800000002 999.584681 346.17951700000003 -1 -1 -1 -1 -1 -1 -1 -1 1 
44 1 Car -1.000000 -1 -1 608.7412000000002 183.69638699999996 684.9390400000001 239.66034299999998 -1 -1 -1 -1 -1 -1 -1 -1 1 
44 4 Car -1.000000 -1 -1 706.4078420000001 164.996483 966.1657280000001 337.927521 -1 -1 -1 -1 -1 -1 -1 -1 1 
45 1 Car -1.000000 -1 -1 602.63708 184.05204599999996 676.583653 238.83053899999996 -1 -1 -1 -1 -1 -1 -1 -1 1 
45 4 Car -1.000000 -1 -1 694.24401 165.96328899999997 935.932633 330.48088799999994 -1 -1 -1 -1 -1 -1 -1 -1 1 
46 1 Car -1.000000 -1 -1 596.8959400000001 184.432084 668.9170050000001 238.204305 -1 -1 -1 -1 -1 -1 -1 -1 1 
46 4 Car -1.000000 -1 -1 682.1886889999998 166.826486 908.4115499999999 323.978835 -1 -1 -1 -1 -1 -1 -1 -1 1 
47 1 Car -1.000000 -1 -1 591.338422 184.79988200000003 661.549967 237.60222100000001 -1 -1 -1 -1 -1 -1 -1 -1 1 
47 4 Car -1.000000 -1 -1 670.841498 167.616622 883.224638 318.034945 -1 -1 -1 -1 -1 -1 -1 -1 1 
48 1 Car -1.000000 -1 -1 585.955864 185.156024 654.465299 237.022913 -1 -1 -1 -1 -1 -1 -1 -1 1 
48 4 Car -1.000000 -1 -1 660.14183 168.34259600000001 860.087004 312.5803000000001 -1 -1 -1 -1 -1 -1 -1 -1 1 
49 1 Car -1.000000 -1 -1 581.710268 183.332945 648.786503 233.824247 -1 -1 -1 -1 -1 -1 -1 -1 1 
49 4 Car -1.000000 -1 -1 650.035806 169.01191799999998 838.758312 307.55688499999997 -1 -1 -1 -1 -1 -1 -1 -1 1 
50 1 Car -1.000000 -1 -1 577.596028 181.566621 643.319738 230.744288 -1 -1 -1 -1 -1 -1 -1 -1 1 
50 4 Car -1.000000 -1 -1 640.4753600000001 169.630971 819.0343860000002 302.915504 -1 -1 -1 -1 -1 -1 -1 -1 1 
51 1 Car -1.000000 -1 -1 573.828761 180.379757 637.682119 228.627169 -1 -1 -1 -1 -1 -1 -1 -1 1 
51 4 Car -1.000000 -1 -1 632.767098 169.952115 801.57618 297.94628 -1 -1 -1 -1 -1 -1 -1 -1 1 
52 1 Car -1.000000 -1 -1 570.1738939999999 179.207556 632.2430629999999 226.585324 -1 -1 -1 -1 -1 -1 -1 -1 1 
52 4 Car -1.000000 -1 -1 625.487312 170.24921999999998 785.42706 293.35696799999994 -1 -1 -1 -1 -1 -1 -1 -1 1 
53 1 Car -1.000000 -1 -1 566.6264690000002 178.075901 626.9922610000001 224.614809 -1 -1 -1 -1 -1 -1 -1 -1 1 
53 4 Car -1.000000 -1 -1 618.601242 170.52488699999998 770.445104 289.10560399999997 -1 -1 -1 -1 -1 -1 -1 -1 1 
54 1 Car -1.000000 -1 -1 563.39554 180.447067 622.171684 226.210781 -1 -1 -1 -1 -1 -1 -1 -1 1 
54 4 Car -1.000000 -1 -1 612.077788 170.781357 756.508196 285.156184 -1 -1 -1 -1 -1 -1 -1 -1 1 
55 1 Car -1.000000 -1 -1 560.256825 182.538656 617.51228 227.752911 -1 -1 -1 -1 -1 -1 -1 -1 1 
55 4 Car -1.000000 -1 -1 605.889043 171.02056599999997 743.510674 281.47764499999994 -1 -1 -1 -1 -1 -1 -1 -1 1 
56 1 Car -1.000000 -1 -1 557.881263 182.80675100000002 613.312206 227.34976300000002 -1 -1 -1 -1 -1 -1 -1 -1 1 
56 4 Car -1.000000 -1 -1 601.733066 171.499931 733.285629 278.03904 -1 -1 -1 -1 -1 -1 -1 -1 1 
57 1 Car -1.000000 -1 -1 555.570418 183.067766 609.241213 226.959299 -1 -1 -1 -1 -1 -1 -1 -1 1 
57 4 Car -1.000000 -1 -1 597.79431 171.946959 723.751335 274.836531 -1 -1 -1 -1 -1 -1 -1 -1 1 
57 5 Car -1.000000 -1 -1 234.68826899999996 182.587329 278.38569299999995 202.777946 -1 -1 -1 -1 -1 -1 -1 -1 1 
58 1 Car -1.000000 -1 -1 554.118397 182.55215899999996 606.211052 225.66273899999996 -1 -1 -1 -1 -1 -1 -1 -1 1 
58 4 Car -1.000000 -1 -1 594.056178 172.36481499999996 714.840083 271.84660999999994 -1 -1 -1 -1 -1 -1 -1 -1 1 
58 5 Car -1.000000 -1 -1 229.493677 182.22353399999997 274.536883 202.78129399999997 -1 -1 -1 -1 -1 -1 -1 -1 1 
59 1 Car -1.000000 -1 -1 552.7055 182.049998 603.272261 224.406394 -1 -1 -1 -1 -1 -1 -1 -1 1 
59 4 Car -1.000000 -1 -1 590.503725 172.75626600000004 706.492735 269.04878900000006 -1 -1 -1 -1 -1 -1 -1 -1 1 
59 5 Car -1.000000 -1 -1 224.09132 181.846289 270.545538 202.784766 -1 -1 -1 -1 -1 -1 -1 -1 1 
60 1 Car -1.000000 -1 -1 551.330172 181.560763 600.420763 223.188424 -1 -1 -1 -1 -1 -1 -1 -1 1 
60 4 Car -1.000000 -1 -1 587.123449 173.123737 698.657407 266.42513 -1 -1 -1 -1 -1 -1 -1 -1 1 
60 5 Car -1.000000 -1 -1 218.46847200000002 181.454835 266.403595 202.788371 -1 -1 -1 -1 -1 -1 -1 -1 1 
61 1 Car -1.000000 -1 -1 551.9706919999999 179.909332 603.2721049999999 223.511486 -1 -1 -1 -1 -1 -1 -1 -1 1 
61 4 Car -1.000000 -1 -1 583.112772 173.70705499999997 690.651182 264.506884 -1 -1 -1 -1 -1 -1 -1 -1 1 
61 5 Car -1.000000 -1 -1 212.72419200000002 180.70900900000004 262.21258 202.47396800000004 -1 -1 -1 -1 -1 -1 -1 -1 1 
62 1 Car -1.000000 -1 -1 550.192624 180.956094 600.002761 223.782267 -1 -1 -1 -1 -1 -1 -1 -1 1 
62 4 Car -1.000000 -1 -1 579.2676759999999 174.260263 683.0587429999999 262.689173 -1 -1 -1 -1 -1 -1 -1 -1 1 
62 5 Car -1.000000 -1 -1 206.72411999999997 179.898168 257.849963 202.145546 -1 -1 -1 -1 -1 -1 -1 -1 1 
63 1 Car -1.000000 -1 -1 548.468459 181.856822 596.847058 224.04346 -1 -1 -1 -1 -1 -1 -1 -1 1 
63 4 Car -1.000000 -1 -1 575.5781159999999 174.78563399999996 675.8488189999999 260.964295 -1 -1 -1 -1 -1 -1 -1 -1 1 
63 5 Car -1.000000 -1 -1 198.63429599999998 179.67361 251.65506999999997 202.43241 -1 -1 -1 -1 -1 -1 -1 -1 1 
64 1 Car -1.000000 -1 -1 546.795786 182.6927 593.799171 224.295563 -1 -1 -1 -1 -1 -1 -1 -1 1 
64 4 Car -1.000000 -1 -1 572.0348410000001 175.285216 668.9932150000001 259.325316 -1 -1 -1 -1 -1 -1 -1 -1 1 
64 5 Car -1.000000 -1 -1 190.297167 179.94079799999997 245.314631 203.23657799999998 -1 -1 -1 -1 -1 -1 -1 -1 1 
65 1 Car -1.000000 -1 -1 545.172334 183.504366 590.853663 224.539041 -1 -1 -1 -1 -1 -1 -1 -1 1 
65 4 Car -1.000000 -1 -1 568.6293209999999 175.76086499999997 662.4664369999999 257.765975 -1 -1 -1 -1 -1 -1 -1 -1 1 
65 5 Car -1.000000 -1 -1 181.299602 182.514424 238.462879 206.526352 -1 -1 -1 -1 -1 -1 -1 -1 1 
66 1 Car -1.000000 -1 -1 545.4235180000001 184.000227 589.1452030000002 224.120248 -1 -1 -1 -1 -1 -1 -1 -1 1 
66 4 Car -1.000000 -1 -1 566.119817 179.03100900000004 657.320542 259.255939 -1 -1 -1 -1 -1 -1 -1 -1 1 
66 5 Car -1.000000 -1 -1 172.32526000000001 185.54290000000003 231.73200600000004 210.46779900000004 -1 -1 -1 -1 -1 -1 -1 -1 1 
66 6 Car -1.000000 -1 -1 349.821776 174.03207599999996 379.372303 200.14612099999997 -1 -1 -1 -1 -1 -1 -1 -1 1 
67 1 Car -1.000000 -1 -1 545.37927 184.475977 587.51509 223.721276 -1 -1 -1 -1 -1 -1 -1 -1 1 
67 4 Car -1.000000 -1 -1 563.698535 181.98776599999997 652.396017 260.681009 -1 -1 -1 -1 -1 -1 -1 -1 1 
67 5 Car -1.000000 -1 -1 162.460202 187.917062 224.299427 213.734375 -1 -1 -1 -1 -1 -1 -1 -1 1 
67 6 Car -1.000000 -1 -1 344.379967 176.046588 375.399337 203.114137 -1 -1 -1 -1 -1 -1 -1 -1 1 
68 1 Car -1.000000 -1 -1 544.784453 184.932822 585.958004 223.34074 -1 -1 -1 -1 -1 -1 -1 -1 1 
68 4 Car -1.000000 -1 -1 561.047259 178.26219600000002 647.292112 255.05317400000004 -1 -1 -1 -1 -1 -1 -1 -1 1 
68 5 Car -1.000000 -1 -1 152.70089000000002 184.708052 217.06886900000003 210.864724 -1 -1 -1 -1 -1 -1 -1 -1 1 
68 6 Car -1.000000 -1 -1 337.708927 172.067898 370.388902 200.143119 -1 -1 -1 -1 -1 -1 -1 -1 1 
69 1 Car -1.000000 -1 -1 544.169224 180.968731 584.417466 217.892592 -1 -1 -1 -1 -1 -1 -1 -1 1 
69 4 Car -1.000000 -1 -1 558.486236 174.52475399999997 642.399207 249.66077899999996 -1 -1 -1 -1 -1 -1 -1 -1 1 
69 5 Car -1.000000 -1 -1 142.413391 181.34203100000002 209.484284 207.83965300000003 -1 -1 -1 -1 -1 -1 -1 -1 1 
69 6 Car -1.000000 -1 -1 330.516122 167.77837400000004 365.015583 196.93959600000002 -1 -1 -1 -1 -1 -1 -1 -1 1 
70 1 Car -1.000000 -1 -1 543.8929329999999 181.33007000000003 583.5554349999999 217.76839600000002 -1 -1 -1 -1 -1 -1 -1 -1 1 
70 4 Car -1.000000 -1 -1 556.0109359999999 170.938535 637.7044849999999 244.489353 -1 -1 -1 -1 -1 -1 -1 -1 1 
70 5 Car -1.000000 -1 -1 131.330043 179.22217 201.320888 206.408281 -1 -1 -1 -1 -1 -1 -1 -1 1 
70 6 Car -1.000000 -1 -1 323.1978680000001 163.388733 359.64643900000004 193.675928 -1 -1 -1 -1 -1 -1 -1 -1 1 
71 1 Car -1.000000 -1 -1 543.625128 181.682385 582.717554 217.647755 -1 -1 -1 -1 -1 -1 -1 -1 1 
71 4 Car -1.000000 -1 -1 554.698028 172.180288 634.638464 244.396779 -1 -1 -1 -1 -1 -1 -1 -1 1 
71 5 Car -1.000000 -1 -1 120.07661000000002 179.413865 193.207856 207.378239 -1 -1 -1 -1 -1 -1 -1 -1 1 
71 6 Car -1.000000 -1 -1 315.197105 163.925682 353.797806 195.449293 -1 -1 -1 -1 -1 -1 -1 -1 1 
72 1 Car -1.000000 -1 -1 543.36545 182.026012 581.902813 217.530515 -1 -1 -1 -1 -1 -1 -1 -1 1 
72 4 Car -1.000000 -1 -1 553.424032 173.37782600000003 631.681723 244.30754200000004 -1 -1 -1 -1 -1 -1 -1 -1 1 
72 5 Car -1.000000 -1 -1 108.161273 179.616862 184.665913 208.405288 -1 -1 -1 -1 -1 -1 -1 -1 1 
72 6 Car -1.000000 -1 -1 306.517553 164.508168 347.493653 197.373211 -1 -1 -1 -1 -1 -1 -1 -1 1 
73 1 Car -1.000000 -1 -1 543.3952060000001 182.160014 581.5310930000002 217.314515 -1 -1 -1 -1 -1 -1 -1 -1 1 
73 4 Car -1.000000 -1 -1 552.187243 174.53347 628.828523 244.221464 -1 -1 -1 -1 -1 -1 -1 -1 1 
73 5 Car -1.000000 -1 -1 95.523854 179.83219100000002 175.660136 209.49462100000002 -1 -1 -1 -1 -1 -1 -1 -1 1 
73 6 Car -1.000000 -1 -1 297.068991 165.14224 340.678618 199.467702 -1 -1 -1 -1 -1 -1 -1 -1 1 
74 1 Car -1.000000 -1 -1 543.424533 182.29161499999998 581.166781 217.10297599999998 -1 -1 -1 -1 -1 -1 -1 -1 1 
74 4 Car -1.000000 -1 -1 550.986054 175.64938 626.073518 244.138381 -1 -1 -1 -1 -1 -1 -1 -1 1 
74 5 Car -1.000000 -1 -1 81.756866 181.293558 165.853115 211.945977 -1 -1 -1 -1 -1 -1 -1 -1 1 
74 6 Car -1.000000 -1 -1 286.744467 165.835064 333.287986 201.756503 -1 -1 -1 -1 -1 -1 -1 -1 1 
75 1 Car -1.000000 -1 -1 543.453446 182.420881 580.809654 216.89576 -1 -1 -1 -1 -1 -1 -1 -1 1 
75 4 Car -1.000000 -1 -1 549.818951 176.72757 623.411724 244.058139 -1 -1 -1 -1 -1 -1 -1 -1 1 
75 5 Car -1.000000 -1 -1 67.79934800000001 178.88849800000003 156.092312 210.46312600000002 -1 -1 -1 -1 -1 -1 -1 -1 1 
75 6 Car -1.000000 -1 -1 275.93698200000006 164.82657 325.77292000000006 202.461649 -1 -1 -1 -1 -1 -1 -1 -1 1 
76 1 Car -1.000000 -1 -1 542.71314259587 182.431347803274 579.4678851534047 216.3521672991599 -1 -1 -1 -1 -1 -1 -1 -1 1 
76 4 Car -1.000000 -1 -1 550.200788 176.587887 622.018189 242.943635 -1 -1 -1 -1 -1 -1 -1 -1 1 
76 5 Car -1.000000 -1 -1 53.403462999999995 178.69978200000003 146.181489 211.29016600000003 -1 -1 -1 -1 -1 -1 -1 -1 1 
76 6 Car -1.000000 -1 -1 264.04712699999993 163.71700500000003 317.57713999999993 203.23746500000001 -1 -1 -1 -1 -1 -1 -1 -1 1 
77 4 Car -1.000000 -1 -1 550.5744480000001 176.45203199999997 620.6612100000001 241.86074699999998 -1 -1 -1 -1 -1 -1 -1 -1 1 
77 5 Car -1.000000 -1 -1 38.05184799999999 178.498478 135.68757999999997 212.172153 -1 -1 -1 -1 -1 -1 -1 -1 1 
77 6 Car -1.000000 -1 -1 250.90368699999996 162.490375 308.60380699999996 204.095137 -1 -1 -1 -1 -1 -1 -1 -1 1 
78 4 Car -1.000000 -1 -1 550.940211 176.31985200000003 619.339337 240.80815100000004 -1 -1 -1 -1 -1 -1 -1 -1 1 
78 5 Car -1.000000 -1 -1 21.64602 178.28328500000003 124.55759900000001 213.11475200000004 -1 -1 -1 -1 -1 -1 -1 -1 1 
78 6 Car -1.000000 -1 -1 236.297327 161.12712300000004 298.736798 205.04834400000001 -1 -1 -1 -1 -1 -1 -1 -1 1 
79 4 Car -1.000000 -1 -1 551.298348 176.191202 618.051198 239.784595 -1 -1 -1 -1 -1 -1 -1 -1 1 
79 5 Car -1.000000 -1 -1 4.073487 178.05271399999998 112.731944 214.12443599999997 -1 -1 -1 -1 -1 -1 -1 -1 1 
79 6 Car -1.000000 -1 -1 219.82354299999997 159.081772 287.70669 205.591135 -1 -1 -1 -1 -1 -1 -1 -1 1 
80 4 Car -1.000000 -1 -1 551.649116 176.065946 616.795494 238.788895 -1 -1 -1 -1 -1 -1 -1 -1 1 
80 5 Car -1.000000 -1 -1 0.0 177.805056 100.14332 215.033958 -1 -1 -1 -1 -1 -1 -1 -1 1 
80 6 Car -1.000000 -1 -1 200.478475 157.04702 274.770494 206.467278 -1 -1 -1 -1 -1 -1 -1 -1 1 
81 4 Car -1.000000 -1 -1 553.310885 175.921291 617.246515 237.792355 -1 -1 -1 -1 -1 -1 -1 -1 1 
81 5 Car -1.000000 -1 -1 0.0 177.041544 86.137532 215.491231 -1 -1 -1 -1 -1 -1 -1 -1 1 
81 6 Car -1.000000 -1 -1 178.551148 154.74037099999998 260.320912 207.46045999999998 -1 -1 -1 -1 -1 -1 -1 -1 1 
82 4 Car -1.000000 -1 -1 554.586022 175.780387 617.685016 236.822418 -1 -1 -1 -1 -1 -1 -1 -1 1 
82 5 Car -1.000000 -1 -1 0.0 176.31367 71.142865 215.352891 -1 -1 -1 -1 -1 -1 -1 -1 1 
82 6 Car -1.000000 -1 -1 152.98316 152.94222200000002 243.643194 209.44006800000002 -1 -1 -1 -1 -1 -1 -1 -1 1 
83 4 Car -1.000000 -1 -1 555.8248819999999 175.643092 618.1114799999999 235.878033 -1 -1 -1 -1 -1 -1 -1 -1 1 
83 5 Car -1.000000 -1 -1 0.0 175.621957 55.050806 214.852497 -1 -1 -1 -1 -1 -1 -1 -1 1 
83 6 Car -1.000000 -1 -1 123.47322600000001 150.86654299999998 224.754437 211.72518699999998 -1 -1 -1 -1 -1 -1 -1 -1 1 
84 4 Car -1.000000 -1 -1 557.032118 175.509269 618.526365 234.958206 -1 -1 -1 -1 -1 -1 -1 -1 1 
84 5 Car -1.000000 -1 -1 0.0 174.918886 37.736369 214.357637 -1 -1 -1 -1 -1 -1 -1 -1 1 
84 6 Car -1.000000 -1 -1 89.03344900000002 148.44370499999997 203.183834 214.39245299999996 -1 -1 -1 -1 -1 -1 -1 -1 1 
85 4 Car -1.000000 -1 -1 558.208954 175.378791 618.930109 234.061991 -1 -1 -1 -1 -1 -1 -1 -1 1 
85 5 Car -1.000000 -1 -1 -1.7763568394002505e-15 174.20354599999996 19.054835000000004 213.86766299999996 -1 -1 -1 -1 -1 -1 -1 -1 1 
85 6 Car -1.000000 -1 -1 43.959198999999984 144.99203 174.76303899999996 217.123057 -1 -1 -1 -1 -1 -1 -1 -1 1 
86 4 Car -1.000000 -1 -1 559.120289 175.083205 619.100508 233.048727 -1 -1 -1 -1 -1 -1 -1 -1 1 
86 5 Car -1.000000 -1 -1 -9.46284238852721 173.7764155684324 9.919484318464011 214.12701971004353 -1 -1 -1 -1 -1 -1 -1 -1 1 
86 6 Car -1.000000 -1 -1 -1.4210854715202004e-14 142.011727 141.50962199999998 221.485321 -1 -1 -1 -1 -1 -1 -1 -1 1 
87 4 Car -1.000000 -1 -1 560.009671 174.79470600000002 619.266817 232.05989000000002 -1 -1 -1 -1 -1 -1 -1 -1 1 
87 6 Car -1.000000 -1 -1 -1.4210854715202004e-14 139.427506 102.07013300000001 225.218415 -1 -1 -1 -1 -1 -1 -1 -1 1 
88 4 Car -1.000000 -1 -1 560.877884 174.513041 619.429184 231.094609 -1 -1 -1 -1 -1 -1 -1 -1 1 
88 6 Car -1.000000 -1 -1 0.0 140.02598900000004 54.54144099999999 226.16496200000003 -1 -1 -1 -1 -1 -1 -1 -1 1 
89 4 Car -1.000000 -1 -1 561.7256760000001 174.23797 619.5877460000002 230.152051 -1 -1 -1 -1 -1 -1 -1 -1 1 
89 6 Car -1.000000 -1 -1 -17.629071884513493 138.62289457500603 38.772683938806786 227.7024067951254 -1 -1 -1 -1 -1 -1 -1 -1 1 
90 4 Car -1.000000 -1 -1 562.553757 173.969265 619.742636 229.231424 -1 -1 -1 -1 -1 -1 -1 -1 1 
91 4 Car -1.000000 -1 -1 562.923048 174.079325 619.376016 228.629064 -1 -1 -1 -1 -1 -1 -1 -1 1 
92 4 Car -1.000000 -1 -1 563.282939 174.186596 619.018695 228.04205 -1 -1 -1 -1 -1 -1 -1 -1 1 
93 4 Car -1.000000 -1 -1 563.633783 174.291182 618.670323 227.469802 -1 -1 -1 -1 -1 -1 -1 -1 1 
94 4 Car -1.000000 -1 -1 563.975917 174.39318299999996 618.330567 226.91177099999996 -1 -1 -1 -1 -1 -1 -1 -1 1 
95 4 Car -1.000000 -1 -1 564.309663 174.49269400000003 617.999113 226.36743300000003 -1 -1 -1 -1 -1 -1 -1 -1 1 
96 4 Car -1.000000 -1 -1 564.6634929999999 172.768261 617.6287339999999 223.917594 -1 -1 -1 -1 -1 -1 -1 -1 1 
97 4 Car -1.000000 -1 -1 565.008427 171.089534 617.267302 221.534725 -1 -1 -1 -1 -1 -1 -1 -1 1 
98 4 Car -1.000000 -1 -1 566.176702 173.304415 617.745041 223.080623 -1 -1 -1 -1 -1 -1 -1 -1 1 
99 4 Car -1.000000 -1 -1 567.314656 175.462193 618.209619 224.585236 -1 -1 -1 -1 -1 -1 -1 -1 1 
100 4 Car -1.000000 -1 -1 568.423484 177.56503400000003 618.661543 226.05018300000003 -1 -1 -1 -1 -1 -1 -1 -1 1 
100 7 Car -1.000000 -1 -1 263.188786 172.135141 309.833196 192.483352 -1 -1 -1 -1 -1 -1 -1 -1 1 
101 4 Car -1.000000 -1 -1 568.978388 177.715113 618.575642 225.572198 -1 -1 -1 -1 -1 -1 -1 -1 1 
101 7 Car -1.000000 -1 -1 255.68859699999996 173.98943 303.923316 194.817011 -1 -1 -1 -1 -1 -1 -1 -1 1 
101 8 Car -1.000000 -1 -1 293.63952 173.561545 332.681172 192.964008 -1 -1 -1 -1 -1 -1 -1 -1 1 
102 4 Car -1.000000 -1 -1 569.5198419999999 177.86147500000004 618.4910999999998 225.10636200000002 -1 -1 -1 -1 -1 -1 -1 -1 1 
102 7 Car -1.000000 -1 -1 247.827681 175.932994 297.74965 197.26295 -1 -1 -1 -1 -1 -1 -1 -1 1 
102 8 Car -1.000000 -1 -1 287.600495 175.06345500000003 327.872479 194.88370800000004 -1 -1 -1 -1 -1 -1 -1 -1 1 
103 4 Car -1.000000 -1 -1 570.04836 178.004257 618.407877 224.652218 -1 -1 -1 -1 -1 -1 -1 -1 1 
103 7 Car -1.000000 -1 -1 239.57936799999996 177.972439 291.294136 199.82947 -1 -1 -1 -1 -1 -1 -1 -1 1 
103 8 Car -1.000000 -1 -1 281.297175 176.631105 322.867902 196.887452 -1 -1 -1 -1 -1 -1 -1 -1 1 
104 4 Car -1.000000 -1 -1 570.5644329999999 178.143587 618.3259309999999 224.20933 -1 -1 -1 -1 -1 -1 -1 -1 1 
104 7 Car -1.000000 -1 -1 230.49656199999998 177.757603 284.1539829999999 200.17173 -1 -1 -1 -1 -1 -1 -1 -1 1 
104 8 Car -1.000000 -1 -1 274.711823 178.268908 317.655223 198.980882 -1 -1 -1 -1 -1 -1 -1 -1 1 
105 4 Car -1.000000 -1 -1 571.068527 178.279589 618.245227 223.777284 -1 -1 -1 -1 -1 -1 -1 -1 1 
105 7 Car -1.000000 -1 -1 220.938756 177.531524 276.669353 200.531894 -1 -1 -1 -1 -1 -1 -1 -1 1 
105 8 Car -1.000000 -1 -1 267.314525 178.07973799999996 311.766197 199.28059699999997 -1 -1 -1 -1 -1 -1 -1 -1 1 
105 9 Car -1.000000 -1 -1 300.07801099999995 177.069855 339.39494999999994 195.745782 -1 -1 -1 -1 -1 -1 -1 -1 1 
106 4 Car -1.000000 -1 -1 571.77024 177.957744 618.320562 222.850647 -1 -1 -1 -1 -1 -1 -1 -1 1 
106 7 Car -1.000000 -1 -1 210.86768900000004 177.293294 268.814698 200.911407 -1 -1 -1 -1 -1 -1 -1 -1 1 
106 8 Car -1.000000 -1 -1 259.559535 177.88142399999998 305.613538 199.59480899999997 -1 -1 -1 -1 -1 -1 -1 -1 1 
106 9 Car -1.000000 -1 -1 294.105636 176.996937 334.648301 196.05824 -1 -1 -1 -1 -1 -1 -1 -1 1 
107 4 Car -1.000000 -1 -1 572.453562 177.64433099999997 618.393922 221.94830999999996 -1 -1 -1 -1 -1 -1 -1 -1 1 
107 7 Car -1.000000 -1 -1 200.240877 177.04190800000003 260.561887 201.31186900000003 -1 -1 -1 -1 -1 -1 -1 -1 1 
107 8 Car -1.000000 -1 -1 251.42026600000003 177.67328500000002 299.1791390000001 199.92459700000003 -1 -1 -1 -1 -1 -1 -1 -1 1 
107 9 Car -1.000000 -1 -1 287.88160099999993 176.92095 329.71658499999995 196.383868 -1 -1 -1 -1 -1 -1 -1 -1 1 
108 4 Car -1.000000 -1 -1 573.119209 177.339024 618.465384 221.06933 -1 -1 -1 -1 -1 -1 -1 -1 1 
108 7 Car -1.000000 -1 -1 189.011012 176.776243 251.879857 201.735065 -1 -1 -1 -1 -1 -1 -1 -1 1 
108 8 Car -1.000000 -1 -1 242.86742899999996 177.45457300000004 292.44319699999994 200.27114600000002 -1 -1 -1 -1 -1 -1 -1 -1 1 
108 9 Car -1.000000 -1 -1 281.38965499999995 176.841697 324.5887609999999 196.723516 -1 -1 -1 -1 -1 -1 -1 -1 1 
109 4 Car -1.000000 -1 -1 573.767855 177.041512 618.535019 220.212813 -1 -1 -1 -1 -1 -1 -1 -1 1 
109 7 Car -1.000000 -1 -1 176.562837 177.40140099999996 242.318838 203.12923699999996 -1 -1 -1 -1 -1 -1 -1 -1 1 
109 8 Car -1.000000 -1 -1 233.868681 177.224461 285.384003 200.63577 -1 -1 -1 -1 -1 -1 -1 -1 1 
109 9 Car -1.000000 -1 -1 274.568678 177.418718 319.265631 197.762531 -1 -1 -1 -1 -1 -1 -1 -1 1 
110 4 Car -1.000000 -1 -1 574.4001450000001 176.75150100000002 618.6028990000001 219.37790600000002 -1 -1 -1 -1 -1 -1 -1 -1 1 
110 7 Car -1.000000 -1 -1 163.32397099999997 178.06631 232.20409099999998 204.611999 -1 -1 -1 -1 -1 -1 -1 -1 1 
110 8 Car -1.000000 -1 -1 224.244615 177.919831 277.875501 201.965656 -1 -1 -1 -1 -1 -1 -1 -1 1 
110 9 Car -1.000000 -1 -1 267.424447 178.023052 313.710262 198.850802 -1 -1 -1 -1 -1 -1 -1 -1 1 
111 4 Car -1.000000 -1 -1 575.4948649999999 177.66676 619.1996759999998 219.813256 -1 -1 -1 -1 -1 -1 -1 -1 1 
111 7 Car -1.000000 -1 -1 149.216606 178.77488599999998 221.48608 206.19207399999996 -1 -1 -1 -1 -1 -1 -1 -1 1 
111 8 Car -1.000000 -1 -1 214.08550200000002 178.653868 269.984286 203.369504 -1 -1 -1 -1 -1 -1 -1 -1 1 
111 9 Car -1.000000 -1 -1 259.93342500000006 178.65668599999998 307.90711400000004 199.99191699999997 -1 -1 -1 -1 -1 -1 -1 -1 1 
112 4 Car -1.000000 -1 -1 576.565186 178.561625 619.783147 220.238896 -1 -1 -1 -1 -1 -1 -1 -1 1 
112 7 Car -1.000000 -1 -1 134.152383 179.53157499999998 210.109177 207.87936499999998 -1 -1 -1 -1 -1 -1 -1 -1 1 
112 8 Car -1.000000 -1 -1 203.345446 179.429887 261.68033 204.853663 -1 -1 -1 -1 -1 -1 -1 -1 1 
112 9 Car -1.000000 -1 -1 252.06973300000004 179.32180499999998 301.839236 201.18982099999997 -1 -1 -1 -1 -1 -1 -1 -1 1 
113 4 Car -1.000000 -1 -1 577.611913 179.43676899999997 620.353753 220.65514899999997 -1 -1 -1 -1 -1 -1 -1 -1 1 
113 7 Car -1.000000 -1 -1 118.030529 180.341452 198.010699 209.685171 -1 -1 -1 -1 -1 -1 -1 -1 1 
113 8 Car -1.000000 -1 -1 191.97315200000003 180.251597 252.93038700000002 206.425226 -1 -1 -1 -1 -1 -1 -1 -1 1 
113 9 Car -1.000000 -1 -1 243.80485000000002 180.020813 295.48808800000006 202.448862 -1 -1 -1 -1 -1 -1 -1 -1 1 
114 4 Car -1.000000 -1 -1 578.635819 180.29283699999996 620.911913 221.06231999999997 -1 -1 -1 -1 -1 -1 -1 -1 1 
114 7 Car -1.000000 -1 -1 100.109316 179.894382 184.664635 210.343844 -1 -1 -1 -1 -1 -1 -1 -1 1 
114 8 Car -1.000000 -1 -1 179.911095 181.075586 243.697533 208.092149 -1 -1 -1 -1 -1 -1 -1 -1 1 
114 9 Car -1.000000 -1 -1 234.81192900000002 178.951076 288.60831100000007 201.977801 -1 -1 -1 -1 -1 -1 -1 -1 1 
115 4 Car -1.000000 -1 -1 579.637643 181.053345 621.458031 221.460706 -1 -1 -1 -1 -1 -1 -1 -1 1 
115 7 Car -1.000000 -1 -1 80.78506100000001 179.412257 170.38142600000003 211.054109 -1 -1 -1 -1 -1 -1 -1 -1 1 
115 8 Car -1.000000 -1 -1 166.42229199999997 179.674957 233.44587599999997 207.534013 -1 -1 -1 -1 -1 -1 -1 -1 1 
115 9 Car -1.000000 -1 -1 225.323414 177.82244500000002 281.383108 201.48076800000004 -1 -1 -1 -1 -1 -1 -1 -1 1 
116 4 Car -1.000000 -1 -1 580.158974 180.88375000000002 621.572224 220.87668300000004 -1 -1 -1 -1 -1 -1 -1 -1 1 
116 7 Car -1.000000 -1 -1 59.886281 178.890784 155.058772 211.822272 -1 -1 -1 -1 -1 -1 -1 -1 1 
116 8 Car -1.000000 -1 -1 152.010912 178.127674 222.560007 206.937684 -1 -1 -1 -1 -1 -1 -1 -1 1 
116 9 Car -1.000000 -1 -1 215.29717700000003 176.62991799999998 273.785795 200.95555499999998 -1 -1 -1 -1 -1 -1 -1 -1 1 
117 4 Car -1.000000 -1 -1 580.670252 180.717073 621.684214 220.303929 -1 -1 -1 -1 -1 -1 -1 -1 1 
117 7 Car -1.000000 -1 -1 37.21236999999999 178.32494199999996 138.578928 212.65571399999996 -1 -1 -1 -1 -1 -1 -1 -1 1 
117 8 Car -1.000000 -1 -1 136.578955 176.470776 210.979199 206.299103 -1 -1 -1 -1 -1 -1 -1 -1 1 
117 9 Car -1.000000 -1 -1 204.686172 175.367912 265.786866 200.399695 -1 -1 -1 -1 -1 -1 -1 -1 1 
118 4 Car -1.000000 -1 -1 581.171764 180.55323999999996 621.794064 219.74212099999997 -1 -1 -1 -1 -1 -1 -1 -1 1 
118 7 Car -1.000000 -1 -1 12.527121000000001 177.708817 120.80566100000001 213.563126 -1 -1 -1 -1 -1 -1 -1 -1 1 
118 8 Car -1.000000 -1 -1 119.75165000000001 178.759537 198.40415000000002 209.688994 -1 -1 -1 -1 -1 -1 -1 -1 1 
118 9 Car -1.000000 -1 -1 193.633956 178.483558 257.533621 204.278403 -1 -1 -1 -1 -1 -1 -1 -1 1 
119 4 Car -1.000000 -1 -1 581.663787 180.388218 621.901835 219.190949 -1 -1 -1 -1 -1 -1 -1 -1 1 
119 7 Car -1.000000 -1 -1 7.105427357601002e-15 177.57311100000004 100.56787599999998 214.99969000000002 -1 -1 -1 -1 -1 -1 -1 -1 1 
119 8 Car -1.000000 -1 -1 101.639299 181.152497 184.969899 213.337887 -1 -1 -1 -1 -1 -1 -1 -1 1 
119 9 Car -1.000000 -1 -1 180.177657 179.082332 247.507344 205.784426 -1 -1 -1 -1 -1 -1 -1 -1 1 
120 4 Car -1.000000 -1 -1 582.146588 180.211354 622.007585 218.650113 -1 -1 -1 -1 -1 -1 -1 -1 1 
120 7 Car -1.000000 -1 -1 0.0 177.42407 78.531946 216.440237 -1 -1 -1 -1 -1 -1 -1 -1 1 
120 8 Car -1.000000 -1 -1 81.130458 181.174904 169.847724 214.695728 -1 -1 -1 -1 -1 -1 -1 -1 1 
120 9 Car -1.000000 -1 -1 165.74288 179.724583 236.826867 207.400006 -1 -1 -1 -1 -1 -1 -1 -1 1 
121 4 Car -1.000000 -1 -1 581.889454 180.230301 621.470711 218.399339 -1 -1 -1 -1 -1 -1 -1 -1 1 
121 7 Car -1.000000 -1 -1 0.0 177.410725 54.44708 216.482239 -1 -1 -1 -1 -1 -1 -1 -1 1 
121 8 Car -1.000000 -1 -1 58.852013 181.199024 153.568975 216.17079 -1 -1 -1 -1 -1 -1 -1 -1 1 
121 9 Car -1.000000 -1 -1 150.21887 180.415227 225.426001 209.137549 -1 -1 -1 -1 -1 -1 -1 -1 1 
122 4 Car -1.000000 -1 -1 581.6359010000001 180.248984 620.9413190000001 218.15206 -1 -1 -1 -1 -1 -1 -1 -1 1 
122 7 Car -1.000000 -1 -1 3.552713678800501e-15 177.39624100000003 28.013585999999997 216.52782700000003 -1 -1 -1 -1 -1 -1 -1 -1 1 
122 8 Car -1.000000 -1 -1 34.564597000000006 181.22506200000004 135.99569200000002 217.77893600000002 -1 -1 -1 -1 -1 -1 -1 -1 1 
122 9 Car -1.000000 -1 -1 133.477504 181.124984 213.229321 211.011406 -1 -1 -1 -1 -1 -1 -1 -1 1 
123 4 Car -1.000000 -1 -1 581.3858560000001 180.267409 620.4192510000001 217.908203 -1 -1 -1 -1 -1 -1 -1 -1 1 
123 7 Car -1.000000 -1 -1 -13.393435952661168 177.48815477078816 15.240398388910414 217.48853758734708 -1 -1 -1 -1 -1 -1 -1 -1 1 
123 8 Car -1.000000 -1 -1 7.983646 181.253255 116.96706899999998 219.539029 -1 -1 -1 -1 -1 -1 -1 -1 1 
123 9 Car -1.000000 -1 -1 115.365558 180.739737 200.145451 211.808013 -1 -1 -1 -1 -1 -1 -1 -1 1 
124 4 Car -1.000000 -1 -1 581.139246 180.28558 619.904358 217.667698 -1 -1 -1 -1 -1 -1 -1 -1 1 
124 8 Car -1.000000 -1 -1 0.0 181.283883 96.294507 221.233406 -1 -1 -1 -1 -1 -1 -1 -1 1 
124 9 Car -1.000000 -1 -1 96.14886400000002 180.749211 186.26561200000003 213.060592 -1 -1 -1 -1 -1 -1 -1 -1 1 
125 4 Car -1.000000 -1 -1 580.896 180.30350399999998 619.396493 217.43047699999997 -1 -1 -1 -1 -1 -1 -1 -1 1 
125 8 Car -1.000000 -1 -1 0.0 181.239812 73.513243 222.467996 -1 -1 -1 -1 -1 -1 -1 -1 1 
125 9 Car -1.000000 -1 -1 75.33114499999999 180.759473 171.370673 214.41758 -1 -1 -1 -1 -1 -1 -1 -1 1 
126 4 Car -1.000000 -1 -1 581.398422 179.51991899999996 619.710917 216.46482799999998 -1 -1 -1 -1 -1 -1 -1 -1 1 
126 8 Car -1.000000 -1 -1 -3.552713678800501e-15 181.191478 48.526774 222.404953 -1 -1 -1 -1 -1 -1 -1 -1 1 
126 9 Car -1.000000 -1 -1 52.703616999999994 180.770626 155.34504699999997 215.892599 -1 -1 -1 -1 -1 -1 -1 -1 1 
127 4 Car -1.000000 -1 -1 581.895959 178.74395099999998 620.022283 215.50857299999998 -1 -1 -1 -1 -1 -1 -1 -1 1 
127 8 Car -1.000000 -1 -1 -3.552713678800501e-15 181.13823000000002 20.998625000000004 222.34654500000002 -1 -1 -1 -1 -1 -1 -1 -1 1 
127 9 Car -1.000000 -1 -1 28.019553000000002 180.782791 138.054915 217.501749 -1 -1 -1 -1 -1 -1 -1 -1 1 
128 4 Car -1.000000 -1 -1 582.38868 177.97549099999998 620.330634 214.56157599999997 -1 -1 -1 -1 -1 -1 -1 -1 1 
128 8 Car -1.000000 -1 -1 -13.430872195789258 181.35160171021911 8.020650306181201 223.4527367711997 -1 -1 -1 -1 -1 -1 -1 -1 1 
128 9 Car -1.000000 -1 -1 0.9852320000000034 180.795938 119.34446400000002 219.264197 -1 -1 -1 -1 -1 -1 -1 -1 1 
129 4 Car -1.000000 -1 -1 582.876657 177.214429 620.636015 213.623704 -1 -1 -1 -1 -1 -1 -1 -1 1 
129 9 Car -1.000000 -1 -1 0.0 180.80493 98.790117 220.857427 -1 -1 -1 -1 -1 -1 -1 -1 1 
130 4 Car -1.000000 -1 -1 583.359958 176.46066 620.938469 212.694825 -1 -1 -1 -1 -1 -1 -1 -1 1 
130 9 Car -1.000000 -1 -1 0.0 180.81474 76.363523 222.000915 -1 -1 -1 -1 -1 -1 -1 -1 1 
131 4 Car -1.000000 -1 -1 583.8849670000001 176.765506 621.3013580000002 212.843383 -1 -1 -1 -1 -1 -1 -1 -1 1 
131 9 Car -1.000000 -1 -1 -7.105427357601002e-15 180.825486 51.79667200000001 221.938796 -1 -1 -1 -1 -1 -1 -1 -1 1 
132 4 Car -1.000000 -1 -1 584.405462 177.06773200000003 621.661127 212.99066200000001 -1 -1 -1 -1 -1 -1 -1 -1 1 
132 9 Car -1.000000 -1 -1 0.0 180.837309 24.767846 221.883649 -1 -1 -1 -1 -1 -1 -1 -1 1 
133 4 Car -1.000000 -1 -1 584.921502 177.367371 622.017815 213.13668 -1 -1 -1 -1 -1 -1 -1 -1 1 
133 9 Car -1.000000 -1 -1 -13.278981346573488 180.94424699087656 12.01775236589939 222.8706816418319 -1 -1 -1 -1 -1 -1 -1 -1 1 
134 4 Car -1.000000 -1 -1 586.446059 175.94046299999997 623.383557 211.55513799999997 -1 -1 -1 -1 -1 -1 -1 -1 1 
135 4 Car -1.000000 -1 -1 587.9575830000001 174.52575000000002 624.7376210000001 209.98712200000003 -1 -1 -1 -1 -1 -1 -1 -1 1 
136 4 Car -1.000000 -1 -1 588.4295399999999 173.18895399999997 625.0531889999999 208.49842799999996 -1 -1 -1 -1 -1 -1 -1 -1 1 
137 4 Car -1.000000 -1 -1 588.897498 171.86348200000003 625.366083 207.02235500000003 -1 -1 -1 -1 -1 -1 -1 -1 1 
138 4 Car -1.000000 -1 -1 589.361508 170.549191 625.676335 205.558742 -1 -1 -1 -1 -1 -1 -1 -1 1 
139 4 Car -1.000000 -1 -1 589.5969700000002 175.434074 625.7625640000001 210.303075 -1 -1 -1 -1 -1 -1 -1 -1 1 
140 4 Car -1.000000 -1 -1 589.830504 180.278973 625.848087 215.008548 -1 -1 -1 -1 -1 -1 -1 -1 1 
141 4 Car -1.000000 -1 -1 589.299215 179.45851399999998 625.21664 214.09107599999996 -1 -1 -1 -1 -1 -1 -1 -1 1 
142 4 Car -1.000000 -1 -1 588.7708680000001 178.642596 624.5886900000002 213.178685 -1 -1 -1 -1 -1 -1 -1 -1 1 
143 4 Car -1.000000 -1 -1 588.245437 177.831181 623.964207 212.271334 -1 -1 -1 -1 -1 -1 -1 -1 1 
