2 1 Car -1.000000 -1 -1 0.0 181.644428 160.336384 258.017227 -1 -1 -1 -1 -1 -1 -1 -1 1 
2 2 Car -1.000000 -1 -1 363.79001600000004 169.439542 527.7781540000001 224.205052 -1 -1 -1 -1 -1 -1 -1 -1 1 
2 3 Car -1.000000 -1 -1 855.550651 158.515966 1024.106062 252.239872 -1 -1 -1 -1 -1 -1 -1 -1 1 
2 4 Car -1.000000 -1 -1 908.360535 143.47236100000003 1054.07884 204.08598700000002 -1 -1 -1 -1 -1 -1 -1 -1 1 
3 1 Car -1.000000 -1 -1 1.4210854715202004e-14 180.878716 88.89507699999999 258.660344 -1 -1 -1 -1 -1 -1 -1 -1 1 
3 2 Car -1.000000 -1 -1 324.838209 167.97938 499.378892 225.890273 -1 -1 -1 -1 -1 -1 -1 -1 1 
3 3 Car -1.000000 -1 -1 881.872537 156.81978299999997 1058.105867 252.48943899999998 -1 -1 -1 -1 -1 -1 -1 -1 1 
3 4 Car -1.000000 -1 -1 897.3297230000001 141.614755 1046.5051290000001 204.138276 -1 -1 -1 -1 -1 -1 -1 -1 1 
4 1 Car -1.000000 -1 -1 -27.65362999877475 180.36524984324137 63.11079038894803 259.7828400279989 -1 -1 -1 -1 -1 -1 -1 -1 1 
4 2 Car -1.000000 -1 -1 278.10692400000005 167.096825 465.46276000000006 228.822706 -1 -1 -1 -1 -1 -1 -1 -1 1 
4 3 Car -1.000000 -1 -1 909.1962099999998 155.057458 1093.7622299999998 252.728968 -1 -1 -1 -1 -1 -1 -1 -1 1 
4 4 Car -1.000000 -1 -1 885.5830779999999 139.64188 1038.4306929999998 204.193639 -1 -1 -1 -1 -1 -1 -1 -1 1 
4 7 Car -1.000000 -1 -1 1203.770728 149.814 1241.0 196.346167 -1 -1 -1 -1 -1 -1 -1 -1 1 
5 2 Car -1.000000 -1 -1 224.96493100000004 165.883944 427.5181600000001 232.183823 -1 -1 -1 -1 -1 -1 -1 -1 1 
5 3 Car -1.000000 -1 -1 937.5699269999999 153.225943 1131.2103119999997 252.957996 -1 -1 -1 -1 -1 -1 -1 -1 1 
5 4 Car -1.000000 -1 -1 868.769108 140.68399699999998 1024.428297 207.07128499999996 -1 -1 -1 -1 -1 -1 -1 -1 1 
5 7 Car -1.000000 -1 -1 1196.043898 151.643061 1241.0 199.516876 -1 -1 -1 -1 -1 -1 -1 -1 1 
6 2 Car -1.000000 -1 -1 161.423874 167.06719600000002 383.50696 239.00457400000002 -1 -1 -1 -1 -1 -1 -1 -1 1 
6 3 Car -1.000000 -1 -1 967.0457619999999 151.321981 1170.599738 253.176084 -1 -1 -1 -1 -1 -1 -1 -1 1 
6 4 Car -1.000000 -1 -1 851.035401 141.75587000000002 1009.687472 210.11975700000002 -1 -1 -1 -1 -1 -1 -1 -1 1 
6 7 Car -1.000000 -1 -1 1188.0979189999998 153.76993199999998 1240.9999999999998 202.70418499999997 -1 -1 -1 -1 -1 -1 -1 -1 1 
7 2 Car -1.000000 -1 -1 87.036427 168.47161599999998 333.300129 247.07584899999998 -1 -1 -1 -1 -1 -1 -1 -1 1 
7 3 Car -1.000000 -1 -1 994.8164099999999 151.91242 1203.739207 254.904764 -1 -1 -1 -1 -1 -1 -1 -1 1 
7 4 Car -1.000000 -1 -1 832.3027360000001 142.893757 994.1499190000001 213.354649 -1 -1 -1 -1 -1 -1 -1 -1 1 
7 7 Car -1.000000 -1 -1 1175.0799900000002 155.340486 1241.0000000000002 205.163027 -1 -1 -1 -1 -1 -1 -1 -1 1 
8 2 Car -1.000000 -1 -1 0.0 168.21102 274.148844 255.335362 -1 -1 -1 -1 -1 -1 -1 -1 1 
8 3 Car -1.000000 -1 -1 1023.1161440000001 152.517826 1237.842947 256.66641 -1 -1 -1 -1 -1 -1 -1 -1 1 
8 4 Car -1.000000 -1 -1 807.263835 144.696678 972.684088 217.526581 -1 -1 -1 -1 -1 -1 -1 -1 1 
8 7 Car -1.000000 -1 -1 1161.6579419999998 156.96981 1240.9999999999998 207.707014 -1 -1 -1 -1 -1 -1 -1 -1 1 
9 2 Car -1.000000 -1 -1 0.0 168.259947 204.631713 258.466878 -1 -1 -1 -1 -1 -1 -1 -1 1 
9 3 Car -1.000000 -1 -1 1051.9589740000001 153.13852100000003 1241.0000000000002 258.46183400000007 -1 -1 -1 -1 -1 -1 -1 -1 1 
9 4 Car -1.000000 -1 -1 778.35498 143.981393 947.243515 219.157269 -1 -1 -1 -1 -1 -1 -1 -1 1 
9 7 Car -1.000000 -1 -1 1137.779233 156.344859 1241.0 207.846576 -1 -1 -1 -1 -1 -1 -1 -1 1 
10 2 Car -1.000000 -1 -1 0.0 168.530506 121.867564 260.94404 -1 -1 -1 -1 -1 -1 -1 -1 1 
10 3 Car -1.000000 -1 -1 1070.9402810000001 154.73927599999996 1241.0000000000002 260.58557599999995 -1 -1 -1 -1 -1 -1 -1 -1 1 
10 4 Car -1.000000 -1 -1 745.5932209999999 144.227142 917.8795489999999 222.018544 -1 -1 -1 -1 -1 -1 -1 -1 1 
10 7 Car -1.000000 -1 -1 1113.2633930000002 155.792279 1241.0000000000002 207.988162 -1 -1 -1 -1 -1 -1 -1 -1 1 
11 2 Car -1.000000 -1 -1 -43.29301911920025 168.190871207801 83.7917190393803 264.56185270783294 -1 -1 -1 -1 -1 -1 -1 -1 1 
11 3 Car -1.000000 -1 -1 1090.078531 156.356362 1241.0 262.728128 -1 -1 -1 -1 -1 -1 -1 -1 1 
11 4 Car -1.000000 -1 -1 710.6791419999998 144.491764 886.7986959999998 225.083551 -1 -1 -1 -1 -1 -1 -1 -1 1 
11 7 Car -1.000000 -1 -1 1088.079521 155.162284 1226.150534 208.131782 -1 -1 -1 -1 -1 -1 -1 -1 1 
12 3 Car -1.000000 -1 -1 1109.37559 157.989889 1241.0 264.889627 -1 -1 -1 -1 -1 -1 -1 -1 1 
12 4 Car -1.000000 -1 -1 667.448781 148.036184 848.340267 231.88292 -1 -1 -1 -1 -1 -1 -1 -1 1 
12 7 Car -1.000000 -1 -1 1055.189975 161.488639 1192.291668 215.635933 -1 -1 -1 -1 -1 -1 -1 -1 1 
13 3 Car -1.000000 -1 -1 1121.734453 163.809443 1241.0 269.644293 -1 -1 -1 -1 -1 -1 -1 -1 1 
13 4 Car -1.000000 -1 -1 620.895645 151.87919 807.288357 239.250235 -1 -1 -1 -1 -1 -1 -1 -1 1 
13 7 Car -1.000000 -1 -1 1020.5645180000001 167.12479099999996 1155.76728 222.16638199999997 -1 -1 -1 -1 -1 -1 -1 -1 1 
14 3 Car -1.000000 -1 -1 1133.981753 169.65457099999998 1241.0 273.25331399999993 -1 -1 -1 -1 -1 -1 -1 -1 1 
14 4 Car -1.000000 -1 -1 570.018069 152.793113 764.717406 245.19535 -1 -1 -1 -1 -1 -1 -1 -1 1 
14 7 Car -1.000000 -1 -1 982.6651059999999 170.476633 1120.21303 226.641263 -1 -1 -1 -1 -1 -1 -1 -1 1 
15 3 Car -1.000000 -1 -1 1137.7426180000002 171.738332 1241.0000000000002 273.050104 -1 -1 -1 -1 -1 -1 -1 -1 1 
15 4 Car -1.000000 -1 -1 513.504166 153.820872 718.100495 251.856654 -1 -1 -1 -1 -1 -1 -1 -1 1 
15 7 Car -1.000000 -1 -1 942.7576940000001 172.69665499999996 1079.4802490000002 230.12666599999997 -1 -1 -1 -1 -1 -1 -1 -1 1 
16 3 Car -1.000000 -1 -1 1141.4907080000003 173.73051500000003 1241.0000000000002 272.8641190000001 -1 -1 -1 -1 -1 -1 -1 -1 1 
16 4 Car -1.000000 -1 -1 450.341056 154.98434300000002 666.850872 259.37052200000005 -1 -1 -1 -1 -1 -1 -1 -1 1 
16 7 Car -1.000000 -1 -1 901.271301 174.976125 1037.572321 233.754271 -1 -1 -1 -1 -1 -1 -1 -1 1 
17 3 Car -1.000000 -1 -1 1140.483246 174.803129 1241.0 273.243471 -1 -1 -1 -1 -1 -1 -1 -1 1 
17 4 Car -1.000000 -1 -1 379.259182 156.311307 610.261175 267.910233 -1 -1 -1 -1 -1 -1 -1 -1 1 
17 7 Car -1.000000 -1 -1 859.033565 175.64331000000004 995.871633 236.41611600000002 -1 -1 -1 -1 -1 -1 -1 -1 1 
18 3 Car -1.000000 -1 -1 1132.72755 174.811667 1241.0 271.244794 -1 -1 -1 -1 -1 -1 -1 -1 1 
18 4 Car -1.000000 -1 -1 299.564401 153.37795799999998 552.326407 275.5105229999999 -1 -1 -1 -1 -1 -1 -1 -1 1 
18 7 Car -1.000000 -1 -1 814.0289320000002 176.34350900000004 952.0467890000001 239.25229400000003 -1 -1 -1 -1 -1 -1 -1 -1 1 
18 8 Car -1.000000 -1 -1 1026.820468 180.546831 1135.072312 225.387515 -1 -1 -1 -1 -1 -1 -1 -1 1 
19 3 Car -1.000000 -1 -1 1125.4368569999997 174.819168 1240.9999999999998 269.039354 -1 -1 -1 -1 -1 -1 -1 -1 1 
19 4 Car -1.000000 -1 -1 205.830449 152.03828199999998 486.199871 286.80012 -1 -1 -1 -1 -1 -1 -1 -1 1 
19 7 Car -1.000000 -1 -1 770.587355 177.035265 910.357946 241.858401 -1 -1 -1 -1 -1 -1 -1 -1 1 
19 8 Car -1.000000 -1 -1 988.888215 180.48881800000004 1094.13197 225.37540600000003 -1 -1 -1 -1 -1 -1 -1 -1 1 
20 3 Car -1.000000 -1 -1 1118.575702 174.82568199999997 1241.0 266.43049699999995 -1 -1 -1 -1 -1 -1 -1 -1 1 
20 4 Car -1.000000 -1 -1 90.018595 150.39700900000003 409.262097 300.659007 -1 -1 -1 -1 -1 -1 -1 -1 1 
20 7 Car -1.000000 -1 -1 724.79856 177.560833 869.47561 245.458169 -1 -1 -1 -1 -1 -1 -1 -1 1 
20 8 Car -1.000000 -1 -1 952.363478 179.803763 1056.512487 225.438955 -1 -1 -1 -1 -1 -1 -1 -1 1 
21 3 Car -1.000000 -1 -1 1112.1119090000002 174.831254 1241.0000000000002 263.956514 -1 -1 -1 -1 -1 -1 -1 -1 1 
21 4 Car -1.000000 -1 -1 0.0 149.32666 329.53982 317.015773 -1 -1 -1 -1 -1 -1 -1 -1 1 
21 7 Car -1.000000 -1 -1 674.72227 178.12613499999998 825.482822 249.40399699999998 -1 -1 -1 -1 -1 -1 -1 -1 1 
21 8 Car -1.000000 -1 -1 914.482171 179.10373999999996 1017.919227 225.49767799999998 -1 -1 -1 -1 -1 -1 -1 -1 1 
21 9 Car -1.000000 -1 -1 1042.424529 178.152244 1124.042237 211.993186 -1 -1 -1 -1 -1 -1 -1 -1 1 
22 3 Car -1.000000 -1 -1 1096.8740590000002 174.28553499999998 1233.9618870000002 260.589562 -1 -1 -1 -1 -1 -1 -1 -1 1 
22 4 Car -1.000000 -1 -1 0.0 149.906362 231.236391 324.712238 -1 -1 -1 -1 -1 -1 -1 -1 1 
22 7 Car -1.000000 -1 -1 623.244187 179.234984 782.743368 255.144869 -1 -1 -1 -1 -1 -1 -1 -1 1 
22 8 Car -1.000000 -1 -1 877.052385 180.372813 979.810595 227.635226 -1 -1 -1 -1 -1 -1 -1 -1 1 
22 9 Car -1.000000 -1 -1 1006.5047910000001 180.504192 1084.6077180000002 214.505656 -1 -1 -1 -1 -1 -1 -1 -1 1 
23 3 Car -1.000000 -1 -1 1077.909416 178.196953 1204.520621 261.88057 -1 -1 -1 -1 -1 -1 -1 -1 1 
23 4 Car -1.000000 -1 -1 -2.1316282072803006e-14 151.094407 107.16213100000002 330.839653 -1 -1 -1 -1 -1 -1 -1 -1 1 
23 7 Car -1.000000 -1 -1 565.2149180000001 180.456774 735.5868940000001 261.645907 -1 -1 -1 -1 -1 -1 -1 -1 1 
23 8 Car -1.000000 -1 -1 838.404538 181.66672900000003 940.902777 229.83546900000002 -1 -1 -1 -1 -1 -1 -1 -1 1 
23 9 Car -1.000000 -1 -1 970.6018080000001 182.830596 1045.5244580000003 217.008434 -1 -1 -1 -1 -1 -1 -1 -1 1 
24 3 Car -1.000000 -1 -1 1060.207977 181.822425 1177.148598 263.06091 -1 -1 -1 -1 -1 -1 -1 -1 1 
24 4 Car -1.000000 -1 -1 -48.51525078562181 151.35467053772567 62.301305154696315 337.24089450826204 -1 -1 -1 -1 -1 -1 -1 -1 1 
24 7 Car -1.000000 -1 -1 501.7016530000001 179.932663 686.745486 268.287121 -1 -1 -1 -1 -1 -1 -1 -1 1 
24 8 Car -1.000000 -1 -1 799.0690190000001 184.594295 901.6810820000001 234.669523 -1 -1 -1 -1 -1 -1 -1 -1 1 
24 9 Car -1.000000 -1 -1 933.637489 184.61299299999996 1007.044224 219.13530799999998 -1 -1 -1 -1 -1 -1 -1 -1 1 
25 3 Car -1.000000 -1 -1 1037.032316 183.51251100000002 1147.619977 261.92074 -1 -1 -1 -1 -1 -1 -1 -1 1 
25 7 Car -1.000000 -1 -1 426.293867 179.33780000000002 630.808905 276.207725 -1 -1 -1 -1 -1 -1 -1 -1 1 
25 8 Car -1.000000 -1 -1 757.997556 184.198873 861.383855 235.864856 -1 -1 -1 -1 -1 -1 -1 -1 1 
25 9 Car -1.000000 -1 -1 896.253229 186.399071 968.446032 221.278642 -1 -1 -1 -1 -1 -1 -1 -1 1 
25 11 Car -1.000000 -1 -1 1023.044453 184.81340700000004 1058.980199 209.34553100000002 -1 -1 -1 -1 -1 -1 -1 -1 1 
26 3 Car -1.000000 -1 -1 1007.935984 181.419349 1109.572348 255.982924 -1 -1 -1 -1 -1 -1 -1 -1 1 
26 7 Car -1.000000 -1 -1 340.90451499999995 179.303857 572.112881 287.360255 -1 -1 -1 -1 -1 -1 -1 -1 1 
26 8 Car -1.000000 -1 -1 714.134969 183.787636 819.061314 237.12375 -1 -1 -1 -1 -1 -1 -1 -1 1 
26 9 Car -1.000000 -1 -1 856.7585730000001 184.901613 927.6965000000001 219.954931 -1 -1 -1 -1 -1 -1 -1 -1 1 
26 11 Car -1.000000 -1 -1 1015.7871779727504 185.00996658624155 1048.7419615226984 207.5070954161733 -1 -1 -1 -1 -1 -1 -1 -1 1 
26 13 Car -1.000000 -1 -1 979.92207 183.03679800000003 1014.217072 207.09152500000002 -1 -1 -1 -1 -1 -1 -1 -1 1 
27 3 Car -1.000000 -1 -1 981.0766450000001 179.501415 1074.586526 250.526461 -1 -1 -1 -1 -1 -1 -1 -1 1 
27 7 Car -1.000000 -1 -1 234.288292 179.26669700000002 502.726693 301.391437 -1 -1 -1 -1 -1 -1 -1 -1 1 
27 8 Car -1.000000 -1 -1 664.095223 182.867819 775.451404 238.607872 -1 -1 -1 -1 -1 -1 -1 -1 1 
27 9 Car -1.000000 -1 -1 816.3931279999999 183.391027 886.4541399999999 218.594876 -1 -1 -1 -1 -1 -1 -1 -1 1 
27 13 Car -1.000000 -1 -1 969.8231157640844 181.43274922529392 1000.9656727024744 203.276337986043 -1 -1 -1 -1 -1 -1 -1 -1 1 
27 15 Car -1.000000 -1 -1 937.9878959999999 181.317586 970.8426329999999 204.901547 -1 -1 -1 -1 -1 -1 -1 -1 1 
28 3 Car -1.000000 -1 -1 949.802803 180.431142 1034.497968 248.519039 -1 -1 -1 -1 -1 -1 -1 -1 1 
28 7 Car -1.000000 -1 -1 91.54742600000003 174.98040299999997 424.385073 319.64357999999993 -1 -1 -1 -1 -1 -1 -1 -1 1 
28 8 Car -1.000000 -1 -1 615.748255 183.138295 732.437527 241.992626 -1 -1 -1 -1 -1 -1 -1 -1 1 
28 9 Car -1.000000 -1 -1 776.787488 183.646867 846.721304 219.497653 -1 -1 -1 -1 -1 -1 -1 -1 1 
28 15 Car -1.000000 -1 -1 926.3175319006107 179.4840926405011 956.0353474099024 200.8162975499699 -1 -1 -1 -1 -1 -1 -1 -1 1 
29 3 Car -1.000000 -1 -1 920.865251 181.28770300000002 997.529432 246.64835100000002 -1 -1 -1 -1 -1 -1 -1 -1 1 
29 7 Car -1.000000 -1 -1 0.0 172.61278099999998 330.103428 345.12232299999994 -1 -1 -1 -1 -1 -1 -1 -1 1 
29 8 Car -1.000000 -1 -1 561.745966 183.434465 685.568718 245.753795 -1 -1 -1 -1 -1 -1 -1 -1 1 
29 9 Car -1.000000 -1 -1 735.648187 183.910765 805.898115 220.425238 -1 -1 -1 -1 -1 -1 -1 -1 1 
30 3 Car -1.000000 -1 -1 885.941192 181.295555 958.64791 244.129779 -1 -1 -1 -1 -1 -1 -1 -1 1 
30 7 Car -1.000000 -1 -1 0.0 170.66384500000004 205.131865 341.731544 -1 -1 -1 -1 -1 -1 -1 -1 1 
30 8 Car -1.000000 -1 -1 504.33220800000004 183.018869 637.437048 249.908545 -1 -1 -1 -1 -1 -1 -1 -1 1 
30 9 Car -1.000000 -1 -1 694.898667 183.487344 766.086682 220.766586 -1 -1 -1 -1 -1 -1 -1 -1 1 
31 3 Car -1.000000 -1 -1 853.3445959999999 181.303831 922.3918769999999 241.784723 -1 -1 -1 -1 -1 -1 -1 -1 1 
31 7 Car -1.000000 -1 -1 -54.062585145946116 171.05473326403296 158.44918810026493 348.2798979850604 -1 -1 -1 -1 -1 -1 -1 -1 1 
31 8 Car -1.000000 -1 -1 440.09004100000004 182.34412700000001 589.4636990000001 255.23385700000003 -1 -1 -1 -1 -1 -1 -1 -1 1 
31 9 Car -1.000000 -1 -1 652.10634 183.050451 724.775556 221.114942 -1 -1 -1 -1 -1 -1 -1 -1 1 
32 3 Car -1.000000 -1 -1 818.863679 180.553329 882.542956 238.787542 -1 -1 -1 -1 -1 -1 -1 -1 1 
32 8 Car -1.000000 -1 -1 362.78708699999993 181.56894599999998 534.132901 261.633789 -1 -1 -1 -1 -1 -1 -1 -1 1 
32 9 Car -1.000000 -1 -1 610.205868 182.796699 684.900993 222.124633 -1 -1 -1 -1 -1 -1 -1 -1 1 
33 3 Car -1.000000 -1 -1 786.427541 179.85235999999998 845.155513 235.96577499999998 -1 -1 -1 -1 -1 -1 -1 -1 1 
33 8 Car -1.000000 -1 -1 276.008367 180.913096 476.31712099999993 271.363131 -1 -1 -1 -1 -1 -1 -1 -1 1 
33 9 Car -1.000000 -1 -1 563.8665230000001 182.193606 643.5603200000002 223.020243 -1 -1 -1 -1 -1 -1 -1 -1 1 
34 3 Car -1.000000 -1 -1 751.97381 179.169289 808.180446 233.183814 -1 -1 -1 -1 -1 -1 -1 -1 1 
34 8 Car -1.000000 -1 -1 162.42005500000002 180.12217499999997 406.031156 284.031888 -1 -1 -1 -1 -1 -1 -1 -1 1 
34 9 Car -1.000000 -1 -1 517.5243639999999 181.590367 600.9390419999999 224.169678 -1 -1 -1 -1 -1 -1 -1 -1 1 
35 3 Car -1.000000 -1 -1 719.683831 178.57192 774.156341 231.218695 -1 -1 -1 -1 -1 -1 -1 -1 1 
35 8 Car -1.000000 -1 -1 21.15303 181.37521699999996 332.832385 306.15848099999994 -1 -1 -1 -1 -1 -1 -1 -1 1 
35 9 Car -1.000000 -1 -1 470.386482 180.952901 558.104764 225.369635 -1 -1 -1 -1 -1 -1 -1 -1 1 
35 37 Car -1.000000 -1 -1 620.544801 178.96304499999997 650.468628 202.15936199999996 -1 -1 -1 -1 -1 -1 -1 -1 1 
36 3 Car -1.000000 -1 -1 688.701669 177.890727 741.624612 229.334646 -1 -1 -1 -1 -1 -1 -1 -1 1 
36 8 Car -1.000000 -1 -1 0.0 183.001911 237.628219 328.114978 -1 -1 -1 -1 -1 -1 -1 -1 1 
36 9 Car -1.000000 -1 -1 422.244968 181.846726 517.785164 229.184014 -1 -1 -1 -1 -1 -1 -1 -1 1 
36 37 Car -1.000000 -1 -1 610.2222947870986 177.99453584054456 636.520539854557 198.38038264820904 -1 -1 -1 -1 -1 -1 -1 -1 1 
36 39 Car -1.000000 -1 -1 586.8057199999998 179.174735 617.4306789999999 202.781602 -1 -1 -1 -1 -1 -1 -1 -1 1 
37 3 Car -1.000000 -1 -1 664.128402 178.08546 715.624911 228.425716 -1 -1 -1 -1 -1 -1 -1 -1 1 
37 8 Car -1.000000 -1 -1 0.0 186.97375700000003 146.964442 329.50632600000006 -1 -1 -1 -1 -1 -1 -1 -1 1 
37 9 Car -1.000000 -1 -1 376.485114 182.85801 480.641198 233.731525 -1 -1 -1 -1 -1 -1 -1 -1 1 
37 39 Car -1.000000 -1 -1 580.2702618201324 178.739929967045 607.1633533615577 199.47013786933772 -1 -1 -1 -1 -1 -1 -1 -1 1 
37 40 Car -1.000000 -1 -1 557.3597309999999 179.243081 588.5561189999999 203.322034 -1 -1 -1 -1 -1 -1 -1 -1 1 
38 3 Car -1.000000 -1 -1 640.611571 178.271723 690.800034 227.571539 -1 -1 -1 -1 -1 -1 -1 -1 1 
38 8 Car -1.000000 -1 -1 -55.37429015222001 187.27016520519823 96.90569245595277 334.9613898380899 -1 -1 -1 -1 -1 -1 -1 -1 1 
38 9 Car -1.000000 -1 -1 328.378801 184.527467 446.117 239.688473 -1 -1 -1 -1 -1 -1 -1 -1 1 
38 40 Car -1.000000 -1 -1 554.8568313298973 178.97153467372507 582.159959870965 200.04547721324326 -1 -1 -1 -1 -1 -1 -1 -1 1 
38 41 Car -1.000000 -1 -1 530.114446 179.634305 561.823055 204.220495 -1 -1 -1 -1 -1 -1 -1 -1 1 
39 3 Car -1.000000 -1 -1 622.494788 178.29359399999998 671.644354 226.69141799999997 -1 -1 -1 -1 -1 -1 -1 -1 1 
39 9 Car -1.000000 -1 -1 284.046657 185.158952 414.313439 245.111731 -1 -1 -1 -1 -1 -1 -1 -1 1 
39 41 Car -1.000000 -1 -1 530.9249952041735 179.14578624629755 558.4926838134757 200.52119827985354 -1 -1 -1 -1 -1 -1 -1 -1 1 
39 42 Car -1.000000 -1 -1 507.99390700000004 180.569729 540.001409 205.786866 -1 -1 -1 -1 -1 -1 -1 -1 1 
40 3 Car -1.000000 -1 -1 605.0332559999999 178.31471599999998 653.2098259999999 225.84212599999998 -1 -1 -1 -1 -1 -1 -1 -1 1 
40 9 Car -1.000000 -1 -1 231.60746499999996 185.87901699999998 378.032521 251.52945099999997 -1 -1 -1 -1 -1 -1 -1 -1 1 
40 42 Car -1.000000 -1 -1 513.1273292806486 180.58729917570798 540.649394510388 202.27058826279077 -1 -1 -1 -1 -1 -1 -1 -1 1 
40 43 Car -1.000000 -1 -1 488.7528080000001 180.52349599999997 520.8855840000001 206.34341599999996 -1 -1 -1 -1 -1 -1 -1 -1 1 
41 3 Car -1.000000 -1 -1 593.5724770000002 178.945672 640.8680820000001 225.648435 -1 -1 -1 -1 -1 -1 -1 -1 1 
41 9 Car -1.000000 -1 -1 175.09846800000003 186.349784 345.002965 258.917744 -1 -1 -1 -1 -1 -1 -1 -1 1 
41 43 Car -1.000000 -1 -1 491.571091 182.658242 522.059504 202.013074 -1 -1 -1 -1 -1 -1 -1 -1 1 
41 44 Car -1.000000 -1 -1 470.59818800000005 181.137839 504.2364830000001 207.650179 -1 -1 -1 -1 -1 -1 -1 -1 1 
42 3 Car -1.000000 -1 -1 582.5068349999999 179.554046 628.9646469999999 225.460614 -1 -1 -1 -1 -1 -1 -1 -1 1 
42 9 Car -1.000000 -1 -1 111.25243999999999 188.579992 310.629319 270.289564 -1 -1 -1 -1 -1 -1 -1 -1 1 
42 43 Car -1.000000 -1 -1 500.1278225409387 183.4314722653794 522.4165252109045 197.58091208413845 -1 -1 -1 -1 -1 -1 -1 -1 1 
42 44 Car -1.000000 -1 -1 477.923065 183.53463299999999 509.942161 203.31160199999997 -1 -1 -1 -1 -1 -1 -1 -1 1 
42 45 Car -1.000000 -1 -1 346.654221 185.35574400000002 425.270974 231.27460600000003 -1 -1 -1 -1 -1 -1 -1 -1 1 
43 3 Car -1.000000 -1 -1 575.816771 180.27455499999996 621.632013 225.56218599999997 -1 -1 -1 -1 -1 -1 -1 -1 1 
43 9 Car -1.000000 -1 -1 38.58441100000002 191.161362 275.497028 284.54468 -1 -1 -1 -1 -1 -1 -1 -1 1 
43 44 Car -1.000000 -1 -1 490.82607075634394 184.43860298447706 513.7638879836271 198.60640912466687 -1 -1 -1 -1 -1 -1 -1 -1 1 
43 45 Car -1.000000 -1 -1 321.845676 186.35391499999997 408.270965 235.36574499999998 -1 -1 -1 -1 -1 -1 -1 -1 1 
43 46 Car -1.000000 -1 -1 399.464371 183.55490599999996 455.792791 220.27935699999998 -1 -1 -1 -1 -1 -1 -1 -1 1 
44 3 Car -1.000000 -1 -1 572.5268280000001 180.589123 617.7199030000002 225.289095 -1 -1 -1 -1 -1 -1 -1 -1 1 
44 9 Car -1.000000 -1 -1 0.0 193.40659699999998 240.277441 300.5704539999999 -1 -1 -1 -1 -1 -1 -1 -1 1 
44 45 Car -1.000000 -1 -1 301.299937 186.779425 395.844839 239.161346 -1 -1 -1 -1 -1 -1 -1 -1 1 
44 46 Car -1.000000 -1 -1 384.41713 183.97992599999998 444.963547 222.40134599999996 -1 -1 -1 -1 -1 -1 -1 -1 1 
44 47 Car -1.000000 -1 -1 437.897866 182.693384 475.170882 211.761384 -1 -1 -1 -1 -1 -1 -1 -1 1 
45 3 Car -1.000000 -1 -1 569.328201 180.88444100000004 613.912487 225.02250900000004 -1 -1 -1 -1 -1 -1 -1 -1 1 
45 9 Car -1.000000 -1 -1 0.0 196.136458 197.442242 318.80991 -1 -1 -1 -1 -1 -1 -1 -1 1 
45 45 Car -1.000000 -1 -1 277.798298 187.25615499999998 381.921983 243.50344699999997 -1 -1 -1 -1 -1 -1 -1 -1 1 
45 46 Car -1.000000 -1 -1 372.626418 185.00133 436.716397 225.327361 -1 -1 -1 -1 -1 -1 -1 -1 1 
45 47 Car -1.000000 -1 -1 428.207269 183.02935000000002 466.798541 213.09149800000003 -1 -1 -1 -1 -1 -1 -1 -1 1 
45 48 Car -1.000000 -1 -1 456.59363500000006 185.802685 492.18647200000004 207.041558 -1 -1 -1 -1 -1 -1 -1 -1 1 
46 3 Car -1.000000 -1 -1 568.894614 180.578716 612.900064 224.10314 -1 -1 -1 -1 -1 -1 -1 -1 1 
46 9 Car -1.000000 -1 -1 0.0 199.52688200000003 144.223259 319.90618600000005 -1 -1 -1 -1 -1 -1 -1 -1 1 
46 45 Car -1.000000 -1 -1 250.65342399999997 187.793943 366.214649 248.519234 -1 -1 -1 -1 -1 -1 -1 -1 1 
46 46 Car -1.000000 -1 -1 359.707115 186.106987 427.788107 228.533735 -1 -1 -1 -1 -1 -1 -1 -1 1 
46 47 Car -1.000000 -1 -1 422.50795 183.300501 462.982946 214.453426 -1 -1 -1 -1 -1 -1 -1 -1 1 
46 48 Car -1.000000 -1 -1 452.25685 186.382667 488.90998 208.134013 -1 -1 -1 -1 -1 -1 -1 -1 1 
47 3 Car -1.000000 -1 -1 568.472162 180.242885 611.913606 223.207395 -1 -1 -1 -1 -1 -1 -1 -1 1 
47 9 Car -1.000000 -1 -1 -42.773859374806854 200.4091346310725 106.43928123660518 324.9559669663331 -1 -1 -1 -1 -1 -1 -1 -1 1 
47 45 Car -1.000000 -1 -1 218.946955 188.405324 348.356269 254.378682 -1 -1 -1 -1 -1 -1 -1 -1 1 
47 46 Car -1.000000 -1 -1 345.488975 187.307773 418.090704 232.062783 -1 -1 -1 -1 -1 -1 -1 -1 1 
47 47 Car -1.000000 -1 -1 416.39082500000006 183.589846 458.91111900000004 215.915267 -1 -1 -1 -1 -1 -1 -1 -1 1 
47 48 Car -1.000000 -1 -1 449.731934 186.652508 487.119671 208.874425 -1 -1 -1 -1 -1 -1 -1 -1 1 
48 3 Car -1.000000 -1 -1 568.0604209999999 179.915552 610.9521249999999 222.334374 -1 -1 -1 -1 -1 -1 -1 -1 1 
48 45 Car -1.000000 -1 -1 181.42359500000003 189.106513 327.87251000000003 261.314187 -1 -1 -1 -1 -1 -1 -1 -1 1 
48 46 Car -1.000000 -1 -1 331.38568 187.81086500000004 409.264245 235.29250600000003 -1 -1 -1 -1 -1 -1 -1 -1 1 
48 47 Car -1.000000 -1 -1 409.808189 183.899278 454.556363 217.488435 -1 -1 -1 -1 -1 -1 -1 -1 1 
48 48 Car -1.000000 -1 -1 447.101139 186.932678 485.260679 209.645936 -1 -1 -1 -1 -1 -1 -1 -1 1 
49 3 Car -1.000000 -1 -1 568.222651 180.36363 610.603279 222.277234 -1 -1 -1 -1 -1 -1 -1 -1 1 
49 45 Car -1.000000 -1 -1 136.320903 189.91886600000004 304.138498 269.65214100000003 -1 -1 -1 -1 -1 -1 -1 -1 1 
49 46 Car -1.000000 -1 -1 315.514223 188.367007 399.506049 238.927557 -1 -1 -1 -1 -1 -1 -1 -1 1 
49 47 Car -1.000000 -1 -1 402.704793 184.23096699999996 449.888139 219.18614799999997 -1 -1 -1 -1 -1 -1 -1 -1 1 
49 48 Car -1.000000 -1 -1 444.35765100000003 187.223783 483.32898000000006 210.450548 -1 -1 -1 -1 -1 -1 -1 -1 1 
50 3 Car -1.000000 -1 -1 568.381058 180.777513 610.262644 222.221441 -1 -1 -1 -1 -1 -1 -1 -1 1 
50 45 Car -1.000000 -1 -1 81.08447599999998 190.87109499999997 276.313972 279.86578 -1 -1 -1 -1 -1 -1 -1 -1 1 
50 46 Car -1.000000 -1 -1 297.519726 188.985056 388.660443 243.04935 -1 -1 -1 -1 -1 -1 -1 -1 1 
50 47 Car -1.000000 -1 -1 395.01627800000006 184.587401 444.87134900000007 221.023806 -1 -1 -1 -1 -1 -1 -1 -1 1 
50 48 Car -1.000000 -1 -1 441.494062 187.526475 481.320233 211.290437 -1 -1 -1 -1 -1 -1 -1 -1 1 
51 3 Car -1.000000 -1 -1 568.535775 181.15804399999996 609.929933 222.16694899999996 -1 -1 -1 -1 -1 -1 -1 -1 1 
51 45 Car -1.000000 -1 -1 8.877078999999995 192.88263999999998 242.48745299999996 295.0904479999999 -1 -1 -1 -1 -1 -1 -1 -1 1 
51 46 Car -1.000000 -1 -1 276.94553599999995 189.675959 376.53503599999993 247.762661 -1 -1 -1 -1 -1 -1 -1 -1 1 
51 47 Car -1.000000 -1 -1 386.176442 184.45072700000003 439.075453 222.57285100000004 -1 -1 -1 -1 -1 -1 -1 -1 1 
51 48 Car -1.000000 -1 -1 438.502299 187.84146100000004 479.229742 212.16797500000004 -1 -1 -1 -1 -1 -1 -1 -1 1 
52 3 Car -1.000000 -1 -1 569.48744 180.280105 610.342704 220.683608 -1 -1 -1 -1 -1 -1 -1 -1 1 
52 45 Car -1.000000 -1 -1 0.0 195.359397 200.827921 314.154093 -1 -1 -1 -1 -1 -1 -1 -1 1 
52 46 Car -1.000000 -1 -1 253.193921 190.453404 362.889196 253.204666 -1 -1 -1 -1 -1 -1 -1 -1 1 
52 47 Car -1.000000 -1 -1 376.47156699999994 184.302081 432.77156599999995 224.273569 -1 -1 -1 -1 -1 -1 -1 -1 1 
52 48 Car -1.000000 -1 -1 434.923405 187.97695200000004 476.798227 213.03788900000004 -1 -1 -1 -1 -1 -1 -1 -1 1 
53 3 Car -1.000000 -1 -1 570.414655 179.356002 610.744883 219.238398 -1 -1 -1 -1 -1 -1 -1 -1 1 
53 45 Car -1.000000 -1 -1 0.0 198.48385499999998 148.258643 324.814445 -1 -1 -1 -1 -1 -1 -1 -1 1 
53 46 Car -1.000000 -1 -1 221.719789 190.86010599999997 345.917871 259.576505 -1 -1 -1 -1 -1 -1 -1 -1 1 
53 47 Car -1.000000 -1 -1 365.768142 184.139817 425.889841 226.149384 -1 -1 -1 -1 -1 -1 -1 -1 1 
53 48 Car -1.000000 -1 -1 431.125895 188.119915 474.232345 213.96104 -1 -1 -1 -1 -1 -1 -1 -1 1 
54 3 Car -1.000000 -1 -1 571.062885 179.520705 610.911821 218.927246 -1 -1 -1 -1 -1 -1 -1 -1 1 
54 45 Car -1.000000 -1 -1 -7.105427357601002e-15 202.54831600000003 79.84877800000001 326.23318800000004 -1 -1 -1 -1 -1 -1 -1 -1 1 
54 46 Car -1.000000 -1 -1 183.765062 191.332492 326.203347 267.261693 -1 -1 -1 -1 -1 -1 -1 -1 1 
54 47 Car -1.000000 -1 -1 353.903694 183.961975 418.347016 228.228802 -1 -1 -1 -1 -1 -1 -1 -1 1 
54 48 Car -1.000000 -1 -1 427.089069 188.270987 471.52067 214.94247 -1 -1 -1 -1 -1 -1 -1 -1 1 
55 3 Car -1.000000 -1 -1 571.695826 179.68153 611.074826 218.623436 -1 -1 -1 -1 -1 -1 -1 -1 1 
55 45 Car -1.000000 -1 -1 -26.94944264934135 203.71579099395967 56.299785358714516 332.6712660710398 -1 -1 -1 -1 -1 -1 -1 -1 1 
55 46 Car -1.000000 -1 -1 137.09846799999997 191.887873 303.02203899999995 276.712945 -1 -1 -1 -1 -1 -1 -1 -1 1 
55 47 Car -1.000000 -1 -1 340.678478 183.76619800000003 410.043022 230.54687600000003 -1 -1 -1 -1 -1 -1 -1 -1 1 
55 48 Car -1.000000 -1 -1 422.789529 188.430876 468.650445 215.987879 -1 -1 -1 -1 -1 -1 -1 -1 1 
56 3 Car -1.000000 -1 -1 572.333289 181.63667399999997 611.25438 220.25175899999996 -1 -1 -1 -1 -1 -1 -1 -1 1 
56 46 Car -1.000000 -1 -1 78.331657 192.550227 275.371356 288.618049 -1 -1 -1 -1 -1 -1 -1 -1 1 
56 47 Car -1.000000 -1 -1 325.189621 185.23739 400.987888 235.163131 -1 -1 -1 -1 -1 -1 -1 -1 1 
56 48 Car -1.000000 -1 -1 418.200726 188.600378 465.607379 217.103734 -1 -1 -1 -1 -1 -1 -1 -1 1 
57 3 Car -1.000000 -1 -1 572.956099 183.45851 611.429812 221.842631 -1 -1 -1 -1 -1 -1 -1 -1 1 
57 46 Car -1.000000 -1 -1 2.0573789999999974 193.35375500000004 241.820846 304.07522500000005 -1 -1 -1 -1 -1 -1 -1 -1 1 
57 47 Car -1.000000 -1 -1 307.6427749999999 186.879459 390.87810599999995 240.393856 -1 -1 -1 -1 -1 -1 -1 -1 1 
57 48 Car -1.000000 -1 -1 412.1345160000001 188.909022 462.0929320000001 218.550999 -1 -1 -1 -1 -1 -1 -1 -1 1 
58 3 Car -1.000000 -1 -1 573.564756 185.24322900000004 611.601261 223.39732900000004 -1 -1 -1 -1 -1 -1 -1 -1 1 
58 46 Car -1.000000 -1 -1 0.0 193.14673000000002 198.150242 322.346625 -1 -1 -1 -1 -1 -1 -1 -1 1 
58 47 Car -1.000000 -1 -1 287.598206 188.72403 379.518327 246.370463 -1 -1 -1 -1 -1 -1 -1 -1 1 
58 48 Car -1.000000 -1 -1 405.582272 189.23976900000002 458.326485 220.11433100000002 -1 -1 -1 -1 -1 -1 -1 -1 1 
59 3 Car -1.000000 -1 -1 575.2978519999999 183.81227 612.8995959999999 221.367434 -1 -1 -1 -1 -1 -1 -1 -1 1 
59 46 Car -1.000000 -1 -1 0.0 192.88128300000002 142.136019 322.749373 -1 -1 -1 -1 -1 -1 -1 -1 1 
59 47 Car -1.000000 -1 -1 263.489425 187.686266 364.903102 249.880537 -1 -1 -1 -1 -1 -1 -1 -1 1 
59 48 Car -1.000000 -1 -1 398.483114 189.595082 454.279953 221.808276 -1 -1 -1 -1 -1 -1 -1 -1 1 
60 3 Car -1.000000 -1 -1 576.9918539999999 182.41031600000002 614.1686779999999 219.38335300000003 -1 -1 -1 -1 -1 -1 -1 -1 1 
60 46 Car -1.000000 -1 -1 -7.105427357601002e-15 192.528615 67.68349599999999 320.039063 -1 -1 -1 -1 -1 -1 -1 -1 1 
60 47 Car -1.000000 -1 -1 235.067068 186.49422100000004 348.111189 254.01932100000002 -1 -1 -1 -1 -1 -1 -1 -1 1 
60 48 Car -1.000000 -1 -1 390.746711 187.73413899999997 449.902398 221.09971999999996 -1 -1 -1 -1 -1 -1 -1 -1 1 
61 3 Car -1.000000 -1 -1 578.64807 181.036497 615.409483 217.443552 -1 -1 -1 -1 -1 -1 -1 -1 1 
61 46 Car -1.000000 -1 -1 -22.48949514767144 193.03740192733707 47.675880976765505 325.22893880018125 -1 -1 -1 -1 -1 -1 -1 -1 1 
61 47 Car -1.000000 -1 -1 201.05929000000003 185.110707 328.617474 258.97238 -1 -1 -1 -1 -1 -1 -1 -1 1 
61 48 Car -1.000000 -1 -1 382.30630799999994 185.72409 445.17354599999993 220.326566 -1 -1 -1 -1 -1 -1 -1 -1 1 
62 3 Car -1.000000 -1 -1 580.267749 179.593364 616.622945 215.546566 -1 -1 -1 -1 -1 -1 -1 -1 1 
62 47 Car -1.000000 -1 -1 157.11859000000004 185.787506 305.127344 268.118842 -1 -1 -1 -1 -1 -1 -1 -1 1 
62 48 Car -1.000000 -1 -1 373.63767500000006 185.393819 440.49082500000003 221.563882 -1 -1 -1 -1 -1 -1 -1 -1 1 
63 3 Car -1.000000 -1 -1 581.8520869999999 178.13271100000003 617.8099589999999 213.69099200000002 -1 -1 -1 -1 -1 -1 -1 -1 1 
63 47 Car -1.000000 -1 -1 102.06657800000002 186.599429 276.942182 279.581315 -1 -1 -1 -1 -1 -1 -1 -1 1 
63 48 Car -1.000000 -1 -1 364.122082 185.035466 435.409229 222.922184 -1 -1 -1 -1 -1 -1 -1 -1 1 
64 3 Car -1.000000 -1 -1 583.649833 179.482255 619.208798 214.648953 -1 -1 -1 -1 -1 -1 -1 -1 1 
64 47 Car -1.000000 -1 -1 31.078418999999997 187.591427 242.498242 294.366981 -1 -1 -1 -1 -1 -1 -1 -1 1 
64 48 Car -1.000000 -1 -1 351.32156 187.09436599999998 428.494435 227.63830399999998 -1 -1 -1 -1 -1 -1 -1 -1 1 
65 3 Car -1.000000 -1 -1 585.4082089999999 180.780949 620.5770349999999 215.585925 -1 -1 -1 -1 -1 -1 -1 -1 1 
65 47 Car -1.000000 -1 -1 0.0 188.83088299999997 199.450602 313.284444 -1 -1 -1 -1 -1 -1 -1 -1 1 
65 48 Car -1.000000 -1 -1 336.857061 189.382161 420.81005 232.96804 -1 -1 -1 -1 -1 -1 -1 -1 1 
66 3 Car -1.000000 -1 -1 587.1284949999999 181.95102400000002 621.9156649999999 216.50259100000002 -1 -1 -1 -1 -1 -1 -1 -1 1 
66 47 Car -1.000000 -1 -1 0.0 190.423581 144.115821 327.351036 -1 -1 -1 -1 -1 -1 -1 -1 1 
66 48 Car -1.000000 -1 -1 320.381489 191.93927300000001 412.22009 239.03947300000002 -1 -1 -1 -1 -1 -1 -1 -1 1 
67 3 Car -1.000000 -1 -1 588.249891 178.33065 622.662044 212.362617 -1 -1 -1 -1 -1 -1 -1 -1 1 
67 47 Car -1.000000 -1 -1 0.0 192.54562899999996 70.357722 328.336824 -1 -1 -1 -1 -1 -1 -1 -1 1 
67 48 Car -1.000000 -1 -1 299.185912 189.73487699999998 401.661034 240.08379599999998 -1 -1 -1 -1 -1 -1 -1 -1 1 
68 3 Car -1.000000 -1 -1 589.347389 174.6476 623.392533 208.310913 -1 -1 -1 -1 -1 -1 -1 -1 1 
68 47 Car -1.000000 -1 -1 -20.71871057672804 192.98989875725755 52.165373581972645 333.6635217884117 -1 -1 -1 -1 -1 -1 -1 -1 1 
68 48 Car -1.000000 -1 -1 274.402034 187.21962 389.606397 241.304658 -1 -1 -1 -1 -1 -1 -1 -1 1 
69 3 Car -1.000000 -1 -1 590.4234779999999 171.415893 624.1022279999999 204.712006 -1 -1 -1 -1 -1 -1 -1 -1 1 
69 48 Car -1.000000 -1 -1 245.03328299999998 184.322643 375.71497 242.751135 -1 -1 -1 -1 -1 -1 -1 -1 1 
70 3 Car -1.000000 -1 -1 590.7539489999999 172.886863 624.0776239999999 205.833938 -1 -1 -1 -1 -1 -1 -1 -1 1 
70 48 Car -1.000000 -1 -1 206.842785 188.803177 355.998367 254.421628 -1 -1 -1 -1 -1 -1 -1 -1 1 
71 3 Car -1.000000 -1 -1 590.83581 177.151796 623.813603 209.763001 -1 -1 -1 -1 -1 -1 -1 -1 1 
71 48 Car -1.000000 -1 -1 159.881081 194.081524 332.768216 268.775195 -1 -1 -1 -1 -1 -1 -1 -1 1 
72 3 Car -1.000000 -1 -1 590.915988 181.261971 623.555006 213.611234 -1 -1 -1 -1 -1 -1 -1 -1 1 
72 48 Car -1.000000 -1 -1 100.73443099999999 200.39160099999998 304.993472 286.85727499999996 -1 -1 -1 -1 -1 -1 -1 -1 1 
73 3 Car -1.000000 -1 -1 590.47611 181.51413099999996 622.782249 213.55756799999997 -1 -1 -1 -1 -1 -1 -1 -1 1 
73 48 Car -1.000000 -1 -1 19.600704000000007 201.02358499999997 271.678451 301.0395669999999 -1 -1 -1 -1 -1 -1 -1 -1 1 
74 3 Car -1.000000 -1 -1 589.8051070000001 180.058002 621.7846000000001 211.684367 -1 -1 -1 -1 -1 -1 -1 -1 1 
74 48 Car -1.000000 -1 -1 1.4210854715202004e-14 202.56548100000003 225.27265999999997 321.94982400000004 -1 -1 -1 -1 -1 -1 -1 -1 1 
75 3 Car -1.000000 -1 -1 589.147565 178.541961 620.806946 209.848761 -1 -1 -1 -1 -1 -1 -1 -1 1 
75 48 Car -1.000000 -1 -1 0.0 204.56166000000002 165.186247 330.6501870000001 -1 -1 -1 -1 -1 -1 -1 -1 1 
76 3 Car -1.000000 -1 -1 588.263412 178.866559 619.61023 209.86386 -1 -1 -1 -1 -1 -1 -1 -1 1 
76 48 Car -1.000000 -1 -1 0.0 207.24669099999997 84.34730099999999 328.563843 -1 -1 -1 -1 -1 -1 -1 -1 1 
77 3 Car -1.000000 -1 -1 587.396588 179.184803 618.436947 209.878663 -1 -1 -1 -1 -1 -1 -1 -1 1 
77 48 Car -1.000000 -1 -1 -19.69109358017619 208.20660707107356 67.53823386462633 333.6758039433731 -1 -1 -1 -1 -1 -1 -1 -1 1 
78 3 Car -1.000000 -1 -1 586.546589 179.49688 617.286416 209.893178 -1 -1 -1 -1 -1 -1 -1 -1 1 
79 3 Car -1.000000 -1 -1 585.1599749999999 179.29190899999998 615.6351359999999 209.42518099999998 -1 -1 -1 -1 -1 -1 -1 -1 1 
80 3 Car -1.000000 -1 -1 583.797117 179.090445 614.012122 208.965205 -1 -1 -1 -1 -1 -1 -1 -1 1 
81 3 Car -1.000000 -1 -1 582.427303 175.93512000000004 612.385277 205.55050300000002 -1 -1 -1 -1 -1 -1 -1 -1 1 
82 3 Car -1.000000 -1 -1 581.080678 172.83313699999997 610.785946 202.19362799999996 -1 -1 -1 -1 -1 -1 -1 -1 1 
83 3 Car -1.000000 -1 -1 579.756656 169.78315600000002 609.213436 198.89312400000003 -1 -1 -1 -1 -1 -1 -1 -1 1 
84 3 Car -1.000000 -1 -1 578.51559 170.520692 607.73364 199.394891 -1 -1 -1 -1 -1 -1 -1 -1 1 
85 3 Car -1.000000 -1 -1 577.2945419999999 171.246347 606.2776909999999 199.888561 -1 -1 -1 -1 -1 -1 -1 -1 1 
86 3 Car -1.000000 -1 -1 576.093031 171.96040700000003 604.845017 200.37432900000002 -1 -1 -1 -1 -1 -1 -1 -1 1 
87 3 Car -1.000000 -1 -1 576.339088 174.47986000000003 604.862435 202.67092900000003 -1 -1 -1 -1 -1 -1 -1 -1 1 
88 3 Car -1.000000 -1 -1 576.581263 176.959605 604.879578 204.931273 -1 -1 -1 -1 -1 -1 -1 -1 1 
89 3 Car -1.000000 -1 -1 576.625057 177.851461 604.775108 205.677556 -1 -1 -1 -1 -1 -1 -1 -1 1 
90 3 Car -1.000000 -1 -1 576.6683929999999 178.73403 604.6717259999999 206.416052 -1 -1 -1 -1 -1 -1 -1 -1 1 
91 3 Car -1.000000 -1 -1 576.7112810000001 179.60745499999996 604.5694160000002 207.14688299999997 -1 -1 -1 -1 -1 -1 -1 -1 1 
92 3 Car -1.000000 -1 -1 576.753725 180.471877 604.46816 207.870167 -1 -1 -1 -1 -1 -1 -1 -1 1 
93 3 Car -1.000000 -1 -1 576.795734 181.268955 604.367943 208.58602 -1 -1 -1 -1 -1 -1 -1 -1 1 
94 3 Car -1.000000 -1 -1 577.245079 182.137989 604.67605 209.387537 -1 -1 -1 -1 -1 -1 -1 -1 1 
95 3 Car -1.000000 -1 -1 577.6898479999999 182.99885 604.9810219999999 210.180886 -1 -1 -1 -1 -1 -1 -1 -1 1 
96 3 Car -1.000000 -1 -1 578.335655 182.191087 605.487485 209.167966 -1 -1 -1 -1 -1 -1 -1 -1 1 
97 3 Car -1.000000 -1 -1 578.974909 181.390899 605.988814 208.165329 -1 -1 -1 -1 -1 -1 -1 -1 1 
98 3 Car -1.000000 -1 -1 579.607709 180.59817799999996 606.485086 207.17281899999998 -1 -1 -1 -1 -1 -1 -1 -1 1 
99 3 Car -1.000000 -1 -1 580.3286799999998 179.880288 607.1422899999999 206.387811 -1 -1 -1 -1 -1 -1 -1 -1 1 
100 3 Car -1.000000 -1 -1 581.046249 179.162357 607.796398 205.606509 -1 -1 -1 -1 -1 -1 -1 -1 1 
101 3 Car -1.000000 -1 -1 581.760442 178.44779800000003 608.447433 204.82888500000004 -1 -1 -1 -1 -1 -1 -1 -1 1 
102 3 Car -1.000000 -1 -1 582.4712810000001 177.736587 609.0954170000001 204.054915 -1 -1 -1 -1 -1 -1 -1 -1 1 
103 3 Car -1.000000 -1 -1 583.17879 177.028701 609.74037 203.284571 -1 -1 -1 -1 -1 -1 -1 -1 1 
104 3 Car -1.000000 -1 -1 583.880857 176.114834 610.3801 202.308233 -1 -1 -1 -1 -1 -1 -1 -1 1 
105 3 Car -1.000000 -1 -1 584.5796480000001 175.205224 611.0168480000001 201.336455 -1 -1 -1 -1 -1 -1 -1 -1 1 
106 3 Car -1.000000 -1 -1 585.275183 174.299842 611.650635 200.369206 -1 -1 -1 -1 -1 -1 -1 -1 1 
107 3 Car -1.000000 -1 -1 585.967486 173.398659 612.281482 199.406453 -1 -1 -1 -1 -1 -1 -1 -1 1 
108 3 Car -1.000000 -1 -1 586.6565800000001 172.501646 612.9094100000001 198.448165 -1 -1 -1 -1 -1 -1 -1 -1 1 
109 3 Car -1.000000 -1 -1 586.8833389999999 172.68467099999998 613.1169169999998 198.61239699999996 -1 -1 -1 -1 -1 -1 -1 -1 1 
110 3 Car -1.000000 -1 -1 587.1097669999999 172.86742900000002 613.3241219999999 198.77638800000003 -1 -1 -1 -1 -1 -1 -1 -1 1 
111 3 Car -1.000000 -1 -1 587.335863 173.04992199999998 613.531025 198.94013899999996 -1 -1 -1 -1 -1 -1 -1 -1 1 
112 3 Car -1.000000 -1 -1 587.0073909999999 173.855485 613.1842149999999 199.728291 -1 -1 -1 -1 -1 -1 -1 -1 1 
113 3 Car -1.000000 -1 -1 586.679383 174.659917 612.837891 200.515329 -1 -1 -1 -1 -1 -1 -1 -1 1 
114 3 Car -1.000000 -1 -1 586.492612 176.593945 612.633115 202.433527 -1 -1 -1 -1 -1 -1 -1 -1 1 
115 3 Car -1.000000 -1 -1 586.3060989999999 178.52531 612.4286209999999 204.349067 -1 -1 -1 -1 -1 -1 -1 -1 1 
116 3 Car -1.000000 -1 -1 586.119844 180.45401499999997 612.224409 206.26195499999997 -1 -1 -1 -1 -1 -1 -1 -1 1 
116 49 Car -1.000000 -1 -1 466.357837 182.669353 497.487113 205.793411 -1 -1 -1 -1 -1 -1 -1 -1 1 
116 50 Car -1.000000 -1 -1 439.5412 180.08778 468.895582 205.719669 -1 -1 -1 -1 -1 -1 -1 -1 1 
117 3 Car -1.000000 -1 -1 585.900919 179.160664 611.986343 204.948174 -1 -1 -1 -1 -1 -1 -1 -1 1 
117 49 Car -1.000000 -1 -1 459.192495 182.07223199999999 492.572605 206.50279099999997 -1 -1 -1 -1 -1 -1 -1 -1 1 
117 50 Car -1.000000 -1 -1 433.105721 179.038396 464.696791 205.842182 -1 -1 -1 -1 -1 -1 -1 -1 1 
118 3 Car -1.000000 -1 -1 585.6823170000001 177.869212 611.7486270000002 203.636331 -1 -1 -1 -1 -1 -1 -1 -1 1 
118 49 Car -1.000000 -1 -1 451.13573599999995 181.40667000000002 487.0946149999999 207.30045500000003 -1 -1 -1 -1 -1 -1 -1 -1 1 
118 50 Car -1.000000 -1 -1 426.055282 177.88761900000003 460.118045 205.97629600000002 -1 -1 -1 -1 -1 -1 -1 -1 1 
119 3 Car -1.000000 -1 -1 585.873695 178.500828 611.945194 204.273763 -1 -1 -1 -1 -1 -1 -1 -1 1 
119 49 Car -1.000000 -1 -1 442.010178 180.660187 480.950342 208.203979 -1 -1 -1 -1 -1 -1 -1 -1 1 
119 50 Car -1.000000 -1 -1 418.29707900000005 176.620021 455.10554500000006 206.123763 -1 -1 -1 -1 -1 -1 -1 -1 1 
120 3 Car -1.000000 -1 -1 586.065151 179.1327 612.141842 204.91145 -1 -1 -1 -1 -1 -1 -1 -1 1 
120 49 Car -1.000000 -1 -1 432.574203 181.322635 474.402154 210.833457 -1 -1 -1 -1 -1 -1 -1 -1 1 
120 50 Car -1.000000 -1 -1 410.13641099999995 176.40083000000004 448.46078499999993 207.48873800000004 -1 -1 -1 -1 -1 -1 -1 -1 1 
121 3 Car -1.000000 -1 -1 586.2566819999998 179.76482899999996 612.3385679999999 205.54939199999998 -1 -1 -1 -1 -1 -1 -1 -1 1 
121 49 Car -1.000000 -1 -1 421.736407 182.073832 466.975489 213.853984 -1 -1 -1 -1 -1 -1 -1 -1 1 
121 50 Car -1.000000 -1 -1 401.055576 176.157245 441.124029 209.008491 -1 -1 -1 -1 -1 -1 -1 -1 1 
121 51 Car -1.000000 -1 -1 489.605822 173.88748899999996 513.690629 198.09388699999997 -1 -1 -1 -1 -1 -1 -1 -1 1 
122 3 Car -1.000000 -1 -1 586.5352149999999 177.493404 612.6210949999999 203.279579 -1 -1 -1 -1 -1 -1 -1 -1 1 
122 49 Car -1.000000 -1 -1 408.647995 180.528552 458.021372 214.695486 -1 -1 -1 -1 -1 -1 -1 -1 1 
122 50 Car -1.000000 -1 -1 390.708982 174.405152 434.479727 209.216068 -1 -1 -1 -1 -1 -1 -1 -1 1 
122 51 Car -1.000000 -1 -1 486.517083 172.442788 511.885059 197.674916 -1 -1 -1 -1 -1 -1 -1 -1 1 
123 3 Car -1.000000 -1 -1 586.813834 175.221264 612.903711 201.009065 -1 -1 -1 -1 -1 -1 -1 -1 1 
123 49 Car -1.000000 -1 -1 391.457052 178.729456 447.887437 216.145945 -1 -1 -1 -1 -1 -1 -1 -1 1 
123 50 Car -1.000000 -1 -1 379.051183 172.429295 427.059586 209.44983 -1 -1 -1 -1 -1 -1 -1 -1 1 
123 51 Car -1.000000 -1 -1 483.154481 170.87003299999998 509.932713 197.21877499999997 -1 -1 -1 -1 -1 -1 -1 -1 1 
124 3 Car -1.000000 -1 -1 587.297058 175.287418 613.391636 201.080044 -1 -1 -1 -1 -1 -1 -1 -1 1 
124 49 Car -1.000000 -1 -1 370.6570909999999 176.54951999999997 435.86027399999995 217.90113799999997 -1 -1 -1 -1 -1 -1 -1 -1 1 
124 50 Car -1.000000 -1 -1 365.815685 170.18390899999997 418.71962 209.71510499999997 -1 -1 -1 -1 -1 -1 -1 -1 1 
124 51 Car -1.000000 -1 -1 479.47989599999994 169.151407 507.81493699999993 196.720289 -1 -1 -1 -1 -1 -1 -1 -1 1 
125 3 Car -1.000000 -1 -1 587.78046 175.35359699999998 613.879743 201.15104899999997 -1 -1 -1 -1 -1 -1 -1 -1 1 
125 49 Car -1.000000 -1 -1 346.426393 178.27210000000002 420.747765 224.22217500000002 -1 -1 -1 -1 -1 -1 -1 -1 1 
125 50 Car -1.000000 -1 -1 349.628845 170.526289 407.500692 212.776798 -1 -1 -1 -1 -1 -1 -1 -1 1 
125 51 Car -1.000000 -1 -1 475.11615800000004 169.053244 505.18787000000003 197.942524 -1 -1 -1 -1 -1 -1 -1 -1 1 
126 3 Car -1.000000 -1 -1 588.264039 175.419801 614.368032 201.22208 -1 -1 -1 -1 -1 -1 -1 -1 1 
126 49 Car -1.000000 -1 -1 316.140287 180.423567 402.416955 232.124204 -1 -1 -1 -1 -1 -1 -1 -1 1 
126 50 Car -1.000000 -1 -1 331.053504 170.91911900000002 394.803722 216.29056700000004 -1 -1 -1 -1 -1 -1 -1 -1 1 
126 51 Car -1.000000 -1 -1 470.31377699999996 168.94522 502.32173399999994 199.287683 -1 -1 -1 -1 -1 -1 -1 -1 1 
127 3 Car -1.000000 -1 -1 588.747797 175.48602900000003 614.856504 201.29313800000003 -1 -1 -1 -1 -1 -1 -1 -1 1 
127 49 Car -1.000000 -1 -1 275.473108 180.266185 378.518757 239.527707 -1 -1 -1 -1 -1 -1 -1 -1 1 
127 50 Car -1.000000 -1 -1 309.518884 171.374436 380.31603 220.364521 -1 -1 -1 -1 -1 -1 -1 -1 1 
127 51 Car -1.000000 -1 -1 465.003108 168.825768 499.182343 200.77529 -1 -1 -1 -1 -1 -1 -1 -1 1 
128 3 Car -1.000000 -1 -1 589.231732 175.552282 615.345159 201.364221 -1 -1 -1 -1 -1 -1 -1 -1 1 
128 49 Car -1.000000 -1 -1 220.888017 180.05521900000002 347.987264 249.46760700000002 -1 -1 -1 -1 -1 -1 -1 -1 1 
128 50 Car -1.000000 -1 -1 282.441069 170.541474 363.227057 224.379488 -1 -1 -1 -1 -1 -1 -1 -1 1 
128 51 Car -1.000000 -1 -1 459.09894 168.692976 495.728669 202.429238 -1 -1 -1 -1 -1 -1 -1 -1 1 
129 3 Car -1.000000 -1 -1 589.7627279999999 175.047796 615.8904629999998 200.873475 -1 -1 -1 -1 -1 -1 -1 -1 1 
129 49 Car -1.000000 -1 -1 142.220888 180.884616 306.627123 264.860217 -1 -1 -1 -1 -1 -1 -1 -1 1 
129 50 Car -1.000000 -1 -1 249.42460699999998 169.525398 342.88695499999994 229.275907 -1 -1 -1 -1 -1 -1 -1 -1 1 
129 51 Car -1.000000 -1 -1 452.495888 168.544475 491.911036 204.279079 -1 -1 -1 -1 -1 -1 -1 -1 1 
130 3 Car -1.000000 -1 -1 590.294311 174.542751 616.436372 200.382186 -1 -1 -1 -1 -1 -1 -1 -1 1 
130 49 Car -1.000000 -1 -1 22.105936 181.893864 249.19507700000003 288.375337 -1 -1 -1 -1 -1 -1 -1 -1 1 
130 50 Car -1.000000 -1 -1 208.81703599999997 168.748383 318.3020839999999 235.62241 -1 -1 -1 -1 -1 -1 -1 -1 1 
130 51 Car -1.000000 -1 -1 444.153467 167.838026 486.637566 205.829837 -1 -1 -1 -1 -1 -1 -1 -1 1 
131 3 Car -1.000000 -1 -1 590.82648 174.037144 616.982887 199.890355 -1 -1 -1 -1 -1 -1 -1 -1 1 
131 49 Car -1.000000 -1 -1 0.0 183.13167999999996 168.133828 317.860734 -1 -1 -1 -1 -1 -1 -1 -1 1 
131 50 Car -1.000000 -1 -1 157.23506499999996 167.760919 288.158721 243.686103 -1 -1 -1 -1 -1 -1 -1 -1 1 
131 51 Car -1.000000 -1 -1 434.685533 167.036538 480.741189 207.589942 -1 -1 -1 -1 -1 -1 -1 -1 1 
132 3 Car -1.000000 -1 -1 591.359238 173.530977 617.530009 199.397981 -1 -1 -1 -1 -1 -1 -1 -1 1 
132 49 Car -1.000000 -1 -1 -23.1450180765153 183.20701127709538 151.6121774730248 323.244090019871 -1 -1 -1 -1 -1 -1 -1 -1 1 
132 50 Car -1.000000 -1 -1 86.63119899999998 167.634343 247.721695 255.814211 -1 -1 -1 -1 -1 -1 -1 -1 1 
132 51 Car -1.000000 -1 -1 423.84782799999994 166.11944899999997 474.1046129999999 209.60485299999996 -1 -1 -1 -1 -1 -1 -1 -1 1 
133 3 Car -1.000000 -1 -1 591.832559 173.477538 618.017945 199.359026 -1 -1 -1 -1 -1 -1 -1 -1 1 
133 50 Car -1.000000 -1 -1 1.4210854715202004e-14 168.83061499999997 198.00888100000003 272.96222 -1 -1 -1 -1 -1 -1 -1 -1 1 
133 51 Car -1.000000 -1 -1 411.319913 165.059803 466.579132 211.93422 -1 -1 -1 -1 -1 -1 -1 -1 1 
134 3 Car -1.000000 -1 -1 592.306411 173.424039 618.506432 199.320027 -1 -1 -1 -1 -1 -1 -1 -1 1 
134 50 Car -1.000000 -1 -1 0.0 169.10316800000004 132.03581 290.4728630000001 -1 -1 -1 -1 -1 -1 -1 -1 1 
134 51 Car -1.000000 -1 -1 396.672938 163.821561 457.973339 214.657887 -1 -1 -1 -1 -1 -1 -1 -1 1 
135 3 Car -1.000000 -1 -1 592.550526 176.162064 618.766489 202.076598 -1 -1 -1 -1 -1 -1 -1 -1 1 
135 50 Car -1.000000 -1 -1 -22.31402147723304 168.68624617724882 114.94712308037975 294.8598677344262 -1 -1 -1 -1 -1 -1 -1 -1 1 
135 51 Car -1.000000 -1 -1 377.391663 166.241781 448.625098 221.998754 -1 -1 -1 -1 -1 -1 -1 -1 1 
136 3 Car -1.000000 -1 -1 592.794938 178.903438 619.026865 204.836526 -1 -1 -1 -1 -1 -1 -1 -1 1 
136 51 Car -1.000000 -1 -1 354.194117 165.662148 435.996716 227.399295 -1 -1 -1 -1 -1 -1 -1 -1 1 
137 3 Car -1.000000 -1 -1 592.758911 179.583623 619.006274 205.532588 -1 -1 -1 -1 -1 -1 -1 -1 1 
137 51 Car -1.000000 -1 -1 325.428152 164.94354800000002 420.921318 234.09750800000003 -1 -1 -1 -1 -1 -1 -1 -1 1 
138 3 Car -1.000000 -1 -1 592.722841 180.264608 618.985659 206.229466 -1 -1 -1 -1 -1 -1 -1 -1 1 
138 51 Car -1.000000 -1 -1 287.52538 162.594234 401.600481 241.187352 -1 -1 -1 -1 -1 -1 -1 -1 1 
138 53 Car -1.000000 -1 -1 466.612552 185.829944 495.077825 205.965004 -1 -1 -1 -1 -1 -1 -1 -1 1 
139 3 Car -1.000000 -1 -1 592.2200199999999 179.830212 618.5220529999999 205.833725 -1 -1 -1 -1 -1 -1 -1 -1 1 
139 51 Car -1.000000 -1 -1 237.64687000000004 159.50381399999998 377.63481 250.52024499999996 -1 -1 -1 -1 -1 -1 -1 -1 1 
139 53 Car -1.000000 -1 -1 459.788634 185.813602 490.367115 207.044957 -1 -1 -1 -1 -1 -1 -1 -1 1 
140 3 Car -1.000000 -1 -1 591.715686 179.394525 618.057064 205.436789 -1 -1 -1 -1 -1 -1 -1 -1 1 
140 51 Car -1.000000 -1 -1 169.05191199999996 155.25594 347.1205279999999 263.36068 -1 -1 -1 -1 -1 -1 -1 -1 1 
140 53 Car -1.000000 -1 -1 451.378949 185.452383 484.532795 207.953671 -1 -1 -1 -1 -1 -1 -1 -1 1 
141 3 Car -1.000000 -1 -1 591.209834 178.957541 617.590686 205.038653 -1 -1 -1 -1 -1 -1 -1 -1 1 
141 51 Car -1.000000 -1 -1 68.77264299999999 149.05053199999998 306.94881799999996 282.143542 -1 -1 -1 -1 -1 -1 -1 -1 1 
141 53 Car -1.000000 -1 -1 441.87093300000004 185.048154 478.00343300000003 208.981109 -1 -1 -1 -1 -1 -1 -1 -1 1 
142 3 Car -1.000000 -1 -1 590.702456 178.519254 617.122912 204.639313 -1 -1 -1 -1 -1 -1 -1 -1 1 
142 51 Car -1.000000 -1 -1 0.0 138.174101 250.956915 309.064422 -1 -1 -1 -1 -1 -1 -1 -1 1 
142 53 Car -1.000000 -1 -1 431.610394 185.405458 470.999311 211.029461 -1 -1 -1 -1 -1 -1 -1 -1 1 
143 3 Car -1.000000 -1 -1 590.193545 178.079658 616.653737 204.238763 -1 -1 -1 -1 -1 -1 -1 -1 1 
143 51 Car -1.000000 -1 -1 1.4210854715202004e-14 132.806013 169.77855799999998 317.302694 -1 -1 -1 -1 -1 -1 -1 -1 1 
143 53 Car -1.000000 -1 -1 419.809195 183.666473 463.042986 210.993994 -1 -1 -1 -1 -1 -1 -1 -1 1 
144 3 Car -1.000000 -1 -1 590.1067740000001 175.53644099999997 616.6055300000002 201.73117899999997 -1 -1 -1 -1 -1 -1 -1 -1 1 
144 51 Car -1.000000 -1 -1 -20.666666500800716 131.12259408683263 155.25780514666855 322.29942246896763 -1 -1 -1 -1 -1 -1 -1 -1 1 
144 53 Car -1.000000 -1 -1 406.118229 181.679225 453.950363 210.952844 -1 -1 -1 -1 -1 -1 -1 -1 1 
145 3 Car -1.000000 -1 -1 590.0197499999999 172.985828 616.5571779999999 199.216191 -1 -1 -1 -1 -1 -1 -1 -1 1 
145 53 Car -1.000000 -1 -1 390.0625 181.590797 443.477291 213.403183 -1 -1 -1 -1 -1 -1 -1 -1 1 
146 3 Car -1.000000 -1 -1 589.740583 173.056489 616.318054 199.326733 -1 -1 -1 -1 -1 -1 -1 -1 1 
146 53 Car -1.000000 -1 -1 370.943982 181.487635 431.258437 216.321181 -1 -1 -1 -1 -1 -1 -1 -1 1 
147 3 Car -1.000000 -1 -1 589.460568 173.127362 616.078206 199.437611 -1 -1 -1 -1 -1 -1 -1 -1 1 
147 53 Car -1.000000 -1 -1 347.627721 183.16326299999997 416.55932 221.86065899999997 -1 -1 -1 -1 -1 -1 -1 -1 1 
148 3 Car -1.000000 -1 -1 589.1797020000001 173.19844900000004 615.8376320000001 199.54882900000004 -1 -1 -1 -1 -1 -1 -1 -1 1 
148 53 Car -1.000000 -1 -1 318.949791 185.165954 398.989612 228.674744 -1 -1 -1 -1 -1 -1 -1 -1 1 
149 3 Car -1.000000 -1 -1 589.131227 174.861789 615.817315 201.242021 -1 -1 -1 -1 -1 -1 -1 -1 1 
149 53 Car -1.000000 -1 -1 282.820516 187.601822 377.617422 237.260547 -1 -1 -1 -1 -1 -1 -1 -1 1 
150 3 Car -1.000000 -1 -1 589.082649 176.528643 615.796954 202.938791 -1 -1 -1 -1 -1 -1 -1 -1 1 
150 53 Car -1.000000 -1 -1 235.902179 190.628454 351.058558 248.412314 -1 -1 -1 -1 -1 -1 -1 -1 1 
151 3 Car -1.000000 -1 -1 588.4755819999999 175.313313 615.2177529999999 201.749251 -1 -1 -1 -1 -1 -1 -1 -1 1 
151 53 Car -1.000000 -1 -1 172.513708 194.49041899999997 317.164197 263.482436 -1 -1 -1 -1 -1 -1 -1 -1 1 
151 54 Car -1.000000 -1 -1 414.16356500000006 184.290043 460.20808300000004 212.974146 -1 -1 -1 -1 -1 -1 -1 -1 1 
152 3 Car -1.000000 -1 -1 587.846928 172.113461 614.616263 198.572057 -1 -1 -1 -1 -1 -1 -1 -1 1 
152 53 Car -1.000000 -1 -1 80.79804500000002 194.70349999999996 271.45537 278.531609 -1 -1 -1 -1 -1 -1 -1 -1 1 
152 54 Car -1.000000 -1 -1 398.823456 180.467331 449.796351 211.001964 -1 -1 -1 -1 -1 -1 -1 -1 1 
153 3 Car -1.000000 -1 -1 587.217009 168.907173 614.013562 195.38847 -1 -1 -1 -1 -1 -1 -1 -1 1 
153 53 Car -1.000000 -1 -1 -1.4210854715202004e-14 194.998174 208.22580499999998 300.735236 -1 -1 -1 -1 -1 -1 -1 -1 1 
153 54 Car -1.000000 -1 -1 383.234588 178.98722800000002 439.920956 212.16856200000004 -1 -1 -1 -1 -1 -1 -1 -1 1 
154 3 Car -1.000000 -1 -1 587.0552229999998 170.096421 613.8801809999999 196.607183 -1 -1 -1 -1 -1 -1 -1 -1 1 
154 53 Car -1.000000 -1 -1 0.0 195.43240500000002 115.013173 307.293453 -1 -1 -1 -1 -1 -1 -1 -1 1 
154 54 Car -1.000000 -1 -1 362.915358 181.098684 426.851438 217.515275 -1 -1 -1 -1 -1 -1 -1 -1 1 
155 3 Car -1.000000 -1 -1 586.8930949999999 171.288185 613.7465169999999 197.828477 -1 -1 -1 -1 -1 -1 -1 -1 1 
155 53 Car -1.000000 -1 -1 -22.34083283302826 195.87959324306496 97.11611602524813 312.06399903677556 -1 -1 -1 -1 -1 -1 -1 -1 1 
155 54 Car -1.000000 -1 -1 339.181753 183.533745 411.685084 224.099686 -1 -1 -1 -1 -1 -1 -1 -1 1 
155 55 Car -1.000000 -1 -1 448.497828 176.730394 479.092103 201.423907 -1 -1 -1 -1 -1 -1 -1 -1 1 
156 3 Car -1.000000 -1 -1 587.5235249999998 172.057569 614.4042639999999 198.626101 -1 -1 -1 -1 -1 -1 -1 -1 1 
156 54 Car -1.000000 -1 -1 309.961194 186.447936 393.532447 232.207454 -1 -1 -1 -1 -1 -1 -1 -1 1 
156 55 Car -1.000000 -1 -1 442.07215099999996 178.72075 474.83299199999993 204.780866 -1 -1 -1 -1 -1 -1 -1 -1 1 
157 3 Car -1.000000 -1 -1 588.306802 174.635109 615.215437 201.234738 -1 -1 -1 -1 -1 -1 -1 -1 1 
157 54 Car -1.000000 -1 -1 273.102024 189.998109 371.415319 242.436377 -1 -1 -1 -1 -1 -1 -1 -1 1 
157 55 Car -1.000000 -1 -1 434.897641 180.942773 470.117592 208.52923 -1 -1 -1 -1 -1 -1 -1 -1 1 
158 3 Car -1.000000 -1 -1 589.091727 177.218073 616.028318 203.848866 -1 -1 -1 -1 -1 -1 -1 -1 1 
158 54 Car -1.000000 -1 -1 225.15842000000004 194.41796700000003 343.87588700000003 255.74411900000004 -1 -1 -1 -1 -1 -1 -1 -1 1 
158 55 Car -1.000000 -1 -1 426.835285 183.22772600000002 464.868435 212.74169100000003 -1 -1 -1 -1 -1 -1 -1 -1 1 
159 3 Car -1.000000 -1 -1 589.3108160000002 176.423185 616.2574860000001 203.063058 -1 -1 -1 -1 -1 -1 -1 -1 1 
159 54 Car -1.000000 -1 -1 158.66732099999996 195.74969500000003 306.78762099999994 268.75024800000006 -1 -1 -1 -1 -1 -1 -1 -1 1 
159 55 Car -1.000000 -1 -1 416.783439 182.227204 458.149513 213.589283 -1 -1 -1 -1 -1 -1 -1 -1 1 
159 56 Car -1.000000 -1 -1 552.6128389999999 179.558788 572.7426389999999 199.256424 -1 -1 -1 -1 -1 -1 -1 -1 1 
160 3 Car -1.000000 -1 -1 589.5300709999999 175.62769600000001 616.4868269999998 202.27665600000003 -1 -1 -1 -1 -1 -1 -1 -1 1 
160 54 Car -1.000000 -1 -1 60.873998000000014 197.70756700000004 258.764804 287.114824 -1 -1 -1 -1 -1 -1 -1 -1 1 
160 55 Car -1.000000 -1 -1 405.311235 181.098984 450.572584 214.556699 -1 -1 -1 -1 -1 -1 -1 -1 1 
160 56 Car -1.000000 -1 -1 552.269718 177.857075 572.910446 198.019929 -1 -1 -1 -1 -1 -1 -1 -1 1 
161 3 Car -1.000000 -1 -1 589.749491 174.83160500000002 616.716342 201.48966100000004 -1 -1 -1 -1 -1 -1 -1 -1 1 
161 54 Car -1.000000 -1 -1 1.4210854715202004e-14 199.48526699999996 194.60273900000004 312.22209699999996 -1 -1 -1 -1 -1 -1 -1 -1 1 
161 55 Car -1.000000 -1 -1 392.094721 179.69649600000002 441.9621 215.67128500000004 -1 -1 -1 -1 -1 -1 -1 -1 1 
161 56 Car -1.000000 -1 -1 551.90996 176.07277699999997 573.085796 196.72343299999997 -1 -1 -1 -1 -1 -1 -1 -1 1 
162 3 Car -1.000000 -1 -1 589.922536 175.95666900000003 616.900318 202.62697600000004 -1 -1 -1 -1 -1 -1 -1 -1 1 
162 54 Car -1.000000 -1 -1 -7.105427357601002e-15 202.09725399999996 100.28895 317.6101249999999 -1 -1 -1 -1 -1 -1 -1 -1 1 
162 55 Car -1.000000 -1 -1 376.46665599999994 180.48601099999996 431.88369399999993 219.42799999999997 -1 -1 -1 -1 -1 -1 -1 -1 1 
162 56 Car -1.000000 -1 -1 551.5086430000001 177.18589499999996 573.2482350000001 198.35202999999998 -1 -1 -1 -1 -1 -1 -1 -1 1 
163 3 Car -1.000000 -1 -1 590.095723 177.082651 617.084445 203.765219 -1 -1 -1 -1 -1 -1 -1 -1 1 
163 54 Car -1.000000 -1 -1 -26.035094065552663 203.0457457061024 78.78843529558637 323.783214244994 -1 -1 -1 -1 -1 -1 -1 -1 1 
163 55 Car -1.000000 -1 -1 358.033951 181.350035 420.212113 223.859336 -1 -1 -1 -1 -1 -1 -1 -1 1 
163 56 Car -1.000000 -1 -1 551.086834 178.35590000000002 573.418333 200.06384600000004 -1 -1 -1 -1 -1 -1 -1 -1 1 
164 3 Car -1.000000 -1 -1 589.915282 177.152692 616.91499 203.846116 -1 -1 -1 -1 -1 -1 -1 -1 1 
164 55 Car -1.000000 -1 -1 333.893995 181.66954399999997 405.275985 228.51125499999998 -1 -1 -1 -1 -1 -1 -1 -1 1 
164 56 Car -1.000000 -1 -1 550.167776 178.219112 573.158688 200.495979 -1 -1 -1 -1 -1 -1 -1 -1 1 
164 57 Car -1.000000 -1 -1 447.987148 177.25336100000004 484.109806 203.89067300000002 -1 -1 -1 -1 -1 -1 -1 -1 1 
165 3 Car -1.000000 -1 -1 589.734695 177.22278999999997 616.745399 203.92707799999997 -1 -1 -1 -1 -1 -1 -1 -1 1 
165 55 Car -1.000000 -1 -1 304.360876 182.050499 387.464538 234.203477 -1 -1 -1 -1 -1 -1 -1 -1 1 
165 56 Car -1.000000 -1 -1 549.199268 178.07495900000004 572.886177 200.95137400000002 -1 -1 -1 -1 -1 -1 -1 -1 1 
165 57 Car -1.000000 -1 -1 441.15767299999993 176.619 479.58938699999993 204.59441 -1 -1 -1 -1 -1 -1 -1 -1 1 
166 3 Car -1.000000 -1 -1 589.553963 177.29294500000003 616.57567 204.00810500000003 -1 -1 -1 -1 -1 -1 -1 -1 1 
166 55 Car -1.000000 -1 -1 267.39946900000007 182.512511 365.85942300000005 241.3289 -1 -1 -1 -1 -1 -1 -1 -1 1 
166 56 Car -1.000000 -1 -1 548.17721 177.92283099999997 572.59982 201.43196099999997 -1 -1 -1 -1 -1 -1 -1 -1 1 
166 57 Car -1.000000 -1 -1 433.605803 175.91753 474.634759 205.372617 -1 -1 -1 -1 -1 -1 -1 -1 1 
167 3 Car -1.000000 -1 -1 589.531698 177.593295 616.564305 204.319577 -1 -1 -1 -1 -1 -1 -1 -1 1 
167 55 Car -1.000000 -1 -1 219.80335800000003 183.084532 339.10462100000007 250.50676 -1 -1 -1 -1 -1 -1 -1 -1 1 
167 56 Car -1.000000 -1 -1 546.821399 177.587063 572.046303 201.764819 -1 -1 -1 -1 -1 -1 -1 -1 1 
167 57 Car -1.000000 -1 -1 425.21052099999997 175.13771000000003 469.18020599999994 206.23777500000003 -1 -1 -1 -1 -1 -1 -1 -1 1 
168 3 Car -1.000000 -1 -1 589.167995 175.0919 616.210829 201.825069 -1 -1 -1 -1 -1 -1 -1 -1 1 
168 55 Car -1.000000 -1 -1 155.94037099999997 182.032377 304.06201699999997 260.508253 -1 -1 -1 -1 -1 -1 -1 -1 1 
168 56 Car -1.000000 -1 -1 545.363888 174.91425499999997 571.44197 199.79712799999996 -1 -1 -1 -1 -1 -1 -1 -1 1 
168 57 Car -1.000000 -1 -1 415.867241 172.76514600000002 462.602826 205.75371000000004 -1 -1 -1 -1 -1 -1 -1 -1 1 
169 3 Car -1.000000 -1 -1 588.410695 171.497994 615.453439 198.226339 -1 -1 -1 -1 -1 -1 -1 -1 1 
169 55 Car -1.000000 -1 -1 66.34843599999999 180.654071 258.145479 274.544545 -1 -1 -1 -1 -1 -1 -1 -1 1 
169 56 Car -1.000000 -1 -1 543.818593 172.08036300000003 570.804447 197.71086500000004 -1 -1 -1 -1 -1 -1 -1 -1 1 
169 57 Car -1.000000 -1 -1 405.314942 170.087419 455.268556 205.206743 -1 -1 -1 -1 -1 -1 -1 -1 1 
170 3 Car -1.000000 -1 -1 587.679033 170.40149300000002 614.722655 197.12903100000003 -1 -1 -1 -1 -1 -1 -1 -1 1 
170 55 Car -1.000000 -1 -1 0.0 177.84675499999997 194.663342 294.88852299999996 -1 -1 -1 -1 -1 -1 -1 -1 1 
170 56 Car -1.000000 -1 -1 541.94853 170.909733 569.923874 197.336558 -1 -1 -1 -1 -1 -1 -1 -1 1 
170 57 Car -1.000000 -1 -1 391.875685 168.630029 445.781794 206.179318 -1 -1 -1 -1 -1 -1 -1 -1 1 
171 3 Car -1.000000 -1 -1 586.8808549999999 172.351573 613.9266569999999 199.083275 -1 -1 -1 -1 -1 -1 -1 -1 1 
171 55 Car -1.000000 -1 -1 0.0 180.10729099999998 104.75357 306.63465699999995 -1 -1 -1 -1 -1 -1 -1 -1 1 
171 56 Car -1.000000 -1 -1 539.992495 173.22038499999996 569.024229 200.49882499999998 -1 -1 -1 -1 -1 -1 -1 -1 1 
171 57 Car -1.000000 -1 -1 377.989157 170.551023 435.975596 210.842089 -1 -1 -1 -1 -1 -1 -1 -1 1 
172 3 Car -1.000000 -1 -1 586.0825700000001 174.301917 613.1305520000001 201.03778 -1 -1 -1 -1 -1 -1 -1 -1 1 
172 55 Car -1.000000 -1 -1 -22.4216424988797 180.5171333053653 86.4747558665859 312.05030239871974 -1 -1 -1 -1 -1 -1 -1 -1 1 
172 56 Car -1.000000 -1 -1 537.9065869999998 175.684555 568.0705969999999 203.871157 -1 -1 -1 -1 -1 -1 -1 -1 1 
172 57 Car -1.000000 -1 -1 361.920924 172.77084000000002 424.835945 216.23950900000003 -1 -1 -1 -1 -1 -1 -1 -1 1 
173 3 Car -1.000000 -1 -1 585.2841779999999 176.252523 612.3343389999999 202.992545 -1 -1 -1 -1 -1 -1 -1 -1 1 
173 56 Car -1.000000 -1 -1 535.803151 177.507628 567.121869 206.660826 -1 -1 -1 -1 -1 -1 -1 -1 1 
173 57 Car -1.000000 -1 -1 341.836684 173.112123 412.597113 220.281744 -1 -1 -1 -1 -1 -1 -1 -1 1 
173 58 Car -1.000000 -1 -1 458.305574 182.564522 485.970719 202.388456 -1 -1 -1 -1 -1 -1 -1 -1 1 
174 3 Car -1.000000 -1 -1 584.516534 176.12008599999996 611.567998 202.86088299999997 -1 -1 -1 -1 -1 -1 -1 -1 1 
174 56 Car -1.000000 -1 -1 533.529341 177.21109 566.092802 207.396693 -1 -1 -1 -1 -1 -1 -1 -1 1 
174 57 Car -1.000000 -1 -1 318.021818 173.51678000000004 398.42752 225.07546700000003 -1 -1 -1 -1 -1 -1 -1 -1 1 
174 58 Car -1.000000 -1 -1 452.119258 182.988422 481.814504 203.77989 -1 -1 -1 -1 -1 -1 -1 -1 1 
175 3 Car -1.000000 -1 -1 583.7321160000001 174.348189 610.7842470000002 201.087136 -1 -1 -1 -1 -1 -1 -1 -1 1 
175 56 Car -1.000000 -1 -1 530.760158 176.448605 564.702814 207.741986 -1 -1 -1 -1 -1 -1 -1 -1 1 
175 57 Car -1.000000 -1 -1 288.57569 173.13577599999996 381.126435 230.04525399999997 -1 -1 -1 -1 -1 -1 -1 -1 1 
175 58 Car -1.000000 -1 -1 444.45624999999995 181.666406 476.4819509999999 203.368078 -1 -1 -1 -1 -1 -1 -1 -1 1 
176 3 Car -1.000000 -1 -1 582.947681 172.57624799999996 610.000477 199.31334999999999 -1 -1 -1 -1 -1 -1 -1 -1 1 
176 56 Car -1.000000 -1 -1 527.77996 175.62802699999997 563.218583 208.11360399999998 -1 -1 -1 -1 -1 -1 -1 -1 1 
176 57 Car -1.000000 -1 -1 252.31607299999996 172.666821 360.545033 236.166073 -1 -1 -1 -1 -1 -1 -1 -1 1 
176 58 Car -1.000000 -1 -1 436.001936 180.166612 470.64165 202.913627 -1 -1 -1 -1 -1 -1 -1 -1 1 
177 3 Car -1.000000 -1 -1 582.055715 173.04574299999996 609.110209 199.78469399999997 -1 -1 -1 -1 -1 -1 -1 -1 1 
177 56 Car -1.000000 -1 -1 524.5636710000001 174.742454 561.6301870000001 208.514675 -1 -1 -1 -1 -1 -1 -1 -1 1 
177 57 Car -1.000000 -1 -1 206.56864199999998 172.075486 335.652732 243.890174 -1 -1 -1 -1 -1 -1 -1 -1 1 
177 58 Car -1.000000 -1 -1 426.7110200000001 181.06365 463.9488820000001 205.114943 -1 -1 -1 -1 -1 -1 -1 -1 1 
178 3 Car -1.000000 -1 -1 581.163664 173.515283 608.219855 200.256082 -1 -1 -1 -1 -1 -1 -1 -1 1 
178 56 Car -1.000000 -1 -1 521.24701 175.84632499999998 560.072613 211.01417899999998 -1 -1 -1 -1 -1 -1 -1 -1 1 
178 57 Car -1.000000 -1 -1 147.048835 171.306674 304.936752 253.942435 -1 -1 -1 -1 -1 -1 -1 -1 1 
178 58 Car -1.000000 -1 -1 416.31524 181.999694 456.53402 207.578132 -1 -1 -1 -1 -1 -1 -1 -1 1 
179 3 Car -1.000000 -1 -1 580.560992 175.350531 607.621713 202.097759 -1 -1 -1 -1 -1 -1 -1 -1 1 
179 56 Car -1.000000 -1 -1 517.6447880000001 177.045221 558.3973910000001 213.729002 -1 -1 -1 -1 -1 -1 -1 -1 1 
179 57 Car -1.000000 -1 -1 66.435115 170.26637599999998 266.082716 267.5622599999999 -1 -1 -1 -1 -1 -1 -1 -1 1 
179 58 Car -1.000000 -1 -1 404.903448 184.748675 448.537934 212.242728 -1 -1 -1 -1 -1 -1 -1 -1 1 
180 3 Car -1.000000 -1 -1 579.9581299999999 177.186358 607.0233819999999 203.940015 -1 -1 -1 -1 -1 -1 -1 -1 1 
180 56 Car -1.000000 -1 -1 513.718467 178.351965 556.590669 216.688218 -1 -1 -1 -1 -1 -1 -1 -1 1 
180 57 Car -1.000000 -1 -1 0.0 170.93521199999998 214.272745 288.728621 -1 -1 -1 -1 -1 -1 -1 -1 1 
180 58 Car -1.000000 -1 -1 391.954742 187.82928700000002 439.576862 217.53580200000002 -1 -1 -1 -1 -1 -1 -1 -1 1 
181 3 Car -1.000000 -1 -1 579.613469 181.29794 606.68386 208.120887 -1 -1 -1 -1 -1 -1 -1 -1 1 
181 56 Car -1.000000 -1 -1 508.9611330000001 183.48916199999996 554.2391150000001 224.10568399999997 -1 -1 -1 -1 -1 -1 -1 -1 1 
181 57 Car -1.000000 -1 -1 0.0 173.05199900000002 143.544956 303.848076 -1 -1 -1 -1 -1 -1 -1 -1 1 
181 58 Car -1.000000 -1 -1 377.136224 191.305391 429.464904 223.593542 -1 -1 -1 -1 -1 -1 -1 -1 1 
182 3 Car -1.000000 -1 -1 579.8667679999999 182.606608 606.9404349999999 209.540448 -1 -1 -1 -1 -1 -1 -1 -1 1 
182 56 Car -1.000000 -1 -1 504.73281599999996 184.231713 552.544768 226.977298 -1 -1 -1 -1 -1 -1 -1 -1 1 
182 57 Car -1.000000 -1 -1 -22.67144063952994 172.8607313897624 126.54031754849308 308.82136780416164 -1 -1 -1 -1 -1 -1 -1 -1 1 
182 58 Car -1.000000 -1 -1 360.3943489999999 192.342432 418.52750699999996 227.370874 -1 -1 -1 -1 -1 -1 -1 -1 1 
183 3 Car -1.000000 -1 -1 580.120129 183.915581 607.197076 210.960364 -1 -1 -1 -1 -1 -1 -1 -1 1 
183 56 Car -1.000000 -1 -1 500.65715700000004 185.190532 551.136489 230.343045 -1 -1 -1 -1 -1 -1 -1 -1 1 
183 58 Car -1.000000 -1 -1 340.72273800000005 193.53787699999998 405.91867300000007 231.80957199999997 -1 -1 -1 -1 -1 -1 -1 -1 1 
184 3 Car -1.000000 -1 -1 580.4687409999999 181.535119 607.5472489999999 208.385988 -1 -1 -1 -1 -1 -1 -1 -1 1 
184 56 Car -1.000000 -1 -1 496.09679199999994 183.06305499999996 549.5651969999999 230.33033499999996 -1 -1 -1 -1 -1 -1 -1 -1 1 
184 58 Car -1.000000 -1 -1 317.257757 192.092287 391.202558 233.8016 -1 -1 -1 -1 -1 -1 -1 -1 1 
185 3 Car -1.000000 -1 -1 580.817397 179.040416 607.897467 205.811287 -1 -1 -1 -1 -1 -1 -1 -1 1 
185 56 Car -1.000000 -1 -1 490.97994800000004 180.611777 548.082693 230.179044 -1 -1 -1 -1 -1 -1 -1 -1 1 
185 58 Car -1.000000 -1 -1 288.818515 190.386238 373.83346 236.216177 -1 -1 -1 -1 -1 -1 -1 -1 1 
186 3 Car -1.000000 -1 -1 581.166097 176.46680400000002 608.24773 203.23626300000004 -1 -1 -1 -1 -1 -1 -1 -1 1 
186 56 Car -1.000000 -1 -1 485.227794 177.39732599999996 546.446519 230.00893599999998 -1 -1 -1 -1 -1 -1 -1 -1 1 
186 58 Car -1.000000 -1 -1 253.63575400000002 188.342368 353.022914 239.203701 -1 -1 -1 -1 -1 -1 -1 -1 1 
187 3 Car -1.000000 -1 -1 582.0683280000001 177.003416 609.1520770000001 203.775991 -1 -1 -1 -1 -1 -1 -1 -1 1 
187 56 Car -1.000000 -1 -1 479.27469999999994 178.43023900000003 544.226664 234.54624400000003 -1 -1 -1 -1 -1 -1 -1 -1 1 
187 58 Car -1.000000 -1 -1 208.92685500000002 190.784763 327.405834 249.047145 -1 -1 -1 -1 -1 -1 -1 -1 1 
187 60 Car -1.000000 -1 -1 354.046 184.61051200000003 403.294115 214.96845300000004 -1 -1 -1 -1 -1 -1 -1 -1 1 
188 3 Car -1.000000 -1 -1 582.9707259999999 177.540128 610.0565919999999 204.315818 -1 -1 -1 -1 -1 -1 -1 -1 1 
188 56 Car -1.000000 -1 -1 471.651975 177.90535 542.015899 237.981668 -1 -1 -1 -1 -1 -1 -1 -1 1 
188 58 Car -1.000000 -1 -1 150.31615 193.82973700000002 295.463954 261.954151 -1 -1 -1 -1 -1 -1 -1 -1 1 
188 60 Car -1.000000 -1 -1 338.00223100000005 186.070668 392.05052700000005 218.75325 -1 -1 -1 -1 -1 -1 -1 -1 1 
189 3 Car -1.000000 -1 -1 584.207786 177.079821 611.29977 203.861527 -1 -1 -1 -1 -1 -1 -1 -1 1 
189 56 Car -1.000000 -1 -1 462.87272699999994 177.30068800000004 539.535357 241.93885300000002 -1 -1 -1 -1 -1 -1 -1 -1 1 
189 58 Car -1.000000 -1 -1 70.12605799999999 197.731668 254.52502499999997 279.618493 -1 -1 -1 -1 -1 -1 -1 -1 1 
189 60 Car -1.000000 -1 -1 319.013296 186.51349 378.815088 221.768032 -1 -1 -1 -1 -1 -1 -1 -1 1 
190 3 Car -1.000000 -1 -1 585.445453 176.61928799999998 612.543559 203.40701399999998 -1 -1 -1 -1 -1 -1 -1 -1 1 
190 56 Car -1.000000 -1 -1 452.652113 176.596572 536.732471 246.546434 -1 -1 -1 -1 -1 -1 -1 -1 1 
190 58 Car -1.000000 -1 -1 0.0 198.63178699999997 197.874804 299.2923559999999 -1 -1 -1 -1 -1 -1 -1 -1 1 
190 60 Car -1.000000 -1 -1 296.85012000000006 187.02264000000002 363.59614700000003 225.28705900000003 -1 -1 -1 -1 -1 -1 -1 -1 1 
191 3 Car -1.000000 -1 -1 586.227715 174.973978 613.332044 201.766206 -1 -1 -1 -1 -1 -1 -1 -1 1 
191 56 Car -1.000000 -1 -1 440.603387 175.766265 533.540067 251.979117 -1 -1 -1 -1 -1 -1 -1 -1 1 
191 58 Car -1.000000 -1 -1 0.0 199.07124499999998 125.747074 307.065122 -1 -1 -1 -1 -1 -1 -1 -1 1 
191 60 Car -1.000000 -1 -1 269.020678 185.033217 343.962234 226.701631 -1 -1 -1 -1 -1 -1 -1 -1 1 
192 3 Car -1.000000 -1 -1 587.0103549999999 173.327872 614.1209109999999 200.124606 -1 -1 -1 -1 -1 -1 -1 -1 1 
192 56 Car -1.000000 -1 -1 425.44130499999994 176.207944 529.2315569999998 259.839724 -1 -1 -1 -1 -1 -1 -1 -1 1 
192 58 Car -1.000000 -1 -1 -22.035912960855597 200.04053966643306 108.56256785256898 312.20190572847434 -1 -1 -1 -1 -1 -1 -1 -1 1 
192 60 Car -1.000000 -1 -1 234.85641900000002 185.440577 320.32391600000005 231.581624 -1 -1 -1 -1 -1 -1 -1 -1 1 
193 3 Car -1.000000 -1 -1 587.793374 171.680967 614.91016 198.482212 -1 -1 -1 -1 -1 -1 -1 -1 1 
193 56 Car -1.000000 -1 -1 407.014417 176.744961 524.235389 269.395281 -1 -1 -1 -1 -1 -1 -1 -1 1 
193 60 Car -1.000000 -1 -1 192.592381 185.930752 291.876276 237.619715 -1 -1 -1 -1 -1 -1 -1 -1 1 
194 3 Car -1.000000 -1 -1 588.728118 174.318349 615.860276 201.138342 -1 -1 -1 -1 -1 -1 -1 -1 1 
194 56 Car -1.000000 -1 -1 384.14091699999994 177.41191699999996 518.372695 281.26024599999994 -1 -1 -1 -1 -1 -1 -1 -1 1 
194 60 Car -1.000000 -1 -1 138.20739399999997 189.875074 258.02982999999995 249.188503 -1 -1 -1 -1 -1 -1 -1 -1 1 
195 3 Car -1.000000 -1 -1 589.66395 176.9588 616.811499 203.797561 -1 -1 -1 -1 -1 -1 -1 -1 1 
195 56 Car -1.000000 -1 -1 354.99035 178.26245699999998 511.396684 296.38690199999996 -1 -1 -1 -1 -1 -1 -1 -1 1 
195 60 Car -1.000000 -1 -1 67.11530600000002 194.82861300000002 215.510714 264.315788 -1 -1 -1 -1 -1 -1 -1 -1 1 
196 3 Car -1.000000 -1 -1 591.04745 177.234685 618.208902 204.088098 -1 -1 -1 -1 -1 -1 -1 -1 1 
196 56 Car -1.000000 -1 -1 316.56777600000004 179.384474 502.95701500000007 316.334538 -1 -1 -1 -1 -1 -1 -1 -1 1 
196 60 Car -1.000000 -1 -1 1.4210854715202004e-14 198.55525900000004 161.34114800000003 281.40798000000007 -1 -1 -1 -1 -1 -1 -1 -1 1 
197 3 Car -1.000000 -1 -1 592.469085 173.4555 619.64278 200.317084 -1 -1 -1 -1 -1 -1 -1 -1 1 
197 56 Car -1.000000 -1 -1 261.997862 180.240341 490.693597 343.086831 -1 -1 -1 -1 -1 -1 -1 -1 1 
197 60 Car -1.000000 -1 -1 0.0 195.427929 92.936379 284.223177 -1 -1 -1 -1 -1 -1 -1 -1 1 
198 3 Car -1.000000 -1 -1 593.892063 169.67273899999998 621.078016 196.54250499999998 -1 -1 -1 -1 -1 -1 -1 -1 1 
198 56 Car -1.000000 -1 -1 182.052094 181.00164100000003 475.197232 374.0 -1 -1 -1 -1 -1 -1 -1 -1 1 
198 60 Car -1.000000 -1 -1 -27.075546161324734 196.32598145104825 70.33451624621553 289.3963712690029 -1 -1 -1 -1 -1 -1 -1 -1 1 
199 3 Car -1.000000 -1 -1 595.6075189999999 171.688383 622.8534019999998 198.576707 -1 -1 -1 -1 -1 -1 -1 -1 1 
199 56 Car -1.000000 -1 -1 53.667925999999994 181.93807000000004 454.99542599999995 374.0 -1 -1 -1 -1 -1 -1 -1 -1 1 
200 3 Car -1.000000 -1 -1 597.320027 173.70660600000002 624.631025 200.61327400000002 -1 -1 -1 -1 -1 -1 -1 -1 1 
200 56 Car -1.000000 -1 -1 0.0 183.12462800000003 430.030849 374.0 -1 -1 -1 -1 -1 -1 -1 -1 1 
201 3 Car -1.000000 -1 -1 599.034402 175.727411 626.410887 202.652211 -1 -1 -1 -1 -1 -1 -1 -1 1 
201 56 Car -1.000000 -1 -1 -2.842170943040401e-14 184.82723799999997 394.17942200000005 374.0 -1 -1 -1 -1 -1 -1 -1 -1 1 
202 3 Car -1.000000 -1 -1 600.649268 174.790701 628.082241 201.72944 -1 -1 -1 -1 -1 -1 -1 -1 1 
202 56 Car -1.000000 -1 -1 0.0 187.47611099999997 337.99315 374.0 -1 -1 -1 -1 -1 -1 -1 -1 1 
203 3 Car -1.000000 -1 -1 602.2657750000001 173.85287 629.7555620000002 200.805669 -1 -1 -1 -1 -1 -1 -1 -1 1 
203 56 Car -1.000000 -1 -1 -19.888646410237044 187.96497909182474 327.66934397400655 379.76437272786814 -1 -1 -1 -1 -1 -1 -1 -1 1 
204 3 Car -1.000000 -1 -1 602.8434219999999 177.237076 630.3170899999999 204.219062 -1 -1 -1 -1 -1 -1 -1 -1 1 
204 61 Car -1.000000 -1 -1 1.4210854715202004e-14 211.78481800000003 101.53318499999999 309.11777100000006 -1 -1 -1 -1 -1 -1 -1 -1 1 
204 62 Car -1.000000 -1 -1 373.422063 190.195515 431.207468 222.473895 -1 -1 -1 -1 -1 -1 -1 -1 1 
205 3 Car -1.000000 -1 -1 603.422126 180.61683999999997 630.87973 207.63902299999998 -1 -1 -1 -1 -1 -1 -1 -1 1 
205 61 Car -1.000000 -1 -1 -32.43518963723666 215.5929780393177 75.05260951439338 318.6344427585183 -1 -1 -1 -1 -1 -1 -1 -1 1 
205 62 Car -1.000000 -1 -1 350.03655200000003 193.556105 415.9419020000001 229.385005 -1 -1 -1 -1 -1 -1 -1 -1 1 
206 3 Car -1.000000 -1 -1 603.680465 183.280997 631.09571 210.549993 -1 -1 -1 -1 -1 -1 -1 -1 1 
206 62 Car -1.000000 -1 -1 321.693692 197.539914 397.842963 237.762274 -1 -1 -1 -1 -1 -1 -1 -1 1 
207 3 Car -1.000000 -1 -1 603.874464 180.908887 631.252748 208.006952 -1 -1 -1 -1 -1 -1 -1 -1 1 
207 62 Car -1.000000 -1 -1 286.451134 196.49774199999996 375.486349 241.45512399999998 -1 -1 -1 -1 -1 -1 -1 -1 1 
208 3 Car -1.000000 -1 -1 604.006003 178.376262 631.410047 205.459413 -1 -1 -1 -1 -1 -1 -1 -1 1 
208 62 Car -1.000000 -1 -1 241.41813499999998 195.212154 347.90491699999995 246.174561 -1 -1 -1 -1 -1 -1 -1 -1 1 
209 3 Car -1.000000 -1 -1 603.743063 177.969336 631.167863 205.074377 -1 -1 -1 -1 -1 -1 -1 -1 1 
209 62 Car -1.000000 -1 -1 180.900012 197.09112699999997 312.59487 256.74254199999996 -1 -1 -1 -1 -1 -1 -1 -1 1 
209 63 Car -1.000000 -1 -1 264.595546 186.588658 344.702952 231.653903 -1 -1 -1 -1 -1 -1 -1 -1 1 
210 3 Car -1.000000 -1 -1 603.413071 177.561794 630.925266 204.688704 -1 -1 -1 -1 -1 -1 -1 -1 1 
210 62 Car -1.000000 -1 -1 96.94278799999998 199.54749300000003 266.426064 271.407505 -1 -1 -1 -1 -1 -1 -1 -1 1 
210 63 Car -1.000000 -1 -1 221.68934000000002 186.916351 315.79607 237.43177 -1 -1 -1 -1 -1 -1 -1 -1 1 
211 3 Car -1.000000 -1 -1 603.072497 177.153635 630.682254 204.30239 -1 -1 -1 -1 -1 -1 -1 -1 1 
211 62 Car -1.000000 -1 -1 -1.4210854715202004e-14 202.62821099999996 204.8057 291.544974 -1 -1 -1 -1 -1 -1 -1 -1 1 
211 63 Car -1.000000 -1 -1 167.11226 187.319476 280.230586 244.782544 -1 -1 -1 -1 -1 -1 -1 -1 1 
211 64 Car -1.000000 -1 -1 449.256627 183.715411 483.399388 204.872463 -1 -1 -1 -1 -1 -1 -1 -1 1 
212 3 Car -1.000000 -1 -1 602.3659949999999 176.888133 630.0436249999999 204.059064 -1 -1 -1 -1 -1 -1 -1 -1 1 
212 62 Car -1.000000 -1 -1 7.105427357601002e-15 206.96204600000002 120.23212799999999 305.12231800000006 -1 -1 -1 -1 -1 -1 -1 -1 1 
212 63 Car -1.000000 -1 -1 95.35281199999999 187.827466 235.40638 254.449713 -1 -1 -1 -1 -1 -1 -1 -1 1 
212 64 Car -1.000000 -1 -1 437.74840200000006 183.32610500000004 474.52463400000005 205.78960400000003 -1 -1 -1 -1 -1 -1 -1 -1 1 
213 3 Car -1.000000 -1 -1 601.65844 176.622224 629.40397 203.815329 -1 -1 -1 -1 -1 -1 -1 -1 1 
213 62 Car -1.000000 -1 -1 -31.993753218156908 208.92474350447668 94.8497654239793 312.4833640706853 -1 -1 -1 -1 -1 -1 -1 -1 1 
213 63 Car -1.000000 -1 -1 0.0 188.48735499999998 177.166993 267.704523 -1 -1 -1 -1 -1 -1 -1 -1 1 
213 64 Car -1.000000 -1 -1 424.679299 182.88874999999996 464.553489 206.83119099999996 -1 -1 -1 -1 -1 -1 -1 -1 1 
214 3 Car -1.000000 -1 -1 601.153785 173.063574 628.760806 200.273428 -1 -1 -1 -1 -1 -1 -1 -1 1 
214 63 Car -1.000000 -1 -1 0.0 188.81748 98.664388 276.330824 -1 -1 -1 -1 -1 -1 -1 -1 1 
214 64 Car -1.000000 -1 -1 410.09435 180.369867 453.618129 205.792858 -1 -1 -1 -1 -1 -1 -1 -1 1 
215 3 Car -1.000000 -1 -1 600.9356169999999 174.580658 628.4898039999999 201.813772 -1 -1 -1 -1 -1 -1 -1 -1 1 
215 63 Car -1.000000 -1 -1 -40.29156238761975 188.8855429954438 65.017374079085 282.29291730655063 -1 -1 -1 -1 -1 -1 -1 -1 1 
215 64 Car -1.000000 -1 -1 393.250847 182.671278 441.725457 210.341665 -1 -1 -1 -1 -1 -1 -1 -1 1 
216 3 Car -1.000000 -1 -1 601.0047289999999 175.398689 628.5822249999999 202.653931 -1 -1 -1 -1 -1 -1 -1 -1 1 
216 64 Car -1.000000 -1 -1 373.546322 185.319207 428.025867 215.663514 -1 -1 -1 -1 -1 -1 -1 -1 1 
217 3 Car -1.000000 -1 -1 601.074004 176.21811199999996 628.674743 203.49538799999996 -1 -1 -1 -1 -1 -1 -1 -1 1 
217 64 Car -1.000000 -1 -1 349.868208 186.38687299999998 412.703835 219.68968599999997 -1 -1 -1 -1 -1 -1 -1 -1 1 
218 3 Car -1.000000 -1 -1 601.143441 177.03893 628.767361 204.338145 -1 -1 -1 -1 -1 -1 -1 -1 1 
218 64 Car -1.000000 -1 -1 321.375817 187.646548 394.619782 224.535745 -1 -1 -1 -1 -1 -1 -1 -1 1 
219 3 Car -1.000000 -1 -1 601.028244 175.333527 628.665916 202.645287 -1 -1 -1 -1 -1 -1 -1 -1 1 
219 64 Car -1.000000 -1 -1 287.78779599999996 187.07605 372.05290799999995 228.090073 -1 -1 -1 -1 -1 -1 -1 -1 1 
220 3 Car -1.000000 -1 -1 600.9129330000001 173.626419 628.5643700000002 200.950753 -1 -1 -1 -1 -1 -1 -1 -1 1 
220 64 Car -1.000000 -1 -1 245.52457999999996 186.381503 344.57016799999997 232.563124 -1 -1 -1 -1 -1 -1 -1 -1 1 
221 3 Car -1.000000 -1 -1 600.797507 171.917606 628.462722 199.254539 -1 -1 -1 -1 -1 -1 -1 -1 1 
221 64 Car -1.000000 -1 -1 191.397644 189.57462599999997 310.934493 243.27872799999997 -1 -1 -1 -1 -1 -1 -1 -1 1 
222 3 Car -1.000000 -1 -1 600.841827 172.759736 628.521866 200.111726 -1 -1 -1 -1 -1 -1 -1 -1 1 
222 64 Car -1.000000 -1 -1 118.40387300000002 193.65651300000002 267.926313 257.733467 -1 -1 -1 -1 -1 -1 -1 -1 1 
223 3 Car -1.000000 -1 -1 600.9162419999999 176.480777 628.6122849999999 203.850585 -1 -1 -1 -1 -1 -1 -1 -1 1 
223 64 Car -1.000000 -1 -1 18.101779000000008 198.36165900000003 213.678002 276.735636 -1 -1 -1 -1 -1 -1 -1 -1 1 
224 3 Car -1.000000 -1 -1 601.10006 179.946577 628.812029 207.333929 -1 -1 -1 -1 -1 -1 -1 -1 1 
224 64 Car -1.000000 -1 -1 -1.4210854715202004e-14 204.794124 139.49542000000002 297.597704 -1 -1 -1 -1 -1 -1 -1 -1 1 
225 3 Car -1.000000 -1 -1 600.794059 179.936258 628.520533 207.337915 -1 -1 -1 -1 -1 -1 -1 -1 1 
225 64 Car -1.000000 -1 -1 -26.049365953885 205.7744006805861 119.38130040405005 302.5269662959737 -1 -1 -1 -1 -1 -1 -1 -1 1 
225 65 Car -1.000000 -1 -1 501.20772300000004 184.533617 524.2406510000001 201.498321 -1 -1 -1 -1 -1 -1 -1 -1 1 
226 3 Car -1.000000 -1 -1 600.487739 179.925929 628.228731 207.341905 -1 -1 -1 -1 -1 -1 -1 -1 1 
226 65 Car -1.000000 -1 -1 495.30676099999994 184.71405800000002 519.8044849999999 202.57204300000004 -1 -1 -1 -1 -1 -1 -1 -1 1 
227 3 Car -1.000000 -1 -1 600.181099 179.915588 627.93662 207.3459 -1 -1 -1 -1 -1 -1 -1 -1 1 
227 65 Car -1.000000 -1 -1 488.7587940000001 184.913044 514.912284 203.763523 -1 -1 -1 -1 -1 -1 -1 -1 1 
228 3 Car -1.000000 -1 -1 600.105178 181.468782 627.875931 209.00166 -1 -1 -1 -1 -1 -1 -1 -1 1 
228 65 Car -1.000000 -1 -1 481.8020419999999 186.546064 509.81835699999993 206.606379 -1 -1 -1 -1 -1 -1 -1 -1 1 
228 66 Car -1.000000 -1 -1 430.622311 189.414506 463.572738 210.556837 -1 -1 -1 -1 -1 -1 -1 -1 1 
229 3 Car -1.000000 -1 -1 599.946728 181.572218 627.732394 209.128549 -1 -1 -1 -1 -1 -1 -1 -1 1 
229 65 Car -1.000000 -1 -1 473.791003 187.027808 503.942114 208.349112 -1 -1 -1 -1 -1 -1 -1 -1 1 
229 66 Car -1.000000 -1 -1 420.564298 188.28496 456.006318 210.509365 -1 -1 -1 -1 -1 -1 -1 -1 1 
230 3 Car -1.000000 -1 -1 599.556261 180.073491 627.356138 207.547608 -1 -1 -1 -1 -1 -1 -1 -1 1 
230 65 Car -1.000000 -1 -1 464.528283 185.448287 497.16248 208.028641 -1 -1 -1 -1 -1 -1 -1 -1 1 
230 66 Car -1.000000 -1 -1 409.31601 187.03310499999998 447.620346 210.45627299999998 -1 -1 -1 -1 -1 -1 -1 -1 1 
231 3 Car -1.000000 -1 -1 599.165395 178.477703 626.979493 205.965049 -1 -1 -1 -1 -1 -1 -1 -1 1 
231 65 Car -1.000000 -1 -1 453.97831700000006 183.666544 489.51459200000005 207.663619 -1 -1 -1 -1 -1 -1 -1 -1 1 
231 66 Car -1.000000 -1 -1 396.652873 185.63793800000002 438.274047 210.39650000000003 -1 -1 -1 -1 -1 -1 -1 -1 1 
232 3 Car -1.000000 -1 -1 598.7741290000001 176.880267 626.6024590000001 204.380869 -1 -1 -1 -1 -1 -1 -1 -1 1 
232 65 Car -1.000000 -1 -1 441.5149779999999 183.091937 480.6216759999999 208.908486 -1 -1 -1 -1 -1 -1 -1 -1 1 
232 66 Car -1.000000 -1 -1 382.406261 185.87649699999997 427.878809 212.31029399999997 -1 -1 -1 -1 -1 -1 -1 -1 1 
232 67 Car -1.000000 -1 -1 500.026696 181.29213099999998 521.543579 197.67045499999998 -1 -1 -1 -1 -1 -1 -1 -1 1 
233 3 Car -1.000000 -1 -1 598.726566 176.15738400000004 626.569542 203.67202900000004 -1 -1 -1 -1 -1 -1 -1 -1 1 
233 65 Car -1.000000 -1 -1 426.9425550000001 182.428929 470.36009900000005 210.364097 -1 -1 -1 -1 -1 -1 -1 -1 1 
233 66 Car -1.000000 -1 -1 366.205149 185.064984 416.20253 213.282901 -1 -1 -1 -1 -1 -1 -1 -1 1 
233 67 Car -1.000000 -1 -1 495.219409 180.056856 518.049184 197.217 -1 -1 -1 -1 -1 -1 -1 -1 1 
234 3 Car -1.000000 -1 -1 598.678953 175.433738 626.53659 202.962447 -1 -1 -1 -1 -1 -1 -1 -1 1 
234 65 Car -1.000000 -1 -1 410.71993899999995 181.86521999999997 459.32965799999994 212.32211499999997 -1 -1 -1 -1 -1 -1 -1 -1 1 
234 66 Car -1.000000 -1 -1 347.529798 184.14295299999998 402.935492 214.40410699999998 -1 -1 -1 -1 -1 -1 -1 -1 1 
234 67 Car -1.000000 -1 -1 489.90334600000006 178.648917 514.209317 196.715542 -1 -1 -1 -1 -1 -1 -1 -1 1 
235 3 Car -1.000000 -1 -1 598.631291 174.70932700000003 626.503603 202.25212100000002 -1 -1 -1 -1 -1 -1 -1 -1 1 
235 65 Car -1.000000 -1 -1 390.19864 183.194745 445.394749 216.89838 -1 -1 -1 -1 -1 -1 -1 -1 1 
235 66 Car -1.000000 -1 -1 325.427507 186.357156 387.506956 219.460089 -1 -1 -1 -1 -1 -1 -1 -1 1 
235 67 Car -1.000000 -1 -1 483.829387 179.896919 509.818816 198.975938 -1 -1 -1 -1 -1 -1 -1 -1 1 
236 3 Car -1.000000 -1 -1 598.8150020000002 175.58799 626.7026960000001 203.146317 -1 -1 -1 -1 -1 -1 -1 -1 1 
236 65 Car -1.000000 -1 -1 365.051634 184.788631 428.687744 222.506729 -1 -1 -1 -1 -1 -1 -1 -1 1 
236 66 Car -1.000000 -1 -1 299.260356 188.92740099999997 369.596423 225.44639199999997 -1 -1 -1 -1 -1 -1 -1 -1 1 
236 67 Car -1.000000 -1 -1 477.03577899999993 181.24904 504.94614299999995 201.504226 -1 -1 -1 -1 -1 -1 -1 -1 1 
237 3 Car -1.000000 -1 -1 598.998914 176.467623 626.902009 204.041492 -1 -1 -1 -1 -1 -1 -1 -1 1 
237 65 Car -1.000000 -1 -1 333.516236 186.73443000000003 408.290089 229.54068800000002 -1 -1 -1 -1 -1 -1 -1 -1 1 
237 66 Car -1.000000 -1 -1 267.265854 190.19317 348.196973 230.666706 -1 -1 -1 -1 -1 -1 -1 -1 1 
237 67 Car -1.000000 -1 -1 469.386572 182.697685 499.507254 204.351029 -1 -1 -1 -1 -1 -1 -1 -1 1 
238 3 Car -1.000000 -1 -1 599.1830279999999 177.348226 627.1015409999999 204.937646 -1 -1 -1 -1 -1 -1 -1 -1 1 
238 65 Car -1.000000 -1 -1 292.803859 189.16315299999997 382.827019 238.62297399999997 -1 -1 -1 -1 -1 -1 -1 -1 1 
238 66 Car -1.000000 -1 -1 227.945988 191.70525499999997 322.631049 237.08298999999997 -1 -1 -1 -1 -1 -1 -1 -1 1 
238 67 Car -1.000000 -1 -1 460.176681 182.765058 492.90858 205.88015 -1 -1 -1 -1 -1 -1 -1 -1 1 
239 3 Car -1.000000 -1 -1 599.09364 176.70518799999996 627.065092 204.34656499999997 -1 -1 -1 -1 -1 -1 -1 -1 1 
239 65 Car -1.000000 -1 -1 236.95633000000004 190.66168 348.83198600000003 249.13889 -1 -1 -1 -1 -1 -1 -1 -1 1 
239 66 Car -1.000000 -1 -1 178.45973700000002 193.54330400000003 291.550603 245.15940600000002 -1 -1 -1 -1 -1 -1 -1 -1 1 
239 67 Car -1.000000 -1 -1 449.639685 182.84128699999997 485.442266 207.62968799999996 -1 -1 -1 -1 -1 -1 -1 -1 1 
240 3 Car -1.000000 -1 -1 599.003913 176.059706 627.028504 203.753241 -1 -1 -1 -1 -1 -1 -1 -1 1 
240 65 Car -1.000000 -1 -1 221.34704969132417 191.0784590143215 337.9763585338867 252.0401877128045 -1 -1 -1 -1 -1 -1 -1 -1 1 
240 66 Car -1.000000 -1 -1 157.23972399999997 192.672076 303.21457799999996 264.153998 -1 -1 -1 -1 -1 -1 -1 -1 1 
240 67 Car -1.000000 -1 -1 437.466469 182.928241 476.925144 209.651002 -1 -1 -1 -1 -1 -1 -1 -1 1 
241 3 Car -1.000000 -1 -1 598.913845 175.411764 626.991776 203.15766 -1 -1 -1 -1 -1 -1 -1 -1 1 
241 66 Car -1.000000 -1 -1 138.47929326298936 192.94754486064994 291.2251615395247 267.7450077598732 -1 -1 -1 -1 -1 -1 -1 -1 1 
241 67 Car -1.000000 -1 -1 423.91856100000007 182.653862 467.48181900000003 211.419931 -1 -1 -1 -1 -1 -1 -1 -1 1 
242 3 Car -1.000000 -1 -1 598.823435 174.761349 626.954908 202.55981 -1 -1 -1 -1 -1 -1 -1 -1 1 
242 67 Car -1.000000 -1 -1 408.091557 182.338315 456.621059 213.486569 -1 -1 -1 -1 -1 -1 -1 -1 1 
242 68 Car -1.000000 -1 -1 1.4210854715202004e-14 200.97641899999996 142.915791 315.501397 -1 -1 -1 -1 -1 -1 -1 -1 1 
243 3 Car -1.000000 -1 -1 598.891143 176.301169 627.077295 204.15432 -1 -1 -1 -1 -1 -1 -1 -1 1 
243 67 Car -1.000000 -1 -1 387.918178 184.550023 443.096056 219.116335 -1 -1 -1 -1 -1 -1 -1 -1 1 
243 68 Car -1.000000 -1 -1 -36.85097102779732 202.86047394120118 121.97114562535992 330.1321261943477 -1 -1 -1 -1 -1 -1 -1 -1 1 
244 3 Car -1.000000 -1 -1 598.959114 177.846987 627.200159 205.755027 -1 -1 -1 -1 -1 -1 -1 -1 1 
244 67 Car -1.000000 -1 -1 363.25254400000006 187.190675 426.94674000000003 226.000428 -1 -1 -1 -1 -1 -1 -1 -1 1 
245 3 Car -1.000000 -1 -1 599.03417 176.13065 627.328981 204.090921 -1 -1 -1 -1 -1 -1 -1 -1 1 
245 67 Car -1.000000 -1 -1 332.551908 187.934608 407.40711 231.703497 -1 -1 -1 -1 -1 -1 -1 -1 1 
246 3 Car -1.000000 -1 -1 599.109512 174.40776600000004 627.458295 202.42047900000003 -1 -1 -1 -1 -1 -1 -1 -1 1 
246 67 Car -1.000000 -1 -1 293.119697 188.856292 383.196079 239.029706 -1 -1 -1 -1 -1 -1 -1 -1 1 
247 3 Car -1.000000 -1 -1 599.376428 175.296069 627.780522 203.363701 -1 -1 -1 -1 -1 -1 -1 -1 1 
247 67 Car -1.000000 -1 -1 240.8349 190.56913600000001 352.570675 249.41577300000003 -1 -1 -1 -1 -1 -1 -1 -1 1 
248 3 Car -1.000000 -1 -1 599.644383 176.18784 628.104007 204.310599 -1 -1 -1 -1 -1 -1 -1 -1 1 
248 67 Car -1.000000 -1 -1 167.86773500000004 192.817413 312.36446 263.914264 -1 -1 -1 -1 -1 -1 -1 -1 1 
249 3 Car -1.000000 -1 -1 599.690491 176.34666699999997 628.244837 204.56301699999997 -1 -1 -1 -1 -1 -1 -1 -1 1 
249 67 Car -1.000000 -1 -1 58.92050800000001 195.89869699999997 257.247921 285.570614 -1 -1 -1 -1 -1 -1 -1 -1 1 
250 3 Car -1.000000 -1 -1 599.736906 176.506553 628.386608 204.817118 -1 -1 -1 -1 -1 -1 -1 -1 1 
250 67 Car -1.000000 -1 -1 1.4210854715202004e-14 200.38120799999996 177.03889600000002 319.3022169999999 -1 -1 -1 -1 -1 -1 -1 -1 1 
251 3 Car -1.000000 -1 -1 599.793723 177.63563299999998 628.539827 206.04187499999998 -1 -1 -1 -1 -1 -1 -1 -1 1 
251 67 Car -1.000000 -1 -1 -22.417524831344267 201.13037646785457 161.25437456948862 324.5070246320082 -1 -1 -1 -1 -1 -1 -1 -1 1 
252 3 Car -1.000000 -1 -1 599.8509240000001 178.772336 628.6940800000001 207.274893 -1 -1 -1 -1 -1 -1 -1 -1 1 
253 3 Car -1.000000 -1 -1 599.9085109999999 179.916739 628.8493789999999 208.516255 -1 -1 -1 -1 -1 -1 -1 -1 1 
254 3 Car -1.000000 -1 -1 599.9499429999998 179.481713 628.9885129999999 208.177484 -1 -1 -1 -1 -1 -1 -1 -1 1 
255 3 Car -1.000000 -1 -1 599.991656 179.043741 629.128589 207.83642 -1 -1 -1 -1 -1 -1 -1 -1 1 
256 3 Car -1.000000 -1 -1 600.033652 178.60279199999997 629.269618 207.49303999999998 -1 -1 -1 -1 -1 -1 -1 -1 1 
257 3 Car -1.000000 -1 -1 600.0562149999998 176.26758 629.3910769999999 205.25446 -1 -1 -1 -1 -1 -1 -1 -1 1 
258 3 Car -1.000000 -1 -1 600.0789320000001 173.916518 629.5133610000001 203.000701 -1 -1 -1 -1 -1 -1 -1 -1 1 
259 3 Car -1.000000 -1 -1 599.618175 172.629544 629.155036 201.814522 -1 -1 -1 -1 -1 -1 -1 -1 1 
260 3 Car -1.000000 -1 -1 599.154199 171.33356500000002 628.794203 200.62005000000002 -1 -1 -1 -1 -1 -1 -1 -1 1 
261 3 Car -1.000000 -1 -1 598.813625 173.946704 628.559235 203.338715 -1 -1 -1 -1 -1 -1 -1 -1 1 
262 3 Car -1.000000 -1 -1 598.470616 176.578558 628.322583 206.076831 -1 -1 -1 -1 -1 -1 -1 -1 1 
263 3 Car -1.000000 -1 -1 597.8387830000001 176.643014 627.7966130000001 206.246125 -1 -1 -1 -1 -1 -1 -1 -1 1 
264 3 Car -1.000000 -1 -1 597.364206 175.568355 627.428226 205.276103 -1 -1 -1 -1 -1 -1 -1 -1 1 
265 3 Car -1.000000 -1 -1 596.8862510000001 174.48603400000002 627.0572110000002 204.29917100000003 -1 -1 -1 -1 -1 -1 -1 -1 1 
266 3 Car -1.000000 -1 -1 596.4048809999999 173.395969 626.6835399999999 203.315256 -1 -1 -1 -1 -1 -1 -1 -1 1 
267 3 Car -1.000000 -1 -1 595.920059 172.298076 626.307184 202.324282 -1 -1 -1 -1 -1 -1 -1 -1 1 
268 3 Car -1.000000 -1 -1 595.431749 171.192271 625.928115 201.326174 -1 -1 -1 -1 -1 -1 -1 -1 1 
269 3 Car -1.000000 -1 -1 594.820002 175.20352000000003 625.413862 205.43556400000003 -1 -1 -1 -1 -1 -1 -1 -1 1 
270 3 Car -1.000000 -1 -1 594.204324 179.240585 624.896299 209.57137 -1 -1 -1 -1 -1 -1 -1 -1 1 
271 3 Car -1.000000 -1 -1 593.559881 180.859732 624.349511 211.331614 -1 -1 -1 -1 -1 -1 -1 -1 1 
272 3 Car -1.000000 -1 -1 592.743318 180.28828 623.630102 210.812553 -1 -1 -1 -1 -1 -1 -1 -1 1 
273 3 Car -1.000000 -1 -1 591.92157 179.669197 622.906115 210.290194 -1 -1 -1 -1 -1 -1 -1 -1 1 
274 3 Car -1.000000 -1 -1 591.094588 179.046164 622.177507 209.764507 -1 -1 -1 -1 -1 -1 -1 -1 1 
275 3 Car -1.000000 -1 -1 590.364086 178.10156 621.545915 208.917626 -1 -1 -1 -1 -1 -1 -1 -1 1 
276 3 Car -1.000000 -1 -1 589.628908 177.150898 620.91027 208.065322 -1 -1 -1 -1 -1 -1 -1 -1 1 
277 3 Car -1.000000 -1 -1 588.8890079999999 176.19412 620.2705339999999 207.207541 -1 -1 -1 -1 -1 -1 -1 -1 1 
278 3 Car -1.000000 -1 -1 588.144341 175.231166 619.626666 206.344231 -1 -1 -1 -1 -1 -1 -1 -1 1 
279 3 Car -1.000000 -1 -1 588.0597809999999 174.49040099999996 619.5614669999999 205.62227299999998 -1 -1 -1 -1 -1 -1 -1 -1 1 
280 3 Car -1.000000 -1 -1 587.9751489999999 173.748658 619.4961529999999 204.899443 -1 -1 -1 -1 -1 -1 -1 -1 1 
281 3 Car -1.000000 -1 -1 587.8904459999999 173.005936 619.4307229999998 204.17574 -1 -1 -1 -1 -1 -1 -1 -1 1 
282 3 Car -1.000000 -1 -1 587.805671 172.26223299999998 619.365179 203.45116199999998 -1 -1 -1 -1 -1 -1 -1 -1 1 
283 3 Car -1.000000 -1 -1 587.720825 171.51754799999998 619.299519 202.72570799999997 -1 -1 -1 -1 -1 -1 -1 -1 1 
284 3 Car -1.000000 -1 -1 587.514643 171.39561399999997 619.112574 202.62331299999997 -1 -1 -1 -1 -1 -1 -1 -1 1 
285 3 Car -1.000000 -1 -1 587.3082410000001 171.273517 618.9253510000001 202.520792 -1 -1 -1 -1 -1 -1 -1 -1 1 
286 3 Car -1.000000 -1 -1 587.439457 171.448247 619.076317 202.71538 -1 -1 -1 -1 -1 -1 -1 -1 1 
287 3 Car -1.000000 -1 -1 587.570866 171.62321399999996 619.290324 202.91020699999999 -1 -1 -1 -1 -1 -1 -1 -1 1 
288 3 Car -1.000000 -1 -1 587.7137150000001 172.896454 619.5232970000001 204.203552 -1 -1 -1 -1 -1 -1 -1 -1 1 
289 3 Car -1.000000 -1 -1 588.079722 171.917661 619.846089 203.200742 -1 -1 -1 -1 -1 -1 -1 -1 1 
290 3 Car -1.000000 -1 -1 588.445162 170.940373 620.168427 202.199488 -1 -1 -1 -1 -1 -1 -1 -1 1 
291 3 Car -1.000000 -1 -1 588.810037 169.964586 620.490313 201.199785 -1 -1 -1 -1 -1 -1 -1 -1 1 
292 3 Car -1.000000 -1 -1 589.174347 168.990297 620.811747 200.201632 -1 -1 -1 -1 -1 -1 -1 -1 1 
293 3 Car -1.000000 -1 -1 589.584814 169.611815 621.176157 200.799655 -1 -1 -1 -1 -1 -1 -1 -1 1 
294 3 Car -1.000000 -1 -1 589.9946660000002 170.232411 621.5400730000001 201.396781 -1 -1 -1 -1 -1 -1 -1 -1 1 
295 3 Car -1.000000 -1 -1 590.403905 170.852086 621.914565 201.993013 -1 -1 -1 -1 -1 -1 -1 -1 1 
296 3 Car -1.000000 -1 -1 590.8125320000001 171.470842 622.3000740000001 202.588352 -1 -1 -1 -1 -1 -1 -1 -1 1 
297 3 Car -1.000000 -1 -1 591.220548 172.088682 622.68501 203.182801 -1 -1 -1 -1 -1 -1 -1 -1 1 
298 3 Car -1.000000 -1 -1 591.627956 172.705607 623.069376 203.776361 -1 -1 -1 -1 -1 -1 -1 -1 1 
299 3 Car -1.000000 -1 -1 592.18548 172.956879 623.552204 203.953185 -1 -1 -1 -1 -1 -1 -1 -1 1 
300 3 Car -1.000000 -1 -1 592.740341 173.206953 624.032729 204.129164 -1 -1 -1 -1 -1 -1 -1 -1 1 
301 3 Car -1.000000 -1 -1 593.2925580000001 173.45583899999997 624.5109680000002 204.30430299999998 -1 -1 -1 -1 -1 -1 -1 -1 1 
302 3 Car -1.000000 -1 -1 593.84215 173.70354399999997 624.986937 204.47860999999997 -1 -1 -1 -1 -1 -1 -1 -1 1 
303 3 Car -1.000000 -1 -1 594.389136 173.95007700000002 625.460652 204.65209000000002 -1 -1 -1 -1 -1 -1 -1 -1 1 
304 3 Car -1.000000 -1 -1 594.7846410000001 175.363437 625.7834540000001 205.992734 -1 -1 -1 -1 -1 -1 -1 -1 1 
305 3 Car -1.000000 -1 -1 595.17829 176.770176 626.104743 207.32708 -1 -1 -1 -1 -1 -1 -1 -1 1 
306 3 Car -1.000000 -1 -1 595.111359 176.847636 625.964281 207.332004 -1 -1 -1 -1 -1 -1 -1 -1 1 
307 3 Car -1.000000 -1 -1 595.044745 176.92473 625.824483 207.336904 -1 -1 -1 -1 -1 -1 -1 -1 1 
308 3 Car -1.000000 -1 -1 594.978446 177.001461 625.685343 207.34178 -1 -1 -1 -1 -1 -1 -1 -1 1 
309 3 Car -1.000000 -1 -1 594.776337 178.523796 625.447025 208.828054 -1 -1 -1 -1 -1 -1 -1 -1 1 
310 3 Car -1.000000 -1 -1 594.574701 180.042592 625.209261 210.310852 -1 -1 -1 -1 -1 -1 -1 -1 1 
311 3 Car -1.000000 -1 -1 594.852582 179.511626 625.451211 209.744265 -1 -1 -1 -1 -1 -1 -1 -1 1 
312 3 Car -1.000000 -1 -1 594.355708 180.80689 624.917684 211.054811 -1 -1 -1 -1 -1 -1 -1 -1 1 
313 3 Car -1.000000 -1 -1 593.8600010000001 182.03797000000003 624.3854040000001 212.36227500000004 -1 -1 -1 -1 -1 -1 -1 -1 1 
