2 1 Car -1.000000 -1 -1 138.44446499999998 187.587268 430.7349669999999 312.47003 -1 -1 -1 -1 -1 -1 -1 -1 1 
3 1 Car -1.000000 -1 -1 46.844795000000005 186.61841600000002 377.060349 324.182503 -1 -1 -1 -1 -1 -1 -1 -1 1 
4 1 Car -1.000000 -1 -1 0.0 189.06868499999996 314.454345 341.820162 -1 -1 -1 -1 -1 -1 -1 -1 1 
5 1 Car -1.000000 -1 -1 0.0 195.34393600000004 244.889552 350.93847500000004 -1 -1 -1 -1 -1 -1 -1 -1 1 
6 1 Car -1.000000 -1 -1 1.4210854715202004e-14 192.929778 162.25951699999996 346.552173 -1 -1 -1 -1 -1 -1 -1 -1 1 
6 2 Car -1.000000 -1 -1 1143.113112 177.315573 1241.0 220.746381 -1 -1 -1 -1 -1 -1 -1 -1 1 
7 1 Car -1.000000 -1 -1 3.552713678800501e-15 198.354147 63.412266 350.060019 -1 -1 -1 -1 -1 -1 -1 -1 1 
7 2 Car -1.000000 -1 -1 1108.114386 176.555258 1241.0 219.924904 -1 -1 -1 -1 -1 -1 -1 -1 1 
8 1 Car -1.000000 -1 -1 -49.15572645040865 199.94092889232093 16.788985557852584 357.7095570134312 -1 -1 -1 -1 -1 -1 -1 -1 1 
8 2 Car -1.000000 -1 -1 1076.795708 176.87171 1212.834693 219.42007 -1 -1 -1 -1 -1 -1 -1 -1 1 
9 2 Car -1.000000 -1 -1 1047.1796490000002 177.222947 1179.5428950000003 218.759266 -1 -1 -1 -1 -1 -1 -1 -1 1 
10 2 Car -1.000000 -1 -1 1017.0142349999999 176.53113 1144.2386769999998 216.930101 -1 -1 -1 -1 -1 -1 -1 -1 1 
11 2 Car -1.000000 -1 -1 989.1602770000001 176.83295099999998 1111.8892340000002 216.14778399999997 -1 -1 -1 -1 -1 -1 -1 -1 1 
12 2 Car -1.000000 -1 -1 962.794664 177.120058 1081.11907 215.406173 -1 -1 -1 -1 -1 -1 -1 -1 1 
13 2 Car -1.000000 -1 -1 939.1156170000002 176.50850000000003 1053.1845160000003 213.77903900000004 -1 -1 -1 -1 -1 -1 -1 -1 1 
14 2 Car -1.000000 -1 -1 916.6210570000001 175.92636300000004 1026.5673070000003 212.23410200000004 -1 -1 -1 -1 -1 -1 -1 -1 1 
15 2 Car -1.000000 -1 -1 895.501738 175.622174 1001.287387 210.987784 -1 -1 -1 -1 -1 -1 -1 -1 1 
16 2 Car -1.000000 -1 -1 875.486875 175.332773 977.154046 209.803253 -1 -1 -1 -1 -1 -1 -1 -1 1 
17 2 Car -1.000000 -1 -1 856.564871 175.050985 953.988138 208.606554 -1 -1 -1 -1 -1 -1 -1 -1 1 
18 2 Car -1.000000 -1 -1 838.6457360000002 174.78331200000002 931.9044830000001 207.47073000000003 -1 -1 -1 -1 -1 -1 -1 -1 1 
19 2 Car -1.000000 -1 -1 823.46668 174.528525 912.826785 206.412857 -1 -1 -1 -1 -1 -1 -1 -1 1 
20 2 Car -1.000000 -1 -1 809.039417 174.285676 894.571851 205.404909 -1 -1 -1 -1 -1 -1 -1 -1 1 
21 2 Car -1.000000 -1 -1 795.310384 174.053998 877.086942 204.443475 -1 -1 -1 -1 -1 -1 -1 -1 1 
22 2 Car -1.000000 -1 -1 782.12421 174.038126 860.47272 203.666103 -1 -1 -1 -1 -1 -1 -1 -1 1 
23 2 Car -1.000000 -1 -1 769.56059 174.02313300000003 844.632718 202.92673800000003 -1 -1 -1 -1 -1 -1 -1 -1 1 
24 2 Car -1.000000 -1 -1 757.576682 174.008959 829.513836 202.222666 -1 -1 -1 -1 -1 -1 -1 -1 1 
25 2 Car -1.000000 -1 -1 747.336965 173.993694 816.272465 201.51563 -1 -1 -1 -1 -1 -1 -1 -1 1 
26 2 Car -1.000000 -1 -1 737.5715829999999 173.979259 803.6365239999999 200.84245 -1 -1 -1 -1 -1 -1 -1 -1 1 
27 2 Car -1.000000 -1 -1 728.2485340000001 173.965597 791.5652220000001 200.200757 -1 -1 -1 -1 -1 -1 -1 -1 1 
28 2 Car -1.000000 -1 -1 720.6135340000001 173.95264000000003 780.4288760000001 199.57819000000003 -1 -1 -1 -1 -1 -1 -1 -1 1 
29 2 Car -1.000000 -1 -1 713.364354 173.94095200000004 769.729316 198.98315700000003 -1 -1 -1 -1 -1 -1 -1 -1 1 
30 2 Car -1.000000 -1 -1 706.920171 173.92886700000003 759.863632 198.38555500000004 -1 -1 -1 -1 -1 -1 -1 -1 1 
31 2 Car -1.000000 -1 -1 700.801476 173.917982 750.388988 197.814578 -1 -1 -1 -1 -1 -1 -1 -1 1 
32 2 Car -1.000000 -1 -1 695.608529 173.843684 742.618573 197.174224 -1 -1 -1 -1 -1 -1 -1 -1 1 
33 2 Car -1.000000 -1 -1 690.6561669999999 173.77295 735.1846729999999 196.563408 -1 -1 -1 -1 -1 -1 -1 -1 1 
34 2 Car -1.000000 -1 -1 685.928284 173.70554800000002 728.065753 195.98014300000003 -1 -1 -1 -1 -1 -1 -1 -1 1 
35 2 Car -1.000000 -1 -1 681.410147 173.64126600000003 721.242115 195.42261600000003 -1 -1 -1 -1 -1 -1 -1 -1 1 
36 2 Car -1.000000 -1 -1 678.192323 173.579141 715.873131 194.885455 -1 -1 -1 -1 -1 -1 -1 -1 1 
37 2 Car -1.000000 -1 -1 675.1144220000001 173.519809 710.7174630000001 194.371154 -1 -1 -1 -1 -1 -1 -1 -1 1 
38 2 Car -1.000000 -1 -1 672.16766 173.463101 705.762597 193.878293 -1 -1 -1 -1 -1 -1 -1 -1 1 
38 4 Car -1.000000 -1 -1 1009.9849599999999 200.48156700000004 1241.0 374.0 -1 -1 -1 -1 -1 -1 -1 -1 1 
39 2 Car -1.000000 -1 -1 669.258963 173.404874 701.630127 193.381231 -1 -1 -1 -1 -1 -1 -1 -1 1 
39 4 Car -1.000000 -1 -1 958.0456640000001 197.207671 1241.0 374.0 -1 -1 -1 -1 -1 -1 -1 -1 1 
40 2 Car -1.000000 -1 -1 666.4658099999999 173.34909 697.6691689999999 192.905123 -1 -1 -1 -1 -1 -1 -1 -1 1 
40 4 Car -1.000000 -1 -1 917.2791889999999 194.650221 1241.0 374.0 -1 -1 -1 -1 -1 -1 -1 -1 1 
41 2 Car -1.000000 -1 -1 663.7814700000001 173.295599 693.8692420000001 192.448674 -1 -1 -1 -1 -1 -1 -1 -1 1 
41 4 Car -1.000000 -1 -1 884.5150439999999 192.53146300000003 1241.0 374.0 -1 -1 -1 -1 -1 -1 -1 -1 1 
42 2 Car -1.000000 -1 -1 661.9321890000001 173.284196 690.5350570000002 192.012076 -1 -1 -1 -1 -1 -1 -1 -1 1 
42 4 Car -1.000000 -1 -1 857.7679780000001 190.79848600000003 1184.9323610000001 374.0 -1 -1 -1 -1 -1 -1 -1 -1 1 
43 2 Car -1.000000 -1 -1 660.1623480000001 173.273369 687.3400930000001 191.594476 -1 -1 -1 -1 -1 -1 -1 -1 1 
43 4 Car -1.000000 -1 -1 835.5199479999999 189.354718 1110.7027479999997 350.268222 -1 -1 -1 -1 -1 -1 -1 -1 1 
44 2 Car -1.000000 -1 -1 658.4670159999998 173.26308 684.2757419999999 191.19466 -1 -1 -1 -1 -1 -1 -1 -1 1 
44 4 Car -1.000000 -1 -1 816.211632 188.11109899999997 1051.659218 330.331451 -1 -1 -1 -1 -1 -1 -1 -1 1 
44 6 Car -1.000000 -1 -1 1094.205402 186.334631 1241.0 318.236877 -1 -1 -1 -1 -1 -1 -1 -1 1 
45 2 Car -1.000000 -1 -1 656.8416569999999 173.253298 681.3341039999999 190.811519 -1 -1 -1 -1 -1 -1 -1 -1 1 
45 4 Car -1.000000 -1 -1 799.7240919999999 187.04794399999997 1004.4993739999999 314.4371689999999 -1 -1 -1 -1 -1 -1 -1 -1 1 
45 6 Car -1.000000 -1 -1 1060.8387039999998 185.44169400000004 1240.9999999999998 317.8230080000001 -1 -1 -1 -1 -1 -1 -1 -1 1 
46 2 Car -1.000000 -1 -1 655.282087 173.24399 678.507909 190.444033 -1 -1 -1 -1 -1 -1 -1 -1 1 
46 4 Car -1.000000 -1 -1 785.481331 186.12863 965.963412 301.469041 -1 -1 -1 -1 -1 -1 -1 -1 1 
46 6 Car -1.000000 -1 -1 1027.9506529999999 184.56276399999996 1240.9999999999998 305.73354599999993 -1 -1 -1 -1 -1 -1 -1 -1 1 
47 2 Car -1.000000 -1 -1 651.5013043828169 173.2098853047898 674.1323370850486 189.96995169102965 -1 -1 -1 -1 -1 -1 -1 -1 1 
47 4 Car -1.000000 -1 -1 773.2018659999999 185.64604100000003 934.5344429999999 290.92640200000005 -1 -1 -1 -1 -1 -1 -1 -1 1 
47 6 Car -1.000000 -1 -1 999.362769 183.79978499999999 1241.0 294.07751799999994 -1 -1 -1 -1 -1 -1 -1 -1 1 
48 4 Car -1.000000 -1 -1 762.419363 185.22231799999997 908.075306 282.050668 -1 -1 -1 -1 -1 -1 -1 -1 1 
48 6 Car -1.000000 -1 -1 973.548508 183.112387 1191.753539 283.625184 -1 -1 -1 -1 -1 -1 -1 -1 1 
49 4 Car -1.000000 -1 -1 751.5487 184.14225799999997 882.792179 272.888688 -1 -1 -1 -1 -1 -1 -1 -1 1 
49 6 Car -1.000000 -1 -1 950.9363460000001 182.50956000000002 1144.7759890000002 274.8398490000001 -1 -1 -1 -1 -1 -1 -1 -1 1 
50 4 Car -1.000000 -1 -1 741.969118 183.190512 861.270578 265.089916 -1 -1 -1 -1 -1 -1 -1 -1 1 
50 6 Car -1.000000 -1 -1 930.9653839999999 181.976602 1104.6841009999998 267.352175 -1 -1 -1 -1 -1 -1 -1 -1 1 
51 4 Car -1.000000 -1 -1 733.463512 182.34549700000002 842.729171 258.371172 -1 -1 -1 -1 -1 -1 -1 -1 1 
51 6 Car -1.000000 -1 -1 912.0583900000001 181.48593 1068.849909 260.709367 -1 -1 -1 -1 -1 -1 -1 -1 1 
52 4 Car -1.000000 -1 -1 726.0661920000001 183.14660300000003 826.4135220000001 254.12319500000004 -1 -1 -1 -1 -1 -1 -1 -1 1 
52 6 Car -1.000000 -1 -1 895.178893 181.04784 1037.740724 254.943127 -1 -1 -1 -1 -1 -1 -1 -1 1 
53 4 Car -1.000000 -1 -1 718.095857 182.349865 810.277231 248.394915 -1 -1 -1 -1 -1 -1 -1 -1 1 
53 6 Car -1.000000 -1 -1 880.0173609999999 180.654312 1010.4798099999999 249.890689 -1 -1 -1 -1 -1 -1 -1 -1 1 
54 4 Car -1.000000 -1 -1 710.9672089999999 181.637267 796.1707989999999 243.387409 -1 -1 -1 -1 -1 -1 -1 -1 1 
54 6 Car -1.000000 -1 -1 866.152061 180.262409 986.704731 245.388847 -1 -1 -1 -1 -1 -1 -1 -1 1 
55 4 Car -1.000000 -1 -1 704.752212 180.981168 783.822031 238.848103 -1 -1 -1 -1 -1 -1 -1 -1 1 
55 6 Car -1.000000 -1 -1 853.5777270000001 179.872886 965.5825020000001 241.386201 -1 -1 -1 -1 -1 -1 -1 -1 1 
55 7 Car -1.000000 -1 -1 1116.159486 186.88923 1241.0 319.810937 -1 -1 -1 -1 -1 -1 -1 -1 1 
56 4 Car -1.000000 -1 -1 699.147562 180.354472 772.891123 234.830143 -1 -1 -1 -1 -1 -1 -1 -1 1 
56 6 Car -1.000000 -1 -1 839.967424 179.51675999999998 944.081699 237.75824499999996 -1 -1 -1 -1 -1 -1 -1 -1 1 
56 7 Car -1.000000 -1 -1 1078.49849 185.484398 1241.0 318.508825 -1 -1 -1 -1 -1 -1 -1 -1 1 
57 4 Car -1.000000 -1 -1 693.919606 179.927151 762.560151 231.297563 -1 -1 -1 -1 -1 -1 -1 -1 1 
57 6 Car -1.000000 -1 -1 829.932531 179.172102 927.239758 234.281144 -1 -1 -1 -1 -1 -1 -1 -1 1 
57 7 Car -1.000000 -1 -1 1046.1725059999999 185.46832799999999 1240.9999999999998 319.15577599999995 -1 -1 -1 -1 -1 -1 -1 -1 1 
57 8 Car -1.000000 -1 -1 1017.3617880000002 217.43222200000002 1241.0 374.0 -1 -1 -1 -1 -1 -1 -1 -1 1 
58 4 Car -1.000000 -1 -1 689.181331 179.545747 753.339995 228.145867 -1 -1 -1 -1 -1 -1 -1 -1 1 
58 6 Car -1.000000 -1 -1 819.248328 178.89243299999998 910.056954 231.20289599999998 -1 -1 -1 -1 -1 -1 -1 -1 1 
58 7 Car -1.000000 -1 -1 1018.0058520000001 185.454368 1241.0 315.433634 -1 -1 -1 -1 -1 -1 -1 -1 1 
58 8 Car -1.000000 -1 -1 966.2496769999999 211.93668300000002 1241.0 374.0 -1 -1 -1 -1 -1 -1 -1 -1 1 
59 4 Car -1.000000 -1 -1 684.8670179999999 179.203235 745.0606369999999 225.316607 -1 -1 -1 -1 -1 -1 -1 -1 1 
59 6 Car -1.000000 -1 -1 809.457483 178.639778 894.534921 228.422072 -1 -1 -1 -1 -1 -1 -1 -1 1 
59 7 Car -1.000000 -1 -1 990.0276410000001 183.48253 1241.0 300.361451 -1 -1 -1 -1 -1 -1 -1 -1 1 
59 8 Car -1.000000 -1 -1 926.106264 207.66860900000003 1241.0 374.0 -1 -1 -1 -1 -1 -1 -1 -1 1 
60 4 Car -1.000000 -1 -1 680.771103 178.87487899999996 737.246633 222.61410499999997 -1 -1 -1 -1 -1 -1 -1 -1 1 
60 6 Car -1.000000 -1 -1 800.1934509999999 178.405821 880.0734549999999 225.849096 -1 -1 -1 -1 -1 -1 -1 -1 1 
60 7 Car -1.000000 -1 -1 965.5045700000001 181.759144 1230.892289 287.863705 -1 -1 -1 -1 -1 -1 -1 -1 1 
60 8 Car -1.000000 -1 -1 888.3551779999999 203.70642799999996 1241.0 374.0 -1 -1 -1 -1 -1 -1 -1 -1 1 
61 4 Car -1.000000 -1 -1 677.030266 178.578577 730.195877 220.176189 -1 -1 -1 -1 -1 -1 -1 -1 1 
61 6 Car -1.000000 -1 -1 791.6574840000001 178.19284899999997 866.9097500000001 223.50696199999996 -1 -1 -1 -1 -1 -1 -1 -1 1 
61 7 Car -1.000000 -1 -1 940.3561619999999 181.799955 1178.5485239999998 279.230136 -1 -1 -1 -1 -1 -1 -1 -1 1 
61 8 Car -1.000000 -1 -1 858.0900040000001 200.535261 1241.0 374.0 -1 -1 -1 -1 -1 -1 -1 -1 1 
62 4 Car -1.000000 -1 -1 672.9119899999998 178.45864 723.2268249999998 217.993056 -1 -1 -1 -1 -1 -1 -1 -1 1 
62 6 Car -1.000000 -1 -1 783.767004 177.998159 854.87661 221.365936 -1 -1 -1 -1 -1 -1 -1 -1 1 
62 7 Car -1.000000 -1 -1 918.0526089999998 181.83626800000002 1134.208345 271.890349 -1 -1 -1 -1 -1 -1 -1 -1 1 
62 8 Car -1.000000 -1 -1 833.2857219999999 197.93971699999997 1235.7154679999999 374.0 -1 -1 -1 -1 -1 -1 -1 -1 1 
63 4 Car -1.000000 -1 -1 669.1421830000002 178.35005999999998 716.9174590000001 216.01616299999998 -1 -1 -1 -1 -1 -1 -1 -1 1 
63 6 Car -1.000000 -1 -1 775.99179 177.789123 843.014551 219.184106 -1 -1 -1 -1 -1 -1 -1 -1 1 
63 7 Car -1.000000 -1 -1 896.2525170000001 181.82163200000002 1092.5757430000003 265.02183 -1 -1 -1 -1 -1 -1 -1 -1 1 
63 8 Car -1.000000 -1 -1 811.6939130000001 195.61589300000003 1145.227766 374.0 -1 -1 -1 -1 -1 -1 -1 -1 1 
64 4 Car -1.000000 -1 -1 665.500819 178.109231 710.905198 214.015071 -1 -1 -1 -1 -1 -1 -1 -1 1 
64 6 Car -1.000000 -1 -1 768.8184370000001 177.598261 832.1842740000001 217.192059 -1 -1 -1 -1 -1 -1 -1 -1 1 
64 7 Car -1.000000 -1 -1 880.7213880000002 181.094045 1057.9869470000003 258.240454 -1 -1 -1 -1 -1 -1 -1 -1 1 
64 8 Car -1.000000 -1 -1 793.6313029999999 193.67088000000004 1076.9725979999998 361.97981100000004 -1 -1 -1 -1 -1 -1 -1 -1 1 
65 4 Car -1.000000 -1 -1 662.153262 177.889932 705.430319 212.192552 -1 -1 -1 -1 -1 -1 -1 -1 1 
65 6 Car -1.000000 -1 -1 762.179672 177.42330199999998 822.256763 215.36606499999996 -1 -1 -1 -1 -1 -1 -1 -1 1 
65 7 Car -1.000000 -1 -1 866.809735 180.297935 1027.8475 252.35205 -1 -1 -1 -1 -1 -1 -1 -1 1 
65 8 Car -1.000000 -1 -1 777.074699 191.91331499999998 1020.090258 339.50294499999995 -1 -1 -1 -1 -1 -1 -1 -1 1 
66 4 Car -1.000000 -1 -1 659.065355 177.689401 700.423828 210.525723 -1 -1 -1 -1 -1 -1 -1 -1 1 
66 6 Car -1.000000 -1 -1 754.894257 177.25066299999997 811.749371 213.59413699999996 -1 -1 -1 -1 -1 -1 -1 -1 1 
66 7 Car -1.000000 -1 -1 851.599532 179.826609 997.17744 246.866563 -1 -1 -1 -1 -1 -1 -1 -1 1 
66 8 Car -1.000000 -1 -1 762.9779910000001 190.416227 975.1638700000001 321.773482 -1 -1 -1 -1 -1 -1 -1 -1 1 
67 4 Car -1.000000 -1 -1 656.0668050000002 177.525718 695.5411560000001 208.949169 -1 -1 -1 -1 -1 -1 -1 -1 1 
67 6 Car -1.000000 -1 -1 748.140006 177.091975 802.091413 211.965474 -1 -1 -1 -1 -1 -1 -1 -1 1 
67 7 Car -1.000000 -1 -1 837.993373 179.415613 970.433331 242.094101 -1 -1 -1 -1 -1 -1 -1 -1 1 
67 8 Car -1.000000 -1 -1 750.572028 189.06661200000002 936.559383 306.8022010000001 -1 -1 -1 -1 -1 -1 -1 -1 1 
68 4 Car -1.000000 -1 -1 653.294411 177.375543 691.061335 207.502612 -1 -1 -1 -1 -1 -1 -1 -1 1 
68 6 Car -1.000000 -1 -1 741.513023 176.786806 793.121841 210.277223 -1 -1 -1 -1 -1 -1 -1 -1 1 
68 7 Car -1.000000 -1 -1 825.7503470000001 179.05406500000004 946.9065320000001 237.90412900000004 -1 -1 -1 -1 -1 -1 -1 -1 1 
68 8 Car -1.000000 -1 -1 739.8407949999998 187.89745899999997 904.8826639999999 294.54689799999994 -1 -1 -1 -1 -1 -1 -1 -1 1 
69 4 Car -1.000000 -1 -1 650.72353 177.23726899999997 686.936469 206.17060999999998 -1 -1 -1 -1 -1 -1 -1 -1 1 
69 6 Car -1.000000 -1 -1 735.8806050000001 176.502908 785.4055010000001 208.702209 -1 -1 -1 -1 -1 -1 -1 -1 1 
69 7 Car -1.000000 -1 -1 813.982152 178.608188 925.480215 233.919473 -1 -1 -1 -1 -1 -1 -1 -1 1 
69 8 Car -1.000000 -1 -1 730.122837 186.8653 877.861299 284.244086 -1 -1 -1 -1 -1 -1 -1 -1 1 
70 4 Car -1.000000 -1 -1 648.139072 177.00158899999997 682.86498 204.79119799999998 -1 -1 -1 -1 -1 -1 -1 -1 1 
70 6 Car -1.000000 -1 -1 730.6295810000001 176.240185 778.2630350000001 207.243856 -1 -1 -1 -1 -1 -1 -1 -1 1 
70 7 Car -1.000000 -1 -1 803.328743 178.212493 906.46718 230.386485 -1 -1 -1 -1 -1 -1 -1 -1 1 
70 8 Car -1.000000 -1 -1 721.596755 185.91115199999996 854.466483 275.10629399999993 -1 -1 -1 -1 -1 -1 -1 -1 1 
71 4 Car -1.000000 -1 -1 645.736004 176.783828 679.102978 203.516604 -1 -1 -1 -1 -1 -1 -1 -1 1 
71 6 Car -1.000000 -1 -1 724.978915 175.986831 770.71187 205.808027 -1 -1 -1 -1 -1 -1 -1 -1 1 
71 7 Car -1.000000 -1 -1 793.5589519999999 177.835467 889.0052709999999 227.011045 -1 -1 -1 -1 -1 -1 -1 -1 1 
71 8 Car -1.000000 -1 -1 714.0808319999999 185.06917699999997 834.5563269999999 267.340869 -1 -1 -1 -1 -1 -1 -1 -1 1 
71 10 Car -1.000000 -1 -1 1000.4755890000001 195.37560499999998 1241.0 374.0 -1 -1 -1 -1 -1 -1 -1 -1 1 
72 4 Car -1.000000 -1 -1 643.667058 176.591786 675.507557 202.315071 -1 -1 -1 -1 -1 -1 -1 -1 1 
72 6 Car -1.000000 -1 -1 719.709194 175.75216 763.71593 204.477435 -1 -1 -1 -1 -1 -1 -1 -1 1 
72 7 Car -1.000000 -1 -1 784.692092 177.499136 873.429355 224.002236 -1 -1 -1 -1 -1 -1 -1 -1 1 
72 8 Car -1.000000 -1 -1 707.1859609999999 184.49426799999998 817.3054429999999 260.66738999999995 -1 -1 -1 -1 -1 -1 -1 -1 1 
72 10 Car -1.000000 -1 -1 951.6238370000001 192.60232500000004 1241.0 374.0 -1 -1 -1 -1 -1 -1 -1 -1 1 
73 4 Car -1.000000 -1 -1 641.7379759999999 176.41366300000004 672.1727439999999 201.20096700000002 -1 -1 -1 -1 -1 -1 -1 -1 1 
73 6 Car -1.000000 -1 -1 714.652859 175.578148 756.353077 203.262983 -1 -1 -1 -1 -1 -1 -1 -1 1 
73 7 Car -1.000000 -1 -1 775.868692 177.16868999999997 858.165522 221.04691799999998 -1 -1 -1 -1 -1 -1 -1 -1 1 
73 8 Car -1.000000 -1 -1 700.236409 183.961404 801.158836 254.712438 -1 -1 -1 -1 -1 -1 -1 -1 1 
73 10 Car -1.000000 -1 -1 913.4169449999999 190.42350199999998 1241.0 374.0 -1 -1 -1 -1 -1 -1 -1 -1 1 
74 4 Car -1.000000 -1 -1 639.9350440000001 176.248 669.0711890000001 200.165083 -1 -1 -1 -1 -1 -1 -1 -1 1 
74 6 Car -1.000000 -1 -1 709.923875 175.41621100000003 749.50015 202.13344400000003 -1 -1 -1 -1 -1 -1 -1 -1 1 
74 7 Car -1.000000 -1 -1 767.553054 176.959024 844.618298 218.657611 -1 -1 -1 -1 -1 -1 -1 -1 1 
74 8 Car -1.000000 -1 -1 694.0294740000002 183.48536 787.1062460000002 249.531796 -1 -1 -1 -1 -1 -1 -1 -1 1 
74 10 Car -1.000000 -1 -1 879.9090260000002 188.56703700000003 1241.0 374.0 -1 -1 -1 -1 -1 -1 -1 -1 1 
75 4 Car -1.000000 -1 -1 638.19409 176.096391 666.148709 199.22331 -1 -1 -1 -1 -1 -1 -1 -1 1 
75 6 Car -1.000000 -1 -1 705.491481 175.265134 743.105911 201.080214 -1 -1 -1 -1 -1 -1 -1 -1 1 
75 7 Car -1.000000 -1 -1 759.3360280000002 176.75226600000002 831.4708750000001 216.36286900000002 -1 -1 -1 -1 -1 -1 -1 -1 1 
75 8 Car -1.000000 -1 -1 689.1023789999999 183.02790100000004 775.3005339999999 244.77192600000004 -1 -1 -1 -1 -1 -1 -1 -1 1 
75 10 Car -1.000000 -1 -1 852.705093 187.05824000000004 1241.0 374.0 -1 -1 -1 -1 -1 -1 -1 -1 1 
76 4 Car -1.000000 -1 -1 636.5573160000001 175.95444399999997 663.4124780000001 198.34177299999996 -1 -1 -1 -1 -1 -1 -1 -1 1 
76 6 Car -1.000000 -1 -1 701.3286539999999 175.123863 737.1257669999999 200.095813 -1 -1 -1 -1 -1 -1 -1 -1 1 
76 7 Car -1.000000 -1 -1 751.804535 176.565146 819.572847 214.286847 -1 -1 -1 -1 -1 -1 -1 -1 1 
76 8 Car -1.000000 -1 -1 684.670936 182.616373 764.905828 240.58227 -1 -1 -1 -1 -1 -1 -1 -1 1 
76 10 Car -1.000000 -1 -1 829.382199 185.73446 1238.188189 374.0 -1 -1 -1 -1 -1 -1 -1 -1 1 
77 4 Car -1.000000 -1 -1 635.015645 175.821266 660.845238 197.514872 -1 -1 -1 -1 -1 -1 -1 -1 1 
77 6 Car -1.000000 -1 -1 697.411557 174.991474 731.520721 199.173709 -1 -1 -1 -1 -1 -1 -1 -1 1 
77 7 Car -1.000000 -1 -1 745.452471 176.397407 809.437184 212.419744 -1 -1 -1 -1 -1 -1 -1 -1 1 
77 8 Car -1.000000 -1 -1 679.852991 182.002808 754.576447 236.485401 -1 -1 -1 -1 -1 -1 -1 -1 1 
77 10 Car -1.000000 -1 -1 809.9229359999999 184.62939500000002 1151.413739 372.225679 -1 -1 -1 -1 -1 -1 -1 -1 1 
78 4 Car -1.000000 -1 -1 633.5271009999999 175.69228699999996 658.3678209999999 196.71028399999997 -1 -1 -1 -1 -1 -1 -1 -1 1 
78 6 Car -1.000000 -1 -1 691.6223252227288 174.80035873209962 724.0369552226489 197.78135323882026 -1 -1 -1 -1 -1 -1 -1 -1 1 
78 7 Car -1.000000 -1 -1 739.584689 176.244075 800.172478 210.713519 -1 -1 -1 -1 -1 -1 -1 -1 1 
78 8 Car -1.000000 -1 -1 675.487806 181.446788 745.380029 232.838925 -1 -1 -1 -1 -1 -1 -1 -1 1 
78 10 Car -1.000000 -1 -1 791.905659 183.62323799999996 1079.506417 346.39946799999996 -1 -1 -1 -1 -1 -1 -1 -1 1 
79 4 Car -1.000000 -1 -1 632.1231809999999 175.571075 656.0395769999999 195.954302 -1 -1 -1 -1 -1 -1 -1 -1 1 
79 7 Car -1.000000 -1 -1 734.1478419999999 176.10337200000004 791.6710879999999 209.14823800000002 -1 -1 -1 -1 -1 -1 -1 -1 1 
79 8 Car -1.000000 -1 -1 671.5144270000001 180.940581 737.1398620000001 229.572439 -1 -1 -1 -1 -1 -1 -1 -1 1 
79 10 Car -1.000000 -1 -1 776.622734 182.769048 1023.935343 326.482741 -1 -1 -1 -1 -1 -1 -1 -1 1 
80 4 Car -1.000000 -1 -1 630.7968740000001 175.45695 653.8474240000002 195.24265 -1 -1 -1 -1 -1 -1 -1 -1 1 
80 7 Car -1.000000 -1 -1 729.096141 175.973798 783.84241 207.70713 -1 -1 -1 -1 -1 -1 -1 -1 1 
80 8 Car -1.000000 -1 -1 667.60806 180.681378 729.325445 226.809923 -1 -1 -1 -1 -1 -1 -1 -1 1 
80 10 Car -1.000000 -1 -1 763.024783 182.19237200000003 977.844522 310.17429300000003 -1 -1 -1 -1 -1 -1 -1 -1 1 
81 4 Car -1.000000 -1 -1 629.541917 175.349309 651.779764 194.571541 -1 -1 -1 -1 -1 -1 -1 -1 1 
81 7 Car -1.000000 -1 -1 724.132239 175.849845 776.268156 206.33942 -1 -1 -1 -1 -1 -1 -1 -1 1 
81 8 Car -1.000000 -1 -1 664.030497 180.41837799999996 722.262984 224.31375799999998 -1 -1 -1 -1 -1 -1 -1 -1 1 
81 10 Car -1.000000 -1 -1 751.302191 181.694906 940.659632 297.035093 -1 -1 -1 -1 -1 -1 -1 -1 1 
82 4 Car -1.000000 -1 -1 627.568460743052 175.19935048676487 648.8009405831358 193.55269387771153 -1 -1 -1 -1 -1 -1 -1 -1 1 
82 7 Car -1.000000 -1 -1 719.505221 175.735211 769.263544 205.074817 -1 -1 -1 -1 -1 -1 -1 -1 1 
82 8 Car -1.000000 -1 -1 660.7419 180.171213 715.848925 222.047196 -1 -1 -1 -1 -1 -1 -1 -1 1 
82 10 Car -1.000000 -1 -1 741.0920250000001 181.26137800000004 910.0268070000001 286.223129 -1 -1 -1 -1 -1 -1 -1 -1 1 
83 7 Car -1.000000 -1 -1 715.181922 175.62888300000003 762.76664 203.90208500000003 -1 -1 -1 -1 -1 -1 -1 -1 1 
83 8 Car -1.000000 -1 -1 657.6513970000001 179.93481099999997 709.8628340000001 219.91503399999996 -1 -1 -1 -1 -1 -1 -1 -1 1 
83 10 Car -1.000000 -1 -1 731.514674 180.394094 882.282243 275.799037 -1 -1 -1 -1 -1 -1 -1 -1 1 
84 7 Car -1.000000 -1 -1 710.378588 175.466501 754.998104 202.61373 -1 -1 -1 -1 -1 -1 -1 -1 1 
84 8 Car -1.000000 -1 -1 654.7984099999999 179.71883399999996 704.3942289999999 217.96750899999998 -1 -1 -1 -1 -1 -1 -1 -1 1 
84 10 Car -1.000000 -1 -1 723.130995 179.479157 859.05439 267.079348 -1 -1 -1 -1 -1 -1 -1 -1 1 
85 7 Car -1.000000 -1 -1 705.912894 175.31645600000002 747.816301 201.42408200000003 -1 -1 -1 -1 -1 -1 -1 -1 1 
85 8 Car -1.000000 -1 -1 652.156571 179.520745 699.378786 216.181634 -1 -1 -1 -1 -1 -1 -1 -1 1 
85 10 Car -1.000000 -1 -1 715.73092 178.701797 839.323314 259.677634 -1 -1 -1 -1 -1 -1 -1 -1 1 
86 7 Car -1.000000 -1 -1 701.750546 175.177399 741.157073 200.32222 -1 -1 -1 -1 -1 -1 -1 -1 1 
86 8 Car -1.000000 -1 -1 649.703277 179.33841 694.762419 214.538083 -1 -1 -1 -1 -1 -1 -1 -1 1 
86 10 Car -1.000000 -1 -1 708.677825 178.68670099999997 821.410813 253.74144599999997 -1 -1 -1 -1 -1 -1 -1 -1 1 
87 7 Car -1.000000 -1 -1 697.861736 175.048171 734.96529 199.298774 -1 -1 -1 -1 -1 -1 -1 -1 1 
87 8 Car -1.000000 -1 -1 647.635816 179.103317 690.671011 212.899354 -1 -1 -1 -1 -1 -1 -1 -1 1 
87 10 Car -1.000000 -1 -1 702.394273 178.673653 805.930909 248.614224 -1 -1 -1 -1 -1 -1 -1 -1 1 
87 11 Car -1.000000 -1 -1 962.6606340000001 178.42141200000003 1056.0540810000002 212.32181900000003 -1 -1 -1 -1 -1 -1 -1 -1 1 
87 12 Car -1.000000 -1 -1 1008.4404730000001 164.59323100000003 1241.0 374.0 -1 -1 -1 -1 -1 -1 -1 -1 1 
88 7 Car -1.000000 -1 -1 694.220437 174.92777 729.193316 198.345664 -1 -1 -1 -1 -1 -1 -1 -1 1 
88 8 Car -1.000000 -1 -1 645.711454 178.886214 686.892838 211.386266 -1 -1 -1 -1 -1 -1 -1 -1 1 
88 10 Car -1.000000 -1 -1 696.377473 178.626196 791.431952 243.749996 -1 -1 -1 -1 -1 -1 -1 -1 1 
88 11 Car -1.000000 -1 -1 951.037493 177.982553 1042.670036 211.449421 -1 -1 -1 -1 -1 -1 -1 -1 1 
88 12 Car -1.000000 -1 -1 959.0496189999999 163.05821500000002 1241.0 374.0 -1 -1 -1 -1 -1 -1 -1 -1 1 
89 7 Car -1.000000 -1 -1 688.5754137365956 174.77300758556518 721.6453613179971 196.91685103297692 -1 -1 -1 -1 -1 -1 -1 -1 1 
89 8 Car -1.000000 -1 -1 643.9158300000001 178.685112 683.3932530000001 209.984904 -1 -1 -1 -1 -1 -1 -1 -1 1 
89 10 Car -1.000000 -1 -1 690.997784 178.58483 778.795677 239.51257 -1 -1 -1 -1 -1 -1 -1 -1 1 
89 11 Car -1.000000 -1 -1 939.6892230000001 177.554072 1029.6005690000002 210.598464 -1 -1 -1 -1 -1 -1 -1 -1 1 
89 12 Car -1.000000 -1 -1 920.4440530000002 161.54247299999997 1241.0 374.0 -1 -1 -1 -1 -1 -1 -1 -1 1 
90 8 Car -1.000000 -1 -1 642.236444 178.498306 680.142539 208.683334 -1 -1 -1 -1 -1 -1 -1 -1 1 
90 10 Car -1.000000 -1 -1 685.77215 178.117794 767.016961 235.212603 -1 -1 -1 -1 -1 -1 -1 -1 1 
90 11 Car -1.000000 -1 -1 928.606207 177.135608 1016.834696 209.768168 -1 -1 -1 -1 -1 -1 -1 -1 1 
90 12 Car -1.000000 -1 -1 885.798855 160.43931699999996 1241.0 374.0 -1 -1 -1 -1 -1 -1 -1 -1 1 
91 8 Car -1.000000 -1 -1 640.375331 178.316222 676.75524 207.426731 -1 -1 -1 -1 -1 -1 -1 -1 1 
91 10 Car -1.000000 -1 -1 681.065554 177.70583 756.628228 231.421422 -1 -1 -1 -1 -1 -1 -1 -1 1 
91 11 Car -1.000000 -1 -1 919.7152590000001 177.110591 1006.5556680000001 209.397836 -1 -1 -1 -1 -1 -1 -1 -1 1 
91 12 Car -1.000000 -1 -1 857.791913 161.56176099999996 1241.0 374.0 -1 -1 -1 -1 -1 -1 -1 -1 1 
92 8 Car -1.000000 -1 -1 638.6312290000001 178.146633 673.6004570000001 206.256494 -1 -1 -1 -1 -1 -1 -1 -1 1 
92 10 Car -1.000000 -1 -1 676.804327 177.339739 747.397143 228.053768 -1 -1 -1 -1 -1 -1 -1 -1 1 
92 11 Car -1.000000 -1 -1 910.997439 177.086082 996.485622 209.035249 -1 -1 -1 -1 -1 -1 -1 -1 1 
92 12 Car -1.000000 -1 -1 834.682245 162.339341 1241.0 374.0 -1 -1 -1 -1 -1 -1 -1 -1 1 
93 8 Car -1.000000 -1 -1 636.961215 177.979895 670.576797 205.120714 -1 -1 -1 -1 -1 -1 -1 -1 1 
93 10 Car -1.000000 -1 -1 672.741367 176.993071 738.694251 224.857317 -1 -1 -1 -1 -1 -1 -1 -1 1 
93 11 Car -1.000000 -1 -1 902.4477400000001 177.062067 986.6182500000001 208.680168 -1 -1 -1 -1 -1 -1 -1 -1 1 
93 12 Car -1.000000 -1 -1 813.748593 163.84500300000002 1154.454597 372.135172 -1 -1 -1 -1 -1 -1 -1 -1 1 
94 8 Car -1.000000 -1 -1 635.393575 177.82425 667.754374 204.060614 -1 -1 -1 -1 -1 -1 -1 -1 1 
94 10 Car -1.000000 -1 -1 669.050533 176.683172 730.915007 222.000873 -1 -1 -1 -1 -1 -1 -1 -1 1 
94 11 Car -1.000000 -1 -1 894.061344 177.03853000000004 976.947491 208.33236100000002 -1 -1 -1 -1 -1 -1 -1 -1 1 
94 12 Car -1.000000 -1 -1 796.127215 164.98577899999998 1084.934707 347.123061 -1 -1 -1 -1 -1 -1 -1 -1 1 
95 8 Car -1.000000 -1 -1 633.919174 177.678626 665.113744 203.068874 -1 -1 -1 -1 -1 -1 -1 -1 1 
95 10 Car -1.000000 -1 -1 665.68294 176.40448599999996 723.919779 219.43292499999998 -1 -1 -1 -1 -1 -1 -1 -1 1 
95 11 Car -1.000000 -1 -1 885.833619 177.01545800000002 967.467529 207.99160700000002 -1 -1 -1 -1 -1 -1 -1 -1 1 
95 12 Car -1.000000 -1 -1 781.0896869999999 165.87307600000003 1030.8983199999998 327.69112500000006 -1 -1 -1 -1 -1 -1 -1 -1 1 
96 8 Car -1.000000 -1 -1 632.529935 177.542086 662.637892 202.139086 -1 -1 -1 -1 -1 -1 -1 -1 1 
96 10 Car -1.000000 -1 -1 662.4163939999999 176.27112799999998 717.1445539999999 217.04890599999996 -1 -1 -1 -1 -1 -1 -1 -1 1 
96 11 Car -1.000000 -1 -1 877.760104 176.992837 958.172772 207.657693 -1 -1 -1 -1 -1 -1 -1 -1 1 
96 12 Car -1.000000 -1 -1 767.262387 166.69595600000002 984.079694 311.603079 -1 -1 -1 -1 -1 -1 -1 -1 1 
97 8 Car -1.000000 -1 -1 631.108188 177.364663 660.154743 201.184086 -1 -1 -1 -1 -1 -1 -1 -1 1 
97 10 Car -1.000000 -1 -1 659.4351669999999 176.150993 711.0414849999999 214.901854 -1 -1 -1 -1 -1 -1 -1 -1 1 
97 11 Car -1.000000 -1 -1 869.836503 176.97065399999997 949.057844 207.33041699999998 -1 -1 -1 -1 -1 -1 -1 -1 1 
97 12 Car -1.000000 -1 -1 755.991523 167.37803199999996 946.482134 298.177455 -1 -1 -1 -1 -1 -1 -1 -1 1 
98 8 Car -1.000000 -1 -1 629.767357 177.19809499999997 657.823581 200.28759799999997 -1 -1 -1 -1 -1 -1 -1 -1 1 
98 10 Car -1.000000 -1 -1 656.70344 176.042207 705.515274 212.958113 -1 -1 -1 -1 -1 -1 -1 -1 1 
98 11 Car -1.000000 -1 -1 863.725886 176.706687 941.998178 206.812311 -1 -1 -1 -1 -1 -1 -1 -1 1 
98 12 Car -1.000000 -1 -1 746.167471 167.94020900000004 915.505284 287.13551700000005 -1 -1 -1 -1 -1 -1 -1 -1 1 
98 13 Car -1.000000 -1 -1 989.222878 203.28047000000004 1241.0 374.0 -1 -1 -1 -1 -1 -1 -1 -1 1 
99 8 Car -1.000000 -1 -1 628.5007250000001 177.041417 655.6308680000001 199.444404 -1 -1 -1 -1 -1 -1 -1 -1 1 
99 10 Car -1.000000 -1 -1 654.191151 175.94323499999996 700.487826 211.19010799999998 -1 -1 -1 -1 -1 -1 -1 -1 1 
99 11 Car -1.000000 -1 -1 857.707918 176.44688099999996 935.04976 206.30259499999997 -1 -1 -1 -1 -1 -1 -1 -1 1 
99 12 Car -1.000000 -1 -1 736.2090680000001 168.42156899999998 888.2701840000001 277.449567 -1 -1 -1 -1 -1 -1 -1 -1 1 
99 13 Car -1.000000 -1 -1 936.3832819999999 198.88958300000002 1241.0 374.0 -1 -1 -1 -1 -1 -1 -1 -1 1 
100 8 Car -1.000000 -1 -1 627.3023 176.893773 653.564626 198.64989 -1 -1 -1 -1 -1 -1 -1 -1 1 
100 10 Car -1.000000 -1 -1 651.360199 175.892384 695.224052 209.540036 -1 -1 -1 -1 -1 -1 -1 -1 1 
100 11 Car -1.000000 -1 -1 851.780508 176.19113600000003 928.209981 205.80106600000002 -1 -1 -1 -1 -1 -1 -1 -1 1 
100 12 Car -1.000000 -1 -1 727.433095 168.82735099999996 865.31769 269.28573299999994 -1 -1 -1 -1 -1 -1 -1 -1 1 
100 13 Car -1.000000 -1 -1 896.238805 195.56093199999998 1241.0 374.0 -1 -1 -1 -1 -1 -1 -1 -1 1 
101 8 Car -1.000000 -1 -1 626.166716 176.754403 651.614218 197.899958 -1 -1 -1 -1 -1 -1 -1 -1 1 
101 10 Car -1.000000 -1 -1 648.749704 175.845938 690.416447 208.033191 -1 -1 -1 -1 -1 -1 -1 -1 1 
101 11 Car -1.000000 -1 -1 846.908137 176.171835 922.443101 205.574559 -1 -1 -1 -1 -1 -1 -1 -1 1 
101 12 Car -1.000000 -1 -1 719.640802 169.174061 845.711228 262.31136 -1 -1 -1 -1 -1 -1 -1 -1 1 
101 13 Car -1.000000 -1 -1 864.0047009999998 192.85594200000003 1241.0 374.0 -1 -1 -1 -1 -1 -1 -1 -1 1 
102 8 Car -1.000000 -1 -1 624.4828181015591 176.5810456368448 648.8219007906188 196.80573103157886 -1 -1 -1 -1 -1 -1 -1 -1 1 
102 10 Car -1.000000 -1 -1 646.3556389999999 175.803765 686.0227039999999 206.645517 -1 -1 -1 -1 -1 -1 -1 -1 1 
102 11 Car -1.000000 -1 -1 842.108223 176.15283 916.748658 205.351134 -1 -1 -1 -1 -1 -1 -1 -1 1 
102 12 Car -1.000000 -1 -1 712.313667 169.485213 827.968485 256.041087 -1 -1 -1 -1 -1 -1 -1 -1 1 
102 13 Car -1.000000 -1 -1 838.2352090000002 190.693449 1163.9835520000001 374.0 -1 -1 -1 -1 -1 -1 -1 -1 1 
103 10 Car -1.000000 -1 -1 643.836865 175.756578 681.581853 205.306167 -1 -1 -1 -1 -1 -1 -1 -1 1 
103 11 Car -1.000000 -1 -1 837.379198 176.134116 911.125271 205.130729 -1 -1 -1 -1 -1 -1 -1 -1 1 
103 12 Car -1.000000 -1 -1 705.753728 169.755347 812.567625 250.598195 -1 -1 -1 -1 -1 -1 -1 -1 1 
103 13 Car -1.000000 -1 -1 817.162832 188.92512700000003 1088.614594 346.8324600000001 -1 -1 -1 -1 -1 -1 -1 -1 1 
103 14 Car -1.000000 -1 -1 1077.9740700000002 186.057617 1241.0000000000002 324.174894 -1 -1 -1 -1 -1 -1 -1 -1 1 
104 10 Car -1.000000 -1 -1 641.502066 175.71317899999997 677.497629 204.07452499999997 -1 -1 -1 -1 -1 -1 -1 -1 1 
104 11 Car -1.000000 -1 -1 832.719533 176.115687 905.571593 204.913281 -1 -1 -1 -1 -1 -1 -1 -1 1 
104 12 Car -1.000000 -1 -1 699.818211 169.993332 798.692548 245.56483 -1 -1 -1 -1 -1 -1 -1 -1 1 
104 13 Car -1.000000 -1 -1 797.711376 187.83024999999998 1026.348712 325.157697 -1 -1 -1 -1 -1 -1 -1 -1 1 
104 14 Car -1.000000 -1 -1 1037.703007 184.89354499999996 1241.0 322.91068299999995 -1 -1 -1 -1 -1 -1 -1 -1 1 
105 10 Car -1.000000 -1 -1 639.452911 175.448078 673.86002 202.711544 -1 -1 -1 -1 -1 -1 -1 -1 1 
105 11 Car -1.000000 -1 -1 828.127749 176.097537 900.086318 204.698734 -1 -1 -1 -1 -1 -1 -1 -1 1 
105 12 Car -1.000000 -1 -1 694.4740790000001 170.202227 786.5154960000001 241.147444 -1 -1 -1 -1 -1 -1 -1 -1 1 
105 13 Car -1.000000 -1 -1 781.456747 186.91531700000002 978.15536 308.38147100000003 -1 -1 -1 -1 -1 -1 -1 -1 1 
105 14 Car -1.000000 -1 -1 1002.2198669999999 183.86001499999998 1241.0 316.82403 -1 -1 -1 -1 -1 -1 -1 -1 1 
106 10 Car -1.000000 -1 -1 637.5433799999998 175.202695 670.4930839999998 201.450114 -1 -1 -1 -1 -1 -1 -1 -1 1 
106 11 Car -1.000000 -1 -1 823.6024 176.07966199999998 894.668166 204.48702899999998 -1 -1 -1 -1 -1 -1 -1 -1 1 
106 12 Car -1.000000 -1 -1 689.4664929999999 170.41744799999998 775.4719779999999 237.39290199999996 -1 -1 -1 -1 -1 -1 -1 -1 1 
106 13 Car -1.000000 -1 -1 767.670697 186.13933600000001 939.748179 295.0117660000001 -1 -1 -1 -1 -1 -1 -1 -1 1 
106 14 Car -1.000000 -1 -1 972.0585489999999 182.98092400000002 1241.0 300.9171170000001 -1 -1 -1 -1 -1 -1 -1 -1 1 
107 10 Car -1.000000 -1 -1 635.759672 174.97490899999997 667.367691 200.27929199999997 -1 -1 -1 -1 -1 -1 -1 -1 1 
107 11 Car -1.000000 -1 -1 820.7123510000001 175.86472299999997 891.1266200000001 204.14082699999997 -1 -1 -1 -1 -1 -1 -1 -1 1 
107 12 Car -1.000000 -1 -1 684.655501 170.613057 764.990109 233.79189 -1 -1 -1 -1 -1 -1 -1 -1 1 
107 13 Car -1.000000 -1 -1 755.794511 185.20245700000004 908.814139 283.87678000000005 -1 -1 -1 -1 -1 -1 -1 -1 1 
107 14 Car -1.000000 -1 -1 946.122282 182.232729 1209.360712 288.266808 -1 -1 -1 -1 -1 -1 -1 -1 1 
108 10 Car -1.000000 -1 -1 634.0897479999999 174.762894 664.4587519999999 199.189655 -1 -1 -1 -1 -1 -1 -1 -1 1 
108 11 Car -1.000000 -1 -1 817.852654 175.651617 887.61114 203.797669 -1 -1 -1 -1 -1 -1 -1 -1 1 
108 12 Car -1.000000 -1 -1 680.5227949999999 170.788002 755.9334579999999 230.586349 -1 -1 -1 -1 -1 -1 -1 -1 1 
108 13 Car -1.000000 -1 -1 744.856572 184.330101 881.483638 274.008354 -1 -1 -1 -1 -1 -1 -1 -1 1 
108 14 Car -1.000000 -1 -1 923.5423840000001 181.58104599999996 1154.7449620000002 277.87961599999994 -1 -1 -1 -1 -1 -1 -1 -1 1 
109 10 Car -1.000000 -1 -1 632.5230570000001 174.565065 661.7445310000002 198.173041 -1 -1 -1 -1 -1 -1 -1 -1 1 
109 11 Car -1.000000 -1 -1 815.0228530000002 175.44032299999998 884.1214330000001 203.45751799999996 -1 -1 -1 -1 -1 -1 -1 -1 1 
109 12 Car -1.000000 -1 -1 676.7449789999998 170.945225 747.7950029999998 227.706406 -1 -1 -1 -1 -1 -1 -1 -1 1 
109 13 Car -1.000000 -1 -1 735.3368899999999 183.57104599999997 858.6125999999999 265.7475549999999 -1 -1 -1 -1 -1 -1 -1 -1 1 
109 14 Car -1.000000 -1 -1 903.7069389999999 181.008332 1109.0627559999998 269.198102 -1 -1 -1 -1 -1 -1 -1 -1 1 
110 10 Car -1.000000 -1 -1 630.7902059999999 174.484674 658.9194939999999 197.322729 -1 -1 -1 -1 -1 -1 -1 -1 1 
110 11 Car -1.000000 -1 -1 812.2225000000001 175.23082 880.6572150000001 203.120337 -1 -1 -1 -1 -1 -1 -1 -1 1 
110 12 Car -1.000000 -1 -1 672.887033 171.087802 739.817214 224.970522 -1 -1 -1 -1 -1 -1 -1 -1 1 
110 13 Car -1.000000 -1 -1 727.071818 182.913027 839.422657 258.817886 -1 -1 -1 -1 -1 -1 -1 -1 1 
110 14 Car -1.000000 -1 -1 885.251027 180.433871 1068.325144 261.446241 -1 -1 -1 -1 -1 -1 -1 -1 1 
111 10 Car -1.000000 -1 -1 629.158805 174.409354 656.272681 196.526121 -1 -1 -1 -1 -1 -1 -1 -1 1 
111 11 Car -1.000000 -1 -1 809.7849589999998 175.202146 877.8086909999998 202.986498 -1 -1 -1 -1 -1 -1 -1 -1 1 
111 12 Car -1.000000 -1 -1 669.414094 171.160532 732.522536 222.536408 -1 -1 -1 -1 -1 -1 -1 -1 1 
111 13 Car -1.000000 -1 -1 719.278493 182.283163 821.794269 252.427118 -1 -1 -1 -1 -1 -1 -1 -1 1 
111 14 Car -1.000000 -1 -1 868.895485 179.81924 1033.590647 254.840474 -1 -1 -1 -1 -1 -1 -1 -1 1 
112 10 Car -1.000000 -1 -1 627.620198 174.338638 653.787743 195.778283 -1 -1 -1 -1 -1 -1 -1 -1 1 
112 11 Car -1.000000 -1 -1 807.364712 175.173682 874.980881 202.853662 -1 -1 -1 -1 -1 -1 -1 -1 1 
112 12 Car -1.000000 -1 -1 666.208031 171.226831 725.873496 220.318806 -1 -1 -1 -1 -1 -1 -1 -1 1 
112 13 Car -1.000000 -1 -1 712.377176 181.725483 806.599159 246.917453 -1 -1 -1 -1 -1 -1 -1 -1 1 
112 14 Car -1.000000 -1 -1 854.30107 179.288883 1003.623393 249.144126 -1 -1 -1 -1 -1 -1 -1 -1 1 
113 10 Car -1.000000 -1 -1 626.166688 174.272118 651.45027 195.074871 -1 -1 -1 -1 -1 -1 -1 -1 1 
113 11 Car -1.000000 -1 -1 804.961575 175.145425 872.173558 202.721816 -1 -1 -1 -1 -1 -1 -1 -1 1 
113 12 Car -1.000000 -1 -1 663.173591 171.286839 719.633171 218.223143 -1 -1 -1 -1 -1 -1 -1 -1 1 
113 13 Car -1.000000 -1 -1 705.843881 181.322905 792.709031 242.087284 -1 -1 -1 -1 -1 -1 -1 -1 1 
113 14 Car -1.000000 -1 -1 841.070625 178.817011 977.501959 244.092114 -1 -1 -1 -1 -1 -1 -1 -1 1 
114 10 Car -1.000000 -1 -1 624.7914050000002 174.20943 649.2475130000001 194.41204 -1 -1 -1 -1 -1 -1 -1 -1 1 
114 11 Car -1.000000 -1 -1 802.575367 175.117373 869.386502 202.590951 -1 -1 -1 -1 -1 -1 -1 -1 1 
114 12 Car -1.000000 -1 -1 660.362345 171.34182499999997 713.915688 216.30385699999997 -1 -1 -1 -1 -1 -1 -1 -1 1 
114 13 Car -1.000000 -1 -1 700.003625 180.963076 780.557671 237.861184 -1 -1 -1 -1 -1 -1 -1 -1 1 
114 14 Car -1.000000 -1 -1 829.148117 178.40315 954.594286 239.66155 -1 -1 -1 -1 -1 -1 -1 -1 1 
115 10 Car -1.000000 -1 -1 622.8142996484594 174.09244856035826 646.1183820379189 193.3435612292859 -1 -1 -1 -1 -1 -1 -1 -1 1 
115 11 Car -1.000000 -1 -1 802.347648 175.100927 869.084792 202.559377 -1 -1 -1 -1 -1 -1 -1 -1 1 
115 12 Car -1.000000 -1 -1 657.7505429999999 171.39239299999997 708.6579739999999 214.53958199999997 -1 -1 -1 -1 -1 -1 -1 -1 1 
115 13 Car -1.000000 -1 -1 694.751696 180.63953 769.837811 234.132504 -1 -1 -1 -1 -1 -1 -1 -1 1 
115 14 Car -1.000000 -1 -1 818.348746 178.03722400000004 934.341636 235.74441200000004 -1 -1 -1 -1 -1 -1 -1 -1 1 
116 11 Car -1.000000 -1 -1 802.120226 175.084498 868.783345 202.527838 -1 -1 -1 -1 -1 -1 -1 -1 1 
116 12 Car -1.000000 -1 -1 655.043948 171.515647 703.856105 212.989292 -1 -1 -1 -1 -1 -1 -1 -1 1 
116 13 Car -1.000000 -1 -1 690.003464 180.323075 760.310556 230.818303 -1 -1 -1 -1 -1 -1 -1 -1 1 
116 14 Car -1.000000 -1 -1 808.0593529999999 177.70336700000001 915.6328589999999 232.19027300000002 -1 -1 -1 -1 -1 -1 -1 -1 1 
117 11 Car -1.000000 -1 -1 801.8931030000001 175.068086 868.4821580000001 202.496332 -1 -1 -1 -1 -1 -1 -1 -1 1 
117 12 Car -1.000000 -1 -1 652.516425 171.629703 699.412877 211.554698 -1 -1 -1 -1 -1 -1 -1 -1 1 
117 13 Car -1.000000 -1 -1 685.194529 179.966855 751.158458 227.759385 -1 -1 -1 -1 -1 -1 -1 -1 1 
117 14 Car -1.000000 -1 -1 798.6715410000002 177.404768 898.9009200000002 229.011647 -1 -1 -1 -1 -1 -1 -1 -1 1 
118 11 Car -1.000000 -1 -1 801.666277 175.051692 868.181232 202.464859 -1 -1 -1 -1 -1 -1 -1 -1 1 
118 12 Car -1.000000 -1 -1 650.150784 171.735551 695.289545 210.223315 -1 -1 -1 -1 -1 -1 -1 -1 1 
118 13 Car -1.000000 -1 -1 680.813036 179.646826 742.936717 225.011205 -1 -1 -1 -1 -1 -1 -1 -1 1 
118 14 Car -1.000000 -1 -1 790.071797 177.13612 883.848208 226.15201 -1 -1 -1 -1 -1 -1 -1 -1 1 
119 11 Car -1.000000 -1 -1 801.439747 175.03531400000003 867.880567 202.43342000000004 -1 -1 -1 -1 -1 -1 -1 -1 1 
119 12 Car -1.000000 -1 -1 647.8884089999999 171.83376200000004 691.3488349999999 208.93680300000003 -1 -1 -1 -1 -1 -1 -1 -1 1 
119 13 Car -1.000000 -1 -1 676.7686179999998 179.337351 735.3171619999999 222.395964 -1 -1 -1 -1 -1 -1 -1 -1 1 
119 14 Car -1.000000 -1 -1 781.8686559999999 176.88933600000001 869.8074619999999 223.52136600000003 -1 -1 -1 -1 -1 -1 -1 -1 1 
120 11 Car -1.000000 -1 -1 801.2135129999999 175.018954 867.5801619999999 202.402014 -1 -1 -1 -1 -1 -1 -1 -1 1 
120 12 Car -1.000000 -1 -1 645.766913 171.925156 687.68178 207.739588 -1 -1 -1 -1 -1 -1 -1 -1 1 
120 13 Car -1.000000 -1 -1 673.070639 179.057807 728.434896 220.033646 -1 -1 -1 -1 -1 -1 -1 -1 1 
120 14 Car -1.000000 -1 -1 774.311447 176.66542000000004 857.068352 221.13459400000002 -1 -1 -1 -1 -1 -1 -1 -1 1 
121 11 Car -1.000000 -1 -1 801.166395 175.038521 867.505824 202.422873 -1 -1 -1 -1 -1 -1 -1 -1 1 
121 12 Car -1.000000 -1 -1 643.959944 171.945684 684.251016 206.536535 -1 -1 -1 -1 -1 -1 -1 -1 1 
121 13 Car -1.000000 -1 -1 669.676419 178.804052 722.187839 217.889252 -1 -1 -1 -1 -1 -1 -1 -1 1 
121 14 Car -1.000000 -1 -1 767.326775 176.461336 845.457885 218.959286 -1 -1 -1 -1 -1 -1 -1 -1 1 
122 11 Car -1.000000 -1 -1 801.1193209999999 175.05809 867.4314329999999 202.443732 -1 -1 -1 -1 -1 -1 -1 -1 1 
122 12 Car -1.000000 -1 -1 642.260763 171.964859 681.046418 205.412972 -1 -1 -1 -1 -1 -1 -1 -1 1 
122 13 Car -1.000000 -1 -1 666.550011 178.572676 716.491924 215.933958 -1 -1 -1 -1 -1 -1 -1 -1 1 
122 14 Car -1.000000 -1 -1 760.204849 176.25930700000004 833.852878 216.82650300000003 -1 -1 -1 -1 -1 -1 -1 -1 1 
123 11 Car -1.000000 -1 -1 801.0722899999998 175.077661 867.3569899999999 202.464591 -1 -1 -1 -1 -1 -1 -1 -1 1 
123 12 Car -1.000000 -1 -1 640.660007 171.982811 678.046336 204.361275 -1 -1 -1 -1 -1 -1 -1 -1 1 
123 13 Car -1.000000 -1 -1 663.660926 178.360842 711.277291 214.143806 -1 -1 -1 -1 -1 -1 -1 -1 1 
123 14 Car -1.000000 -1 -1 754.063325 176.253426 823.772315 215.16026 -1 -1 -1 -1 -1 -1 -1 -1 1 
124 11 Car -1.000000 -1 -1 801.0253029999999 175.097236 867.2824939999999 202.485449 -1 -1 -1 -1 -1 -1 -1 -1 1 
124 12 Car -1.000000 -1 -1 638.7952129999999 172.14248800000001 674.7948399999999 203.47620100000003 -1 -1 -1 -1 -1 -1 -1 -1 1 
124 13 Car -1.000000 -1 -1 660.879719 178.073913 706.351374 212.391496 -1 -1 -1 -1 -1 -1 -1 -1 1 
124 14 Car -1.000000 -1 -1 748.3421229999999 176.24800500000003 814.4825479999998 213.62504500000003 -1 -1 -1 -1 -1 -1 -1 -1 1 
125 11 Car -1.000000 -1 -1 800.978359 175.11681299999998 867.207944 202.50630699999996 -1 -1 -1 -1 -1 -1 -1 -1 1 
125 12 Car -1.000000 -1 -1 637.036664 172.29220499999997 671.746272 202.64647899999997 -1 -1 -1 -1 -1 -1 -1 -1 1 
125 13 Car -1.000000 -1 -1 658.296681 177.80955 701.812998 210.776997 -1 -1 -1 -1 -1 -1 -1 -1 1 
125 14 Car -1.000000 -1 -1 742.775919 176.24044299999997 805.606531 212.18482399999996 -1 -1 -1 -1 -1 -1 -1 -1 1 
125 15 Car -1.000000 -1 -1 1060.431012 129.55253399999998 1241.0 338.78419899999994 -1 -1 -1 -1 -1 -1 -1 -1 1 
126 11 Car -1.000000 -1 -1 800.931459 175.136392 867.133342 202.527164 -1 -1 -1 -1 -1 -1 -1 -1 1 
126 12 Car -1.000000 -1 -1 635.3755310000001 172.432864 668.8822080000001 201.867076 -1 -1 -1 -1 -1 -1 -1 -1 1 
126 13 Car -1.000000 -1 -1 655.8913619999998 177.56519200000002 697.6181559999999 209.28466700000004 -1 -1 -1 -1 -1 -1 -1 -1 1 
126 14 Car -1.000000 -1 -1 737.570823 176.23343700000004 797.384351 210.85093200000003 -1 -1 -1 -1 -1 -1 -1 -1 1 
126 15 Car -1.000000 -1 -1 1019.356092 128.496511 1241.0 337.566847 -1 -1 -1 -1 -1 -1 -1 -1 1 
127 11 Car -1.000000 -1 -1 800.884602 175.15597399999996 867.058688 202.54802099999998 -1 -1 -1 -1 -1 -1 -1 -1 1 
127 12 Car -1.000000 -1 -1 633.803939 172.565263 666.18639 201.133548 -1 -1 -1 -1 -1 -1 -1 -1 1 
127 13 Car -1.000000 -1 -1 653.8023660000001 177.422074 693.9517100000002 208.091046 -1 -1 -1 -1 -1 -1 -1 -1 1 
127 14 Car -1.000000 -1 -1 732.4353140000001 175.985687 789.5620320000002 209.344864 -1 -1 -1 -1 -1 -1 -1 -1 1 
127 15 Car -1.000000 -1 -1 984.396221 129.4212 1241.0 330.58604 -1 -1 -1 -1 -1 -1 -1 -1 1 
128 11 Car -1.000000 -1 -1 800.837788 175.175559 866.98398 202.568878 -1 -1 -1 -1 -1 -1 -1 -1 1 
128 12 Car -1.000000 -1 -1 632.231962 172.393727 663.536129 200.128746 -1 -1 -1 -1 -1 -1 -1 -1 1 
128 13 Car -1.000000 -1 -1 651.698504 177.266017 690.23265 206.846216 -1 -1 -1 -1 -1 -1 -1 -1 1 
128 14 Car -1.000000 -1 -1 727.6188029999998 175.75529900000004 782.2879959999999 207.94434900000002 -1 -1 -1 -1 -1 -1 -1 -1 1 
128 15 Car -1.000000 -1 -1 954.8441870000001 133.77405199999998 1241.0 311.845326 -1 -1 -1 -1 -1 -1 -1 -1 1 
129 11 Car -1.000000 -1 -1 800.7910179999999 175.195146 866.9092199999999 202.589734 -1 -1 -1 -1 -1 -1 -1 -1 1 
129 12 Car -1.000000 -1 -1 630.741937 172.231888 661.035742 199.180871 -1 -1 -1 -1 -1 -1 -1 -1 1 
129 13 Car -1.000000 -1 -1 649.7269529999999 177.120641 686.7682389999999 205.686722 -1 -1 -1 -1 -1 -1 -1 -1 1 
129 14 Car -1.000000 -1 -1 723.0924670000002 175.54051099999998 775.5065450000001 206.63866799999997 -1 -1 -1 -1 -1 -1 -1 -1 1 
129 15 Car -1.000000 -1 -1 928.546983 137.508353 1223.527644 296.624933 -1 -1 -1 -1 -1 -1 -1 -1 1 
130 11 Car -1.000000 -1 -1 800.7442920000001 175.21473600000002 866.8344070000002 202.61059000000003 -1 -1 -1 -1 -1 -1 -1 -1 1 
130 12 Car -1.000000 -1 -1 629.327618 172.07894499999998 658.672864 198.28521799999996 -1 -1 -1 -1 -1 -1 -1 -1 1 
130 13 Car -1.000000 -1 -1 647.604001 177.18503700000002 683.225523 204.79464500000003 -1 -1 -1 -1 -1 -1 -1 -1 1 
130 14 Car -1.000000 -1 -1 718.92239 175.816992 768.953555 205.869969 -1 -1 -1 -1 -1 -1 -1 -1 1 
130 15 Car -1.000000 -1 -1 905.8757839999998 140.938536 1162.719799 284.399971 -1 -1 -1 -1 -1 -1 -1 -1 1 
131 11 Car -1.000000 -1 -1 800.4546109999999 175.015426 866.4929469999998 202.39227 -1 -1 -1 -1 -1 -1 -1 -1 1 
131 12 Car -1.000000 -1 -1 628.5066320000001 172.065994 656.6903960000001 197.528375 -1 -1 -1 -1 -1 -1 -1 -1 1 
131 13 Car -1.000000 -1 -1 645.607939 177.24526600000002 679.912133 203.96037700000002 -1 -1 -1 -1 -1 -1 -1 -1 1 
131 14 Car -1.000000 -1 -1 714.995727 176.075562 762.825223 205.151309 -1 -1 -1 -1 -1 -1 -1 -1 1 
131 15 Car -1.000000 -1 -1 886.1290330000002 143.755047 1112.810958 274.365392 -1 -1 -1 -1 -1 -1 -1 -1 1 
132 11 Car -1.000000 -1 -1 800.165229 174.816332 866.151858 202.174192 -1 -1 -1 -1 -1 -1 -1 -1 1 
132 12 Car -1.000000 -1 -1 627.728 172.053764 654.816489 196.813368 -1 -1 -1 -1 -1 -1 -1 -1 1 
132 13 Car -1.000000 -1 -1 643.7277200000001 177.30172 676.8064990000001 203.178476 -1 -1 -1 -1 -1 -1 -1 -1 1 
132 14 Car -1.000000 -1 -1 711.291773 176.317905 757.081562 204.477954 -1 -1 -1 -1 -1 -1 -1 -1 1 
132 15 Car -1.000000 -1 -1 868.241002 146.167444 1069.92523 265.76359 -1 -1 -1 -1 -1 -1 -1 -1 1 
133 11 Car -1.000000 -1 -1 799.876144 174.617455 865.811141 201.956355 -1 -1 -1 -1 -1 -1 -1 -1 1 
133 12 Car -1.000000 -1 -1 626.988544 172.04219800000004 653.042447 196.13682200000002 -1 -1 -1 -1 -1 -1 -1 -1 1 
133 13 Car -1.000000 -1 -1 642.0407570000001 176.97169 673.9533960000001 202.03675 -1 -1 -1 -1 -1 -1 -1 -1 1 
133 14 Car -1.000000 -1 -1 707.5086080000001 175.998919 751.5511010000001 203.275061 -1 -1 -1 -1 -1 -1 -1 -1 1 
133 15 Car -1.000000 -1 -1 852.447469 148.205104 1033.711753 258.499797 -1 -1 -1 -1 -1 -1 -1 -1 1 
134 11 Car -1.000000 -1 -1 799.587356 174.418794 865.470794 201.738759 -1 -1 -1 -1 -1 -1 -1 -1 1 
134 12 Car -1.000000 -1 -1 626.2853950000001 172.031243 651.3604770000001 195.495715 -1 -1 -1 -1 -1 -1 -1 -1 1 
134 13 Car -1.000000 -1 -1 640.449053 176.661697 671.27357 200.964435 -1 -1 -1 -1 -1 -1 -1 -1 1 
134 14 Car -1.000000 -1 -1 703.933525 175.699318 746.356819 202.145305 -1 -1 -1 -1 -1 -1 -1 -1 1 
134 15 Car -1.000000 -1 -1 837.841829 150.097577 1001.300313 252.157092 -1 -1 -1 -1 -1 -1 -1 -1 1 
135 11 Car -1.000000 -1 -1 799.298864 174.220349 865.130816 201.521404 -1 -1 -1 -1 -1 -1 -1 -1 1 
135 12 Car -1.000000 -1 -1 625.615956 172.020853 649.763576 194.887334 -1 -1 -1 -1 -1 -1 -1 -1 1 
135 13 Car -1.000000 -1 -1 638.944763 176.369969 668.7517 199.955385 -1 -1 -1 -1 -1 -1 -1 -1 1 
135 14 Car -1.000000 -1 -1 700.549817 175.417388 741.468966 201.082215 -1 -1 -1 -1 -1 -1 -1 -1 1 
135 15 Car -1.000000 -1 -1 824.819418 151.727778 973.386786 246.696381 -1 -1 -1 -1 -1 -1 -1 -1 1 
136 11 Car -1.000000 -1 -1 799.4266380000001 174.247728 865.3231420000001 201.554772 -1 -1 -1 -1 -1 -1 -1 -1 1 
136 12 Car -1.000000 -1 -1 624.2140928065004 172.01630939617309 647.4473094765601 194.01711802274377 -1 -1 -1 -1 -1 -1 -1 -1 1 
136 13 Car -1.000000 -1 -1 637.520878 176.094939 666.374221 199.004164 -1 -1 -1 -1 -1 -1 -1 -1 1 
136 14 Car -1.000000 -1 -1 697.587733 175.30832000000004 737.149376 200.24916800000003 -1 -1 -1 -1 -1 -1 -1 -1 1 
136 15 Car -1.000000 -1 -1 813.136041 153.14669500000002 949.095621 241.94565200000002 -1 -1 -1 -1 -1 -1 -1 -1 1 
137 11 Car -1.000000 -1 -1 799.55459 174.275117 865.515416 201.588152 -1 -1 -1 -1 -1 -1 -1 -1 1 
137 13 Car -1.000000 -1 -1 636.340477 175.965889 664.286766 198.218367 -1 -1 -1 -1 -1 -1 -1 -1 1 
137 14 Car -1.000000 -1 -1 694.773747 175.205231 733.066581 199.461799 -1 -1 -1 -1 -1 -1 -1 -1 1 
137 15 Car -1.000000 -1 -1 802.5952709999999 154.392904 927.7646679999999 237.774893 -1 -1 -1 -1 -1 -1 -1 -1 1 
138 11 Car -1.000000 -1 -1 799.68272 174.302516 865.707638 201.621543 -1 -1 -1 -1 -1 -1 -1 -1 1 
138 13 Car -1.000000 -1 -1 635.2216529999998 175.844021 662.3155269999999 197.476358 -1 -1 -1 -1 -1 -1 -1 -1 1 
138 14 Car -1.000000 -1 -1 692.097025 175.107642 729.201628 198.716451 -1 -1 -1 -1 -1 -1 -1 -1 1 
138 15 Car -1.000000 -1 -1 793.037305 155.496128 908.883887 234.084011 -1 -1 -1 -1 -1 -1 -1 -1 1 
139 11 Car -1.000000 -1 -1 799.8110279999999 174.329927 865.8998069999999 201.654946 -1 -1 -1 -1 -1 -1 -1 -1 1 
139 13 Car -1.000000 -1 -1 634.159711 175.728752 660.451061 196.774575 -1 -1 -1 -1 -1 -1 -1 -1 1 
139 14 Car -1.000000 -1 -1 689.179471 175.012741 725.110495 197.990975 -1 -1 -1 -1 -1 -1 -1 -1 1 
139 15 Car -1.000000 -1 -1 783.798215 156.518575 891.122457 230.638038 -1 -1 -1 -1 -1 -1 -1 -1 1 
140 11 Car -1.000000 -1 -1 799.939514 174.357347 866.091924 201.688361 -1 -1 -1 -1 -1 -1 -1 -1 1 
140 13 Car -1.000000 -1 -1 633.150421 175.619561 658.684922 196.109833 -1 -1 -1 -1 -1 -1 -1 -1 1 
140 14 Car -1.000000 -1 -1 686.40118 174.922772 721.232005 197.303218 -1 -1 -1 -1 -1 -1 -1 -1 1 
140 15 Car -1.000000 -1 -1 775.38194 157.43123000000003 875.270203 227.56304000000003 -1 -1 -1 -1 -1 -1 -1 -1 1 
141 11 Car -1.000000 -1 -1 800.068179 174.38477900000004 866.283988 201.72178800000003 -1 -1 -1 -1 -1 -1 -1 -1 1 
141 13 Car -1.000000 -1 -1 632.189961 175.515978 657.009531 195.479276 -1 -1 -1 -1 -1 -1 -1 -1 1 
141 14 Car -1.000000 -1 -1 683.752414 174.83736199999998 717.549998 196.65031099999996 -1 -1 -1 -1 -1 -1 -1 -1 1 
141 15 Car -1.000000 -1 -1 767.6429739999999 158.126985 861.0241589999999 224.704542 -1 -1 -1 -1 -1 -1 -1 -1 1 
142 11 Car -1.000000 -1 -1 800.197024 174.412221 866.476 201.755226 -1 -1 -1 -1 -1 -1 -1 -1 1 
142 13 Car -1.000000 -1 -1 630.5962121307246 175.36040780615437 654.4305387436732 194.53135421378462 -1 -1 -1 -1 -1 -1 -1 -1 1 
142 14 Car -1.000000 -1 -1 681.280661 174.753573 714.08835 196.01242 -1 -1 -1 -1 -1 -1 -1 -1 1 
142 15 Car -1.000000 -1 -1 760.532306 158.75575200000003 848.151011 222.12189800000002 -1 -1 -1 -1 -1 -1 -1 -1 1 
143 11 Car -1.000000 -1 -1 800.326047 174.43967399999997 866.667959 201.78867599999998 -1 -1 -1 -1 -1 -1 -1 -1 1 
143 14 Car -1.000000 -1 -1 678.921941 174.673931 710.798026 195.406109 -1 -1 -1 -1 -1 -1 -1 -1 1 
143 15 Car -1.000000 -1 -1 753.9764089999999 159.32675900000004 836.4614209999999 219.77701500000003 -1 -1 -1 -1 -1 -1 -1 -1 1 
144 11 Car -1.000000 -1 -1 800.45525 174.46713699999998 866.859865 201.82213799999997 -1 -1 -1 -1 -1 -1 -1 -1 1 
144 14 Car -1.000000 -1 -1 676.668677 174.598136 707.666613 194.82909 -1 -1 -1 -1 -1 -1 -1 -1 1 
144 15 Car -1.000000 -1 -1 747.851739 159.914819 825.556267 217.622485 -1 -1 -1 -1 -1 -1 -1 -1 1 
145 11 Car -1.000000 -1 -1 800.5846330000002 174.49461100000002 867.0517170000002 201.85561200000004 -1 -1 -1 -1 -1 -1 -1 -1 1 
145 14 Car -1.000000 -1 -1 674.4968510000001 174.525155 704.6558960000001 194.272912 -1 -1 -1 -1 -1 -1 -1 -1 1 
145 15 Car -1.000000 -1 -1 741.8229159999999 160.467102 815.0784909999999 215.596138 -1 -1 -1 -1 -1 -1 -1 -1 1 
146 11 Car -1.000000 -1 -1 800.236919 174.714378 866.611437 202.066311 -1 -1 -1 -1 -1 -1 -1 -1 1 
146 14 Car -1.000000 -1 -1 672.4190429999999 174.455575 701.7854759999999 193.74266 -1 -1 -1 -1 -1 -1 -1 -1 1 
146 15 Car -1.000000 -1 -1 736.2400869999999 160.972237 805.4958659999999 213.743238 -1 -1 -1 -1 -1 -1 -1 -1 1 
147 11 Car -1.000000 -1 -1 799.889695 174.93394899999998 866.17144 202.27679299999997 -1 -1 -1 -1 -1 -1 -1 -1 1 
147 14 Car -1.000000 -1 -1 670.4292779999998 174.389164 699.0457699999998 193.236563 -1 -1 -1 -1 -1 -1 -1 -1 1 
147 15 Car -1.000000 -1 -1 731.0555280000001 161.436015 796.6983760000002 212.042429 -1 -1 -1 -1 -1 -1 -1 -1 1 
148 11 Car -1.000000 -1 -1 799.5429589999999 175.153324 865.7317259999999 202.487057 -1 -1 -1 -1 -1 -1 -1 -1 1 
148 14 Car -1.000000 -1 -1 668.525333 174.31255200000004 696.196111 192.72800100000003 -1 -1 -1 -1 -1 -1 -1 -1 1 
148 15 Car -1.000000 -1 -1 726.22809 161.863314 788.593328 210.475724 -1 -1 -1 -1 -1 -1 -1 -1 1 
149 11 Car -1.000000 -1 -1 799.19671 175.372504 865.292296 202.697103 -1 -1 -1 -1 -1 -1 -1 -1 1 
149 14 Car -1.000000 -1 -1 666.701243 174.23936 693.473436 192.242244 -1 -1 -1 -1 -1 -1 -1 -1 1 
149 15 Car -1.000000 -1 -1 721.722102 162.258277 781.102064 209.027863 -1 -1 -1 -1 -1 -1 -1 -1 1 
150 11 Car -1.000000 -1 -1 798.850947 175.591488 864.853148 202.906932 -1 -1 -1 -1 -1 -1 -1 -1 1 
150 14 Car -1.000000 -1 -1 664.952092 174.169365 690.869435 191.777792 -1 -1 -1 -1 -1 -1 -1 -1 1 
150 15 Car -1.000000 -1 -1 717.337627 162.620209 773.992705 207.702709 -1 -1 -1 -1 -1 -1 -1 -1 1 
151 11 Car -1.000000 -1 -1 798.006354 175.277164 863.835434 202.551161 -1 -1 -1 -1 -1 -1 -1 -1 1 
151 14 Car -1.000000 -1 -1 663.273359 174.102362 688.376511 191.333274 -1 -1 -1 -1 -1 -1 -1 -1 1 
151 15 Car -1.000000 -1 -1 713.2235839999998 162.95698200000004 767.3778529999998 206.46987300000004 -1 -1 -1 -1 -1 -1 -1 -1 1 
152 11 Car -1.000000 -1 -1 797.1640599999998 174.96362 862.8201249999998 202.19632 -1 -1 -1 -1 -1 -1 -1 -1 1 
152 14 Car -1.000000 -1 -1 661.660881 174.038163 685.9877 190.907433 -1 -1 -1 -1 -1 -1 -1 -1 1 
152 15 Car -1.000000 -1 -1 709.3557019999998 163.27113 761.2076489999998 205.320034 -1 -1 -1 -1 -1 -1 -1 -1 1 
153 11 Car -1.000000 -1 -1 796.324058 174.650851 861.807214 201.842406 -1 -1 -1 -1 -1 -1 -1 -1 1 
153 14 Car -1.000000 -1 -1 659.3366872392645 173.96126493886544 682.9411184544664 190.32976095753602 -1 -1 -1 -1 -1 -1 -1 -1 1 
153 15 Car -1.000000 -1 -1 705.71253 163.564861 755.438716 204.245083 -1 -1 -1 -1 -1 -1 -1 -1 1 
154 11 Car -1.000000 -1 -1 795.486337 174.33885499999997 860.796691 201.48941499999998 -1 -1 -1 -1 -1 -1 -1 -1 1 
154 15 Car -1.000000 -1 -1 702.255777 163.898104 750.088924 203.266429 -1 -1 -1 -1 -1 -1 -1 -1 1 
155 11 Car -1.000000 -1 -1 794.650889 174.027629 859.788549 201.137344 -1 -1 -1 -1 -1 -1 -1 -1 1 
155 15 Car -1.000000 -1 -1 698.99294 164.210532 745.07345 202.348898 -1 -1 -1 -1 -1 -1 -1 -1 1 
156 11 Car -1.000000 -1 -1 792.698431 174.356228 857.542377 201.380793 -1 -1 -1 -1 -1 -1 -1 -1 1 
156 15 Car -1.000000 -1 -1 695.9081489999999 164.50403700000004 740.3619029999999 201.48693900000004 -1 -1 -1 -1 -1 -1 -1 -1 1 
157 11 Car -1.000000 -1 -1 790.7579679999999 174.68264699999997 855.3110639999999 201.62261099999998 -1 -1 -1 -1 -1 -1 -1 -1 1 
157 15 Car -1.000000 -1 -1 692.987221 164.780287 735.927466 200.675651 -1 -1 -1 -1 -1 -1 -1 -1 1 
158 11 Car -1.000000 -1 -1 788.8293880000001 175.006909 853.0944620000001 201.862816 -1 -1 -1 -1 -1 -1 -1 -1 1 
158 15 Car -1.000000 -1 -1 690.217439 165.040761 731.746389 199.910694 -1 -1 -1 -1 -1 -1 -1 -1 1 
159 11 Car -1.000000 -1 -1 786.912583 175.32903500000003 850.892427 202.10142200000004 -1 -1 -1 -1 -1 -1 -1 -1 1 
159 15 Car -1.000000 -1 -1 687.365148 165.285799 727.56157 199.194231 -1 -1 -1 -1 -1 -1 -1 -1 1 
160 11 Car -1.000000 -1 -1 785.007446 175.649044 848.704813 202.338447 -1 -1 -1 -1 -1 -1 -1 -1 1 
160 15 Car -1.000000 -1 -1 684.652198 165.517693 723.601335 198.516202 -1 -1 -1 -1 -1 -1 -1 -1 1 
161 11 Car -1.000000 -1 -1 781.964794 175.465526 845.197744 202.010467 -1 -1 -1 -1 -1 -1 -1 -1 1 
161 15 Car -1.000000 -1 -1 682.068624 165.737472 719.848075 197.873593 -1 -1 -1 -1 -1 -1 -1 -1 1 
162 11 Car -1.000000 -1 -1 778.951607 175.283909 841.726972 201.685926 -1 -1 -1 -1 -1 -1 -1 -1 1 
162 15 Car -1.000000 -1 -1 679.6053900000002 165.946061 716.2859770000001 197.263701 -1 -1 -1 -1 -1 -1 -1 -1 1 
163 11 Car -1.000000 -1 -1 775.967461 175.104165 838.291936 201.364769 -1 -1 -1 -1 -1 -1 -1 -1 1 
163 15 Car -1.000000 -1 -1 677.254281 166.144294 712.900795 196.684088 -1 -1 -1 -1 -1 -1 -1 -1 1 
164 11 Car -1.000000 -1 -1 773.011937 174.926264 834.892088 201.046944 -1 -1 -1 -1 -1 -1 -1 -1 1 
164 15 Car -1.000000 -1 -1 675.007811 166.332924 709.679666 196.132555 -1 -1 -1 -1 -1 -1 -1 -1 1 
165 11 Car -1.000000 -1 -1 770.0846260000001 174.750179 831.5268890000001 200.732399 -1 -1 -1 -1 -1 -1 -1 -1 1 
165 15 Car -1.000000 -1 -1 672.8591510000001 166.512632 706.6109480000001 195.607109 -1 -1 -1 -1 -1 -1 -1 -1 1 
166 11 Car -1.000000 -1 -1 766.8177859999998 174.845156 827.3262099999998 200.669879 -1 -1 -1 -1 -1 -1 -1 -1 1 
166 15 Car -1.000000 -1 -1 670.802048 166.684036 703.684068 195.105942 -1 -1 -1 -1 -1 -1 -1 -1 1 
167 11 Car -1.000000 -1 -1 763.600414 174.939144 823.166088 200.607942 -1 -1 -1 -1 -1 -1 -1 -1 1 
167 15 Car -1.000000 -1 -1 668.830775 166.84769999999997 700.889415 194.62740999999997 -1 -1 -1 -1 -1 -1 -1 -1 1 
168 11 Car -1.000000 -1 -1 760.431443 175.032158 819.045951 200.546575 -1 -1 -1 -1 -1 -1 -1 -1 1 
168 15 Car -1.000000 -1 -1 666.940071 167.004135 698.218223 194.170012 -1 -1 -1 -1 -1 -1 -1 -1 1 
169 11 Car -1.000000 -1 -1 757.3098319999999 175.124214 814.9652439999999 200.485769 -1 -1 -1 -1 -1 -1 -1 -1 1 
169 15 Car -1.000000 -1 -1 665.09638 167.10416099999998 695.488965 193.65147799999997 -1 -1 -1 -1 -1 -1 -1 -1 1 
170 11 Car -1.000000 -1 -1 753.546378 175.021438 810.073026 200.172703 -1 -1 -1 -1 -1 -1 -1 -1 1 
170 15 Car -1.000000 -1 -1 663.328966 167.19974199999996 692.881024 193.15604999999996 -1 -1 -1 -1 -1 -1 -1 -1 1 
171 11 Car -1.000000 -1 -1 749.8521720000001 174.920358 805.2497400000001 199.864652 -1 -1 -1 -1 -1 -1 -1 -1 1 
171 15 Car -1.000000 -1 -1 661.63319 167.291169 690.386489 192.682215 -1 -1 -1 -1 -1 -1 -1 -1 1 
172 11 Car -1.000000 -1 -1 746.22537 174.820938 800.493939 199.561501 -1 -1 -1 -1 -1 -1 -1 -1 1 
172 15 Car -1.000000 -1 -1 660.0047850000001 167.37870600000002 687.9981180000001 192.22859200000002 -1 -1 -1 -1 -1 -1 -1 -1 1 
173 11 Car -1.000000 -1 -1 742.664186 174.72314 795.80422 199.263136 -1 -1 -1 -1 -1 -1 -1 -1 1 
173 15 Car -1.000000 -1 -1 658.4398139999998 167.462596 685.7092759999999 191.793915 -1 -1 -1 -1 -1 -1 -1 -1 1 
174 11 Car -1.000000 -1 -1 738.883538 174.62438499999996 790.832924 198.94483499999998 -1 -1 -1 -1 -1 -1 -1 -1 1 
174 15 Car -1.000000 -1 -1 656.93464 167.54306299999996 683.513868 191.37702199999998 -1 -1 -1 -1 -1 -1 -1 -1 1 
175 11 Car -1.000000 -1 -1 735.1758829999999 174.52739399999996 785.9389669999999 198.63206699999998 -1 -1 -1 -1 -1 -1 -1 -1 1 
175 15 Car -1.000000 -1 -1 655.485902 167.620312 681.406288 190.976843 -1 -1 -1 -1 -1 -1 -1 -1 1 
176 11 Car -1.000000 -1 -1 731.463428 174.703961 781.082298 198.570631 -1 -1 -1 -1 -1 -1 -1 -1 1 
176 15 Car -1.000000 -1 -1 654.090484 167.694533 679.381366 190.592392 -1 -1 -1 -1 -1 -1 -1 -1 1 
177 11 Car -1.000000 -1 -1 727.826729 174.87722 776.314202 198.510305 -1 -1 -1 -1 -1 -1 -1 -1 1 
177 15 Car -1.000000 -1 -1 652.745496 167.765899 677.434336 190.222761 -1 -1 -1 -1 -1 -1 -1 -1 1 
178 11 Car -1.000000 -1 -1 724.263522 175.047263 771.632265 198.451058 -1 -1 -1 -1 -1 -1 -1 -1 1 
178 15 Car -1.000000 -1 -1 651.448252 167.834573 675.560785 189.867107 -1 -1 -1 -1 -1 -1 -1 -1 1 
179 11 Car -1.000000 -1 -1 720.9755539999999 175.211077 767.2101389999999 198.369454 -1 -1 -1 -1 -1 -1 -1 -1 1 
179 15 Car -1.000000 -1 -1 649.6400081452588 167.94554259144707 673.1156700462234 189.39633298916615 -1 -1 -1 -1 -1 -1 -1 -1 1 
180 11 Car -1.000000 -1 -1 717.758173 175.371629 762.873776 198.28946 -1 -1 -1 -1 -1 -1 -1 -1 1 
181 11 Car -1.000000 -1 -1 714.609163 175.52901500000002 758.620691 198.21102900000002 -1 -1 -1 -1 -1 -1 -1 -1 1 
182 11 Car -1.000000 -1 -1 711.6140499999999 175.588053 754.5649549999999 198.050362 -1 -1 -1 -1 -1 -1 -1 -1 1 
183 11 Car -1.000000 -1 -1 708.678388 175.646044 750.581182 197.892712 -1 -1 -1 -1 -1 -1 -1 -1 1 
184 11 Car -1.000000 -1 -1 705.8004430000001 175.703017 746.6674690000001 197.737993 -1 -1 -1 -1 -1 -1 -1 -1 1 
185 11 Car -1.000000 -1 -1 702.978547 175.75899899999996 742.821984 197.58612299999996 -1 -1 -1 -1 -1 -1 -1 -1 1 
186 11 Car -1.000000 -1 -1 700.2307600000001 177.187749 738.9328730000001 198.723504 -1 -1 -1 -1 -1 -1 -1 -1 1 
187 11 Car -1.000000 -1 -1 697.557517 178.578278 735.145281 199.829434 -1 -1 -1 -1 -1 -1 -1 -1 1 
187 16 Car -1.000000 -1 -1 482.487358 169.62881100000004 507.367558 194.24391700000004 -1 -1 -1 -1 -1 -1 -1 -1 1 
188 11 Car -1.000000 -1 -1 694.9558630000001 179.932084 731.4552540000001 200.905181 -1 -1 -1 -1 -1 -1 -1 -1 1 
188 16 Car -1.000000 -1 -1 480.949783 170.417677 506.252872 195.394892 -1 -1 -1 -1 -1 -1 -1 -1 1 
189 11 Car -1.000000 -1 -1 692.4229970000001 181.25059 727.8590420000002 201.951943 -1 -1 -1 -1 -1 -1 -1 -1 1 
189 16 Car -1.000000 -1 -1 479.36660500000005 171.229851 505.10767200000004 196.580019 -1 -1 -1 -1 -1 -1 -1 -1 1 
190 11 Car -1.000000 -1 -1 689.2735970000001 181.330666 723.6928390000002 201.795688 -1 -1 -1 -1 -1 -1 -1 -1 1 
190 16 Car -1.000000 -1 -1 477.735764 172.06638199999998 503.930687 197.80084299999996 -1 -1 -1 -1 -1 -1 -1 -1 1 
191 11 Car -1.000000 -1 -1 686.194433 181.409 719.615778 201.642871 -1 -1 -1 -1 -1 -1 -1 -1 1 
191 16 Car -1.000000 -1 -1 474.56097700000004 172.38164999999998 501.55406800000003 198.51330799999997 -1 -1 -1 -1 -1 -1 -1 -1 1 
192 11 Car -1.000000 -1 -1 683.183192 181.48564799999997 715.625027 201.49337699999998 -1 -1 -1 -1 -1 -1 -1 -1 1 
192 16 Car -1.000000 -1 -1 471.287339 172.706794 499.108743 199.247991 -1 -1 -1 -1 -1 -1 -1 -1 1 
193 11 Car -1.000000 -1 -1 679.4306300000001 182.22675799999996 711.0816490000001 202.05085599999998 -1 -1 -1 -1 -1 -1 -1 -1 1 
193 16 Car -1.000000 -1 -1 467.910157 173.042285 496.591693 200.005948 -1 -1 -1 -1 -1 -1 -1 -1 1 
194 11 Car -1.000000 -1 -1 675.748519 182.917077 706.624533 202.597387 -1 -1 -1 -1 -1 -1 -1 -1 1 
194 16 Car -1.000000 -1 -1 464.42444000000006 173.388624 493.99971600000003 200.7883 -1 -1 -1 -1 -1 -1 -1 -1 1 
195 11 Car -1.000000 -1 -1 672.134893 183.59495300000003 702.251247 203.13328400000003 -1 -1 -1 -1 -1 -1 -1 -1 1 
195 16 Car -1.000000 -1 -1 460.824866 173.74634499999996 491.329418 201.59624599999998 -1 -1 -1 -1 -1 -1 -1 -1 1 
196 11 Car -1.000000 -1 -1 668.5878580000001 184.260723 697.9594510000001 203.658851 -1 -1 -1 -1 -1 -1 -1 -1 1 
196 16 Car -1.000000 -1 -1 456.71278600000005 174.839826 488.18309600000003 203.149751 -1 -1 -1 -1 -1 -1 -1 -1 1 
197 11 Car -1.000000 -1 -1 665.10559 184.914711 693.74689 204.174382 -1 -1 -1 -1 -1 -1 -1 -1 1 
197 16 Car -1.000000 -1 -1 452.463945 175.969839 484.940397 204.754988 -1 -1 -1 -1 -1 -1 -1 -1 1 
198 11 Car -1.000000 -1 -1 662.2034249999999 185.850575 690.2072629999999 205.026776 -1 -1 -1 -1 -1 -1 -1 -1 1 
198 16 Car -1.000000 -1 -1 448.071404 177.138243 481.596827 206.41458 -1 -1 -1 -1 -1 -1 -1 -1 1 
199 11 Car -1.000000 -1 -1 659.343865 186.773232 686.71944 205.866175 -1 -1 -1 -1 -1 -1 -1 -1 1 
199 16 Car -1.000000 -1 -1 442.99907600000006 176.877161 477.67421500000006 206.665773 -1 -1 -1 -1 -1 -1 -1 -1 1 
200 11 Car -1.000000 -1 -1 655.300211 186.666578 682.022517 205.636017 -1 -1 -1 -1 -1 -1 -1 -1 1 
200 16 Car -1.000000 -1 -1 437.746189 176.60674699999998 473.62359 206.92590899999996 -1 -1 -1 -1 -1 -1 -1 -1 1 
201 11 Car -1.000000 -1 -1 651.305085 186.56116399999996 677.381675 205.40868099999997 -1 -1 -1 -1 -1 -1 -1 -1 1 
201 16 Car -1.000000 -1 -1 432.3029240000001 176.32649300000003 469.43858200000005 207.19547200000002 -1 -1 -1 -1 -1 -1 -1 -1 1 
202 11 Car -1.000000 -1 -1 647.350033 185.777285 672.787665 204.461305 -1 -1 -1 -1 -1 -1 -1 -1 1 
202 16 Car -1.000000 -1 -1 426.65873999999997 176.03585000000004 465.11239099999995 207.47498700000003 -1 -1 -1 -1 -1 -1 -1 -1 1 
203 11 Car -1.000000 -1 -1 643.7315509999999 184.737006 669.7143159999999 203.224658 -1 -1 -1 -1 -1 -1 -1 -1 1 
203 16 Car -1.000000 -1 -1 422.5121459999999 175.00383 462.22866099999993 207.069396 -1 -1 -1 -1 -1 -1 -1 -1 1 
204 11 Car -1.000000 -1 -1 640.162394 183.709992 666.67587 202.003499 -1 -1 -1 -1 -1 -1 -1 -1 1 
204 16 Car -1.000000 -1 -1 418.196639 173.92958499999997 459.237909 206.64724499999997 -1 -1 -1 -1 -1 -1 -1 -1 1 
205 11 Car -1.000000 -1 -1 638.169265 182.422231 664.180014 200.538776 -1 -1 -1 -1 -1 -1 -1 -1 1 
205 16 Car -1.000000 -1 -1 413.701678 172.810469 456.134067 206.207503 -1 -1 -1 -1 -1 -1 -1 -1 1 
206 11 Car -1.000000 -1 -1 636.197402 181.106634 661.709645 199.08987 -1 -1 -1 -1 -1 -1 -1 -1 1 
206 16 Car -1.000000 -1 -1 410.361515 172.076792 454.306756 206.136322 -1 -1 -1 -1 -1 -1 -1 -1 1 
207 11 Car -1.000000 -1 -1 635.724608 180.568105 661.303604 198.459012 -1 -1 -1 -1 -1 -1 -1 -1 1 
207 16 Car -1.000000 -1 -1 406.887348 171.31313 452.411364 206.062197 -1 -1 -1 -1 -1 -1 -1 -1 1 
208 11 Car -1.000000 -1 -1 635.256624 180.035044 660.901209 197.834398 -1 -1 -1 -1 -1 -1 -1 -1 1 
208 16 Car -1.000000 -1 -1 403.27092 170.517612 450.444044 205.984947 -1 -1 -1 -1 -1 -1 -1 -1 1 
209 11 Car -1.000000 -1 -1 636.283394 179.525916 661.355316 197.3741 -1 -1 -1 -1 -1 -1 -1 -1 1 
209 16 Car -1.000000 -1 -1 402.610104 170.311482 450.407512 206.513645 -1 -1 -1 -1 -1 -1 -1 -1 1 
210 11 Car -1.000000 -1 -1 637.319589 179.013546 661.807555 196.910992 -1 -1 -1 -1 -1 -1 -1 -1 1 
210 16 Car -1.000000 -1 -1 401.921832 170.096722 450.36914 207.064752 -1 -1 -1 -1 -1 -1 -1 -1 1 
211 11 Car -1.000000 -1 -1 642.280585 179.068834 665.911249 196.84554 -1 -1 -1 -1 -1 -1 -1 -1 1 
211 16 Car -1.000000 -1 -1 401.204316 169.87277900000004 450.328824 207.63972500000003 -1 -1 -1 -1 -1 -1 -1 -1 1 
212 11 Car -1.000000 -1 -1 647.9936830000001 179.114023 670.8107980000001 196.771084 -1 -1 -1 -1 -1 -1 -1 -1 1 
212 16 Car -1.000000 -1 -1 403.020165 170.27041200000002 452.885247 208.78208600000002 -1 -1 -1 -1 -1 -1 -1 -1 1 
213 11 Car -1.000000 -1 -1 653.638815 179.158746 675.64179 196.697278 -1 -1 -1 -1 -1 -1 -1 -1 1 
213 16 Car -1.000000 -1 -1 409.3499790000001 170.616764 459.4913440000001 209.915842 -1 -1 -1 -1 -1 -1 -1 -1 1 
214 11 Car -1.000000 -1 -1 663.29583 179.133055 684.668917 196.520098 -1 -1 -1 -1 -1 -1 -1 -1 1 
214 16 Car -1.000000 -1 -1 412.666256 170.981253 467.017555 211.196986 -1 -1 -1 -1 -1 -1 -1 -1 1 
215 11 Car -1.000000 -1 -1 672.800073 179.107864 693.543129 196.345624 -1 -1 -1 -1 -1 -1 -1 -1 1 
215 16 Car -1.000000 -1 -1 420.95638699999995 171.352085 476.00787099999997 212.332365 -1 -1 -1 -1 -1 -1 -1 -1 1 
216 11 Car -1.000000 -1 -1 675.2688119964786 178.90694633511865 695.8687761146631 196.02762136520406 -1 -1 -1 -1 -1 -1 -1 -1 1 
216 16 Car -1.000000 -1 -1 432.058383 170.128348 487.722833 211.94809 -1 -1 -1 -1 -1 -1 -1 -1 1 
217 16 Car -1.000000 -1 -1 443.625146 168.852395 499.876709 211.547551 -1 -1 -1 -1 -1 -1 -1 -1 1 
218 16 Car -1.000000 -1 -1 459.035977 167.428868 516.314092 211.070888 -1 -1 -1 -1 -1 -1 -1 -1 1 
219 16 Car -1.000000 -1 -1 475.14823 165.93888300000003 533.422643 210.57186800000002 -1 -1 -1 -1 -1 -1 -1 -1 1 
220 16 Car -1.000000 -1 -1 492.008571 164.377801 551.246235 210.049023 -1 -1 -1 -1 -1 -1 -1 -1 1 
221 16 Car -1.000000 -1 -1 512.27858 162.95398799999998 573.243057 209.73139899999998 -1 -1 -1 -1 -1 -1 -1 -1 1 
222 16 Car -1.000000 -1 -1 533.558297 161.457699 596.234172 209.395704 -1 -1 -1 -1 -1 -1 -1 -1 1 
223 16 Car -1.000000 -1 -1 555.885164 159.842284 620.429893 209.142937 -1 -1 -1 -1 -1 -1 -1 -1 1 
224 16 Car -1.000000 -1 -1 579.507554 158.130523 645.917056 208.873047 -1 -1 -1 -1 -1 -1 -1 -1 1 
225 16 Car -1.000000 -1 -1 604.5330039999999 156.313872 672.8090129999999 208.616937 -1 -1 -1 -1 -1 -1 -1 -1 1 
226 16 Car -1.000000 -1 -1 630.883573 156.701346 701.178454 210.895345 -1 -1 -1 -1 -1 -1 -1 -1 1 
227 16 Car -1.000000 -1 -1 659.093871 157.120467 731.420079 213.341056 -1 -1 -1 -1 -1 -1 -1 -1 1 
228 16 Car -1.000000 -1 -1 689.357285 157.574747 763.734333 215.972685 -1 -1 -1 -1 -1 -1 -1 -1 1 
229 16 Car -1.000000 -1 -1 718.437213 154.270447 797.227344 215.287057 -1 -1 -1 -1 -1 -1 -1 -1 1 
230 16 Car -1.000000 -1 -1 750.0614889999999 150.663324 833.5279999999999 214.528067 -1 -1 -1 -1 -1 -1 -1 -1 1 
231 16 Car -1.000000 -1 -1 784.553473 146.711675 873.026835 213.685483 -1 -1 -1 -1 -1 -1 -1 -1 1 
232 16 Car -1.000000 -1 -1 818.6484820000001 143.88504 912.4989200000001 214.668908 -1 -1 -1 -1 -1 -1 -1 -1 1 
233 16 Car -1.000000 -1 -1 856.530478 140.72571499999998 956.224077 215.76308299999997 -1 -1 -1 -1 -1 -1 -1 -1 1 
234 16 Car -1.000000 -1 -1 898.8398379999999 137.17193399999996 1004.9522879999998 216.98851499999998 -1 -1 -1 -1 -1 -1 -1 -1 1 
235 16 Car -1.000000 -1 -1 946.369639 133.145628 1059.620944 218.371144 -1 -1 -1 -1 -1 -1 -1 -1 1 
236 16 Car -1.000000 -1 -1 991.558731 128.84705 1115.877943 220.704823 -1 -1 -1 -1 -1 -1 -1 -1 1 
237 16 Car -1.000000 -1 -1 1043.557801 123.84397000000001 1180.711893 223.414967 -1 -1 -1 -1 -1 -1 -1 -1 1 
238 16 Car -1.000000 -1 -1 1103.968182 117.948443 1241.0 226.601991 -1 -1 -1 -1 -1 -1 -1 -1 1 
239 16 Car -1.000000 -1 -1 1174.935168 114.71096599999998 1241.0 228.116359 -1 -1 -1 -1 -1 -1 -1 -1 1 
