2 1 Car -1.000000 -1 -1 596.423712 176.100394 676.410658 238.218447 -1 -1 -1 -1 -1 -1 -1 -1 1 
2 2 Car -1.000000 -1 -1 324.18599 181.242237 375.270969 212.055313 -1 -1 -1 -1 -1 -1 -1 -1 1 
2 3 Car -1.000000 -1 -1 404.45484899999997 180.968975 452.58127099999996 211.727159 -1 -1 -1 -1 -1 -1 -1 -1 1 
3 1 Car -1.000000 -1 -1 593.476577 177.855903 672.254217 239.74257 -1 -1 -1 -1 -1 -1 -1 -1 1 
3 2 Car -1.000000 -1 -1 310.648845 182.540906 366.099317 215.448398 -1 -1 -1 -1 -1 -1 -1 -1 1 
3 3 Car -1.000000 -1 -1 391.41351900000006 182.380314 444.8974620000001 215.954465 -1 -1 -1 -1 -1 -1 -1 -1 1 
4 1 Car -1.000000 -1 -1 590.551566 179.59829 668.128116 241.253932 -1 -1 -1 -1 -1 -1 -1 -1 1 
4 2 Car -1.000000 -1 -1 295.263024 184.001677 355.781785 219.305217 -1 -1 -1 -1 -1 -1 -1 -1 1 
4 3 Car -1.000000 -1 -1 375.930716 184.024332 435.946033 220.973666 -1 -1 -1 -1 -1 -1 -1 -1 1 
5 1 Car -1.000000 -1 -1 588.586718 180.17199899999997 665.265522 241.61399399999996 -1 -1 -1 -1 -1 -1 -1 -1 1 
5 2 Car -1.000000 -1 -1 276.074329 184.24879 342.818514 222.252873 -1 -1 -1 -1 -1 -1 -1 -1 1 
5 3 Car -1.000000 -1 -1 358.203194 184.02094 426.207884 224.78775 -1 -1 -1 -1 -1 -1 -1 -1 1 
6 1 Car -1.000000 -1 -1 586.634547 180.74195 662.421297 241.971416 -1 -1 -1 -1 -1 -1 -1 -1 1 
6 2 Car -1.000000 -1 -1 253.746444 184.53234100000003 327.942496 225.68311000000003 -1 -1 -1 -1 -1 -1 -1 -1 1 
6 3 Car -1.000000 -1 -1 332.054283 185.254531 411.353682 231.079698 -1 -1 -1 -1 -1 -1 -1 -1 1 
7 1 Car -1.000000 -1 -1 584.694929 181.308177 659.59527 242.326225 -1 -1 -1 -1 -1 -1 -1 -1 1 
7 2 Car -1.000000 -1 -1 226.79248 186.080018 309.100849 231.148125 -1 -1 -1 -1 -1 -1 -1 -1 1 
7 3 Car -1.000000 -1 -1 298.864598 186.767934 393.126808 239.06735 -1 -1 -1 -1 -1 -1 -1 -1 1 
8 1 Car -1.000000 -1 -1 582.767741 181.815429 656.787271 242.678448 -1 -1 -1 -1 -1 -1 -1 -1 1 
8 2 Car -1.000000 -1 -1 194.47457100000003 187.896426 286.97990100000004 237.702601 -1 -1 -1 -1 -1 -1 -1 -1 1 
8 3 Car -1.000000 -1 -1 255.34744899999998 188.668539 370.231937 249.542948 -1 -1 -1 -1 -1 -1 -1 -1 1 
9 1 Car -1.000000 -1 -1 580.651724 181.326702 653.767571 241.91291 -1 -1 -1 -1 -1 -1 -1 -1 1 
9 2 Car -1.000000 -1 -1 151.335425 187.129816 257.770818 242.514731 -1 -1 -1 -1 -1 -1 -1 -1 1 
9 3 Car -1.000000 -1 -1 194.94194699999997 189.233052 339.8173049999999 261.202818 -1 -1 -1 -1 -1 -1 -1 -1 1 
10 1 Car -1.000000 -1 -1 578.549047 180.786186 650.766891 241.1527 -1 -1 -1 -1 -1 -1 -1 -1 1 
10 2 Car -1.000000 -1 -1 96.34423799999999 187.493342 222.94856599999997 249.896743 -1 -1 -1 -1 -1 -1 -1 -1 1 
10 3 Car -1.000000 -1 -1 108.118112 189.986466 299.216613 277.969024 -1 -1 -1 -1 -1 -1 -1 -1 1 
11 1 Car -1.000000 -1 -1 576.084358 180.17709200000002 647.425779 240.37365200000002 -1 -1 -1 -1 -1 -1 -1 -1 1 
11 2 Car -1.000000 -1 -1 25.597758999999996 187.94440399999996 179.735917 259.396155 -1 -1 -1 -1 -1 -1 -1 -1 1 
11 3 Car -1.000000 -1 -1 0.0 191.088978 238.438588 304.174329 -1 -1 -1 -1 -1 -1 -1 -1 1 
12 1 Car -1.000000 -1 -1 573.631603 179.57094 644.100436 239.598747 -1 -1 -1 -1 -1 -1 -1 -1 1 
12 2 Car -1.000000 -1 -1 0.0 188.518929 124.685976 271.41405 -1 -1 -1 -1 -1 -1 -1 -1 1 
12 3 Car -1.000000 -1 -1 0.0 192.751056 146.770647 323.247187 -1 -1 -1 -1 -1 -1 -1 -1 1 
13 1 Car -1.000000 -1 -1 571.190691 178.967708 640.790756 238.827952 -1 -1 -1 -1 -1 -1 -1 -1 1 
13 2 Car -1.000000 -1 -1 7.105427357601002e-15 189.27562 52.164273 273.209781 -1 -1 -1 -1 -1 -1 -1 -1 1 
13 3 Car -1.000000 -1 -1 -25.70771331221637 193.73785305898895 127.93130135835166 330.34169628765693 -1 -1 -1 -1 -1 -1 -1 -1 1 
14 1 Car -1.000000 -1 -1 568.7615329999999 178.36737700000003 637.4966349999999 238.06123800000003 -1 -1 -1 -1 -1 -1 -1 -1 1 
14 2 Car -1.000000 -1 -1 -24.09509409011971 189.9612935514564 30.43715779784703 277.70774467171475 -1 -1 -1 -1 -1 -1 -1 -1 1 
15 1 Car -1.000000 -1 -1 566.344042 177.769927 634.217968 237.298572 -1 -1 -1 -1 -1 -1 -1 -1 1 
16 1 Car -1.000000 -1 -1 564.255701 176.76557 631.688857 236.168169 -1 -1 -1 -1 -1 -1 -1 -1 1 
17 1 Car -1.000000 -1 -1 562.174294 175.76505200000003 629.169419 235.04212800000002 -1 -1 -1 -1 -1 -1 -1 -1 1 
18 1 Car -1.000000 -1 -1 561.005954 176.210462 627.157466 235.371117 -1 -1 -1 -1 -1 -1 -1 -1 1 
19 1 Car -1.000000 -1 -1 559.842677 176.65441899999996 625.15123 235.69861899999998 -1 -1 -1 -1 -1 -1 -1 -1 1 
20 1 Car -1.000000 -1 -1 558.6844250000001 177.09693 623.1506990000001 236.02464 -1 -1 -1 -1 -1 -1 -1 -1 1 
21 1 Car -1.000000 -1 -1 559.279456 177.250631 623.045089 236.063759 -1 -1 -1 -1 -1 -1 -1 -1 1 
22 1 Car -1.000000 -1 -1 559.873366 177.40390000000002 622.938425 236.10253500000002 -1 -1 -1 -1 -1 -1 -1 -1 1 
23 1 Car -1.000000 -1 -1 560.4661550000001 177.556738 622.8307230000001 236.140972 -1 -1 -1 -1 -1 -1 -1 -1 1 
24 1 Car -1.000000 -1 -1 561.057822 177.709145 622.722003 236.179071 -1 -1 -1 -1 -1 -1 -1 -1 1 
25 1 Car -1.000000 -1 -1 562.0435020000001 176.844247 623.3405990000001 235.178527 -1 -1 -1 -1 -1 -1 -1 -1 1 
26 1 Car -1.000000 -1 -1 563.025648 175.982685 623.956385 234.182378 -1 -1 -1 -1 -1 -1 -1 -1 1 
27 1 Car -1.000000 -1 -1 564.0042810000001 175.124442 624.5693780000001 233.190598 -1 -1 -1 -1 -1 -1 -1 -1 1 
28 1 Car -1.000000 -1 -1 564.979421 174.269501 625.179594 232.203159 -1 -1 -1 -1 -1 -1 -1 -1 1 
29 1 Car -1.000000 -1 -1 566.628622 173.874267 626.292183 231.662313 -1 -1 -1 -1 -1 -1 -1 -1 1 
30 1 Car -1.000000 -1 -1 567.9684440000001 173.48067 627.3990730000002 231.124044 -1 -1 -1 -1 -1 -1 -1 -1 1 
31 1 Car -1.000000 -1 -1 570.08227 173.09744800000004 629.383254 230.59714900000003 -1 -1 -1 -1 -1 -1 -1 -1 1 
32 1 Car -1.000000 -1 -1 570.1445999999999 174.690987 629.2759539999998 232.001327 -1 -1 -1 -1 -1 -1 -1 -1 1 
33 1 Car -1.000000 -1 -1 571.088444 176.284497 630.044685 233.404093 -1 -1 -1 -1 -1 -1 -1 -1 1 
34 1 Car -1.000000 -1 -1 572.011307 176.190514 630.788307 233.112237 -1 -1 -1 -1 -1 -1 -1 -1 1 
35 1 Car -1.000000 -1 -1 572.930176 176.097104 631.525233 232.822073 -1 -1 -1 -1 -1 -1 -1 -1 1 
36 1 Car -1.000000 -1 -1 574.194574 175.66510700000003 632.584489 232.20835100000002 -1 -1 -1 -1 -1 -1 -1 -1 1 
37 1 Car -1.000000 -1 -1 575.452807 175.236366 633.634036 231.598224 -1 -1 -1 -1 -1 -1 -1 -1 1 
38 1 Car -1.000000 -1 -1 576.704894 174.81084999999996 634.673945 230.99166499999998 -1 -1 -1 -1 -1 -1 -1 -1 1 
39 1 Car -1.000000 -1 -1 577.154756 175.145566 634.881256 231.089503 -1 -1 -1 -1 -1 -1 -1 -1 1 
40 1 Car -1.000000 -1 -1 577.6008429999999 175.477512 635.0868219999999 231.186511 -1 -1 -1 -1 -1 -1 -1 -1 1 
41 1 Car -1.000000 -1 -1 578.043203 175.806722 635.290663 231.282698 -1 -1 -1 -1 -1 -1 -1 -1 1 
42 1 Car -1.000000 -1 -1 578.481883 176.133229 635.492801 231.378075 -1 -1 -1 -1 -1 -1 -1 -1 1 
43 1 Car -1.000000 -1 -1 578.916928 176.457068 635.693257 231.472651 -1 -1 -1 -1 -1 -1 -1 -1 1 
44 1 Car -1.000000 -1 -1 578.5848100000001 176.87607099999997 635.1231240000001 231.65820499999998 -1 -1 -1 -1 -1 -1 -1 -1 1 
45 1 Car -1.000000 -1 -1 578.25554 177.291581 634.557721 231.842175 -1 -1 -1 -1 -1 -1 -1 -1 1 
46 1 Car -1.000000 -1 -1 577.929084 177.703641 633.99699 232.024583 -1 -1 -1 -1 -1 -1 -1 -1 1 
47 1 Car -1.000000 -1 -1 578.2166259999999 178.116197 634.0357969999999 232.194316 -1 -1 -1 -1 -1 -1 -1 -1 1 
48 1 Car -1.000000 -1 -1 577.381636 177.458501 633.002038 231.337993 -1 -1 -1 -1 -1 -1 -1 -1 1 
49 1 Car -1.000000 -1 -1 577.352462 178.213708 632.760979 231.886874 -1 -1 -1 -1 -1 -1 -1 -1 1 
50 1 Car -1.000000 -1 -1 577.3235380000001 178.963213 632.5217140000001 232.431518 -1 -1 -1 -1 -1 -1 -1 -1 1 
51 1 Car -1.000000 -1 -1 577.29486 179.70708099999996 632.284224 232.97197399999996 -1 -1 -1 -1 -1 -1 -1 -1 1 
52 1 Car -1.000000 -1 -1 576.13752 178.927305 630.958074 232.022834 -1 -1 -1 -1 -1 -1 -1 -1 1 
53 1 Car -1.000000 -1 -1 574.9874560000001 178.152297 629.6400130000001 231.079641 -1 -1 -1 -1 -1 -1 -1 -1 1 
54 1 Car -1.000000 -1 -1 573.844601 177.38201500000002 628.329968 230.14234100000002 -1 -1 -1 -1 -1 -1 -1 -1 1 
55 1 Car -1.000000 -1 -1 572.7088870000001 176.616415 627.0278660000001 229.210878 -1 -1 -1 -1 -1 -1 -1 -1 1 
56 1 Car -1.000000 -1 -1 571.116465 175.725271 625.301926 228.187019 -1 -1 -1 -1 -1 -1 -1 -1 1 
57 1 Car -1.000000 -1 -1 569.531938 174.838525 623.58451 227.168239 -1 -1 -1 -1 -1 -1 -1 -1 1 
58 1 Car -1.000000 -1 -1 568.925217 177.509749 622.825392 229.696961 -1 -1 -1 -1 -1 -1 -1 -1 1 
59 1 Car -1.000000 -1 -1 568.552295 180.677482 622.300596 232.743205 -1 -1 -1 -1 -1 -1 -1 -1 1 
60 1 Car -1.000000 -1 -1 568.1814769999999 183.454098 621.7787509999999 235.772254 -1 -1 -1 -1 -1 -1 -1 -1 1 
61 1 Car -1.000000 -1 -1 566.759008 181.911201 620.203894 233.858179 -1 -1 -1 -1 -1 -1 -1 -1 1 
62 1 Car -1.000000 -1 -1 565.530216 173.751532 618.816907 225.333149 -1 -1 -1 -1 -1 -1 -1 -1 1 
63 1 Car -1.000000 -1 -1 564.756584 172.632091 617.882889 224.055292 -1 -1 -1 -1 -1 -1 -1 -1 1 
64 1 Car -1.000000 -1 -1 563.987617 171.51937300000003 616.954486 222.78514600000003 -1 -1 -1 -1 -1 -1 -1 -1 1 
64 5 Car -1.000000 -1 -1 521.132713 173.22904799999998 539.866517 187.80036299999998 -1 -1 -1 -1 -1 -1 -1 -1 1 
65 1 Car -1.000000 -1 -1 564.012525 175.321063 616.84585 226.465246 -1 -1 -1 -1 -1 -1 -1 -1 1 
65 5 Car -1.000000 -1 -1 518.228045 179.263702 537.797044 194.508946 -1 -1 -1 -1 -1 -1 -1 -1 1 
66 1 Car -1.000000 -1 -1 564.0373080000002 179.103681 616.7377580000001 230.126792 -1 -1 -1 -1 -1 -1 -1 -1 1 
66 5 Car -1.000000 -1 -1 514.6356949999999 182.13716399999998 535.3002129999999 198.20092399999996 -1 -1 -1 -1 -1 -1 -1 -1 1 
67 1 Car -1.000000 -1 -1 562.9099090000001 178.760604 615.5018380000001 229.677014 -1 -1 -1 -1 -1 -1 -1 -1 1 
67 5 Car -1.000000 -1 -1 510.45685900000007 181.356584 532.47101 198.174317 -1 -1 -1 -1 -1 -1 -1 -1 1 
68 1 Car -1.000000 -1 -1 563.539094 176.802929 615.966852 227.556425 -1 -1 -1 -1 -1 -1 -1 -1 1 
68 5 Car -1.000000 -1 -1 505.83995600000003 180.498536 529.362406 198.14491 -1 -1 -1 -1 -1 -1 -1 -1 1 
68 6 Car -1.000000 -1 -1 551.830089 177.69448600000004 570.434772 192.43198000000004 -1 -1 -1 -1 -1 -1 -1 -1 1 
69 1 Car -1.000000 -1 -1 564.164366 174.85738400000002 616.428983 225.44903300000001 -1 -1 -1 -1 -1 -1 -1 -1 1 
69 5 Car -1.000000 -1 -1 500.71227600000003 179.489755 525.9308800000001 198.11224 -1 -1 -1 -1 -1 -1 -1 -1 1 
69 6 Car -1.000000 -1 -1 549.546369 176.20651299999997 569.194672 191.69393499999998 -1 -1 -1 -1 -1 -1 -1 -1 1 
70 1 Car -1.000000 -1 -1 564.785762 172.923856 616.888257 223.354716 -1 -1 -1 -1 -1 -1 -1 -1 1 
70 5 Car -1.000000 -1 -1 494.98407 178.362621 522.123376 198.075733 -1 -1 -1 -1 -1 -1 -1 -1 1 
70 6 Car -1.000000 -1 -1 547.017658 174.55888999999996 567.829246 190.87669399999996 -1 -1 -1 -1 -1 -1 -1 -1 1 
71 1 Car -1.000000 -1 -1 564.7008070000002 173.760578 616.6575450000001 224.050154 -1 -1 -1 -1 -1 -1 -1 -1 1 
71 5 Car -1.000000 -1 -1 488.41901200000007 177.86575799999997 517.921877 198.80365699999996 -1 -1 -1 -1 -1 -1 -1 -1 1 
71 6 Car -1.000000 -1 -1 544.673201 175.029384 566.614217 192.250973 -1 -1 -1 -1 -1 -1 -1 -1 1 
72 1 Car -1.000000 -1 -1 564.61644 174.592779 616.42798 224.741621 -1 -1 -1 -1 -1 -1 -1 -1 1 
72 5 Car -1.000000 -1 -1 481.588749 180.085457 512.546526 202.419927 -1 -1 -1 -1 -1 -1 -1 -1 1 
72 6 Car -1.000000 -1 -1 542.053903 175.554974 565.266027 193.786435 -1 -1 -1 -1 -1 -1 -1 -1 1 
73 1 Car -1.000000 -1 -1 564.532657 175.420497 616.199553 225.429152 -1 -1 -1 -1 -1 -1 -1 -1 1 
73 5 Car -1.000000 -1 -1 473.540996 181.017432 507.433975 204.981053 -1 -1 -1 -1 -1 -1 -1 -1 1 
73 6 Car -1.000000 -1 -1 539.108414 176.145938 563.761527 195.5132 -1 -1 -1 -1 -1 -1 -1 -1 1 
74 1 Car -1.000000 -1 -1 565.046117 174.45862799999998 616.567046 224.32325999999998 -1 -1 -1 -1 -1 -1 -1 -1 1 
74 5 Car -1.000000 -1 -1 464.266586 182.04173400000002 501.606206 207.93281900000002 -1 -1 -1 -1 -1 -1 -1 -1 1 
74 6 Car -1.000000 -1 -1 535.7717439999999 176.815281 562.0718699999999 197.469397 -1 -1 -1 -1 -1 -1 -1 -1 1 
75 1 Car -1.000000 -1 -1 565.5756739999999 175.407237 616.9527869999998 225.132778 -1 -1 -1 -1 -1 -1 -1 -1 1 
75 5 Car -1.000000 -1 -1 453.46183999999994 183.219962 494.90192599999995 211.371975 -1 -1 -1 -1 -1 -1 -1 -1 1 
75 6 Car -1.000000 -1 -1 531.9604099999999 177.579703 560.1606459999999 199.704004 -1 -1 -1 -1 -1 -1 -1 -1 1 
76 1 Car -1.000000 -1 -1 565.82888 173.96781 617.078565 223.568366 -1 -1 -1 -1 -1 -1 -1 -1 1 
76 5 Car -1.000000 -1 -1 439.208944 183.674055 485.105648 214.471177 -1 -1 -1 -1 -1 -1 -1 -1 1 
76 6 Car -1.000000 -1 -1 526.353914 177.739128 557.259646 201.591256 -1 -1 -1 -1 -1 -1 -1 -1 1 
77 1 Car -1.000000 -1 -1 566.093951 173.85323 617.217777 223.332066 -1 -1 -1 -1 -1 -1 -1 -1 1 
77 5 Car -1.000000 -1 -1 422.059277 184.210186 473.538248 218.200703 -1 -1 -1 -1 -1 -1 -1 -1 1 
77 6 Car -1.000000 -1 -1 519.79848 177.925587 553.910407 203.798127 -1 -1 -1 -1 -1 -1 -1 -1 1 
78 1 Car -1.000000 -1 -1 566.407313 178.723233 617.40954 228.091635 -1 -1 -1 -1 -1 -1 -1 -1 1 
78 5 Car -1.000000 -1 -1 401.931912 189.455348 460.90701 227.97574 -1 -1 -1 -1 -1 -1 -1 -1 1 
78 6 Car -1.000000 -1 -1 512.801385 182.933025 550.734332 211.427673 -1 -1 -1 -1 -1 -1 -1 -1 1 
79 1 Car -1.000000 -1 -1 567.131917 183.019189 618.006857 232.612761 -1 -1 -1 -1 -1 -1 -1 -1 1 
79 5 Car -1.000000 -1 -1 376.721057 195.849369 445.507678 240.221105 -1 -1 -1 -1 -1 -1 -1 -1 1 
79 6 Car -1.000000 -1 -1 504.40751299999994 188.569947 546.98867 220.581529 -1 -1 -1 -1 -1 -1 -1 -1 1 
80 1 Car -1.000000 -1 -1 567.80421 182.776584 618.548822 232.210364 -1 -1 -1 -1 -1 -1 -1 -1 1 
80 5 Car -1.000000 -1 -1 344.96575000000007 196.829673 427.18430900000004 247.704445 -1 -1 -1 -1 -1 -1 -1 -1 1 
80 6 Car -1.000000 -1 -1 493.46535200000005 188.310319 541.7505390000001 223.869193 -1 -1 -1 -1 -1 -1 -1 -1 1 
81 1 Car -1.000000 -1 -1 568.470446 182.300374 619.085124 231.543355 -1 -1 -1 -1 -1 -1 -1 -1 1 
81 5 Car -1.000000 -1 -1 302.652024 198.08135199999998 403.785023 257.67802699999993 -1 -1 -1 -1 -1 -1 -1 -1 1 
81 6 Car -1.000000 -1 -1 479.769589 187.99365 535.3607 227.984706 -1 -1 -1 -1 -1 -1 -1 -1 1 
82 1 Car -1.000000 -1 -1 568.739556 180.75437799999997 619.27492 229.71149599999998 -1 -1 -1 -1 -1 -1 -1 -1 1 
82 5 Car -1.000000 -1 -1 243.46367699999996 199.735187 372.861727 271.632983 -1 -1 -1 -1 -1 -1 -1 -1 1 
82 6 Car -1.000000 -1 -1 462.13110700000004 187.598819 527.3924690000001 233.285799 -1 -1 -1 -1 -1 -1 -1 -1 1 
83 1 Car -1.000000 -1 -1 569.015539 179.812038 619.472356 228.657685 -1 -1 -1 -1 -1 -1 -1 -1 1 
83 5 Car -1.000000 -1 -1 155.21935200000001 201.98899799999998 328.84414000000004 292.14414999999997 -1 -1 -1 -1 -1 -1 -1 -1 1 
83 6 Car -1.000000 -1 -1 438.905897 187.29350399999998 516.416006 240.49211899999997 -1 -1 -1 -1 -1 -1 -1 -1 1 
84 1 Car -1.000000 -1 -1 569.282468 178.015189 619.660337 226.782229 -1 -1 -1 -1 -1 -1 -1 -1 1 
84 5 Car -1.000000 -1 -1 9.992542000000014 205.278975 264.566934 325.921228 -1 -1 -1 -1 -1 -1 -1 -1 1 
84 6 Car -1.000000 -1 -1 406.45589400000006 186.89032 501.91642300000007 250.563527 -1 -1 -1 -1 -1 -1 -1 -1 1 
84 7 Car -1.000000 -1 -1 797.291618 167.299154 836.506377 190.075832 -1 -1 -1 -1 -1 -1 -1 -1 1 
85 1 Car -1.000000 -1 -1 569.5258110000001 174.59673200000003 619.8661830000001 223.32238700000002 -1 -1 -1 -1 -1 -1 -1 -1 1 
85 5 Car -1.000000 -1 -1 -1.4210854715202004e-14 210.53292300000004 161.862572 360.37074500000006 -1 -1 -1 -1 -1 -1 -1 -1 1 
85 6 Car -1.000000 -1 -1 357.92223599999994 186.33320000000003 481.87379799999997 265.632645 -1 -1 -1 -1 -1 -1 -1 -1 1 
85 7 Car -1.000000 -1 -1 801.382131 165.35049199999997 841.90584 188.67666999999997 -1 -1 -1 -1 -1 -1 -1 -1 1 
86 1 Car -1.000000 -1 -1 569.8130039999999 175.602939 620.1190969999999 224.297953 -1 -1 -1 -1 -1 -1 -1 -1 1 
86 5 Car -1.000000 -1 -1 -20.310935137009693 212.24252390215295 147.03556131501242 367.1582055259712 -1 -1 -1 -1 -1 -1 -1 -1 1 
86 6 Car -1.000000 -1 -1 281.217839 189.272716 453.649867 294.656697 -1 -1 -1 -1 -1 -1 -1 -1 1 
86 7 Car -1.000000 -1 -1 805.5394490000001 165.711991 847.4438800000001 189.613837 -1 -1 -1 -1 -1 -1 -1 -1 1 
87 1 Car -1.000000 -1 -1 570.1016490000001 176.789462 620.3735920000001 225.454424 -1 -1 -1 -1 -1 -1 -1 -1 1 
87 6 Car -1.000000 -1 -1 134.251304 193.92612300000002 408.945917 350.32464200000004 -1 -1 -1 -1 -1 -1 -1 -1 1 
87 7 Car -1.000000 -1 -1 809.8897490000002 166.09180499999997 853.2625900000002 190.59845799999997 -1 -1 -1 -1 -1 -1 -1 -1 1 
88 1 Car -1.000000 -1 -1 570.3870869999998 177.690512 620.6246729999999 226.324833 -1 -1 -1 -1 -1 -1 -1 -1 1 
88 6 Car -1.000000 -1 -1 -2.842170943040401e-14 202.409177 327.37880999999993 374.0 -1 -1 -1 -1 -1 -1 -1 -1 1 
88 7 Car -1.000000 -1 -1 814.526668 165.23456799999997 859.468917 190.37702499999997 -1 -1 -1 -1 -1 -1 -1 -1 1 
89 1 Car -1.000000 -1 -1 570.3016580000001 177.471341 620.5046860000001 226.072619 -1 -1 -1 -1 -1 -1 -1 -1 1 
89 6 Car -1.000000 -1 -1 0.0 216.52956800000004 145.63864300000003 374.0 -1 -1 -1 -1 -1 -1 -1 -1 1 
89 7 Car -1.000000 -1 -1 819.388833 164.33168 866.00587 190.143806 -1 -1 -1 -1 -1 -1 -1 -1 1 
90 1 Car -1.000000 -1 -1 570.216354 177.252482 620.384859 225.82074 -1 -1 -1 -1 -1 -1 -1 -1 1 
90 6 Car -1.000000 -1 -1 -17.477452177757243 217.6215159450761 132.75502915865914 380.0608694009669 -1 -1 -1 -1 -1 -1 -1 -1 1 
90 7 Car -1.000000 -1 -1 824.493066 163.37939600000004 872.900594 189.89783500000001 -1 -1 -1 -1 -1 -1 -1 -1 1 
90 8 Car -1.000000 -1 -1 791.78657 168.412168 825.251968 188.110173 -1 -1 -1 -1 -1 -1 -1 -1 1 
91 1 Car -1.000000 -1 -1 569.994041 176.55175300000002 620.151905 225.10908500000002 -1 -1 -1 -1 -1 -1 -1 -1 1 
91 7 Car -1.000000 -1 -1 829.857906 162.37354699999997 880.183283 189.63803699999997 -1 -1 -1 -1 -1 -1 -1 -1 1 
91 8 Car -1.000000 -1 -1 795.594294 167.212582 830.15927 187.374416 -1 -1 -1 -1 -1 -1 -1 -1 1 
92 1 Car -1.000000 -1 -1 569.771825 175.851358 619.91905 224.397702 -1 -1 -1 -1 -1 -1 -1 -1 1 
92 7 Car -1.000000 -1 -1 835.5038339999999 161.309484 887.8876329999999 189.363213 -1 -1 -1 -1 -1 -1 -1 -1 1 
92 8 Car -1.000000 -1 -1 799.571995 165.955182 835.303147 186.6032 -1 -1 -1 -1 -1 -1 -1 -1 1 
93 1 Car -1.000000 -1 -1 569.5497070000001 175.151297 619.6862950000001 223.686593 -1 -1 -1 -1 -1 -1 -1 -1 1 
93 7 Car -1.000000 -1 -1 841.696547 160.952209 896.394557 189.880619 -1 -1 -1 -1 -1 -1 -1 -1 1 
93 8 Car -1.000000 -1 -1 803.731315 164.63568499999997 840.70113 185.79389799999998 -1 -1 -1 -1 -1 -1 -1 -1 1 
94 1 Car -1.000000 -1 -1 568.86588 176.09325 619.078468 224.702866 -1 -1 -1 -1 -1 -1 -1 -1 1 
94 7 Car -1.000000 -1 -1 848.2480679999999 160.571927 905.4494979999998 190.43132 -1 -1 -1 -1 -1 -1 -1 -1 1 
94 8 Car -1.000000 -1 -1 807.804265 164.25266499999998 846.039008 185.92980499999996 -1 -1 -1 -1 -1 -1 -1 -1 1 
95 1 Car -1.000000 -1 -1 568.180032 177.03809 618.468766 225.722163 -1 -1 -1 -1 -1 -1 -1 -1 1 
95 7 Car -1.000000 -1 -1 855.190512 160.16634399999998 915.107175 191.01863699999998 -1 -1 -1 -1 -1 -1 -1 -1 1 
95 8 Car -1.000000 -1 -1 812.2101679999998 164.548409 851.8295079999999 186.779982 -1 -1 -1 -1 -1 -1 -1 -1 1 
96 1 Car -1.000000 -1 -1 567.239969 176.79741 617.604589 225.553207 -1 -1 -1 -1 -1 -1 -1 -1 1 
96 7 Car -1.000000 -1 -1 862.5599439999999 159.732846 925.4298399999999 191.646346 -1 -1 -1 -1 -1 -1 -1 -1 1 
96 8 Car -1.000000 -1 -1 816.828802 164.859685 857.924208 187.674818 -1 -1 -1 -1 -1 -1 -1 -1 1 
97 1 Car -1.000000 -1 -1 566.297135 176.555995 616.737762 225.383749 -1 -1 -1 -1 -1 -1 -1 -1 1 
97 7 Car -1.000000 -1 -1 869.986952 157.329414 936.143289 190.37085 -1 -1 -1 -1 -1 -1 -1 -1 1 
97 8 Car -1.000000 -1 -1 822.012031 162.65664500000003 864.79967 186.13445400000003 -1 -1 -1 -1 -1 -1 -1 -1 1 
98 1 Car -1.000000 -1 -1 565.312295 176.391311 615.850805 225.312466 -1 -1 -1 -1 -1 -1 -1 -1 1 
98 7 Car -1.000000 -1 -1 877.896936 154.75021400000003 947.640503 189.00188700000004 -1 -1 -1 -1 -1 -1 -1 -1 1 
98 8 Car -1.000000 -1 -1 827.4786939999999 160.321935 872.0862059999998 184.502008 -1 -1 -1 -1 -1 -1 -1 -1 1 
99 1 Car -1.000000 -1 -1 564.3055750000001 174.39991100000003 614.9409060000002 223.41018700000004 -1 -1 -1 -1 -1 -1 -1 -1 1 
99 7 Car -1.000000 -1 -1 886.587713 153.418351 960.34733 188.99711 -1 -1 -1 -1 -1 -1 -1 -1 1 
99 8 Car -1.000000 -1 -1 832.260251 159.573167 878.659507 184.458627 -1 -1 -1 -1 -1 -1 -1 -1 1 
100 1 Car -1.000000 -1 -1 563.323394 175.262124 614.057899 224.369198 -1 -1 -1 -1 -1 -1 -1 -1 1 
100 7 Car -1.000000 -1 -1 895.895454 151.97920599999998 974.07816 188.99194399999996 -1 -1 -1 -1 -1 -1 -1 -1 1 
100 8 Car -1.000000 -1 -1 837.303357 158.779405 885.62794 184.412638 -1 -1 -1 -1 -1 -1 -1 -1 1 
100 9 Car -1.000000 -1 -1 817.521839 168.300206 853.830241 185.810943 -1 -1 -1 -1 -1 -1 -1 -1 1 
101 1 Car -1.000000 -1 -1 563.003594 177.994025 613.896026 227.258341 -1 -1 -1 -1 -1 -1 -1 -1 1 
101 7 Car -1.000000 -1 -1 906.796614 152.434365 989.357664 190.991035 -1 -1 -1 -1 -1 -1 -1 -1 1 
101 8 Car -1.000000 -1 -1 843.7310500000001 159.878162 894.2451850000001 186.306428 -1 -1 -1 -1 -1 -1 -1 -1 1 
101 9 Car -1.000000 -1 -1 822.804547 169.661146 860.552313 187.671863 -1 -1 -1 -1 -1 -1 -1 -1 1 
102 1 Car -1.000000 -1 -1 562.659662 178.503764 613.709313 227.920638 -1 -1 -1 -1 -1 -1 -1 -1 1 
102 7 Car -1.000000 -1 -1 918.520548 152.929335 1005.97081 193.163154 -1 -1 -1 -1 -1 -1 -1 -1 1 
102 8 Car -1.000000 -1 -1 850.531427 161.047307 903.414674 188.321565 -1 -1 -1 -1 -1 -1 -1 -1 1 
102 9 Car -1.000000 -1 -1 828.37422 171.10174 867.66792 189.641841 -1 -1 -1 -1 -1 -1 -1 -1 1 
103 1 Car -1.000000 -1 -1 562.302122 177.853811 613.509059 227.421364 -1 -1 -1 -1 -1 -1 -1 -1 1 
103 7 Car -1.000000 -1 -1 930.8685190000001 151.77896700000002 1024.813416 193.86493300000004 -1 -1 -1 -1 -1 -1 -1 -1 1 
103 8 Car -1.000000 -1 -1 858.980626 160.238221 914.71948 188.49848 -1 -1 -1 -1 -1 -1 -1 -1 1 
103 9 Car -1.000000 -1 -1 834.374754 170.05377299999998 875.340304 189.15138399999998 -1 -1 -1 -1 -1 -1 -1 -1 1 
104 1 Car -1.000000 -1 -1 561.9378530000001 176.740344 613.3026610000001 226.458481 -1 -1 -1 -1 -1 -1 -1 -1 1 
104 7 Car -1.000000 -1 -1 944.2464219999999 150.517898 1045.4699619999997 194.63472 -1 -1 -1 -1 -1 -1 -1 -1 1 
104 8 Car -1.000000 -1 -1 867.9992339999999 159.368444 926.8726479999999 188.688665 -1 -1 -1 -1 -1 -1 -1 -1 1 
104 9 Car -1.000000 -1 -1 841.4111620000001 169.722485 884.2018120000001 189.42269 -1 -1 -1 -1 -1 -1 -1 -1 1 
105 1 Car -1.000000 -1 -1 561.573047 175.791304 613.09678 225.661441 -1 -1 -1 -1 -1 -1 -1 -1 1 
105 7 Car -1.000000 -1 -1 958.788649 149.12934 1068.215727 195.482906 -1 -1 -1 -1 -1 -1 -1 -1 1 
105 8 Car -1.000000 -1 -1 877.2252799999999 158.458134 939.3924859999998 188.867384 -1 -1 -1 -1 -1 -1 -1 -1 1 
105 9 Car -1.000000 -1 -1 848.869622 169.36961199999996 893.640824 189.71167799999998 -1 -1 -1 -1 -1 -1 -1 -1 1 
105 10 Car -1.000000 -1 -1 530.474947 178.67969 549.858769 195.515222 -1 -1 -1 -1 -1 -1 -1 -1 1 
106 1 Car -1.000000 -1 -1 562.401656 175.74096299999997 614.091145 225.77134199999998 -1 -1 -1 -1 -1 -1 -1 -1 1 
106 7 Car -1.000000 -1 -1 974.6540380000001 147.592928 1093.384661 196.422109 -1 -1 -1 -1 -1 -1 -1 -1 1 
106 8 Car -1.000000 -1 -1 887.085825 157.477596 952.878648 189.05989 -1 -1 -1 -1 -1 -1 -1 -1 1 
106 9 Car -1.000000 -1 -1 856.7892819999998 168.992976 903.7156969999999 190.020133 -1 -1 -1 -1 -1 -1 -1 -1 1 
106 10 Car -1.000000 -1 -1 527.4327209999999 178.473608 547.8869879999999 196.121992 -1 -1 -1 -1 -1 -1 -1 -1 1 
107 1 Car -1.000000 -1 -1 563.23561 175.690293 615.091994 225.881949 -1 -1 -1 -1 -1 -1 -1 -1 1 
107 7 Car -1.000000 -1 -1 992.7373269999999 146.207626 1121.547015 197.796774 -1 -1 -1 -1 -1 -1 -1 -1 1 
107 8 Car -1.000000 -1 -1 897.706261 156.582136 967.561809 189.431131 -1 -1 -1 -1 -1 -1 -1 -1 1 
107 9 Car -1.000000 -1 -1 865.21428 168.59009 914.492921 190.350093 -1 -1 -1 -1 -1 -1 -1 -1 1 
107 10 Car -1.000000 -1 -1 524.081922 178.24660799999998 545.725086 196.79032599999996 -1 -1 -1 -1 -1 -1 -1 -1 1 
108 1 Car -1.000000 -1 -1 564.074963 175.639292 616.099389 225.99327 -1 -1 -1 -1 -1 -1 -1 -1 1 
108 7 Car -1.000000 -1 -1 1012.6204259999998 144.65626100000003 1153.0879849999997 199.33597800000004 -1 -1 -1 -1 -1 -1 -1 -1 1 
108 8 Car -1.000000 -1 -1 909.111224 155.61186100000003 983.472316 189.83341200000004 -1 -1 -1 -1 -1 -1 -1 -1 1 
108 9 Car -1.000000 -1 -1 874.194578 168.15811299999996 926.048598 190.70388699999998 -1 -1 -1 -1 -1 -1 -1 -1 1 
108 10 Car -1.000000 -1 -1 520.373092 177.995336 543.344174 197.530092 -1 -1 -1 -1 -1 -1 -1 -1 1 
109 1 Car -1.000000 -1 -1 564.919766 175.587956 617.113396 226.10531 -1 -1 -1 -1 -1 -1 -1 -1 1 
109 7 Car -1.000000 -1 -1 1034.586097 142.90706699999998 1188.654365 201.07114499999997 -1 -1 -1 -1 -1 -1 -1 -1 1 
109 8 Car -1.000000 -1 -1 921.390975 154.556988 1000.770774 190.270797 -1 -1 -1 -1 -1 -1 -1 -1 1 
109 9 Car -1.000000 -1 -1 883.680887 167.46979700000003 938.31728 190.84471500000004 -1 -1 -1 -1 -1 -1 -1 -1 1 
109 10 Car -1.000000 -1 -1 516.245608 177.71567800000003 540.709199 198.35339000000002 -1 -1 -1 -1 -1 -1 -1 -1 1 
110 1 Car -1.000000 -1 -1 565.770072 175.53628200000003 618.134079 226.21807800000002 -1 -1 -1 -1 -1 -1 -1 -1 1 
110 7 Car -1.000000 -1 -1 1058.979622 140.919627 1229.069315 203.042241 -1 -1 -1 -1 -1 -1 -1 -1 1 
110 8 Car -1.000000 -1 -1 934.650172 153.40594700000003 1019.647079 190.74808900000002 -1 -1 -1 -1 -1 -1 -1 -1 1 
110 9 Car -1.000000 -1 -1 893.8241250000001 166.728909 951.5232990000001 190.996303 -1 -1 -1 -1 -1 -1 -1 -1 1 
110 10 Car -1.000000 -1 -1 511.6243410000001 177.402538 537.7772050000001 199.275215 -1 -1 -1 -1 -1 -1 -1 -1 1 
111 1 Car -1.000000 -1 -1 566.054506 176.163676 618.579494 227.001937 -1 -1 -1 -1 -1 -1 -1 -1 1 
111 7 Car -1.000000 -1 -1 1086.2270550000003 139.012702 1241.0000000000002 205.300895 -1 -1 -1 -1 -1 -1 -1 -1 1 
111 8 Car -1.000000 -1 -1 949.0108660000001 152.14496 1040.327433 191.271013 -1 -1 -1 -1 -1 -1 -1 -1 1 
111 9 Car -1.000000 -1 -1 904.6949749999999 165.92919 965.7783429999998 191.159931 -1 -1 -1 -1 -1 -1 -1 -1 1 
111 10 Car -1.000000 -1 -1 506.442052 178.36089099999998 534.400998 201.61462499999996 -1 -1 -1 -1 -1 -1 -1 -1 1 
112 1 Car -1.000000 -1 -1 566.3406940000001 176.794961 619.0276690000001 227.790619 -1 -1 -1 -1 -1 -1 -1 -1 1 
112 7 Car -1.000000 -1 -1 1116.860353 137.418575 1241.0 207.522476 -1 -1 -1 -1 -1 -1 -1 -1 1 
112 8 Car -1.000000 -1 -1 964.146819 152.51147099999997 1062.448459 193.56234799999996 -1 -1 -1 -1 -1 -1 -1 -1 1 
112 9 Car -1.000000 -1 -1 916.428559 166.770354 981.280948 193.049778 -1 -1 -1 -1 -1 -1 -1 -1 1 
112 10 Car -1.000000 -1 -1 500.56148799999994 179.448316 530.6000469999999 204.269379 -1 -1 -1 -1 -1 -1 -1 -1 1 
113 1 Car -1.000000 -1 -1 566.628651 177.430173 619.47863 228.584171 -1 -1 -1 -1 -1 -1 -1 -1 1 
113 7 Car -1.000000 -1 -1 1151.552428 138.189392 1241.0 208.069334 -1 -1 -1 -1 -1 -1 -1 -1 1 
113 8 Car -1.000000 -1 -1 980.6266440000002 152.915904 1086.8595690000002 196.090989 -1 -1 -1 -1 -1 -1 -1 -1 1 
113 9 Car -1.000000 -1 -1 929.071971 167.684326 998.125872 195.103263 -1 -1 -1 -1 -1 -1 -1 -1 1 
113 10 Car -1.000000 -1 -1 493.831317 180.66907599999996 526.288823 207.30784499999996 -1 -1 -1 -1 -1 -1 -1 -1 1 
114 1 Car -1.000000 -1 -1 566.9183940000001 178.069347 619.9324020000001 229.382636 -1 -1 -1 -1 -1 -1 -1 -1 1 
114 7 Car -1.000000 -1 -1 1190.765374 137.345511 1241.0 207.038383 -1 -1 -1 -1 -1 -1 -1 -1 1 
114 8 Car -1.000000 -1 -1 998.637632 153.364466 1113.935798 198.895812 -1 -1 -1 -1 -1 -1 -1 -1 1 
114 9 Car -1.000000 -1 -1 942.660957 168.51538600000003 1016.394785 197.17007700000002 -1 -1 -1 -1 -1 -1 -1 -1 1 
114 10 Car -1.000000 -1 -1 485.559306 180.837502 520.933788 209.593541 -1 -1 -1 -1 -1 -1 -1 -1 1 
114 11 Car -1.000000 -1 -1 535.329213 178.436147 555.444738 193.76005 -1 -1 -1 -1 -1 -1 -1 -1 1 
115 1 Car -1.000000 -1 -1 567.014872 175.541489 620.217908 227.034307 -1 -1 -1 -1 -1 -1 -1 -1 1 
115 7 Car -1.000000 -1 -1 1206.6983618349839 136.26089680944108 1258.2724574473611 207.81623339062375 -1 -1 -1 -1 -1 -1 -1 -1 1 
115 8 Car -1.000000 -1 -1 1018.7287950000001 149.327638 1144.231125 197.537409 -1 -1 -1 -1 -1 -1 -1 -1 1 
115 9 Car -1.000000 -1 -1 957.3277460000002 165.23427899999996 1036.3154950000003 195.23371899999998 -1 -1 -1 -1 -1 -1 -1 -1 1 
115 10 Car -1.000000 -1 -1 476.190509 179.288761 514.941985 210.390879 -1 -1 -1 -1 -1 -1 -1 -1 1 
115 11 Car -1.000000 -1 -1 532.908968 177.555773 554.083032 193.584957 -1 -1 -1 -1 -1 -1 -1 -1 1 
116 1 Car -1.000000 -1 -1 567.1120430000001 172.995458 620.5054630000001 224.669203 -1 -1 -1 -1 -1 -1 -1 -1 1 
116 8 Car -1.000000 -1 -1 1040.912434 144.785449 1178.321279 196.00965 -1 -1 -1 -1 -1 -1 -1 -1 1 
116 9 Car -1.000000 -1 -1 972.97642 162.513309 1057.664203 193.97035 -1 -1 -1 -1 -1 -1 -1 -1 1 
116 10 Car -1.000000 -1 -1 465.125411 177.414375 507.961394 211.332653 -1 -1 -1 -1 -1 -1 -1 -1 1 
116 11 Car -1.000000 -1 -1 530.390754 175.26999999999998 552.724749 192.07177099999998 -1 -1 -1 -1 -1 -1 -1 -1 1 
117 1 Car -1.000000 -1 -1 567.3583210000002 173.096868 620.7752470000001 224.79322 -1 -1 -1 -1 -1 -1 -1 -1 1 
117 8 Car -1.000000 -1 -1 1065.533362 139.636674 1216.966968 194.278766 -1 -1 -1 -1 -1 -1 -1 -1 1 
117 9 Car -1.000000 -1 -1 990.0277569999998 159.51370199999997 1081.199791 192.57780899999997 -1 -1 -1 -1 -1 -1 -1 -1 1 
117 10 Car -1.000000 -1 -1 452.04807199999993 179.963704 499.91871799999996 217.279636 -1 -1 -1 -1 -1 -1 -1 -1 1 
117 11 Car -1.000000 -1 -1 527.1352019999999 177.323633 550.7890449999999 194.979121 -1 -1 -1 -1 -1 -1 -1 -1 1 
118 1 Car -1.000000 -1 -1 567.842397 175.091007 621.424191 226.948979 -1 -1 -1 -1 -1 -1 -1 -1 1 
118 8 Car -1.000000 -1 -1 1092.373388 138.601095 1241.0 196.894979 -1 -1 -1 -1 -1 -1 -1 -1 1 
118 9 Car -1.000000 -1 -1 1009.170018 160.427203 1108.044986 195.349324 -1 -1 -1 -1 -1 -1 -1 -1 1 
118 10 Car -1.000000 -1 -1 436.062119 182.797186 490.277172 224.550136 -1 -1 -1 -1 -1 -1 -1 -1 1 
118 11 Car -1.000000 -1 -1 523.531567 179.596952 548.660596 198.197418 -1 -1 -1 -1 -1 -1 -1 -1 1 
119 1 Car -1.000000 -1 -1 568.329464 177.097551 622.077171 229.118045 -1 -1 -1 -1 -1 -1 -1 -1 1 
119 8 Car -1.000000 -1 -1 1122.17837 141.23326200000002 1241.0 203.19418400000004 -1 -1 -1 -1 -1 -1 -1 -1 1 
119 9 Car -1.000000 -1 -1 1031.16457 166.399793 1139.118673 203.407553 -1 -1 -1 -1 -1 -1 -1 -1 1 
119 10 Car -1.000000 -1 -1 414.89912 186.229723 477.515567 233.710566 -1 -1 -1 -1 -1 -1 -1 -1 1 
119 11 Car -1.000000 -1 -1 519.639498 182.279755 546.375511 202.075637 -1 -1 -1 -1 -1 -1 -1 -1 1 
120 1 Car -1.000000 -1 -1 568.8195479999999 179.11661599999996 622.7342259999999 231.30054099999998 -1 -1 -1 -1 -1 -1 -1 -1 1 
120 8 Car -1.000000 -1 -1 1155.7133290000002 146.458749 1241.0000000000002 208.228653 -1 -1 -1 -1 -1 -1 -1 -1 1 
120 9 Car -1.000000 -1 -1 1052.828829 167.678196 1170.284333 206.802309 -1 -1 -1 -1 -1 -1 -1 -1 1 
120 10 Car -1.000000 -1 -1 386.57698 187.019201 460.643564 241.472782 -1 -1 -1 -1 -1 -1 -1 -1 1 
120 11 Car -1.000000 -1 -1 514.366375 182.88854699999996 542.991548 203.91568599999997 -1 -1 -1 -1 -1 -1 -1 -1 1 
121 1 Car -1.000000 -1 -1 568.884166 178.846488 622.952849 231.178794 -1 -1 -1 -1 -1 -1 -1 -1 1 
121 8 Car -1.000000 -1 -1 1192.857424 146.17303900000002 1241.0 207.73010200000002 -1 -1 -1 -1 -1 -1 -1 -1 1 
121 9 Car -1.000000 -1 -1 1077.331495 164.248969 1206.460846 205.906518 -1 -1 -1 -1 -1 -1 -1 -1 1 
121 10 Car -1.000000 -1 -1 349.91721299999995 182.20033899999999 439.72573099999994 244.76585399999996 -1 -1 -1 -1 -1 -1 -1 -1 1 
121 11 Car -1.000000 -1 -1 509.05031600000007 177.5856 539.785439 199.721142 -1 -1 -1 -1 -1 -1 -1 -1 1 
122 1 Car -1.000000 -1 -1 568.949156 178.57480300000003 623.172729 231.05635100000003 -1 -1 -1 -1 -1 -1 -1 -1 1 
122 8 Car -1.000000 -1 -1 1209.027452227991 145.57115978382376 1258.453787645177 208.77304984371713 -1 -1 -1 -1 -1 -1 -1 -1 1 
122 9 Car -1.000000 -1 -1 1104.6874120000002 160.404959 1241.0000000000002 204.886646 -1 -1 -1 -1 -1 -1 -1 -1 1 
122 10 Car -1.000000 -1 -1 298.841291 181.687657 412.054468 256.500362 -1 -1 -1 -1 -1 -1 -1 -1 1 
122 11 Car -1.000000 -1 -1 501.64967099999996 175.5992 534.937111 199.23116 -1 -1 -1 -1 -1 -1 -1 -1 1 
123 1 Car -1.000000 -1 -1 569.014523 178.301548 623.393877 230.933206 -1 -1 -1 -1 -1 -1 -1 -1 1 
123 9 Car -1.000000 -1 -1 1135.030983 156.264741 1241.0 203.464553 -1 -1 -1 -1 -1 -1 -1 -1 1 
123 10 Car -1.000000 -1 -1 223.63117999999997 184.74166000000002 374.235602 278.649313 -1 -1 -1 -1 -1 -1 -1 -1 1 
123 11 Car -1.000000 -1 -1 493.202452 176.33733 529.475994 201.685045 -1 -1 -1 -1 -1 -1 -1 -1 1 
124 1 Car -1.000000 -1 -1 569.080269 178.02670999999998 623.616304 230.80935199999996 -1 -1 -1 -1 -1 -1 -1 -1 1 
124 9 Car -1.000000 -1 -1 1169.322741 153.09805700000004 1241.0 200.29214800000003 -1 -1 -1 -1 -1 -1 -1 -1 1 
124 10 Car -1.000000 -1 -1 99.86841199999999 189.25260399999996 318.351303 315.12195199999996 -1 -1 -1 -1 -1 -1 -1 -1 1 
124 11 Car -1.000000 -1 -1 484.971091 177.566529 524.720224 204.931101 -1 -1 -1 -1 -1 -1 -1 -1 1 
125 1 Car -1.000000 -1 -1 569.146398 177.750274 623.84002 230.684785 -1 -1 -1 -1 -1 -1 -1 -1 1 
125 9 Car -1.000000 -1 -1 1208.3384969999997 153.617236 1240.9999999999998 200.804433 -1 -1 -1 -1 -1 -1 -1 -1 1 
125 10 Car -1.000000 -1 -1 1.4210854715202004e-14 196.58964300000002 227.39561200000003 374.0 -1 -1 -1 -1 -1 -1 -1 -1 1 
125 11 Car -1.000000 -1 -1 474.899407 180.64572 518.781691 210.350916 -1 -1 -1 -1 -1 -1 -1 -1 1 
125 14 Car -1.000000 -1 -1 635.769546 172.49827499999998 652.784653 187.61210299999996 -1 -1 -1 -1 -1 -1 -1 -1 1 
126 1 Car -1.000000 -1 -1 569.2129130000001 177.472227 624.0650380000001 230.559497 -1 -1 -1 -1 -1 -1 -1 -1 1 
126 9 Car -1.000000 -1 -1 1225.381924639372 152.829685265675 1258.9303128643592 201.30144903454305 -1 -1 -1 -1 -1 -1 -1 -1 1 
126 10 Car -1.000000 -1 -1 -20.597334678835935 197.18072142564884 214.5406714261133 380.63157407957385 -1 -1 -1 -1 -1 -1 -1 -1 1 
126 11 Car -1.000000 -1 -1 462.972638 183.90160099999997 511.874222 216.76946999999998 -1 -1 -1 -1 -1 -1 -1 -1 1 
126 14 Car -1.000000 -1 -1 636.425292 174.07212500000003 653.847774 189.52053100000003 -1 -1 -1 -1 -1 -1 -1 -1 1 
127 1 Car -1.000000 -1 -1 569.2798170000001 177.192554 624.2913690000001 230.433482 -1 -1 -1 -1 -1 -1 -1 -1 1 
127 11 Car -1.000000 -1 -1 446.64257 185.38808 502.056594 221.846036 -1 -1 -1 -1 -1 -1 -1 -1 1 
127 14 Car -1.000000 -1 -1 637.10925 175.717169 654.958996 191.515296 -1 -1 -1 -1 -1 -1 -1 -1 1 
128 1 Car -1.000000 -1 -1 569.347114 176.91124100000002 624.519023 230.30673400000003 -1 -1 -1 -1 -1 -1 -1 -1 1 
128 11 Car -1.000000 -1 -1 426.576641 187.16798 490.300053 228.084646 -1 -1 -1 -1 -1 -1 -1 -1 1 
128 14 Car -1.000000 -1 -1 637.823281 177.43834900000002 656.12166 193.60239200000004 -1 -1 -1 -1 -1 -1 -1 -1 1 
129 1 Car -1.000000 -1 -1 569.175504 176.71230100000002 624.529291 230.28341700000001 -1 -1 -1 -1 -1 -1 -1 -1 1 
129 11 Car -1.000000 -1 -1 402.738764 187.59151099999997 477.091199 233.82042799999996 -1 -1 -1 -1 -1 -1 -1 -1 1 
129 14 Car -1.000000 -1 -1 638.349549 177.234125 657.12187 193.786504 -1 -1 -1 -1 -1 -1 -1 -1 1 
130 1 Car -1.000000 -1 -1 569.002766 176.51203799999996 624.539623 230.25994599999999 -1 -1 -1 -1 -1 -1 -1 -1 1 
130 11 Car -1.000000 -1 -1 371.911547 188.118049 460.667854 241.239204 -1 -1 -1 -1 -1 -1 -1 -1 1 
130 14 Car -1.000000 -1 -1 638.9003720000001 177.019848 658.1713230000001 193.979681 -1 -1 -1 -1 -1 -1 -1 -1 1 
131 1 Car -1.000000 -1 -1 568.828888 176.310437 624.550021 230.236318 -1 -1 -1 -1 -1 -1 -1 -1 1 
131 11 Car -1.000000 -1 -1 330.492976 188.79037500000004 439.694056 251.20907100000002 -1 -1 -1 -1 -1 -1 -1 -1 1 
131 14 Car -1.000000 -1 -1 639.477508 176.794759 659.273749 194.18261 -1 -1 -1 -1 -1 -1 -1 -1 1 
132 1 Car -1.000000 -1 -1 568.65386 176.107486 624.560484 230.212533 -1 -1 -1 -1 -1 -1 -1 -1 1 
132 11 Car -1.000000 -1 -1 270.951108 192.41333400000002 411.630737 269.1262760000001 -1 -1 -1 -1 -1 -1 -1 -1 1 
132 14 Car -1.000000 -1 -1 640.082891 176.558016 660.433261 194.396048 -1 -1 -1 -1 -1 -1 -1 -1 1 
133 1 Car -1.000000 -1 -1 568.47767 175.903172 624.571013 230.188588 -1 -1 -1 -1 -1 -1 -1 -1 1 
133 11 Car -1.000000 -1 -1 185.146001 197.74078299999996 374.890773 295.766355 -1 -1 -1 -1 -1 -1 -1 -1 1 
133 14 Car -1.000000 -1 -1 640.718646 176.308692 661.654412 194.620833 -1 -1 -1 -1 -1 -1 -1 -1 1 
134 1 Car -1.000000 -1 -1 568.1042170000001 177.027043 624.3535050000002 231.464243 -1 -1 -1 -1 -1 -1 -1 -1 1 
134 11 Car -1.000000 -1 -1 41.54735600000001 205.47900600000003 321.505637 340.381204 -1 -1 -1 -1 -1 -1 -1 -1 1 
134 14 Car -1.000000 -1 -1 641.2730140000001 178.01947 662.7766420000002 196.820073 -1 -1 -1 -1 -1 -1 -1 -1 1 
134 15 Car -1.000000 -1 -1 822.5015739999999 165.276249 856.2384369999999 187.90106 -1 -1 -1 -1 -1 -1 -1 -1 1 
135 1 Car -1.000000 -1 -1 567.72869 178.15723399999996 624.134768 232.74700299999998 -1 -1 -1 -1 -1 -1 -1 -1 1 
135 11 Car -1.000000 -1 -1 -1.4210854715202004e-14 213.74996099999998 234.661627 374.0 -1 -1 -1 -1 -1 -1 -1 -1 1 
135 14 Car -1.000000 -1 -1 641.855945 179.82397299999997 663.960367 199.13975199999996 -1 -1 -1 -1 -1 -1 -1 -1 1 
135 15 Car -1.000000 -1 -1 827.9400370000001 166.17726 862.9314290000001 189.404894 -1 -1 -1 -1 -1 -1 -1 -1 1 
136 1 Car -1.000000 -1 -1 567.35107 179.29380000000003 623.914793 234.03692800000002 -1 -1 -1 -1 -1 -1 -1 -1 1 
136 11 Car -1.000000 -1 -1 -20.140083122079773 215.01107394937668 222.3792512798516 380.62722884000004 -1 -1 -1 -1 -1 -1 -1 -1 1 
136 14 Car -1.000000 -1 -1 642.469706 181.647546 665.210783 201.590041 -1 -1 -1 -1 -1 -1 -1 -1 1 
136 15 Car -1.000000 -1 -1 833.657836 167.12762599999996 869.991163 190.99108499999997 -1 -1 -1 -1 -1 -1 -1 -1 1 
136 16 Car -1.000000 -1 -1 813.968554 174.163157 847.439147 191.303746 -1 -1 -1 -1 -1 -1 -1 -1 1 
137 1 Car -1.000000 -1 -1 568.03374 177.83191899999997 624.755781 232.72518399999998 -1 -1 -1 -1 -1 -1 -1 -1 1 
137 14 Car -1.000000 -1 -1 643.9447110000001 179.85520299999996 667.4156530000001 200.28903899999997 -1 -1 -1 -1 -1 -1 -1 -1 1 
137 15 Car -1.000000 -1 -1 839.6770609999999 168.131516 877.4486329999999 192.666592 -1 -1 -1 -1 -1 -1 -1 -1 1 
137 16 Car -1.000000 -1 -1 819.1575190000001 172.87660700000004 853.8199330000001 190.44618600000004 -1 -1 -1 -1 -1 -1 -1 -1 1 
138 1 Car -1.000000 -1 -1 568.720271 176.36157199999997 625.601558 231.40617799999998 -1 -1 -1 -1 -1 -1 -1 -1 1 
138 14 Car -1.000000 -1 -1 645.501919 177.868584 669.751919 198.91056 -1 -1 -1 -1 -1 -1 -1 -1 1 
138 15 Car -1.000000 -1 -1 846.445103 165.833957 885.726078 191.065262 -1 -1 -1 -1 -1 -1 -1 -1 1 
138 16 Car -1.000000 -1 -1 824.391429 171.669833 860.310026 189.690323 -1 -1 -1 -1 -1 -1 -1 -1 1 
139 1 Car -1.000000 -1 -1 569.410696 174.882688 626.452165 230.07985 -1 -1 -1 -1 -1 -1 -1 -1 1 
139 14 Car -1.000000 -1 -1 647.1484 175.759975 672.231686 197.44747 -1 -1 -1 -1 -1 -1 -1 -1 1 
139 15 Car -1.000000 -1 -1 853.5814029999999 163.402202 894.4871549999999 189.370529 -1 -1 -1 -1 -1 -1 -1 -1 1 
139 16 Car -1.000000 -1 -1 829.881897 170.39951199999996 867.14197 188.89468299999996 -1 -1 -1 -1 -1 -1 -1 -1 1 
140 1 Car -1.000000 -1 -1 570.105047 173.395193 627.307644 228.746142 -1 -1 -1 -1 -1 -1 -1 -1 1 
140 14 Car -1.000000 -1 -1 649.116864 175.089112 675.110485 197.463808 -1 -1 -1 -1 -1 -1 -1 -1 1 
140 15 Car -1.000000 -1 -1 861.149311 161.88755 903.811084 188.637442 -1 -1 -1 -1 -1 -1 -1 -1 1 
140 16 Car -1.000000 -1 -1 836.094864 168.902587 874.800012 187.908833 -1 -1 -1 -1 -1 -1 -1 -1 1 
141 1 Car -1.000000 -1 -1 570.803357 171.89901299999997 628.168037 227.40499099999997 -1 -1 -1 -1 -1 -1 -1 -1 1 
141 14 Car -1.000000 -1 -1 651.205136 174.374324 678.177837 197.481216 -1 -1 -1 -1 -1 -1 -1 -1 1 
141 15 Car -1.000000 -1 -1 869.1650870000001 161.192677 913.7276030000002 188.772724 -1 -1 -1 -1 -1 -1 -1 -1 1 
141 16 Car -1.000000 -1 -1 842.634881 167.320597 882.893335 186.867061 -1 -1 -1 -1 -1 -1 -1 -1 1 
142 1 Car -1.000000 -1 -1 572.336277 173.25285199999996 629.849141 228.89918199999997 -1 -1 -1 -1 -1 -1 -1 -1 1 
142 14 Car -1.000000 -1 -1 653.6175759999999 175.129868 681.6617299999999 199.019236 -1 -1 -1 -1 -1 -1 -1 -1 1 
142 15 Car -1.000000 -1 -1 877.656251 160.453277 924.279831 188.916662 -1 -1 -1 -1 -1 -1 -1 -1 1 
142 16 Car -1.000000 -1 -1 849.994134 167.78380799999996 891.965403 187.90203999999997 -1 -1 -1 -1 -1 -1 -1 -1 1 
143 1 Car -1.000000 -1 -1 573.8814580000001 175.058217 631.5439230000001 230.845488 -1 -1 -1 -1 -1 -1 -1 -1 1 
143 14 Car -1.000000 -1 -1 656.186477 175.93839 685.389987 200.665045 -1 -1 -1 -1 -1 -1 -1 -1 1 
143 15 Car -1.000000 -1 -1 886.5923910000001 160.582633 935.4849230000001 189.989767 -1 -1 -1 -1 -1 -1 -1 -1 1 
143 16 Car -1.000000 -1 -1 857.762976 168.274976 901.58512 188.999361 -1 -1 -1 -1 -1 -1 -1 -1 1 
144 1 Car -1.000000 -1 -1 575.421878 175.614058 633.233915 231.541894 -1 -1 -1 -1 -1 -1 -1 -1 1 
144 14 Car -1.000000 -1 -1 658.055558 176.390412 688.44989 202.004018 -1 -1 -1 -1 -1 -1 -1 -1 1 
144 15 Car -1.000000 -1 -1 896.0936259999999 160.720867 947.4593779999999 191.136459 -1 -1 -1 -1 -1 -1 -1 -1 1 
144 16 Car -1.000000 -1 -1 865.976581 168.79671000000002 911.803618 190.16483100000002 -1 -1 -1 -1 -1 -1 -1 -1 1 
145 1 Car -1.000000 -1 -1 576.96815 175.97554299999996 634.93064 232.04441999999997 -1 -1 -1 -1 -1 -1 -1 -1 1 
145 14 Car -1.000000 -1 -1 660.052619 176.87607199999997 691.737586 203.44261499999996 -1 -1 -1 -1 -1 -1 -1 -1 1 
145 15 Car -1.000000 -1 -1 906.215308 160.868926 960.285253 192.364575 -1 -1 -1 -1 -1 -1 -1 -1 1 
145 16 Car -1.000000 -1 -1 873.667358 169.317007 921.57218 191.34161 -1 -1 -1 -1 -1 -1 -1 -1 1 
146 1 Car -1.000000 -1 -1 578.5161359999998 175.728383 636.6296089999998 231.938782 -1 -1 -1 -1 -1 -1 -1 -1 1 
146 14 Car -1.000000 -1 -1 662.1912710000001 177.39927 695.2794930000001 204.992384 -1 -1 -1 -1 -1 -1 -1 -1 1 
146 15 Car -1.000000 -1 -1 917.020262 161.027895 974.056699 193.683106 -1 -1 -1 -1 -1 -1 -1 -1 1 
146 16 Car -1.000000 -1 -1 881.805433 169.870331 931.961035 192.593015 -1 -1 -1 -1 -1 -1 -1 -1 1 
147 1 Car -1.000000 -1 -1 580.0553169999998 175.982776 638.3138109999999 232.328334 -1 -1 -1 -1 -1 -1 -1 -1 1 
147 14 Car -1.000000 -1 -1 664.487127 177.964533 699.106285 206.666731 -1 -1 -1 -1 -1 -1 -1 -1 1 
147 15 Car -1.000000 -1 -1 928.580093 161.199027 988.882288 195.10242 -1 -1 -1 -1 -1 -1 -1 -1 1 
147 16 Car -1.000000 -1 -1 890.430998 170.45993099999998 943.031204 193.92637799999997 -1 -1 -1 -1 -1 -1 -1 -1 1 
148 1 Car -1.000000 -1 -1 581.6019819999999 176.23846400000002 640.0064939999999 232.71974500000002 -1 -1 -1 -1 -1 -1 -1 -1 1 
148 14 Car -1.000000 -1 -1 666.958179 178.577145 703.253768 208.481303 -1 -1 -1 -1 -1 -1 -1 -1 1 
148 15 Car -1.000000 -1 -1 940.099235 162.18485100000004 1003.899783 197.42208200000002 -1 -1 -1 -1 -1 -1 -1 -1 1 
148 16 Car -1.000000 -1 -1 899.5892060000001 171.089494 954.8519790000001 195.350022 -1 -1 -1 -1 -1 -1 -1 -1 1 
149 1 Car -1.000000 -1 -1 583.1561860000002 176.495457 641.7077230000001 233.113029 -1 -1 -1 -1 -1 -1 -1 -1 1 
149 14 Car -1.000000 -1 -1 669.625279 179.243318 707.764022 210.454488 -1 -1 -1 -1 -1 -1 -1 -1 1 
149 15 Car -1.000000 -1 -1 952.474947 163.251526 1020.149552 199.931789 -1 -1 -1 -1 -1 -1 -1 -1 1 
149 16 Car -1.000000 -1 -1 909.330968 171.763227 967.502381 196.873439 -1 -1 -1 -1 -1 -1 -1 -1 1 
150 1 Car -1.000000 -1 -1 584.717982 176.753765 643.417562 233.508198 -1 -1 -1 -1 -1 -1 -1 -1 1 
150 14 Car -1.000000 -1 -1 671.254305 180.02452700000003 711.29319 212.66161100000002 -1 -1 -1 -1 -1 -1 -1 -1 1 
150 15 Car -1.000000 -1 -1 965.6035039999999 166.447853 1037.5664619999998 204.693672 -1 -1 -1 -1 -1 -1 -1 -1 1 
150 16 Car -1.000000 -1 -1 919.407924 176.766177 980.764219 202.792541 -1 -1 -1 -1 -1 -1 -1 -1 1 
151 1 Car -1.000000 -1 -1 586.287423 177.013398 645.136076 233.905267 -1 -1 -1 -1 -1 -1 -1 -1 1 
151 14 Car -1.000000 -1 -1 673.023654 180.82472 715.160493 215.080052 -1 -1 -1 -1 -1 -1 -1 -1 1 
151 15 Car -1.000000 -1 -1 979.502027 162.873019 1056.153575 202.792647 -1 -1 -1 -1 -1 -1 -1 -1 1 
151 16 Car -1.000000 -1 -1 930.449762 172.967768 995.331181 199.984346 -1 -1 -1 -1 -1 -1 -1 -1 1 
152 1 Car -1.000000 -1 -1 587.613071 176.630769 646.610201 233.662477 -1 -1 -1 -1 -1 -1 -1 -1 1 
152 14 Car -1.000000 -1 -1 676.2307 176.027132 720.760852 211.901943 -1 -1 -1 -1 -1 -1 -1 -1 1 
152 15 Car -1.000000 -1 -1 994.5386250000001 158.971173 1076.441988 200.71793 -1 -1 -1 -1 -1 -1 -1 -1 1 
152 16 Car -1.000000 -1 -1 942.057273 168.084203 1010.804812 196.169493 -1 -1 -1 -1 -1 -1 -1 -1 1 
153 1 Car -1.000000 -1 -1 588.945221 176.24625300000002 648.091602 233.41849500000004 -1 -1 -1 -1 -1 -1 -1 -1 1 
153 14 Car -1.000000 -1 -1 679.037817 175.729003 726.161763 213.454131 -1 -1 -1 -1 -1 -1 -1 -1 1 
153 15 Car -1.000000 -1 -1 1010.8590509999999 154.695291 1098.676484 198.444575 -1 -1 -1 -1 -1 -1 -1 -1 1 
153 16 Car -1.000000 -1 -1 954.550557 165.160752 1027.588734 194.401624 -1 -1 -1 -1 -1 -1 -1 -1 1 
154 1 Car -1.000000 -1 -1 590.283922 175.85983499999998 649.580332 233.17331299999998 -1 -1 -1 -1 -1 -1 -1 -1 1 
154 14 Car -1.000000 -1 -1 682.628867 177.30778099999998 732.777647 217.12094299999998 -1 -1 -1 -1 -1 -1 -1 -1 1 
154 15 Car -1.000000 -1 -1 1029.021432 153.748591 1123.675115 199.726279 -1 -1 -1 -1 -1 -1 -1 -1 1 
154 16 Car -1.000000 -1 -1 968.052993 165.926562 1045.878222 196.420089 -1 -1 -1 -1 -1 -1 -1 -1 1 
155 1 Car -1.000000 -1 -1 591.629223 175.47150299999998 651.076446 232.92692099999996 -1 -1 -1 -1 -1 -1 -1 -1 1 
155 14 Car -1.000000 -1 -1 686.589898 179.071705 740.169838 221.217435 -1 -1 -1 -1 -1 -1 -1 -1 1 
155 15 Car -1.000000 -1 -1 1048.901809 152.700225 1151.360219 201.145518 -1 -1 -1 -1 -1 -1 -1 -1 1 
155 16 Car -1.000000 -1 -1 981.7249630000001 165.61987900000003 1064.71279 197.43973000000003 -1 -1 -1 -1 -1 -1 -1 -1 1 
156 1 Car -1.000000 -1 -1 592.9811709999999 175.08124199999997 652.5799989999999 232.67930999999996 -1 -1 -1 -1 -1 -1 -1 -1 1 
156 14 Car -1.000000 -1 -1 690.459113 179.309307 747.965059 224.037091 -1 -1 -1 -1 -1 -1 -1 -1 1 
156 15 Car -1.000000 -1 -1 1070.346051 151.646949 1181.598528 202.783708 -1 -1 -1 -1 -1 -1 -1 -1 1 
156 16 Car -1.000000 -1 -1 996.4949480000001 165.28528700000004 1085.2621720000002 198.55209600000003 -1 -1 -1 -1 -1 -1 -1 -1 1 
157 1 Car -1.000000 -1 -1 594.339817 174.68903699999998 654.091046 232.43047099999998 -1 -1 -1 -1 -1 -1 -1 -1 1 
157 14 Car -1.000000 -1 -1 694.765474 179.577901 756.777704 227.224796 -1 -1 -1 -1 -1 -1 -1 -1 1 
157 15 Car -1.000000 -1 -1 1093.9830039999997 150.46968599999997 1215.3991329999997 204.61457099999998 -1 -1 -1 -1 -1 -1 -1 -1 1 
157 16 Car -1.000000 -1 -1 1012.5007579999999 164.918794 1107.7717279999997 199.770439 -1 -1 -1 -1 -1 -1 -1 -1 1 
158 1 Car -1.000000 -1 -1 595.705211 174.294873 655.609644 232.180396 -1 -1 -1 -1 -1 -1 -1 -1 1 
158 14 Car -1.000000 -1 -1 699.587496 179.88397200000003 766.820871 230.85764400000002 -1 -1 -1 -1 -1 -1 -1 -1 1 
158 15 Car -1.000000 -1 -1 1120.1670990000002 149.274265 1241.0000000000002 206.674221 -1 -1 -1 -1 -1 -1 -1 -1 1 
158 16 Car -1.000000 -1 -1 1029.904269 164.51561099999998 1132.535973 201.11065999999997 -1 -1 -1 -1 -1 -1 -1 -1 1 
159 1 Car -1.000000 -1 -1 597.0495469999998 174.63151400000004 657.0844469999998 232.63819900000001 -1 -1 -1 -1 -1 -1 -1 -1 1 
159 14 Car -1.000000 -1 -1 705.102441 180.21838399999996 778.384282 234.95841499999997 -1 -1 -1 -1 -1 -1 -1 -1 1 
159 15 Car -1.000000 -1 -1 1149.1625720000002 147.882319 1241.0000000000002 208.622754 -1 -1 -1 -1 -1 -1 -1 -1 1 
159 16 Car -1.000000 -1 -1 1049.149857 163.929445 1160.314059 202.470096 -1 -1 -1 -1 -1 -1 -1 -1 1 
160 1 Car -1.000000 -1 -1 598.399539 174.96958 658.565497 233.09793 -1 -1 -1 -1 -1 -1 -1 -1 1 
160 14 Car -1.000000 -1 -1 711.355198 180.561955 791.792616 239.71353 -1 -1 -1 -1 -1 -1 -1 -1 1 
160 15 Car -1.000000 -1 -1 1181.656197 147.978917 1241.0 208.869948 -1 -1 -1 -1 -1 -1 -1 -1 1 
160 16 Car -1.000000 -1 -1 1070.255834 163.277445 1191.213789 203.982223 -1 -1 -1 -1 -1 -1 -1 -1 1 
161 1 Car -1.000000 -1 -1 599.755221 175.30908 660.052832 233.559599 -1 -1 -1 -1 -1 -1 -1 -1 1 
161 14 Car -1.000000 -1 -1 718.50444 180.936199 807.525683 245.293182 -1 -1 -1 -1 -1 -1 -1 -1 1 
161 15 Car -1.000000 -1 -1 1218.32166 148.227408 1241.0 209.000939 -1 -1 -1 -1 -1 -1 -1 -1 1 
161 16 Car -1.000000 -1 -1 1093.505651 162.54786 1225.792702 205.674299 -1 -1 -1 -1 -1 -1 -1 -1 1 
162 1 Car -1.000000 -1 -1 601.11663 175.650023 661.546494 234.023221 -1 -1 -1 -1 -1 -1 -1 -1 1 
162 14 Car -1.000000 -1 -1 726.56657 181.508058 825.869486 252.269311 -1 -1 -1 -1 -1 -1 -1 -1 1 
162 15 Car -1.000000 -1 -1 1234.7003953920266 147.51056446742996 1257.9663223113005 209.86529035241142 -1 -1 -1 -1 -1 -1 -1 -1 1 
162 16 Car -1.000000 -1 -1 1119.243423 161.975802 1241.0 207.580477 -1 -1 -1 -1 -1 -1 -1 -1 1 
163 1 Car -1.000000 -1 -1 601.6427850000001 176.449784 662.2386750000001 234.980019 -1 -1 -1 -1 -1 -1 -1 -1 1 
163 14 Car -1.000000 -1 -1 736.016203 182.178609 848.185771 260.751528 -1 -1 -1 -1 -1 -1 -1 -1 1 
163 16 Car -1.000000 -1 -1 1146.6762939999999 159.940923 1240.9999999999998 207.683788 -1 -1 -1 -1 -1 -1 -1 -1 1 
164 1 Car -1.000000 -1 -1 602.171796 177.253909 662.934637 235.942016 -1 -1 -1 -1 -1 -1 -1 -1 1 
164 14 Car -1.000000 -1 -1 747.2452149999999 182.97581099999996 875.9216829999999 271.28657799999996 -1 -1 -1 -1 -1 -1 -1 -1 1 
164 16 Car -1.000000 -1 -1 1177.330229 158.551307 1241.0 206.294424 -1 -1 -1 -1 -1 -1 -1 -1 1 
165 1 Car -1.000000 -1 -1 602.703688 178.062436 663.634411 236.909255 -1 -1 -1 -1 -1 -1 -1 -1 1 
165 14 Car -1.000000 -1 -1 760.5111730000001 183.917214 910.5374780000001 284.430747 -1 -1 -1 -1 -1 -1 -1 -1 1 
165 16 Car -1.000000 -1 -1 1211.807852 157.170866 1241.0 204.887938 -1 -1 -1 -1 -1 -1 -1 -1 1 
166 1 Car -1.000000 -1 -1 603.2384830000001 178.8754 664.3380290000001 237.881778 -1 -1 -1 -1 -1 -1 -1 -1 1 
166 14 Car -1.000000 -1 -1 776.782977 185.072741 955.980713 301.667372 -1 -1 -1 -1 -1 -1 -1 -1 1 
166 16 Car -1.000000 -1 -1 1227.5332290326353 156.44161963684914 1257.4601956193853 205.3640097187288 -1 -1 -1 -1 -1 -1 -1 -1 1 
167 1 Car -1.000000 -1 -1 602.622804 178.845028 663.949806 238.073578 -1 -1 -1 -1 -1 -1 -1 -1 1 
167 14 Car -1.000000 -1 -1 797.212704 186.52482199999997 1018.273357 325.260136 -1 -1 -1 -1 -1 -1 -1 -1 1 
168 1 Car -1.000000 -1 -1 602.00248 178.814428 663.558662 238.266826 -1 -1 -1 -1 -1 -1 -1 -1 1 
168 14 Car -1.000000 -1 -1 823.6274309999999 188.40442599999997 1108.919401 359.519637 -1 -1 -1 -1 -1 -1 -1 -1 1 
169 1 Car -1.000000 -1 -1 601.377459 178.78359799999998 663.164565 238.46154099999998 -1 -1 -1 -1 -1 -1 -1 -1 1 
169 14 Car -1.000000 -1 -1 855.3327100000001 189.92807900000003 1241.0 374.0 -1 -1 -1 -1 -1 -1 -1 -1 1 
170 1 Car -1.000000 -1 -1 601.636551 178.70881299999996 663.659083 238.61405499999998 -1 -1 -1 -1 -1 -1 -1 -1 1 
170 14 Car -1.000000 -1 -1 900.2770060000001 192.07149500000003 1241.0 374.0 -1 -1 -1 -1 -1 -1 -1 -1 1 
171 1 Car -1.000000 -1 -1 602.0497420000002 179.03422799999998 664.3106330000002 239.16863499999997 -1 -1 -1 -1 -1 -1 -1 -1 1 
171 14 Car -1.000000 -1 -1 968.9104859999999 195.30915300000004 1241.0 374.0 -1 -1 -1 -1 -1 -1 -1 -1 1 
172 1 Car -1.000000 -1 -1 602.466115 179.36212799999998 664.967158 239.72748299999998 -1 -1 -1 -1 -1 -1 -1 -1 1 
172 14 Car -1.000000 -1 -1 1106.7393979999997 208.23970600000004 1240.9999999999998 374.0 -1 -1 -1 -1 -1 -1 -1 -1 1 
173 1 Car -1.000000 -1 -1 602.885708 179.692542 665.628715 240.290649 -1 -1 -1 -1 -1 -1 -1 -1 1 
173 14 Car -1.000000 -1 -1 1125.44594799965 209.8652031540503 1263.2955525444459 380.06138630643056 -1 -1 -1 -1 -1 -1 -1 -1 1 
174 1 Car -1.000000 -1 -1 603.3085589999998 180.02550000000002 666.2953629999998 240.85818100000003 -1 -1 -1 -1 -1 -1 -1 -1 1 
175 1 Car -1.000000 -1 -1 602.940934 179.180766 666.258246 240.335391 -1 -1 -1 -1 -1 -1 -1 -1 1 
176 1 Car -1.000000 -1 -1 602.56942 178.32712300000003 666.22073 239.80705600000002 -1 -1 -1 -1 -1 -1 -1 -1 1 
177 1 Car -1.000000 -1 -1 602.193952 177.464426 666.182811 239.273086 -1 -1 -1 -1 -1 -1 -1 -1 1 
178 1 Car -1.000000 -1 -1 601.814469 176.592532 666.144482 238.733391 -1 -1 -1 -1 -1 -1 -1 -1 1 
179 1 Car -1.000000 -1 -1 601.056665 176.42848099999998 665.683999 238.85952699999999 -1 -1 -1 -1 -1 -1 -1 -1 1 
180 1 Car -1.000000 -1 -1 600.291763 176.2629 665.219216 238.986845 -1 -1 -1 -1 -1 -1 -1 -1 1 
181 1 Car -1.000000 -1 -1 599.519663 176.09577000000002 664.75007 239.11536200000003 -1 -1 -1 -1 -1 -1 -1 -1 1 
182 1 Car -1.000000 -1 -1 599.575728 174.415334 665.07614 237.696722 -1 -1 -1 -1 -1 -1 -1 -1 1 
183 1 Car -1.000000 -1 -1 599.632257 172.72094399999997 665.40492 236.26632799999996 -1 -1 -1 -1 -1 -1 -1 -1 1 
184 1 Car -1.000000 -1 -1 599.689256 171.012424 665.736444 234.824033 -1 -1 -1 -1 -1 -1 -1 -1 1 
185 1 Car -1.000000 -1 -1 598.571168 170.921803 664.915206 235.022747 -1 -1 -1 -1 -1 -1 -1 -1 1 
186 1 Car -1.000000 -1 -1 597.442908 170.830356 664.086466 235.223269 -1 -1 -1 -1 -1 -1 -1 -1 1 
187 1 Car -1.000000 -1 -1 597.3010019999999 171.240198 664.0899049999999 235.773065 -1 -1 -1 -1 -1 -1 -1 -1 1 
188 1 Car -1.000000 -1 -1 597.158477 171.651837 664.093359 236.325263 -1 -1 -1 -1 -1 -1 -1 -1 1 
189 1 Car -1.000000 -1 -1 597.015328 172.065285 664.096828 236.879878 -1 -1 -1 -1 -1 -1 -1 -1 1 
190 1 Car -1.000000 -1 -1 596.8715520000001 172.480554 664.1003120000001 237.436928 -1 -1 -1 -1 -1 -1 -1 -1 1 
191 1 Car -1.000000 -1 -1 596.927209 172.883086 664.240011 237.919716 -1 -1 -1 -1 -1 -1 -1 -1 1 
192 1 Car -1.000000 -1 -1 596.983005 173.28662500000002 664.38006 238.40370400000003 -1 -1 -1 -1 -1 -1 -1 -1 1 
193 1 Car -1.000000 -1 -1 597.03894 173.691175 664.520459 238.888897 -1 -1 -1 -1 -1 -1 -1 -1 1 
194 1 Car -1.000000 -1 -1 596.84477 174.099086 664.341712 239.311608 -1 -1 -1 -1 -1 -1 -1 -1 1 
195 1 Car -1.000000 -1 -1 596.650509 174.507194 664.162878 239.734517 -1 -1 -1 -1 -1 -1 -1 -1 1 
196 1 Car -1.000000 -1 -1 596.456158 174.91549600000002 663.983959 240.15762300000003 -1 -1 -1 -1 -1 -1 -1 -1 1 
197 1 Car -1.000000 -1 -1 596.261716 175.323994 663.804954 240.580927 -1 -1 -1 -1 -1 -1 -1 -1 1 
198 1 Car -1.000000 -1 -1 596.6227449999999 175.167608 664.1135519999999 240.372943 -1 -1 -1 -1 -1 -1 -1 -1 1 
199 1 Car -1.000000 -1 -1 596.983202 175.011468 664.421663 240.16529 -1 -1 -1 -1 -1 -1 -1 -1 1 
200 1 Car -1.000000 -1 -1 597.343087 174.855574 664.729287 239.957965 -1 -1 -1 -1 -1 -1 -1 -1 1 
201 1 Car -1.000000 -1 -1 597.702404 174.699925 665.036426 239.750969 -1 -1 -1 -1 -1 -1 -1 -1 1 
202 1 Car -1.000000 -1 -1 597.567479 174.77862200000004 664.803021 239.73135900000003 -1 -1 -1 -1 -1 -1 -1 -1 1 
203 1 Car -1.000000 -1 -1 597.433021 174.857098 664.570211 239.7118 -1 -1 -1 -1 -1 -1 -1 -1 1 
204 1 Car -1.000000 -1 -1 597.299028 174.935357 664.337995 239.692292 -1 -1 -1 -1 -1 -1 -1 -1 1 
205 1 Car -1.000000 -1 -1 597.165498 175.013397 664.106371 239.672833 -1 -1 -1 -1 -1 -1 -1 -1 1 
206 1 Car -1.000000 -1 -1 597.032429 175.091221 663.875336 239.653425 -1 -1 -1 -1 -1 -1 -1 -1 1 
207 1 Car -1.000000 -1 -1 596.899819 175.168829 663.644887 239.634066 -1 -1 -1 -1 -1 -1 -1 -1 1 
208 1 Car -1.000000 -1 -1 596.767667 175.246222 663.415024 239.614757 -1 -1 -1 -1 -1 -1 -1 -1 1 
209 1 Car -1.000000 -1 -1 595.452592 175.343842 661.899205 239.521073 -1 -1 -1 -1 -1 -1 -1 -1 1 
210 1 Car -1.000000 -1 -1 594.145376 175.440904 660.392007 239.427937 -1 -1 -1 -1 -1 -1 -1 -1 1 
211 1 Car -1.000000 -1 -1 592.845951 175.537415 658.893357 239.335343 -1 -1 -1 -1 -1 -1 -1 -1 1 
212 1 Car -1.000000 -1 -1 591.438103 175.510805 657.280966 239.118594 -1 -1 -1 -1 -1 -1 -1 -1 1 
213 1 Car -1.000000 -1 -1 590.038622 175.484357 655.67837 238.903129 -1 -1 -1 -1 -1 -1 -1 -1 1 
214 1 Car -1.000000 -1 -1 588.647436 175.45807000000002 654.085481 238.68893600000004 -1 -1 -1 -1 -1 -1 -1 -1 1 
215 1 Car -1.000000 -1 -1 587.493219 175.425147 652.673129 238.412655 -1 -1 -1 -1 -1 -1 -1 -1 1 
216 1 Car -1.000000 -1 -1 586.347856 175.39248200000003 651.271795 238.13848700000003 -1 -1 -1 -1 -1 -1 -1 -1 1 
217 1 Car -1.000000 -1 -1 585.211244 175.360071 649.88135 237.866408 -1 -1 -1 -1 -1 -1 -1 -1 1 
218 1 Car -1.000000 -1 -1 584.347945 175.321758 648.689389 237.515165 -1 -1 -1 -1 -1 -1 -1 -1 1 
219 1 Car -1.000000 -1 -1 583.493252 175.28383299999996 647.509462 237.16741499999998 -1 -1 -1 -1 -1 -1 -1 -1 1 
220 1 Car -1.000000 -1 -1 582.647037 175.246289 646.341387 236.823107 -1 -1 -1 -1 -1 -1 -1 -1 1 
221 1 Car -1.000000 -1 -1 581.809176 175.20912100000004 645.184987 236.48219000000003 -1 -1 -1 -1 -1 -1 -1 -1 1 
222 1 Car -1.000000 -1 -1 581.918957 175.622711 644.927429 236.540605 -1 -1 -1 -1 -1 -1 -1 -1 1 
223 1 Car -1.000000 -1 -1 582.027478 176.03152599999999 644.672846 236.59834699999996 -1 -1 -1 -1 -1 -1 -1 -1 1 
224 1 Car -1.000000 -1 -1 582.134759 176.435649 644.421187 236.655429 -1 -1 -1 -1 -1 -1 -1 -1 1 
225 1 Car -1.000000 -1 -1 582.240821 176.83515999999997 644.172402 236.71186199999997 -1 -1 -1 -1 -1 -1 -1 -1 1 
226 1 Car -1.000000 -1 -1 581.746674 177.239136 643.335689 236.786458 -1 -1 -1 -1 -1 -1 -1 -1 1 
227 1 Car -1.000000 -1 -1 581.2579200000001 177.638685 642.5081540000001 236.860239 -1 -1 -1 -1 -1 -1 -1 -1 1 
228 1 Car -1.000000 -1 -1 580.77447 178.03387799999996 641.689645 236.93321799999998 -1 -1 -1 -1 -1 -1 -1 -1 1 
229 1 Car -1.000000 -1 -1 580.29624 178.424788 640.880015 237.00541 -1 -1 -1 -1 -1 -1 -1 -1 1 
230 1 Car -1.000000 -1 -1 579.8231440000001 178.811483 640.0791220000001 237.076825 -1 -1 -1 -1 -1 -1 -1 -1 1 
231 1 Car -1.000000 -1 -1 579.3551 179.194031 639.286824 237.147477 -1 -1 -1 -1 -1 -1 -1 -1 1 
232 1 Car -1.000000 -1 -1 578.988328 179.036829 638.650666 236.730658 -1 -1 -1 -1 -1 -1 -1 -1 1 
233 1 Car -1.000000 -1 -1 578.624918 178.880993 638.019954 236.31755 -1 -1 -1 -1 -1 -1 -1 -1 1 
234 1 Car -1.000000 -1 -1 578.2648279999999 178.726505 637.3946159999999 235.908103 -1 -1 -1 -1 -1 -1 -1 -1 1 
235 1 Car -1.000000 -1 -1 577.908012 178.573347 636.774585 235.502269 -1 -1 -1 -1 -1 -1 -1 -1 1 
236 1 Car -1.000000 -1 -1 577.83022 178.302051 636.394928 234.94061 -1 -1 -1 -1 -1 -1 -1 -1 1 
237 1 Car -1.000000 -1 -1 577.753308 178.033452 636.054364 234.384655 -1 -1 -1 -1 -1 -1 -1 -1 1 
238 1 Car -1.000000 -1 -1 577.677263 177.76750999999996 635.888945 233.83431599999997 -1 -1 -1 -1 -1 -1 -1 -1 1 
239 1 Car -1.000000 -1 -1 577.6020720000001 177.504185 635.7248700000001 233.28951 -1 -1 -1 -1 -1 -1 -1 -1 1 
240 1 Car -1.000000 -1 -1 577.527722 177.24344000000002 635.56212 232.75015300000004 -1 -1 -1 -1 -1 -1 -1 -1 1 
241 1 Car -1.000000 -1 -1 577.454202 176.985236 635.400679 232.216165 -1 -1 -1 -1 -1 -1 -1 -1 1 
242 1 Car -1.000000 -1 -1 577.78646 176.451674 635.988376 231.49765 -1 -1 -1 -1 -1 -1 -1 -1 1 
243 1 Car -1.000000 -1 -1 578.1172880000001 175.92134 636.5724060000001 230.783903 -1 -1 -1 -1 -1 -1 -1 -1 1 
244 1 Car -1.000000 -1 -1 578.4467049999998 175.394207 637.1527949999999 230.074881 -1 -1 -1 -1 -1 -1 -1 -1 1 
245 1 Car -1.000000 -1 -1 578.774729 174.87025 637.729568 229.370539 -1 -1 -1 -1 -1 -1 -1 -1 1 
246 1 Car -1.000000 -1 -1 579.451914 174.908825 638.635089 229.254269 -1 -1 -1 -1 -1 -1 -1 -1 1 
247 1 Car -1.000000 -1 -1 580.126051 174.947225 639.536113 229.138572 -1 -1 -1 -1 -1 -1 -1 -1 1 
248 1 Car -1.000000 -1 -1 580.797169 174.98544999999996 640.432668 229.02344099999996 -1 -1 -1 -1 -1 -1 -1 -1 1 
249 1 Car -1.000000 -1 -1 581.4652979999998 175.023501 641.3247809999999 228.908875 -1 -1 -1 -1 -1 -1 -1 -1 1 
250 1 Car -1.000000 -1 -1 582.130464 175.06138000000004 642.212478 228.79486800000004 -1 -1 -1 -1 -1 -1 -1 -1 1 
251 1 Car -1.000000 -1 -1 582.792697 175.099087 643.095786 228.681416 -1 -1 -1 -1 -1 -1 -1 -1 1 
252 1 Car -1.000000 -1 -1 584.307777 175.49192499999998 644.338618 228.96692099999999 -1 -1 -1 -1 -1 -1 -1 -1 1 
253 1 Car -1.000000 -1 -1 585.816941 175.88322700000003 645.577212 229.25130900000002 -1 -1 -1 -1 -1 -1 -1 -1 1 
254 1 Car -1.000000 -1 -1 587.320224 176.273002 646.811589 229.534588 -1 -1 -1 -1 -1 -1 -1 -1 1 
255 1 Car -1.000000 -1 -1 588.817659 176.66126 648.041771 229.816764 -1 -1 -1 -1 -1 -1 -1 -1 1 
256 1 Car -1.000000 -1 -1 590.309282 177.04800999999998 649.26778 230.09784399999998 -1 -1 -1 -1 -1 -1 -1 -1 1 
257 1 Car -1.000000 -1 -1 591.4732939999999 176.846237 650.2444709999999 229.833628 -1 -1 -1 -1 -1 -1 -1 -1 1 
258 1 Car -1.000000 -1 -1 592.634514 176.644946 651.219123 229.570045 -1 -1 -1 -1 -1 -1 -1 -1 1 
259 1 Car -1.000000 -1 -1 593.792953 176.444137 652.191743 229.307095 -1 -1 -1 -1 -1 -1 -1 -1 1 
260 1 Car -1.000000 -1 -1 594.948621 176.243807 653.162336 229.044774 -1 -1 -1 -1 -1 -1 -1 -1 1 
261 1 Car -1.000000 -1 -1 596.101528 176.043954 654.13091 228.78308 -1 -1 -1 -1 -1 -1 -1 -1 1 
262 1 Car -1.000000 -1 -1 597.251683 175.844577 655.09747 228.522012 -1 -1 -1 -1 -1 -1 -1 -1 1 
263 1 Car -1.000000 -1 -1 598.25138 176.286284 655.949209 228.916079 -1 -1 -1 -1 -1 -1 -1 -1 1 
264 1 Car -1.000000 -1 -1 599.249378 176.727245 656.799693 229.309475 -1 -1 -1 -1 -1 -1 -1 -1 1 
265 1 Car -1.000000 -1 -1 600.245679 177.167462 657.648922 229.702201 -1 -1 -1 -1 -1 -1 -1 -1 1 
266 1 Car -1.000000 -1 -1 601.101989 177.090007 658.400176 229.606812 -1 -1 -1 -1 -1 -1 -1 -1 1 
266 18 Car -1.000000 -1 -1 580.209826 178.53058 602.613536 193.255871 -1 -1 -1 -1 -1 -1 -1 -1 1 
267 1 Car -1.000000 -1 -1 601.957699 177.012606 659.150983 229.511491 -1 -1 -1 -1 -1 -1 -1 -1 1 
267 18 Car -1.000000 -1 -1 574.978059 178.63813399999998 598.44866 194.01452199999997 -1 -1 -1 -1 -1 -1 -1 -1 1 
268 1 Car -1.000000 -1 -1 602.812809 176.935258 659.901343 229.416236 -1 -1 -1 -1 -1 -1 -1 -1 1 
268 18 Car -1.000000 -1 -1 569.262144 178.75567 593.916516 194.843412 -1 -1 -1 -1 -1 -1 -1 -1 1 
268 19 Car -1.000000 -1 -1 595.344205 177.217961 621.166194 194.269424 -1 -1 -1 -1 -1 -1 -1 -1 1 
269 1 Car -1.000000 -1 -1 603.6673209999999 176.857962 660.6512569999999 229.321048 -1 -1 -1 -1 -1 -1 -1 -1 1 
269 18 Car -1.000000 -1 -1 562.991599 178.88464500000003 588.966304 195.75276800000003 -1 -1 -1 -1 -1 -1 -1 -1 1 
269 19 Car -1.000000 -1 -1 590.02926 177.360848 617.33181 195.327237 -1 -1 -1 -1 -1 -1 -1 -1 1 
270 1 Car -1.000000 -1 -1 604.521233 176.78072000000003 661.400726 229.22592700000004 -1 -1 -1 -1 -1 -1 -1 -1 1 
270 18 Car -1.000000 -1 -1 556.081559 179.026814 583.537395 196.754905 -1 -1 -1 -1 -1 -1 -1 -1 1 
270 19 Car -1.000000 -1 -1 584.111349 177.52000800000002 613.087625 196.50510900000003 -1 -1 -1 -1 -1 -1 -1 -1 1 
271 1 Car -1.000000 -1 -1 605.374549 176.70353 662.149749 229.130872 -1 -1 -1 -1 -1 -1 -1 -1 1 
271 18 Car -1.000000 -1 -1 548.4289200000001 179.180953 577.5568480000001 197.864788 -1 -1 -1 -1 -1 -1 -1 -1 1 
271 19 Car -1.000000 -1 -1 577.481673 177.69839 608.364252 197.82471 -1 -1 -1 -1 -1 -1 -1 -1 1 
272 1 Car -1.000000 -1 -1 605.75575 176.61089400000003 662.201063 229.00549900000001 -1 -1 -1 -1 -1 -1 -1 -1 1 
272 18 Car -1.000000 -1 -1 540.572534 179.247246 571.631829 199.013517 -1 -1 -1 -1 -1 -1 -1 -1 1 
272 19 Car -1.000000 -1 -1 571.301886 177.72371100000004 603.904102 199.16370600000002 -1 -1 -1 -1 -1 -1 -1 -1 1 
273 1 Car -1.000000 -1 -1 606.136729 176.518418 662.252104 228.880253 -1 -1 -1 -1 -1 -1 -1 -1 1 
273 18 Car -1.000000 -1 -1 531.752841 179.321176 565.024118 200.30315 -1 -1 -1 -1 -1 -1 -1 -1 1 
273 19 Car -1.000000 -1 -1 564.261642 177.752595 598.866028 200.689671 -1 -1 -1 -1 -1 -1 -1 -1 1 
274 1 Car -1.000000 -1 -1 606.5174829999999 176.42610000000002 662.3028719999999 228.75513500000002 -1 -1 -1 -1 -1 -1 -1 -1 1 
274 18 Car -1.000000 -1 -1 521.7810770000001 179.40414099999998 557.6085220000001 201.76130699999996 -1 -1 -1 -1 -1 -1 -1 -1 1 
274 19 Car -1.000000 -1 -1 556.1671980000001 177.785845 593.1304160000001 202.444707 -1 -1 -1 -1 -1 -1 -1 -1 1 
275 1 Car -1.000000 -1 -1 607.836386 175.438537 663.191763 227.752221 -1 -1 -1 -1 -1 -1 -1 -1 1 
275 18 Car -1.000000 -1 -1 510.4157200000001 179.497907 549.2272500000001 203.423328 -1 -1 -1 -1 -1 -1 -1 -1 1 
275 19 Car -1.000000 -1 -1 546.761949 177.824521 586.542183 204.48458 -1 -1 -1 -1 -1 -1 -1 -1 1 
276 1 Car -1.000000 -1 -1 609.1545210000002 174.452158 664.0794810000001 226.750052 -1 -1 -1 -1 -1 -1 -1 -1 1 
276 18 Car -1.000000 -1 -1 497.3426610000001 179.604728 539.678551 205.335181 -1 -1 -1 -1 -1 -1 -1 -1 1 
276 19 Car -1.000000 -1 -1 535.6986730000001 177.87006 578.8965710000001 206.884762 -1 -1 -1 -1 -1 -1 -1 -1 1 
277 1 Car -1.000000 -1 -1 610.4718849999999 173.46696100000003 664.9660299999999 225.74862800000002 -1 -1 -1 -1 -1 -1 -1 -1 1 
277 18 Car -1.000000 -1 -1 483.84682900000007 180.016579 529.72165 207.933844 -1 -1 -1 -1 -1 -1 -1 -1 1 
277 19 Car -1.000000 -1 -1 525.0485530000001 178.384382 572.0128310000001 210.176768 -1 -1 -1 -1 -1 -1 -1 -1 1 
278 1 Car -1.000000 -1 -1 610.439518 174.22941400000002 664.657517 226.47919300000004 -1 -1 -1 -1 -1 -1 -1 -1 1 
278 18 Car -1.000000 -1 -1 467.882301 180.496873 518.105264 211.008905 -1 -1 -1 -1 -1 -1 -1 -1 1 
278 19 Car -1.000000 -1 -1 512.147878 179.007419 563.830327 214.166281 -1 -1 -1 -1 -1 -1 -1 -1 1 
279 1 Car -1.000000 -1 -1 611.386784 174.25057200000003 665.480499 226.44614000000004 -1 -1 -1 -1 -1 -1 -1 -1 1 
279 18 Car -1.000000 -1 -1 448.701986 181.064224 504.378041 214.704579 -1 -1 -1 -1 -1 -1 -1 -1 1 
279 19 Car -1.000000 -1 -1 496.197 179.77765999999997 553.94475 219.10122699999997 -1 -1 -1 -1 -1 -1 -1 -1 1 
280 1 Car -1.000000 -1 -1 612.332372 174.271683 666.376013 226.413127 -1 -1 -1 -1 -1 -1 -1 -1 1 
280 18 Car -1.000000 -1 -1 426.550061 182.068305 489.847909 219.619467 -1 -1 -1 -1 -1 -1 -1 -1 1 
280 19 Car -1.000000 -1 -1 476.51654900000005 180.836992 542.3855700000001 225.689014 -1 -1 -1 -1 -1 -1 -1 -1 1 
281 1 Car -1.000000 -1 -1 613.276286 174.29274800000002 667.269115 226.38015300000004 -1 -1 -1 -1 -1 -1 -1 -1 1 
281 18 Car -1.000000 -1 -1 398.764578 183.297614 472.056255 225.785149 -1 -1 -1 -1 -1 -1 -1 -1 1 
281 19 Car -1.000000 -1 -1 450.58500200000003 182.16462 527.720482 234.373092 -1 -1 -1 -1 -1 -1 -1 -1 1 
282 1 Car -1.000000 -1 -1 614.2185280000001 174.313766 668.1598130000001 226.347218 -1 -1 -1 -1 -1 -1 -1 -1 1 
282 18 Car -1.000000 -1 -1 362.883168 184.837508 449.766285 233.748711 -1 -1 -1 -1 -1 -1 -1 -1 1 
282 19 Car -1.000000 -1 -1 417.106999 183.258207 511.105885 245.338353 -1 -1 -1 -1 -1 -1 -1 -1 1 
283 1 Car -1.000000 -1 -1 615.0514470000002 174.334946 668.9009410000001 226.277144 -1 -1 -1 -1 -1 -1 -1 -1 1 
283 18 Car -1.000000 -1 -1 314.763691 186.82271100000003 421.025384 244.43074800000002 -1 -1 -1 -1 -1 -1 -1 -1 1 
283 19 Car -1.000000 -1 -1 368.469085 184.74377100000004 488.529695 261.274901 -1 -1 -1 -1 -1 -1 -1 -1 1 
284 1 Car -1.000000 -1 -1 615.881723 174.356048 669.63897 226.207285 -1 -1 -1 -1 -1 -1 -1 -1 1 
284 18 Car -1.000000 -1 -1 250.716435 188.18454099999997 385.559361 257.822593 -1 -1 -1 -1 -1 -1 -1 -1 1 
284 19 Car -1.000000 -1 -1 291.3583 186.87807699999996 456.08269 286.554444 -1 -1 -1 -1 -1 -1 -1 -1 1 
285 1 Car -1.000000 -1 -1 616.709368 174.377074 670.373917 226.13764 -1 -1 -1 -1 -1 -1 -1 -1 1 
285 18 Car -1.000000 -1 -1 153.91790299999997 190.094175 335.81256499999995 278.115491 -1 -1 -1 -1 -1 -1 -1 -1 1 
285 19 Car -1.000000 -1 -1 157.67547400000004 190.07880999999998 409.1926930000001 331.610491 -1 -1 -1 -1 -1 -1 -1 -1 1 
286 1 Car -1.000000 -1 -1 617.534392 174.398024 671.105795 226.068208 -1 -1 -1 -1 -1 -1 -1 -1 1 
286 18 Car -1.000000 -1 -1 7.579208000000023 193.71168999999998 266.66514100000006 311.416326 -1 -1 -1 -1 -1 -1 -1 -1 1 
286 19 Car -1.000000 -1 -1 2.842170943040401e-14 195.68639299999998 326.975679 374.0 -1 -1 -1 -1 -1 -1 -1 -1 1 
287 1 Car -1.000000 -1 -1 618.356806 174.418899 671.834621 225.998987 -1 -1 -1 -1 -1 -1 -1 -1 1 
287 18 Car -1.000000 -1 -1 0.0 199.53664700000002 177.19458400000002 351.11828 -1 -1 -1 -1 -1 -1 -1 -1 1 
287 19 Car -1.000000 -1 -1 -1.4210854715202004e-14 206.56081100000003 168.407942 374.0 -1 -1 -1 -1 -1 -1 -1 -1 1 
288 1 Car -1.000000 -1 -1 619.176622 174.43969900000002 672.56041 225.92997700000004 -1 -1 -1 -1 -1 -1 -1 -1 1 
288 18 Car -1.000000 -1 -1 -23.227590723360095 200.33285716829806 159.9380750206509 357.02402198612964 -1 -1 -1 -1 -1 -1 -1 -1 1 
288 19 Car -1.000000 -1 -1 -20.692069696147726 207.46998947041155 153.17837542394318 380.34218533920046 -1 -1 -1 -1 -1 -1 -1 -1 1 
289 1 Car -1.000000 -1 -1 619.134457 174.475527 672.342444 225.801419 -1 -1 -1 -1 -1 -1 -1 -1 1 
290 1 Car -1.000000 -1 -1 619.092779 174.511118 672.125723 225.673646 -1 -1 -1 -1 -1 -1 -1 -1 1 
291 1 Car -1.000000 -1 -1 619.0515810000002 174.54647599999998 671.9102340000001 225.54665099999997 -1 -1 -1 -1 -1 -1 -1 -1 1 
292 1 Car -1.000000 -1 -1 619.010859 174.581602 671.695963 225.420427 -1 -1 -1 -1 -1 -1 -1 -1 1 
293 1 Car -1.000000 -1 -1 618.970607 174.616499 671.482899 225.294967 -1 -1 -1 -1 -1 -1 -1 -1 1 
