2 1 Car -1.000000 -1 -1 478.615778 163.639748 513.975447 192.941902 -1 -1 -1 -1 -1 -1 -1 -1 1 
2 2 Car -1.000000 -1 -1 1033.644033 153.468794 1191.523161 207.166149 -1 -1 -1 -1 -1 -1 -1 -1 1 
2 3 Car -1.000000 -1 -1 495.318902 168.14401499999997 524.478378 190.81799599999997 -1 -1 -1 -1 -1 -1 -1 -1 1 
2 4 Car -1.000000 -1 -1 502.787872 166.760684 553.311386 183.168305 -1 -1 -1 -1 -1 -1 -1 -1 1 
3 1 Car -1.000000 -1 -1 478.89595499999996 163.90082 514.115421 193.281164 -1 -1 -1 -1 -1 -1 -1 -1 1 
3 2 Car -1.000000 -1 -1 1033.773474 153.482524 1191.782741 207.188572 -1 -1 -1 -1 -1 -1 -1 -1 1 
3 3 Car -1.000000 -1 -1 495.295154 168.137769 524.665302 190.825223 -1 -1 -1 -1 -1 -1 -1 -1 1 
3 4 Car -1.000000 -1 -1 503.60559799999993 166.76574600000004 553.861079 183.12639200000004 -1 -1 -1 -1 -1 -1 -1 -1 1 
4 1 Car -1.000000 -1 -1 479.177595 164.163281 514.255868 193.622112 -1 -1 -1 -1 -1 -1 -1 -1 1 
4 2 Car -1.000000 -1 -1 1033.903312 153.49627500000003 1192.042067 207.21098400000002 -1 -1 -1 -1 -1 -1 -1 -1 1 
4 3 Car -1.000000 -1 -1 495.27154500000006 168.13152200000002 524.852308 190.83244900000003 -1 -1 -1 -1 -1 -1 -1 -1 1 
4 4 Car -1.000000 -1 -1 504.47975900000006 166.771299 554.353539 183.087966 -1 -1 -1 -1 -1 -1 -1 -1 1 
5 1 Car -1.000000 -1 -1 479.4607060000001 164.427143 514.39679 193.964757 -1 -1 -1 -1 -1 -1 -1 -1 1 
5 2 Car -1.000000 -1 -1 1034.0335460000001 153.510045 1192.3011400000003 207.233385 -1 -1 -1 -1 -1 -1 -1 -1 1 
5 3 Car -1.000000 -1 -1 495.2480760000001 168.125273 525.039397 190.839675 -1 -1 -1 -1 -1 -1 -1 -1 1 
5 4 Car -1.000000 -1 -1 508.48631100000006 167.299288 557.20946 183.589748 -1 -1 -1 -1 -1 -1 -1 -1 1 
6 1 Car -1.000000 -1 -1 479.74529900000005 164.692417 514.5381950000001 194.309112 -1 -1 -1 -1 -1 -1 -1 -1 1 
6 2 Car -1.000000 -1 -1 1034.164176 153.523836 1192.559958 207.255776 -1 -1 -1 -1 -1 -1 -1 -1 1 
6 3 Car -1.000000 -1 -1 495.876226 168.368099 525.342177 191.116726 -1 -1 -1 -1 -1 -1 -1 -1 1 
6 4 Car -1.000000 -1 -1 512.777534 167.795162 559.798203 184.090484 -1 -1 -1 -1 -1 -1 -1 -1 1 
7 1 Car -1.000000 -1 -1 480.03138 164.959112 514.680087 194.655189 -1 -1 -1 -1 -1 -1 -1 -1 1 
7 2 Car -1.000000 -1 -1 1036.1194850000002 154.340677 1195.7847290000002 208.329845 -1 -1 -1 -1 -1 -1 -1 -1 1 
7 3 Car -1.000000 -1 -1 496.506765 168.611607 525.645377 191.39462 -1 -1 -1 -1 -1 -1 -1 -1 1 
7 4 Car -1.000000 -1 -1 514.562381 168.595125 561.567811 184.895729 -1 -1 -1 -1 -1 -1 -1 -1 1 
8 1 Car -1.000000 -1 -1 480.31895899999995 165.22724 514.822471 195.003 -1 -1 -1 -1 -1 -1 -1 -1 1 
8 2 Car -1.000000 -1 -1 1038.09596 155.167186 1199.040519 209.412833 -1 -1 -1 -1 -1 -1 -1 -1 1 
8 3 Car -1.000000 -1 -1 497.139697 168.855796 525.949005 191.673359 -1 -1 -1 -1 -1 -1 -1 -1 1 
8 4 Car -1.000000 -1 -1 516.349484 169.366013 563.339703 185.701988 -1 -1 -1 -1 -1 -1 -1 -1 1 
9 1 Car -1.000000 -1 -1 481.30511 165.192884 515.831151 195.139828 -1 -1 -1 -1 -1 -1 -1 -1 1 
9 2 Car -1.000000 -1 -1 1040.093879 156.00352500000002 1202.327829 210.50484500000002 -1 -1 -1 -1 -1 -1 -1 -1 1 
9 3 Car -1.000000 -1 -1 497.77502599999997 169.10066900000004 526.2530669999999 191.95294700000002 -1 -1 -1 -1 -1 -1 -1 -1 1 
9 4 Car -1.000000 -1 -1 518.7833760000001 169.34540200000004 563.5270530000001 185.61247700000004 -1 -1 -1 -1 -1 -1 -1 -1 1 
10 1 Car -1.000000 -1 -1 482.301604 165.15814 516.851326 195.278205 -1 -1 -1 -1 -1 -1 -1 -1 1 
10 2 Car -1.000000 -1 -1 1042.1135210000002 156.849863 1205.6471670000003 211.60599 -1 -1 -1 -1 -1 -1 -1 -1 1 
10 3 Car -1.000000 -1 -1 498.41275800000005 169.346228 526.5575700000002 192.233386 -1 -1 -1 -1 -1 -1 -1 -1 1 
10 4 Car -1.000000 -1 -1 521.430552 169.278464 563.50852 185.518987 -1 -1 -1 -1 -1 -1 -1 -1 1 
11 1 Car -1.000000 -1 -1 483.30860099999995 165.122999 517.8832 195.418158 -1 -1 -1 -1 -1 -1 -1 -1 1 
11 2 Car -1.000000 -1 -1 1048.4746840000003 156.922593 1213.7449880000001 211.96206 -1 -1 -1 -1 -1 -1 -1 -1 1 
11 3 Car -1.000000 -1 -1 500.62508199999996 169.277985 528.7539729999999 192.239701 -1 -1 -1 -1 -1 -1 -1 -1 1 
11 4 Car -1.000000 -1 -1 525.756062 169.178188 565.467145 185.381297 -1 -1 -1 -1 -1 -1 -1 -1 1 
12 1 Car -1.000000 -1 -1 484.3262629999999 165.08745499999998 518.926978 195.55971299999996 -1 -1 -1 -1 -1 -1 -1 -1 1 
12 2 Car -1.000000 -1 -1 1054.897328 156.996373 1221.938499 212.321292 -1 -1 -1 -1 -1 -1 -1 -1 1 
12 3 Car -1.000000 -1 -1 502.44528700000006 169.21445700000004 530.5949230000001 192.25234400000002 -1 -1 -1 -1 -1 -1 -1 -1 1 
12 4 Car -1.000000 -1 -1 530.17113 169.079924 567.304685 185.241867 -1 -1 -1 -1 -1 -1 -1 -1 1 
13 1 Car -1.000000 -1 -1 485.35475800000006 165.05150100000003 519.9828730000002 195.70289900000003 -1 -1 -1 -1 -1 -1 -1 -1 1 
13 2 Car -1.000000 -1 -1 1061.38233 157.166967 1223.0 212.683729 -1 -1 -1 -1 -1 -1 -1 -1 1 
13 3 Car -1.000000 -1 -1 504.277602 169.150503 532.4471 192.265068 -1 -1 -1 -1 -1 -1 -1 -1 1 
13 4 Car -1.000000 -1 -1 533.811318 169.006824 569.137804 185.149537 -1 -1 -1 -1 -1 -1 -1 -1 1 
14 1 Car -1.000000 -1 -1 488.064155 164.96255 522.613759 195.91313 -1 -1 -1 -1 -1 -1 -1 -1 1 
14 2 Car -1.000000 -1 -1 1067.357179 156.883642 1223.0 212.945613 -1 -1 -1 -1 -1 -1 -1 -1 1 
14 3 Car -1.000000 -1 -1 506.36906999999997 168.85806300000002 534.534414 192.04854200000003 -1 -1 -1 -1 -1 -1 -1 -1 1 
14 4 Car -1.000000 -1 -1 537.485938 168.934666 570.922438 185.056403 -1 -1 -1 -1 -1 -1 -1 -1 1 
15 1 Car -1.000000 -1 -1 490.82162800000003 164.87188700000002 525.2958330000001 196.12733700000004 -1 -1 -1 -1 -1 -1 -1 -1 1 
15 2 Car -1.000000 -1 -1 1073.4680989999997 156.59333 1222.9999999999998 213.213853 -1 -1 -1 -1 -1 -1 -1 -1 1 
15 3 Car -1.000000 -1 -1 508.47442100000006 168.56365999999997 536.634436 191.83057999999997 -1 -1 -1 -1 -1 -1 -1 -1 1 
15 4 Car -1.000000 -1 -1 541.227634 168.859772 573.289836 184.957145 -1 -1 -1 -1 -1 -1 -1 -1 1 
16 1 Car -1.000000 -1 -1 493.64983399999994 164.769386 528.1120979999998 196.389106 -1 -1 -1 -1 -1 -1 -1 -1 1 
16 2 Car -1.000000 -1 -1 1079.719768 156.295733 1223.0 213.488683 -1 -1 -1 -1 -1 -1 -1 -1 1 
16 3 Car -1.000000 -1 -1 511.68226400000003 168.59385200000003 539.939022 191.94266100000002 -1 -1 -1 -1 -1 -1 -1 -1 1 
16 4 Car -1.000000 -1 -1 544.975811 168.78549100000004 575.630802 184.85773400000002 -1 -1 -1 -1 -1 -1 -1 -1 1 
17 1 Car -1.000000 -1 -1 496.53800299999995 164.66450600000002 530.994183 196.65685700000003 -1 -1 -1 -1 -1 -1 -1 -1 1 
17 2 Car -1.000000 -1 -1 1088.7307419999997 156.111721 1222.9999999999998 213.866226 -1 -1 -1 -1 -1 -1 -1 -1 1 
17 3 Car -1.000000 -1 -1 514.912656 168.624276 543.26497 192.055496 -1 -1 -1 -1 -1 -1 -1 -1 1 
17 4 Car -1.000000 -1 -1 549.411967 168.703325 578.373996 184.75901 -1 -1 -1 -1 -1 -1 -1 -1 1 
18 1 Car -1.000000 -1 -1 499.4493749999999 164.55716 533.944473 196.930796 -1 -1 -1 -1 -1 -1 -1 -1 1 
18 2 Car -1.000000 -1 -1 1097.958485 155.922248 1223.0 214.253503 -1 -1 -1 -1 -1 -1 -1 -1 1 
18 3 Car -1.000000 -1 -1 518.019286 167.988355 546.479501 191.501141 -1 -1 -1 -1 -1 -1 -1 -1 1 
18 4 Car -1.000000 -1 -1 553.862613 168.621894 581.087201 184.659861 -1 -1 -1 -1 -1 -1 -1 -1 1 
19 1 Car -1.000000 -1 -1 502.0672389999999 164.44725900000003 536.9654679999999 197.21114000000003 -1 -1 -1 -1 -1 -1 -1 -1 1 
19 2 Car -1.000000 -1 -1 1107.4108930000002 155.727055 1223.0000000000002 214.650895 -1 -1 -1 -1 -1 -1 -1 -1 1 
19 3 Car -1.000000 -1 -1 521.147935 167.34779300000002 549.714984 190.94290100000003 -1 -1 -1 -1 -1 -1 -1 -1 1 
19 4 Car -1.000000 -1 -1 557.7889659999998 168.537402 583.8018659999999 184.539904 -1 -1 -1 -1 -1 -1 -1 -1 1 
20 1 Car -1.000000 -1 -1 505.61004500000007 163.324685 541.025386 196.588613 -1 -1 -1 -1 -1 -1 -1 -1 1 
20 2 Car -1.000000 -1 -1 1117.0962490000002 155.525869 1223.0000000000002 215.058804 -1 -1 -1 -1 -1 -1 -1 -1 1 
20 3 Car -1.000000 -1 -1 524.500684 166.213707 553.154408 189.890481 -1 -1 -1 -1 -1 -1 -1 -1 1 
20 4 Car -1.000000 -1 -1 561.707076 168.45353699999998 586.49563 184.42021099999997 -1 -1 -1 -1 -1 -1 -1 -1 1 
21 1 Car -1.000000 -1 -1 509.264012 162.166682 545.212827 195.946626 -1 -1 -1 -1 -1 -1 -1 -1 1 
21 2 Car -1.000000 -1 -1 1127.023251 155.3184 1223.0 215.477655 -1 -1 -1 -1 -1 -1 -1 -1 1 
21 3 Car -1.000000 -1 -1 528.054282 164.952881 557.120898 188.968754 -1 -1 -1 -1 -1 -1 -1 -1 1 
21 4 Car -1.000000 -1 -1 566.949058 167.00624999999997 587.636572 182.98426499999997 -1 -1 -1 -1 -1 -1 -1 -1 1 
22 1 Car -1.000000 -1 -1 513.034408 160.971551 549.533913 195.284259 -1 -1 -1 -1 -1 -1 -1 -1 1 
22 2 Car -1.000000 -1 -1 1137.6028900000001 155.378271 1223.0000000000002 216.19688 -1 -1 -1 -1 -1 -1 -1 -1 1 
22 3 Car -1.000000 -1 -1 531.711597 163.654962 561.192727 188.020244 -1 -1 -1 -1 -1 -1 -1 -1 1 
22 4 Car -1.000000 -1 -1 571.7763600000001 165.56462699999997 590.3335270000001 181.54106999999996 -1 -1 -1 -1 -1 -1 -1 -1 1 
23 1 Car -1.000000 -1 -1 516.01763 160.915412 553.086424 195.780559 -1 -1 -1 -1 -1 -1 -1 -1 1 
23 2 Car -1.000000 -1 -1 1148.4584059999997 155.44215199999996 1222.9999999999998 216.93610199999998 -1 -1 -1 -1 -1 -1 -1 -1 1 
23 3 Car -1.000000 -1 -1 535.218964 164.61465500000003 565.140156 189.34278700000002 -1 -1 -1 -1 -1 -1 -1 -1 1 
23 4 Car -1.000000 -1 -1 575.7747649999999 165.465127 594.3199959999998 181.449213 -1 -1 -1 -1 -1 -1 -1 -1 1 
24 1 Car -1.000000 -1 -1 519.098285 160.857466 556.755007 196.292925 -1 -1 -1 -1 -1 -1 -1 -1 1 
24 2 Car -1.000000 -1 -1 1159.3783780000003 154.547231 1223.0000000000002 216.727135 -1 -1 -1 -1 -1 -1 -1 -1 1 
24 3 Car -1.000000 -1 -1 538.8316559999998 165.603457 569.1952279999999 190.7048 -1 -1 -1 -1 -1 -1 -1 -1 1 
24 4 Car -1.000000 -1 -1 579.7761369999998 165.365541 598.3103009999999 181.357278 -1 -1 -1 -1 -1 -1 -1 -1 1 
25 1 Car -1.000000 -1 -1 522.281188 160.797621 560.545465 196.82215 -1 -1 -1 -1 -1 -1 -1 -1 1 
25 2 Car -1.000000 -1 -1 1170.593785 153.63397 1223.0 216.512013 -1 -1 -1 -1 -1 -1 -1 -1 1 
25 3 Car -1.000000 -1 -1 542.150284 167.001243 572.997748 192.487095 -1 -1 -1 -1 -1 -1 -1 -1 1 
25 4 Car -1.000000 -1 -1 582.8674150000002 165.287943 602.3083090000001 181.260209 -1 -1 -1 -1 -1 -1 -1 -1 1 
26 1 Car -1.000000 -1 -1 525.571471 160.73578000000003 564.463992 197.36907800000003 -1 -1 -1 -1 -1 -1 -1 -1 1 
26 2 Car -1.000000 -1 -1 1182.1165270000001 152.78114999999997 1223.0000000000002 216.03983299999996 -1 -1 -1 -1 -1 -1 -1 -1 1 
26 3 Car -1.000000 -1 -1 545.01871 165.11866500000002 576.131797 190.97958200000002 -1 -1 -1 -1 -1 -1 -1 -1 1 
26 4 Car -1.000000 -1 -1 585.955976 165.21067399999998 606.29327 181.16325699999996 -1 -1 -1 -1 -1 -1 -1 -1 1 
27 1 Car -1.000000 -1 -1 527.2927709999999 161.19213 566.8598839999999 198.469125 -1 -1 -1 -1 -1 -1 -1 -1 1 
27 2 Car -1.000000 -1 -1 1193.999049 154.798113 1223.0 217.637403 -1 -1 -1 -1 -1 -1 -1 -1 1 
27 3 Car -1.000000 -1 -1 547.310803 165.24949400000003 578.754672 191.49860400000003 -1 -1 -1 -1 -1 -1 -1 -1 1 
27 4 Car -1.000000 -1 -1 585.3435959999999 165.358923 609.2315869999999 181.301042 -1 -1 -1 -1 -1 -1 -1 -1 1 
28 1 Car -1.000000 -1 -1 529.0781440000001 161.665291 569.3388510000001 199.607296 -1 -1 -1 -1 -1 -1 -1 -1 1 
28 2 Car -1.000000 -1 -1 1206.294672 156.785402 1223.0 219.227591 -1 -1 -1 -1 -1 -1 -1 -1 1 
28 3 Car -1.000000 -1 -1 549.672641 165.384322 581.449551 192.033396 -1 -1 -1 -1 -1 -1 -1 -1 1 
28 4 Car -1.000000 -1 -1 584.801906 165.51011 612.081309 181.437596 -1 -1 -1 -1 -1 -1 -1 -1 1 
29 1 Car -1.000000 -1 -1 526.64708 162.156402 567.824986 200.958021 -1 -1 -1 -1 -1 -1 -1 -1 1 
29 2 Car -1.000000 -1 -1 1212.3882750000002 158.53464299999996 1223.0000000000002 221.01170799999997 -1 -1 -1 -1 -1 -1 -1 -1 1 
29 3 Car -1.000000 -1 -1 547.095388 166.77157999999997 579.724007 193.83699299999998 -1 -1 -1 -1 -1 -1 -1 -1 1 
29 4 Car -1.000000 -1 -1 581.35437 167.139508 609.553975 183.067761 -1 -1 -1 -1 -1 -1 -1 -1 1 
30 1 Car -1.000000 -1 -1 524.1033870000001 162.67009000000002 566.2414970000001 202.37133500000002 -1 -1 -1 -1 -1 -1 -1 -1 1 
30 2 Car -1.000000 -1 -1 1218.6325079999997 160.28489 1222.9999999999998 222.804744 -1 -1 -1 -1 -1 -1 -1 -1 1 
30 3 Car -1.000000 -1 -1 544.436741 168.20291299999997 577.949251 195.69758599999997 -1 -1 -1 -1 -1 -1 -1 -1 1 
30 4 Car -1.000000 -1 -1 577.9140790000001 168.766907 607.0191700000001 184.697548 -1 -1 -1 -1 -1 -1 -1 -1 1 
31 1 Car -1.000000 -1 -1 518.028453 162.663349 561.183386 203.298057 -1 -1 -1 -1 -1 -1 -1 -1 1 
31 2 Car -1.000000 -1 -1 1216.391318 159.809091 1223.0 223.006947 -1 -1 -1 -1 -1 -1 -1 -1 1 
31 3 Car -1.000000 -1 -1 539.5157750000001 168.394593 573.4058610000001 196.379587 -1 -1 -1 -1 -1 -1 -1 -1 1 
31 4 Car -1.000000 -1 -1 571.531098 169.624224 601.360159 185.555393 -1 -1 -1 -1 -1 -1 -1 -1 1 
32 1 Car -1.000000 -1 -1 511.660483 162.656423 555.884639 204.269622 -1 -1 -1 -1 -1 -1 -1 -1 1 
32 2 Car -1.000000 -1 -1 1220.2067386656313 160.23579472146795 1226.8433623345277 223.73848166769403 -1 -1 -1 -1 -1 -1 -1 -1 1 
32 3 Car -1.000000 -1 -1 534.416442 168.59317199999998 568.716114 197.08641299999996 -1 -1 -1 -1 -1 -1 -1 -1 1 
32 4 Car -1.000000 -1 -1 565.1511389999998 170.48080499999998 595.6964359999998 186.41307699999996 -1 -1 -1 -1 -1 -1 -1 -1 1 
33 1 Car -1.000000 -1 -1 502.31774699999994 162.644269 547.7016799999999 205.299095 -1 -1 -1 -1 -1 -1 -1 -1 1 
33 2 Car -1.000000 -1 -1 1211.857379 158.829719 1223.0 223.403716 -1 -1 -1 -1 -1 -1 -1 -1 1 
33 3 Car -1.000000 -1 -1 525.2040489999999 167.438527 560.3863359999999 196.46307 -1 -1 -1 -1 -1 -1 -1 -1 1 
33 4 Car -1.000000 -1 -1 554.2745300000001 169.22528599999998 586.8983460000001 185.14026199999998 -1 -1 -1 -1 -1 -1 -1 -1 1 
34 1 Car -1.000000 -1 -1 492.49324200000007 162.631644 539.1058680000001 206.381676 -1 -1 -1 -1 -1 -1 -1 -1 1 
34 2 Car -1.000000 -1 -1 1209.5637120000001 158.32579500000003 1223.0000000000002 223.59859600000001 -1 -1 -1 -1 -1 -1 -1 -1 1 
34 3 Car -1.000000 -1 -1 515.6393839999998 166.24071200000003 551.7768179999999 195.81565700000002 -1 -1 -1 -1 -1 -1 -1 -1 1 
34 4 Car -1.000000 -1 -1 543.420758 167.974123 578.035873 183.864499 -1 -1 -1 -1 -1 -1 -1 -1 1 
35 1 Car -1.000000 -1 -1 479.27402699999993 163.00992200000002 527.416706 208.10616100000001 -1 -1 -1 -1 -1 -1 -1 -1 1 
35 2 Car -1.000000 -1 -1 1207.2516109999997 157.81213000000002 1222.9999999999998 223.79133400000003 -1 -1 -1 -1 -1 -1 -1 -1 1 
35 3 Car -1.000000 -1 -1 502.65029300000003 168.68198 540.1793620000001 198.845743 -1 -1 -1 -1 -1 -1 -1 -1 1 
35 4 Car -1.000000 -1 -1 529.266622 168.71271000000002 566.607108 184.62405100000004 -1 -1 -1 -1 -1 -1 -1 -1 1 
36 1 Car -1.000000 -1 -1 465.213434 163.411752 515.002176 209.940466 -1 -1 -1 -1 -1 -1 -1 -1 1 
36 2 Car -1.000000 -1 -1 1193.613598 156.954321 1223.0 224.480395 -1 -1 -1 -1 -1 -1 -1 -1 1 
36 3 Car -1.000000 -1 -1 491.948528 168.965888 529.992625 199.79539 -1 -1 -1 -1 -1 -1 -1 -1 1 
36 4 Car -1.000000 -1 -1 515.1190959999999 169.455714 554.9922719999998 185.385351 -1 -1 -1 -1 -1 -1 -1 -1 1 
37 1 Car -1.000000 -1 -1 450.228529 163.839377 501.793178 211.895404 -1 -1 -1 -1 -1 -1 -1 -1 1 
37 2 Car -1.000000 -1 -1 1179.9869239999998 156.066602 1222.9999999999998 225.152719 -1 -1 -1 -1 -1 -1 -1 -1 1 
37 3 Car -1.000000 -1 -1 476.561425 167.87618600000002 515.721301 199.40996600000003 -1 -1 -1 -1 -1 -1 -1 -1 1 
37 4 Car -1.000000 -1 -1 499.117076 168.76340299999998 539.119273 184.73826599999998 -1 -1 -1 -1 -1 -1 -1 -1 1 
38 1 Car -1.000000 -1 -1 433.130511 162.38874299999998 486.917934 212.30623999999997 -1 -1 -1 -1 -1 -1 -1 -1 1 
38 2 Car -1.000000 -1 -1 1166.371009 155.16813100000002 1223.0 225.78431100000003 -1 -1 -1 -1 -1 -1 -1 -1 1 
38 3 Car -1.000000 -1 -1 460.448897 166.73724800000002 500.865721 199.00558700000002 -1 -1 -1 -1 -1 -1 -1 -1 1 
38 4 Car -1.000000 -1 -1 482.97962299999995 168.066421 523.129502 184.111451 -1 -1 -1 -1 -1 -1 -1 -1 1 
39 1 Car -1.000000 -1 -1 414.6465119999999 160.828038 470.87237899999997 212.747771 -1 -1 -1 -1 -1 -1 -1 -1 1 
39 2 Car -1.000000 -1 -1 1152.7652909999997 154.544422 1222.9999999999998 225.369315 -1 -1 -1 -1 -1 -1 -1 -1 1 
39 3 Car -1.000000 -1 -1 441.911329 165.54844000000003 483.962075 198.59487100000004 -1 -1 -1 -1 -1 -1 -1 -1 1 
39 4 Car -1.000000 -1 -1 465.48643500000003 166.552736 505.9537900000001 182.754401 -1 -1 -1 -1 -1 -1 -1 -1 1 
40 1 Car -1.000000 -1 -1 394.600346 159.144419 453.518084 213.22385 -1 -1 -1 -1 -1 -1 -1 -1 1 
40 2 Car -1.000000 -1 -1 1139.1692240000002 153.93133800000004 1223.0000000000002 224.95288200000002 -1 -1 -1 -1 -1 -1 -1 -1 1 
40 3 Car -1.000000 -1 -1 422.443067 164.30264 466.325938 198.162753 -1 -1 -1 -1 -1 -1 -1 -1 1 
40 4 Car -1.000000 -1 -1 447.756376 164.989185 488.566125 181.378234 -1 -1 -1 -1 -1 -1 -1 -1 1 
41 1 Car -1.000000 -1 -1 371.297861 160.33235 433.558519 217.122507 -1 -1 -1 -1 -1 -1 -1 -1 1 
41 2 Car -1.000000 -1 -1 1118.524132 155.228888 1223.0 226.356328 -1 -1 -1 -1 -1 -1 -1 -1 1 
41 3 Car -1.000000 -1 -1 401.031789 165.52799400000004 446.323356 200.40453600000004 -1 -1 -1 -1 -1 -1 -1 -1 1 
41 4 Car -1.000000 -1 -1 424.149395 166.56927 467.851808 183.061796 -1 -1 -1 -1 -1 -1 -1 -1 1 
42 1 Car -1.000000 -1 -1 345.5706620000001 161.639239 411.59753200000006 221.429635 -1 -1 -1 -1 -1 -1 -1 -1 1 
42 2 Car -1.000000 -1 -1 1098.016263 156.53967899999998 1223.0 227.75189299999997 -1 -1 -1 -1 -1 -1 -1 -1 1 
42 3 Car -1.000000 -1 -1 378.30484 166.825945 425.256414 202.784685 -1 -1 -1 -1 -1 -1 -1 -1 1 
42 4 Car -1.000000 -1 -1 400.2498939999999 168.175305 446.68826999999993 184.781761 -1 -1 -1 -1 -1 -1 -1 -1 1 
43 1 Car -1.000000 -1 -1 317.018722 163.082427 387.335702 226.211376 -1 -1 -1 -1 -1 -1 -1 -1 1 
43 2 Car -1.000000 -1 -1 1077.642405 157.857102 1223.0 229.139247 -1 -1 -1 -1 -1 -1 -1 -1 1 
43 3 Car -1.000000 -1 -1 349.031519 168.386869 398.743086 205.578865 -1 -1 -1 -1 -1 -1 -1 -1 1 
43 4 Car -1.000000 -1 -1 370.91676500000005 169.465212 418.35887500000007 186.275062 -1 -1 -1 -1 -1 -1 -1 -1 1 
44 1 Car -1.000000 -1 -1 282.173245 164.62374 360.033026 231.896652 -1 -1 -1 -1 -1 -1 -1 -1 1 
44 2 Car -1.000000 -1 -1 1051.47185 159.907824 1223.0 231.039372 -1 -1 -1 -1 -1 -1 -1 -1 1 
44 3 Car -1.000000 -1 -1 317.70805700000005 170.052117 370.63788400000004 208.568897 -1 -1 -1 -1 -1 -1 -1 -1 1 
44 4 Car -1.000000 -1 -1 340.692762 170.79233899999997 389.240975 187.81465599999999 -1 -1 -1 -1 -1 -1 -1 -1 1 
45 1 Car -1.000000 -1 -1 241.67236099999997 166.361662 329.19368399999996 238.355991 -1 -1 -1 -1 -1 -1 -1 -1 1 
45 2 Car -1.000000 -1 -1 1025.6290050000002 161.97966 1216.6173580000002 232.913416 -1 -1 -1 -1 -1 -1 -1 -1 1 
45 3 Car -1.000000 -1 -1 278.411023 170.216052 336.334039 210.440323 -1 -1 -1 -1 -1 -1 -1 -1 1 
45 4 Car -1.000000 -1 -1 303.902343 172.54133 355.514772 189.870911 -1 -1 -1 -1 -1 -1 -1 -1 1 
46 1 Car -1.000000 -1 -1 195.801243 168.332769 294.135975 245.754512 -1 -1 -1 -1 -1 -1 -1 -1 1 
46 2 Car -1.000000 -1 -1 991.077967 164.17062499999997 1176.29625 234.52823499999997 -1 -1 -1 -1 -1 -1 -1 -1 1 
46 3 Car -1.000000 -1 -1 232.96829299999996 171.622201 295.22291299999995 213.550061 -1 -1 -1 -1 -1 -1 -1 -1 1 
46 4 Car -1.000000 -1 -1 265.746272 174.330513 320.558576 192.014608 -1 -1 -1 -1 -1 -1 -1 -1 1 
47 1 Car -1.000000 -1 -1 140.795442 168.61884 255.063884 252.362738 -1 -1 -1 -1 -1 -1 -1 -1 1 
47 2 Car -1.000000 -1 -1 957.07313 166.30380000000002 1136.991049 236.11324800000003 -1 -1 -1 -1 -1 -1 -1 -1 1 
47 3 Car -1.000000 -1 -1 183.60178200000001 173.142612 251.04919800000002 216.926162 -1 -1 -1 -1 -1 -1 -1 -1 1 
47 4 Car -1.000000 -1 -1 220.57127300000002 175.813951 278.101896 194.014731 -1 -1 -1 -1 -1 -1 -1 -1 1 
48 1 Car -1.000000 -1 -1 76.75630099999998 168.95959900000003 209.72985199999997 260.078624 -1 -1 -1 -1 -1 -1 -1 -1 1 
48 2 Car -1.000000 -1 -1 920.465874 164.684555 1094.41448 234.216327 -1 -1 -1 -1 -1 -1 -1 -1 1 
48 3 Car -1.000000 -1 -1 129.79499300000003 174.79087200000004 203.44571800000003 220.60329600000003 -1 -1 -1 -1 -1 -1 -1 -1 1 
48 4 Car -1.000000 -1 -1 172.72461199999998 177.37638 233.34748899999997 196.134896 -1 -1 -1 -1 -1 -1 -1 -1 1 
49 1 Car -1.000000 -1 -1 2.9224300000000056 169.355614 164.385689 269.460298 -1 -1 -1 -1 -1 -1 -1 -1 1 
49 2 Car -1.000000 -1 -1 884.014594 163.103769 1052.545193 232.307278 -1 -1 -1 -1 -1 -1 -1 -1 1 
49 3 Car -1.000000 -1 -1 66.317552 174.75727800000004 148.330403 222.83965100000003 -1 -1 -1 -1 -1 -1 -1 -1 1 
49 4 Car -1.000000 -1 -1 115.56575799999999 177.77224 180.15632999999997 197.212598 -1 -1 -1 -1 -1 -1 -1 -1 1 
50 1 Car -1.000000 -1 -1 -1.4210854715202004e-14 169.84722700000003 110.48536700000001 278.79707600000006 -1 -1 -1 -1 -1 -1 -1 -1 1 
50 2 Car -1.000000 -1 -1 847.713805 161.56010099999997 1011.368953 230.38668099999998 -1 -1 -1 -1 -1 -1 -1 -1 1 
50 3 Car -1.000000 -1 -1 -7.105427357601002e-15 174.72229799999997 88.316711 225.20053699999997 -1 -1 -1 -1 -1 -1 -1 -1 1 
50 4 Car -1.000000 -1 -1 87.17795896640217 178.5355085331692 152.6513525441552 198.24127834952486 -1 -1 -1 -1 -1 -1 -1 -1 1 
51 1 Car -1.000000 -1 -1 -7.105427357601002e-15 170.449007 44.73616100000001 284.431925 -1 -1 -1 -1 -1 -1 -1 -1 1 
51 2 Car -1.000000 -1 -1 811.559653 160.052164 970.870169 228.455261 -1 -1 -1 -1 -1 -1 -1 -1 1 
51 3 Car -1.000000 -1 -1 -30.8404794683284 175.2087360578175 59.74335246426746 226.98206765521073 -1 -1 -1 -1 -1 -1 -1 -1 1 
52 1 Car -1.000000 -1 -1 -25.87814753683091 170.8900624795805 20.347327368377073 288.6789052739204 -1 -1 -1 -1 -1 -1 -1 -1 1 
52 2 Car -1.000000 -1 -1 776.253918 159.415204 932.674823 228.302919 -1 -1 -1 -1 -1 -1 -1 -1 1 
53 2 Car -1.000000 -1 -1 740.34764 158.50509 894.321659 228.126962 -1 -1 -1 -1 -1 -1 -1 -1 1 
54 2 Car -1.000000 -1 -1 703.818444 157.579923 855.814119 227.926161 -1 -1 -1 -1 -1 -1 -1 -1 1 
55 2 Car -1.000000 -1 -1 666.645673 156.640759 817.15292 227.699375 -1 -1 -1 -1 -1 -1 -1 -1 1 
56 2 Car -1.000000 -1 -1 629.006796 158.248549 780.764636 230.896041 -1 -1 -1 -1 -1 -1 -1 -1 1 
57 2 Car -1.000000 -1 -1 589.7506740000001 159.93393400000002 743.3925130000001 234.21897800000002 -1 -1 -1 -1 -1 -1 -1 -1 1 
58 2 Car -1.000000 -1 -1 548.766398 161.700892 704.997368 237.673293 -1 -1 -1 -1 -1 -1 -1 -1 1 
59 2 Car -1.000000 -1 -1 505.935241 163.553541 665.535735 241.264252 -1 -1 -1 -1 -1 -1 -1 -1 1 
60 2 Car -1.000000 -1 -1 460.24145599999997 162.91992400000004 626.964187 243.87108400000002 -1 -1 -1 -1 -1 -1 -1 -1 1 
61 2 Car -1.000000 -1 -1 410.67397200000005 162.235203 586.042027 246.680395 -1 -1 -1 -1 -1 -1 -1 -1 1 
62 2 Car -1.000000 -1 -1 356.71252000000004 161.4934 542.549125 249.716463 -1 -1 -1 -1 -1 -1 -1 -1 1 
62 14 Car -1.000000 -1 -1 1072.721175 191.080584 1221.906573 291.42026 -1 -1 -1 -1 -1 -1 -1 -1 1 
63 2 Car -1.000000 -1 -1 297.74256 160.68753599999997 496.234602 253.00763799999996 -1 -1 -1 -1 -1 -1 -1 -1 1 
63 14 Car -1.000000 -1 -1 1033.647582 191.580958 1183.928856 292.520639 -1 -1 -1 -1 -1 -1 -1 -1 1 
64 2 Car -1.000000 -1 -1 235.66609599999998 158.7998 450.57688199999996 257.381741 -1 -1 -1 -1 -1 -1 -1 -1 1 
64 14 Car -1.000000 -1 -1 994.5466140000001 192.08552399999996 1145.3140550000003 293.566103 -1 -1 -1 -1 -1 -1 -1 -1 1 
64 17 Car -1.000000 -1 -1 985.0608560000001 185.603839 1098.074634 260.646008 -1 -1 -1 -1 -1 -1 -1 -1 1 
65 2 Car -1.000000 -1 -1 164.65343 156.65308299999998 400.2843250000001 262.32247499999994 -1 -1 -1 -1 -1 -1 -1 -1 1 
65 14 Car -1.000000 -1 -1 955.3863669999998 192.59479 1106.0971829999999 294.554379 -1 -1 -1 -1 -1 -1 -1 -1 1 
65 17 Car -1.000000 -1 -1 947.153059 183.61699399999998 1058.370339 257.685573 -1 -1 -1 -1 -1 -1 -1 -1 1 
66 2 Car -1.000000 -1 -1 89.33982 154.26578999999998 352.057772 268.2950169999999 -1 -1 -1 -1 -1 -1 -1 -1 1 
66 14 Car -1.000000 -1 -1 930.6289260000001 191.036476 1087.3756290000001 295.188163 -1 -1 -1 -1 -1 -1 -1 -1 1 
66 17 Car -1.000000 -1 -1 909.607757 181.662584 1018.888709 254.725611 -1 -1 -1 -1 -1 -1 -1 -1 1 
67 2 Car -1.000000 -1 -1 1.0497469999999964 151.47927200000004 298.17229499999996 275.250764 -1 -1 -1 -1 -1 -1 -1 -1 1 
67 14 Car -1.000000 -1 -1 904.9297980000001 189.42949900000002 1067.394233 295.81288700000005 -1 -1 -1 -1 -1 -1 -1 -1 1 
67 17 Car -1.000000 -1 -1 880.179841 179.845347 989.690628 252.694991 -1 -1 -1 -1 -1 -1 -1 -1 1 
68 2 Car -1.000000 -1 -1 1.4210854715202004e-14 148.04089800000003 251.72835199999997 283.98727400000007 -1 -1 -1 -1 -1 -1 -1 -1 1 
68 14 Car -1.000000 -1 -1 878.214217 187.77022 1046.057011 296.427426 -1 -1 -1 -1 -1 -1 -1 -1 1 
68 17 Car -1.000000 -1 -1 850.527035 178.023425 960.064745 250.623185 -1 -1 -1 -1 -1 -1 -1 -1 1 
69 2 Car -1.000000 -1 -1 0.0 147.07739700000002 198.685427 282.45246 -1 -1 -1 -1 -1 -1 -1 -1 1 
69 14 Car -1.000000 -1 -1 850.398971 186.05460799999997 1023.2602 297.03063899999995 -1 -1 -1 -1 -1 -1 -1 -1 1 
69 17 Car -1.000000 -1 -1 827.347038 177.111105 939.522431 250.72415 -1 -1 -1 -1 -1 -1 -1 -1 1 
70 2 Car -1.000000 -1 -1 0.0 146.674594 137.536096 278.897218 -1 -1 -1 -1 -1 -1 -1 -1 1 
70 14 Car -1.000000 -1 -1 841.2123059999999 186.41108000000003 1026.705532 303.60513000000003 -1 -1 -1 -1 -1 -1 -1 -1 1 
70 17 Car -1.000000 -1 -1 812.796699 176.22963299999998 928.580138 251.73480499999997 -1 -1 -1 -1 -1 -1 -1 -1 1 
71 2 Car -1.000000 -1 -1 -7.105427357601002e-15 151.942316 86.78225 283.130717 -1 -1 -1 -1 -1 -1 -1 -1 1 
71 14 Car -1.000000 -1 -1 831.2947279999998 186.797038 1030.468261 310.931964 -1 -1 -1 -1 -1 -1 -1 -1 1 
71 17 Car -1.000000 -1 -1 797.554005 175.208323 916.916299 252.801955 -1 -1 -1 -1 -1 -1 -1 -1 1 
71 31 Car -1.000000 -1 -1 756.077761 172.603182 800.004353 214.208558 -1 -1 -1 -1 -1 -1 -1 -1 1 
72 2 Car -1.000000 -1 -1 -40.774429435180316 151.65598083415836 47.92224020294038 285.75606367477604 -1 -1 -1 -1 -1 -1 -1 -1 1 
72 14 Car -1.000000 -1 -1 820.548581 187.216225 1034.603605 319.148196 -1 -1 -1 -1 -1 -1 -1 -1 1 
72 17 Car -1.000000 -1 -1 787.556726 176.088073 915.064015 256.887719 -1 -1 -1 -1 -1 -1 -1 -1 1 
72 31 Car -1.000000 -1 -1 742.4053100000001 172.198866 786.9119440000001 214.50707 -1 -1 -1 -1 -1 -1 -1 -1 1 
72 33 Car -1.000000 -1 -1 439.86145 169.365432 500.220185 205.491191 -1 -1 -1 -1 -1 -1 -1 -1 1 
73 14 Car -1.000000 -1 -1 818.1774110000001 187.76638299999996 1051.578321 329.3599939999999 -1 -1 -1 -1 -1 -1 -1 -1 1 
73 17 Car -1.000000 -1 -1 776.976271 176.91331199999996 912.97974 261.37280899999996 -1 -1 -1 -1 -1 -1 -1 -1 1 
73 31 Car -1.000000 -1 -1 732.543815 174.171303 777.904735 217.393469 -1 -1 -1 -1 -1 -1 -1 -1 1 
73 33 Car -1.000000 -1 -1 414.172996 172.295098 478.172887 210.048066 -1 -1 -1 -1 -1 -1 -1 -1 1 
73 36 Car -1.000000 -1 -1 729.187347 177.006263 772.721021 212.6304 -1 -1 -1 -1 -1 -1 -1 -1 1 
74 14 Car -1.000000 -1 -1 815.582793 188.371579 1071.123573 341.198705 -1 -1 -1 -1 -1 -1 -1 -1 1 
74 17 Car -1.000000 -1 -1 772.018158 177.68316700000003 916.857122 266.44079 -1 -1 -1 -1 -1 -1 -1 -1 1 
74 31 Car -1.000000 -1 -1 722.238179 176.082605 768.493609 220.410618 -1 -1 -1 -1 -1 -1 -1 -1 1 
74 33 Car -1.000000 -1 -1 392.445591 171.914405 460.131423 211.421792 -1 -1 -1 -1 -1 -1 -1 -1 1 
74 36 Car -1.000000 -1 -1 717.925855 178.72849000000002 762.32994 215.14983300000003 -1 -1 -1 -1 -1 -1 -1 -1 1 
74 37 Car -1.000000 -1 -1 710.801611 178.738537 743.499001 208.590985 -1 -1 -1 -1 -1 -1 -1 -1 1 
75 14 Car -1.000000 -1 -1 818.8820500000002 189.13649799999996 1108.235076 358.176377 -1 -1 -1 -1 -1 -1 -1 -1 1 
75 17 Car -1.000000 -1 -1 766.713608 178.507156 921.076023 272.018063 -1 -1 -1 -1 -1 -1 -1 -1 1 
75 31 Car -1.000000 -1 -1 717.037746 175.19413500000002 764.365086 220.48764100000002 -1 -1 -1 -1 -1 -1 -1 -1 1 
75 33 Car -1.000000 -1 -1 369.918857 171.47787699999998 441.743018 212.92499999999998 -1 -1 -1 -1 -1 -1 -1 -1 1 
75 36 Car -1.000000 -1 -1 709.708118 179.41981399999997 755.425192 216.57136699999998 -1 -1 -1 -1 -1 -1 -1 -1 1 
75 37 Car -1.000000 -1 -1 706.128887 178.552627 740.18934 208.847675 -1 -1 -1 -1 -1 -1 -1 -1 1 
75 38 Car -1.000000 -1 -1 690.922033 178.230298 713.333626 198.36956 -1 -1 -1 -1 -1 -1 -1 -1 1 
76 14 Car -1.000000 -1 -1 822.6593250000001 190.00410599999998 1153.495602 369.0 -1 -1 -1 -1 -1 -1 -1 -1 1 
76 17 Car -1.000000 -1 -1 767.431647 178.685858 932.429293 277.695058 -1 -1 -1 -1 -1 -1 -1 -1 1 
76 31 Car -1.000000 -1 -1 711.6067440000002 175.85875099999998 760.1568760000001 222.46001099999998 -1 -1 -1 -1 -1 -1 -1 -1 1 
76 33 Car -1.000000 -1 -1 345.0816960000001 170.99699799999996 421.70406700000007 214.58240599999996 -1 -1 -1 -1 -1 -1 -1 -1 1 
76 36 Car -1.000000 -1 -1 704.1519 179.46624099999997 751.023957 217.47411199999996 -1 -1 -1 -1 -1 -1 -1 -1 1 
76 37 Car -1.000000 -1 -1 696.005458 180.22501499999998 730.279083 211.22995899999998 -1 -1 -1 -1 -1 -1 -1 -1 1 
76 38 Car -1.000000 -1 -1 682.0340529999999 178.932969 704.6514289999999 199.337841 -1 -1 -1 -1 -1 -1 -1 -1 1 
77 14 Car -1.000000 -1 -1 832.4974510000001 191.01153699999998 1218.939117 369.0 -1 -1 -1 -1 -1 -1 -1 -1 1 
77 17 Car -1.000000 -1 -1 768.2140919999999 178.87994699999996 945.1665199999999 284.07354799999996 -1 -1 -1 -1 -1 -1 -1 -1 1 
77 31 Car -1.000000 -1 -1 705.87439 176.5553 755.714203 224.541902 -1 -1 -1 -1 -1 -1 -1 -1 1 
77 33 Car -1.000000 -1 -1 317.558491 170.464658 399.782582 216.419049 -1 -1 -1 -1 -1 -1 -1 -1 1 
77 36 Car -1.000000 -1 -1 698.77885 179.916885 746.887447 218.873881 -1 -1 -1 -1 -1 -1 -1 -1 1 
77 37 Car -1.000000 -1 -1 690.203907 180.30581 725.217542 211.91565 -1 -1 -1 -1 -1 -1 -1 -1 1 
77 38 Car -1.000000 -1 -1 675.863055 179.512354 698.886213 200.191269 -1 -1 -1 -1 -1 -1 -1 -1 1 
78 14 Car -1.000000 -1 -1 843.990456 192.18486899999996 1223.0 369.0 -1 -1 -1 -1 -1 -1 -1 -1 1 
78 17 Car -1.000000 -1 -1 769.069764 179.091498 959.557662 291.292122 -1 -1 -1 -1 -1 -1 -1 -1 1 
78 31 Car -1.000000 -1 -1 699.814862 177.28614 751.016981 226.742693 -1 -1 -1 -1 -1 -1 -1 -1 1 
78 33 Car -1.000000 -1 -1 292.397136 170.212938 381.488855 218.814785 -1 -1 -1 -1 -1 -1 -1 -1 1 
78 36 Car -1.000000 -1 -1 693.1773899999998 180.386497 742.5512149999998 220.341465 -1 -1 -1 -1 -1 -1 -1 -1 1 
78 37 Car -1.000000 -1 -1 684.197249 180.38946399999998 719.956925 212.62837299999998 -1 -1 -1 -1 -1 -1 -1 -1 1 
78 38 Car -1.000000 -1 -1 669.554204 180.10448000000002 692.98365 201.06522900000002 -1 -1 -1 -1 -1 -1 -1 -1 1 
79 14 Car -1.000000 -1 -1 857.592517 193.56873900000002 1223.0 369.0 -1 -1 -1 -1 -1 -1 -1 -1 1 
79 17 Car -1.000000 -1 -1 770.009168 179.32297799999998 975.947778 299.52844099999993 -1 -1 -1 -1 -1 -1 -1 -1 1 
79 31 Car -1.000000 -1 -1 698.761593 176.215339 751.591163 227.084891 -1 -1 -1 -1 -1 -1 -1 -1 1 
79 33 Car -1.000000 -1 -1 264.16040699999996 169.930394 361.26553599999994 221.50328 -1 -1 -1 -1 -1 -1 -1 -1 1 
79 36 Car -1.000000 -1 -1 689.671345 179.14216500000003 740.670944 219.92959400000004 -1 -1 -1 -1 -1 -1 -1 -1 1 
79 37 Car -1.000000 -1 -1 681.273838 179.802426 718.185871 212.64066 -1 -1 -1 -1 -1 -1 -1 -1 1 
79 38 Car -1.000000 -1 -1 666.529372 179.44232500000004 690.370244 200.66288800000004 -1 -1 -1 -1 -1 -1 -1 -1 1 
79 39 Car -1.000000 -1 -1 505.4403080000001 177.592753 537.0634540000001 196.334395 -1 -1 -1 -1 -1 -1 -1 -1 1 
80 14 Car -1.000000 -1 -1 877.5781710000001 195.28663900000004 1223.0 369.0 -1 -1 -1 -1 -1 -1 -1 -1 1 
80 17 Car -1.000000 -1 -1 771.0449190000002 179.57734 994.7851020000002 309.01407 -1 -1 -1 -1 -1 -1 -1 -1 1 
80 31 Car -1.000000 -1 -1 697.6399289999999 175.03080600000004 752.2018529999999 227.44950000000003 -1 -1 -1 -1 -1 -1 -1 -1 1 
80 33 Car -1.000000 -1 -1 237.85651999999996 169.548143 343.266248 224.266403 -1 -1 -1 -1 -1 -1 -1 -1 1 
80 36 Car -1.000000 -1 -1 686.008863 177.842807 738.693039 219.496191 -1 -1 -1 -1 -1 -1 -1 -1 1 
80 37 Car -1.000000 -1 -1 678.2411649999999 179.193602 716.3391989999999 212.653262 -1 -1 -1 -1 -1 -1 -1 -1 1 
80 38 Car -1.000000 -1 -1 663.421429 178.762102 687.680075 200.248633 -1 -1 -1 -1 -1 -1 -1 -1 1 
80 39 Car -1.000000 -1 -1 497.514852 176.986226 530.210233 196.239077 -1 -1 -1 -1 -1 -1 -1 -1 1 
81 14 Car -1.000000 -1 -1 902.39041 197.40616999999997 1223.0 369.0 -1 -1 -1 -1 -1 -1 -1 -1 1 
81 17 Car -1.000000 -1 -1 777.8538450000001 179.349892 1028.563842 321.234719 -1 -1 -1 -1 -1 -1 -1 -1 1 
81 31 Car -1.000000 -1 -1 696.442856 173.614988 752.852754 227.838812 -1 -1 -1 -1 -1 -1 -1 -1 1 
81 33 Car -1.000000 -1 -1 208.13758100000004 169.116169 323.286301 227.388182 -1 -1 -1 -1 -1 -1 -1 -1 1 
81 36 Car -1.000000 -1 -1 685.150765 177.70114 739.755053 220.55305 -1 -1 -1 -1 -1 -1 -1 -1 1 
81 37 Car -1.000000 -1 -1 676.736281 178.694914 715.926612 212.901965 -1 -1 -1 -1 -1 -1 -1 -1 1 
81 38 Car -1.000000 -1 -1 660.226877 178.063059 684.909734 199.821931 -1 -1 -1 -1 -1 -1 -1 -1 1 
81 39 Car -1.000000 -1 -1 489.108117 176.345396 522.968594 196.13792 -1 -1 -1 -1 -1 -1 -1 -1 1 
82 14 Car -1.000000 -1 -1 934.0115409999999 200.08675500000004 1223.0 369.0 -1 -1 -1 -1 -1 -1 -1 -1 1 
82 17 Car -1.000000 -1 -1 785.567069 179.09264099999996 1069.535983 336.089509 -1 -1 -1 -1 -1 -1 -1 -1 1 
82 31 Car -1.000000 -1 -1 697.042703 173.77384 755.605268 230.053801 -1 -1 -1 -1 -1 -1 -1 -1 1 
82 33 Car -1.000000 -1 -1 174.292171 168.624094 300.97986 230.943296 -1 -1 -1 -1 -1 -1 -1 -1 1 
82 36 Car -1.000000 -1 -1 684.248004 177.552073 740.879899 221.673829 -1 -1 -1 -1 -1 -1 -1 -1 1 
82 37 Car -1.000000 -1 -1 675.165346 178.174366 715.493311 213.162922 -1 -1 -1 -1 -1 -1 -1 -1 1 
82 38 Car -1.000000 -1 -1 656.942023 177.344402 682.055613 199.382216 -1 -1 -1 -1 -1 -1 -1 -1 1 
82 39 Car -1.000000 -1 -1 480.821914 177.473278 515.914874 197.960991 -1 -1 -1 -1 -1 -1 -1 -1 1 
83 14 Car -1.000000 -1 -1 998.463847 204.97160400000004 1223.0 369.0 -1 -1 -1 -1 -1 -1 -1 -1 1 
83 17 Car -1.000000 -1 -1 794.3772919999999 178.799308 1120.2738789999999 354.533014 -1 -1 -1 -1 -1 -1 -1 -1 1 
83 31 Car -1.000000 -1 -1 697.690629 173.94525899999996 758.574376 232.44349099999997 -1 -1 -1 -1 -1 -1 -1 -1 1 
83 33 Car -1.000000 -1 -1 136.72965799999997 168.897843 277.163957 235.950429 -1 -1 -1 -1 -1 -1 -1 -1 1 
83 36 Car -1.000000 -1 -1 683.296945 177.39500899999996 742.073389 222.86450999999997 -1 -1 -1 -1 -1 -1 -1 -1 1 
83 37 Car -1.000000 -1 -1 673.523889 177.630485 715.037728 213.437065 -1 -1 -1 -1 -1 -1 -1 -1 1 
83 38 Car -1.000000 -1 -1 653.562957 176.60529 679.11388 198.928885 -1 -1 -1 -1 -1 -1 -1 -1 1 
83 39 Car -1.000000 -1 -1 470.314413 176.23027099999996 507.051089 197.29594999999998 -1 -1 -1 -1 -1 -1 -1 -1 1 
84 14 Car -1.000000 -1 -1 1092.284833 214.03551500000003 1223.0 369.0 -1 -1 -1 -1 -1 -1 -1 -1 1 
84 17 Car -1.000000 -1 -1 807.312876 178.40591199999997 1189.626547 369.0 -1 -1 -1 -1 -1 -1 -1 -1 1 
84 31 Car -1.000000 -1 -1 697.819606 174.130795 761.786769 235.029398 -1 -1 -1 -1 -1 -1 -1 -1 1 
84 33 Car -1.000000 -1 -1 92.98351999999998 169.21682100000004 250.14617399999997 241.78158300000004 -1 -1 -1 -1 -1 -1 -1 -1 1 
84 36 Car -1.000000 -1 -1 683.020772 176.121261 744.016 223.044711 -1 -1 -1 -1 -1 -1 -1 -1 1 
84 37 Car -1.000000 -1 -1 671.807027 177.061666 714.558132 213.725421 -1 -1 -1 -1 -1 -1 -1 -1 1 
84 38 Car -1.000000 -1 -1 652.7265049999999 175.960694 678.7470549999999 198.65302 -1 -1 -1 -1 -1 -1 -1 -1 1 
84 39 Car -1.000000 -1 -1 462.397514 176.03389999999996 500.732917 197.80743199999998 -1 -1 -1 -1 -1 -1 -1 -1 1 
85 14 Car -1.000000 -1 -1 1101.834256490091 216.22011564283187 1232.763806645799 371.4422044483979 -1 -1 -1 -1 -1 -1 -1 -1 1 
85 17 Car -1.000000 -1 -1 822.3897889999998 177.94836499999997 1223.0 369.0 -1 -1 -1 -1 -1 -1 -1 -1 1 
85 31 Car -1.000000 -1 -1 700.617791 173.493331 768.403747 237.231015 -1 -1 -1 -1 -1 -1 -1 -1 1 
85 33 Car -1.000000 -1 -1 46.166612999999984 169.529604 222.76383799999996 248.410302 -1 -1 -1 -1 -1 -1 -1 -1 1 
85 36 Car -1.000000 -1 -1 684.228618 175.83225 747.846537 224.450701 -1 -1 -1 -1 -1 -1 -1 -1 1 
85 37 Car -1.000000 -1 -1 670.009413 176.466149 714.05261 214.029127 -1 -1 -1 -1 -1 -1 -1 -1 1 
85 38 Car -1.000000 -1 -1 651.8626179999999 175.273966 678.3672809999999 198.367426 -1 -1 -1 -1 -1 -1 -1 -1 1 
85 39 Car -1.000000 -1 -1 453.917245 175.824573 493.997794 198.355308 -1 -1 -1 -1 -1 -1 -1 -1 1 
85 40 Car -1.000000 -1 -1 662.808252 175.730389 703.624634 208.125569 -1 -1 -1 -1 -1 -1 -1 -1 1 
86 17 Car -1.000000 -1 -1 843.67308 177.96759599999996 1223.0 369.0 -1 -1 -1 -1 -1 -1 -1 -1 1 
86 31 Car -1.000000 -1 -1 703.641144 172.793096 775.671882 239.647344 -1 -1 -1 -1 -1 -1 -1 -1 1 
86 33 Car -1.000000 -1 -1 0.0 169.90232199999997 191.257491 256.2729959999999 -1 -1 -1 -1 -1 -1 -1 -1 1 
86 36 Car -1.000000 -1 -1 685.514122 175.521639 751.96309 225.962027 -1 -1 -1 -1 -1 -1 -1 -1 1 
86 37 Car -1.000000 -1 -1 671.3840400000001 176.767751 717.1145190000001 215.492268 -1 -1 -1 -1 -1 -1 -1 -1 1 
86 38 Car -1.000000 -1 -1 651.501686 175.55958600000002 678.546674 199.06748000000002 -1 -1 -1 -1 -1 -1 -1 -1 1 
86 39 Car -1.000000 -1 -1 446.185373 176.49341200000003 488.088473 199.91224100000002 -1 -1 -1 -1 -1 -1 -1 -1 1 
86 40 Car -1.000000 -1 -1 663.316189 176.52520400000003 705.356543 209.73824900000002 -1 -1 -1 -1 -1 -1 -1 -1 1 
87 17 Car -1.000000 -1 -1 869.7074379999999 177.99110099999996 1223.0 369.0 -1 -1 -1 -1 -1 -1 -1 -1 1 
87 31 Car -1.000000 -1 -1 706.917976 172.020341 783.692274 242.311405 -1 -1 -1 -1 -1 -1 -1 -1 1 
87 33 Car -1.000000 -1 -1 0.0 170.96241499999996 154.938188 266.33948 -1 -1 -1 -1 -1 -1 -1 -1 1 
87 36 Car -1.000000 -1 -1 687.49263 176.92426 757.112563 229.376782 -1 -1 -1 -1 -1 -1 -1 -1 1 
87 37 Car -1.000000 -1 -1 672.833353 177.08570500000002 720.365228 217.04572600000003 -1 -1 -1 -1 -1 -1 -1 -1 1 
87 38 Car -1.000000 -1 -1 651.1285169999999 175.85564 678.7325729999999 199.793151 -1 -1 -1 -1 -1 -1 -1 -1 1 
87 39 Car -1.000000 -1 -1 437.856235 177.20989400000002 481.758167 201.58944500000004 -1 -1 -1 -1 -1 -1 -1 -1 1 
87 40 Car -1.000000 -1 -1 663.846827 177.287906 707.175496 211.432153 -1 -1 -1 -1 -1 -1 -1 -1 1 
88 17 Car -1.000000 -1 -1 902.2836040000001 178.020484 1223.0 369.0 -1 -1 -1 -1 -1 -1 -1 -1 1 
88 31 Car -1.000000 -1 -1 711.4092680000001 172.295271 793.7253920000002 246.460787 -1 -1 -1 -1 -1 -1 -1 -1 1 
88 33 Car -1.000000 -1 -1 -7.105427357601002e-15 172.65488500000004 112.08487400000001 269.278416 -1 -1 -1 -1 -1 -1 -1 -1 1 
88 36 Car -1.000000 -1 -1 689.867436 176.531661 762.925607 231.126276 -1 -1 -1 -1 -1 -1 -1 -1 1 
88 37 Car -1.000000 -1 -1 674.3636000000001 177.42138 723.8227600000001 218.698128 -1 -1 -1 -1 -1 -1 -1 -1 1 
88 38 Car -1.000000 -1 -1 650.360748 175.370969 678.513153 199.754986 -1 -1 -1 -1 -1 -1 -1 -1 1 
88 39 Car -1.000000 -1 -1 429.10364 178.18314299999997 475.277761 203.61986199999998 -1 -1 -1 -1 -1 -1 -1 -1 1 
88 40 Car -1.000000 -1 -1 665.140599 178.31140299999998 709.929661 213.47093499999997 -1 -1 -1 -1 -1 -1 -1 -1 1 
89 17 Car -1.000000 -1 -1 944.22156 178.058265 1223.0 369.0 -1 -1 -1 -1 -1 -1 -1 -1 1 
89 31 Car -1.000000 -1 -1 716.3206550000001 172.60272700000002 804.9447540000001 251.09700900000004 -1 -1 -1 -1 -1 -1 -1 -1 1 
89 33 Car -1.000000 -1 -1 0.0 174.40817199999998 60.760625 271.44864399999994 -1 -1 -1 -1 -1 -1 -1 -1 1 
89 36 Car -1.000000 -1 -1 692.416759 176.04871500000002 769.246248 233.02859000000004 -1 -1 -1 -1 -1 -1 -1 -1 1 
89 37 Car -1.000000 -1 -1 675.981753 177.776299 727.50751 220.459239 -1 -1 -1 -1 -1 -1 -1 -1 1 
89 38 Car -1.000000 -1 -1 652.0884390000001 176.452399 680.9912540000001 201.324202 -1 -1 -1 -1 -1 -1 -1 -1 1 
89 39 Car -1.000000 -1 -1 419.621245 179.23091400000004 468.301226 205.81954600000003 -1 -1 -1 -1 -1 -1 -1 -1 1 
89 40 Car -1.000000 -1 -1 665.756646 177.757983 712.000652 213.841439 -1 -1 -1 -1 -1 -1 -1 -1 1 
90 17 Car -1.000000 -1 -1 1000.234105 178.177823 1223.0 369.0 -1 -1 -1 -1 -1 -1 -1 -1 1 
90 31 Car -1.000000 -1 -1 721.7139649999999 172.948844 817.5739609999999 256.374896 -1 -1 -1 -1 -1 -1 -1 -1 1 
90 33 Car -1.000000 -1 -1 -25.95077136531289 174.96462623008696 36.895188450234016 275.3392451171658 -1 -1 -1 -1 -1 -1 -1 -1 1 
90 36 Car -1.000000 -1 -1 695.1605709999999 175.521652 776.1440099999999 235.104662 -1 -1 -1 -1 -1 -1 -1 -1 1 
90 37 Car -1.000000 -1 -1 677.9909209999998 177.301609 731.5548909999999 221.48614 -1 -1 -1 -1 -1 -1 -1 -1 1 
90 38 Car -1.000000 -1 -1 653.06369 176.519331 682.684773 201.902326 -1 -1 -1 -1 -1 -1 -1 -1 1 
90 39 Car -1.000000 -1 -1 409.810695 179.853187 461.200257 207.650207 -1 -1 -1 -1 -1 -1 -1 -1 1 
90 40 Car -1.000000 -1 -1 666.4043059999999 177.176178 714.1928339999998 214.233617 -1 -1 -1 -1 -1 -1 -1 -1 1 
91 17 Car -1.000000 -1 -1 1083.8206460000001 179.941098 1223.0000000000002 369.0 -1 -1 -1 -1 -1 -1 -1 -1 1 
91 31 Car -1.000000 -1 -1 728.561059 173.20052200000003 832.670778 262.66456400000004 -1 -1 -1 -1 -1 -1 -1 -1 1 
91 36 Car -1.000000 -1 -1 698.1220070000002 174.94413600000001 783.7017180000001 237.37943900000002 -1 -1 -1 -1 -1 -1 -1 -1 1 
91 37 Car -1.000000 -1 -1 680.132795 176.795391 735.91328 222.591442 -1 -1 -1 -1 -1 -1 -1 -1 1 
91 38 Car -1.000000 -1 -1 654.076431 176.588834 684.448678 202.504489 -1 -1 -1 -1 -1 -1 -1 -1 1 
91 39 Car -1.000000 -1 -1 399.1114 180.52682799999997 453.513213 209.64667699999998 -1 -1 -1 -1 -1 -1 -1 -1 1 
91 40 Car -1.000000 -1 -1 667.086073 176.56374699999998 716.517166 214.64942699999997 -1 -1 -1 -1 -1 -1 -1 -1 1 
92 17 Car -1.000000 -1 -1 1094.506387650687 180.03061822195394 1236.1676355372363 372.4678132739913 -1 -1 -1 -1 -1 -1 -1 -1 1 
92 31 Car -1.000000 -1 -1 736.210155 173.491515 850.122384 269.935522 -1 -1 -1 -1 -1 -1 -1 -1 1 
92 36 Car -1.000000 -1 -1 701.981278 174.698529 793.542198 240.712431 -1 -1 -1 -1 -1 -1 -1 -1 1 
92 37 Car -1.000000 -1 -1 682.4209640000001 176.249664 740.6199660000001 223.784482 -1 -1 -1 -1 -1 -1 -1 -1 1 
92 38 Car -1.000000 -1 -1 654.59582 176.87724 685.70807 203.365349 -1 -1 -1 -1 -1 -1 -1 -1 1 
92 39 Car -1.000000 -1 -1 386.939956 180.982398 444.744746 211.525987 -1 -1 -1 -1 -1 -1 -1 -1 1 
92 40 Car -1.000000 -1 -1 667.804715 175.845681 718.985972 215.09107 -1 -1 -1 -1 -1 -1 -1 -1 1 
93 31 Car -1.000000 -1 -1 744.810851 173.831812 870.526471 278.436839 -1 -1 -1 -1 -1 -1 -1 -1 1 
93 36 Car -1.000000 -1 -1 706.221548 174.42309799999998 804.576896 244.45069299999997 -1 -1 -1 -1 -1 -1 -1 -1 1 
93 37 Car -1.000000 -1 -1 684.87094 175.57345299999997 745.718447 225.07613899999998 -1 -1 -1 -1 -1 -1 -1 -1 1 
93 38 Car -1.000000 -1 -1 655.135947 177.17715 687.021988 204.2635 -1 -1 -1 -1 -1 -1 -1 -1 1 
93 39 Car -1.000000 -1 -1 373.974398 180.87410700000004 435.470441 212.87290900000002 -1 -1 -1 -1 -1 -1 -1 -1 1 
93 40 Car -1.000000 -1 -1 668.5633029999999 175.055004 721.6131549999999 215.561033 -1 -1 -1 -1 -1 -1 -1 -1 1 
94 31 Car -1.000000 -1 -1 754.108853 174.224332 895.792475 288.926451 -1 -1 -1 -1 -1 -1 -1 -1 1 
94 36 Car -1.000000 -1 -1 710.902155 174.11206099999998 817.037266 248.67292799999998 -1 -1 -1 -1 -1 -1 -1 -1 1 
94 37 Car -1.000000 -1 -1 687.678274 175.599212 752.126607 227.296006 -1 -1 -1 -1 -1 -1 -1 -1 1 
94 38 Car -1.000000 -1 -1 655.834951 177.13876800000003 688.665122 204.92395100000002 -1 -1 -1 -1 -1 -1 -1 -1 1 
94 39 Car -1.000000 -1 -1 359.699907 180.755991 425.35475 214.355777 -1 -1 -1 -1 -1 -1 -1 -1 1 
94 40 Car -1.000000 -1 -1 670.440898 175.17057899999998 725.743552 217.09307699999997 -1 -1 -1 -1 -1 -1 -1 -1 1 
95 31 Car -1.000000 -1 -1 764.7971480000001 174.700809 926.4573670000001 301.657518 -1 -1 -1 -1 -1 -1 -1 -1 1 
95 36 Car -1.000000 -1 -1 716.095431 173.758034 831.218708 253.479628 -1 -1 -1 -1 -1 -1 -1 -1 1 
95 37 Car -1.000000 -1 -1 690.7053599999999 175.627362 759.1278489999999 229.721756 -1 -1 -1 -1 -1 -1 -1 -1 1 
95 38 Car -1.000000 -1 -1 656.568131 177.098511 690.395778 205.619588 -1 -1 -1 -1 -1 -1 -1 -1 1 
95 39 Car -1.000000 -1 -1 344.387556 178.136428 414.715019 213.219544 -1 -1 -1 -1 -1 -1 -1 -1 1 
95 40 Car -1.000000 -1 -1 672.4352980000001 175.294545 730.1736810000001 218.736184 -1 -1 -1 -1 -1 -1 -1 -1 1 
96 31 Car -1.000000 -1 -1 777.212753 175.291403 964.458623 317.434421 -1 -1 -1 -1 -1 -1 -1 -1 1 
96 36 Car -1.000000 -1 -1 722.256355 174.118068 847.796411 259.740589 -1 -1 -1 -1 -1 -1 -1 -1 1 
96 37 Car -1.000000 -1 -1 693.979026 175.658252 766.808541 232.383425 -1 -1 -1 -1 -1 -1 -1 -1 1 
96 38 Car -1.000000 -1 -1 657.3380569999999 177.056237 692.2211409999999 206.3533 -1 -1 -1 -1 -1 -1 -1 -1 1 
96 39 Car -1.000000 -1 -1 327.68732 180.466175 403.1587 217.816514 -1 -1 -1 -1 -1 -1 -1 -1 1 
96 40 Car -1.000000 -1 -1 674.557753 175.42784900000004 734.9374 220.50288400000002 -1 -1 -1 -1 -1 -1 -1 -1 1 
97 31 Car -1.000000 -1 -1 792.000892 175.89958399999998 1013.759986 338.01384299999995 -1 -1 -1 -1 -1 -1 -1 -1 1 
97 36 Car -1.000000 -1 -1 729.1714010000001 174.535663 867.0225820000002 267.002632 -1 -1 -1 -1 -1 -1 -1 -1 1 
97 37 Car -1.000000 -1 -1 697.53065 175.692301 775.272675 235.31719 -1 -1 -1 -1 -1 -1 -1 -1 1 
97 38 Car -1.000000 -1 -1 658.224712 177.160531 694.233877 207.291029 -1 -1 -1 -1 -1 -1 -1 -1 1 
97 39 Car -1.000000 -1 -1 308.8820820000001 180.73327999999998 390.29250800000005 220.35304899999997 -1 -1 -1 -1 -1 -1 -1 -1 1 
97 40 Car -1.000000 -1 -1 676.821003 175.57158899999996 740.073863 222.40766899999997 -1 -1 -1 -1 -1 -1 -1 -1 1 
98 31 Car -1.000000 -1 -1 809.716514 176.52140099999997 1079.028746 365.258413 -1 -1 -1 -1 -1 -1 -1 -1 1 
98 36 Car -1.000000 -1 -1 736.9880499999999 175.025822 889.5870159999998 275.526719 -1 -1 -1 -1 -1 -1 -1 -1 1 
98 37 Car -1.000000 -1 -1 701.438664 175.563926 784.053764 238.61571 -1 -1 -1 -1 -1 -1 -1 -1 1 
98 38 Car -1.000000 -1 -1 659.158149 177.270325 696.363144 208.283059 -1 -1 -1 -1 -1 -1 -1 -1 1 
98 39 Car -1.000000 -1 -1 287.679929 181.03012 375.994224 223.212834 -1 -1 -1 -1 -1 -1 -1 -1 1 
98 40 Car -1.000000 -1 -1 679.008256 175.654081 745.302967 224.511201 -1 -1 -1 -1 -1 -1 -1 -1 1 
99 31 Car -1.000000 -1 -1 831.324392 177.282915 1169.227425 369.0 -1 -1 -1 -1 -1 -1 -1 -1 1 
99 36 Car -1.000000 -1 -1 745.894924 175.60925599999996 916.441812 285.673145 -1 -1 -1 -1 -1 -1 -1 -1 1 
99 37 Car -1.000000 -1 -1 705.734735 175.419732 793.916164 242.316316 -1 -1 -1 -1 -1 -1 -1 -1 1 
99 38 Car -1.000000 -1 -1 659.8937189999999 176.55958900000002 698.3453679999999 208.42555000000002 -1 -1 -1 -1 -1 -1 -1 -1 1 
99 39 Car -1.000000 -1 -1 263.591329 181.36195299999997 360.010714 226.46186399999996 -1 -1 -1 -1 -1 -1 -1 -1 1 
99 40 Car -1.000000 -1 -1 681.360755 175.744052 751.005984 226.804478 -1 -1 -1 -1 -1 -1 -1 -1 1 
100 31 Car -1.000000 -1 -1 861.6162300000001 178.266256 1223.0 369.0 -1 -1 -1 -1 -1 -1 -1 -1 1 
100 36 Car -1.000000 -1 -1 756.1372040000001 176.31539000000004 948.9391830000001 297.95377500000006 -1 -1 -1 -1 -1 -1 -1 -1 1 
100 37 Car -1.000000 -1 -1 710.4796290000002 175.25660300000004 805.0727970000002 246.49730300000002 -1 -1 -1 -1 -1 -1 -1 -1 1 
100 38 Car -1.000000 -1 -1 660.670256 175.735499 700.449391 208.576797 -1 -1 -1 -1 -1 -1 -1 -1 1 
100 39 Car -1.000000 -1 -1 236.02450600000003 180.82727600000004 342.263992 229.07387200000002 -1 -1 -1 -1 -1 -1 -1 -1 1 
100 40 Car -1.000000 -1 -1 683.89796 175.842568 757.250399 229.314384 -1 -1 -1 -1 -1 -1 -1 -1 1 
101 31 Car -1.000000 -1 -1 901.1689420000001 179.559173 1223.0 369.0 -1 -1 -1 -1 -1 -1 -1 -1 1 
101 36 Car -1.000000 -1 -1 768.880096 176.44149399999998 992.042223 313.47493299999996 -1 -1 -1 -1 -1 -1 -1 -1 1 
101 37 Car -1.000000 -1 -1 715.7475 175.070546 817.796412 251.258703 -1 -1 -1 -1 -1 -1 -1 -1 1 
101 38 Car -1.000000 -1 -1 661.49128 174.853738 702.686798 208.737632 -1 -1 -1 -1 -1 -1 -1 -1 1 
101 39 Car -1.000000 -1 -1 204.20003399999996 180.222175 322.180523 232.089148 -1 -1 -1 -1 -1 -1 -1 -1 1 
101 40 Car -1.000000 -1 -1 687.1269200000002 176.422128 764.9722440000002 232.713686 -1 -1 -1 -1 -1 -1 -1 -1 1 
102 31 Car -1.000000 -1 -1 954.9956969999998 181.33517000000003 1223.0 369.0 -1 -1 -1 -1 -1 -1 -1 -1 1 
102 36 Car -1.000000 -1 -1 784.0530409999999 176.604152 1047.6248539999997 333.494291 -1 -1 -1 -1 -1 -1 -1 -1 1 
102 37 Car -1.000000 -1 -1 722.208024 176.40394099999997 834.576844 258.66752299999996 -1 -1 -1 -1 -1 -1 -1 -1 1 
102 38 Car -1.000000 -1 -1 662.360725 173.91422599999999 705.07069 208.90899899999997 -1 -1 -1 -1 -1 -1 -1 -1 1 
102 39 Car -1.000000 -1 -1 167.048986 179.53175600000003 299.266256 235.60889700000004 -1 -1 -1 -1 -1 -1 -1 -1 1 
102 40 Car -1.000000 -1 -1 690.649091 176.948281 773.558008 236.491402 -1 -1 -1 -1 -1 -1 -1 -1 1 
103 31 Car -1.000000 -1 -1 1032.524684 184.78143699999998 1223.0 369.0 -1 -1 -1 -1 -1 -1 -1 -1 1 
103 36 Car -1.000000 -1 -1 802.4244080000001 176.80154300000004 1122.0243210000003 360.298667 -1 -1 -1 -1 -1 -1 -1 -1 1 
103 37 Car -1.000000 -1 -1 729.521049 177.63225700000004 854.264839 267.35418200000004 -1 -1 -1 -1 -1 -1 -1 -1 1 
103 38 Car -1.000000 -1 -1 663.4387140000001 174.686686 707.7963760000001 210.867574 -1 -1 -1 -1 -1 -1 -1 -1 1 
103 39 Car -1.000000 -1 -1 124.40040499999999 180.654829 273.812851 242.015458 -1 -1 -1 -1 -1 -1 -1 -1 1 
103 40 Car -1.000000 -1 -1 694.506309 177.52470799999998 783.161268 240.71444599999998 -1 -1 -1 -1 -1 -1 -1 -1 1 
103 42 Car -1.000000 -1 -1 560.244684 171.85079099999996 583.075149 188.69254399999997 -1 -1 -1 -1 -1 -1 -1 -1 1 
104 31 Car -1.000000 -1 -1 1155.8713010000001 187.77554499999997 1223.0000000000002 369.0 -1 -1 -1 -1 -1 -1 -1 -1 1 
104 36 Car -1.000000 -1 -1 825.124663 176.978479 1223.0 369.0 -1 -1 -1 -1 -1 -1 -1 -1 1 
104 37 Car -1.000000 -1 -1 737.867217 179.03463799999997 877.687805 277.68047 -1 -1 -1 -1 -1 -1 -1 -1 1 
104 38 Car -1.000000 -1 -1 664.5844300000001 175.51342 710.7134930000001 212.963741 -1 -1 -1 -1 -1 -1 -1 -1 1 
104 39 Car -1.000000 -1 -1 73.29971799999998 181.959725 244.24023799999998 249.691054 -1 -1 -1 -1 -1 -1 -1 -1 1 
104 40 Car -1.000000 -1 -1 698.748766 178.158977 793.97429 245.466493 -1 -1 -1 -1 -1 -1 -1 -1 1 
104 42 Car -1.000000 -1 -1 555.475674 173.320851 579.250663 190.984313 -1 -1 -1 -1 -1 -1 -1 -1 1 
104 43 Car -1.000000 -1 -1 684.156263 176.709081 747.332235 224.028608 -1 -1 -1 -1 -1 -1 -1 -1 1 
105 31 Car -1.000000 -1 -1 1176.9227926872343 188.6986394082671 1245.449800929858 373.712218676567 -1 -1 -1 -1 -1 -1 -1 -1 1 
105 36 Car -1.000000 -1 -1 853.8881719999999 177.20260800000003 1223.0 369.0 -1 -1 -1 -1 -1 -1 -1 -1 1 
105 37 Car -1.000000 -1 -1 747.4820810000001 180.65090699999996 906.0199880000001 290.158992 -1 -1 -1 -1 -1 -1 -1 -1 1 
105 38 Car -1.000000 -1 -1 665.804461 176.400355 713.842944 215.212525 -1 -1 -1 -1 -1 -1 -1 -1 1 
105 39 Car -1.000000 -1 -1 10.958014000000006 183.494487 209.46045000000004 259.153746 -1 -1 -1 -1 -1 -1 -1 -1 1 
105 40 Car -1.000000 -1 -1 703.4372090000002 178.860254 806.2410470000001 250.853584 -1 -1 -1 -1 -1 -1 -1 -1 1 
105 42 Car -1.000000 -1 -1 550.21647 174.94178400000004 575.063237 193.51204500000003 -1 -1 -1 -1 -1 -1 -1 -1 1 
105 43 Car -1.000000 -1 -1 686.711194 177.711678 753.46546 227.427293 -1 -1 -1 -1 -1 -1 -1 -1 1 
