2 1 Car -1.000000 -1 -1 1096.113377 185.391934 1223.0 236.803249 -1 -1 -1 -1 -1 -1 -1 -1 1 
2 2 Car -1.000000 -1 -1 1031.976706 183.787205 1157.625853 232.562442 -1 -1 -1 -1 -1 -1 -1 -1 1 
2 3 Car -1.000000 -1 -1 952.609817 181.927569 1068.613933 234.490262 -1 -1 -1 -1 -1 -1 -1 -1 1 
2 4 Car -1.000000 -1 -1 602.55594 172.411382 636.774063 202.731062 -1 -1 -1 -1 -1 -1 -1 -1 1 
3 1 Car -1.000000 -1 -1 1096.0995089999997 185.38034800000003 1222.9999999999998 236.79048100000003 -1 -1 -1 -1 -1 -1 -1 -1 1 
3 2 Car -1.000000 -1 -1 1031.980771 183.78830299999998 1157.620424 232.56342799999996 -1 -1 -1 -1 -1 -1 -1 -1 1 
3 3 Car -1.000000 -1 -1 952.612044 181.925923 1068.615098 234.488294 -1 -1 -1 -1 -1 -1 -1 -1 1 
3 4 Car -1.000000 -1 -1 602.555523 172.41308100000003 636.772544 202.73279900000003 -1 -1 -1 -1 -1 -1 -1 -1 1 
4 1 Car -1.000000 -1 -1 1096.0856409999997 185.368762 1222.9999999999998 236.777713 -1 -1 -1 -1 -1 -1 -1 -1 1 
4 2 Car -1.000000 -1 -1 1031.984836 183.789401 1157.614993 232.564414 -1 -1 -1 -1 -1 -1 -1 -1 1 
4 3 Car -1.000000 -1 -1 952.61427 181.924278 1068.616262 234.486327 -1 -1 -1 -1 -1 -1 -1 -1 1 
4 4 Car -1.000000 -1 -1 602.555106 172.41478 636.771024 202.734536 -1 -1 -1 -1 -1 -1 -1 -1 1 
5 1 Car -1.000000 -1 -1 1096.071775 185.35717499999998 1223.0 236.76494399999999 -1 -1 -1 -1 -1 -1 -1 -1 1 
5 2 Car -1.000000 -1 -1 1031.988904 183.790499 1157.60956 232.565399 -1 -1 -1 -1 -1 -1 -1 -1 1 
5 3 Car -1.000000 -1 -1 952.616497 181.922632 1068.617426 234.48436 -1 -1 -1 -1 -1 -1 -1 -1 1 
5 4 Car -1.000000 -1 -1 602.554689 172.416479 636.769504 202.736272 -1 -1 -1 -1 -1 -1 -1 -1 1 
6 1 Car -1.000000 -1 -1 1096.05791 185.345589 1223.0 236.752174 -1 -1 -1 -1 -1 -1 -1 -1 1 
6 2 Car -1.000000 -1 -1 1031.9929730000001 183.791598 1157.6041250000003 232.566384 -1 -1 -1 -1 -1 -1 -1 -1 1 
6 3 Car -1.000000 -1 -1 952.618723 181.92098699999997 1068.61859 234.48239199999998 -1 -1 -1 -1 -1 -1 -1 -1 1 
6 4 Car -1.000000 -1 -1 602.554272 172.418178 636.767984 202.738009 -1 -1 -1 -1 -1 -1 -1 -1 1 
7 1 Car -1.000000 -1 -1 1096.044046 185.334002 1223.0 236.739404 -1 -1 -1 -1 -1 -1 -1 -1 1 
7 2 Car -1.000000 -1 -1 1031.997043 183.792696 1157.598688 232.567369 -1 -1 -1 -1 -1 -1 -1 -1 1 
7 3 Car -1.000000 -1 -1 952.62095 181.919342 1068.619754 234.480425 -1 -1 -1 -1 -1 -1 -1 -1 1 
7 4 Car -1.000000 -1 -1 602.553855 172.419877 636.766465 202.739746 -1 -1 -1 -1 -1 -1 -1 -1 1 
8 1 Car -1.000000 -1 -1 1096.0301829999999 185.32241499999998 1222.9999999999998 236.72663299999996 -1 -1 -1 -1 -1 -1 -1 -1 1 
8 2 Car -1.000000 -1 -1 1032.001115 183.793794 1157.593249 232.568354 -1 -1 -1 -1 -1 -1 -1 -1 1 
8 3 Car -1.000000 -1 -1 952.623177 181.91769600000003 1068.620918 234.47845800000002 -1 -1 -1 -1 -1 -1 -1 -1 1 
8 4 Car -1.000000 -1 -1 602.553437 172.421576 636.764945 202.741483 -1 -1 -1 -1 -1 -1 -1 -1 1 
9 1 Car -1.000000 -1 -1 1096.016321 185.310829 1223.0 236.713861 -1 -1 -1 -1 -1 -1 -1 -1 1 
9 2 Car -1.000000 -1 -1 1032.0051890000002 183.794893 1157.5878070000003 232.569338 -1 -1 -1 -1 -1 -1 -1 -1 1 
9 3 Car -1.000000 -1 -1 952.625403 181.91605100000004 1068.622082 234.47649000000004 -1 -1 -1 -1 -1 -1 -1 -1 1 
9 4 Car -1.000000 -1 -1 602.55302 172.423275 636.763425 202.74322 -1 -1 -1 -1 -1 -1 -1 -1 1 
10 1 Car -1.000000 -1 -1 1096.0024599999997 185.299242 1222.9999999999998 236.701089 -1 -1 -1 -1 -1 -1 -1 -1 1 
10 2 Car -1.000000 -1 -1 1032.009264 183.795991 1157.582363 232.570323 -1 -1 -1 -1 -1 -1 -1 -1 1 
10 3 Car -1.000000 -1 -1 952.62763 181.914406 1068.623246 234.474523 -1 -1 -1 -1 -1 -1 -1 -1 1 
10 4 Car -1.000000 -1 -1 602.552603 172.42497500000002 636.761905 202.74495700000003 -1 -1 -1 -1 -1 -1 -1 -1 1 
11 1 Car -1.000000 -1 -1 1095.988601 185.28765499999997 1223.0 236.68831599999996 -1 -1 -1 -1 -1 -1 -1 -1 1 
11 2 Car -1.000000 -1 -1 1032.01334 183.79708899999997 1157.576917 232.57130699999996 -1 -1 -1 -1 -1 -1 -1 -1 1 
11 3 Car -1.000000 -1 -1 952.6298569999999 181.91276 1068.62441 234.472556 -1 -1 -1 -1 -1 -1 -1 -1 1 
11 4 Car -1.000000 -1 -1 602.5521859999999 172.426674 636.7603849999999 202.746694 -1 -1 -1 -1 -1 -1 -1 -1 1 
12 1 Car -1.000000 -1 -1 1095.9747420000003 185.276067 1223.0000000000002 236.675543 -1 -1 -1 -1 -1 -1 -1 -1 1 
12 2 Car -1.000000 -1 -1 1032.017419 183.79818800000004 1157.571469 232.57229100000004 -1 -1 -1 -1 -1 -1 -1 -1 1 
12 3 Car -1.000000 -1 -1 952.632083 181.911115 1068.625574 234.470588 -1 -1 -1 -1 -1 -1 -1 -1 1 
12 4 Car -1.000000 -1 -1 602.5517689999999 172.428373 636.7588649999999 202.748431 -1 -1 -1 -1 -1 -1 -1 -1 1 
13 1 Car -1.000000 -1 -1 1095.960885 185.26448 1223.0 236.662768 -1 -1 -1 -1 -1 -1 -1 -1 1 
13 2 Car -1.000000 -1 -1 1032.0214979999998 183.799286 1157.5660189999999 232.573275 -1 -1 -1 -1 -1 -1 -1 -1 1 
13 3 Car -1.000000 -1 -1 952.63431 181.90947 1068.626738 234.468621 -1 -1 -1 -1 -1 -1 -1 -1 1 
13 4 Car -1.000000 -1 -1 602.551352 172.430072 636.757346 202.750168 -1 -1 -1 -1 -1 -1 -1 -1 1 
14 1 Car -1.000000 -1 -1 1095.947029 185.25289299999997 1223.0 236.64999399999996 -1 -1 -1 -1 -1 -1 -1 -1 1 
14 2 Car -1.000000 -1 -1 1032.02558 183.800384 1157.560567 232.574259 -1 -1 -1 -1 -1 -1 -1 -1 1 
14 3 Car -1.000000 -1 -1 952.6365370000001 181.907824 1068.6279020000002 234.466654 -1 -1 -1 -1 -1 -1 -1 -1 1 
14 4 Car -1.000000 -1 -1 602.550935 172.431771 636.755826 202.751904 -1 -1 -1 -1 -1 -1 -1 -1 1 
15 1 Car -1.000000 -1 -1 1095.933173 185.241305 1223.0 236.637218 -1 -1 -1 -1 -1 -1 -1 -1 1 
15 2 Car -1.000000 -1 -1 1032.029663 183.80148299999996 1157.555112 232.57524299999997 -1 -1 -1 -1 -1 -1 -1 -1 1 
15 3 Car -1.000000 -1 -1 952.638764 181.906179 1068.629066 234.464686 -1 -1 -1 -1 -1 -1 -1 -1 1 
15 4 Car -1.000000 -1 -1 602.550518 172.43347 636.754306 202.753641 -1 -1 -1 -1 -1 -1 -1 -1 1 
16 1 Car -1.000000 -1 -1 1095.919319 185.229717 1223.0 236.624442 -1 -1 -1 -1 -1 -1 -1 -1 1 
16 2 Car -1.000000 -1 -1 1032.033747 183.802581 1157.549655 232.576227 -1 -1 -1 -1 -1 -1 -1 -1 1 
16 3 Car -1.000000 -1 -1 952.6409900000001 181.90453300000001 1068.6302300000002 234.46271900000002 -1 -1 -1 -1 -1 -1 -1 -1 1 
16 4 Car -1.000000 -1 -1 602.550101 172.43516900000003 636.752786 202.75537800000004 -1 -1 -1 -1 -1 -1 -1 -1 1 
17 1 Car -1.000000 -1 -1 1095.905467 185.218129 1223.0 236.611665 -1 -1 -1 -1 -1 -1 -1 -1 1 
17 2 Car -1.000000 -1 -1 1032.037833 183.80368 1157.544196 232.57721 -1 -1 -1 -1 -1 -1 -1 -1 1 
17 3 Car -1.000000 -1 -1 952.643217 181.90288800000002 1068.631394 234.46075200000004 -1 -1 -1 -1 -1 -1 -1 -1 1 
17 4 Car -1.000000 -1 -1 602.5496839999998 172.436868 636.7512659999999 202.757115 -1 -1 -1 -1 -1 -1 -1 -1 1 
18 1 Car -1.000000 -1 -1 1095.891615 185.20654100000002 1223.0 236.59888800000002 -1 -1 -1 -1 -1 -1 -1 -1 1 
18 2 Car -1.000000 -1 -1 1032.0419199999997 183.804778 1157.5387349999999 232.578193 -1 -1 -1 -1 -1 -1 -1 -1 1 
18 3 Car -1.000000 -1 -1 952.645444 181.901243 1068.632558 234.458785 -1 -1 -1 -1 -1 -1 -1 -1 1 
18 4 Car -1.000000 -1 -1 602.5492669999999 172.43856699999998 636.7497459999998 202.75885199999996 -1 -1 -1 -1 -1 -1 -1 -1 1 
19 1 Car -1.000000 -1 -1 1095.8777639999998 185.194953 1222.9999999999998 236.58611 -1 -1 -1 -1 -1 -1 -1 -1 1 
19 2 Car -1.000000 -1 -1 1032.046009 183.805877 1157.533272 232.579176 -1 -1 -1 -1 -1 -1 -1 -1 1 
19 3 Car -1.000000 -1 -1 952.647671 181.89959699999997 1068.633722 234.45681699999997 -1 -1 -1 -1 -1 -1 -1 -1 1 
19 4 Car -1.000000 -1 -1 602.54885 172.440266 636.748226 202.760589 -1 -1 -1 -1 -1 -1 -1 -1 1 
20 1 Car -1.000000 -1 -1 1095.863915 185.18336500000004 1223.0 236.57333100000002 -1 -1 -1 -1 -1 -1 -1 -1 1 
20 2 Car -1.000000 -1 -1 1032.0501 183.806975 1157.527807 232.580159 -1 -1 -1 -1 -1 -1 -1 -1 1 
20 3 Car -1.000000 -1 -1 952.649897 181.897952 1068.634885 234.45485 -1 -1 -1 -1 -1 -1 -1 -1 1 
20 4 Car -1.000000 -1 -1 602.548433 172.441965 636.746706 202.762326 -1 -1 -1 -1 -1 -1 -1 -1 1 
21 1 Car -1.000000 -1 -1 1095.850066 185.171776 1223.0 236.560551 -1 -1 -1 -1 -1 -1 -1 -1 1 
21 2 Car -1.000000 -1 -1 1032.054192 183.80807400000003 1157.522339 232.58114200000003 -1 -1 -1 -1 -1 -1 -1 -1 1 
21 3 Car -1.000000 -1 -1 952.652124 181.896307 1068.636049 234.452883 -1 -1 -1 -1 -1 -1 -1 -1 1 
21 4 Car -1.000000 -1 -1 602.548016 172.443664 636.745186 202.764063 -1 -1 -1 -1 -1 -1 -1 -1 1 
22 1 Car -1.000000 -1 -1 1095.8362189999998 185.160188 1222.9999999999998 236.547771 -1 -1 -1 -1 -1 -1 -1 -1 1 
22 2 Car -1.000000 -1 -1 1032.058286 183.809173 1157.516869 232.582124 -1 -1 -1 -1 -1 -1 -1 -1 1 
22 3 Car -1.000000 -1 -1 952.6543510000001 181.89466100000004 1068.637213 234.45091500000004 -1 -1 -1 -1 -1 -1 -1 -1 1 
22 4 Car -1.000000 -1 -1 602.547599 172.445363 636.743666 202.7658 -1 -1 -1 -1 -1 -1 -1 -1 1 
23 1 Car -1.000000 -1 -1 1095.822373 185.148599 1223.0 236.534991 -1 -1 -1 -1 -1 -1 -1 -1 1 
23 2 Car -1.000000 -1 -1 1032.062381 183.810271 1157.511397 232.583107 -1 -1 -1 -1 -1 -1 -1 -1 1 
23 3 Car -1.000000 -1 -1 952.6565779999999 181.893016 1068.6383769999998 234.448948 -1 -1 -1 -1 -1 -1 -1 -1 1 
23 4 Car -1.000000 -1 -1 602.547182 172.447063 636.742146 202.767537 -1 -1 -1 -1 -1 -1 -1 -1 1 
24 1 Car -1.000000 -1 -1 1095.808528 185.137011 1223.0 236.522209 -1 -1 -1 -1 -1 -1 -1 -1 1 
24 2 Car -1.000000 -1 -1 1032.066478 183.81137 1157.505923 232.584089 -1 -1 -1 -1 -1 -1 -1 -1 1 
24 3 Car -1.000000 -1 -1 952.658805 181.891371 1068.63954 234.446981 -1 -1 -1 -1 -1 -1 -1 -1 1 
24 4 Car -1.000000 -1 -1 602.546765 172.448762 636.740626 202.769274 -1 -1 -1 -1 -1 -1 -1 -1 1 
25 1 Car -1.000000 -1 -1 1095.794684 185.125422 1223.0 236.509427 -1 -1 -1 -1 -1 -1 -1 -1 1 
25 2 Car -1.000000 -1 -1 1032.070576 183.812469 1157.500447 232.585071 -1 -1 -1 -1 -1 -1 -1 -1 1 
25 3 Car -1.000000 -1 -1 952.6610310000001 181.889725 1068.640704 234.445014 -1 -1 -1 -1 -1 -1 -1 -1 1 
25 4 Car -1.000000 -1 -1 602.546349 172.45046099999996 636.739106 202.77101099999996 -1 -1 -1 -1 -1 -1 -1 -1 1 
26 1 Car -1.000000 -1 -1 1095.7808409999998 185.113833 1222.9999999999998 236.496645 -1 -1 -1 -1 -1 -1 -1 -1 1 
26 2 Car -1.000000 -1 -1 1032.074676 183.81356700000003 1157.494969 232.58605300000002 -1 -1 -1 -1 -1 -1 -1 -1 1 
26 3 Car -1.000000 -1 -1 952.663258 181.88808 1068.641868 234.443046 -1 -1 -1 -1 -1 -1 -1 -1 1 
26 4 Car -1.000000 -1 -1 602.545932 172.45216 636.737586 202.772747 -1 -1 -1 -1 -1 -1 -1 -1 1 
27 1 Car -1.000000 -1 -1 1095.766999 185.102243 1223.0 236.483861 -1 -1 -1 -1 -1 -1 -1 -1 1 
27 2 Car -1.000000 -1 -1 1032.078778 183.814666 1157.489488 232.587035 -1 -1 -1 -1 -1 -1 -1 -1 1 
27 3 Car -1.000000 -1 -1 952.665485 181.886435 1068.643031 234.441079 -1 -1 -1 -1 -1 -1 -1 -1 1 
27 4 Car -1.000000 -1 -1 602.545515 172.453859 636.736066 202.774484 -1 -1 -1 -1 -1 -1 -1 -1 1 
28 1 Car -1.000000 -1 -1 1095.753159 185.090654 1223.0 236.471077 -1 -1 -1 -1 -1 -1 -1 -1 1 
28 2 Car -1.000000 -1 -1 1032.082881 183.815765 1157.484005 232.588016 -1 -1 -1 -1 -1 -1 -1 -1 1 
28 3 Car -1.000000 -1 -1 952.6677120000002 181.884789 1068.6441950000003 234.439112 -1 -1 -1 -1 -1 -1 -1 -1 1 
28 4 Car -1.000000 -1 -1 602.545098 172.455558 636.734546 202.776221 -1 -1 -1 -1 -1 -1 -1 -1 1 
29 1 Car -1.000000 -1 -1 1095.7393190000003 185.079065 1223.0000000000002 236.458293 -1 -1 -1 -1 -1 -1 -1 -1 1 
29 2 Car -1.000000 -1 -1 1032.0869849999997 183.816863 1157.4785199999997 232.588998 -1 -1 -1 -1 -1 -1 -1 -1 1 
29 3 Car -1.000000 -1 -1 952.6699389999999 181.88314400000002 1068.645359 234.43714400000002 -1 -1 -1 -1 -1 -1 -1 -1 1 
29 4 Car -1.000000 -1 -1 602.544681 172.45725700000003 636.733026 202.77795800000004 -1 -1 -1 -1 -1 -1 -1 -1 1 
30 1 Car -1.000000 -1 -1 1095.725481 185.067475 1223.0 236.445508 -1 -1 -1 -1 -1 -1 -1 -1 1 
30 2 Car -1.000000 -1 -1 1032.091091 183.817962 1157.473033 232.589979 -1 -1 -1 -1 -1 -1 -1 -1 1 
30 3 Car -1.000000 -1 -1 952.6721659999998 181.88149800000002 1068.646522 234.43517700000004 -1 -1 -1 -1 -1 -1 -1 -1 1 
30 4 Car -1.000000 -1 -1 602.544264 172.458957 636.731506 202.779695 -1 -1 -1 -1 -1 -1 -1 -1 1 
31 1 Car -1.000000 -1 -1 1095.711644 185.055885 1223.0 236.432722 -1 -1 -1 -1 -1 -1 -1 -1 1 
31 2 Car -1.000000 -1 -1 1032.0951990000003 183.81906100000003 1157.4675440000003 232.59096000000002 -1 -1 -1 -1 -1 -1 -1 -1 1 
31 3 Car -1.000000 -1 -1 952.674393 181.879853 1068.647686 234.43321 -1 -1 -1 -1 -1 -1 -1 -1 1 
31 4 Car -1.000000 -1 -1 602.5438470000001 172.46065599999997 636.7299860000002 202.78143199999997 -1 -1 -1 -1 -1 -1 -1 -1 1 
32 1 Car -1.000000 -1 -1 1095.697808 185.04429600000003 1223.0 236.41993500000004 -1 -1 -1 -1 -1 -1 -1 -1 1 
32 2 Car -1.000000 -1 -1 1032.099308 183.82016 1157.462053 232.591941 -1 -1 -1 -1 -1 -1 -1 -1 1 
32 3 Car -1.000000 -1 -1 952.67662 181.87820799999997 1068.648849 234.43124299999997 -1 -1 -1 -1 -1 -1 -1 -1 1 
32 4 Car -1.000000 -1 -1 602.54343 172.462355 636.728466 202.783169 -1 -1 -1 -1 -1 -1 -1 -1 1 
33 1 Car -1.000000 -1 -1 1095.6839730000002 185.03270599999996 1223.0000000000002 236.40714799999998 -1 -1 -1 -1 -1 -1 -1 -1 1 
33 2 Car -1.000000 -1 -1 1032.103419 183.821258 1157.456559 232.592922 -1 -1 -1 -1 -1 -1 -1 -1 1 
33 3 Car -1.000000 -1 -1 952.6788470000001 181.876562 1068.650013 234.429275 -1 -1 -1 -1 -1 -1 -1 -1 1 
33 4 Car -1.000000 -1 -1 602.543013 172.464054 636.726946 202.784906 -1 -1 -1 -1 -1 -1 -1 -1 1 
34 1 Car -1.000000 -1 -1 1095.6701389999998 185.021115 1222.9999999999998 236.39436 -1 -1 -1 -1 -1 -1 -1 -1 1 
34 2 Car -1.000000 -1 -1 1032.107531 183.822357 1157.451063 232.593903 -1 -1 -1 -1 -1 -1 -1 -1 1 
34 3 Car -1.000000 -1 -1 952.681073 181.874917 1068.651176 234.427308 -1 -1 -1 -1 -1 -1 -1 -1 1 
34 4 Car -1.000000 -1 -1 602.542596 172.465753 636.725426 202.786643 -1 -1 -1 -1 -1 -1 -1 -1 1 
35 1 Car -1.000000 -1 -1 1095.6563059999999 185.009525 1222.9999999999998 236.381572 -1 -1 -1 -1 -1 -1 -1 -1 1 
35 2 Car -1.000000 -1 -1 1032.111645 183.823456 1157.445565 232.594883 -1 -1 -1 -1 -1 -1 -1 -1 1 
35 3 Car -1.000000 -1 -1 952.6833000000001 181.873272 1068.65234 234.425341 -1 -1 -1 -1 -1 -1 -1 -1 1 
35 4 Car -1.000000 -1 -1 602.542179 172.467453 636.723906 202.78838 -1 -1 -1 -1 -1 -1 -1 -1 1 
36 1 Car -1.000000 -1 -1 1095.642475 184.99793499999998 1223.0 236.36878299999998 -1 -1 -1 -1 -1 -1 -1 -1 1 
36 2 Car -1.000000 -1 -1 1032.11576 183.82455500000003 1157.440065 232.59586300000004 -1 -1 -1 -1 -1 -1 -1 -1 1 
36 3 Car -1.000000 -1 -1 952.6855270000001 181.871626 1068.653503 234.423374 -1 -1 -1 -1 -1 -1 -1 -1 1 
36 4 Car -1.000000 -1 -1 602.541762 172.469152 636.722386 202.790117 -1 -1 -1 -1 -1 -1 -1 -1 1 
37 1 Car -1.000000 -1 -1 1095.628644 184.98634400000003 1223.0 236.35599300000004 -1 -1 -1 -1 -1 -1 -1 -1 1 
37 2 Car -1.000000 -1 -1 1032.1198769999999 183.825654 1157.4345629999998 232.596843 -1 -1 -1 -1 -1 -1 -1 -1 1 
37 3 Car -1.000000 -1 -1 952.687754 181.869981 1068.654667 234.421406 -1 -1 -1 -1 -1 -1 -1 -1 1 
37 4 Car -1.000000 -1 -1 602.541345 172.47085099999998 636.720866 202.79185399999997 -1 -1 -1 -1 -1 -1 -1 -1 1 
38 1 Car -1.000000 -1 -1 1095.614815 184.974754 1223.0 236.343202 -1 -1 -1 -1 -1 -1 -1 -1 1 
38 2 Car -1.000000 -1 -1 1032.123995 183.826753 1157.429059 232.597823 -1 -1 -1 -1 -1 -1 -1 -1 1 
38 3 Car -1.000000 -1 -1 952.689981 181.868336 1068.65583 234.419439 -1 -1 -1 -1 -1 -1 -1 -1 1 
38 4 Car -1.000000 -1 -1 602.5409279999999 172.47255 636.7193449999999 202.793591 -1 -1 -1 -1 -1 -1 -1 -1 1 
39 1 Car -1.000000 -1 -1 1095.6009869999998 184.963163 1222.9999999999998 236.330411 -1 -1 -1 -1 -1 -1 -1 -1 1 
39 2 Car -1.000000 -1 -1 1032.128115 183.827852 1157.423552 232.598803 -1 -1 -1 -1 -1 -1 -1 -1 1 
39 3 Car -1.000000 -1 -1 952.692208 181.86669 1068.656994 234.417472 -1 -1 -1 -1 -1 -1 -1 -1 1 
39 4 Car -1.000000 -1 -1 602.5405109999999 172.474249 636.7178249999998 202.795328 -1 -1 -1 -1 -1 -1 -1 -1 1 
40 1 Car -1.000000 -1 -1 1095.587159 184.951572 1223.0 236.317619 -1 -1 -1 -1 -1 -1 -1 -1 1 
40 2 Car -1.000000 -1 -1 1032.132237 183.82895099999996 1157.418043 232.59978299999997 -1 -1 -1 -1 -1 -1 -1 -1 1 
40 3 Car -1.000000 -1 -1 952.6944350000001 181.865045 1068.6581570000003 234.415505 -1 -1 -1 -1 -1 -1 -1 -1 1 
40 4 Car -1.000000 -1 -1 602.540095 172.475949 636.716305 202.797065 -1 -1 -1 -1 -1 -1 -1 -1 1 
41 1 Car -1.000000 -1 -1 1095.5733330000003 184.939981 1223.0000000000002 236.304827 -1 -1 -1 -1 -1 -1 -1 -1 1 
41 2 Car -1.000000 -1 -1 1032.13636 183.83005 1157.412532 232.600762 -1 -1 -1 -1 -1 -1 -1 -1 1 
41 3 Car -1.000000 -1 -1 952.6966620000001 181.8634 1068.65932 234.413538 -1 -1 -1 -1 -1 -1 -1 -1 1 
41 4 Car -1.000000 -1 -1 602.539678 172.477648 636.714785 202.798802 -1 -1 -1 -1 -1 -1 -1 -1 1 
42 1 Car -1.000000 -1 -1 1095.5595089999997 184.92838999999998 1222.9999999999998 236.29203399999997 -1 -1 -1 -1 -1 -1 -1 -1 1 
42 2 Car -1.000000 -1 -1 1032.140485 183.83114900000004 1157.407019 232.60174200000003 -1 -1 -1 -1 -1 -1 -1 -1 1 
42 3 Car -1.000000 -1 -1 952.698889 181.861754 1068.660484 234.41157 -1 -1 -1 -1 -1 -1 -1 -1 1 
42 4 Car -1.000000 -1 -1 602.539261 172.479347 636.713265 202.800539 -1 -1 -1 -1 -1 -1 -1 -1 1 
43 1 Car -1.000000 -1 -1 1095.545685 184.916799 1223.0 236.27924 -1 -1 -1 -1 -1 -1 -1 -1 1 
43 2 Car -1.000000 -1 -1 1032.1446110000002 183.832248 1157.4015040000002 232.602721 -1 -1 -1 -1 -1 -1 -1 -1 1 
43 3 Car -1.000000 -1 -1 952.701116 181.86010900000002 1068.661647 234.40960300000003 -1 -1 -1 -1 -1 -1 -1 -1 1 
43 4 Car -1.000000 -1 -1 602.538844 172.481046 636.711745 202.802276 -1 -1 -1 -1 -1 -1 -1 -1 1 
44 1 Car -1.000000 -1 -1 1095.5318619999998 184.905207 1222.9999999999998 236.266446 -1 -1 -1 -1 -1 -1 -1 -1 1 
44 2 Car -1.000000 -1 -1 1032.148738 183.833347 1157.395987 232.6037 -1 -1 -1 -1 -1 -1 -1 -1 1 
44 3 Car -1.000000 -1 -1 952.7033429999999 181.858464 1068.6628099999998 234.407636 -1 -1 -1 -1 -1 -1 -1 -1 1 
44 4 Car -1.000000 -1 -1 602.538427 172.48274599999996 636.710224 202.80401299999997 -1 -1 -1 -1 -1 -1 -1 -1 1 
45 1 Car -1.000000 -1 -1 1095.5180410000003 184.893616 1223.0000000000002 236.253651 -1 -1 -1 -1 -1 -1 -1 -1 1 
45 2 Car -1.000000 -1 -1 1032.152868 183.834446 1157.390467 232.604679 -1 -1 -1 -1 -1 -1 -1 -1 1 
45 3 Car -1.000000 -1 -1 952.7055699999999 181.85681799999998 1068.6639729999997 234.40566899999996 -1 -1 -1 -1 -1 -1 -1 -1 1 
45 4 Car -1.000000 -1 -1 602.53801 172.484445 636.708704 202.80575 -1 -1 -1 -1 -1 -1 -1 -1 1 
46 1 Car -1.000000 -1 -1 1095.5042199999998 184.882024 1222.9999999999998 236.240855 -1 -1 -1 -1 -1 -1 -1 -1 1 
46 2 Car -1.000000 -1 -1 1032.156998 183.83554499999997 1157.384945 232.60565799999998 -1 -1 -1 -1 -1 -1 -1 -1 1 
46 3 Car -1.000000 -1 -1 952.707797 181.85517299999998 1068.665137 234.40370199999998 -1 -1 -1 -1 -1 -1 -1 -1 1 
46 4 Car -1.000000 -1 -1 602.537593 172.486144 636.707184 202.807487 -1 -1 -1 -1 -1 -1 -1 -1 1 
47 1 Car -1.000000 -1 -1 1095.490401 184.870432 1223.0 236.228059 -1 -1 -1 -1 -1 -1 -1 -1 1 
47 2 Car -1.000000 -1 -1 1032.1611310000003 183.836644 1157.3794210000003 232.606636 -1 -1 -1 -1 -1 -1 -1 -1 1 
47 3 Car -1.000000 -1 -1 952.710024 181.853528 1068.6663 234.401734 -1 -1 -1 -1 -1 -1 -1 -1 1 
47 4 Car -1.000000 -1 -1 602.537176 172.487843 636.705664 202.809224 -1 -1 -1 -1 -1 -1 -1 -1 1 
48 1 Car -1.000000 -1 -1 1095.4765829999997 184.85884 1222.9999999999998 236.215262 -1 -1 -1 -1 -1 -1 -1 -1 1 
48 2 Car -1.000000 -1 -1 1032.1652650000003 183.837743 1157.3738950000002 232.607615 -1 -1 -1 -1 -1 -1 -1 -1 1 
48 3 Car -1.000000 -1 -1 952.712252 181.851882 1068.667463 234.399767 -1 -1 -1 -1 -1 -1 -1 -1 1 
48 4 Car -1.000000 -1 -1 602.53676 172.489543 636.704143 202.810961 -1 -1 -1 -1 -1 -1 -1 -1 1 
49 1 Car -1.000000 -1 -1 1095.462766 184.847248 1223.0 236.202464 -1 -1 -1 -1 -1 -1 -1 -1 1 
49 2 Car -1.000000 -1 -1 1032.1693999999998 183.838842 1157.3683669999998 232.608593 -1 -1 -1 -1 -1 -1 -1 -1 1 
49 3 Car -1.000000 -1 -1 952.714479 181.850237 1068.668626 234.3978 -1 -1 -1 -1 -1 -1 -1 -1 1 
49 4 Car -1.000000 -1 -1 602.536343 172.491242 636.702623 202.812698 -1 -1 -1 -1 -1 -1 -1 -1 1 
50 1 Car -1.000000 -1 -1 1095.44895 184.83565599999997 1223.0 236.18966599999996 -1 -1 -1 -1 -1 -1 -1 -1 1 
50 2 Car -1.000000 -1 -1 1032.173537 183.839941 1157.362837 232.609571 -1 -1 -1 -1 -1 -1 -1 -1 1 
50 3 Car -1.000000 -1 -1 952.7167060000002 181.848592 1068.669789 234.395833 -1 -1 -1 -1 -1 -1 -1 -1 1 
50 4 Car -1.000000 -1 -1 602.535926 172.49294099999997 636.701103 202.81443499999997 -1 -1 -1 -1 -1 -1 -1 -1 1 
51 1 Car -1.000000 -1 -1 1095.4351349999997 184.824064 1222.9999999999998 236.176867 -1 -1 -1 -1 -1 -1 -1 -1 1 
51 2 Car -1.000000 -1 -1 1032.1776760000002 183.84104100000002 1157.3573040000003 232.61054900000002 -1 -1 -1 -1 -1 -1 -1 -1 1 
51 3 Car -1.000000 -1 -1 952.7189329999999 181.846946 1068.6709529999998 234.393866 -1 -1 -1 -1 -1 -1 -1 -1 1 
51 4 Car -1.000000 -1 -1 602.535509 172.49464 636.699583 202.816172 -1 -1 -1 -1 -1 -1 -1 -1 1 
52 1 Car -1.000000 -1 -1 1095.4213220000001 184.81247100000002 1223.0000000000002 236.16406800000001 -1 -1 -1 -1 -1 -1 -1 -1 1 
52 2 Car -1.000000 -1 -1 1032.181816 183.84214 1157.351769 232.611526 -1 -1 -1 -1 -1 -1 -1 -1 1 
52 3 Car -1.000000 -1 -1 952.72116 181.845301 1068.672116 234.391898 -1 -1 -1 -1 -1 -1 -1 -1 1 
52 4 Car -1.000000 -1 -1 602.535092 172.49634000000003 636.698062 202.81790900000001 -1 -1 -1 -1 -1 -1 -1 -1 1 
53 1 Car -1.000000 -1 -1 1095.407509 184.800879 1223.0 236.151268 -1 -1 -1 -1 -1 -1 -1 -1 1 
53 2 Car -1.000000 -1 -1 1032.185957 183.84323899999998 1157.346232 232.61250399999997 -1 -1 -1 -1 -1 -1 -1 -1 1 
53 3 Car -1.000000 -1 -1 952.723387 181.843656 1068.673279 234.389931 -1 -1 -1 -1 -1 -1 -1 -1 1 
53 4 Car -1.000000 -1 -1 602.534675 172.498039 636.696542 202.819646 -1 -1 -1 -1 -1 -1 -1 -1 1 
54 1 Car -1.000000 -1 -1 1095.3936979999999 184.789286 1222.9999999999998 236.138467 -1 -1 -1 -1 -1 -1 -1 -1 1 
54 2 Car -1.000000 -1 -1 1032.1900999999998 183.844338 1157.3406929999999 232.613481 -1 -1 -1 -1 -1 -1 -1 -1 1 
54 3 Car -1.000000 -1 -1 952.725614 181.84200999999996 1068.674442 234.38796399999998 -1 -1 -1 -1 -1 -1 -1 -1 1 
54 4 Car -1.000000 -1 -1 602.534259 172.499738 636.695022 202.821383 -1 -1 -1 -1 -1 -1 -1 -1 1 
55 1 Car -1.000000 -1 -1 1095.379887 184.777693 1223.0 236.125665 -1 -1 -1 -1 -1 -1 -1 -1 1 
55 2 Car -1.000000 -1 -1 1032.1942450000001 183.845437 1157.3351520000003 232.614459 -1 -1 -1 -1 -1 -1 -1 -1 1 
55 3 Car -1.000000 -1 -1 952.7278409999999 181.840365 1068.675605 234.385997 -1 -1 -1 -1 -1 -1 -1 -1 1 
55 4 Car -1.000000 -1 -1 602.533842 172.501438 636.693501 202.82312 -1 -1 -1 -1 -1 -1 -1 -1 1 
56 1 Car -1.000000 -1 -1 1095.366078 184.7661 1223.0 236.112863 -1 -1 -1 -1 -1 -1 -1 -1 1 
56 2 Car -1.000000 -1 -1 1032.198391 183.846537 1157.329609 232.615436 -1 -1 -1 -1 -1 -1 -1 -1 1 
56 3 Car -1.000000 -1 -1 952.7300680000001 181.83872000000002 1068.6767680000003 234.38403000000002 -1 -1 -1 -1 -1 -1 -1 -1 1 
56 4 Car -1.000000 -1 -1 602.533425 172.50313699999998 636.691981 202.82485699999998 -1 -1 -1 -1 -1 -1 -1 -1 1 
57 1 Car -1.000000 -1 -1 1095.3522700000003 184.754507 1223.0000000000002 236.10006 -1 -1 -1 -1 -1 -1 -1 -1 1 
57 2 Car -1.000000 -1 -1 1032.202539 183.847636 1157.324063 232.616413 -1 -1 -1 -1 -1 -1 -1 -1 1 
57 3 Car -1.000000 -1 -1 952.7322959999999 181.837074 1068.677931 234.382063 -1 -1 -1 -1 -1 -1 -1 -1 1 
57 4 Car -1.000000 -1 -1 602.5330080000001 172.504836 636.6904600000001 202.826594 -1 -1 -1 -1 -1 -1 -1 -1 1 
58 1 Car -1.000000 -1 -1 1095.338463 184.742914 1223.0 236.087257 -1 -1 -1 -1 -1 -1 -1 -1 1 
58 2 Car -1.000000 -1 -1 1032.206688 183.84873500000003 1157.318516 232.61738900000003 -1 -1 -1 -1 -1 -1 -1 -1 1 
58 3 Car -1.000000 -1 -1 952.7345230000001 181.835429 1068.679094 234.380096 -1 -1 -1 -1 -1 -1 -1 -1 1 
58 4 Car -1.000000 -1 -1 602.5325910000001 172.50653600000004 636.6889400000001 202.82833100000002 -1 -1 -1 -1 -1 -1 -1 -1 1 
59 1 Car -1.000000 -1 -1 1095.324658 184.73132000000004 1223.0 236.07445300000003 -1 -1 -1 -1 -1 -1 -1 -1 1 
59 2 Car -1.000000 -1 -1 1032.210839 183.849835 1157.312966 232.618366 -1 -1 -1 -1 -1 -1 -1 -1 1 
59 3 Car -1.000000 -1 -1 952.73675 181.83378399999998 1068.680257 234.37812799999998 -1 -1 -1 -1 -1 -1 -1 -1 1 
59 4 Car -1.000000 -1 -1 602.5321740000002 172.508235 636.6874200000001 202.830068 -1 -1 -1 -1 -1 -1 -1 -1 1 
60 1 Car -1.000000 -1 -1 1095.310853 184.71972700000003 1223.0 236.06164800000002 -1 -1 -1 -1 -1 -1 -1 -1 1 
60 2 Car -1.000000 -1 -1 1032.214991 183.850934 1157.307414 232.619343 -1 -1 -1 -1 -1 -1 -1 -1 1 
60 3 Car -1.000000 -1 -1 952.738977 181.832138 1068.68142 234.376161 -1 -1 -1 -1 -1 -1 -1 -1 1 
60 4 Car -1.000000 -1 -1 602.531758 172.509934 636.685899 202.831805 -1 -1 -1 -1 -1 -1 -1 -1 1 
61 1 Car -1.000000 -1 -1 1095.2970489999998 184.708133 1222.9999999999998 236.048843 -1 -1 -1 -1 -1 -1 -1 -1 1 
61 2 Car -1.000000 -1 -1 1032.219145 183.852033 1157.30186 232.620319 -1 -1 -1 -1 -1 -1 -1 -1 1 
61 3 Car -1.000000 -1 -1 952.7412040000002 181.830493 1068.6825830000002 234.374194 -1 -1 -1 -1 -1 -1 -1 -1 1 
61 4 Car -1.000000 -1 -1 602.5313410000001 172.511634 636.6843790000001 202.833542 -1 -1 -1 -1 -1 -1 -1 -1 1 
62 1 Car -1.000000 -1 -1 1095.2832470000003 184.696539 1223.0000000000002 236.036037 -1 -1 -1 -1 -1 -1 -1 -1 1 
62 2 Car -1.000000 -1 -1 1032.223301 183.853133 1157.296303 232.621295 -1 -1 -1 -1 -1 -1 -1 -1 1 
62 3 Car -1.000000 -1 -1 952.743432 181.828848 1068.683746 234.372227 -1 -1 -1 -1 -1 -1 -1 -1 1 
62 4 Car -1.000000 -1 -1 602.5309240000001 172.513333 636.6828590000001 202.835279 -1 -1 -1 -1 -1 -1 -1 -1 1 
63 1 Car -1.000000 -1 -1 1095.269446 184.68494499999997 1223.0 236.02322999999998 -1 -1 -1 -1 -1 -1 -1 -1 1 
63 2 Car -1.000000 -1 -1 1032.227458 183.85423199999997 1157.290745 232.62227099999998 -1 -1 -1 -1 -1 -1 -1 -1 1 
63 3 Car -1.000000 -1 -1 952.745659 181.827202 1068.684908 234.37026 -1 -1 -1 -1 -1 -1 -1 -1 1 
63 4 Car -1.000000 -1 -1 602.530507 172.51503199999996 636.681338 202.83701599999998 -1 -1 -1 -1 -1 -1 -1 -1 1 
64 1 Car -1.000000 -1 -1 1095.2556450000002 184.67335099999997 1223.0000000000002 236.01042299999997 -1 -1 -1 -1 -1 -1 -1 -1 1 
64 2 Car -1.000000 -1 -1 1032.231616 183.85533199999998 1157.285184 232.62324699999996 -1 -1 -1 -1 -1 -1 -1 -1 1 
64 3 Car -1.000000 -1 -1 952.747886 181.825557 1068.686071 234.368293 -1 -1 -1 -1 -1 -1 -1 -1 1 
64 4 Car -1.000000 -1 -1 602.53009 172.516732 636.679818 202.838753 -1 -1 -1 -1 -1 -1 -1 -1 1 
65 1 Car -1.000000 -1 -1 1095.241846 184.66175699999997 1223.0 235.99761499999997 -1 -1 -1 -1 -1 -1 -1 -1 1 
65 2 Car -1.000000 -1 -1 1032.235776 183.856431 1157.279621 232.624222 -1 -1 -1 -1 -1 -1 -1 -1 1 
65 3 Car -1.000000 -1 -1 952.750113 181.823912 1068.687234 234.366326 -1 -1 -1 -1 -1 -1 -1 -1 1 
65 4 Car -1.000000 -1 -1 602.529674 172.51843100000002 636.678297 202.84049000000002 -1 -1 -1 -1 -1 -1 -1 -1 1 
66 1 Car -1.000000 -1 -1 1095.228049 184.65016299999996 1223.0 235.98480599999996 -1 -1 -1 -1 -1 -1 -1 -1 1 
66 2 Car -1.000000 -1 -1 1032.239938 183.857531 1157.274056 232.625198 -1 -1 -1 -1 -1 -1 -1 -1 1 
66 3 Car -1.000000 -1 -1 952.7523409999999 181.822266 1068.688397 234.364358 -1 -1 -1 -1 -1 -1 -1 -1 1 
66 4 Car -1.000000 -1 -1 602.529257 172.520131 636.676777 202.842227 -1 -1 -1 -1 -1 -1 -1 -1 1 
67 1 Car -1.000000 -1 -1 1095.2142519999998 184.63856799999996 1222.9999999999998 235.97199699999996 -1 -1 -1 -1 -1 -1 -1 -1 1 
67 2 Car -1.000000 -1 -1 1032.2441010000002 183.85863 1157.2684890000003 232.626173 -1 -1 -1 -1 -1 -1 -1 -1 1 
67 3 Car -1.000000 -1 -1 952.7545680000001 181.82062099999996 1068.6895600000003 234.36239099999997 -1 -1 -1 -1 -1 -1 -1 -1 1 
67 4 Car -1.000000 -1 -1 602.52884 172.52183 636.675256 202.843964 -1 -1 -1 -1 -1 -1 -1 -1 1 
68 1 Car -1.000000 -1 -1 1095.200456 184.62697399999996 1223.0 235.95918699999996 -1 -1 -1 -1 -1 -1 -1 -1 1 
68 2 Car -1.000000 -1 -1 1032.248266 183.85973 1157.26292 232.627148 -1 -1 -1 -1 -1 -1 -1 -1 1 
68 3 Car -1.000000 -1 -1 952.756795 181.818976 1068.690722 234.360424 -1 -1 -1 -1 -1 -1 -1 -1 1 
68 4 Car -1.000000 -1 -1 602.528423 172.523529 636.673736 202.845702 -1 -1 -1 -1 -1 -1 -1 -1 1 
69 1 Car -1.000000 -1 -1 1095.186662 184.61537899999996 1223.0 235.94637599999996 -1 -1 -1 -1 -1 -1 -1 -1 1 
69 2 Car -1.000000 -1 -1 1032.2524320000002 183.860829 1157.2573480000003 232.628123 -1 -1 -1 -1 -1 -1 -1 -1 1 
69 3 Car -1.000000 -1 -1 952.759022 181.81733000000003 1068.691885 234.35845700000002 -1 -1 -1 -1 -1 -1 -1 -1 1 
69 4 Car -1.000000 -1 -1 602.5280069999999 172.52522899999997 636.6722149999999 202.84743899999998 -1 -1 -1 -1 -1 -1 -1 -1 1 
70 1 Car -1.000000 -1 -1 1095.172868 184.60378399999996 1223.0 235.93356499999996 -1 -1 -1 -1 -1 -1 -1 -1 1 
70 2 Car -1.000000 -1 -1 1032.2566 183.86192900000003 1157.251775 232.62909800000003 -1 -1 -1 -1 -1 -1 -1 -1 1 
70 3 Car -1.000000 -1 -1 952.76125 181.81568500000003 1068.693048 234.35649000000004 -1 -1 -1 -1 -1 -1 -1 -1 1 
70 4 Car -1.000000 -1 -1 602.5275899999999 172.526928 636.6706949999999 202.849176 -1 -1 -1 -1 -1 -1 -1 -1 1 
71 1 Car -1.000000 -1 -1 1095.159076 184.59218899999996 1223.0 235.92075299999996 -1 -1 -1 -1 -1 -1 -1 -1 1 
71 2 Car -1.000000 -1 -1 1032.2607689999998 183.863028 1157.2461989999997 232.630073 -1 -1 -1 -1 -1 -1 -1 -1 1 
71 3 Car -1.000000 -1 -1 952.763477 181.81404 1068.694211 234.354523 -1 -1 -1 -1 -1 -1 -1 -1 1 
71 4 Car -1.000000 -1 -1 602.527173 172.52862800000003 636.669174 202.85091300000002 -1 -1 -1 -1 -1 -1 -1 -1 1 
72 1 Car -1.000000 -1 -1 1095.145285 184.58059399999996 1223.0 235.90793999999997 -1 -1 -1 -1 -1 -1 -1 -1 1 
72 2 Car -1.000000 -1 -1 1032.26494 183.864128 1157.240621 232.631047 -1 -1 -1 -1 -1 -1 -1 -1 1 
72 3 Car -1.000000 -1 -1 952.7657039999999 181.81239399999998 1068.695373 234.35255599999996 -1 -1 -1 -1 -1 -1 -1 -1 1 
72 4 Car -1.000000 -1 -1 602.526756 172.530327 636.667654 202.85265 -1 -1 -1 -1 -1 -1 -1 -1 1 
73 1 Car -1.000000 -1 -1 1095.131495 184.56899899999996 1223.0 235.89512699999997 -1 -1 -1 -1 -1 -1 -1 -1 1 
73 2 Car -1.000000 -1 -1 1032.269112 183.865228 1157.235041 232.632022 -1 -1 -1 -1 -1 -1 -1 -1 1 
73 3 Car -1.000000 -1 -1 952.767932 181.810749 1068.696536 234.350589 -1 -1 -1 -1 -1 -1 -1 -1 1 
73 4 Car -1.000000 -1 -1 602.5263400000001 172.532026 636.6661330000001 202.854387 -1 -1 -1 -1 -1 -1 -1 -1 1 
74 1 Car -1.000000 -1 -1 1095.117706 184.55740299999997 1223.0 235.88231399999998 -1 -1 -1 -1 -1 -1 -1 -1 1 
74 2 Car -1.000000 -1 -1 1032.273286 183.866327 1157.229458 232.632996 -1 -1 -1 -1 -1 -1 -1 -1 1 
74 3 Car -1.000000 -1 -1 952.7701589999999 181.809104 1068.6976989999998 234.348622 -1 -1 -1 -1 -1 -1 -1 -1 1 
74 4 Car -1.000000 -1 -1 602.525923 172.533726 636.664613 202.856124 -1 -1 -1 -1 -1 -1 -1 -1 1 
75 1 Car -1.000000 -1 -1 1095.1039179999998 184.545808 1222.9999999999998 235.869499 -1 -1 -1 -1 -1 -1 -1 -1 1 
75 2 Car -1.000000 -1 -1 1032.277462 183.867427 1157.223874 232.63397 -1 -1 -1 -1 -1 -1 -1 -1 1 
75 3 Car -1.000000 -1 -1 952.7723859999999 181.807458 1068.698861 234.346654 -1 -1 -1 -1 -1 -1 -1 -1 1 
75 4 Car -1.000000 -1 -1 602.525506 172.53542499999998 636.663092 202.85786099999999 -1 -1 -1 -1 -1 -1 -1 -1 1 
76 1 Car -1.000000 -1 -1 1095.090131 184.534212 1223.0 235.856684 -1 -1 -1 -1 -1 -1 -1 -1 1 
76 2 Car -1.000000 -1 -1 1032.281639 183.868527 1157.218287 232.634944 -1 -1 -1 -1 -1 -1 -1 -1 1 
76 3 Car -1.000000 -1 -1 952.7746140000002 181.805813 1068.7000240000002 234.344687 -1 -1 -1 -1 -1 -1 -1 -1 1 
76 4 Car -1.000000 -1 -1 602.525089 172.537125 636.661571 202.859598 -1 -1 -1 -1 -1 -1 -1 -1 1 
77 1 Car -1.000000 -1 -1 1095.0763459999998 184.52261600000003 1222.9999999999998 235.84386800000001 -1 -1 -1 -1 -1 -1 -1 -1 1 
77 2 Car -1.000000 -1 -1 1032.2858169999997 183.86962599999998 1157.2126989999997 232.63591799999998 -1 -1 -1 -1 -1 -1 -1 -1 1 
77 3 Car -1.000000 -1 -1 952.7768410000001 181.804168 1068.701186 234.34272 -1 -1 -1 -1 -1 -1 -1 -1 1 
77 4 Car -1.000000 -1 -1 602.524673 172.53882400000003 636.660051 202.86133500000003 -1 -1 -1 -1 -1 -1 -1 -1 1 
78 1 Car -1.000000 -1 -1 1095.0625609999997 184.51102000000003 1222.9999999999998 235.83105200000003 -1 -1 -1 -1 -1 -1 -1 -1 1 
78 2 Car -1.000000 -1 -1 1032.289998 183.870726 1157.207108 232.636891 -1 -1 -1 -1 -1 -1 -1 -1 1 
78 3 Car -1.000000 -1 -1 952.7790689999999 181.802522 1068.7023489999997 234.340753 -1 -1 -1 -1 -1 -1 -1 -1 1 
78 4 Car -1.000000 -1 -1 602.524256 172.540524 636.65853 202.863072 -1 -1 -1 -1 -1 -1 -1 -1 1 
79 1 Car -1.000000 -1 -1 1095.0487780000003 184.499424 1223.0000000000002 235.818235 -1 -1 -1 -1 -1 -1 -1 -1 1 
79 2 Car -1.000000 -1 -1 1032.294179 183.871826 1157.201515 232.637864 -1 -1 -1 -1 -1 -1 -1 -1 1 
79 3 Car -1.000000 -1 -1 952.781296 181.800877 1068.703511 234.338786 -1 -1 -1 -1 -1 -1 -1 -1 1 
79 4 Car -1.000000 -1 -1 602.523839 172.542223 636.65701 202.864809 -1 -1 -1 -1 -1 -1 -1 -1 1 
80 1 Car -1.000000 -1 -1 1095.0349960000003 184.487828 1223.0000000000002 235.805417 -1 -1 -1 -1 -1 -1 -1 -1 1 
80 2 Car -1.000000 -1 -1 1032.298362 183.872926 1157.195919 232.638838 -1 -1 -1 -1 -1 -1 -1 -1 1 
80 3 Car -1.000000 -1 -1 952.7835230000001 181.79923199999996 1068.704674 234.33681899999996 -1 -1 -1 -1 -1 -1 -1 -1 1 
80 4 Car -1.000000 -1 -1 602.523422 172.543923 636.655489 202.866546 -1 -1 -1 -1 -1 -1 -1 -1 1 
81 1 Car -1.000000 -1 -1 1095.0212149999998 184.47623199999998 1222.9999999999998 235.79259899999997 -1 -1 -1 -1 -1 -1 -1 -1 1 
81 2 Car -1.000000 -1 -1 1032.3025469999998 183.87402499999996 1157.1903219999997 232.63981099999998 -1 -1 -1 -1 -1 -1 -1 -1 1 
81 3 Car -1.000000 -1 -1 952.7857509999999 181.79758699999996 1068.705836 234.33485199999998 -1 -1 -1 -1 -1 -1 -1 -1 1 
81 4 Car -1.000000 -1 -1 602.523006 172.545622 636.653968 202.868284 -1 -1 -1 -1 -1 -1 -1 -1 1 
82 1 Car -1.000000 -1 -1 1095.007435 184.464635 1223.0 235.77978 -1 -1 -1 -1 -1 -1 -1 -1 1 
82 2 Car -1.000000 -1 -1 1032.306733 183.87512499999997 1157.184722 232.64078399999997 -1 -1 -1 -1 -1 -1 -1 -1 1 
82 3 Car -1.000000 -1 -1 952.787978 181.795941 1068.706999 234.332885 -1 -1 -1 -1 -1 -1 -1 -1 1 
82 4 Car -1.000000 -1 -1 602.5225889999999 172.547322 636.6524479999999 202.870021 -1 -1 -1 -1 -1 -1 -1 -1 1 
83 1 Car -1.000000 -1 -1 1094.993656 184.453039 1223.0 235.76696 -1 -1 -1 -1 -1 -1 -1 -1 1 
83 2 Car -1.000000 -1 -1 1032.310921 183.87622499999998 1157.179121 232.64175599999996 -1 -1 -1 -1 -1 -1 -1 -1 1 
83 3 Car -1.000000 -1 -1 952.7902060000001 181.79429600000003 1068.708161 234.33091800000003 -1 -1 -1 -1 -1 -1 -1 -1 1 
83 4 Car -1.000000 -1 -1 602.522172 172.54902100000004 636.650927 202.87175800000003 -1 -1 -1 -1 -1 -1 -1 -1 1 
84 1 Car -1.000000 -1 -1 1094.979879 184.441442 1223.0 235.75414 -1 -1 -1 -1 -1 -1 -1 -1 1 
84 2 Car -1.000000 -1 -1 1032.31511 183.877325 1157.173517 232.642729 -1 -1 -1 -1 -1 -1 -1 -1 1 
84 3 Car -1.000000 -1 -1 952.7924330000001 181.792651 1068.709324 234.328951 -1 -1 -1 -1 -1 -1 -1 -1 1 
84 4 Car -1.000000 -1 -1 602.5217560000001 172.550721 636.6494060000001 202.873495 -1 -1 -1 -1 -1 -1 -1 -1 1 
85 1 Car -1.000000 -1 -1 1094.9661020000003 184.429845 1223.0000000000002 235.741319 -1 -1 -1 -1 -1 -1 -1 -1 1 
85 2 Car -1.000000 -1 -1 1032.319301 183.878425 1157.167911 232.643701 -1 -1 -1 -1 -1 -1 -1 -1 1 
85 3 Car -1.000000 -1 -1 952.794661 181.791005 1068.710486 234.326984 -1 -1 -1 -1 -1 -1 -1 -1 1 
85 4 Car -1.000000 -1 -1 602.5213390000001 172.55242 636.6478860000001 202.875232 -1 -1 -1 -1 -1 -1 -1 -1 1 
86 1 Car -1.000000 -1 -1 1094.952327 184.418248 1223.0 235.728497 -1 -1 -1 -1 -1 -1 -1 -1 1 
86 2 Car -1.000000 -1 -1 1032.3234940000002 183.879525 1157.1623030000003 232.644674 -1 -1 -1 -1 -1 -1 -1 -1 1 
86 3 Car -1.000000 -1 -1 952.7968879999999 181.78936 1068.711648 234.325017 -1 -1 -1 -1 -1 -1 -1 -1 1 
86 4 Car -1.000000 -1 -1 602.520922 172.55412 636.646365 202.876969 -1 -1 -1 -1 -1 -1 -1 -1 1 
87 1 Car -1.000000 -1 -1 1094.938553 184.406651 1223.0 235.715675 -1 -1 -1 -1 -1 -1 -1 -1 1 
87 2 Car -1.000000 -1 -1 1032.327688 183.880625 1157.156692 232.645646 -1 -1 -1 -1 -1 -1 -1 -1 1 
87 3 Car -1.000000 -1 -1 952.799115 181.787715 1068.712811 234.32305 -1 -1 -1 -1 -1 -1 -1 -1 1 
87 4 Car -1.000000 -1 -1 602.520505 172.555819 636.644844 202.878706 -1 -1 -1 -1 -1 -1 -1 -1 1 
88 1 Car -1.000000 -1 -1 1094.924779 184.39505399999996 1223.0 235.70285199999998 -1 -1 -1 -1 -1 -1 -1 -1 1 
88 2 Car -1.000000 -1 -1 1032.331883 183.88172499999996 1157.15108 232.64661799999996 -1 -1 -1 -1 -1 -1 -1 -1 1 
88 3 Car -1.000000 -1 -1 952.8013430000001 181.786069 1068.713973 234.321083 -1 -1 -1 -1 -1 -1 -1 -1 1 
88 4 Car -1.000000 -1 -1 602.5200889999999 172.557519 636.6433229999999 202.880443 -1 -1 -1 -1 -1 -1 -1 -1 1 
89 1 Car -1.000000 -1 -1 1094.911008 184.383456 1223.0 235.690028 -1 -1 -1 -1 -1 -1 -1 -1 1 
89 2 Car -1.000000 -1 -1 1032.33608 183.882824 1157.145465 232.647589 -1 -1 -1 -1 -1 -1 -1 -1 1 
89 3 Car -1.000000 -1 -1 952.80357 181.784424 1068.715135 234.319116 -1 -1 -1 -1 -1 -1 -1 -1 1 
89 4 Car -1.000000 -1 -1 602.5196719999999 172.559218 636.6418029999999 202.882181 -1 -1 -1 -1 -1 -1 -1 -1 1 
90 1 Car -1.000000 -1 -1 1094.8972370000001 184.371859 1223.0000000000002 235.677204 -1 -1 -1 -1 -1 -1 -1 -1 1 
90 2 Car -1.000000 -1 -1 1032.3402789999998 183.883924 1157.1398479999998 232.648561 -1 -1 -1 -1 -1 -1 -1 -1 1 
90 3 Car -1.000000 -1 -1 952.805798 181.782779 1068.716298 234.317149 -1 -1 -1 -1 -1 -1 -1 -1 1 
90 4 Car -1.000000 -1 -1 602.519255 172.56091800000002 636.640282 202.88391800000002 -1 -1 -1 -1 -1 -1 -1 -1 1 
91 1 Car -1.000000 -1 -1 1094.883467 184.36026099999998 1223.0 235.66437899999997 -1 -1 -1 -1 -1 -1 -1 -1 1 
91 2 Car -1.000000 -1 -1 1032.344479 183.885024 1157.134229 232.649533 -1 -1 -1 -1 -1 -1 -1 -1 1 
91 3 Car -1.000000 -1 -1 952.808025 181.781133 1068.71746 234.315182 -1 -1 -1 -1 -1 -1 -1 -1 1 
91 4 Car -1.000000 -1 -1 602.518839 172.562617 636.638761 202.885655 -1 -1 -1 -1 -1 -1 -1 -1 1 
92 1 Car -1.000000 -1 -1 1094.869698 184.348663 1223.0 235.651554 -1 -1 -1 -1 -1 -1 -1 -1 1 
92 2 Car -1.000000 -1 -1 1032.34868 183.886124 1157.128608 232.650504 -1 -1 -1 -1 -1 -1 -1 -1 1 
92 3 Car -1.000000 -1 -1 952.810253 181.77948800000001 1068.718622 234.31321500000004 -1 -1 -1 -1 -1 -1 -1 -1 1 
92 4 Car -1.000000 -1 -1 602.518422 172.564317 636.637241 202.887392 -1 -1 -1 -1 -1 -1 -1 -1 1 
93 1 Car -1.000000 -1 -1 1094.855931 184.337065 1223.0 235.638728 -1 -1 -1 -1 -1 -1 -1 -1 1 
93 2 Car -1.000000 -1 -1 1032.352883 183.887225 1157.122985 232.651475 -1 -1 -1 -1 -1 -1 -1 -1 1 
93 3 Car -1.000000 -1 -1 952.8124809999999 181.777843 1068.719784 234.311248 -1 -1 -1 -1 -1 -1 -1 -1 1 
93 4 Car -1.000000 -1 -1 602.5180050000001 172.566016 636.6357200000001 202.889129 -1 -1 -1 -1 -1 -1 -1 -1 1 
94 1 Car -1.000000 -1 -1 1094.8421639999997 184.325467 1222.9999999999998 235.625901 -1 -1 -1 -1 -1 -1 -1 -1 1 
94 2 Car -1.000000 -1 -1 1032.357088 183.888325 1157.117359 232.652446 -1 -1 -1 -1 -1 -1 -1 -1 1 
94 3 Car -1.000000 -1 -1 952.8147079999999 181.77619799999997 1068.720946 234.30928099999997 -1 -1 -1 -1 -1 -1 -1 -1 1 
94 4 Car -1.000000 -1 -1 602.517589 172.567716 636.634199 202.890866 -1 -1 -1 -1 -1 -1 -1 -1 1 
95 1 Car -1.000000 -1 -1 1094.828399 184.313869 1223.0 235.613074 -1 -1 -1 -1 -1 -1 -1 -1 1 
95 2 Car -1.000000 -1 -1 1032.361294 183.88942499999996 1157.111732 232.65341699999996 -1 -1 -1 -1 -1 -1 -1 -1 1 
95 3 Car -1.000000 -1 -1 952.8169359999999 181.774552 1068.7221089999998 234.307313 -1 -1 -1 -1 -1 -1 -1 -1 1 
95 4 Car -1.000000 -1 -1 602.517172 172.569416 636.632678 202.892603 -1 -1 -1 -1 -1 -1 -1 -1 1 
96 1 Car -1.000000 -1 -1 1094.8146349999997 184.30227 1222.9999999999998 235.600246 -1 -1 -1 -1 -1 -1 -1 -1 1 
96 2 Car -1.000000 -1 -1 1032.3655020000003 183.890525 1157.1061020000002 232.654387 -1 -1 -1 -1 -1 -1 -1 -1 1 
96 3 Car -1.000000 -1 -1 952.8191629999999 181.77290700000003 1068.7232709999998 234.30534600000001 -1 -1 -1 -1 -1 -1 -1 -1 1 
96 4 Car -1.000000 -1 -1 602.516756 172.57111500000002 636.631157 202.89434000000003 -1 -1 -1 -1 -1 -1 -1 -1 1 
97 1 Car -1.000000 -1 -1 1094.8008719999998 184.290672 1222.9999999999998 235.587417 -1 -1 -1 -1 -1 -1 -1 -1 1 
97 2 Car -1.000000 -1 -1 1032.369711 183.891625 1157.10047 232.655358 -1 -1 -1 -1 -1 -1 -1 -1 1 
97 3 Car -1.000000 -1 -1 952.821391 181.77126200000004 1068.724433 234.30337900000004 -1 -1 -1 -1 -1 -1 -1 -1 1 
97 4 Car -1.000000 -1 -1 602.516339 172.572815 636.629636 202.896078 -1 -1 -1 -1 -1 -1 -1 -1 1 
98 1 Car -1.000000 -1 -1 1094.7871100000002 184.27907299999998 1223.0000000000002 235.57458699999998 -1 -1 -1 -1 -1 -1 -1 -1 1 
98 2 Car -1.000000 -1 -1 1032.373922 183.892725 1157.094836 232.656328 -1 -1 -1 -1 -1 -1 -1 -1 1 
98 3 Car -1.000000 -1 -1 952.8236180000001 181.769616 1068.7255950000003 234.301412 -1 -1 -1 -1 -1 -1 -1 -1 1 
98 4 Car -1.000000 -1 -1 602.515922 172.574514 636.628116 202.897815 -1 -1 -1 -1 -1 -1 -1 -1 1 
99 1 Car -1.000000 -1 -1 1094.77335 184.267474 1223.0 235.561757 -1 -1 -1 -1 -1 -1 -1 -1 1 
99 2 Car -1.000000 -1 -1 1032.378134 183.893825 1157.0892 232.657298 -1 -1 -1 -1 -1 -1 -1 -1 1 
99 3 Car -1.000000 -1 -1 952.825846 181.767971 1068.726757 234.299445 -1 -1 -1 -1 -1 -1 -1 -1 1 
99 4 Car -1.000000 -1 -1 602.515506 172.576214 636.626595 202.899552 -1 -1 -1 -1 -1 -1 -1 -1 1 
100 1 Car -1.000000 -1 -1 1094.7595899999997 184.255876 1222.9999999999998 235.548927 -1 -1 -1 -1 -1 -1 -1 -1 1 
100 2 Car -1.000000 -1 -1 1032.382348 183.894925 1157.083562 232.658268 -1 -1 -1 -1 -1 -1 -1 -1 1 
100 3 Car -1.000000 -1 -1 952.828074 181.766326 1068.727919 234.297478 -1 -1 -1 -1 -1 -1 -1 -1 1 
100 4 Car -1.000000 -1 -1 602.515089 172.577913 636.625074 202.901289 -1 -1 -1 -1 -1 -1 -1 -1 1 
101 1 Car -1.000000 -1 -1 1094.745832 184.244276 1223.0 235.536095 -1 -1 -1 -1 -1 -1 -1 -1 1 
101 2 Car -1.000000 -1 -1 1032.386564 183.896026 1157.077921 232.659238 -1 -1 -1 -1 -1 -1 -1 -1 1 
101 3 Car -1.000000 -1 -1 952.830301 181.76468 1068.729081 234.295511 -1 -1 -1 -1 -1 -1 -1 -1 1 
101 4 Car -1.000000 -1 -1 602.514672 172.579613 636.623553 202.903026 -1 -1 -1 -1 -1 -1 -1 -1 1 
102 1 Car -1.000000 -1 -1 1094.732074 184.232677 1223.0 235.523264 -1 -1 -1 -1 -1 -1 -1 -1 1 
102 2 Car -1.000000 -1 -1 1032.390781 183.89712599999996 1157.072278 232.66020799999998 -1 -1 -1 -1 -1 -1 -1 -1 1 
102 3 Car -1.000000 -1 -1 952.832529 181.763035 1068.730243 234.293544 -1 -1 -1 -1 -1 -1 -1 -1 1 
102 4 Car -1.000000 -1 -1 602.5142560000002 172.58131300000002 636.6220320000001 202.90476300000003 -1 -1 -1 -1 -1 -1 -1 -1 1 
103 1 Car -1.000000 -1 -1 1094.7183180000002 184.221078 1223.0000000000002 235.510431 -1 -1 -1 -1 -1 -1 -1 -1 1 
103 2 Car -1.000000 -1 -1 1032.394999 183.89822599999997 1157.066633 232.66117799999998 -1 -1 -1 -1 -1 -1 -1 -1 1 
103 3 Car -1.000000 -1 -1 952.834757 181.76139 1068.731405 234.291578 -1 -1 -1 -1 -1 -1 -1 -1 1 
103 4 Car -1.000000 -1 -1 602.513839 172.583012 636.620511 202.906501 -1 -1 -1 -1 -1 -1 -1 -1 1 
104 1 Car -1.000000 -1 -1 1094.7045630000002 184.209478 1223.0000000000002 235.497598 -1 -1 -1 -1 -1 -1 -1 -1 1 
104 2 Car -1.000000 -1 -1 1032.399219 183.89932599999997 1157.060986 232.66214699999998 -1 -1 -1 -1 -1 -1 -1 -1 1 
104 3 Car -1.000000 -1 -1 952.836984 181.759745 1068.732567 234.289611 -1 -1 -1 -1 -1 -1 -1 -1 1 
104 4 Car -1.000000 -1 -1 602.513422 172.584712 636.61899 202.908238 -1 -1 -1 -1 -1 -1 -1 -1 1 
105 1 Car -1.000000 -1 -1 1094.6908089999997 184.197879 1222.9999999999998 235.484764 -1 -1 -1 -1 -1 -1 -1 -1 1 
105 2 Car -1.000000 -1 -1 1032.403441 183.90042699999998 1157.055337 232.66311599999997 -1 -1 -1 -1 -1 -1 -1 -1 1 
105 3 Car -1.000000 -1 -1 952.8392119999999 181.75809900000002 1068.733729 234.28764400000003 -1 -1 -1 -1 -1 -1 -1 -1 1 
105 4 Car -1.000000 -1 -1 602.5130059999999 172.586412 636.6174689999999 202.909975 -1 -1 -1 -1 -1 -1 -1 -1 1 
106 1 Car -1.000000 -1 -1 1094.677056 184.186279 1223.0 235.471929 -1 -1 -1 -1 -1 -1 -1 -1 1 
106 2 Car -1.000000 -1 -1 1032.407664 183.901527 1157.049686 232.664085 -1 -1 -1 -1 -1 -1 -1 -1 1 
106 3 Car -1.000000 -1 -1 952.8414400000001 181.756454 1068.734891 234.285677 -1 -1 -1 -1 -1 -1 -1 -1 1 
106 4 Car -1.000000 -1 -1 602.5125889999999 172.588111 636.6159489999999 202.911712 -1 -1 -1 -1 -1 -1 -1 -1 1 
107 1 Car -1.000000 -1 -1 1094.663305 184.17467900000003 1223.0 235.45909400000002 -1 -1 -1 -1 -1 -1 -1 -1 1 
107 2 Car -1.000000 -1 -1 1032.411889 183.902627 1157.044032 232.665054 -1 -1 -1 -1 -1 -1 -1 -1 1 
107 3 Car -1.000000 -1 -1 952.8436670000001 181.754809 1068.736053 234.28371 -1 -1 -1 -1 -1 -1 -1 -1 1 
107 4 Car -1.000000 -1 -1 602.512173 172.589811 636.614428 202.913449 -1 -1 -1 -1 -1 -1 -1 -1 1 
108 1 Car -1.000000 -1 -1 1094.649554 184.16307899999998 1223.0 235.44625799999997 -1 -1 -1 -1 -1 -1 -1 -1 1 
108 2 Car -1.000000 -1 -1 1032.4161149999998 183.903728 1157.0383769999999 232.666023 -1 -1 -1 -1 -1 -1 -1 -1 1 
108 3 Car -1.000000 -1 -1 952.8458949999999 181.75316299999997 1068.737215 234.28174299999998 -1 -1 -1 -1 -1 -1 -1 -1 1 
108 4 Car -1.000000 -1 -1 602.5117560000001 172.59151000000003 636.6129070000001 202.91518700000003 -1 -1 -1 -1 -1 -1 -1 -1 1 
109 1 Car -1.000000 -1 -1 1094.635805 184.151479 1223.0 235.433422 -1 -1 -1 -1 -1 -1 -1 -1 1 
109 2 Car -1.000000 -1 -1 1032.420342 183.904828 1157.032719 232.666991 -1 -1 -1 -1 -1 -1 -1 -1 1 
109 3 Car -1.000000 -1 -1 952.848123 181.751518 1068.738377 234.279776 -1 -1 -1 -1 -1 -1 -1 -1 1 
109 4 Car -1.000000 -1 -1 602.5113390000001 172.59321 636.6113860000002 202.916924 -1 -1 -1 -1 -1 -1 -1 -1 1 
110 1 Car -1.000000 -1 -1 1094.6220560000002 184.139879 1223.0000000000002 235.420585 -1 -1 -1 -1 -1 -1 -1 -1 1 
110 2 Car -1.000000 -1 -1 1032.424572 183.90592800000002 1157.027059 232.66796000000002 -1 -1 -1 -1 -1 -1 -1 -1 1 
110 3 Car -1.000000 -1 -1 952.8503499999999 181.74987300000004 1068.739538 234.27780900000002 -1 -1 -1 -1 -1 -1 -1 -1 1 
110 4 Car -1.000000 -1 -1 602.510923 172.59490999999997 636.609865 202.91866099999996 -1 -1 -1 -1 -1 -1 -1 -1 1 
111 1 Car -1.000000 -1 -1 1094.6083090000002 184.128278 1223.0000000000002 235.407747 -1 -1 -1 -1 -1 -1 -1 -1 1 
111 2 Car -1.000000 -1 -1 1032.428802 183.90702900000002 1157.021397 232.66892800000002 -1 -1 -1 -1 -1 -1 -1 -1 1 
111 3 Car -1.000000 -1 -1 952.852578 181.74822800000004 1068.7407 234.27584200000004 -1 -1 -1 -1 -1 -1 -1 -1 1 
111 4 Car -1.000000 -1 -1 602.5105059999999 172.596609 636.6083439999999 202.920398 -1 -1 -1 -1 -1 -1 -1 -1 1 
112 1 Car -1.000000 -1 -1 1094.594563 184.11667799999998 1223.0 235.39490799999996 -1 -1 -1 -1 -1 -1 -1 -1 1 
112 2 Car -1.000000 -1 -1 1032.433035 183.90812900000003 1157.015733 232.66989600000002 -1 -1 -1 -1 -1 -1 -1 -1 1 
112 3 Car -1.000000 -1 -1 952.854806 181.746582 1068.741862 234.273875 -1 -1 -1 -1 -1 -1 -1 -1 1 
112 4 Car -1.000000 -1 -1 602.51009 172.598309 636.606823 202.922135 -1 -1 -1 -1 -1 -1 -1 -1 1 
113 1 Car -1.000000 -1 -1 1094.580818 184.105077 1223.0 235.382069 -1 -1 -1 -1 -1 -1 -1 -1 1 
113 2 Car -1.000000 -1 -1 1032.437268 183.90923000000004 1157.010066 232.67086400000002 -1 -1 -1 -1 -1 -1 -1 -1 1 
113 3 Car -1.000000 -1 -1 952.8570339999999 181.744937 1068.7430239999999 234.271908 -1 -1 -1 -1 -1 -1 -1 -1 1 
113 4 Car -1.000000 -1 -1 602.509673 172.600009 636.605302 202.923872 -1 -1 -1 -1 -1 -1 -1 -1 1 
114 1 Car -1.000000 -1 -1 1094.567074 184.093476 1223.0 235.36923 -1 -1 -1 -1 -1 -1 -1 -1 1 
114 2 Car -1.000000 -1 -1 1032.441504 183.91033 1157.004398 232.671832 -1 -1 -1 -1 -1 -1 -1 -1 1 
114 3 Car -1.000000 -1 -1 952.859261 181.743292 1068.744186 234.269941 -1 -1 -1 -1 -1 -1 -1 -1 1 
114 4 Car -1.000000 -1 -1 602.5092569999999 172.60170800000003 636.6037809999999 202.92561000000003 -1 -1 -1 -1 -1 -1 -1 -1 1 
115 1 Car -1.000000 -1 -1 1094.553332 184.081875 1223.0 235.356389 -1 -1 -1 -1 -1 -1 -1 -1 1 
115 2 Car -1.000000 -1 -1 1032.445741 183.911431 1156.998727 232.672799 -1 -1 -1 -1 -1 -1 -1 -1 1 
115 3 Car -1.000000 -1 -1 952.8614889999999 181.741646 1068.745347 234.267974 -1 -1 -1 -1 -1 -1 -1 -1 1 
115 4 Car -1.000000 -1 -1 602.50884 172.603408 636.60226 202.927347 -1 -1 -1 -1 -1 -1 -1 -1 1 
116 1 Car -1.000000 -1 -1 1094.5395900000003 184.07027399999998 1223.0000000000002 235.34354799999997 -1 -1 -1 -1 -1 -1 -1 -1 1 
116 2 Car -1.000000 -1 -1 1032.449979 183.912531 1156.993054 232.673767 -1 -1 -1 -1 -1 -1 -1 -1 1 
116 3 Car -1.000000 -1 -1 952.863717 181.740001 1068.746509 234.266007 -1 -1 -1 -1 -1 -1 -1 -1 1 
116 4 Car -1.000000 -1 -1 602.508423 172.60510799999997 636.600739 202.92908399999996 -1 -1 -1 -1 -1 -1 -1 -1 1 
117 1 Car -1.000000 -1 -1 1094.52585 184.058673 1223.0 235.330707 -1 -1 -1 -1 -1 -1 -1 -1 1 
117 2 Car -1.000000 -1 -1 1032.454219 183.913632 1156.987379 232.674734 -1 -1 -1 -1 -1 -1 -1 -1 1 
117 3 Car -1.000000 -1 -1 952.865945 181.738356 1068.747671 234.26404 -1 -1 -1 -1 -1 -1 -1 -1 1 
117 4 Car -1.000000 -1 -1 602.508007 172.606808 636.599218 202.930821 -1 -1 -1 -1 -1 -1 -1 -1 1 
118 1 Car -1.000000 -1 -1 1094.512111 184.04707199999996 1223.0 235.31786399999996 -1 -1 -1 -1 -1 -1 -1 -1 1 
118 2 Car -1.000000 -1 -1 1032.4584610000002 183.91473199999996 1156.9817020000003 232.67570099999998 -1 -1 -1 -1 -1 -1 -1 -1 1 
118 3 Car -1.000000 -1 -1 952.8681730000001 181.736711 1068.7488320000002 234.262073 -1 -1 -1 -1 -1 -1 -1 -1 1 
118 4 Car -1.000000 -1 -1 602.50759 172.608507 636.597697 202.932559 -1 -1 -1 -1 -1 -1 -1 -1 1 
119 1 Car -1.000000 -1 -1 1094.498373 184.03547000000003 1223.0 235.30502100000004 -1 -1 -1 -1 -1 -1 -1 -1 1 
119 2 Car -1.000000 -1 -1 1032.462703 183.91583299999996 1156.976023 232.67666799999998 -1 -1 -1 -1 -1 -1 -1 -1 1 
119 3 Car -1.000000 -1 -1 952.8704 181.73506500000002 1068.749994 234.26010600000004 -1 -1 -1 -1 -1 -1 -1 -1 1 
119 4 Car -1.000000 -1 -1 602.507174 172.610207 636.596175 202.934296 -1 -1 -1 -1 -1 -1 -1 -1 1 
120 1 Car -1.000000 -1 -1 1094.4846360000001 184.023868 1223.0000000000002 235.292178 -1 -1 -1 -1 -1 -1 -1 -1 1 
120 2 Car -1.000000 -1 -1 1032.466948 183.91693399999997 1156.970341 232.67763499999998 -1 -1 -1 -1 -1 -1 -1 -1 1 
120 3 Car -1.000000 -1 -1 952.8726279999998 181.73342 1068.7511559999998 234.258139 -1 -1 -1 -1 -1 -1 -1 -1 1 
120 4 Car -1.000000 -1 -1 602.5067570000001 172.61190700000003 636.5946540000001 202.93603300000004 -1 -1 -1 -1 -1 -1 -1 -1 1 
121 1 Car -1.000000 -1 -1 1094.4709000000003 184.012267 1223.0000000000002 235.279333 -1 -1 -1 -1 -1 -1 -1 -1 1 
121 2 Car -1.000000 -1 -1 1032.471194 183.91803399999998 1156.964658 232.67860199999998 -1 -1 -1 -1 -1 -1 -1 -1 1 
121 3 Car -1.000000 -1 -1 952.874856 181.73177499999997 1068.752317 234.25617199999996 -1 -1 -1 -1 -1 -1 -1 -1 1 
121 4 Car -1.000000 -1 -1 602.506341 172.613606 636.593133 202.93777 -1 -1 -1 -1 -1 -1 -1 -1 1 
122 1 Car -1.000000 -1 -1 1094.4571649999998 184.000665 1222.9999999999998 235.266489 -1 -1 -1 -1 -1 -1 -1 -1 1 
122 2 Car -1.000000 -1 -1 1032.475442 183.919135 1156.958972 232.679568 -1 -1 -1 -1 -1 -1 -1 -1 1 
122 3 Car -1.000000 -1 -1 952.877084 181.73012899999998 1068.753479 234.25420599999998 -1 -1 -1 -1 -1 -1 -1 -1 1 
122 4 Car -1.000000 -1 -1 602.505924 172.61530599999998 636.591612 202.93950699999996 -1 -1 -1 -1 -1 -1 -1 -1 1 
123 1 Car -1.000000 -1 -1 1094.443432 183.989063 1223.0 235.253643 -1 -1 -1 -1 -1 -1 -1 -1 1 
123 2 Car -1.000000 -1 -1 1032.4796909999998 183.920236 1156.9532839999997 232.680534 -1 -1 -1 -1 -1 -1 -1 -1 1 
123 3 Car -1.000000 -1 -1 952.879312 181.728484 1068.75464 234.252239 -1 -1 -1 -1 -1 -1 -1 -1 1 
123 4 Car -1.000000 -1 -1 602.505508 172.617006 636.590091 202.941245 -1 -1 -1 -1 -1 -1 -1 -1 1 
124 1 Car -1.000000 -1 -1 1094.4296990000003 183.97746 1223.0000000000002 235.240797 -1 -1 -1 -1 -1 -1 -1 -1 1 
124 2 Car -1.000000 -1 -1 1032.483942 183.921336 1156.947594 232.6815 -1 -1 -1 -1 -1 -1 -1 -1 1 
124 3 Car -1.000000 -1 -1 952.88154 181.72683900000004 1068.755802 234.25027200000002 -1 -1 -1 -1 -1 -1 -1 -1 1 
124 4 Car -1.000000 -1 -1 602.505091 172.618706 636.58857 202.942982 -1 -1 -1 -1 -1 -1 -1 -1 1 
125 1 Car -1.000000 -1 -1 1094.4159680000002 183.965858 1223.0000000000002 235.22795 -1 -1 -1 -1 -1 -1 -1 -1 1 
125 2 Car -1.000000 -1 -1 1032.488194 183.922437 1156.941901 232.682466 -1 -1 -1 -1 -1 -1 -1 -1 1 
125 3 Car -1.000000 -1 -1 952.883767 181.725194 1068.756963 234.248305 -1 -1 -1 -1 -1 -1 -1 -1 1 
125 4 Car -1.000000 -1 -1 602.5046749999999 172.620405 636.5870489999999 202.944719 -1 -1 -1 -1 -1 -1 -1 -1 1 
126 1 Car -1.000000 -1 -1 1094.4022379999997 183.954256 1222.9999999999998 235.215103 -1 -1 -1 -1 -1 -1 -1 -1 1 
126 2 Car -1.000000 -1 -1 1032.492447 183.923538 1156.936207 232.683432 -1 -1 -1 -1 -1 -1 -1 -1 1 
126 3 Car -1.000000 -1 -1 952.8859949999999 181.723548 1068.7581249999998 234.246338 -1 -1 -1 -1 -1 -1 -1 -1 1 
126 4 Car -1.000000 -1 -1 602.504258 172.62210500000003 636.585528 202.94645600000004 -1 -1 -1 -1 -1 -1 -1 -1 1 
127 1 Car -1.000000 -1 -1 1094.3885090000003 183.942653 1223.0000000000002 235.202254 -1 -1 -1 -1 -1 -1 -1 -1 1 
127 2 Car -1.000000 -1 -1 1032.4967030000003 183.92463799999996 1156.9305110000003 232.68439799999996 -1 -1 -1 -1 -1 -1 -1 -1 1 
127 3 Car -1.000000 -1 -1 952.888223 181.721903 1068.759286 234.244371 -1 -1 -1 -1 -1 -1 -1 -1 1 
127 4 Car -1.000000 -1 -1 602.5038420000001 172.623805 636.5840060000002 202.948194 -1 -1 -1 -1 -1 -1 -1 -1 1 
128 1 Car -1.000000 -1 -1 1094.374781 183.93105 1223.0 235.189406 -1 -1 -1 -1 -1 -1 -1 -1 1 
128 2 Car -1.000000 -1 -1 1032.500959 183.92573899999996 1156.924812 232.68536399999996 -1 -1 -1 -1 -1 -1 -1 -1 1 
128 3 Car -1.000000 -1 -1 952.890451 181.720258 1068.760448 234.242404 -1 -1 -1 -1 -1 -1 -1 -1 1 
128 4 Car -1.000000 -1 -1 602.503425 172.62550499999998 636.582485 202.94993099999996 -1 -1 -1 -1 -1 -1 -1 -1 1 
129 1 Car -1.000000 -1 -1 1094.361054 183.919447 1223.0 235.176556 -1 -1 -1 -1 -1 -1 -1 -1 1 
129 2 Car -1.000000 -1 -1 1032.505218 183.92683999999997 1156.919111 232.68632899999997 -1 -1 -1 -1 -1 -1 -1 -1 1 
129 3 Car -1.000000 -1 -1 952.892679 181.718612 1068.761609 234.240437 -1 -1 -1 -1 -1 -1 -1 -1 1 
129 4 Car -1.000000 -1 -1 602.503009 172.627204 636.580964 202.951668 -1 -1 -1 -1 -1 -1 -1 -1 1 
130 1 Car -1.000000 -1 -1 1094.3473279999998 183.907844 1222.9999999999998 235.163706 -1 -1 -1 -1 -1 -1 -1 -1 1 
130 2 Car -1.000000 -1 -1 1032.509478 183.92794099999998 1156.913408 232.68729399999998 -1 -1 -1 -1 -1 -1 -1 -1 1 
130 3 Car -1.000000 -1 -1 952.8949070000001 181.716967 1068.7627710000002 234.23847 -1 -1 -1 -1 -1 -1 -1 -1 1 
130 4 Car -1.000000 -1 -1 602.502592 172.628904 636.579443 202.953405 -1 -1 -1 -1 -1 -1 -1 -1 1 
131 1 Car -1.000000 -1 -1 1094.333604 183.896241 1223.0 235.150855 -1 -1 -1 -1 -1 -1 -1 -1 1 
131 2 Car -1.000000 -1 -1 1032.513739 183.929042 1156.907703 232.688259 -1 -1 -1 -1 -1 -1 -1 -1 1 
131 3 Car -1.000000 -1 -1 952.8971349999999 181.715322 1068.7639319999998 234.236503 -1 -1 -1 -1 -1 -1 -1 -1 1 
131 4 Car -1.000000 -1 -1 602.502176 172.630604 636.577922 202.955143 -1 -1 -1 -1 -1 -1 -1 -1 1 
132 1 Car -1.000000 -1 -1 1094.31988 183.884638 1223.0 235.138004 -1 -1 -1 -1 -1 -1 -1 -1 1 
132 2 Car -1.000000 -1 -1 1032.518002 183.930142 1156.901996 232.689224 -1 -1 -1 -1 -1 -1 -1 -1 1 
132 3 Car -1.000000 -1 -1 952.899363 181.71367700000002 1068.765093 234.23453700000002 -1 -1 -1 -1 -1 -1 -1 -1 1 
132 4 Car -1.000000 -1 -1 602.501759 172.63230400000003 636.5764 202.95688000000004 -1 -1 -1 -1 -1 -1 -1 -1 1 
133 1 Car -1.000000 -1 -1 1094.3061580000003 183.87303400000002 1223.0000000000002 235.12515200000004 -1 -1 -1 -1 -1 -1 -1 -1 1 
133 2 Car -1.000000 -1 -1 1032.522266 183.931243 1156.896286 232.690189 -1 -1 -1 -1 -1 -1 -1 -1 1 
133 3 Car -1.000000 -1 -1 952.901591 181.71203100000002 1068.766255 234.23257000000004 -1 -1 -1 -1 -1 -1 -1 -1 1 
133 4 Car -1.000000 -1 -1 602.5013430000001 172.634004 636.5748790000001 202.958617 -1 -1 -1 -1 -1 -1 -1 -1 1 
134 1 Car -1.000000 -1 -1 1094.292437 183.86143100000004 1223.0 235.11229900000004 -1 -1 -1 -1 -1 -1 -1 -1 1 
134 2 Car -1.000000 -1 -1 1032.5265319999999 183.932344 1156.8905739999998 232.691153 -1 -1 -1 -1 -1 -1 -1 -1 1 
134 3 Car -1.000000 -1 -1 952.9038189999999 181.710386 1068.767416 234.230603 -1 -1 -1 -1 -1 -1 -1 -1 1 
134 4 Car -1.000000 -1 -1 602.500926 172.63570299999998 636.573358 202.96035399999997 -1 -1 -1 -1 -1 -1 -1 -1 1 
135 1 Car -1.000000 -1 -1 1094.2787170000001 183.849827 1223.0000000000002 235.099446 -1 -1 -1 -1 -1 -1 -1 -1 1 
135 2 Car -1.000000 -1 -1 1032.5308 183.933445 1156.884861 232.692118 -1 -1 -1 -1 -1 -1 -1 -1 1 
135 3 Car -1.000000 -1 -1 952.906047 181.70874099999997 1068.768577 234.22863599999997 -1 -1 -1 -1 -1 -1 -1 -1 1 
135 4 Car -1.000000 -1 -1 602.5005099999998 172.637403 636.5718369999998 202.962092 -1 -1 -1 -1 -1 -1 -1 -1 1 
136 1 Car -1.000000 -1 -1 1094.264998 183.83822299999997 1223.0 235.08659199999997 -1 -1 -1 -1 -1 -1 -1 -1 1 
136 2 Car -1.000000 -1 -1 1032.535069 183.934546 1156.879145 232.693082 -1 -1 -1 -1 -1 -1 -1 -1 1 
136 3 Car -1.000000 -1 -1 952.908275 181.707096 1068.769738 234.226669 -1 -1 -1 -1 -1 -1 -1 -1 1 
136 4 Car -1.000000 -1 -1 602.500093 172.639103 636.570315 202.963829 -1 -1 -1 -1 -1 -1 -1 -1 1 
137 1 Car -1.000000 -1 -1 1094.2512809999998 183.826619 1222.9999999999998 235.073738 -1 -1 -1 -1 -1 -1 -1 -1 1 
137 2 Car -1.000000 -1 -1 1032.539339 183.935647 1156.873427 232.694046 -1 -1 -1 -1 -1 -1 -1 -1 1 
137 3 Car -1.000000 -1 -1 952.9105030000001 181.70545 1068.7709 234.224702 -1 -1 -1 -1 -1 -1 -1 -1 1 
137 4 Car -1.000000 -1 -1 602.499677 172.640803 636.568794 202.965566 -1 -1 -1 -1 -1 -1 -1 -1 1 
138 1 Car -1.000000 -1 -1 1094.237564 183.81501500000002 1223.0 235.06088200000002 -1 -1 -1 -1 -1 -1 -1 -1 1 
138 2 Car -1.000000 -1 -1 1032.543611 183.936748 1156.867706 232.69501 -1 -1 -1 -1 -1 -1 -1 -1 1 
138 3 Car -1.000000 -1 -1 952.9127310000001 181.703805 1068.7720610000001 234.222735 -1 -1 -1 -1 -1 -1 -1 -1 1 
138 4 Car -1.000000 -1 -1 602.49926 172.642503 636.567273 202.967303 -1 -1 -1 -1 -1 -1 -1 -1 1 
139 1 Car -1.000000 -1 -1 1094.223849 183.80341100000004 1223.0 235.04802700000002 -1 -1 -1 -1 -1 -1 -1 -1 1 
139 2 Car -1.000000 -1 -1 1032.5478850000002 183.937849 1156.8619840000001 232.695973 -1 -1 -1 -1 -1 -1 -1 -1 1 
139 3 Car -1.000000 -1 -1 952.914959 181.70216 1068.773222 234.220769 -1 -1 -1 -1 -1 -1 -1 -1 1 
139 4 Car -1.000000 -1 -1 602.498844 172.644203 636.565751 202.969041 -1 -1 -1 -1 -1 -1 -1 -1 1 
140 1 Car -1.000000 -1 -1 1094.210134 183.791806 1223.0 235.03517 -1 -1 -1 -1 -1 -1 -1 -1 1 
140 2 Car -1.000000 -1 -1 1032.5521599999997 183.93895000000003 1156.8562599999998 232.69693700000002 -1 -1 -1 -1 -1 -1 -1 -1 1 
140 3 Car -1.000000 -1 -1 952.917187 181.700514 1068.774383 234.218802 -1 -1 -1 -1 -1 -1 -1 -1 1 
140 4 Car -1.000000 -1 -1 602.498427 172.64590199999998 636.56423 202.97077799999997 -1 -1 -1 -1 -1 -1 -1 -1 1 
141 1 Car -1.000000 -1 -1 1094.196421 183.78020199999997 1223.0 235.02231299999997 -1 -1 -1 -1 -1 -1 -1 -1 1 
141 2 Car -1.000000 -1 -1 1032.556437 183.94005100000004 1156.850533 232.69790000000003 -1 -1 -1 -1 -1 -1 -1 -1 1 
141 3 Car -1.000000 -1 -1 952.9194149999998 181.698869 1068.775544 234.216835 -1 -1 -1 -1 -1 -1 -1 -1 1 
141 4 Car -1.000000 -1 -1 602.4980109999999 172.647602 636.5627089999999 202.972515 -1 -1 -1 -1 -1 -1 -1 -1 1 
142 1 Car -1.000000 -1 -1 1094.1827089999997 183.768597 1222.9999999999998 235.009455 -1 -1 -1 -1 -1 -1 -1 -1 1 
142 2 Car -1.000000 -1 -1 1032.560715 183.941152 1156.844804 232.698864 -1 -1 -1 -1 -1 -1 -1 -1 1 
142 3 Car -1.000000 -1 -1 952.921643 181.697224 1068.776706 234.214868 -1 -1 -1 -1 -1 -1 -1 -1 1 
142 4 Car -1.000000 -1 -1 602.4975940000002 172.649302 636.5611870000001 202.974253 -1 -1 -1 -1 -1 -1 -1 -1 1 
143 1 Car -1.000000 -1 -1 1094.168998 183.75699200000003 1223.0 234.99659700000004 -1 -1 -1 -1 -1 -1 -1 -1 1 
143 2 Car -1.000000 -1 -1 1032.5649949999997 183.942253 1156.8390729999999 232.699827 -1 -1 -1 -1 -1 -1 -1 -1 1 
143 3 Car -1.000000 -1 -1 952.923871 181.695579 1068.777867 234.212901 -1 -1 -1 -1 -1 -1 -1 -1 1 
143 4 Car -1.000000 -1 -1 602.497178 172.651002 636.559666 202.97599 -1 -1 -1 -1 -1 -1 -1 -1 1 
144 1 Car -1.000000 -1 -1 1094.155288 183.745387 1223.0 234.983738 -1 -1 -1 -1 -1 -1 -1 -1 1 
144 2 Car -1.000000 -1 -1 1032.569276 183.943354 1156.83334 232.70079 -1 -1 -1 -1 -1 -1 -1 -1 1 
144 3 Car -1.000000 -1 -1 952.926099 181.69393299999996 1068.779028 234.21093399999998 -1 -1 -1 -1 -1 -1 -1 -1 1 
144 4 Car -1.000000 -1 -1 602.496762 172.652702 636.558145 202.977727 -1 -1 -1 -1 -1 -1 -1 -1 1 
145 1 Car -1.000000 -1 -1 1094.14158 183.733782 1223.0 234.970878 -1 -1 -1 -1 -1 -1 -1 -1 1 
145 2 Car -1.000000 -1 -1 1032.573559 183.944456 1156.827605 232.701753 -1 -1 -1 -1 -1 -1 -1 -1 1 
145 3 Car -1.000000 -1 -1 952.9283270000001 181.692288 1068.780189 234.208968 -1 -1 -1 -1 -1 -1 -1 -1 1 
145 4 Car -1.000000 -1 -1 602.496345 172.654402 636.556623 202.979464 -1 -1 -1 -1 -1 -1 -1 -1 1 
146 1 Car -1.000000 -1 -1 1094.127872 183.722177 1223.0 234.958018 -1 -1 -1 -1 -1 -1 -1 -1 1 
146 2 Car -1.000000 -1 -1 1032.577843 183.945557 1156.821867 232.702715 -1 -1 -1 -1 -1 -1 -1 -1 1 
146 3 Car -1.000000 -1 -1 952.930555 181.69064300000002 1068.78135 234.20700100000002 -1 -1 -1 -1 -1 -1 -1 -1 1 
146 4 Car -1.000000 -1 -1 602.4959289999999 172.65610199999998 636.5551019999999 202.98120199999997 -1 -1 -1 -1 -1 -1 -1 -1 1 
147 1 Car -1.000000 -1 -1 1094.1141660000003 183.71057099999996 1223.0000000000002 234.94515599999997 -1 -1 -1 -1 -1 -1 -1 -1 1 
147 2 Car -1.000000 -1 -1 1032.582129 183.946658 1156.816128 232.703678 -1 -1 -1 -1 -1 -1 -1 -1 1 
147 3 Car -1.000000 -1 -1 952.932783 181.68899800000003 1068.782511 234.20503400000004 -1 -1 -1 -1 -1 -1 -1 -1 1 
147 4 Car -1.000000 -1 -1 602.495512 172.657802 636.553581 202.982939 -1 -1 -1 -1 -1 -1 -1 -1 1 
148 1 Car -1.000000 -1 -1 1094.100461 183.69896599999998 1223.0 234.93229499999998 -1 -1 -1 -1 -1 -1 -1 -1 1 
148 2 Car -1.000000 -1 -1 1032.586416 183.947759 1156.810386 232.70464 -1 -1 -1 -1 -1 -1 -1 -1 1 
148 3 Car -1.000000 -1 -1 952.935011 181.687352 1068.783672 234.203067 -1 -1 -1 -1 -1 -1 -1 -1 1 
148 4 Car -1.000000 -1 -1 602.495096 172.659501 636.552059 202.984676 -1 -1 -1 -1 -1 -1 -1 -1 1 
149 1 Car -1.000000 -1 -1 1094.086757 183.68736 1223.0 234.919433 -1 -1 -1 -1 -1 -1 -1 -1 1 
149 2 Car -1.000000 -1 -1 1032.590705 183.94885999999997 1156.804642 232.70560199999997 -1 -1 -1 -1 -1 -1 -1 -1 1 
149 3 Car -1.000000 -1 -1 952.93724 181.68570699999998 1068.784833 234.20109999999997 -1 -1 -1 -1 -1 -1 -1 -1 1 
149 4 Car -1.000000 -1 -1 602.4946789999999 172.661201 636.5505379999998 202.986414 -1 -1 -1 -1 -1 -1 -1 -1 1 
150 1 Car -1.000000 -1 -1 1094.073054 183.67575399999998 1223.0 234.90656999999996 -1 -1 -1 -1 -1 -1 -1 -1 1 
150 2 Car -1.000000 -1 -1 1032.594995 183.949962 1156.798896 232.706564 -1 -1 -1 -1 -1 -1 -1 -1 1 
150 3 Car -1.000000 -1 -1 952.939468 181.684062 1068.785994 234.199133 -1 -1 -1 -1 -1 -1 -1 -1 1 
150 4 Car -1.000000 -1 -1 602.494263 172.662901 636.549016 202.988151 -1 -1 -1 -1 -1 -1 -1 -1 1 
151 1 Car -1.000000 -1 -1 1094.0593520000002 183.664148 1223.0000000000002 234.893706 -1 -1 -1 -1 -1 -1 -1 -1 1 
151 2 Car -1.000000 -1 -1 1032.599287 183.951063 1156.793148 232.707526 -1 -1 -1 -1 -1 -1 -1 -1 1 
151 3 Car -1.000000 -1 -1 952.9416959999999 181.682417 1068.787155 234.197167 -1 -1 -1 -1 -1 -1 -1 -1 1 
151 4 Car -1.000000 -1 -1 602.493847 172.664601 636.547495 202.989888 -1 -1 -1 -1 -1 -1 -1 -1 1 
152 1 Car -1.000000 -1 -1 1094.045651 183.652542 1223.0 234.880842 -1 -1 -1 -1 -1 -1 -1 -1 1 
152 2 Car -1.000000 -1 -1 1032.6035809999998 183.95216400000004 1156.7873979999997 232.70848700000002 -1 -1 -1 -1 -1 -1 -1 -1 1 
152 3 Car -1.000000 -1 -1 952.9439239999999 181.680771 1068.7883159999997 234.1952 -1 -1 -1 -1 -1 -1 -1 -1 1 
152 4 Car -1.000000 -1 -1 602.49343 172.66630099999998 636.545973 202.99162599999997 -1 -1 -1 -1 -1 -1 -1 -1 1 
153 1 Car -1.000000 -1 -1 1094.0319520000003 183.640936 1223.0000000000002 234.867977 -1 -1 -1 -1 -1 -1 -1 -1 1 
153 2 Car -1.000000 -1 -1 1032.607876 183.953265 1156.781645 232.709449 -1 -1 -1 -1 -1 -1 -1 -1 1 
153 3 Car -1.000000 -1 -1 952.946152 181.679126 1068.789477 234.193233 -1 -1 -1 -1 -1 -1 -1 -1 1 
153 4 Car -1.000000 -1 -1 602.493014 172.668001 636.544452 202.993363 -1 -1 -1 -1 -1 -1 -1 -1 1 
154 1 Car -1.000000 -1 -1 1094.0182530000002 183.62933 1223.0000000000002 234.855111 -1 -1 -1 -1 -1 -1 -1 -1 1 
154 2 Car -1.000000 -1 -1 1032.612172 183.954367 1156.775891 232.71041 -1 -1 -1 -1 -1 -1 -1 -1 1 
154 3 Car -1.000000 -1 -1 952.94838 181.677481 1068.790637 234.191266 -1 -1 -1 -1 -1 -1 -1 -1 1 
154 4 Car -1.000000 -1 -1 602.492597 172.669701 636.54293 202.9951 -1 -1 -1 -1 -1 -1 -1 -1 1 
155 1 Car -1.000000 -1 -1 1094.0045559999999 183.617723 1222.9999999999998 234.842245 -1 -1 -1 -1 -1 -1 -1 -1 1 
155 2 Car -1.000000 -1 -1 1032.61647 183.955468 1156.770134 232.711371 -1 -1 -1 -1 -1 -1 -1 -1 1 
155 3 Car -1.000000 -1 -1 952.950609 181.675836 1068.791798 234.1893 -1 -1 -1 -1 -1 -1 -1 -1 1 
155 4 Car -1.000000 -1 -1 602.492181 172.671401 636.541409 202.996838 -1 -1 -1 -1 -1 -1 -1 -1 1 
156 1 Car -1.000000 -1 -1 1093.9908599999999 183.606117 1222.9999999999998 234.829378 -1 -1 -1 -1 -1 -1 -1 -1 1 
156 2 Car -1.000000 -1 -1 1032.62077 183.956569 1156.764375 232.712332 -1 -1 -1 -1 -1 -1 -1 -1 1 
156 3 Car -1.000000 -1 -1 952.952837 181.67419 1068.792959 234.187333 -1 -1 -1 -1 -1 -1 -1 -1 1 
156 4 Car -1.000000 -1 -1 602.491765 172.673101 636.539887 202.998575 -1 -1 -1 -1 -1 -1 -1 -1 1 
157 1 Car -1.000000 -1 -1 1093.9771650000002 183.59451 1223.0000000000002 234.816511 -1 -1 -1 -1 -1 -1 -1 -1 1 
157 2 Car -1.000000 -1 -1 1032.625071 183.957671 1156.758614 232.713293 -1 -1 -1 -1 -1 -1 -1 -1 1 
157 3 Car -1.000000 -1 -1 952.955065 181.672545 1068.79412 234.185366 -1 -1 -1 -1 -1 -1 -1 -1 1 
157 4 Car -1.000000 -1 -1 602.491348 172.674801 636.538366 203.000312 -1 -1 -1 -1 -1 -1 -1 -1 1 
158 1 Car -1.000000 -1 -1 1093.963471 183.582903 1223.0 234.803643 -1 -1 -1 -1 -1 -1 -1 -1 1 
158 2 Car -1.000000 -1 -1 1032.629373 183.958772 1156.752851 232.714254 -1 -1 -1 -1 -1 -1 -1 -1 1 
158 3 Car -1.000000 -1 -1 952.9572930000002 181.67089999999996 1068.795281 234.18339899999998 -1 -1 -1 -1 -1 -1 -1 -1 1 
158 4 Car -1.000000 -1 -1 602.4909319999999 172.67650099999997 636.5368439999999 203.00204999999997 -1 -1 -1 -1 -1 -1 -1 -1 1 
159 1 Car -1.000000 -1 -1 1093.9497780000002 183.57129600000002 1223.0000000000002 234.79077400000003 -1 -1 -1 -1 -1 -1 -1 -1 1 
159 2 Car -1.000000 -1 -1 1032.633677 183.959874 1156.747086 232.715215 -1 -1 -1 -1 -1 -1 -1 -1 1 
159 3 Car -1.000000 -1 -1 952.959521 181.669255 1068.796441 234.181432 -1 -1 -1 -1 -1 -1 -1 -1 1 
159 4 Car -1.000000 -1 -1 602.490516 172.678201 636.535323 203.003787 -1 -1 -1 -1 -1 -1 -1 -1 1 
160 1 Car -1.000000 -1 -1 1093.936087 183.559689 1223.0 234.777905 -1 -1 -1 -1 -1 -1 -1 -1 1 
160 2 Car -1.000000 -1 -1 1032.6379829999998 183.960975 1156.7413179999999 232.716175 -1 -1 -1 -1 -1 -1 -1 -1 1 
160 3 Car -1.000000 -1 -1 952.9617499999999 181.66760900000003 1068.797602 234.17946600000002 -1 -1 -1 -1 -1 -1 -1 -1 1 
160 4 Car -1.000000 -1 -1 602.4900990000001 172.679901 636.5338010000002 203.005524 -1 -1 -1 -1 -1 -1 -1 -1 1 
161 1 Car -1.000000 -1 -1 1093.922396 183.54808100000002 1223.0 234.76503500000004 -1 -1 -1 -1 -1 -1 -1 -1 1 
161 2 Car -1.000000 -1 -1 1032.6422899999998 183.962077 1156.7355489999998 232.717135 -1 -1 -1 -1 -1 -1 -1 -1 1 
161 3 Car -1.000000 -1 -1 952.963978 181.66596400000003 1068.798763 234.17749900000004 -1 -1 -1 -1 -1 -1 -1 -1 1 
161 4 Car -1.000000 -1 -1 602.489683 172.681601 636.53228 203.007262 -1 -1 -1 -1 -1 -1 -1 -1 1 
162 1 Car -1.000000 -1 -1 1093.908707 183.536474 1223.0 234.752164 -1 -1 -1 -1 -1 -1 -1 -1 1 
162 2 Car -1.000000 -1 -1 1032.6465990000002 183.96317800000003 1156.7297770000002 232.71809500000003 -1 -1 -1 -1 -1 -1 -1 -1 1 
162 3 Car -1.000000 -1 -1 952.966206 181.664319 1068.799924 234.175532 -1 -1 -1 -1 -1 -1 -1 -1 1 
162 4 Car -1.000000 -1 -1 602.489267 172.683301 636.530758 203.008999 -1 -1 -1 -1 -1 -1 -1 -1 1 
163 1 Car -1.000000 -1 -1 1093.895019 183.524866 1223.0 234.739292 -1 -1 -1 -1 -1 -1 -1 -1 1 
163 2 Car -1.000000 -1 -1 1032.650909 183.96428 1156.724003 232.719055 -1 -1 -1 -1 -1 -1 -1 -1 1 
163 3 Car -1.000000 -1 -1 952.9684340000001 181.66267399999998 1068.8010840000002 234.17356499999997 -1 -1 -1 -1 -1 -1 -1 -1 1 
163 4 Car -1.000000 -1 -1 602.48885 172.685001 636.529237 203.010736 -1 -1 -1 -1 -1 -1 -1 -1 1 
164 1 Car -1.000000 -1 -1 1093.881332 183.513258 1223.0 234.72642 -1 -1 -1 -1 -1 -1 -1 -1 1 
164 2 Car -1.000000 -1 -1 1032.655221 183.96538099999998 1156.718227 232.72001499999996 -1 -1 -1 -1 -1 -1 -1 -1 1 
164 3 Car -1.000000 -1 -1 952.9706629999998 181.661028 1068.8022449999999 234.171599 -1 -1 -1 -1 -1 -1 -1 -1 1 
164 4 Car -1.000000 -1 -1 602.4884340000001 172.68670099999997 636.5277150000001 203.01247399999997 -1 -1 -1 -1 -1 -1 -1 -1 1 
165 1 Car -1.000000 -1 -1 1093.8676459999997 183.50164999999998 1222.9999999999998 234.71354799999997 -1 -1 -1 -1 -1 -1 -1 -1 1 
165 2 Car -1.000000 -1 -1 1032.659534 183.96648299999998 1156.712449 232.72097399999998 -1 -1 -1 -1 -1 -1 -1 -1 1 
165 3 Car -1.000000 -1 -1 952.9728909999999 181.659383 1068.803406 234.169632 -1 -1 -1 -1 -1 -1 -1 -1 1 
165 4 Car -1.000000 -1 -1 602.488017 172.688401 636.526193 203.014211 -1 -1 -1 -1 -1 -1 -1 -1 1 
166 1 Car -1.000000 -1 -1 1093.8539609999998 183.49004199999996 1222.9999999999998 234.70067499999996 -1 -1 -1 -1 -1 -1 -1 -1 1 
166 2 Car -1.000000 -1 -1 1032.663849 183.967584 1156.706668 232.721934 -1 -1 -1 -1 -1 -1 -1 -1 1 
166 3 Car -1.000000 -1 -1 952.975119 181.657738 1068.804566 234.167665 -1 -1 -1 -1 -1 -1 -1 -1 1 
166 4 Car -1.000000 -1 -1 602.487601 172.690101 636.524672 203.015948 -1 -1 -1 -1 -1 -1 -1 -1 1 
167 1 Car -1.000000 -1 -1 1093.8402770000002 183.478434 1223.0000000000002 234.687801 -1 -1 -1 -1 -1 -1 -1 -1 1 
167 2 Car -1.000000 -1 -1 1032.668165 183.968686 1156.700886 232.722893 -1 -1 -1 -1 -1 -1 -1 -1 1 
167 3 Car -1.000000 -1 -1 952.9773479999999 181.656093 1068.805727 234.165698 -1 -1 -1 -1 -1 -1 -1 -1 1 
167 4 Car -1.000000 -1 -1 602.487185 172.691801 636.52315 203.017686 -1 -1 -1 -1 -1 -1 -1 -1 1 
168 1 Car -1.000000 -1 -1 1093.826595 183.466826 1223.0 234.674926 -1 -1 -1 -1 -1 -1 -1 -1 1 
168 2 Car -1.000000 -1 -1 1032.672483 183.969788 1156.695101 232.723852 -1 -1 -1 -1 -1 -1 -1 -1 1 
168 3 Car -1.000000 -1 -1 952.979576 181.654447 1068.806887 234.163732 -1 -1 -1 -1 -1 -1 -1 -1 1 
168 4 Car -1.000000 -1 -1 602.486768 172.693501 636.521629 203.019423 -1 -1 -1 -1 -1 -1 -1 -1 1 
169 1 Car -1.000000 -1 -1 1093.812914 183.455217 1223.0 234.662051 -1 -1 -1 -1 -1 -1 -1 -1 1 
169 2 Car -1.000000 -1 -1 1032.676802 183.970889 1156.689314 232.724811 -1 -1 -1 -1 -1 -1 -1 -1 1 
169 3 Car -1.000000 -1 -1 952.981804 181.652802 1068.808048 234.161765 -1 -1 -1 -1 -1 -1 -1 -1 1 
169 4 Car -1.000000 -1 -1 602.4863520000001 172.695201 636.5201070000002 203.02116 -1 -1 -1 -1 -1 -1 -1 -1 1 
170 1 Car -1.000000 -1 -1 1093.7992329999997 183.44360900000004 1222.9999999999998 234.64917500000004 -1 -1 -1 -1 -1 -1 -1 -1 1 
170 2 Car -1.000000 -1 -1 1032.6811229999998 183.971991 1156.6835249999997 232.72577 -1 -1 -1 -1 -1 -1 -1 -1 1 
170 3 Car -1.000000 -1 -1 952.984033 181.651157 1068.809208 234.159798 -1 -1 -1 -1 -1 -1 -1 -1 1 
170 4 Car -1.000000 -1 -1 602.485936 172.69690099999997 636.518585 203.02289799999997 -1 -1 -1 -1 -1 -1 -1 -1 1 
171 1 Car -1.000000 -1 -1 1093.785554 183.43200000000002 1223.0 234.63629900000004 -1 -1 -1 -1 -1 -1 -1 -1 1 
171 2 Car -1.000000 -1 -1 1032.685446 183.973093 1156.677734 232.726728 -1 -1 -1 -1 -1 -1 -1 -1 1 
171 3 Car -1.000000 -1 -1 952.986261 181.64951199999996 1068.810369 234.15783099999996 -1 -1 -1 -1 -1 -1 -1 -1 1 
171 4 Car -1.000000 -1 -1 602.48552 172.698601 636.517064 203.024635 -1 -1 -1 -1 -1 -1 -1 -1 1 
172 1 Car -1.000000 -1 -1 1093.7718759999998 183.420391 1222.9999999999998 234.623421 -1 -1 -1 -1 -1 -1 -1 -1 1 
172 2 Car -1.000000 -1 -1 1032.68977 183.974194 1156.671941 232.727687 -1 -1 -1 -1 -1 -1 -1 -1 1 
172 3 Car -1.000000 -1 -1 952.9884889999998 181.64786599999996 1068.811529 234.15586499999998 -1 -1 -1 -1 -1 -1 -1 -1 1 
172 4 Car -1.000000 -1 -1 602.485103 172.700301 636.515542 203.026373 -1 -1 -1 -1 -1 -1 -1 -1 1 
173 1 Car -1.000000 -1 -1 1093.7582000000002 183.40878199999997 1223.0000000000002 234.61054399999998 -1 -1 -1 -1 -1 -1 -1 -1 1 
173 2 Car -1.000000 -1 -1 1032.6940950000003 183.975296 1156.6661460000003 232.728645 -1 -1 -1 -1 -1 -1 -1 -1 1 
173 3 Car -1.000000 -1 -1 952.990718 181.646221 1068.81269 234.153898 -1 -1 -1 -1 -1 -1 -1 -1 1 
173 4 Car -1.000000 -1 -1 602.484687 172.702001 636.51402 203.02811 -1 -1 -1 -1 -1 -1 -1 -1 1 
174 1 Car -1.000000 -1 -1 1093.7445239999997 183.397173 1222.9999999999998 234.597665 -1 -1 -1 -1 -1 -1 -1 -1 1 
174 2 Car -1.000000 -1 -1 1032.6984219999997 183.97639800000002 1156.6603479999999 232.72960300000003 -1 -1 -1 -1 -1 -1 -1 -1 1 
174 3 Car -1.000000 -1 -1 952.992946 181.64457600000003 1068.81385 234.15193100000002 -1 -1 -1 -1 -1 -1 -1 -1 1 
174 4 Car -1.000000 -1 -1 602.484271 172.703701 636.512498 203.029847 -1 -1 -1 -1 -1 -1 -1 -1 1 
175 1 Car -1.000000 -1 -1 1093.730849 183.385563 1223.0 234.584786 -1 -1 -1 -1 -1 -1 -1 -1 1 
175 2 Car -1.000000 -1 -1 1032.70275 183.9775 1156.654548 232.730561 -1 -1 -1 -1 -1 -1 -1 -1 1 
175 3 Car -1.000000 -1 -1 952.995175 181.64293100000003 1068.815011 234.14996500000004 -1 -1 -1 -1 -1 -1 -1 -1 1 
175 4 Car -1.000000 -1 -1 602.483854 172.705401 636.510977 203.031585 -1 -1 -1 -1 -1 -1 -1 -1 1 
176 1 Car -1.000000 -1 -1 1093.717176 183.37395400000003 1223.0 234.57190600000004 -1 -1 -1 -1 -1 -1 -1 -1 1 
176 2 Car -1.000000 -1 -1 1032.70708 183.97860099999997 1156.648747 232.73151899999996 -1 -1 -1 -1 -1 -1 -1 -1 1 
176 3 Car -1.000000 -1 -1 952.9974029999998 181.641285 1068.816171 234.147998 -1 -1 -1 -1 -1 -1 -1 -1 1 
176 4 Car -1.000000 -1 -1 602.483438 172.70710099999997 636.509455 203.03332199999997 -1 -1 -1 -1 -1 -1 -1 -1 1 
177 1 Car -1.000000 -1 -1 1093.703504 183.362344 1223.0 234.559026 -1 -1 -1 -1 -1 -1 -1 -1 1 
177 2 Car -1.000000 -1 -1 1032.711412 183.979703 1156.642943 232.732477 -1 -1 -1 -1 -1 -1 -1 -1 1 
177 3 Car -1.000000 -1 -1 952.999631 181.63963999999999 1068.817331 234.14603099999997 -1 -1 -1 -1 -1 -1 -1 -1 1 
177 4 Car -1.000000 -1 -1 602.483022 172.708801 636.507933 203.03506 -1 -1 -1 -1 -1 -1 -1 -1 1 
178 1 Car -1.000000 -1 -1 1093.689833 183.350735 1223.0 234.546145 -1 -1 -1 -1 -1 -1 -1 -1 1 
178 2 Car -1.000000 -1 -1 1032.7157450000002 183.98080500000003 1156.6371370000002 232.73343400000002 -1 -1 -1 -1 -1 -1 -1 -1 1 
178 3 Car -1.000000 -1 -1 953.00186 181.637995 1068.818492 234.144064 -1 -1 -1 -1 -1 -1 -1 -1 1 
178 4 Car -1.000000 -1 -1 602.4826049999999 172.710501 636.5064119999998 203.036797 -1 -1 -1 -1 -1 -1 -1 -1 1 
179 1 Car -1.000000 -1 -1 1093.676163 183.339125 1223.0 234.533264 -1 -1 -1 -1 -1 -1 -1 -1 1 
179 2 Car -1.000000 -1 -1 1032.72008 183.981907 1156.631328 232.734391 -1 -1 -1 -1 -1 -1 -1 -1 1 
179 3 Car -1.000000 -1 -1 953.0040879999999 181.63635 1068.8196519999997 234.142098 -1 -1 -1 -1 -1 -1 -1 -1 1 
179 4 Car -1.000000 -1 -1 602.482189 172.712201 636.50489 203.038534 -1 -1 -1 -1 -1 -1 -1 -1 1 
180 1 Car -1.000000 -1 -1 1093.6624940000002 183.327515 1223.0000000000002 234.520381 -1 -1 -1 -1 -1 -1 -1 -1 1 
180 2 Car -1.000000 -1 -1 1032.724416 183.98300899999998 1156.625518 232.73534799999996 -1 -1 -1 -1 -1 -1 -1 -1 1 
180 3 Car -1.000000 -1 -1 953.0063169999999 181.634704 1068.820812 234.140131 -1 -1 -1 -1 -1 -1 -1 -1 1 
180 4 Car -1.000000 -1 -1 602.481773 172.713901 636.503368 203.040272 -1 -1 -1 -1 -1 -1 -1 -1 1 
181 1 Car -1.000000 -1 -1 1093.648826 183.315904 1223.0 234.507498 -1 -1 -1 -1 -1 -1 -1 -1 1 
181 2 Car -1.000000 -1 -1 1032.7287530000003 183.984111 1156.6197050000003 232.736305 -1 -1 -1 -1 -1 -1 -1 -1 1 
181 3 Car -1.000000 -1 -1 953.008545 181.633059 1068.821973 234.138164 -1 -1 -1 -1 -1 -1 -1 -1 1 
181 4 Car -1.000000 -1 -1 602.481357 172.715602 636.501846 203.042009 -1 -1 -1 -1 -1 -1 -1 -1 1 
182 1 Car -1.000000 -1 -1 1093.6351599999998 183.30429399999997 1222.9999999999998 234.49461499999998 -1 -1 -1 -1 -1 -1 -1 -1 1 
182 2 Car -1.000000 -1 -1 1032.733092 183.985213 1156.613891 232.737262 -1 -1 -1 -1 -1 -1 -1 -1 1 
182 3 Car -1.000000 -1 -1 953.0107740000001 181.631414 1068.823133 234.136198 -1 -1 -1 -1 -1 -1 -1 -1 1 
182 4 Car -1.000000 -1 -1 602.48094 172.71730199999996 636.500324 203.04374699999997 -1 -1 -1 -1 -1 -1 -1 -1 1 
183 1 Car -1.000000 -1 -1 1093.621494 183.292684 1223.0 234.481731 -1 -1 -1 -1 -1 -1 -1 -1 1 
183 2 Car -1.000000 -1 -1 1032.737433 183.986315 1156.608074 232.738219 -1 -1 -1 -1 -1 -1 -1 -1 1 
183 3 Car -1.000000 -1 -1 953.013002 181.629769 1068.824293 234.134231 -1 -1 -1 -1 -1 -1 -1 -1 1 
183 4 Car -1.000000 -1 -1 602.4805240000001 172.719002 636.4988030000001 203.045484 -1 -1 -1 -1 -1 -1 -1 -1 1 
184 1 Car -1.000000 -1 -1 1093.60783 183.281073 1223.0 234.468846 -1 -1 -1 -1 -1 -1 -1 -1 1 
184 2 Car -1.000000 -1 -1 1032.741775 183.987417 1156.602255 232.739175 -1 -1 -1 -1 -1 -1 -1 -1 1 
184 3 Car -1.000000 -1 -1 953.015231 181.628123 1068.825453 234.132264 -1 -1 -1 -1 -1 -1 -1 -1 1 
184 4 Car -1.000000 -1 -1 602.480108 172.720702 636.497281 203.047221 -1 -1 -1 -1 -1 -1 -1 -1 1 
185 1 Car -1.000000 -1 -1 1093.5941670000002 183.26946199999998 1223.0000000000002 234.45595999999998 -1 -1 -1 -1 -1 -1 -1 -1 1 
185 2 Car -1.000000 -1 -1 1032.746119 183.988519 1156.596434 232.740132 -1 -1 -1 -1 -1 -1 -1 -1 1 
185 3 Car -1.000000 -1 -1 953.017459 181.626478 1068.826613 234.130298 -1 -1 -1 -1 -1 -1 -1 -1 1 
185 4 Car -1.000000 -1 -1 602.479692 172.722402 636.495759 203.048959 -1 -1 -1 -1 -1 -1 -1 -1 1 
186 1 Car -1.000000 -1 -1 1093.580505 183.257851 1223.0 234.443074 -1 -1 -1 -1 -1 -1 -1 -1 1 
186 2 Car -1.000000 -1 -1 1032.7504640000002 183.989621 1156.5906110000003 232.741088 -1 -1 -1 -1 -1 -1 -1 -1 1 
186 3 Car -1.000000 -1 -1 953.019688 181.62483299999997 1068.827774 234.12833099999997 -1 -1 -1 -1 -1 -1 -1 -1 1 
186 4 Car -1.000000 -1 -1 602.479275 172.724102 636.494237 203.050696 -1 -1 -1 -1 -1 -1 -1 -1 1 
187 1 Car -1.000000 -1 -1 1093.566844 183.24624 1223.0 234.430187 -1 -1 -1 -1 -1 -1 -1 -1 1 
187 2 Car -1.000000 -1 -1 1032.7548109999998 183.990723 1156.5847849999998 232.742044 -1 -1 -1 -1 -1 -1 -1 -1 1 
187 3 Car -1.000000 -1 -1 953.0219159999999 181.623188 1068.828934 234.126364 -1 -1 -1 -1 -1 -1 -1 -1 1 
187 4 Car -1.000000 -1 -1 602.478859 172.725802 636.492715 203.052434 -1 -1 -1 -1 -1 -1 -1 -1 1 
188 1 Car -1.000000 -1 -1 1093.5531840000003 183.23462899999998 1223.0000000000002 234.41729999999998 -1 -1 -1 -1 -1 -1 -1 -1 1 
188 2 Car -1.000000 -1 -1 1032.759159 183.991825 1156.578958 232.743 -1 -1 -1 -1 -1 -1 -1 -1 1 
188 3 Car -1.000000 -1 -1 953.0241449999999 181.621543 1068.830094 234.124398 -1 -1 -1 -1 -1 -1 -1 -1 1 
188 4 Car -1.000000 -1 -1 602.478443 172.72750199999996 636.491193 203.05417099999997 -1 -1 -1 -1 -1 -1 -1 -1 1 
189 1 Car -1.000000 -1 -1 1093.539526 183.223018 1223.0 234.404412 -1 -1 -1 -1 -1 -1 -1 -1 1 
189 2 Car -1.000000 -1 -1 1032.7635090000003 183.992927 1156.5731280000002 232.743956 -1 -1 -1 -1 -1 -1 -1 -1 1 
189 3 Car -1.000000 -1 -1 953.0263729999999 181.61989700000004 1068.8312539999997 234.12243100000003 -1 -1 -1 -1 -1 -1 -1 -1 1 
189 4 Car -1.000000 -1 -1 602.4780269999999 172.72920300000004 636.4896709999999 203.05590800000002 -1 -1 -1 -1 -1 -1 -1 -1 1 
190 1 Car -1.000000 -1 -1 1093.5258679999997 183.211406 1222.9999999999998 234.391523 -1 -1 -1 -1 -1 -1 -1 -1 1 
190 2 Car -1.000000 -1 -1 1032.76786 183.994029 1156.567296 232.744911 -1 -1 -1 -1 -1 -1 -1 -1 1 
190 3 Car -1.000000 -1 -1 953.0286019999999 181.618252 1068.832414 234.120464 -1 -1 -1 -1 -1 -1 -1 -1 1 
190 4 Car -1.000000 -1 -1 602.47761 172.730903 636.48815 203.057646 -1 -1 -1 -1 -1 -1 -1 -1 1 
191 1 Car -1.000000 -1 -1 1093.512212 183.199795 1223.0 234.378634 -1 -1 -1 -1 -1 -1 -1 -1 1 
191 2 Car -1.000000 -1 -1 1032.772213 183.995131 1156.561462 232.745866 -1 -1 -1 -1 -1 -1 -1 -1 1 
191 3 Car -1.000000 -1 -1 953.0308299999999 181.616607 1068.8335739999998 234.118498 -1 -1 -1 -1 -1 -1 -1 -1 1 
191 4 Car -1.000000 -1 -1 602.477194 172.732603 636.486628 203.059383 -1 -1 -1 -1 -1 -1 -1 -1 1 
192 1 Car -1.000000 -1 -1 1093.498557 183.18818300000004 1223.0 234.36574400000003 -1 -1 -1 -1 -1 -1 -1 -1 1 
192 2 Car -1.000000 -1 -1 1032.776567 183.99623300000002 1156.555626 232.74682200000004 -1 -1 -1 -1 -1 -1 -1 -1 1 
192 3 Car -1.000000 -1 -1 953.0330589999999 181.614962 1068.834734 234.116531 -1 -1 -1 -1 -1 -1 -1 -1 1 
192 4 Car -1.000000 -1 -1 602.476778 172.734303 636.485106 203.061121 -1 -1 -1 -1 -1 -1 -1 -1 1 
193 1 Car -1.000000 -1 -1 1093.484903 183.176571 1223.0 234.352853 -1 -1 -1 -1 -1 -1 -1 -1 1 
193 2 Car -1.000000 -1 -1 1032.780923 183.997335 1156.549788 232.747777 -1 -1 -1 -1 -1 -1 -1 -1 1 
193 3 Car -1.000000 -1 -1 953.0352869999999 181.613316 1068.8358939999998 234.114564 -1 -1 -1 -1 -1 -1 -1 -1 1 
193 4 Car -1.000000 -1 -1 602.476362 172.73600299999998 636.483584 203.06285799999998 -1 -1 -1 -1 -1 -1 -1 -1 1 
194 1 Car -1.000000 -1 -1 1093.47125 183.164959 1223.0 234.339962 -1 -1 -1 -1 -1 -1 -1 -1 1 
194 2 Car -1.000000 -1 -1 1032.78528 183.998437 1156.543948 232.748732 -1 -1 -1 -1 -1 -1 -1 -1 1 
194 3 Car -1.000000 -1 -1 953.0375159999999 181.611671 1068.837054 234.112598 -1 -1 -1 -1 -1 -1 -1 -1 1 
194 4 Car -1.000000 -1 -1 602.4759450000001 172.737703 636.4820620000002 203.064596 -1 -1 -1 -1 -1 -1 -1 -1 1 
195 1 Car -1.000000 -1 -1 1093.4575990000003 183.153347 1223.0000000000002 234.32707 -1 -1 -1 -1 -1 -1 -1 -1 1 
195 2 Car -1.000000 -1 -1 1032.789639 183.99954000000002 1156.538105 232.74968600000003 -1 -1 -1 -1 -1 -1 -1 -1 1 
195 3 Car -1.000000 -1 -1 953.039745 181.610026 1068.838214 234.110631 -1 -1 -1 -1 -1 -1 -1 -1 1 
195 4 Car -1.000000 -1 -1 602.475529 172.73940400000004 636.48054 203.06633300000001 -1 -1 -1 -1 -1 -1 -1 -1 1 
196 1 Car -1.000000 -1 -1 1093.443948 183.141734 1223.0 234.314177 -1 -1 -1 -1 -1 -1 -1 -1 1 
196 2 Car -1.000000 -1 -1 1032.7939999999999 184.000642 1156.5322599999997 232.750641 -1 -1 -1 -1 -1 -1 -1 -1 1 
196 3 Car -1.000000 -1 -1 953.0419730000001 181.608381 1068.8393740000001 234.108664 -1 -1 -1 -1 -1 -1 -1 -1 1 
196 4 Car -1.000000 -1 -1 602.475113 172.741104 636.479018 203.068071 -1 -1 -1 -1 -1 -1 -1 -1 1 
197 1 Car -1.000000 -1 -1 1093.430299 183.13012200000003 1223.0 234.30128400000004 -1 -1 -1 -1 -1 -1 -1 -1 1 
197 2 Car -1.000000 -1 -1 1032.798362 184.00174399999997 1156.526414 232.75159499999998 -1 -1 -1 -1 -1 -1 -1 -1 1 
197 3 Car -1.000000 -1 -1 953.044202 181.60673500000001 1068.840534 234.10669800000002 -1 -1 -1 -1 -1 -1 -1 -1 1 
197 4 Car -1.000000 -1 -1 602.4746970000001 172.742804 636.4774960000001 203.069808 -1 -1 -1 -1 -1 -1 -1 -1 1 
198 1 Car -1.000000 -1 -1 1093.4166500000001 183.11850899999996 1223.0000000000002 234.28838999999996 -1 -1 -1 -1 -1 -1 -1 -1 1 
198 2 Car -1.000000 -1 -1 1032.802725 184.002846 1156.520565 232.75255 -1 -1 -1 -1 -1 -1 -1 -1 1 
198 3 Car -1.000000 -1 -1 953.046431 181.60509 1068.841694 234.104731 -1 -1 -1 -1 -1 -1 -1 -1 1 
198 4 Car -1.000000 -1 -1 602.474281 172.744504 636.475974 203.071545 -1 -1 -1 -1 -1 -1 -1 -1 1 
199 1 Car -1.000000 -1 -1 1093.403003 183.106897 1223.0 234.275496 -1 -1 -1 -1 -1 -1 -1 -1 1 
199 2 Car -1.000000 -1 -1 1032.8070900000002 184.003949 1156.5147140000001 232.753504 -1 -1 -1 -1 -1 -1 -1 -1 1 
199 3 Car -1.000000 -1 -1 953.048659 181.603445 1068.842854 234.102765 -1 -1 -1 -1 -1 -1 -1 -1 1 
199 4 Car -1.000000 -1 -1 602.473864 172.74620399999998 636.474452 203.07328299999998 -1 -1 -1 -1 -1 -1 -1 -1 1 
200 1 Car -1.000000 -1 -1 1093.389357 183.095284 1223.0 234.262601 -1 -1 -1 -1 -1 -1 -1 -1 1 
200 2 Car -1.000000 -1 -1 1032.8114569999998 184.00505099999998 1156.5088599999997 232.75445799999997 -1 -1 -1 -1 -1 -1 -1 -1 1 
200 3 Car -1.000000 -1 -1 953.050888 181.60179999999997 1068.844014 234.10079799999997 -1 -1 -1 -1 -1 -1 -1 -1 1 
200 4 Car -1.000000 -1 -1 602.473448 172.747905 636.47293 203.07502 -1 -1 -1 -1 -1 -1 -1 -1 1 
201 1 Car -1.000000 -1 -1 1093.375712 183.08367100000004 1223.0 234.24970500000003 -1 -1 -1 -1 -1 -1 -1 -1 1 
201 2 Car -1.000000 -1 -1 1032.8158250000001 184.006153 1156.5030050000003 232.755412 -1 -1 -1 -1 -1 -1 -1 -1 1 
201 3 Car -1.000000 -1 -1 953.053117 181.600155 1068.845174 234.098831 -1 -1 -1 -1 -1 -1 -1 -1 1 
201 4 Car -1.000000 -1 -1 602.473032 172.749605 636.471408 203.076758 -1 -1 -1 -1 -1 -1 -1 -1 1 
202 1 Car -1.000000 -1 -1 1093.3620689999998 183.07205799999997 1222.9999999999998 234.23680799999997 -1 -1 -1 -1 -1 -1 -1 -1 1 
202 2 Car -1.000000 -1 -1 1032.820194 184.007256 1156.497147 232.756365 -1 -1 -1 -1 -1 -1 -1 -1 1 
202 3 Car -1.000000 -1 -1 953.055345 181.598509 1068.846333 234.096865 -1 -1 -1 -1 -1 -1 -1 -1 1 
202 4 Car -1.000000 -1 -1 602.472616 172.751305 636.469886 203.078495 -1 -1 -1 -1 -1 -1 -1 -1 1 
203 1 Car -1.000000 -1 -1 1093.348426 183.06044400000002 1223.0 234.22391100000002 -1 -1 -1 -1 -1 -1 -1 -1 1 
203 2 Car -1.000000 -1 -1 1032.824565 184.008358 1156.491288 232.757319 -1 -1 -1 -1 -1 -1 -1 -1 1 
203 3 Car -1.000000 -1 -1 953.0575740000002 181.59686400000004 1068.8474930000002 234.09489800000003 -1 -1 -1 -1 -1 -1 -1 -1 1 
203 4 Car -1.000000 -1 -1 602.4722 172.753005 636.468364 203.080233 -1 -1 -1 -1 -1 -1 -1 -1 1 
204 1 Car -1.000000 -1 -1 1093.334785 183.048831 1223.0 234.211014 -1 -1 -1 -1 -1 -1 -1 -1 1 
204 2 Car -1.000000 -1 -1 1032.8289379999999 184.009461 1156.4854259999997 232.758272 -1 -1 -1 -1 -1 -1 -1 -1 1 
204 3 Car -1.000000 -1 -1 953.059803 181.595219 1068.848653 234.092931 -1 -1 -1 -1 -1 -1 -1 -1 1 
204 4 Car -1.000000 -1 -1 602.4717840000001 172.754706 636.4668420000002 203.08197 -1 -1 -1 -1 -1 -1 -1 -1 1 
205 1 Car -1.000000 -1 -1 1093.321144 183.037217 1223.0 234.198115 -1 -1 -1 -1 -1 -1 -1 -1 1 
205 2 Car -1.000000 -1 -1 1032.833312 184.010563 1156.479562 232.759225 -1 -1 -1 -1 -1 -1 -1 -1 1 
205 3 Car -1.000000 -1 -1 953.0620310000002 181.593574 1068.8498130000003 234.090965 -1 -1 -1 -1 -1 -1 -1 -1 1 
205 4 Car -1.000000 -1 -1 602.4713669999999 172.75640599999997 636.4653199999999 203.08370799999997 -1 -1 -1 -1 -1 -1 -1 -1 1 
206 1 Car -1.000000 -1 -1 1093.3075049999998 183.025603 1222.9999999999998 234.185216 -1 -1 -1 -1 -1 -1 -1 -1 1 
206 2 Car -1.000000 -1 -1 1032.8376870000002 184.011665 1156.4736960000002 232.760178 -1 -1 -1 -1 -1 -1 -1 -1 1 
206 3 Car -1.000000 -1 -1 953.06426 181.591928 1068.850972 234.088998 -1 -1 -1 -1 -1 -1 -1 -1 1 
206 4 Car -1.000000 -1 -1 602.470951 172.758106 636.463798 203.085445 -1 -1 -1 -1 -1 -1 -1 -1 1 
207 1 Car -1.000000 -1 -1 1093.2938670000003 183.013989 1223.0000000000002 234.172317 -1 -1 -1 -1 -1 -1 -1 -1 1 
207 2 Car -1.000000 -1 -1 1032.842064 184.012768 1156.467828 232.761131 -1 -1 -1 -1 -1 -1 -1 -1 1 
207 3 Car -1.000000 -1 -1 953.066489 181.590283 1068.852132 234.087032 -1 -1 -1 -1 -1 -1 -1 -1 1 
207 4 Car -1.000000 -1 -1 602.4705350000002 172.759806 636.4622760000001 203.087183 -1 -1 -1 -1 -1 -1 -1 -1 1 
208 1 Car -1.000000 -1 -1 1093.2802300000003 183.002375 1223.0000000000002 234.159416 -1 -1 -1 -1 -1 -1 -1 -1 1 
208 2 Car -1.000000 -1 -1 1032.846443 184.01387 1156.461957 232.762083 -1 -1 -1 -1 -1 -1 -1 -1 1 
208 3 Car -1.000000 -1 -1 953.068718 181.588638 1068.853292 234.085065 -1 -1 -1 -1 -1 -1 -1 -1 1 
208 4 Car -1.000000 -1 -1 602.470119 172.761507 636.460753 203.08892 -1 -1 -1 -1 -1 -1 -1 -1 1 
