2 1 Car -1.000000 -1 -1 855.8184302748977 160.9470024572933 1008.5478041857853 249.62830548889394 -1 -1 -1 -1 -1 -1 -1 -1 1 
2 2 Car -1.000000 -1 -1 -21.592560961385388 185.37072374650504 191.4298104415065 251.89552849833117 -1 -1 -1 -1 -1 -1 -1 -1 1 
2 3 Car -1.000000 -1 -1 374.86880801423536 170.50745284529592 530.7151422824576 222.6349072736794 -1 -1 -1 -1 -1 -1 -1 -1 1 
2 5 Car -1.000000 -1 -1 936.8159481479978 145.32525901833787 1066.442911472102 198.5933024290543 -1 -1 -1 -1 -1 -1 -1 -1 1 
3 1 Car -1.000000 -1 -1 884.8932083281376 158.64015431808053 1041.5056188484207 249.29806486087108 -1 -1 -1 -1 -1 -1 -1 -1 1 
3 2 Car -1.000000 -1 -1 -59.40497632789533 185.79415175148017 155.1660492205223 254.38928996837305 -1 -1 -1 -1 -1 -1 -1 -1 1 
3 3 Car -1.000000 -1 -1 335.4779148968577 168.900170393031 500.8897754638415 224.17393382391555 -1 -1 -1 -1 -1 -1 -1 -1 1 
3 5 Car -1.000000 -1 -1 936.9002965037322 144.0235783199052 1067.5393601387577 197.70752790933702 -1 -1 -1 -1 -1 -1 -1 -1 1 
4 1 Car -1.000000 -1 -1 909.6943283378629 148.85236030595885 1080.6173952064564 247.68863150743138 -1 -1 -1 -1 -1 -1 -1 -1 1 
4 2 Car -1.000000 -1 -1 -86.68625599387512 185.94061166793676 130.84003487664427 255.48050691704316 -1 -1 -1 -1 -1 -1 -1 -1 1 
4 3 Car -1.000000 -1 -1 289.0912450051272 166.14691850634748 469.637732369682 226.47860299064368 -1 -1 -1 -1 -1 -1 -1 -1 1 
5 1 Car -1.000000 -1 -1 943.4532072283259 150.79471465863338 1112.427839885493 247.78087924498448 -1 -1 -1 -1 -1 -1 -1 -1 1 
5 3 Car -1.000000 -1 -1 237.66038540233754 165.6940721528957 430.96184334211785 230.17761805463368 -1 -1 -1 -1 -1 -1 -1 -1 1 
6 1 Car -1.000000 -1 -1 976.9936201276088 153.47029292798845 1144.7893293895647 248.71911919888046 -1 -1 -1 -1 -1 -1 -1 -1 1 
6 3 Car -1.000000 -1 -1 177.84097195745346 166.19834387942734 386.25819569811813 235.49358147206823 -1 -1 -1 -1 -1 -1 -1 -1 1 
6 7 Car -1.000000 -1 -1 854.9494438535324 143.16957410403433 1013.4791707456689 206.9563999851879 -1 -1 -1 -1 -1 -1 -1 -1 1 
7 1 Car -1.000000 -1 -1 1008.6076077104453 155.92610920427208 1179.6682960669305 251.87307178815288 -1 -1 -1 -1 -1 -1 -1 -1 1 
7 3 Car -1.000000 -1 -1 106.33059799557303 167.46793188159035 336.0019967519328 243.49805101601058 -1 -1 -1 -1 -1 -1 -1 -1 1 
7 7 Car -1.000000 -1 -1 835.5628913059985 144.40293291353333 997.699102620011 209.74794733068566 -1 -1 -1 -1 -1 -1 -1 -1 1 
8 1 Car -1.000000 -1 -1 1037.1014679011603 157.54231594352217 1214.3000864120627 255.75009760341328 -1 -1 -1 -1 -1 -1 -1 -1 1 
8 3 Car -1.000000 -1 -1 27.215703071201148 168.780665425834 281.25346404486675 252.640393829909 -1 -1 -1 -1 -1 -1 -1 -1 1 
8 7 Car -1.000000 -1 -1 809.7368807907184 145.66586972171294 977.7259090299264 213.48805373262007 -1 -1 -1 -1 -1 -1 -1 -1 1 
9 1 Car -1.000000 -1 -1 1059.0453834224413 158.3600607319928 1240.450793952538 258.31412502146935 -1 -1 -1 -1 -1 -1 -1 -1 1 
9 3 Car -1.000000 -1 -1 -23.199340617083536 169.4374794574799 234.76448084590913 256.0694744545287 -1 -1 -1 -1 -1 -1 -1 -1 1 
9 7 Car -1.000000 -1 -1 781.6386478665629 146.14582397728805 953.515255239259 215.69580714376175 -1 -1 -1 -1 -1 -1 -1 -1 1 
10 1 Car -1.000000 -1 -1 1071.1577733148881 157.06073680565203 1254.4656311230326 259.2155888795146 -1 -1 -1 -1 -1 -1 -1 -1 1 
10 3 Car -1.000000 -1 -1 -65.9280459734218 171.3122312472865 187.2006057425856 260.1427683478404 -1 -1 -1 -1 -1 -1 -1 -1 1 
10 7 Car -1.000000 -1 -1 750.8937395995672 146.64020907045568 924.3699626737637 216.87816984528 -1 -1 -1 -1 -1 -1 -1 -1 1 
11 1 Car -1.000000 -1 -1 1083.3571812438674 157.08606097889188 1265.8897851434638 260.4950473708452 -1 -1 -1 -1 -1 -1 -1 -1 1 
11 3 Car -1.000000 -1 -1 -112.26593115464695 171.17020508791447 151.88661168370916 263.86938732133217 -1 -1 -1 -1 -1 -1 -1 -1 1 
11 7 Car -1.000000 -1 -1 715.6482058187686 147.21990473899172 893.6044553700403 219.39482128800776 -1 -1 -1 -1 -1 -1 -1 -1 1 
12 1 Car -1.000000 -1 -1 1095.739261191155 161.19790571481172 1271.8449657433896 263.16909779600076 -1 -1 -1 -1 -1 -1 -1 -1 1 
12 7 Car -1.000000 -1 -1 673.3044956569956 149.80543598683056 858.3049819252536 225.08339399781983 -1 -1 -1 -1 -1 -1 -1 -1 1 
13 1 Car -1.000000 -1 -1 1107.1325373148336 166.81709094534835 1273.8397117824218 265.90124672617475 -1 -1 -1 -1 -1 -1 -1 -1 1 
13 7 Car -1.000000 -1 -1 628.1597586918749 153.11737614369451 819.1540435869626 231.14519723736066 -1 -1 -1 -1 -1 -1 -1 -1 1 
14 1 Car -1.000000 -1 -1 1118.1750904233281 172.1160937400337 1273.3234267821915 266.8542142370148 -1 -1 -1 -1 -1 -1 -1 -1 1 
14 7 Car -1.000000 -1 -1 577.7060579029492 156.1800749343862 775.6692103802536 237.40717806398698 -1 -1 -1 -1 -1 -1 -1 -1 1 
14 9 Car -1.000000 -1 -1 1007.5598161901814 172.2501453239653 1105.2079967788184 224.9444472826827 -1 -1 -1 -1 -1 -1 -1 -1 1 
15 1 Car -1.000000 -1 -1 1125.8287338015998 174.6371242561059 1271.3974664944374 266.02422913773756 -1 -1 -1 -1 -1 -1 -1 -1 1 
15 7 Car -1.000000 -1 -1 520.7982020429756 157.7692771454605 729.7354904963838 243.94417060367664 -1 -1 -1 -1 -1 -1 -1 -1 1 
15 9 Car -1.000000 -1 -1 967.4330246496588 174.57943976270607 1067.930663144712 228.09242103679188 -1 -1 -1 -1 -1 -1 -1 -1 1 
16 1 Car -1.000000 -1 -1 1130.1239620257727 177.76972423587944 1267.9602603972946 266.5622207581081 -1 -1 -1 -1 -1 -1 -1 -1 1 
16 7 Car -1.000000 -1 -1 461.39363577568844 158.6763564122296 680.3090952173479 249.2974137243334 -1 -1 -1 -1 -1 -1 -1 -1 1 
16 9 Car -1.000000 -1 -1 923.8585499117902 176.5707222373529 1027.361394688102 230.93424381389616 -1 -1 -1 -1 -1 -1 -1 -1 1 
17 1 Car -1.000000 -1 -1 1131.6136725608683 179.9032046136258 1265.0998248487206 267.9368923258704 -1 -1 -1 -1 -1 -1 -1 -1 1 
17 7 Car -1.000000 -1 -1 391.8636292333863 159.6367761304239 626.6506274994143 257.1506010403119 -1 -1 -1 -1 -1 -1 -1 -1 1 
17 9 Car -1.000000 -1 -1 877.9390542542628 178.5361662488603 985.6125326955797 234.38709542545962 -1 -1 -1 -1 -1 -1 -1 -1 1 
18 1 Car -1.000000 -1 -1 1131.8598487459863 181.5371871733309 1260.2396027046757 267.61241035015144 -1 -1 -1 -1 -1 -1 -1 -1 1 
18 7 Car -1.000000 -1 -1 313.66012019731966 159.7693879855721 568.9921531469753 266.2512998395014 -1 -1 -1 -1 -1 -1 -1 -1 1 
18 9 Car -1.000000 -1 -1 831.9809083951668 179.58143379274932 943.133160139682 236.39349485399123 -1 -1 -1 -1 -1 -1 -1 -1 1 
19 1 Car -1.000000 -1 -1 1129.179439442282 182.26280531469354 1253.9222852232078 266.76455130409033 -1 -1 -1 -1 -1 -1 -1 -1 1 
19 7 Car -1.000000 -1 -1 224.1520475114129 159.35223710088243 504.2216042624468 276.3132406136573 -1 -1 -1 -1 -1 -1 -1 -1 1 
19 9 Car -1.000000 -1 -1 785.2300283278593 179.83709361462178 902.1251870915786 238.8559080092086 -1 -1 -1 -1 -1 -1 -1 -1 1 
19 10 Car -1.000000 -1 -1 1002.7469965173905 182.0473025922912 1093.0354811031352 224.85122793175572 -1 -1 -1 -1 -1 -1 -1 -1 1 
20 1 Car -1.000000 -1 -1 1124.794285984104 180.99751119278295 1248.9110075744984 265.31249349033976 -1 -1 -1 -1 -1 -1 -1 -1 1 
20 7 Car -1.000000 -1 -1 120.04672321501607 159.34216120135343 431.05415966031524 288.85685957078806 -1 -1 -1 -1 -1 -1 -1 -1 1 
20 9 Car -1.000000 -1 -1 737.382701803047 179.33733354535596 860.9065447436483 241.09022435356923 -1 -1 -1 -1 -1 -1 -1 -1 1 
20 10 Car -1.000000 -1 -1 961.352275824867 181.17263224559184 1052.7888597168853 224.32075128294287 -1 -1 -1 -1 -1 -1 -1 -1 1 
21 1 Car -1.000000 -1 -1 1119.9468744071814 179.57286747461757 1242.707559007506 262.19016056728424 -1 -1 -1 -1 -1 -1 -1 -1 1 
21 7 Car -1.000000 -1 -1 17.732429233369203 159.85816832886576 363.41027433660224 305.1177018770546 -1 -1 -1 -1 -1 -1 -1 -1 1 
21 9 Car -1.000000 -1 -1 686.8833229878953 179.4865382657507 819.1534752128889 245.03246825317055 -1 -1 -1 -1 -1 -1 -1 -1 1 
21 10 Car -1.000000 -1 -1 921.2085134820732 180.16906046769049 1015.3993111496974 224.56997952207539 -1 -1 -1 -1 -1 -1 -1 -1 1 
22 1 Car -1.000000 -1 -1 1109.2936164454577 179.3946562185929 1231.0575843507986 260.4345544286547 -1 -1 -1 -1 -1 -1 -1 -1 1 
22 7 Car -1.000000 -1 -1 -52.82770663075395 159.09566866935182 301.56421467332626 313.6927405451321 -1 -1 -1 -1 -1 -1 -1 -1 1 
22 9 Car -1.000000 -1 -1 635.0368678269388 180.16575672382623 776.9747178819127 250.11010418777084 -1 -1 -1 -1 -1 -1 -1 -1 1 
22 10 Car -1.000000 -1 -1 881.6360168574765 181.19388975286773 977.9276799079804 226.51687789289525 -1 -1 -1 -1 -1 -1 -1 -1 1 
22 11 Car -1.000000 -1 -1 1023.3229009455348 179.65398050374074 1079.7459395277376 214.3986107421435 -1 -1 -1 -1 -1 -1 -1 -1 1 
23 1 Car -1.000000 -1 -1 1092.698512304591 181.64113956876662 1210.686142822541 259.664121407576 -1 -1 -1 -1 -1 -1 -1 -1 1 
23 7 Car -1.000000 -1 -1 -107.84005554844683 159.92053326586557 259.6209672573568 320.2188783200386 -1 -1 -1 -1 -1 -1 -1 -1 1 
23 9 Car -1.000000 -1 -1 579.3620448448473 181.45659387937974 732.024861069983 256.3342799536749 -1 -1 -1 -1 -1 -1 -1 -1 1 
23 10 Car -1.000000 -1 -1 842.7023505684805 182.38457160321045 938.6915837290944 227.54699281992401 -1 -1 -1 -1 -1 -1 -1 -1 1 
23 11 Car -1.000000 -1 -1 984.3837989980145 181.50016402291118 1041.7380528482765 216.47793649309898 -1 -1 -1 -1 -1 -1 -1 -1 1 
24 1 Car -1.000000 -1 -1 1071.2920496057882 185.10206884092366 1185.9353673639575 260.7616404352054 -1 -1 -1 -1 -1 -1 -1 -1 1 
24 9 Car -1.000000 -1 -1 517.334114129265 182.7172971815902 682.6910842960546 263.2567482872795 -1 -1 -1 -1 -1 -1 -1 -1 1 
24 10 Car -1.000000 -1 -1 801.1446157947682 185.13413163707705 900.1158172493232 231.74893645299852 -1 -1 -1 -1 -1 -1 -1 -1 1 
24 11 Car -1.000000 -1 -1 943.8357538849936 183.9390658653468 1003.3092808956054 219.9292726634456 -1 -1 -1 -1 -1 -1 -1 -1 1 
25 1 Car -1.000000 -1 -1 1046.8174049739625 187.40068337801193 1156.7053195069177 259.980482251043 -1 -1 -1 -1 -1 -1 -1 -1 1 
25 9 Car -1.000000 -1 -1 449.08725593707675 183.26513698546302 628.7333165813438 270.0351189110162 -1 -1 -1 -1 -1 -1 -1 -1 1 
25 10 Car -1.000000 -1 -1 757.572988270183 186.803680296225 859.2885813698844 234.62203280418245 -1 -1 -1 -1 -1 -1 -1 -1 1 
25 11 Car -1.000000 -1 -1 903.9006169504147 185.58131032008947 964.4145847109073 221.8512038150282 -1 -1 -1 -1 -1 -1 -1 -1 1 
26 1 Car -1.000000 -1 -1 1018.0390538960962 186.51448263965008 1122.2985328883772 255.78695569702958 -1 -1 -1 -1 -1 -1 -1 -1 1 
26 9 Car -1.000000 -1 -1 368.4257738011946 181.5781716553698 570.3144714175572 278.29436087024277 -1 -1 -1 -1 -1 -1 -1 -1 1 
26 10 Car -1.000000 -1 -1 714.5178015876331 185.81059174146546 819.1729474949313 235.14866682026724 -1 -1 -1 -1 -1 -1 -1 -1 1 
26 11 Car -1.000000 -1 -1 864.4876959422531 184.4046232055625 925.1503301714143 220.46017473146398 -1 -1 -1 -1 -1 -1 -1 -1 1 
27 1 Car -1.000000 -1 -1 986.5182381424237 184.932414835116 1084.0702066718254 250.52637019775727 -1 -1 -1 -1 -1 -1 -1 -1 1 
27 9 Car -1.000000 -1 -1 270.48802240003147 179.26967859431798 503.68701334361066 290.07263389634966 -1 -1 -1 -1 -1 -1 -1 -1 1 
27 10 Car -1.000000 -1 -1 671.2072351089707 184.54427480383296 776.1704637066266 233.8710948986256 -1 -1 -1 -1 -1 -1 -1 -1 1 
27 11 Car -1.000000 -1 -1 822.7243684060747 183.06670808189563 884.2108750587498 219.37482210660266 -1 -1 -1 -1 -1 -1 -1 -1 1 
28 1 Car -1.000000 -1 -1 954.8297424088005 184.7058477513045 1047.2965221539282 247.57424300394155 -1 -1 -1 -1 -1 -1 -1 -1 1 
28 9 Car -1.000000 -1 -1 148.68152020944837 178.32156568734231 423.8150819846572 307.3989109695714 -1 -1 -1 -1 -1 -1 -1 -1 1 
28 10 Car -1.000000 -1 -1 620.6916989734896 184.67003973084655 733.7530912925494 237.96028698004676 -1 -1 -1 -1 -1 -1 -1 -1 1 
28 11 Car -1.000000 -1 -1 780.8784636375707 182.89212448274304 843.500430453575 219.74825493667333 -1 -1 -1 -1 -1 -1 -1 -1 1 
29 1 Car -1.000000 -1 -1 920.7132560608209 184.4831197982011 1009.1271005405786 245.58131350637026 -1 -1 -1 -1 -1 -1 -1 -1 1 
29 9 Car -1.000000 -1 -1 30.94589442496826 178.80184944181906 350.2470041898266 329.56357814464246 -1 -1 -1 -1 -1 -1 -1 -1 1 
29 10 Car -1.000000 -1 -1 567.2333187185739 184.2561508815821 689.5238520340597 242.15541798131062 -1 -1 -1 -1 -1 -1 -1 -1 1 
29 11 Car -1.000000 -1 -1 739.283028703444 182.96923681194667 803.6892917381293 220.8702687830654 -1 -1 -1 -1 -1 -1 -1 -1 1 
30 1 Car -1.000000 -1 -1 886.2106196171532 184.58145675209644 969.7896616944184 243.37385760955797 -1 -1 -1 -1 -1 -1 -1 -1 1 
30 9 Car -1.000000 -1 -1 -45.12804602919883 178.45986300170836 273.01862108985245 334.4005247843911 -1 -1 -1 -1 -1 -1 -1 -1 1 
30 10 Car -1.000000 -1 -1 511.051088557315 183.39542246959942 641.2935331425184 245.14129623500918 -1 -1 -1 -1 -1 -1 -1 -1 1 
30 11 Car -1.000000 -1 -1 697.1560496605583 182.36336088138705 763.4742696268802 221.24931237033152 -1 -1 -1 -1 -1 -1 -1 -1 1 
31 1 Car -1.000000 -1 -1 851.9931162848984 184.1847855355127 931.7876072796132 241.38973624364792 -1 -1 -1 -1 -1 -1 -1 -1 1 
31 9 Car -1.000000 -1 -1 -106.16032532261738 178.99897378555028 224.18247596513345 340.9175785623974 -1 -1 -1 -1 -1 -1 -1 -1 1 
31 10 Car -1.000000 -1 -1 449.4222750124699 183.03602614732395 588.7651707660714 249.02810050140369 -1 -1 -1 -1 -1 -1 -1 -1 1 
31 11 Car -1.000000 -1 -1 655.7068640412806 181.9172378899996 723.3871685226801 221.42569935227422 -1 -1 -1 -1 -1 -1 -1 -1 1 
32 1 Car -1.000000 -1 -1 818.2553595616736 183.41521380207877 893.6632697286805 238.47805041800058 -1 -1 -1 -1 -1 -1 -1 -1 1 
32 10 Car -1.000000 -1 -1 377.89606856603626 182.67811864864612 535.1633687953872 257.28150621983843 -1 -1 -1 -1 -1 -1 -1 -1 1 
32 11 Car -1.000000 -1 -1 613.1102636382889 182.2435025658719 681.4449766261912 221.86761909108455 -1 -1 -1 -1 -1 -1 -1 -1 1 
33 1 Car -1.000000 -1 -1 783.4993336365994 182.19591974292703 854.4549436606713 234.95872350949864 -1 -1 -1 -1 -1 -1 -1 -1 1 
33 10 Car -1.000000 -1 -1 297.38711935525464 181.3227819994815 476.0815756355545 265.81097117238244 -1 -1 -1 -1 -1 -1 -1 -1 1 
33 11 Car -1.000000 -1 -1 568.5684671664417 181.495537375436 639.7011554410933 222.56306269359334 -1 -1 -1 -1 -1 -1 -1 -1 1 
34 1 Car -1.000000 -1 -1 747.9052013580684 180.81700219218033 815.759429545775 232.14697203672972 -1 -1 -1 -1 -1 -1 -1 -1 1 
34 10 Car -1.000000 -1 -1 201.751525381244 182.079769492349 406.7267315789224 278.0398091114612 -1 -1 -1 -1 -1 -1 -1 -1 1 
34 11 Car -1.000000 -1 -1 523.0184380212143 180.80009650733223 597.376697084831 223.3622199273955 -1 -1 -1 -1 -1 -1 -1 -1 1 
35 1 Car -1.000000 -1 -1 714.4198793806147 180.35428188977542 777.9370628767322 229.0974826077982 -1 -1 -1 -1 -1 -1 -1 -1 1 
35 10 Car -1.000000 -1 -1 81.75137821423125 183.21175863698124 325.57175383083654 295.44343694884793 -1 -1 -1 -1 -1 -1 -1 -1 1 
35 11 Car -1.000000 -1 -1 476.98810160205164 180.88822938368574 553.8834695662653 224.41279082935662 -1 -1 -1 -1 -1 -1 -1 -1 1 
36 1 Car -1.000000 -1 -1 683.124726695776 180.10672223697077 743.5745260516316 227.07676387939892 -1 -1 -1 -1 -1 -1 -1 -1 1 
36 10 Car -1.000000 -1 -1 -8.760649322538967 185.79350882306704 269.42686693493897 316.8679024666185 -1 -1 -1 -1 -1 -1 -1 -1 1 
36 11 Car -1.000000 -1 -1 430.00478704597725 180.97246166440075 511.1002765504791 226.30740551995217 -1 -1 -1 -1 -1 -1 -1 -1 1 
37 1 Car -1.000000 -1 -1 656.0063554685017 179.58392059703118 714.4708002249786 225.63162839397364 -1 -1 -1 -1 -1 -1 -1 -1 1 
37 10 Car -1.000000 -1 -1 -63.579795784347624 189.43162709650034 200.58004941772256 320.4715152803348 -1 -1 -1 -1 -1 -1 -1 -1 1 
37 11 Car -1.000000 -1 -1 382.49460899750744 180.600014724262 473.7529797265839 231.2301785742981 -1 -1 -1 -1 -1 -1 -1 -1 1 
38 1 Car -1.000000 -1 -1 632.2553926177985 179.86996607716554 688.9450043377108 225.04895147345312 -1 -1 -1 -1 -1 -1 -1 -1 1 
38 10 Car -1.000000 -1 -1 -121.08714153811536 189.76576196050695 152.783291528537 325.6228021729989 -1 -1 -1 -1 -1 -1 -1 -1 1 
38 11 Car -1.000000 -1 -1 337.63077612788265 183.31461165583414 435.13540643613504 236.45133287868552 -1 -1 -1 -1 -1 -1 -1 -1 1 
39 1 Car -1.000000 -1 -1 612.1633643667016 179.30054932948318 668.2622271642658 224.5916905279189 -1 -1 -1 -1 -1 -1 -1 -1 1 
39 11 Car -1.000000 -1 -1 290.87687314221466 184.3420095864396 399.2375099780292 242.46926366839077 -1 -1 -1 -1 -1 -1 -1 -1 1 
40 1 Car -1.000000 -1 -1 595.6081790524763 179.85322221765625 649.4297815023956 223.6919559074038 -1 -1 -1 -1 -1 -1 -1 -1 1 
40 11 Car -1.000000 -1 -1 241.7457675675058 185.6848837554077 362.6441373530636 249.3292826656505 -1 -1 -1 -1 -1 -1 -1 -1 1 
40 37 Car -1.000000 -1 -1 404.99158166336576 183.54054653406388 466.13223970533545 222.56068412230024 -1 -1 -1 -1 -1 -1 -1 -1 1 
41 1 Car -1.000000 -1 -1 582.4021286314274 179.13923167302147 635.1464554401737 222.68670461333448 -1 -1 -1 -1 -1 -1 -1 -1 1 
41 11 Car -1.000000 -1 -1 189.2610259550272 186.5979556185284 326.5458273497376 257.4887674926966 -1 -1 -1 -1 -1 -1 -1 -1 1 
41 37 Car -1.000000 -1 -1 377.5546525755124 184.0318166307122 442.7803929444724 225.57304148142217 -1 -1 -1 -1 -1 -1 -1 -1 1 
42 1 Car -1.000000 -1 -1 571.6612564890567 179.67148132554897 623.4190371849527 222.83720141051856 -1 -1 -1 -1 -1 -1 -1 -1 1 
42 11 Car -1.000000 -1 -1 133.30864337735682 188.5113443610583 287.8102280405212 266.32969358343394 -1 -1 -1 -1 -1 -1 -1 -1 1 
42 37 Car -1.000000 -1 -1 351.1088639566408 185.23529408930798 420.48615390457894 229.26132358348718 -1 -1 -1 -1 -1 -1 -1 -1 1 
43 1 Car -1.000000 -1 -1 563.8199189687797 180.41072708665044 614.9463872358082 223.54987770127607 -1 -1 -1 -1 -1 -1 -1 -1 1 
43 11 Car -1.000000 -1 -1 70.86730586212046 191.23529505259506 249.7189188590063 278.83640311450733 -1 -1 -1 -1 -1 -1 -1 -1 1 
43 37 Car -1.000000 -1 -1 327.2934620711077 187.6841221615111 400.3313476307857 233.6727857962945 -1 -1 -1 -1 -1 -1 -1 -1 1 
43 39 Car -1.000000 -1 -1 407.06581375660744 182.54690660760252 450.5725152860386 218.99369971375177 -1 -1 -1 -1 -1 -1 -1 -1 1 
43 40 Car -1.000000 -1 -1 447.3700074770559 180.258758047902 480.46397972679745 209.88204963469792 -1 -1 -1 -1 -1 -1 -1 -1 1 
44 1 Car -1.000000 -1 -1 559.559830206864 181.12878540688905 609.2190310147096 223.38137978655587 -1 -1 -1 -1 -1 -1 -1 -1 1 
44 11 Car -1.000000 -1 -1 15.257533420191024 193.96943550420858 220.67224703838252 293.8055510644581 -1 -1 -1 -1 -1 -1 -1 -1 1 
44 37 Car -1.000000 -1 -1 304.56182680608305 189.43482722301684 382.3344988615945 237.96677518117332 -1 -1 -1 -1 -1 -1 -1 -1 1 
44 39 Car -1.000000 -1 -1 393.4097650600095 184.00093721964495 438.4046414922319 221.31962484212767 -1 -1 -1 -1 -1 -1 -1 -1 1 
44 40 Car -1.000000 -1 -1 438.83400025969854 182.10120422019557 472.1695002626596 211.96546858752643 -1 -1 -1 -1 -1 -1 -1 -1 1 
45 1 Car -1.000000 -1 -1 557.793903717723 181.67098470317097 605.6865871269982 222.62736465909657 -1 -1 -1 -1 -1 -1 -1 -1 1 
45 11 Car -1.000000 -1 -1 -25.482091484223687 197.25731677269084 201.95688882998667 310.078016835937 -1 -1 -1 -1 -1 -1 -1 -1 1 
45 37 Car -1.000000 -1 -1 281.9200703222382 190.03486500972025 366.60057641589367 242.291021850597 -1 -1 -1 -1 -1 -1 -1 -1 1 
45 39 Car -1.000000 -1 -1 378.90988642540066 183.79325228718457 427.23822670600464 223.4051372335805 -1 -1 -1 -1 -1 -1 -1 -1 1 
45 40 Car -1.000000 -1 -1 431.82271998351325 183.33508942141734 465.9456039532888 213.95934560008683 -1 -1 -1 -1 -1 -1 -1 -1 1 
46 1 Car -1.000000 -1 -1 556.5777876912305 181.57977203460547 603.6264107584445 222.0460122236704 -1 -1 -1 -1 -1 -1 -1 -1 1 
46 11 Car -1.000000 -1 -1 -44.617463432088314 202.22138723654484 165.23092890331355 309.60812021140646 -1 -1 -1 -1 -1 -1 -1 -1 1 
46 37 Car -1.000000 -1 -1 257.6575746849197 191.18128581224738 350.9233291816912 247.9082042722882 -1 -1 -1 -1 -1 -1 -1 -1 1 
46 39 Car -1.000000 -1 -1 365.53774091133016 184.35504830340807 417.4922578652187 226.3314799459363 -1 -1 -1 -1 -1 -1 -1 -1 1 
46 40 Car -1.000000 -1 -1 424.1619557291299 182.8192621246382 459.5732459054785 214.50047730050028 -1 -1 -1 -1 -1 -1 -1 -1 1 
46 41 Car -1.000000 -1 -1 458.020337861101 183.09454517501575 487.44020349801946 208.6147160585603 -1 -1 -1 -1 -1 -1 -1 -1 1 
47 1 Car -1.000000 -1 -1 556.224368050035 181.3968656762945 603.037062899115 221.87487574026053 -1 -1 -1 -1 -1 -1 -1 -1 1 
47 11 Car -1.000000 -1 -1 -88.69691174919834 203.32447380738722 128.19895348166142 314.31748828332593 -1 -1 -1 -1 -1 -1 -1 -1 1 
47 37 Car -1.000000 -1 -1 231.83926778882127 191.53423190126227 334.5996133994259 252.90985941791365 -1 -1 -1 -1 -1 -1 -1 -1 1 
47 39 Car -1.000000 -1 -1 352.5563870852015 186.6295463415581 406.4957696329309 229.74664583827658 -1 -1 -1 -1 -1 -1 -1 -1 1 
47 40 Car -1.000000 -1 -1 417.3433122242206 183.23333315864116 454.9313277745702 216.45697272239317 -1 -1 -1 -1 -1 -1 -1 -1 1 
47 41 Car -1.000000 -1 -1 453.4228715182897 181.07368313787725 485.53985840173505 209.07435300163462 -1 -1 -1 -1 -1 -1 -1 -1 1 
48 1 Car -1.000000 -1 -1 556.6911727905348 181.0491499771681 602.9632032106026 221.3023800825782 -1 -1 -1 -1 -1 -1 -1 -1 1 
48 37 Car -1.000000 -1 -1 198.1733278728964 192.3882943537087 312.46963210555856 259.4840971758645 -1 -1 -1 -1 -1 -1 -1 -1 1 
48 39 Car -1.000000 -1 -1 338.86364158211796 186.68421259002 396.9601746201574 232.44416451907 -1 -1 -1 -1 -1 -1 -1 -1 1 
48 40 Car -1.000000 -1 -1 410.5458950785735 181.37337408324848 450.601855982594 216.9508029883071 -1 -1 -1 -1 -1 -1 -1 -1 1 
48 41 Car -1.000000 -1 -1 451.2064961135262 181.63523963170695 482.2823652307933 208.68461636680104 -1 -1 -1 -1 -1 -1 -1 -1 1 
49 1 Car -1.000000 -1 -1 558.0712733954897 180.82439639014328 602.8730556245105 219.86916497355804 -1 -1 -1 -1 -1 -1 -1 -1 1 
49 37 Car -1.000000 -1 -1 159.9917154919761 193.196938649953 287.20079472991586 266.1656096746011 -1 -1 -1 -1 -1 -1 -1 -1 1 
49 39 Car -1.000000 -1 -1 325.0658234892651 186.19132338264944 388.61508652799705 235.31796228639055 -1 -1 -1 -1 -1 -1 -1 -1 1 
49 40 Car -1.000000 -1 -1 405.3427581209694 183.13471208797745 444.2330331192861 217.3630490722947 -1 -1 -1 -1 -1 -1 -1 -1 1 
49 41 Car -1.000000 -1 -1 449.4297887731617 181.9113516404173 480.0425869711958 208.52259607424747 -1 -1 -1 -1 -1 -1 -1 -1 1 
50 1 Car -1.000000 -1 -1 559.3083241877873 180.63396942725728 604.0423635032237 219.8618861218964 -1 -1 -1 -1 -1 -1 -1 -1 1 
50 37 Car -1.000000 -1 -1 111.31641698656345 194.55823743598808 258.6703853267236 277.10337522069165 -1 -1 -1 -1 -1 -1 -1 -1 1 
50 39 Car -1.000000 -1 -1 309.5841562106534 187.127434351636 378.11954572220696 239.02903339705355 -1 -1 -1 -1 -1 -1 -1 -1 1 
50 40 Car -1.000000 -1 -1 398.146075011973 183.036907806769 440.04335501829314 219.7440434476167 -1 -1 -1 -1 -1 -1 -1 -1 1 
50 41 Car -1.000000 -1 -1 448.58421994642435 184.2327037090878 477.7081971359693 209.5158058825431 -1 -1 -1 -1 -1 -1 -1 -1 1 
51 1 Car -1.000000 -1 -1 560.5643420298039 181.42269552686457 604.5130680090138 220.0861945204904 -1 -1 -1 -1 -1 -1 -1 -1 1 
51 37 Car -1.000000 -1 -1 50.69242057624608 197.19477011314802 222.09299849389964 290.51788311678547 -1 -1 -1 -1 -1 -1 -1 -1 1 
51 39 Car -1.000000 -1 -1 291.5074661828531 188.55817437688637 366.1175147157262 243.782867437552 -1 -1 -1 -1 -1 -1 -1 -1 1 
51 40 Car -1.000000 -1 -1 390.7740103635602 184.5134153000023 434.68317135045476 222.45235678936095 -1 -1 -1 -1 -1 -1 -1 -1 1 
51 41 Car -1.000000 -1 -1 444.13280553711496 187.3250413014784 472.68279395606817 211.76621278813 -1 -1 -1 -1 -1 -1 -1 -1 1 
52 1 Car -1.000000 -1 -1 561.5664955499547 181.80576498392512 605.3572862815572 220.5915379407389 -1 -1 -1 -1 -1 -1 -1 -1 1 
52 37 Car -1.000000 -1 -1 7.0806510408654475 200.74706530927273 199.26133362008608 305.727776390062 -1 -1 -1 -1 -1 -1 -1 -1 1 
52 39 Car -1.000000 -1 -1 268.5305817155199 189.33886879208734 351.4033683758224 249.32450561376646 -1 -1 -1 -1 -1 -1 -1 -1 1 
52 40 Car -1.000000 -1 -1 382.7922357193553 186.5537020630315 428.0115722662782 224.70982178378483 -1 -1 -1 -1 -1 -1 -1 -1 1 
52 41 Car -1.000000 -1 -1 441.2001740698328 191.00951248298986 468.1412618048907 213.21553439922943 -1 -1 -1 -1 -1 -1 -1 -1 1 
53 1 Car -1.000000 -1 -1 562.733833156509 181.27362912500527 605.6748331980161 219.4612030762613 -1 -1 -1 -1 -1 -1 -1 -1 1 
53 37 Car -1.000000 -1 -1 -26.982154966884508 202.9569530739165 174.3131637634404 316.23322226311114 -1 -1 -1 -1 -1 -1 -1 -1 1 
53 39 Car -1.000000 -1 -1 239.38402296498865 188.73935446068913 333.1383039330651 254.63284287502904 -1 -1 -1 -1 -1 -1 -1 -1 1 
53 40 Car -1.000000 -1 -1 372.87435106337404 186.41004361630422 421.0928008042213 226.27599433036866 -1 -1 -1 -1 -1 -1 -1 -1 1 
53 41 Car -1.000000 -1 -1 437.21192424557364 191.261254328113 464.6548946067053 213.33335274671373 -1 -1 -1 -1 -1 -1 -1 -1 1 
54 1 Car -1.000000 -1 -1 564.2175209419707 180.4649727567594 606.0381978064352 217.74775596112488 -1 -1 -1 -1 -1 -1 -1 -1 1 
54 37 Car -1.000000 -1 -1 -56.65476438527713 204.24077084206723 153.19197179438893 322.32917302897437 -1 -1 -1 -1 -1 -1 -1 -1 1 
54 39 Car -1.000000 -1 -1 207.38623776943496 188.3323633222116 312.43865458225207 259.70076064752953 -1 -1 -1 -1 -1 -1 -1 -1 1 
54 40 Car -1.000000 -1 -1 360.7575369624154 185.30974990815065 413.68004337315926 228.3783182674171 -1 -1 -1 -1 -1 -1 -1 -1 1 
54 41 Car -1.000000 -1 -1 432.76862790080924 190.46888470489918 461.6782871269914 213.09294423849744 -1 -1 -1 -1 -1 -1 -1 -1 1 
55 1 Car -1.000000 -1 -1 565.2646424343272 180.4036961226284 606.6654249585832 217.36333953580714 -1 -1 -1 -1 -1 -1 -1 -1 1 
55 39 Car -1.000000 -1 -1 166.28019498242625 188.85516490404487 288.66904181930164 269.44632789093646 -1 -1 -1 -1 -1 -1 -1 -1 1 
55 40 Car -1.000000 -1 -1 348.38505836850584 185.53748894701494 404.34705830706525 230.24139982316385 -1 -1 -1 -1 -1 -1 -1 -1 1 
55 41 Car -1.000000 -1 -1 428.42926838339616 190.114387240288 459.0305403941979 213.3081880847856 -1 -1 -1 -1 -1 -1 -1 -1 1 
56 1 Car -1.000000 -1 -1 566.5221948355897 181.28134945426567 608.2784443510711 218.73954446952575 -1 -1 -1 -1 -1 -1 -1 -1 1 
56 39 Car -1.000000 -1 -1 116.5649706331099 190.79995897606312 258.23461893420864 280.9771130908373 -1 -1 -1 -1 -1 -1 -1 -1 1 
56 40 Car -1.000000 -1 -1 333.4412581604651 185.28928485378006 395.6566413708701 234.27775376904722 -1 -1 -1 -1 -1 -1 -1 -1 1 
56 41 Car -1.000000 -1 -1 423.1487684941007 190.0681067720385 457.5455893015273 215.64163874220438 -1 -1 -1 -1 -1 -1 -1 -1 1 
57 1 Car -1.000000 -1 -1 568.0308109107172 183.71397721043326 608.6252931214647 220.1472990499326 -1 -1 -1 -1 -1 -1 -1 -1 1 
57 39 Car -1.000000 -1 -1 56.28394694821304 193.04746396927194 221.79668815693236 294.66593618952646 -1 -1 -1 -1 -1 -1 -1 -1 1 
57 40 Car -1.000000 -1 -1 316.4490611194169 185.9215276861588 385.0485571171976 239.0611361093454 -1 -1 -1 -1 -1 -1 -1 -1 1 
57 41 Car -1.000000 -1 -1 417.01843932374237 191.49338003998213 453.93996148114854 218.2335615349887 -1 -1 -1 -1 -1 -1 -1 -1 1 
58 1 Car -1.000000 -1 -1 568.9558680111215 185.36500142762955 609.4084208636916 221.77366092320472 -1 -1 -1 -1 -1 -1 -1 -1 1 
58 39 Car -1.000000 -1 -1 13.04937511108399 195.7080134394016 199.03946352974089 310.0172209155105 -1 -1 -1 -1 -1 -1 -1 -1 1 
58 40 Car -1.000000 -1 -1 299.66202364228116 187.78305583205164 372.6352475571051 242.77146423804862 -1 -1 -1 -1 -1 -1 -1 -1 1 
58 41 Car -1.000000 -1 -1 410.7125655877946 191.99513308541097 450.84688286348137 220.34809870415353 -1 -1 -1 -1 -1 -1 -1 -1 1 
59 1 Car -1.000000 -1 -1 570.47198897519 185.05451819640842 610.2996894944908 221.0408387683701 -1 -1 -1 -1 -1 -1 -1 -1 1 
59 39 Car -1.000000 -1 -1 -18.222540473199615 196.39663259883736 168.8613445083608 314.4932556815633 -1 -1 -1 -1 -1 -1 -1 -1 1 
59 40 Car -1.000000 -1 -1 277.72292231792545 187.35631166766447 359.4996115219351 247.69488518673148 -1 -1 -1 -1 -1 -1 -1 -1 1 
59 41 Car -1.000000 -1 -1 404.4037430524995 191.609247767687 447.56276956686395 221.34401917696576 -1 -1 -1 -1 -1 -1 -1 -1 1 
60 1 Car -1.000000 -1 -1 572.1399675107871 183.68595282592952 611.3545209759867 219.28134023887122 -1 -1 -1 -1 -1 -1 -1 -1 1 
60 39 Car -1.000000 -1 -1 -42.28415438584074 197.20637641496802 152.12892912474774 319.92937137950804 -1 -1 -1 -1 -1 -1 -1 -1 1 
60 40 Car -1.000000 -1 -1 251.9679326109616 186.17436023502995 341.1219126668982 250.16635481486617 -1 -1 -1 -1 -1 -1 -1 -1 1 
60 41 Car -1.000000 -1 -1 396.9860156418056 191.45407454636825 442.2845543124992 221.8367507459101 -1 -1 -1 -1 -1 -1 -1 -1 1 
61 1 Car -1.000000 -1 -1 574.1348099427942 181.88307008870362 612.6340252359474 216.96361849659365 -1 -1 -1 -1 -1 -1 -1 -1 1 
61 40 Car -1.000000 -1 -1 220.69301916532194 185.24700101610665 320.92395282282007 255.26433818255384 -1 -1 -1 -1 -1 -1 -1 -1 1 
61 41 Car -1.000000 -1 -1 387.9743327286035 186.7327050297695 440.0468671437065 221.32145304617646 -1 -1 -1 -1 -1 -1 -1 -1 1 
62 1 Car -1.000000 -1 -1 576.2573179544057 180.5394738041973 613.6843436675878 214.75678686465733 -1 -1 -1 -1 -1 -1 -1 -1 1 
62 40 Car -1.000000 -1 -1 183.13325927246652 184.2128666000451 297.1194337730222 261.48970443935275 -1 -1 -1 -1 -1 -1 -1 -1 1 
62 41 Car -1.000000 -1 -1 378.0778838947955 184.1785500530216 435.67478554851016 222.0853009483562 -1 -1 -1 -1 -1 -1 -1 -1 1 
63 1 Car -1.000000 -1 -1 578.3921821342341 178.85771841245327 616.1028678179246 213.3672022430128 -1 -1 -1 -1 -1 -1 -1 -1 1 
63 40 Car -1.000000 -1 -1 137.15089301773878 184.95702921327978 266.15846324209485 269.4404907353115 -1 -1 -1 -1 -1 -1 -1 -1 1 
63 41 Car -1.000000 -1 -1 368.3802365080186 183.62727926027856 429.4605314328945 223.121520518033 -1 -1 -1 -1 -1 -1 -1 -1 1 
64 1 Car -1.000000 -1 -1 579.6555733651112 178.11316255961324 617.7111878590275 213.15549458739756 -1 -1 -1 -1 -1 -1 -1 -1 1 
64 40 Car -1.000000 -1 -1 77.65219899628325 185.68675992674855 230.74250916608253 282.4215436430966 -1 -1 -1 -1 -1 -1 -1 -1 1 
64 41 Car -1.000000 -1 -1 358.72640273764756 185.27535320000575 422.10009234840834 225.2869424256376 -1 -1 -1 -1 -1 -1 -1 -1 1 
65 1 Car -1.000000 -1 -1 581.4805684217404 178.9457931004655 618.9205478572953 213.70003758690353 -1 -1 -1 -1 -1 -1 -1 -1 1 
65 40 Car -1.000000 -1 -1 25.18514477631743 188.37476089963388 203.6176422254178 300.731270830393 -1 -1 -1 -1 -1 -1 -1 -1 1 
65 41 Car -1.000000 -1 -1 344.663842874142 186.87241458728872 415.1095532337834 230.60830445455088 -1 -1 -1 -1 -1 -1 -1 -1 1 
66 1 Car -1.000000 -1 -1 583.8526898876928 180.64587416075761 619.60640174744 213.8854948735437 -1 -1 -1 -1 -1 -1 -1 -1 1 
66 40 Car -1.000000 -1 -1 -13.124007033338145 191.32962198884843 174.25211022091918 312.744260457839 -1 -1 -1 -1 -1 -1 -1 -1 1 
66 41 Car -1.000000 -1 -1 330.0378948356438 189.77463098103544 405.8517699061049 235.8859665396581 -1 -1 -1 -1 -1 -1 -1 -1 1 
67 1 Car -1.000000 -1 -1 585.8989002698914 179.57213589297191 621.1503208629837 212.4172622029571 -1 -1 -1 -1 -1 -1 -1 -1 1 
67 40 Car -1.000000 -1 -1 -35.237210293091096 191.76816757377713 159.15505943664704 317.7287286261016 -1 -1 -1 -1 -1 -1 -1 -1 1 
67 41 Car -1.000000 -1 -1 312.02359157256035 190.46641921427255 394.53369388415587 239.58695462176294 -1 -1 -1 -1 -1 -1 -1 -1 1 
68 1 Car -1.000000 -1 -1 587.9287544239485 176.4445077141178 622.1079707755258 208.29333839063796 -1 -1 -1 -1 -1 -1 -1 -1 1 
68 41 Car -1.000000 -1 -1 291.0151160207032 188.8492075687435 381.57695024989295 241.4978208931214 -1 -1 -1 -1 -1 -1 -1 -1 1 
69 1 Car -1.000000 -1 -1 588.5707137406744 173.12611268198648 622.7910359252228 205.04305330623248 -1 -1 -1 -1 -1 -1 -1 -1 1 
69 41 Car -1.000000 -1 -1 265.50207682584954 186.8716753095477 365.84164436612673 243.73227844267478 -1 -1 -1 -1 -1 -1 -1 -1 1 
70 1 Car -1.000000 -1 -1 589.2414383995783 172.6691494780166 623.2330955675443 204.35260612970976 -1 -1 -1 -1 -1 -1 -1 -1 1 
70 41 Car -1.000000 -1 -1 232.14862850497377 187.6557185077862 347.03846458313444 251.25213357762723 -1 -1 -1 -1 -1 -1 -1 -1 1 
71 1 Car -1.000000 -1 -1 590.4280037657268 176.44238446331323 623.4676820266791 207.12364967852486 -1 -1 -1 -1 -1 -1 -1 -1 1 
71 41 Car -1.000000 -1 -1 191.75757989093904 191.84925116731824 325.14360569468397 263.9618626994178 -1 -1 -1 -1 -1 -1 -1 -1 1 
72 1 Car -1.000000 -1 -1 590.0511970575914 179.54059967581475 623.5406344917648 210.70985815410927 -1 -1 -1 -1 -1 -1 -1 -1 1 
72 41 Car -1.000000 -1 -1 142.56961976691713 197.02059469284205 295.0220523359643 276.8957913460388 -1 -1 -1 -1 -1 -1 -1 -1 1 
73 1 Car -1.000000 -1 -1 589.944418610814 180.7016465533021 623.4559586139411 211.95844375289238 -1 -1 -1 -1 -1 -1 -1 -1 1 
73 41 Car -1.000000 -1 -1 75.19204081869329 200.5873725698499 258.87780342443375 294.0400869395165 -1 -1 -1 -1 -1 -1 -1 -1 1 
74 1 Car -1.000000 -1 -1 589.777732425173 180.3090519347606 622.7680958450767 211.0370387152145 -1 -1 -1 -1 -1 -1 -1 -1 1 
74 41 Car -1.000000 -1 -1 24.051177649982776 203.83654230305905 231.1083765492018 309.02896421701837 -1 -1 -1 -1 -1 -1 -1 -1 1 
75 1 Car -1.000000 -1 -1 589.7284838014564 179.32895811208542 620.2537536274962 207.47708302978373 -1 -1 -1 -1 -1 -1 -1 -1 1 
75 41 Car -1.000000 -1 -1 -11.555487018960122 208.05660534782288 198.12842072159944 317.1283551913032 -1 -1 -1 -1 -1 -1 -1 -1 1 
76 1 Car -1.000000 -1 -1 589.0754968828924 178.84057575960693 617.7277869608546 205.12596375309454 -1 -1 -1 -1 -1 -1 -1 -1 1 
76 41 Car -1.000000 -1 -1 -32.145524068267235 209.109018902132 185.0249697280768 322.0745519961632 -1 -1 -1 -1 -1 -1 -1 -1 1 
77 1 Car -1.000000 -1 -1 587.9516969255209 179.84409920299208 617.3033647483836 206.64344875981286 -1 -1 -1 -1 -1 -1 -1 -1 1 
78 1 Car -1.000000 -1 -1 586.2030979283195 179.5615736642428 615.8864203008114 206.72599515080648 -1 -1 -1 -1 -1 -1 -1 -1 1 
79 1 Car -1.000000 -1 -1 584.2561227350062 178.80777420335974 615.4188947758743 207.43390291000216 -1 -1 -1 -1 -1 -1 -1 -1 1 
80 1 Car -1.000000 -1 -1 582.8060505730423 178.80156685551876 613.885021262683 207.46520261310837 -1 -1 -1 -1 -1 -1 -1 -1 1 
81 1 Car -1.000000 -1 -1 581.8706812108278 176.65741001599173 612.0820530496972 204.60543957139768 -1 -1 -1 -1 -1 -1 -1 -1 1 
82 1 Car -1.000000 -1 -1 580.4722333641203 172.98507282189806 610.453276021269 200.6955110738951 -1 -1 -1 -1 -1 -1 -1 -1 1 
83 1 Car -1.000000 -1 -1 578.5688494683111 169.37125255021814 609.6680419117012 198.27086601712645 -1 -1 -1 -1 -1 -1 -1 -1 1 
84 1 Car -1.000000 -1 -1 576.7574864155029 168.3532954897374 607.4239683207782 196.81616848463742 -1 -1 -1 -1 -1 -1 -1 -1 1 
85 1 Car -1.000000 -1 -1 576.102725932837 169.07834275020005 605.4899764331233 196.268087073065 -1 -1 -1 -1 -1 -1 -1 -1 1 
86 1 Car -1.000000 -1 -1 575.4793213277086 170.5510772293957 604.6598465194044 197.5829425319529 -1 -1 -1 -1 -1 -1 -1 -1 1 
87 1 Car -1.000000 -1 -1 575.4255276088985 173.161869632833 603.7904438473303 199.32615771857002 -1 -1 -1 -1 -1 -1 -1 -1 1 
88 1 Car -1.000000 -1 -1 574.7450584169894 175.1289411565399 603.5080704786233 201.73402589791957 -1 -1 -1 -1 -1 -1 -1 -1 1 
89 1 Car -1.000000 -1 -1 575.1707240031984 178.10152848999329 603.1505803693224 203.957801209117 -1 -1 -1 -1 -1 -1 -1 -1 1 
89 51 Car -1.000000 -1 -1 381.3975953324698 165.4925251700734 446.8526478390146 200.60486805925396 -1 -1 -1 -1 -1 -1 -1 -1 1 
90 1 Car -1.000000 -1 -1 574.1056590964736 178.20176924665967 602.9112244810241 204.9045566241049 -1 -1 -1 -1 -1 -1 -1 -1 1 
90 51 Car -1.000000 -1 -1 373.19895808095254 164.6065672756571 440.8356799516827 200.7304040963665 -1 -1 -1 -1 -1 -1 -1 -1 1 
91 1 Car -1.000000 -1 -1 573.515483853861 178.34437075499304 602.6208674999903 205.4339807347505 -1 -1 -1 -1 -1 -1 -1 -1 1 
91 51 Car -1.000000 -1 -1 367.0377356234229 163.41264779044218 436.7044697392239 200.40572507835446 -1 -1 -1 -1 -1 -1 -1 -1 1 
92 1 Car -1.000000 -1 -1 574.0764836697325 179.06256189316366 602.6888317724258 205.63748092587622 -1 -1 -1 -1 -1 -1 -1 -1 1 
92 51 Car -1.000000 -1 -1 358.8763783302498 163.4701869342735 431.762321275665 201.7698704807962 -1 -1 -1 -1 -1 -1 -1 -1 1 
93 1 Car -1.000000 -1 -1 574.3707119563402 179.70572810766572 602.5817231215391 205.89431404763047 -1 -1 -1 -1 -1 -1 -1 -1 1 
93 51 Car -1.000000 -1 -1 352.82553127033947 163.84292932070665 429.62929738558955 203.8291246334958 -1 -1 -1 -1 -1 -1 -1 -1 1 
94 1 Car -1.000000 -1 -1 575.6918106006146 180.9477503022054 602.6120871953333 205.8774956573577 -1 -1 -1 -1 -1 -1 -1 -1 1 
94 51 Car -1.000000 -1 -1 345.48550664493956 164.98586380636237 427.584423401163 207.29976768684082 -1 -1 -1 -1 -1 -1 -1 -1 1 
95 1 Car -1.000000 -1 -1 577.3121005862519 182.5619465707258 603.0363321582129 206.14181194822046 -1 -1 -1 -1 -1 -1 -1 -1 1 
95 51 Car -1.000000 -1 -1 336.8898471784196 164.74590679958155 423.80627473887614 208.9945552079231 -1 -1 -1 -1 -1 -1 -1 -1 1 
96 1 Car -1.000000 -1 -1 577.3201958836012 183.21064248489907 602.5930330226182 206.377035345746 -1 -1 -1 -1 -1 -1 -1 -1 1 
96 51 Car -1.000000 -1 -1 327.48953195753245 163.44309208872278 419.8511903076462 209.74319150390613 -1 -1 -1 -1 -1 -1 -1 -1 1 
97 1 Car -1.000000 -1 -1 577.5878807103894 181.2011512200826 604.7002891726855 206.06271506911622 -1 -1 -1 -1 -1 -1 -1 -1 1 
97 51 Car -1.000000 -1 -1 317.56638977159787 161.88826722901305 414.7617888528172 209.57246782911375 -1 -1 -1 -1 -1 -1 -1 -1 1 
98 1 Car -1.000000 -1 -1 577.6268899203391 181.5272101396127 604.5671569501083 206.23123770122686 -1 -1 -1 -1 -1 -1 -1 -1 1 
98 51 Car -1.000000 -1 -1 304.55032991005316 158.71802473450438 410.6468386758953 209.6351886383847 -1 -1 -1 -1 -1 -1 -1 -1 1 
99 51 Car -1.000000 -1 -1 289.5813309289831 155.64198501650185 407.5344651147525 211.24542093995734 -1 -1 -1 -1 -1 -1 -1 -1 1 
100 1 Car -1.000000 -1 -1 579.8584544603498 179.65125487374974 606.8145416199484 204.39648173320313 -1 -1 -1 -1 -1 -1 -1 -1 1 
100 51 Car -1.000000 -1 -1 272.7791186448235 152.03863764884505 402.34513806695634 211.9799602865102 -1 -1 -1 -1 -1 -1 -1 -1 1 
101 1 Car -1.000000 -1 -1 580.715125280751 177.69763222743046 607.9567678530827 202.57870138922345 -1 -1 -1 -1 -1 -1 -1 -1 1 
101 51 Car -1.000000 -1 -1 254.00656941494935 148.6728364457871 393.6096337855503 211.816266856459 -1 -1 -1 -1 -1 -1 -1 -1 1 
102 1 Car -1.000000 -1 -1 581.2068482055024 176.8384300991904 608.7838908060058 202.1675322825932 -1 -1 -1 -1 -1 -1 -1 -1 1 
102 51 Car -1.000000 -1 -1 232.9258354706877 145.82917520036116 384.83173892862374 212.7392647052018 -1 -1 -1 -1 -1 -1 -1 -1 1 
103 1 Car -1.000000 -1 -1 581.6869001325402 176.8165444684096 609.1235379064011 202.11919961430138 -1 -1 -1 -1 -1 -1 -1 -1 1 
103 51 Car -1.000000 -1 -1 208.98747291352072 143.46068373077154 378.18352083666275 215.09848343717897 -1 -1 -1 -1 -1 -1 -1 -1 1 
104 1 Car -1.000000 -1 -1 582.6648900359472 176.7988493564291 608.9946164200387 201.17898240251537 -1 -1 -1 -1 -1 -1 -1 -1 1 
104 51 Car -1.000000 -1 -1 198.0135412154799 142.05664194493318 373.10834137645884 216.1918752961889 -1 -1 -1 -1 -1 -1 -1 -1 1 
105 1 Car -1.000000 -1 -1 583.3727325717877 176.0726032192525 609.1284171464523 199.83244715160322 -1 -1 -1 -1 -1 -1 -1 -1 1 
106 1 Car -1.000000 -1 -1 584.1428302652382 175.02890495519668 609.9977521645103 198.77406276468568 -1 -1 -1 -1 -1 -1 -1 -1 1 
107 1 Car -1.000000 -1 -1 584.1357807992525 173.66641589196396 611.286829437102 198.54717171822696 -1 -1 -1 -1 -1 -1 -1 -1 1 
108 1 Car -1.000000 -1 -1 584.093385776133 172.79404856781653 611.1389351694514 197.5458790037181 -1 -1 -1 -1 -1 -1 -1 -1 1 
109 1 Car -1.000000 -1 -1 584.1739260813462 171.71591239219802 611.1991646240413 196.51240443280128 -1 -1 -1 -1 -1 -1 -1 -1 1 
110 1 Car -1.000000 -1 -1 584.248645189869 171.49861160791434 610.9723417050169 195.94720146666964 -1 -1 -1 -1 -1 -1 -1 -1 1 
111 1 Car -1.000000 -1 -1 584.4042076225804 172.0678513889413 611.2848259097619 196.56774058658584 -1 -1 -1 -1 -1 -1 -1 -1 1 
112 1 Car -1.000000 -1 -1 584.0226891333588 172.70892926335026 611.6292682593086 197.8190650672848 -1 -1 -1 -1 -1 -1 -1 -1 1 
113 1 Car -1.000000 -1 -1 583.9471306609566 174.01876920946674 611.4966827403287 199.02560292618796 -1 -1 -1 -1 -1 -1 -1 -1 1 
114 1 Car -1.000000 -1 -1 584.1725706653051 175.39871366593584 610.9300602583692 199.5222999345409 -1 -1 -1 -1 -1 -1 -1 -1 1 
115 1 Car -1.000000 -1 -1 583.7121753384879 177.57969492387912 610.0885043122676 201.28243681499086 -1 -1 -1 -1 -1 -1 -1 -1 1 
116 1 Car -1.000000 -1 -1 584.5224736064733 180.52864551571116 609.6719636904548 202.87307113461145 -1 -1 -1 -1 -1 -1 -1 -1 1 
117 1 Car -1.000000 -1 -1 584.9252895394167 181.06304833705576 609.0434588626396 202.22384977462886 -1 -1 -1 -1 -1 -1 -1 -1 1 
118 1 Car -1.000000 -1 -1 585.2086885884723 181.6465293525418 608.8989787746723 202.4320765237934 -1 -1 -1 -1 -1 -1 -1 -1 1 
120 1 Car -1.000000 -1 -1 584.4302669703171 180.6372197845099 609.2240228751202 202.32909405243157 -1 -1 -1 -1 -1 -1 -1 -1 1 
121 1 Car -1.000000 -1 -1 584.5617752505184 180.96783947690557 609.1464735245121 202.47696745846702 -1 -1 -1 -1 -1 -1 -1 -1 1 
126 1 Car -1.000000 -1 -1 585.1786670576363 175.9070788449335 613.6132099506963 200.96310068267354 -1 -1 -1 -1 -1 -1 -1 -1 1 
127 1 Car -1.000000 -1 -1 585.0376852100062 175.14931049724703 614.1073569804205 200.79625172492274 -1 -1 -1 -1 -1 -1 -1 -1 1 
127 60 Car -1.000000 -1 -1 464.98841517800946 168.37624755717852 500.24672208693653 200.28168178366673 -1 -1 -1 -1 -1 -1 -1 -1 1 
128 1 Car -1.000000 -1 -1 585.1334878934916 174.84271948070642 614.4806126370098 200.73466065581772 -1 -1 -1 -1 -1 -1 -1 -1 1 
128 60 Car -1.000000 -1 -1 460.8306099862638 168.6383203697141 497.8197668032564 202.02840528859048 -1 -1 -1 -1 -1 -1 -1 -1 1 
129 1 Car -1.000000 -1 -1 586.2491340977509 174.92176093569225 615.0977166146254 200.3717883755007 -1 -1 -1 -1 -1 -1 -1 -1 1 
129 60 Car -1.000000 -1 -1 454.4834964370773 168.2887997263304 493.5113503148971 203.30917563583995 -1 -1 -1 -1 -1 -1 -1 -1 1 
129 61 Car -1.000000 -1 -1 263.99499934571065 171.19878197491727 351.6126901711462 225.5560604356883 -1 -1 -1 -1 -1 -1 -1 -1 1 
130 1 Car -1.000000 -1 -1 587.1276228658047 175.19326639562445 614.9468562027126 199.55829302424343 -1 -1 -1 -1 -1 -1 -1 -1 1 
130 60 Car -1.000000 -1 -1 450.5882886428071 167.9166915045222 491.2250687999123 204.38078452212213 -1 -1 -1 -1 -1 -1 -1 -1 1 
130 61 Car -1.000000 -1 -1 227.5059095579386 170.27150063545594 327.9247037688855 232.8498009285418 -1 -1 -1 -1 -1 -1 -1 -1 1 
130 62 Car -1.000000 -1 -1 63.586747283355535 183.26462991881982 249.5822669023438 281.6594354803848 -1 -1 -1 -1 -1 -1 -1 -1 1 
131 1 Car -1.000000 -1 -1 587.3836627357781 174.9698304797351 615.2817340100846 199.40408645817627 -1 -1 -1 -1 -1 -1 -1 -1 1 
131 60 Car -1.000000 -1 -1 437.12797233501175 166.14839999197056 481.89183656779414 206.35568204213084 -1 -1 -1 -1 -1 -1 -1 -1 1 
131 61 Car -1.000000 -1 -1 174.03925654150243 169.3929496092871 291.3574747345665 242.24960885302573 -1 -1 -1 -1 -1 -1 -1 -1 1 
131 62 Car -1.000000 -1 -1 -21.228634192547958 183.31740966331415 212.2094427704503 308.482561566795 -1 -1 -1 -1 -1 -1 -1 -1 1 
132 1 Car -1.000000 -1 -1 588.7404548769107 174.4628614210212 616.0432797398148 198.26682950832452 -1 -1 -1 -1 -1 -1 -1 -1 1 
132 60 Car -1.000000 -1 -1 427.34498322599944 164.95952373027194 475.5925812604521 208.12321985955646 -1 -1 -1 -1 -1 -1 -1 -1 1 
132 61 Car -1.000000 -1 -1 109.43190385162787 168.17261648911364 248.5520740410808 254.06858591883858 -1 -1 -1 -1 -1 -1 -1 -1 1 
132 62 Car -1.000000 -1 -1 -75.85399907124388 183.58153776483783 182.75435144093495 322.24252379649596 -1 -1 -1 -1 -1 -1 -1 -1 1 
133 1 Car -1.000000 -1 -1 590.0815785957514 174.1670485953356 616.4607121970423 196.69395822134746 -1 -1 -1 -1 -1 -1 -1 -1 1 
133 60 Car -1.000000 -1 -1 415.3649051953344 163.27582174567584 468.22938435967967 210.3731205535862 -1 -1 -1 -1 -1 -1 -1 -1 1 
133 61 Car -1.000000 -1 -1 34.95464266999237 166.95542419015538 198.66690369590913 267.06079425929676 -1 -1 -1 -1 -1 -1 -1 -1 1 
134 1 Car -1.000000 -1 -1 590.5879833289141 173.91063329453345 616.8062427548161 196.30025579920985 -1 -1 -1 -1 -1 -1 -1 -1 1 
134 60 Car -1.000000 -1 -1 402.2971570518041 162.90864770603687 459.64875380739795 213.661845901927 -1 -1 -1 -1 -1 -1 -1 -1 1 
134 61 Car -1.000000 -1 -1 -15.71883867404739 168.34278698066598 157.5832196548003 276.2431919072605 -1 -1 -1 -1 -1 -1 -1 -1 1 
135 1 Car -1.000000 -1 -1 591.2573563256385 177.05620729596703 616.8748459691926 198.93206834150777 -1 -1 -1 -1 -1 -1 -1 -1 1 
135 60 Car -1.000000 -1 -1 385.4179366202492 164.91998193830386 447.6598895833976 219.3969407990875 -1 -1 -1 -1 -1 -1 -1 -1 1 
135 61 Car -1.000000 -1 -1 -57.847439774376106 167.6002630396025 127.96785384144175 283.2915950823772 -1 -1 -1 -1 -1 -1 -1 -1 1 
136 1 Car -1.000000 -1 -1 592.5939796454343 180.14831669153517 616.8083855238756 200.37331371086916 -1 -1 -1 -1 -1 -1 -1 -1 1 
136 60 Car -1.000000 -1 -1 365.674939923378 166.5014071210625 434.5728471882496 226.07009761631178 -1 -1 -1 -1 -1 -1 -1 -1 1 
137 1 Car -1.000000 -1 -1 591.5772021927146 181.74177074841805 617.1779596501818 202.9208152665983 -1 -1 -1 -1 -1 -1 -1 -1 1 
137 60 Car -1.000000 -1 -1 340.9885374030033 166.71137603289176 418.28195964444745 232.41747220327292 -1 -1 -1 -1 -1 -1 -1 -1 1 
138 1 Car -1.000000 -1 -1 590.6862553699826 181.81740545635984 617.9207584091727 204.17883323283718 -1 -1 -1 -1 -1 -1 -1 -1 1 
138 60 Car -1.000000 -1 -1 310.468427669044 165.91730334497998 397.5955440118424 238.28011915860242 -1 -1 -1 -1 -1 -1 -1 -1 1 
139 1 Car -1.000000 -1 -1 590.2191248840801 181.79035232056611 618.2658372827233 204.66833183897586 -1 -1 -1 -1 -1 -1 -1 -1 1 
139 60 Car -1.000000 -1 -1 271.438658489815 164.66802589340367 372.755147233366 246.492750349351 -1 -1 -1 -1 -1 -1 -1 -1 1 
139 65 Car -1.000000 -1 -1 460.0558816650977 185.6547649779585 486.9079703398522 206.61047440341906 -1 -1 -1 -1 -1 -1 -1 -1 1 
140 1 Car -1.000000 -1 -1 589.7217749786751 181.05670508611553 618.184362253956 204.17916210294166 -1 -1 -1 -1 -1 -1 -1 -1 1 
140 60 Car -1.000000 -1 -1 217.23265457335123 161.34198430057108 338.6237905475425 256.0428518961482 -1 -1 -1 -1 -1 -1 -1 -1 1 
140 65 Car -1.000000 -1 -1 457.2410091193194 186.16216089928741 483.9543561517145 207.00959459860812 -1 -1 -1 -1 -1 -1 -1 -1 1 
141 1 Car -1.000000 -1 -1 589.3301108282226 181.03354499835038 618.0899884436415 204.41920226063155 -1 -1 -1 -1 -1 -1 -1 -1 1 
141 60 Car -1.000000 -1 -1 140.721568335609 157.1365906558076 292.85289192522214 270.8782908855774 -1 -1 -1 -1 -1 -1 -1 -1 1 
142 1 Car -1.000000 -1 -1 588.5847471598369 180.94030012122147 617.7389996860131 204.67784596849722 -1 -1 -1 -1 -1 -1 -1 -1 1 
142 60 Car -1.000000 -1 -1 59.0155352238108 151.90279333236384 250.9791217794796 293.39323610455517 -1 -1 -1 -1 -1 -1 -1 -1 1 
143 1 Car -1.000000 -1 -1 588.588433191633 181.2140403224516 617.8853497793518 205.0677018614806 -1 -1 -1 -1 -1 -1 -1 -1 1 
143 60 Car -1.000000 -1 -1 -0.38279634591530964 143.6718194338137 206.94934136938343 300.7482666353774 -1 -1 -1 -1 -1 -1 -1 -1 1 
143 66 Car -1.000000 -1 -1 425.0984039538439 184.31233104628456 461.50794336042554 210.97984855375293 -1 -1 -1 -1 -1 -1 -1 -1 1 
144 1 Car -1.000000 -1 -1 587.3344002574539 176.3157349217927 617.4465079057477 201.03260160164376 -1 -1 -1 -1 -1 -1 -1 -1 1 
144 60 Car -1.000000 -1 -1 -23.92042932358467 142.40225077545017 191.908127406393 305.9154585561872 -1 -1 -1 -1 -1 -1 -1 -1 1 
144 66 Car -1.000000 -1 -1 414.2900178449692 185.51181285782457 449.4476925517831 210.92178889524453 -1 -1 -1 -1 -1 -1 -1 -1 1 
145 1 Car -1.000000 -1 -1 587.2301074466459 174.57013993007425 616.2587201332699 198.39045101419623 -1 -1 -1 -1 -1 -1 -1 -1 1 
145 66 Car -1.000000 -1 -1 398.8955745909239 184.17801852391577 437.64644240258815 211.8611873591648 -1 -1 -1 -1 -1 -1 -1 -1 1 
146 1 Car -1.000000 -1 -1 586.7630796757941 173.6080652164998 615.4929803897116 197.27139584905325 -1 -1 -1 -1 -1 -1 -1 -1 1 
146 66 Car -1.000000 -1 -1 389.91582431658406 184.31360645077112 429.1328835182529 212.3298155750618 -1 -1 -1 -1 -1 -1 -1 -1 1 
147 1 Car -1.000000 -1 -1 586.5937471051622 173.1620983532259 615.3943049573071 196.88361959964288 -1 -1 -1 -1 -1 -1 -1 -1 1 
149 1 Car -1.000000 -1 -1 586.235952924456 175.19407327933132 615.1233404781988 199.0990593165782 -1 -1 -1 -1 -1 -1 -1 -1 1 
149 65 Car -1.000000 -1 -1 437.22993131625975 182.07800301343164 469.5120909217559 207.22876180389434 -1 -1 -1 -1 -1 -1 -1 -1 1 
149 69 Car -1.000000 -1 -1 293.08000269364516 187.72983901635826 379.00819068130943 234.4546793282814 -1 -1 -1 -1 -1 -1 -1 -1 1 
150 1 Car -1.000000 -1 -1 585.9408074578797 176.63935744952053 614.5898718540989 200.5031415949124 -1 -1 -1 -1 -1 -1 -1 -1 1 
150 65 Car -1.000000 -1 -1 431.0398391891869 182.88673854718868 467.18393637554317 210.85279748656436 -1 -1 -1 -1 -1 -1 -1 -1 1 
150 69 Car -1.000000 -1 -1 253.06544171207884 193.0850194779441 350.2689417644772 245.62931588529904 -1 -1 -1 -1 -1 -1 -1 -1 1 
151 1 Car -1.000000 -1 -1 585.9676209390497 176.25603527280805 614.2904106972084 200.0138460980198 -1 -1 -1 -1 -1 -1 -1 -1 1 
151 65 Car -1.000000 -1 -1 417.96833899091195 183.09625853900457 458.6321221641862 213.7171170029253 -1 -1 -1 -1 -1 -1 -1 -1 1 
151 69 Car -1.000000 -1 -1 195.73296924049228 193.48555231249668 315.79678404385226 257.98397832314095 -1 -1 -1 -1 -1 -1 -1 -1 1 
152 1 Car -1.000000 -1 -1 585.7819432963977 176.22232731672784 614.1483880247725 200.01681113459296 -1 -1 -1 -1 -1 -1 -1 -1 1 
152 65 Car -1.000000 -1 -1 404.913507099607 181.0134574949216 448.1309019002076 212.65883813637754 -1 -1 -1 -1 -1 -1 -1 -1 1 
152 69 Car -1.000000 -1 -1 121.59373464153882 194.53048987575357 265.81826413676447 270.95844266115716 -1 -1 -1 -1 -1 -1 -1 -1 1 
153 65 Car -1.000000 -1 -1 391.7621764648475 180.0778178161332 437.2140610918728 212.5027857466307 -1 -1 -1 -1 -1 -1 -1 -1 1 
153 69 Car -1.000000 -1 -1 39.310544481197425 196.71250861745705 212.64184468474446 288.0490620141583 -1 -1 -1 -1 -1 -1 -1 -1 1 
154 65 Car -1.000000 -1 -1 373.3767798758291 180.0100688513207 424.44105271180746 215.69089891764477 -1 -1 -1 -1 -1 -1 -1 -1 1 
154 69 Car -1.000000 -1 -1 -20.68347799611132 202.5784240680656 159.4263618914262 300.0780385497214 -1 -1 -1 -1 -1 -1 -1 -1 1 
155 1 Car -1.000000 -1 -1 583.341123061977 172.78070367624844 613.955966365702 198.52820062324767 -1 -1 -1 -1 -1 -1 -1 -1 1 
155 65 Car -1.000000 -1 -1 352.1488892923832 182.1838366035753 410.06952467505016 221.91885601071644 -1 -1 -1 -1 -1 -1 -1 -1 1 
155 69 Car -1.000000 -1 -1 -63.142614074368296 204.96090156701908 130.0989494686467 309.5691694920001 -1 -1 -1 -1 -1 -1 -1 -1 1 
156 1 Car -1.000000 -1 -1 583.6586576585516 172.97346083938567 613.6407537725175 198.15033268049027 -1 -1 -1 -1 -1 -1 -1 -1 1 
156 65 Car -1.000000 -1 -1 327.5231841514815 184.57487498462254 393.1747978168419 229.02003834669415 -1 -1 -1 -1 -1 -1 -1 -1 1 
157 1 Car -1.000000 -1 -1 583.358969630991 172.67570068310272 613.5031811320462 197.98876724099694 -1 -1 -1 -1 -1 -1 -1 -1 1 
157 65 Car -1.000000 -1 -1 295.36199659596804 187.50372476033283 371.28263369712397 237.59826478968063 -1 -1 -1 -1 -1 -1 -1 -1 1 
157 71 Car -1.000000 -1 -1 433.70460743779597 179.81182069011948 468.35427031802953 206.2245004751606 -1 -1 -1 -1 -1 -1 -1 -1 1 
158 1 Car -1.000000 -1 -1 585.9670104622861 176.90215135844068 614.723105175516 201.2874352311845 -1 -1 -1 -1 -1 -1 -1 -1 1 
158 65 Car -1.000000 -1 -1 285.77026841893735 187.7280898396941 364.250826171454 239.5116632817393 -1 -1 -1 -1 -1 -1 -1 -1 1 
158 71 Car -1.000000 -1 -1 427.7013996056706 183.1536852742799 463.7864982096432 210.6414301075724 -1 -1 -1 -1 -1 -1 -1 -1 1 
159 1 Car -1.000000 -1 -1 587.199441159461 178.02928549557558 615.1724387390683 201.83162453534797 -1 -1 -1 -1 -1 -1 -1 -1 1 
159 71 Car -1.000000 -1 -1 418.0063678605829 184.70070520284804 455.10196229587194 213.01781983338338 -1 -1 -1 -1 -1 -1 -1 -1 1 
160 1 Car -1.000000 -1 -1 586.619955617886 177.09353723908686 615.6747358918409 201.97915646455724 -1 -1 -1 -1 -1 -1 -1 -1 1 
160 71 Car -1.000000 -1 -1 412.38734372689566 185.76895104834267 451.0738605880029 215.30050480600144 -1 -1 -1 -1 -1 -1 -1 -1 1 
160 72 Car -1.000000 -1 -1 93.46051280163496 197.92320253386868 256.91155064166287 280.66302925343734 -1 -1 -1 -1 -1 -1 -1 -1 1 
161 1 Car -1.000000 -1 -1 586.6326173363019 177.20905818865876 615.7954166626527 202.1873310064906 -1 -1 -1 -1 -1 -1 -1 -1 1 
161 72 Car -1.000000 -1 -1 12.487819154871033 200.2998925492425 211.37805328343654 301.3109141260803 -1 -1 -1 -1 -1 -1 -1 -1 1 
162 72 Car -1.000000 -1 -1 -41.57607973257407 206.85460698913397 153.38484030179606 308.2245298770609 -1 -1 -1 -1 -1 -1 -1 -1 1 
163 1 Car -1.000000 -1 -1 587.3459474350459 178.41390188252333 615.6495297741596 202.7602198762906 -1 -1 -1 -1 -1 -1 -1 -1 1 
163 72 Car -1.000000 -1 -1 -91.70344231200053 209.1681726635657 118.64946441789607 318.5411635882036 -1 -1 -1 -1 -1 -1 -1 -1 1 
163 73 Car -1.000000 -1 -1 362.94774885667283 181.4420781136467 421.8712468819181 221.3484660505159 -1 -1 -1 -1 -1 -1 -1 -1 1 
164 1 Car -1.000000 -1 -1 587.4204056658584 178.62526966278148 615.7380162816942 202.9838019091932 -1 -1 -1 -1 -1 -1 -1 -1 1 
164 73 Car -1.000000 -1 -1 340.902583826868 183.21225069028245 404.1449303195598 225.8886737568256 -1 -1 -1 -1 -1 -1 -1 -1 1 
164 74 Car -1.000000 -1 -1 85.65150867534734 191.83977889450296 119.78535462492489 214.53846336375003 -1 -1 -1 -1 -1 -1 -1 -1 1 
165 1 Car -1.000000 -1 -1 588.7340135583524 180.44756584294066 615.5657409391297 203.3943086936575 -1 -1 -1 -1 -1 -1 -1 -1 1 
165 73 Car -1.000000 -1 -1 315.0455140881467 182.66474648837706 386.1204095909094 230.27128725327537 -1 -1 -1 -1 -1 -1 -1 -1 1 
165 74 Car -1.000000 -1 -1 74.11955526104023 191.92177290127356 108.00866242998875 214.34885292470742 -1 -1 -1 -1 -1 -1 -1 -1 1 
166 1 Car -1.000000 -1 -1 588.7378117215487 180.63239971410795 615.3831394049711 203.28397140235694 -1 -1 -1 -1 -1 -1 -1 -1 1 
166 73 Car -1.000000 -1 -1 282.580777801459 182.4962268709236 362.8517477224053 235.80783804147444 -1 -1 -1 -1 -1 -1 -1 -1 1 
166 74 Car -1.000000 -1 -1 61.31306976893527 191.31446805725736 96.67747051964591 214.5978483529508 -1 -1 -1 -1 -1 -1 -1 -1 1 
167 1 Car -1.000000 -1 -1 588.5473259682476 180.0891435828596 615.4497464377546 202.74005717392862 -1 -1 -1 -1 -1 -1 -1 -1 1 
167 73 Car -1.000000 -1 -1 241.34281858461827 183.32235089345585 333.95150434020184 243.99374119546687 -1 -1 -1 -1 -1 -1 -1 -1 1 
167 74 Car -1.000000 -1 -1 48.37508280919067 191.6247109211281 84.91555364403507 215.52359995221434 -1 -1 -1 -1 -1 -1 -1 -1 1 
168 1 Car -1.000000 -1 -1 588.086735834907 178.6492095003558 615.000127900914 201.1043212582589 -1 -1 -1 -1 -1 -1 -1 -1 1 
168 73 Car -1.000000 -1 -1 188.97463343995457 182.7672072878595 299.2654309648965 253.73931920783258 -1 -1 -1 -1 -1 -1 -1 -1 1 
168 74 Car -1.000000 -1 -1 33.126402160075386 189.28677065115514 72.49841069257725 214.97187352319014 -1 -1 -1 -1 -1 -1 -1 -1 1 
169 1 Car -1.000000 -1 -1 588.1340287990497 176.49384214000406 613.8050375389297 197.86536525347086 -1 -1 -1 -1 -1 -1 -1 -1 1 
169 73 Car -1.000000 -1 -1 116.47527442068507 181.5413108279127 253.38247039750843 267.69429427124726 -1 -1 -1 -1 -1 -1 -1 -1 1 
169 74 Car -1.000000 -1 -1 19.255167435408044 186.82809280858342 59.55986861390706 212.76210728974954 -1 -1 -1 -1 -1 -1 -1 -1 1 
170 1 Car -1.000000 -1 -1 588.2369536671306 176.27328414829856 613.6011309487578 197.38938469159078 -1 -1 -1 -1 -1 -1 -1 -1 1 
170 73 Car -1.000000 -1 -1 38.888093404459255 182.61924247043515 204.33266499182025 286.2874283567457 -1 -1 -1 -1 -1 -1 -1 -1 1 
170 74 Car -1.000000 -1 -1 7.963892513780095 186.13082440603532 49.20362728364312 212.66648269649022 -1 -1 -1 -1 -1 -1 -1 -1 1 
170 79 Car -1.000000 -1 -1 395.6578723054114 168.60627567475274 443.6068857927112 207.16248859538146 -1 -1 -1 -1 -1 -1 -1 -1 1 
171 1 Car -1.000000 -1 -1 585.1270915397114 174.67553732396317 613.0425795203836 197.8513461296822 -1 -1 -1 -1 -1 -1 -1 -1 1 
171 73 Car -1.000000 -1 -1 -17.676612000130348 186.54544719832774 150.64344413041 295.94998188782324 -1 -1 -1 -1 -1 -1 -1 -1 1 
171 79 Car -1.000000 -1 -1 382.2386754690503 168.69283533632336 433.751160821933 209.9026538318558 -1 -1 -1 -1 -1 -1 -1 -1 1 
172 1 Car -1.000000 -1 -1 584.8536180548676 174.2916853235447 612.7920790026784 197.48657784711114 -1 -1 -1 -1 -1 -1 -1 -1 1 
172 73 Car -1.000000 -1 -1 -51.14737761438617 186.97883995416885 126.7459204095823 302.6057753283542 -1 -1 -1 -1 -1 -1 -1 -1 1 
172 79 Car -1.000000 -1 -1 365.8202001160976 170.62534403352797 422.54548436365417 215.7544151337946 -1 -1 -1 -1 -1 -1 -1 -1 1 
172 80 Car -1.000000 -1 -1 536.1612565214963 177.13339136274155 568.969304416291 201.34913767199748 -1 -1 -1 -1 -1 -1 -1 -1 1 
173 79 Car -1.000000 -1 -1 347.7090963175738 172.775566452439 409.88229601847024 221.89429833801987 -1 -1 -1 -1 -1 -1 -1 -1 1 
173 80 Car -1.000000 -1 -1 534.9914269502477 177.65996114966757 568.9307953913533 202.71073957047568 -1 -1 -1 -1 -1 -1 -1 -1 1 
174 79 Car -1.000000 -1 -1 327.2206691839851 173.01314315249118 394.7808331058433 225.7616313207366 -1 -1 -1 -1 -1 -1 -1 -1 1 
175 1 Car -1.000000 -1 -1 580.1594271624244 173.2556644126379 610.4057840856519 198.64412216660995 -1 -1 -1 -1 -1 -1 -1 -1 1 
175 79 Car -1.000000 -1 -1 301.75394953395863 172.2033520787363 375.9657384631163 229.29506447026384 -1 -1 -1 -1 -1 -1 -1 -1 1 
176 1 Car -1.000000 -1 -1 579.5108985810651 172.88257766219328 610.0170654576422 198.48917515232432 -1 -1 -1 -1 -1 -1 -1 -1 1 
176 79 Car -1.000000 -1 -1 269.30280900854825 169.6164945000302 354.6339772470055 234.34192488977587 -1 -1 -1 -1 -1 -1 -1 -1 1 
176 82 Car -1.000000 -1 -1 527.867423184685 177.98116534551602 559.7796869308196 205.06458785507166 -1 -1 -1 -1 -1 -1 -1 -1 1 
177 1 Car -1.000000 -1 -1 579.5856661398509 173.78564173972893 608.7476393283795 198.29882400816692 -1 -1 -1 -1 -1 -1 -1 -1 1 
177 79 Car -1.000000 -1 -1 231.04653594614115 167.91484055468612 330.1608738754935 241.7324865011475 -1 -1 -1 -1 -1 -1 -1 -1 1 
177 82 Car -1.000000 -1 -1 523.8792793792421 176.16061410420357 559.5584613515189 206.4171898352087 -1 -1 -1 -1 -1 -1 -1 -1 1 
178 1 Car -1.000000 -1 -1 578.8980936903129 173.96190576991114 608.2805047947895 198.54069792963142 -1 -1 -1 -1 -1 -1 -1 -1 1 
178 79 Car -1.000000 -1 -1 183.49153227450955 168.62842021814228 298.76634244273987 252.1978799619261 -1 -1 -1 -1 -1 -1 -1 -1 1 
178 82 Car -1.000000 -1 -1 520.755113490483 176.0333838749823 558.0966449623079 207.64177911497418 -1 -1 -1 -1 -1 -1 -1 -1 1 
179 1 Car -1.000000 -1 -1 578.3097074953724 173.74699927035704 607.8072173702377 198.42211507035782 -1 -1 -1 -1 -1 -1 -1 -1 1 
179 79 Car -1.000000 -1 -1 118.16576703730054 167.7665564555333 256.50411703452005 265.13257718156035 -1 -1 -1 -1 -1 -1 -1 -1 1 
179 82 Car -1.000000 -1 -1 518.3948380461038 175.63063772748376 556.9688213600144 208.28226322305508 -1 -1 -1 -1 -1 -1 -1 -1 1 
179 83 Car -1.000000 -1 -1 407.25821686006327 183.96607320289752 446.97257894657525 211.16152187392476 -1 -1 -1 -1 -1 -1 -1 -1 1 
180 1 Car -1.000000 -1 -1 577.6905462598523 175.48826683908214 607.3493015438046 200.55368567708507 -1 -1 -1 -1 -1 -1 -1 -1 1 
180 79 Car -1.000000 -1 -1 47.333973111970835 167.80197403640048 212.48442090902566 282.2417994201597 -1 -1 -1 -1 -1 -1 -1 -1 1 
180 82 Car -1.000000 -1 -1 513.0019555774372 179.44476469684776 553.4398287223285 213.59186662128928 -1 -1 -1 -1 -1 -1 -1 -1 1 
180 83 Car -1.000000 -1 -1 388.314047165827 173.90312551314122 446.8437946987514 214.3993526491637 -1 -1 -1 -1 -1 -1 -1 -1 1 
181 1 Car -1.000000 -1 -1 577.0844868943749 175.47030346923495 606.8921365064438 200.66164312069202 -1 -1 -1 -1 -1 -1 -1 -1 1 
181 79 Car -1.000000 -1 -1 -1.0592687753066485 172.91208585191293 170.4334653132803 294.1385948890852 -1 -1 -1 -1 -1 -1 -1 -1 1 
181 82 Car -1.000000 -1 -1 507.7543157292347 182.25225650301792 552.6250371964073 220.18044901459143 -1 -1 -1 -1 -1 -1 -1 -1 1 
181 83 Car -1.000000 -1 -1 378.61390287557094 171.3052614586394 444.1653044949787 216.6597112335279 -1 -1 -1 -1 -1 -1 -1 -1 1 
182 79 Car -1.000000 -1 -1 -27.962043592341907 172.940585957552 151.67833668145008 299.92651668895803 -1 -1 -1 -1 -1 -1 -1 -1 1 
182 82 Car -1.000000 -1 -1 502.8067322708117 183.49648115563315 551.1916017950883 224.40972271428944 -1 -1 -1 -1 -1 -1 -1 -1 1 
183 1 Car -1.000000 -1 -1 577.7738508328894 182.62949807275078 606.8603551355429 207.23974854890872 -1 -1 -1 -1 -1 -1 -1 -1 1 
183 82 Car -1.000000 -1 -1 498.98973209431256 184.79098147170836 549.0416231939337 227.0095738408362 -1 -1 -1 -1 -1 -1 -1 -1 1 
184 1 Car -1.000000 -1 -1 578.3486247423244 182.34415761319084 606.8271779083733 206.44030491753412 -1 -1 -1 -1 -1 -1 -1 -1 1 
184 82 Car -1.000000 -1 -1 495.4623224401786 184.44151771949578 547.556844862776 228.2571820756567 -1 -1 -1 -1 -1 -1 -1 -1 1 
184 86 Car -1.000000 -1 -1 323.11894348117653 191.44345530776175 390.0846384594878 232.00371486777482 -1 -1 -1 -1 -1 -1 -1 -1 1 
185 1 Car -1.000000 -1 -1 578.4614901174527 181.15060013221404 606.6600460802306 204.99781605658325 -1 -1 -1 -1 -1 -1 -1 -1 1 
185 82 Car -1.000000 -1 -1 490.502954974317 182.0975568594322 546.0097235028551 228.60368712780644 -1 -1 -1 -1 -1 -1 -1 -1 1 
185 86 Car -1.000000 -1 -1 297.49141844491317 189.73417550210854 371.2553874091362 234.1774273289694 -1 -1 -1 -1 -1 -1 -1 -1 1 
186 1 Car -1.000000 -1 -1 580.3492122514205 181.56664707419395 605.7472617931787 202.54346421621233 -1 -1 -1 -1 -1 -1 -1 -1 1 
186 82 Car -1.000000 -1 -1 484.6194526404061 179.95537007975003 543.5850171761161 229.2286506598374 -1 -1 -1 -1 -1 -1 -1 -1 1 
186 86 Car -1.000000 -1 -1 266.2578556884554 189.02223637345682 346.98025778299876 237.25010222847447 -1 -1 -1 -1 -1 -1 -1 -1 1 
187 1 Car -1.000000 -1 -1 580.3623124569463 181.94271836543976 605.321394328727 202.55697090091698 -1 -1 -1 -1 -1 -1 -1 -1 1 
187 82 Car -1.000000 -1 -1 478.57017337772857 179.50294887838794 541.7906880583523 232.22246246720871 -1 -1 -1 -1 -1 -1 -1 -1 1 
187 86 Car -1.000000 -1 -1 227.15552777136168 190.00589251645596 321.08107043449036 245.53722239904258 -1 -1 -1 -1 -1 -1 -1 -1 1 
188 1 Car -1.000000 -1 -1 581.89256093559 180.69337614041294 607.2322576036428 201.6564801361825 -1 -1 -1 -1 -1 -1 -1 -1 1 
188 82 Car -1.000000 -1 -1 471.67577692984764 180.255133588092 539.8511828487478 236.98107769405914 -1 -1 -1 -1 -1 -1 -1 -1 1 
188 86 Car -1.000000 -1 -1 179.5770888581682 193.00103375767702 286.4320143564727 255.0289421267094 -1 -1 -1 -1 -1 -1 -1 -1 1 
188 88 Car -1.000000 -1 -1 342.8635531479059 185.78269121917762 389.000004354255 217.85027029886416 -1 -1 -1 -1 -1 -1 -1 -1 1 
189 1 Car -1.000000 -1 -1 583.0260081531425 180.38177647533462 608.2743820916836 201.4707513674261 -1 -1 -1 -1 -1 -1 -1 -1 1 
189 82 Car -1.000000 -1 -1 464.1057171712186 180.58771060386368 537.7436313374861 241.54837746039286 -1 -1 -1 -1 -1 -1 -1 -1 1 
189 86 Car -1.000000 -1 -1 114.16071658483696 196.32070348739143 242.17654030952872 268.8415996130619 -1 -1 -1 -1 -1 -1 -1 -1 1 
189 88 Car -1.000000 -1 -1 325.8395305698078 186.15369223832568 376.8323399483637 221.43252668920877 -1 -1 -1 -1 -1 -1 -1 -1 1 
190 1 Car -1.000000 -1 -1 583.3277668415035 180.49296733963533 608.3092702243591 201.359065151862 -1 -1 -1 -1 -1 -1 -1 -1 1 
190 82 Car -1.000000 -1 -1 455.297609410556 180.4017644170907 534.3803449362604 245.34336364233704 -1 -1 -1 -1 -1 -1 -1 -1 1 
190 86 Car -1.000000 -1 -1 40.43392525470347 198.4349393849314 196.9011217285249 286.1688633021963 -1 -1 -1 -1 -1 -1 -1 -1 1 
190 88 Car -1.000000 -1 -1 306.4935326346537 186.68383411836498 361.8641752333354 224.62805048053707 -1 -1 -1 -1 -1 -1 -1 -1 1 
191 1 Car -1.000000 -1 -1 585.651756081533 177.808458046189 611.1727257100063 199.06088375361296 -1 -1 -1 -1 -1 -1 -1 -1 1 
191 82 Car -1.000000 -1 -1 443.94166027652955 179.3625214351806 529.911765416989 249.30198154969148 -1 -1 -1 -1 -1 -1 -1 -1 1 
191 86 Car -1.000000 -1 -1 -12.464751889146612 198.02220544557173 153.4943002452198 293.5442734255784 -1 -1 -1 -1 -1 -1 -1 -1 1 
191 88 Car -1.000000 -1 -1 279.8092683733601 186.4844527516631 339.806064418693 227.020401491367 -1 -1 -1 -1 -1 -1 -1 -1 1 
192 1 Car -1.000000 -1 -1 585.3272303861066 174.7565182065 612.6259073018019 197.47781121993097 -1 -1 -1 -1 -1 -1 -1 -1 1 
192 82 Car -1.000000 -1 -1 429.88783869933536 177.18972826223862 525.4911938584999 254.53303190471988 -1 -1 -1 -1 -1 -1 -1 -1 1 
192 86 Car -1.000000 -1 -1 -47.00686949837349 198.29556259648515 128.89042834197608 299.53783592515845 -1 -1 -1 -1 -1 -1 -1 -1 1 
192 88 Car -1.000000 -1 -1 250.3381024547851 185.11789769736964 317.32845378782355 229.7783780738261 -1 -1 -1 -1 -1 -1 -1 -1 1 
193 1 Car -1.000000 -1 -1 584.3537254002515 173.6763690678709 612.215744406554 196.62769524113753 -1 -1 -1 -1 -1 -1 -1 -1 1 
193 82 Car -1.000000 -1 -1 413.5732714282341 176.80896036547892 519.0599794636084 261.41731154027116 -1 -1 -1 -1 -1 -1 -1 -1 1 
193 88 Car -1.000000 -1 -1 213.28141146727535 185.17202089374138 289.97259683917406 235.40844126685573 -1 -1 -1 -1 -1 -1 -1 -1 1 
194 1 Car -1.000000 -1 -1 585.3417729367792 174.19479448650944 613.316453439945 197.26338314528513 -1 -1 -1 -1 -1 -1 -1 -1 1 
194 82 Car -1.000000 -1 -1 393.3626506396775 178.08181185807985 512.0391926603569 272.50686093181014 -1 -1 -1 -1 -1 -1 -1 -1 1 
194 88 Car -1.000000 -1 -1 166.63880770993387 188.391445255549 256.1794258354197 245.850649608474 -1 -1 -1 -1 -1 -1 -1 -1 1 
195 1 Car -1.000000 -1 -1 586.6680285501287 175.98869082730684 615.4890251301298 200.00684321763023 -1 -1 -1 -1 -1 -1 -1 -1 1 
195 82 Car -1.000000 -1 -1 367.5418827246625 180.81182567197266 503.952258660915 288.48010349167157 -1 -1 -1 -1 -1 -1 -1 -1 1 
195 88 Car -1.000000 -1 -1 145.31180572878657 188.5732751484946 240.15409247131714 249.4346036229669 -1 -1 -1 -1 -1 -1 -1 -1 1 
196 1 Car -1.000000 -1 -1 587.0677987478074 176.27860054696987 617.3797377294217 202.07989538547207 -1 -1 -1 -1 -1 -1 -1 -1 1 
196 82 Car -1.000000 -1 -1 334.639226663139 182.8103098912309 494.3020332492567 307.81596238858043 -1 -1 -1 -1 -1 -1 -1 -1 1 
197 1 Car -1.000000 -1 -1 589.1009468413181 175.01841011696115 619.1966225197821 200.87608833995466 -1 -1 -1 -1 -1 -1 -1 -1 1 
197 82 Car -1.000000 -1 -1 293.06160874302816 181.55539873605682 479.28190981227993 325.38485701730906 -1 -1 -1 -1 -1 -1 -1 -1 1 
197 90 Car -1.000000 -1 -1 -34.75702271567579 200.21578309753278 134.42142246300162 277.79176333831253 -1 -1 -1 -1 -1 -1 -1 -1 1 
198 1 Car -1.000000 -1 -1 591.3938908515134 172.52699733628378 619.6196055867119 196.64109511391072 -1 -1 -1 -1 -1 -1 -1 -1 1 
198 82 Car -1.000000 -1 -1 234.33479480603074 179.3665550156088 457.0443317449762 347.76732242247624 -1 -1 -1 -1 -1 -1 -1 -1 1 
198 90 Car -1.000000 -1 -1 -58.45867369203526 200.73627613421704 115.29610136154264 280.4107121789852 -1 -1 -1 -1 -1 -1 -1 -1 1 
199 1 Car -1.000000 -1 -1 592.8668955966662 171.51742648066144 622.0836589625576 196.39635437066593 -1 -1 -1 -1 -1 -1 -1 -1 1 
199 82 Car -1.000000 -1 -1 153.36787039668698 179.22942240750936 411.6323328231406 364.5356268923615 -1 -1 -1 -1 -1 -1 -1 -1 1 
200 1 Car -1.000000 -1 -1 594.7081832005456 172.9080392227196 623.945480241735 197.88871168771163 -1 -1 -1 -1 -1 -1 -1 -1 1 
200 82 Car -1.000000 -1 -1 91.75108126671628 181.11707098802407 371.3192966512935 371.66296156122417 -1 -1 -1 -1 -1 -1 -1 -1 1 
201 1 Car -1.000000 -1 -1 595.6209908904337 172.5576039193948 625.0510458204482 197.70311272830656 -1 -1 -1 -1 -1 -1 -1 -1 1 
201 82 Car -1.000000 -1 -1 54.727943180903964 188.4380576673678 336.9221458688511 373.8987890918956 -1 -1 -1 -1 -1 -1 -1 -1 1 
202 1 Car -1.000000 -1 -1 598.1691976154301 175.3103562323381 626.3839839871712 199.48292114909566 -1 -1 -1 -1 -1 -1 -1 -1 1 
202 82 Car -1.000000 -1 -1 26.314106829462332 208.65417910362567 286.183342542853 376.1078749131909 -1 -1 -1 -1 -1 -1 -1 -1 1 
203 1 Car -1.000000 -1 -1 600.7784227706318 176.96379761193646 627.4968673879059 199.61595348613358 -1 -1 -1 -1 -1 -1 -1 -1 1 
203 82 Car -1.000000 -1 -1 14.752540620697175 207.63555909277648 203.3529213534304 325.509775674976 -1 -1 -1 -1 -1 -1 -1 -1 1 
203 91 Car -1.000000 -1 -1 390.5181404420051 182.3997486341059 449.4330237171137 218.31037786132066 -1 -1 -1 -1 -1 -1 -1 -1 1 
204 1 Car -1.000000 -1 -1 602.0301355073127 177.10367124262459 628.6112707507141 199.63950798751907 -1 -1 -1 -1 -1 -1 -1 -1 1 
204 82 Car -1.000000 -1 -1 -4.274514239985635 209.1315966433403 185.26493084715509 327.5922197973208 -1 -1 -1 -1 -1 -1 -1 -1 1 
204 91 Car -1.000000 -1 -1 375.4920392143715 185.43289758266778 433.2941227709082 220.609670845991 -1 -1 -1 -1 -1 -1 -1 -1 1 
205 91 Car -1.000000 -1 -1 357.59588811926955 189.94911814053415 415.91721318977426 225.0935251727868 -1 -1 -1 -1 -1 -1 -1 -1 1 
206 91 Car -1.000000 -1 -1 330.4414749775559 194.63839982702575 395.63762101433485 233.64642641243407 -1 -1 -1 -1 -1 -1 -1 -1 1 
207 1 Car -1.000000 -1 -1 602.5004110201176 181.3370029464752 629.9858949191404 204.83857760709913 -1 -1 -1 -1 -1 -1 -1 -1 1 
207 91 Car -1.000000 -1 -1 298.77278242590177 196.19150318808124 371.7362147087148 239.44818117944928 -1 -1 -1 -1 -1 -1 -1 -1 1 
208 1 Car -1.000000 -1 -1 603.2074224795575 181.03479148506702 629.9835657994624 203.93221333780872 -1 -1 -1 -1 -1 -1 -1 -1 1 
208 91 Car -1.000000 -1 -1 260.0641091281435 196.1090923263901 343.06895534887707 244.58268157660936 -1 -1 -1 -1 -1 -1 -1 -1 1 
209 1 Car -1.000000 -1 -1 604.100026741035 181.53514786589085 629.3827331696314 202.89013303253668 -1 -1 -1 -1 -1 -1 -1 -1 1 
209 91 Car -1.000000 -1 -1 210.09790486023974 196.6747781193394 308.28782545467936 252.80790518389736 -1 -1 -1 -1 -1 -1 -1 -1 1 
210 1 Car -1.000000 -1 -1 603.2050001020543 180.15104009393949 629.4005696243116 202.3665873221259 -1 -1 -1 -1 -1 -1 -1 -1 1 
210 91 Car -1.000000 -1 -1 142.3358019772222 198.3696326594839 262.66449699320833 265.59187821072123 -1 -1 -1 -1 -1 -1 -1 -1 1 
210 96 Car -1.000000 -1 -1 250.62935656893174 187.7442105413479 323.80466812030227 231.41952738513774 -1 -1 -1 -1 -1 -1 -1 -1 1 
210 97 Car -1.000000 -1 -1 463.4240233094735 183.19917466199155 489.92674366016314 204.19044231165935 -1 -1 -1 -1 -1 -1 -1 -1 1 
211 1 Car -1.000000 -1 -1 602.0078820911373 178.21610740269392 629.9282258985852 202.21119605987076 -1 -1 -1 -1 -1 -1 -1 -1 1 
211 91 Car -1.000000 -1 -1 115.39204350566041 200.04279095101796 241.92121981582807 270.7289452744331 -1 -1 -1 -1 -1 -1 -1 -1 1 
211 96 Car -1.000000 -1 -1 233.18869689179297 188.1001036428793 310.59377740716826 234.2999946967187 -1 -1 -1 -1 -1 -1 -1 -1 1 
211 97 Car -1.000000 -1 -1 452.72360698284837 181.62376541484676 483.3160975019323 205.8021929464523 -1 -1 -1 -1 -1 -1 -1 -1 1 
212 1 Car -1.000000 -1 -1 601.6250052724381 177.5803297230924 629.4997253418894 201.78282483880815 -1 -1 -1 -1 -1 -1 -1 -1 1 
212 97 Car -1.000000 -1 -1 440.92595940918665 181.5741532795007 472.6870112254738 206.5659954583272 -1 -1 -1 -1 -1 -1 -1 -1 1 
213 1 Car -1.000000 -1 -1 600.1106881527355 176.93453808239593 628.6179418160574 201.90665860237743 -1 -1 -1 -1 -1 -1 -1 -1 1 
213 97 Car -1.000000 -1 -1 428.5150748824882 181.20771130230173 462.68219343596985 207.89061024854 -1 -1 -1 -1 -1 -1 -1 -1 1 
213 99 Car -1.000000 -1 -1 -13.2691773480785 194.0869140680233 163.6829828939497 274.5575077165405 -1 -1 -1 -1 -1 -1 -1 -1 1 
214 1 Car -1.000000 -1 -1 599.6241061134268 174.6535094660532 628.2007953341515 199.74334943280792 -1 -1 -1 -1 -1 -1 -1 -1 1 
214 97 Car -1.000000 -1 -1 414.5762903044989 179.9072809705272 450.98707997017414 207.96372576481286 -1 -1 -1 -1 -1 -1 -1 -1 1 
214 99 Car -1.000000 -1 -1 -34.72180302848171 189.53722814090332 133.4107537859699 267.45457700486054 -1 -1 -1 -1 -1 -1 -1 -1 1 
215 1 Car -1.000000 -1 -1 599.7735038696532 174.73935130701165 627.9667297397312 199.45151509200954 -1 -1 -1 -1 -1 -1 -1 -1 1 
215 97 Car -1.000000 -1 -1 399.4111887181865 181.24421517002392 437.96789842471566 210.16772452151434 -1 -1 -1 -1 -1 -1 -1 -1 1 
215 99 Car -1.000000 -1 -1 -40.00196546468602 185.49542964442043 121.06907887978029 260.1402778082397 -1 -1 -1 -1 -1 -1 -1 -1 1 
216 1 Car -1.000000 -1 -1 599.6377517216758 176.07209693787317 627.4393729613718 200.59421367919137 -1 -1 -1 -1 -1 -1 -1 -1 1 
216 97 Car -1.000000 -1 -1 382.05298095253943 183.26330607400678 423.91104132222233 213.97360973373222 -1 -1 -1 -1 -1 -1 -1 -1 1 
217 1 Car -1.000000 -1 -1 599.0974451237491 177.50487691438164 627.1953213651625 202.4409381467807 -1 -1 -1 -1 -1 -1 -1 -1 1 
217 97 Car -1.000000 -1 -1 362.5154139080014 185.98578789772031 407.0073459116754 217.7263252749583 -1 -1 -1 -1 -1 -1 -1 -1 1 
218 1 Car -1.000000 -1 -1 598.8815646424965 177.80148260658754 626.8292860071998 202.57311640403614 -1 -1 -1 -1 -1 -1 -1 -1 1 
218 97 Car -1.000000 -1 -1 337.29530307455474 186.55893972024 388.04052266062195 221.7492141915093 -1 -1 -1 -1 -1 -1 -1 -1 1 
219 1 Car -1.000000 -1 -1 598.6002153812874 176.43379642296574 626.9690493974239 201.70752420407564 -1 -1 -1 -1 -1 -1 -1 -1 1 
219 97 Car -1.000000 -1 -1 308.3585808360496 187.7248795448687 365.41528476908854 225.97187491875152 -1 -1 -1 -1 -1 -1 -1 -1 1 
220 1 Car -1.000000 -1 -1 599.9353754427192 175.12230585457795 626.7643492257774 198.78465361320545 -1 -1 -1 -1 -1 -1 -1 -1 1 
220 97 Car -1.000000 -1 -1 271.6689019481391 186.6963980046785 338.9062068099864 230.30091212478084 -1 -1 -1 -1 -1 -1 -1 -1 1 
221 1 Car -1.000000 -1 -1 599.5747302906285 172.71979638163774 627.5729557643999 197.45756275013974 -1 -1 -1 -1 -1 -1 -1 -1 1 
221 97 Car -1.000000 -1 -1 224.63714590631625 187.62260756116623 304.7369171308871 237.6320470246219 -1 -1 -1 -1 -1 -1 -1 -1 1 
222 1 Car -1.000000 -1 -1 599.8035635168605 173.3521895619768 627.2424592854919 197.4883028101958 -1 -1 -1 -1 -1 -1 -1 -1 1 
222 97 Car -1.000000 -1 -1 206.30438666015976 187.88210707950896 290.1357022167263 240.22123581136677 -1 -1 -1 -1 -1 -1 -1 -1 1 
223 1 Car -1.000000 -1 -1 599.4706137779378 175.78717872051777 627.5572788704606 200.54289023691683 -1 -1 -1 -1 -1 -1 -1 -1 1 
224 1 Car -1.000000 -1 -1 599.0873573079541 178.57080747369204 627.5675597409603 203.67597468987708 -1 -1 -1 -1 -1 -1 -1 -1 1 
225 1 Car -1.000000 -1 -1 599.2879595864792 180.22752733594248 627.3007248780552 204.90700150810486 -1 -1 -1 -1 -1 -1 -1 -1 1 
226 1 Car -1.000000 -1 -1 598.6568538877009 179.8427067967676 627.4253781739089 205.32940712719483 -1 -1 -1 -1 -1 -1 -1 -1 1 
227 1 Car -1.000000 -1 -1 598.2559121533101 179.51217502571578 627.1689577023666 205.23936176431263 -1 -1 -1 -1 -1 -1 -1 -1 1 
228 1 Car -1.000000 -1 -1 597.8742248598874 180.62481030453372 626.8669213714307 206.63621541515352 -1 -1 -1 -1 -1 -1 -1 -1 1 
229 1 Car -1.000000 -1 -1 597.7306213745264 181.06050895920112 626.6555900471996 207.19735845600107 -1 -1 -1 -1 -1 -1 -1 -1 1 
230 1 Car -1.000000 -1 -1 597.924603655037 180.30353698162148 625.727777266432 205.45396790980308 -1 -1 -1 -1 -1 -1 -1 -1 1 
231 1 Car -1.000000 -1 -1 597.9226313355873 178.71181877111314 625.3437828436323 203.41881901262556 -1 -1 -1 -1 -1 -1 -1 -1 1 
232 1 Car -1.000000 -1 -1 597.8254793818137 177.85530216472236 625.1714257387249 202.4741568340528 -1 -1 -1 -1 -1 -1 -1 -1 1 
232 105 Car -1.000000 -1 -1 386.68960375153006 184.30845420626042 424.3637353269771 210.8457951850521 -1 -1 -1 -1 -1 -1 -1 -1 1 
233 1 Car -1.000000 -1 -1 596.9252197053223 176.33377004714183 625.3460724555672 201.98254479648028 -1 -1 -1 -1 -1 -1 -1 -1 1 
233 105 Car -1.000000 -1 -1 369.8611534141731 183.03403239974412 412.19793050297005 212.7030994411853 -1 -1 -1 -1 -1 -1 -1 -1 1 
233 106 Car -1.000000 -1 -1 432.1463622316766 181.34876905305924 471.91297008083444 211.28686517805843 -1 -1 -1 -1 -1 -1 -1 -1 1 
234 1 Car -1.000000 -1 -1 596.7124704054886 174.11393867181238 625.4866446724601 200.2755704843246 -1 -1 -1 -1 -1 -1 -1 -1 1 
234 105 Car -1.000000 -1 -1 351.4730051835023 181.488010382192 398.64543132636703 214.3325373298843 -1 -1 -1 -1 -1 -1 -1 -1 1 
234 106 Car -1.000000 -1 -1 415.93709062998687 181.11657036939073 458.558882224053 213.1452398881607 -1 -1 -1 -1 -1 -1 -1 -1 1 
235 1 Car -1.000000 -1 -1 596.5528560898654 173.79917673125394 625.5833243564316 200.23187349812372 -1 -1 -1 -1 -1 -1 -1 -1 1 
235 105 Car -1.000000 -1 -1 330.9443934848213 182.69010095255746 381.67953306704806 217.70286422069856 -1 -1 -1 -1 -1 -1 -1 -1 1 
235 106 Car -1.000000 -1 -1 398.5240165305692 182.37823383472556 444.27306330490705 216.4299492025365 -1 -1 -1 -1 -1 -1 -1 -1 1 
236 1 Car -1.000000 -1 -1 596.8393402472649 175.035455424518 625.7474438765455 201.40463837733236 -1 -1 -1 -1 -1 -1 -1 -1 1 
236 105 Car -1.000000 -1 -1 307.9727556407462 185.7308348033742 362.4054707298522 222.80651354357522 -1 -1 -1 -1 -1 -1 -1 -1 1 
236 106 Car -1.000000 -1 -1 375.9462024509422 184.574560496721 426.92704066011277 222.03614723092474 -1 -1 -1 -1 -1 -1 -1 -1 1 
237 1 Car -1.000000 -1 -1 597.2850093561716 175.9079901090163 625.5540499610945 201.71028253031074 -1 -1 -1 -1 -1 -1 -1 -1 1 
237 105 Car -1.000000 -1 -1 278.6218498521046 188.5032657355124 338.7805714704083 228.8332201971506 -1 -1 -1 -1 -1 -1 -1 -1 1 
237 106 Car -1.000000 -1 -1 348.0538242533325 186.41037655285584 405.5694804401694 228.2274216711097 -1 -1 -1 -1 -1 -1 -1 -1 1 
238 1 Car -1.000000 -1 -1 596.9160915809125 176.37525432662844 625.5331333089836 202.5575989951952 -1 -1 -1 -1 -1 -1 -1 -1 1 
238 105 Car -1.000000 -1 -1 242.24846217957617 190.32247509417581 311.1462926464816 235.88209384690376 -1 -1 -1 -1 -1 -1 -1 -1 1 
238 106 Car -1.000000 -1 -1 312.0782173288334 188.12835773889918 378.8963097735236 235.84510244614754 -1 -1 -1 -1 -1 -1 -1 -1 1 
238 107 Car -1.000000 -1 -1 461.9354571243199 182.62356231984984 491.50045407075373 206.47369594599144 -1 -1 -1 -1 -1 -1 -1 -1 1 
239 1 Car -1.000000 -1 -1 596.9512301909422 176.21236475490304 625.2498983219282 202.15267782041167 -1 -1 -1 -1 -1 -1 -1 -1 1 
239 105 Car -1.000000 -1 -1 236.14325389361716 191.22980998248676 320.4853930299396 245.8166073507174 -1 -1 -1 -1 -1 -1 -1 -1 1 
239 106 Car -1.000000 -1 -1 294.2284404654865 189.00999801605423 364.89158842820325 239.47260106571485 -1 -1 -1 -1 -1 -1 -1 -1 1 
239 107 Car -1.000000 -1 -1 451.41767586854473 182.4359013748889 483.5347923106343 208.24980650535457 -1 -1 -1 -1 -1 -1 -1 -1 1 
240 1 Car -1.000000 -1 -1 596.8721958849345 175.621581338099 625.444714005703 201.90774939560131 -1 -1 -1 -1 -1 -1 -1 -1 1 
240 105 Car -1.000000 -1 -1 218.46500124148443 191.85752298862036 307.4619646175104 249.45693635504344 -1 -1 -1 -1 -1 -1 -1 -1 1 
240 107 Car -1.000000 -1 -1 439.40057452466374 181.74706416728128 474.9743024750521 210.20217465669086 -1 -1 -1 -1 -1 -1 -1 -1 1 
241 1 Car -1.000000 -1 -1 597.2684828986092 174.64535375255346 625.7202729800532 200.84886347418708 -1 -1 -1 -1 -1 -1 -1 -1 1 
241 107 Car -1.000000 -1 -1 427.9475860405305 181.64816747501695 466.13144935633386 211.88733862680513 -1 -1 -1 -1 -1 -1 -1 -1 1 
242 1 Car -1.000000 -1 -1 597.3865249715155 174.0624353871932 625.9008520997137 200.2915534194981 -1 -1 -1 -1 -1 -1 -1 -1 1 
242 107 Car -1.000000 -1 -1 413.9483930728996 181.9378389315531 454.4298240264754 213.634333225131 -1 -1 -1 -1 -1 -1 -1 -1 1 
243 1 Car -1.000000 -1 -1 597.1859449625225 175.13495840127356 625.9295181729175 201.651026486431 -1 -1 -1 -1 -1 -1 -1 -1 1 
243 107 Car -1.000000 -1 -1 394.574079074203 183.00737938643044 440.0516110724136 218.25008142501406 -1 -1 -1 -1 -1 -1 -1 -1 1 
244 1 Car -1.000000 -1 -1 597.3443195279259 176.20216362567427 626.3201932485897 202.9277916674157 -1 -1 -1 -1 -1 -1 -1 -1 1 
244 107 Car -1.000000 -1 -1 373.3964496067248 186.13704036919916 423.34466724562446 224.11575391539907 -1 -1 -1 -1 -1 -1 -1 -1 1 
245 1 Car -1.000000 -1 -1 597.4856225683029 175.8124264274199 626.571526094242 202.72914533728857 -1 -1 -1 -1 -1 -1 -1 -1 1 
245 107 Car -1.000000 -1 -1 347.0224510127619 187.48803207077756 403.76276508743564 229.59428502060922 -1 -1 -1 -1 -1 -1 -1 -1 1 
246 1 Car -1.000000 -1 -1 597.8706117409965 175.0169332311826 626.1811182502739 201.14762856565045 -1 -1 -1 -1 -1 -1 -1 -1 1 
246 107 Car -1.000000 -1 -1 314.53114687692016 187.9208206239038 379.9348693451491 235.10918156851662 -1 -1 -1 -1 -1 -1 -1 -1 1 
247 1 Car -1.000000 -1 -1 597.8930462772148 174.90034854382017 626.2212810524784 201.048004368434 -1 -1 -1 -1 -1 -1 -1 -1 1 
247 107 Car -1.000000 -1 -1 271.1785961580013 190.0376708574036 349.3890768846315 244.76405817356382 -1 -1 -1 -1 -1 -1 -1 -1 1 
248 1 Car -1.000000 -1 -1 597.8825330505733 175.4607633949183 627.1581819756891 202.48605136424607 -1 -1 -1 -1 -1 -1 -1 -1 1 
248 107 Car -1.000000 -1 -1 254.44741688606882 190.72080163348858 336.49645884406857 248.13311787109353 -1 -1 -1 -1 -1 -1 -1 -1 1 
249 1 Car -1.000000 -1 -1 597.9085592196363 175.35461606418173 627.5670829676758 202.74570053207597 -1 -1 -1 -1 -1 -1 -1 -1 1 
250 1 Car -1.000000 -1 -1 598.0852284357684 175.33327177063663 627.6463422176435 202.67079623127083 -1 -1 -1 -1 -1 -1 -1 -1 1 
251 1 Car -1.000000 -1 -1 598.3437190479825 176.89663899305486 627.6692278232933 203.94933488701128 -1 -1 -1 -1 -1 -1 -1 -1 1 
252 1 Car -1.000000 -1 -1 598.7378149523444 178.29929450169615 627.5821778804172 204.8541381102498 -1 -1 -1 -1 -1 -1 -1 -1 1 
253 1 Car -1.000000 -1 -1 599.2420039502879 179.85927869545603 627.0926225447741 205.333754325534 -1 -1 -1 -1 -1 -1 -1 -1 1 
254 1 Car -1.000000 -1 -1 598.9763040304691 179.41921384307685 627.718818441914 205.69341265253868 -1 -1 -1 -1 -1 -1 -1 -1 1 
255 1 Car -1.000000 -1 -1 599.0731473392802 179.40708132898675 628.0557928328652 205.8787860255718 -1 -1 -1 -1 -1 -1 -1 -1 1 
256 1 Car -1.000000 -1 -1 599.5931574854676 179.8797771199746 627.8425947866173 205.38097537616824 -1 -1 -1 -1 -1 -1 -1 -1 1 
257 1 Car -1.000000 -1 -1 598.3277717343113 177.145154294633 628.7266820968642 204.606918317717 -1 -1 -1 -1 -1 -1 -1 -1 1 
258 1 Car -1.000000 -1 -1 598.3736659475264 174.84677880845123 628.7150052113609 202.26386015557466 -1 -1 -1 -1 -1 -1 -1 -1 1 
259 1 Car -1.000000 -1 -1 598.1523724655292 172.57461898591703 629.1177449954744 200.57530192892904 -1 -1 -1 -1 -1 -1 -1 -1 1 
260 1 Car -1.000000 -1 -1 597.7570963954755 171.6338571016582 629.0381010412212 199.99148307398653 -1 -1 -1 -1 -1 -1 -1 -1 1 
261 1 Car -1.000000 -1 -1 597.845669252219 173.65086520836422 628.0129128219602 200.7224887571415 -1 -1 -1 -1 -1 -1 -1 -1 1 
262 1 Car -1.000000 -1 -1 597.1490150004847 175.53977933831325 627.7221082335045 202.93863788770088 -1 -1 -1 -1 -1 -1 -1 -1 1 
263 1 Car -1.000000 -1 -1 597.1728376836815 176.46974503547344 627.7239366083235 203.77577805758892 -1 -1 -1 -1 -1 -1 -1 -1 1 
264 1 Car -1.000000 -1 -1 596.3853440996514 175.45217023899752 627.0835142716174 203.00609444631286 -1 -1 -1 -1 -1 -1 -1 -1 1 
265 1 Car -1.000000 -1 -1 595.80231095076 173.97751074687562 625.9335659361346 201.15341607433098 -1 -1 -1 -1 -1 -1 -1 -1 1 
266 1 Car -1.000000 -1 -1 595.4341495724357 173.28276659045144 624.9443102450891 199.9565215366903 -1 -1 -1 -1 -1 -1 -1 -1 1 
267 1 Car -1.000000 -1 -1 595.1959808562345 173.0136622993484 624.6697693973591 199.65500328550038 -1 -1 -1 -1 -1 -1 -1 -1 1 
268 1 Car -1.000000 -1 -1 594.2863876913916 171.13023076111926 625.2898767051487 199.1824249794677 -1 -1 -1 -1 -1 -1 -1 -1 1 
269 1 Car -1.000000 -1 -1 592.8832720443056 172.74700294988634 625.0401483504062 201.89978616401453 -1 -1 -1 -1 -1 -1 -1 -1 1 
270 1 Car -1.000000 -1 -1 592.3192538349489 177.0463382806806 625.3078381269322 207.07048419202567 -1 -1 -1 -1 -1 -1 -1 -1 1 
271 1 Car -1.000000 -1 -1 591.672390090307 179.88677715354842 624.8809874919526 210.19038263771648 -1 -1 -1 -1 -1 -1 -1 -1 1 
272 1 Car -1.000000 -1 -1 591.2246374271116 180.737439977905 624.3446391330704 210.9282569600857 -1 -1 -1 -1 -1 -1 -1 -1 1 
273 1 Car -1.000000 -1 -1 591.5044718069717 181.12292237249758 623.4724635426975 210.0748035906661 -1 -1 -1 -1 -1 -1 -1 -1 1 
274 1 Car -1.000000 -1 -1 591.129795250255 180.4921131220317 622.1292841925829 208.29224898323125 -1 -1 -1 -1 -1 -1 -1 -1 1 
275 1 Car -1.000000 -1 -1 590.3701114965434 179.9062133221296 620.5101598818657 206.75578945083106 -1 -1 -1 -1 -1 -1 -1 -1 1 
276 1 Car -1.000000 -1 -1 589.0727386262852 178.11473400026927 619.547051934562 205.19310347927438 -1 -1 -1 -1 -1 -1 -1 -1 1 
277 1 Car -1.000000 -1 -1 587.8403264084827 176.50370071567448 619.1914022804833 204.43987937201044 -1 -1 -1 -1 -1 -1 -1 -1 1 
278 1 Car -1.000000 -1 -1 586.8248833660676 175.56269271735508 618.7045062738166 204.03483064262392 -1 -1 -1 -1 -1 -1 -1 -1 1 
279 1 Car -1.000000 -1 -1 586.1871336740948 174.42472631564866 618.3876816042092 203.2915529032323 -1 -1 -1 -1 -1 -1 -1 -1 1 
280 1 Car -1.000000 -1 -1 585.8154576099988 172.9399386702039 618.4394717596383 202.3563430723652 -1 -1 -1 -1 -1 -1 -1 -1 1 
281 1 Car -1.000000 -1 -1 585.5431886637565 172.9470998618998 617.8261366831254 202.1147682967879 -1 -1 -1 -1 -1 -1 -1 -1 1 
282 1 Car -1.000000 -1 -1 585.413474733632 172.4701772392872 618.1792825174064 202.26120445746943 -1 -1 -1 -1 -1 -1 -1 -1 1 
283 1 Car -1.000000 -1 -1 585.2292205353189 171.5255446484104 618.1368035104013 201.59121956557908 -1 -1 -1 -1 -1 -1 -1 -1 1 
284 1 Car -1.000000 -1 -1 585.1511631732209 171.13520576355398 617.3448918994034 200.4159356802074 -1 -1 -1 -1 -1 -1 -1 -1 1 
285 1 Car -1.000000 -1 -1 584.8779584195667 171.1521305674421 617.6242380954365 201.0124857275292 -1 -1 -1 -1 -1 -1 -1 -1 1 
286 1 Car -1.000000 -1 -1 584.6262452225901 170.95859204954286 618.0758123569398 201.61469713945644 -1 -1 -1 -1 -1 -1 -1 -1 1 
287 1 Car -1.000000 -1 -1 584.7711841521613 171.38999594886815 617.809337846383 201.70233605656892 -1 -1 -1 -1 -1 -1 -1 -1 1 
287 118 Car -1.000000 -1 -1 37.56697656299073 170.5554824371165 197.22691722034665 210.74716212076396 -1 -1 -1 -1 -1 -1 -1 -1 1 
288 1 Car -1.000000 -1 -1 585.8972029485864 173.1193873930113 618.1642254245894 202.78170191926307 -1 -1 -1 -1 -1 -1 -1 -1 1 
288 118 Car -1.000000 -1 -1 -3.5298427238831067 169.53286902072162 181.06127735803653 216.26609500893187 -1 -1 -1 -1 -1 -1 -1 -1 1 
289 1 Car -1.000000 -1 -1 586.9439092042697 173.5432152268322 618.6006955512709 202.69491745066807 -1 -1 -1 -1 -1 -1 -1 -1 1 
289 118 Car -1.000000 -1 -1 -17.083040042775934 170.0225002747459 170.95359020690012 218.12657183599674 -1 -1 -1 -1 -1 -1 -1 -1 1 
290 1 Car -1.000000 -1 -1 587.4644463955688 172.23852781564983 619.4686672489204 201.76792973851352 -1 -1 -1 -1 -1 -1 -1 -1 1 
290 118 Car -1.000000 -1 -1 -16.70695218216332 169.42579763097646 164.75420577819267 216.77367979841398 -1 -1 -1 -1 -1 -1 -1 -1 1 
291 1 Car -1.000000 -1 -1 587.8411844837187 171.09542224701457 619.554071381413 200.35282376332276 -1 -1 -1 -1 -1 -1 -1 -1 1 
291 118 Car -1.000000 -1 -1 -31.90344359402338 167.11691518592966 152.78370399264506 216.47930323674115 -1 -1 -1 -1 -1 -1 -1 -1 1 
292 1 Car -1.000000 -1 -1 587.7859419478315 169.51640752737643 620.2053254256725 199.50866053707315 -1 -1 -1 -1 -1 -1 -1 -1 1 
292 118 Car -1.000000 -1 -1 -44.094850401878546 165.58008377547122 142.17953156396678 217.08338845621046 -1 -1 -1 -1 -1 -1 -1 -1 1 
293 1 Car -1.000000 -1 -1 588.1649246300551 169.9716544962222 620.4901082512745 199.84241594611535 -1 -1 -1 -1 -1 -1 -1 -1 1 
293 118 Car -1.000000 -1 -1 -53.48236474736647 165.79253413838424 130.89451801219357 219.0258126013948 -1 -1 -1 -1 -1 -1 -1 -1 1 
294 1 Car -1.000000 -1 -1 588.532434752111 170.53557606203825 620.9310246216124 200.5300681164173 -1 -1 -1 -1 -1 -1 -1 -1 1 
294 118 Car -1.000000 -1 -1 -64.41741091949939 165.5898922540426 124.34489087817826 220.08935628650704 -1 -1 -1 -1 -1 -1 -1 -1 1 
295 1 Car -1.000000 -1 -1 588.9055171152779 171.07747629872696 621.646963855946 201.43531356314762 -1 -1 -1 -1 -1 -1 -1 -1 1 
296 1 Car -1.000000 -1 -1 589.2125350205954 171.44311089413515 621.9560476366489 201.85215090759186 -1 -1 -1 -1 -1 -1 -1 -1 1 
297 1 Car -1.000000 -1 -1 589.7854097696586 172.39709440328807 621.7947850179979 202.0952649688363 -1 -1 -1 -1 -1 -1 -1 -1 1 
298 1 Car -1.000000 -1 -1 590.1371817531822 172.8643867915325 621.7374300299828 202.1280045261818 -1 -1 -1 -1 -1 -1 -1 -1 1 
299 1 Car -1.000000 -1 -1 590.5997087616299 172.92324268973366 622.2163822626917 202.270380473289 -1 -1 -1 -1 -1 -1 -1 -1 1 
300 1 Car -1.000000 -1 -1 591.3577923368924 172.88148546432035 622.5211531615645 201.8425809993447 -1 -1 -1 -1 -1 -1 -1 -1 1 
301 1 Car -1.000000 -1 -1 592.227107379873 175.02537207170667 622.3835121354418 202.80159636685016 -1 -1 -1 -1 -1 -1 -1 -1 1 
302 1 Car -1.000000 -1 -1 592.8938889882166 176.1404020024912 622.4064066562565 203.14624277912708 -1 -1 -1 -1 -1 -1 -1 -1 1 
303 1 Car -1.000000 -1 -1 593.4233500713239 175.86330218151198 623.1459376631884 203.02572161583748 -1 -1 -1 -1 -1 -1 -1 -1 1 
304 1 Car -1.000000 -1 -1 593.834639490275 176.5587177917394 624.0122540725716 204.1575878729993 -1 -1 -1 -1 -1 -1 -1 -1 1 
305 1 Car -1.000000 -1 -1 594.155576414828 176.73112782141138 624.7913140423841 204.84721252956484 -1 -1 -1 -1 -1 -1 -1 -1 1 
306 1 Car -1.000000 -1 -1 594.1966840655001 176.80545088670416 625.0821209752498 205.21467770464696 -1 -1 -1 -1 -1 -1 -1 -1 1 
307 1 Car -1.000000 -1 -1 594.6524895470067 176.84754160612692 625.084896259032 204.8695398439078 -1 -1 -1 -1 -1 -1 -1 -1 1 
308 1 Car -1.000000 -1 -1 594.861423722353 177.4966227707994 624.895329832978 205.12146639518184 -1 -1 -1 -1 -1 -1 -1 -1 1 
309 1 Car -1.000000 -1 -1 594.3687697745338 178.82495080460572 624.9484029584113 206.95751684252224 -1 -1 -1 -1 -1 -1 -1 -1 1 
310 1 Car -1.000000 -1 -1 593.9018564925448 180.1363169343492 625.0264778401977 208.80929674723356 -1 -1 -1 -1 -1 -1 -1 -1 1 
311 1 Car -1.000000 -1 -1 594.1999778144515 180.53908960916462 624.3911429158564 208.3165969899639 -1 -1 -1 -1 -1 -1 -1 -1 1 
312 1 Car -1.000000 -1 -1 593.6736247788197 180.88824912938972 624.3160668900363 209.04160998313952 -1 -1 -1 -1 -1 -1 -1 -1 1 
312 120 Car -1.000000 -1 -1 547.1969255294943 173.94065925421856 570.876266926152 195.20949210148683 -1 -1 -1 -1 -1 -1 -1 -1 1 
313 1 Car -1.000000 -1 -1 593.2693415309035 183.0168963713724 623.1369277390453 210.36260912154074 -1 -1 -1 -1 -1 -1 -1 -1 1 
313 120 Car -1.000000 -1 -1 545.6204363992297 175.94651997561712 568.8789935578616 196.86864300229576 -1 -1 -1 -1 -1 -1 -1 -1 1 
