2 1 Car -1.000000 -1 -1 481.3983525878622 181.50444930792275 591.5875347139817 216.76332672559658 -1 -1 -1 -1 -1 -1 -1 -1 1 
3 1 Car -1.000000 -1 -1 494.1719759290033 181.4691883692359 603.3752299187081 216.4419371424449 -1 -1 -1 -1 -1 -1 -1 -1 1 
4 1 Car -1.000000 -1 -1 506.38462024490184 181.21448694725197 615.1560835610834 216.1471831338258 -1 -1 -1 -1 -1 -1 -1 -1 1 
5 1 Car -1.000000 -1 -1 521.5315242597229 181.83956718767146 628.1769869042653 216.0700979947055 -1 -1 -1 -1 -1 -1 -1 -1 1 
6 1 Car -1.000000 -1 -1 533.013362106523 181.3743508528223 640.0371658313676 215.8260694199455 -1 -1 -1 -1 -1 -1 -1 -1 1 
7 1 Car -1.000000 -1 -1 544.63618465389 181.57848616944398 650.26252570725 215.67636376242424 -1 -1 -1 -1 -1 -1 -1 -1 1 
8 1 Car -1.000000 -1 -1 557.2702808444576 181.3200600893475 662.2196864871461 215.2886796831379 -1 -1 -1 -1 -1 -1 -1 -1 1 
9 1 Car -1.000000 -1 -1 571.4733128732064 181.4250607085364 673.6478081542275 214.5229968433605 -1 -1 -1 -1 -1 -1 -1 -1 1 
10 1 Car -1.000000 -1 -1 582.701569388985 181.56382986107283 683.0108502329812 214.11083382065394 -1 -1 -1 -1 -1 -1 -1 -1 1 
11 1 Car -1.000000 -1 -1 593.5679899463187 181.21469737548054 692.9088599986409 213.51283910392752 -1 -1 -1 -1 -1 -1 -1 -1 1 
12 1 Car -1.000000 -1 -1 604.9237607337054 181.30029147644555 702.1993758928263 213.00496801682155 -1 -1 -1 -1 -1 -1 -1 -1 1 
13 1 Car -1.000000 -1 -1 614.1439230443082 181.20191587358528 711.0132300511028 212.8386900028311 -1 -1 -1 -1 -1 -1 -1 -1 1 
14 1 Car -1.000000 -1 -1 624.807279049268 181.31622584200784 721.0502832423745 213.08184084260031 -1 -1 -1 -1 -1 -1 -1 -1 1 
15 1 Car -1.000000 -1 -1 636.4298424001631 181.00984974305806 728.5968525473763 211.5716217082266 -1 -1 -1 -1 -1 -1 -1 -1 1 
16 1 Car -1.000000 -1 -1 645.6388612053266 181.03240748268655 735.8029318598241 211.18496961980142 -1 -1 -1 -1 -1 -1 -1 -1 1 
17 1 Car -1.000000 -1 -1 655.7396542224564 180.93216938161788 744.1230541512123 210.78824664774075 -1 -1 -1 -1 -1 -1 -1 -1 1 
18 1 Car -1.000000 -1 -1 663.8515284848928 180.1823934176874 751.6395548745836 210.2956273141077 -1 -1 -1 -1 -1 -1 -1 -1 1 
19 1 Car -1.000000 -1 -1 671.3444485705778 179.85770606066092 756.42991443948 209.56441727619728 -1 -1 -1 -1 -1 -1 -1 -1 1 
20 1 Car -1.000000 -1 -1 678.539416986643 179.13189072030667 762.189149611399 209.01267339455265 -1 -1 -1 -1 -1 -1 -1 -1 1 
21 1 Car -1.000000 -1 -1 687.7233792037388 179.08538658598928 767.2245142574856 208.1665719169552 -1 -1 -1 -1 -1 -1 -1 -1 1 
22 1 Car -1.000000 -1 -1 694.264283747037 178.61125515633154 771.2010985341244 207.49577784614036 -1 -1 -1 -1 -1 -1 -1 -1 1 
22 2 Car -1.000000 -1 -1 658.1842563986679 181.4669530942917 686.3513427414716 205.43747689480858 -1 -1 -1 -1 -1 -1 -1 -1 1 
23 1 Car -1.000000 -1 -1 697.0218227589696 179.74161069892025 768.3071397472901 207.60918848384722 -1 -1 -1 -1 -1 -1 -1 -1 1 
23 2 Car -1.000000 -1 -1 658.2579054344563 181.46413180116312 686.353426516172 205.3737527338308 -1 -1 -1 -1 -1 -1 -1 -1 1 
24 1 Car -1.000000 -1 -1 701.1247840204878 180.16624311795522 768.4826727355285 207.7590275804881 -1 -1 -1 -1 -1 -1 -1 -1 1 
25 1 Car -1.000000 -1 -1 707.2639038753754 180.85473446520572 769.2490112532786 207.47137515644226 -1 -1 -1 -1 -1 -1 -1 -1 1 
26 1 Car -1.000000 -1 -1 715.773107336594 180.82609521055707 775.8031169792695 207.43052132728747 -1 -1 -1 -1 -1 -1 -1 -1 1 
27 1 Car -1.000000 -1 -1 720.2768322296538 180.4648145547031 779.9780156584942 207.7861990036812 -1 -1 -1 -1 -1 -1 -1 -1 1 
27 2 Car -1.000000 -1 -1 658.2616293099113 181.26537776010449 686.7620829200691 205.55489761497614 -1 -1 -1 -1 -1 -1 -1 -1 1 
28 1 Car -1.000000 -1 -1 725.0405066129601 181.0652938233764 781.0875829530416 207.56062957725936 -1 -1 -1 -1 -1 -1 -1 -1 1 
28 2 Car -1.000000 -1 -1 658.3408741644672 181.33327836900284 686.7649769528745 205.5540628081307 -1 -1 -1 -1 -1 -1 -1 -1 1 
29 1 Car -1.000000 -1 -1 728.412001250063 181.29859408165612 781.9766704610859 207.4242355731597 -1 -1 -1 -1 -1 -1 -1 -1 1 
29 2 Car -1.000000 -1 -1 658.4458897181473 181.36348034119794 686.7890792010886 205.5032085896325 -1 -1 -1 -1 -1 -1 -1 -1 1 
30 1 Car -1.000000 -1 -1 734.1217196937985 181.3957001937272 787.018943211848 207.1959993842215 -1 -1 -1 -1 -1 -1 -1 -1 1 
30 2 Car -1.000000 -1 -1 658.6990074536242 181.3561713663303 686.905002520431 205.41742597997853 -1 -1 -1 -1 -1 -1 -1 -1 1 
31 2 Car -1.000000 -1 -1 658.7691561388511 181.34628386036286 686.9679763460439 205.40141819776565 -1 -1 -1 -1 -1 -1 -1 -1 1 
35 3 Car -1.000000 -1 -1 745.6365342844264 182.0708986742959 776.5053830300869 204.69438929124584 -1 -1 -1 -1 -1 -1 -1 -1 1 
36 2 Car -1.000000 -1 -1 658.6970011393726 181.367568410633 686.7361684986492 205.2792694062704 -1 -1 -1 -1 -1 -1 -1 -1 1 
36 3 Car -1.000000 -1 -1 745.9942442030891 181.97058947069473 776.6063143079828 204.4360534390821 -1 -1 -1 -1 -1 -1 -1 -1 1 
37 2 Car -1.000000 -1 -1 658.6701711953398 181.41517777819885 686.7625204643814 205.36397075400066 -1 -1 -1 -1 -1 -1 -1 -1 1 
37 3 Car -1.000000 -1 -1 747.2097307247309 182.0394430097717 776.5728267779739 203.502251277327 -1 -1 -1 -1 -1 -1 -1 -1 1 
38 2 Car -1.000000 -1 -1 658.7709851191064 181.30614039068072 686.8782798385513 205.32013871037725 -1 -1 -1 -1 -1 -1 -1 -1 1 
38 3 Car -1.000000 -1 -1 748.5984524124973 182.5214026988498 776.5802854718016 202.84259043803215 -1 -1 -1 -1 -1 -1 -1 -1 1 
39 2 Car -1.000000 -1 -1 658.8019741473827 181.29570957970967 686.9064862347598 205.3073311612776 -1 -1 -1 -1 -1 -1 -1 -1 1 
39 3 Car -1.000000 -1 -1 749.8385389424581 182.99199833374686 776.4338025630648 202.11393820185614 -1 -1 -1 -1 -1 -1 -1 -1 1 
40 3 Car -1.000000 -1 -1 750.826116718407 183.18924309837053 776.4007778536368 201.57737094180297 -1 -1 -1 -1 -1 -1 -1 -1 1 
58 2 Car -1.000000 -1 -1 658.2933648803585 181.55110929909543 686.367386834007 205.5798330418953 -1 -1 -1 -1 -1 -1 -1 -1 1 
59 2 Car -1.000000 -1 -1 658.352849838643 181.48500341193918 686.4573991835991 205.58081460902758 -1 -1 -1 -1 -1 -1 -1 -1 1 
60 2 Car -1.000000 -1 -1 658.3159268119456 181.40063000452727 686.4565110351921 205.59416856935377 -1 -1 -1 -1 -1 -1 -1 -1 1 
61 2 Car -1.000000 -1 -1 658.2905084293062 181.3948101915994 686.4515674969216 205.6059558746111 -1 -1 -1 -1 -1 -1 -1 -1 1 
