2 1 Car -1.000000 -1 -1 1056.9604741243695 186.43801087063505 1155.402221697485 222.3093193432777 -1 -1 -1 -1 -1 -1 -1 -1 1 
2 2 Car -1.000000 -1 -1 962.3564100535889 184.63604447935097 1062.7660535909865 220.14186091775386 -1 -1 -1 -1 -1 -1 -1 -1 1 
3 1 Car -1.000000 -1 -1 1056.904549899491 186.44828566760768 1155.3859814274376 222.3376300275146 -1 -1 -1 -1 -1 -1 -1 -1 1 
3 2 Car -1.000000 -1 -1 962.394766457604 184.68317690225388 1062.6450492719543 220.13350612630504 -1 -1 -1 -1 -1 -1 -1 -1 1 
4 1 Car -1.000000 -1 -1 1056.7320327034986 186.42911547088684 1155.3350974319974 222.36490026042782 -1 -1 -1 -1 -1 -1 -1 -1 1 
4 2 Car -1.000000 -1 -1 962.3698652978478 184.70062848649872 1062.5464229083598 220.12447845501904 -1 -1 -1 -1 -1 -1 -1 -1 1 
5 1 Car -1.000000 -1 -1 1056.8019090309133 186.39839585076203 1155.3415061417097 222.31155110845407 -1 -1 -1 -1 -1 -1 -1 -1 1 
5 2 Car -1.000000 -1 -1 962.3416784453797 184.6017730773458 1062.7317773535028 220.11079055318342 -1 -1 -1 -1 -1 -1 -1 -1 1 
6 1 Car -1.000000 -1 -1 1056.8677433325488 186.37410306600376 1155.2882518814724 222.24269926693106 -1 -1 -1 -1 -1 -1 -1 -1 1 
6 2 Car -1.000000 -1 -1 962.6250316939442 184.73848408445062 1062.498286727858 220.0587610036954 -1 -1 -1 -1 -1 -1 -1 -1 1 
7 1 Car -1.000000 -1 -1 1056.8462207760897 186.33864142510188 1155.2067545727305 222.18321218509683 -1 -1 -1 -1 -1 -1 -1 -1 1 
7 2 Car -1.000000 -1 -1 962.7706687243406 184.8156109863536 1062.4316921581176 220.0527112007326 -1 -1 -1 -1 -1 -1 -1 -1 1 
8 1 Car -1.000000 -1 -1 1056.8446339881316 186.29792004309263 1155.1792413354426 222.1321787239752 -1 -1 -1 -1 -1 -1 -1 -1 1 
8 2 Car -1.000000 -1 -1 962.8558136049867 184.88637138327945 1062.3381306295357 220.04602584368757 -1 -1 -1 -1 -1 -1 -1 -1 1 
9 1 Car -1.000000 -1 -1 1056.8325413965554 186.27511882007764 1155.1645494907566 222.1077862600638 -1 -1 -1 -1 -1 -1 -1 -1 1 
9 2 Car -1.000000 -1 -1 962.8662168817236 184.88812341446473 1062.4427073308045 220.06664091003515 -1 -1 -1 -1 -1 -1 -1 -1 1 
10 1 Car -1.000000 -1 -1 1056.8346421428014 186.26705920349679 1155.1613317539275 222.09563677562636 -1 -1 -1 -1 -1 -1 -1 -1 1 
10 2 Car -1.000000 -1 -1 962.9210054085155 185.08650243119124 1062.7952868574332 220.3616631535868 -1 -1 -1 -1 -1 -1 -1 -1 1 
11 1 Car -1.000000 -1 -1 1056.8039192907859 186.24982030073548 1155.1346559214207 222.07620837192147 -1 -1 -1 -1 -1 -1 -1 -1 1 
11 2 Car -1.000000 -1 -1 962.9537155201403 185.18644902154918 1062.8097466462532 220.45575559664323 -1 -1 -1 -1 -1 -1 -1 -1 1 
12 1 Car -1.000000 -1 -1 1056.8481690705826 186.30100911623066 1155.0230644858862 222.05216650243457 -1 -1 -1 -1 -1 -1 -1 -1 1 
12 2 Car -1.000000 -1 -1 962.995380679613 185.1916554043396 1062.8448901298948 220.4745596411991 -1 -1 -1 -1 -1 -1 -1 -1 1 
13 1 Car -1.000000 -1 -1 1056.8902413726157 186.34414739126717 1155.0296006464696 222.0684636767699 -1 -1 -1 -1 -1 -1 -1 -1 1 
13 2 Car -1.000000 -1 -1 962.3222403500554 184.48517777360917 1064.2781593025466 220.51691262039554 -1 -1 -1 -1 -1 -1 -1 -1 1 
14 1 Car -1.000000 -1 -1 1056.8395498216444 186.35504581116948 1155.1058807794468 222.12018253306147 -1 -1 -1 -1 -1 -1 -1 -1 1 
14 2 Car -1.000000 -1 -1 962.4402636623897 184.93517417402467 1063.2703217034389 220.56959646119506 -1 -1 -1 -1 -1 -1 -1 -1 1 
15 1 Car -1.000000 -1 -1 1056.774244990378 186.3374849034012 1155.1765365089045 222.1514503722846 -1 -1 -1 -1 -1 -1 -1 -1 1 
15 2 Car -1.000000 -1 -1 962.7007724737874 184.99135157054639 1063.0496853224545 220.47427164043958 -1 -1 -1 -1 -1 -1 -1 -1 1 
16 1 Car -1.000000 -1 -1 1056.847523279522 186.3519079126234 1155.0190579645478 222.0683668617283 -1 -1 -1 -1 -1 -1 -1 -1 1 
16 2 Car -1.000000 -1 -1 962.951242845413 184.95382144386724 1062.7816952288622 220.2182949919062 -1 -1 -1 -1 -1 -1 -1 -1 1 
17 1 Car -1.000000 -1 -1 1057.0054491749881 186.28538286175097 1154.9703048103706 221.93760080304781 -1 -1 -1 -1 -1 -1 -1 -1 1 
17 2 Car -1.000000 -1 -1 962.8928019215423 184.9409832054647 1062.5820363985686 220.11377442101266 -1 -1 -1 -1 -1 -1 -1 -1 1 
18 1 Car -1.000000 -1 -1 1057.0640948608348 186.25027335060682 1154.9617077594714 221.8891961278438 -1 -1 -1 -1 -1 -1 -1 -1 1 
18 2 Car -1.000000 -1 -1 962.7089320553478 184.64901691512205 1062.3490171191665 219.77486012107286 -1 -1 -1 -1 -1 -1 -1 -1 1 
19 1 Car -1.000000 -1 -1 1057.182260026245 186.25872598361832 1155.0091546945491 221.88217698033367 -1 -1 -1 -1 -1 -1 -1 -1 1 
19 2 Car -1.000000 -1 -1 962.044804343109 184.42252041470948 1061.9663323186542 219.56862675299527 -1 -1 -1 -1 -1 -1 -1 -1 1 
20 1 Car -1.000000 -1 -1 1057.286825283971 186.26792049476273 1155.1441144195408 221.9177435537263 -1 -1 -1 -1 -1 -1 -1 -1 1 
20 2 Car -1.000000 -1 -1 972.370445504451 184.72816273512336 1068.3280024993169 219.13570536064503 -1 -1 -1 -1 -1 -1 -1 -1 1 
21 1 Car -1.000000 -1 -1 1057.4056518207879 186.2419320789423 1155.0451517875192 221.82391252716977 -1 -1 -1 -1 -1 -1 -1 -1 1 
21 2 Car -1.000000 -1 -1 975.9673377924917 184.81689906987572 1069.287374302586 218.82295239809523 -1 -1 -1 -1 -1 -1 -1 -1 1 
22 1 Car -1.000000 -1 -1 1057.2432259319278 186.23320304673408 1154.9457277935498 221.8392596672522 -1 -1 -1 -1 -1 -1 -1 -1 1 
22 2 Car -1.000000 -1 -1 981.3538516491483 184.43118532751237 1073.053039087337 218.78170378458876 -1 -1 -1 -1 -1 -1 -1 -1 1 
23 1 Car -1.000000 -1 -1 1057.3602667534913 186.25685837556668 1154.882152164297 221.79817122580442 -1 -1 -1 -1 -1 -1 -1 -1 1 
23 2 Car -1.000000 -1 -1 983.467325862151 184.23788402661575 1073.1643170601328 218.65357928933065 -1 -1 -1 -1 -1 -1 -1 -1 1 
24 1 Car -1.000000 -1 -1 1057.2381949422843 186.2391815894037 1154.7387060892734 221.75273005458575 -1 -1 -1 -1 -1 -1 -1 -1 1 
24 2 Car -1.000000 -1 -1 986.6853055871628 184.20844156071416 1074.9088530172683 219.0955496605786 -1 -1 -1 -1 -1 -1 -1 -1 1 
25 1 Car -1.000000 -1 -1 1057.1672986195802 186.13695191619294 1154.5217862360284 221.55150241506115 -1 -1 -1 -1 -1 -1 -1 -1 1 
25 2 Car -1.000000 -1 -1 993.7029140519202 184.9722238837907 1075.9946881005328 218.68822198393525 -1 -1 -1 -1 -1 -1 -1 -1 1 
26 1 Car -1.000000 -1 -1 1057.0510250969983 186.101882341976 1154.4404013793176 221.49094914508498 -1 -1 -1 -1 -1 -1 -1 -1 1 
26 2 Car -1.000000 -1 -1 1001.3138871453946 186.21582554762745 1078.0546548778154 219.08728396054548 -1 -1 -1 -1 -1 -1 -1 -1 1 
27 1 Car -1.000000 -1 -1 1056.2983399989153 186.10038618827653 1154.2748539088202 221.65244371017906 -1 -1 -1 -1 -1 -1 -1 -1 1 
27 2 Car -1.000000 -1 -1 1003.7181289215538 186.38783246627577 1079.9547962815518 219.0434711175258 -1 -1 -1 -1 -1 -1 -1 -1 1 
28 1 Car -1.000000 -1 -1 1055.7966177145188 186.1391623595399 1154.2650976523369 221.81176498581473 -1 -1 -1 -1 -1 -1 -1 -1 1 
29 1 Car -1.000000 -1 -1 1056.2773113906735 186.13064298908353 1154.6311788877138 221.7558752487815 -1 -1 -1 -1 -1 -1 -1 -1 1 
30 1 Car -1.000000 -1 -1 1061.032950363698 186.4683737820332 1156.5168355998046 221.27793837685 -1 -1 -1 -1 -1 -1 -1 -1 1 
31 1 Car -1.000000 -1 -1 1067.5977019891027 186.88300551806861 1158.9311425721978 220.62746827298844 -1 -1 -1 -1 -1 -1 -1 -1 1 
32 1 Car -1.000000 -1 -1 1077.0938912288934 187.51836335453467 1164.7774662696152 220.97489275640893 -1 -1 -1 -1 -1 -1 -1 -1 1 
33 1 Car -1.000000 -1 -1 1085.9509252767011 188.80274454835677 1168.4971569276327 221.59598115408343 -1 -1 -1 -1 -1 -1 -1 -1 1 
34 1 Car -1.000000 -1 -1 1088.4344194395235 189.075121583414 1170.3189491628145 221.6055528410077 -1 -1 -1 -1 -1 -1 -1 -1 1 
36 6 Car -1.000000 -1 -1 965.019759022623 185.00806036613162 1062.3750343738832 219.89866848997002 -1 -1 -1 -1 -1 -1 -1 -1 1 
37 6 Car -1.000000 -1 -1 964.6332851696139 184.83456490398 1062.0734230447877 219.72432076671242 -1 -1 -1 -1 -1 -1 -1 -1 1 
38 6 Car -1.000000 -1 -1 964.431641744225 184.8714992065897 1061.586959464986 219.62025781527373 -1 -1 -1 -1 -1 -1 -1 -1 1 
39 6 Car -1.000000 -1 -1 964.1432922263216 184.82763266783405 1061.4949384365902 219.6075449014882 -1 -1 -1 -1 -1 -1 -1 -1 1 
40 6 Car -1.000000 -1 -1 963.9553056531053 184.82568991926775 1061.4445505754602 219.6115273771752 -1 -1 -1 -1 -1 -1 -1 -1 1 
40 7 Car -1.000000 -1 -1 1069.9487431629025 186.51767666044114 1134.2619891573872 221.2286325026875 -1 -1 -1 -1 -1 -1 -1 -1 1 
41 6 Car -1.000000 -1 -1 963.8196108147641 184.78303143203135 1061.4809149903035 219.58682704657335 -1 -1 -1 -1 -1 -1 -1 -1 1 
41 7 Car -1.000000 -1 -1 1073.509847787426 186.45139959086939 1139.1256261245976 221.22501118981796 -1 -1 -1 -1 -1 -1 -1 -1 1 
42 6 Car -1.000000 -1 -1 963.6947262884873 184.76539396724343 1061.6822903648892 219.64733260171226 -1 -1 -1 -1 -1 -1 -1 -1 1 
42 7 Car -1.000000 -1 -1 1073.586583206919 186.41932842557097 1141.4242857499457 221.64782406100258 -1 -1 -1 -1 -1 -1 -1 -1 1 
43 6 Car -1.000000 -1 -1 963.6582865668338 184.82555123630652 1061.820516045173 219.73048712533338 -1 -1 -1 -1 -1 -1 -1 -1 1 
43 7 Car -1.000000 -1 -1 1072.580826280182 186.4533719759096 1142.7266223907732 222.11363236033375 -1 -1 -1 -1 -1 -1 -1 -1 1 
44 6 Car -1.000000 -1 -1 963.4318041125067 184.77333709183108 1062.111174508741 219.8379666869328 -1 -1 -1 -1 -1 -1 -1 -1 1 
44 7 Car -1.000000 -1 -1 1071.5740318135668 186.4663170245268 1143.6778536411312 222.31909327394 -1 -1 -1 -1 -1 -1 -1 -1 1 
45 6 Car -1.000000 -1 -1 963.5059040948224 184.77239951635212 1062.1802714834262 219.80325690111385 -1 -1 -1 -1 -1 -1 -1 -1 1 
45 7 Car -1.000000 -1 -1 1070.5555038019302 186.44167764496666 1144.452220552971 222.36228603746676 -1 -1 -1 -1 -1 -1 -1 -1 1 
46 6 Car -1.000000 -1 -1 963.5102525877959 184.74669723685727 1062.2395420417897 219.76685764832737 -1 -1 -1 -1 -1 -1 -1 -1 1 
46 7 Car -1.000000 -1 -1 1069.5698611656917 186.40979706014522 1145.1018355788829 222.3065813828796 -1 -1 -1 -1 -1 -1 -1 -1 1 
47 6 Car -1.000000 -1 -1 963.5349914458391 184.7678508660366 1062.2469558200787 219.74886206122244 -1 -1 -1 -1 -1 -1 -1 -1 1 
47 7 Car -1.000000 -1 -1 1068.6179863796083 186.40307011667142 1145.7147977708537 222.25364670282522 -1 -1 -1 -1 -1 -1 -1 -1 1 
48 6 Car -1.000000 -1 -1 963.4649880486013 184.7677541010681 1062.3016852104327 219.7616752837034 -1 -1 -1 -1 -1 -1 -1 -1 1 
48 7 Car -1.000000 -1 -1 1067.732802602649 186.39105980041148 1146.4121140292248 222.22499778346165 -1 -1 -1 -1 -1 -1 -1 -1 1 
49 6 Car -1.000000 -1 -1 963.4818934695763 184.81252761892873 1062.2427123191521 219.74224391388861 -1 -1 -1 -1 -1 -1 -1 -1 1 
49 7 Car -1.000000 -1 -1 1066.870099676668 186.3561111290317 1147.0154213330954 222.15223319716884 -1 -1 -1 -1 -1 -1 -1 -1 1 
50 6 Car -1.000000 -1 -1 963.441823193029 184.82854430388684 1062.2644613220014 219.7455190681362 -1 -1 -1 -1 -1 -1 -1 -1 1 
50 7 Car -1.000000 -1 -1 1066.1290132307417 186.38614207401363 1147.6210276835895 222.12432237706463 -1 -1 -1 -1 -1 -1 -1 -1 1 
51 6 Car -1.000000 -1 -1 963.2031639765146 184.749094873512 1062.3205760384035 219.7423114646598 -1 -1 -1 -1 -1 -1 -1 -1 1 
51 7 Car -1.000000 -1 -1 1065.396621689599 186.35693845153008 1148.1969017768333 222.0526968422673 -1 -1 -1 -1 -1 -1 -1 -1 1 
52 6 Car -1.000000 -1 -1 963.1279511349478 184.73147155442612 1062.4271080792141 219.76193955642248 -1 -1 -1 -1 -1 -1 -1 -1 1 
52 7 Car -1.000000 -1 -1 1064.6575290407125 186.33625073816341 1148.7695340185023 222.02497580932942 -1 -1 -1 -1 -1 -1 -1 -1 1 
53 6 Car -1.000000 -1 -1 963.6621791781516 184.69995398201414 1063.1469774438297 219.84478709897516 -1 -1 -1 -1 -1 -1 -1 -1 1 
53 7 Car -1.000000 -1 -1 1063.9863498288053 186.31761387914435 1149.2432599548767 221.96102104549436 -1 -1 -1 -1 -1 -1 -1 -1 1 
54 6 Car -1.000000 -1 -1 963.7559839055984 184.57687792897576 1062.9588766505253 219.63329123397094 -1 -1 -1 -1 -1 -1 -1 -1 1 
54 7 Car -1.000000 -1 -1 1063.483642704511 186.30118995136976 1149.7354924397032 221.8794638362678 -1 -1 -1 -1 -1 -1 -1 -1 1 
55 6 Car -1.000000 -1 -1 963.7907631485848 184.54024204023895 1063.0086609195655 219.60195534508534 -1 -1 -1 -1 -1 -1 -1 -1 1 
55 7 Car -1.000000 -1 -1 1062.917209648673 186.2790769848005 1150.1714663782236 221.83127714252035 -1 -1 -1 -1 -1 -1 -1 -1 1 
56 6 Car -1.000000 -1 -1 967.6441984498678 184.5335182175091 1064.8766566100564 219.09789007713673 -1 -1 -1 -1 -1 -1 -1 -1 1 
56 7 Car -1.000000 -1 -1 1062.603409885054 186.25834421483495 1150.5430369076503 221.70233761590026 -1 -1 -1 -1 -1 -1 -1 -1 1 
57 6 Car -1.000000 -1 -1 978.7947362448522 184.41588313761304 1072.0353311505683 218.62124390533984 -1 -1 -1 -1 -1 -1 -1 -1 1 
57 7 Car -1.000000 -1 -1 1062.2033405304678 186.21330359960092 1150.857319269418 221.58152513721214 -1 -1 -1 -1 -1 -1 -1 -1 1 
58 6 Car -1.000000 -1 -1 986.6832611198506 184.6069599828122 1075.1503866677513 218.22765627097914 -1 -1 -1 -1 -1 -1 -1 -1 1 
58 7 Car -1.000000 -1 -1 1061.6799153051504 186.179540413927 1151.0838636025608 221.5021410051271 -1 -1 -1 -1 -1 -1 -1 -1 1 
59 6 Car -1.000000 -1 -1 997.8090699654687 185.84721620950532 1080.4169111446238 218.95285424799488 -1 -1 -1 -1 -1 -1 -1 -1 1 
59 7 Car -1.000000 -1 -1 1061.2908442406451 186.1593001306735 1151.2712260017222 221.38077142890143 -1 -1 -1 -1 -1 -1 -1 -1 1 
60 6 Car -1.000000 -1 -1 1000.5604942338181 185.97607835008637 1082.7130436962134 218.89932271482857 -1 -1 -1 -1 -1 -1 -1 -1 1 
60 7 Car -1.000000 -1 -1 1060.6729581904788 186.18779590481603 1151.6138783504168 221.48979058298727 -1 -1 -1 -1 -1 -1 -1 -1 1 
61 7 Car -1.000000 -1 -1 1060.37336411007 186.26838355337011 1152.074816975036 221.63400540466205 -1 -1 -1 -1 -1 -1 -1 -1 1 
62 7 Car -1.000000 -1 -1 1066.7060972149316 186.92572871453524 1154.9370551979837 221.08392306448744 -1 -1 -1 -1 -1 -1 -1 -1 1 
63 7 Car -1.000000 -1 -1 1074.2184325928151 187.46961063254116 1160.798671070077 221.76362225140858 -1 -1 -1 -1 -1 -1 -1 -1 1 
64 7 Car -1.000000 -1 -1 1087.4639009874495 188.64951559527026 1167.5255115369607 221.7974312525864 -1 -1 -1 -1 -1 -1 -1 -1 1 
65 7 Car -1.000000 -1 -1 1090.063973092332 188.8953656762419 1169.5810341541178 221.81779388105605 -1 -1 -1 -1 -1 -1 -1 -1 1 
65 9 Car -1.000000 -1 -1 966.2511304614313 185.25072776635798 1059.9273052018293 219.77746001709664 -1 -1 -1 -1 -1 -1 -1 -1 1 
66 9 Car -1.000000 -1 -1 965.93325254057 185.2236966207367 1059.650441664604 219.68138458359772 -1 -1 -1 -1 -1 -1 -1 -1 1 
67 9 Car -1.000000 -1 -1 965.5826365221891 185.22984057148844 1059.774181167486 219.76972899153947 -1 -1 -1 -1 -1 -1 -1 -1 1 
67 10 Car -1.000000 -1 -1 1075.2463200413395 186.42827671180387 1120.4914456484462 221.9514745673899 -1 -1 -1 -1 -1 -1 -1 -1 1 
68 9 Car -1.000000 -1 -1 965.1471593371211 185.15133449741296 1060.0068986135175 219.83674271494306 -1 -1 -1 -1 -1 -1 -1 -1 1 
68 10 Car -1.000000 -1 -1 1081.6922201296989 186.43569794454356 1129.4775557638113 222.50656618700873 -1 -1 -1 -1 -1 -1 -1 -1 1 
69 9 Car -1.000000 -1 -1 964.9795087325128 185.13061318364424 1060.301943086822 219.88107040847166 -1 -1 -1 -1 -1 -1 -1 -1 1 
69 10 Car -1.000000 -1 -1 1083.3101259026896 186.43401350542945 1133.1468381068967 222.34685010868267 -1 -1 -1 -1 -1 -1 -1 -1 1 
70 9 Car -1.000000 -1 -1 964.974334224722 185.18888507472892 1060.3313108829311 219.83755873447944 -1 -1 -1 -1 -1 -1 -1 -1 1 
70 10 Car -1.000000 -1 -1 1082.538746909725 186.49504676953725 1134.5844966130846 222.19557772373767 -1 -1 -1 -1 -1 -1 -1 -1 1 
71 9 Car -1.000000 -1 -1 964.9295671582515 185.21463855415007 1060.5854531418545 219.85920818377085 -1 -1 -1 -1 -1 -1 -1 -1 1 
71 10 Car -1.000000 -1 -1 1081.0684531026802 186.48204135637403 1135.769079080519 222.16950340173457 -1 -1 -1 -1 -1 -1 -1 -1 1 
72 9 Car -1.000000 -1 -1 965.1457751800307 185.45643279091712 1061.2056266787993 220.15620475833515 -1 -1 -1 -1 -1 -1 -1 -1 1 
72 10 Car -1.000000 -1 -1 1079.3745058969491 186.44806892790112 1136.8839037474554 222.16590874936773 -1 -1 -1 -1 -1 -1 -1 -1 1 
73 9 Car -1.000000 -1 -1 965.1527552546611 185.5357494612871 1061.5349745351543 220.26562412861495 -1 -1 -1 -1 -1 -1 -1 -1 1 
73 10 Car -1.000000 -1 -1 1077.6965506065476 186.43167185956128 1138.0795695063093 222.21903923633067 -1 -1 -1 -1 -1 -1 -1 -1 1 
74 9 Car -1.000000 -1 -1 965.0593104664056 185.55144055427627 1061.6735288589216 220.2816599376002 -1 -1 -1 -1 -1 -1 -1 -1 1 
74 10 Car -1.000000 -1 -1 1076.1293891444716 186.44450340503232 1139.227451693182 222.21815408836687 -1 -1 -1 -1 -1 -1 -1 -1 1 
75 9 Car -1.000000 -1 -1 964.8680206333181 185.4889628377141 1061.7844688935627 220.24350027592044 -1 -1 -1 -1 -1 -1 -1 -1 1 
75 10 Car -1.000000 -1 -1 1074.6307904210782 186.4412540470873 1140.3938584498078 222.22045366748182 -1 -1 -1 -1 -1 -1 -1 -1 1 
76 9 Car -1.000000 -1 -1 964.5993983241968 185.39384673656298 1061.7938003368754 220.14294575547063 -1 -1 -1 -1 -1 -1 -1 -1 1 
76 10 Car -1.000000 -1 -1 1073.2054321790501 186.4457516300973 1141.520944879338 222.22844710324253 -1 -1 -1 -1 -1 -1 -1 -1 1 
77 9 Car -1.000000 -1 -1 964.0776965597979 185.132466039174 1061.6396851208356 219.92745519945808 -1 -1 -1 -1 -1 -1 -1 -1 1 
77 10 Car -1.000000 -1 -1 1071.8208038829312 186.44682268962558 1142.587035325884 222.2439416590658 -1 -1 -1 -1 -1 -1 -1 -1 1 
78 9 Car -1.000000 -1 -1 964.102907368979 185.2754729249228 1061.9406250310012 220.08679864098335 -1 -1 -1 -1 -1 -1 -1 -1 1 
78 10 Car -1.000000 -1 -1 1070.5503827698508 186.45260470549286 1143.5977338201221 222.2489606551057 -1 -1 -1 -1 -1 -1 -1 -1 1 
79 9 Car -1.000000 -1 -1 964.1068163405776 185.36682245030852 1062.1847281035457 220.2061724047173 -1 -1 -1 -1 -1 -1 -1 -1 1 
79 10 Car -1.000000 -1 -1 1069.3536137361962 186.45185935521928 1144.5048844478931 222.23083169052327 -1 -1 -1 -1 -1 -1 -1 -1 1 
80 9 Car -1.000000 -1 -1 964.0179995286331 185.38345790004587 1062.2338972164912 220.18443847878217 -1 -1 -1 -1 -1 -1 -1 -1 1 
80 10 Car -1.000000 -1 -1 1068.2866533823496 186.46536025542113 1145.3650146926627 222.21388157158253 -1 -1 -1 -1 -1 -1 -1 -1 1 
81 9 Car -1.000000 -1 -1 963.7720716878364 185.2984940575618 1062.379706321043 220.17135296252988 -1 -1 -1 -1 -1 -1 -1 -1 1 
81 10 Car -1.000000 -1 -1 1067.2687145059333 186.42402813462743 1146.2497037487883 222.20607187222637 -1 -1 -1 -1 -1 -1 -1 -1 1 
82 9 Car -1.000000 -1 -1 963.6846508348183 185.3171573324786 1062.4540224729417 220.17812989376995 -1 -1 -1 -1 -1 -1 -1 -1 1 
82 10 Car -1.000000 -1 -1 1066.3759252055866 186.41948307052607 1147.0609246101603 222.20839419522127 -1 -1 -1 -1 -1 -1 -1 -1 1 
83 9 Car -1.000000 -1 -1 963.5138674569857 185.28357233076292 1062.5508431937567 220.17929549583332 -1 -1 -1 -1 -1 -1 -1 -1 1 
83 10 Car -1.000000 -1 -1 1065.5442102204172 186.4058726596527 1147.79779201748 222.2022806285957 -1 -1 -1 -1 -1 -1 -1 -1 1 
84 9 Car -1.000000 -1 -1 963.3816340628558 185.27522936567232 1062.6145625627946 220.17790237641344 -1 -1 -1 -1 -1 -1 -1 -1 1 
84 10 Car -1.000000 -1 -1 1064.82278579815 186.3971027592636 1148.4404783789344 222.16518496639017 -1 -1 -1 -1 -1 -1 -1 -1 1 
85 9 Car -1.000000 -1 -1 963.238448420092 185.20905623815312 1062.6864434462686 220.1345314930405 -1 -1 -1 -1 -1 -1 -1 -1 1 
85 10 Car -1.000000 -1 -1 1064.112614346199 186.38674684444445 1149.0711414677792 222.1727777804509 -1 -1 -1 -1 -1 -1 -1 -1 1 
86 9 Car -1.000000 -1 -1 963.2482876574027 185.22881458648942 1062.7798306166305 220.13950453744528 -1 -1 -1 -1 -1 -1 -1 -1 1 
86 10 Car -1.000000 -1 -1 1063.498149475175 186.39961842297174 1149.6374567343314 222.18296091625044 -1 -1 -1 -1 -1 -1 -1 -1 1 
87 9 Car -1.000000 -1 -1 963.200566371532 185.219039883089 1062.8121584831442 220.11523938375856 -1 -1 -1 -1 -1 -1 -1 -1 1 
87 10 Car -1.000000 -1 -1 1062.9167528272155 186.38300156931658 1150.1560139184508 222.17162058966474 -1 -1 -1 -1 -1 -1 -1 -1 1 
88 9 Car -1.000000 -1 -1 963.2060674653977 185.26980545957645 1062.8540524227092 220.14039283424958 -1 -1 -1 -1 -1 -1 -1 -1 1 
88 10 Car -1.000000 -1 -1 1062.3904531848857 186.3799565153719 1150.6361841262337 222.17446927551765 -1 -1 -1 -1 -1 -1 -1 -1 1 
89 9 Car -1.000000 -1 -1 963.1956871134726 185.28831935286667 1062.8844810814323 220.13302403788688 -1 -1 -1 -1 -1 -1 -1 -1 1 
89 10 Car -1.000000 -1 -1 1061.9463416804017 186.39327694134766 1151.0308885485704 222.16248967645294 -1 -1 -1 -1 -1 -1 -1 -1 1 
90 9 Car -1.000000 -1 -1 963.153268742862 185.28225770314248 1062.979168840859 220.1420933285996 -1 -1 -1 -1 -1 -1 -1 -1 1 
90 10 Car -1.000000 -1 -1 1061.5343169277621 186.41140368788626 1151.3952089431184 222.161889827496 -1 -1 -1 -1 -1 -1 -1 -1 1 
91 9 Car -1.000000 -1 -1 963.1258849611432 185.29266691903788 1063.0267515559735 220.14858582024237 -1 -1 -1 -1 -1 -1 -1 -1 1 
91 10 Car -1.000000 -1 -1 1061.1197733867118 186.42494093212943 1151.7088628585177 222.16766039111337 -1 -1 -1 -1 -1 -1 -1 -1 1 
92 9 Car -1.000000 -1 -1 963.0517684209083 185.2583846319829 1063.0954798925268 220.13419053224254 -1 -1 -1 -1 -1 -1 -1 -1 1 
92 10 Car -1.000000 -1 -1 1060.8075966494887 186.44301214701775 1151.9491629852364 222.13022143747682 -1 -1 -1 -1 -1 -1 -1 -1 1 
93 9 Car -1.000000 -1 -1 962.9839148337819 185.2641815049837 1063.178909068161 220.17501428031449 -1 -1 -1 -1 -1 -1 -1 -1 1 
93 10 Car -1.000000 -1 -1 1060.495475565441 186.43785092824297 1152.273177105883 222.13150164036395 -1 -1 -1 -1 -1 -1 -1 -1 1 
94 9 Car -1.000000 -1 -1 962.9843380879148 185.2901241905792 1063.233282994768 220.2063278748471 -1 -1 -1 -1 -1 -1 -1 -1 1 
94 10 Car -1.000000 -1 -1 1060.2025372881162 186.4398116122767 1152.5850073244978 222.15381354177697 -1 -1 -1 -1 -1 -1 -1 -1 1 
95 9 Car -1.000000 -1 -1 962.9791001377677 185.2967743446327 1063.2826938284177 220.21956291183534 -1 -1 -1 -1 -1 -1 -1 -1 1 
95 10 Car -1.000000 -1 -1 1059.9511262367585 186.44308468062118 1152.8455906296501 222.16521415988137 -1 -1 -1 -1 -1 -1 -1 -1 1 
96 9 Car -1.000000 -1 -1 962.9921516749157 185.28986800624943 1063.3474198810995 220.2311807431076 -1 -1 -1 -1 -1 -1 -1 -1 1 
96 10 Car -1.000000 -1 -1 1059.7128785410803 186.42821145779007 1153.0775596549163 222.15844928822196 -1 -1 -1 -1 -1 -1 -1 -1 1 
97 9 Car -1.000000 -1 -1 963.0668594365727 185.2970067189301 1063.2774339051966 220.17217777766584 -1 -1 -1 -1 -1 -1 -1 -1 1 
97 10 Car -1.000000 -1 -1 1059.558614561714 186.41517441894865 1153.237939124335 222.1056211203077 -1 -1 -1 -1 -1 -1 -1 -1 1 
98 9 Car -1.000000 -1 -1 963.0613783385157 185.2880929993848 1063.2632735391164 220.1428390178891 -1 -1 -1 -1 -1 -1 -1 -1 1 
98 10 Car -1.000000 -1 -1 1059.3587702775208 186.41681702578393 1153.4744402446365 222.13236996615439 -1 -1 -1 -1 -1 -1 -1 -1 1 
99 9 Car -1.000000 -1 -1 962.9471397225017 185.2341365257596 1063.2626434584793 220.11040590484126 -1 -1 -1 -1 -1 -1 -1 -1 1 
99 10 Car -1.000000 -1 -1 1059.1585624664767 186.41327528135554 1153.7122978780567 222.17227066840346 -1 -1 -1 -1 -1 -1 -1 -1 1 
100 9 Car -1.000000 -1 -1 962.5406494301823 184.95513435875534 1063.153721986418 219.95003699202695 -1 -1 -1 -1 -1 -1 -1 -1 1 
100 10 Car -1.000000 -1 -1 1058.9426657873707 186.39121542085928 1153.8657183985358 222.1731200860645 -1 -1 -1 -1 -1 -1 -1 -1 1 
101 9 Car -1.000000 -1 -1 962.739570550768 185.07666638738837 1063.149763935651 219.97545526817157 -1 -1 -1 -1 -1 -1 -1 -1 1 
101 10 Car -1.000000 -1 -1 1058.8093061381558 186.3747957153998 1154.0610454684404 222.17183596862537 -1 -1 -1 -1 -1 -1 -1 -1 1 
102 9 Car -1.000000 -1 -1 962.8787233149023 185.17816036638814 1063.1300161832673 219.99069130914495 -1 -1 -1 -1 -1 -1 -1 -1 1 
102 10 Car -1.000000 -1 -1 1058.6512918210205 186.36895611290677 1154.2532200183737 222.20891771573054 -1 -1 -1 -1 -1 -1 -1 -1 1 
103 9 Car -1.000000 -1 -1 962.9589982289535 185.2460991385457 1063.213025487367 220.04150940802862 -1 -1 -1 -1 -1 -1 -1 -1 1 
103 10 Car -1.000000 -1 -1 1058.5521411019738 186.3820188922142 1154.3248850441726 222.20202944644151 -1 -1 -1 -1 -1 -1 -1 -1 1 
104 9 Car -1.000000 -1 -1 962.8325773858119 185.25616178016355 1063.3020624872263 220.12421658315955 -1 -1 -1 -1 -1 -1 -1 -1 1 
104 10 Car -1.000000 -1 -1 1058.4577388032633 186.3746927375343 1154.3838338140224 222.17835531801606 -1 -1 -1 -1 -1 -1 -1 -1 1 
105 9 Car -1.000000 -1 -1 962.806660600661 185.26935625221535 1063.250153252534 220.11771151628878 -1 -1 -1 -1 -1 -1 -1 -1 1 
105 10 Car -1.000000 -1 -1 1058.4147661759748 186.38900593700495 1154.4199821474876 222.1509270598671 -1 -1 -1 -1 -1 -1 -1 -1 1 
106 9 Car -1.000000 -1 -1 962.5830348505101 185.23845177647075 1063.3231095008882 220.19276424988792 -1 -1 -1 -1 -1 -1 -1 -1 1 
106 10 Car -1.000000 -1 -1 1058.2557183134234 186.35601846675254 1154.4745952330866 222.12871762771405 -1 -1 -1 -1 -1 -1 -1 -1 1 
107 9 Car -1.000000 -1 -1 962.4804390960569 185.17757950338128 1063.3465226317478 220.18438146536366 -1 -1 -1 -1 -1 -1 -1 -1 1 
107 10 Car -1.000000 -1 -1 1058.118627924047 186.33435114193202 1154.6318501696421 222.15446182149094 -1 -1 -1 -1 -1 -1 -1 -1 1 
108 9 Car -1.000000 -1 -1 962.4369830871673 185.03231622506507 1063.2986233817144 220.0399539363872 -1 -1 -1 -1 -1 -1 -1 -1 1 
108 10 Car -1.000000 -1 -1 1058.090918350534 186.3393619605023 1154.7642376723284 222.16590674381814 -1 -1 -1 -1 -1 -1 -1 -1 1 
109 9 Car -1.000000 -1 -1 962.3384643488166 184.98138104360035 1063.2614702475287 220.0076735782754 -1 -1 -1 -1 -1 -1 -1 -1 1 
109 10 Car -1.000000 -1 -1 1058.225323232643 186.31082722071963 1154.6968425961006 222.02173226372338 -1 -1 -1 -1 -1 -1 -1 -1 1 
110 9 Car -1.000000 -1 -1 976.4078908846881 185.06495918519707 1072.4852392051453 219.4997879267833 -1 -1 -1 -1 -1 -1 -1 -1 1 
110 10 Car -1.000000 -1 -1 1058.2577868502017 186.31462991035602 1154.7826961412254 222.01234747557913 -1 -1 -1 -1 -1 -1 -1 -1 1 
111 9 Car -1.000000 -1 -1 986.8083401104053 185.48303417153954 1076.881460665202 218.9856215236708 -1 -1 -1 -1 -1 -1 -1 -1 1 
111 10 Car -1.000000 -1 -1 1058.1336740521333 186.2691466102057 1154.6320636041594 221.91119522217724 -1 -1 -1 -1 -1 -1 -1 -1 1 
112 9 Car -1.000000 -1 -1 990.6112394889359 185.68369514851827 1077.1797661272938 218.96474196901715 -1 -1 -1 -1 -1 -1 -1 -1 1 
112 10 Car -1.000000 -1 -1 1058.0594649437728 186.21266353569874 1154.5931068896512 221.82414357827145 -1 -1 -1 -1 -1 -1 -1 -1 1 
113 9 Car -1.000000 -1 -1 987.9841078454084 185.24250707753833 1075.2162387707403 219.64366877165693 -1 -1 -1 -1 -1 -1 -1 -1 1 
113 10 Car -1.000000 -1 -1 1057.7324723074737 186.14695579492977 1154.3962140892036 221.73828292584344 -1 -1 -1 -1 -1 -1 -1 -1 1 
114 9 Car -1.000000 -1 -1 986.8786967766787 184.32670982387603 1074.5938098862935 219.8336679387932 -1 -1 -1 -1 -1 -1 -1 -1 1 
114 10 Car -1.000000 -1 -1 1057.490607015518 186.09212372201046 1154.016359402702 221.5277824299855 -1 -1 -1 -1 -1 -1 -1 -1 1 
115 9 Car -1.000000 -1 -1 987.9368936840392 184.22117796744885 1075.9349323512834 219.84287380570504 -1 -1 -1 -1 -1 -1 -1 -1 1 
115 10 Car -1.000000 -1 -1 1056.8352954928619 186.16317664585858 1153.6808134925147 221.58749781192785 -1 -1 -1 -1 -1 -1 -1 -1 1 
116 10 Car -1.000000 -1 -1 1056.8798449851056 186.22214538665241 1153.8831981721655 221.62107477090888 -1 -1 -1 -1 -1 -1 -1 -1 1 
117 10 Car -1.000000 -1 -1 1054.3928644464738 186.20150083126276 1152.839995969489 221.87100064930934 -1 -1 -1 -1 -1 -1 -1 -1 1 
118 10 Car -1.000000 -1 -1 1058.4158967638105 186.7498789152977 1154.824501048103 221.71882841317245 -1 -1 -1 -1 -1 -1 -1 -1 1 
119 10 Car -1.000000 -1 -1 1066.0273490557397 186.79616817997902 1159.672814861688 221.25174347534076 -1 -1 -1 -1 -1 -1 -1 -1 1 
120 10 Car -1.000000 -1 -1 1066.9743446082855 186.84873859447657 1160.2886003424148 221.18227564630013 -1 -1 -1 -1 -1 -1 -1 -1 1 
125 10 Car -1.000000 -1 -1 1055.2199227400033 186.32963126434228 1148.8391481069236 221.07976742630618 -1 -1 -1 -1 -1 -1 -1 -1 1 
126 10 Car -1.000000 -1 -1 1057.0986222836218 186.22596487503296 1152.0564216607422 221.2783198992306 -1 -1 -1 -1 -1 -1 -1 -1 1 
127 10 Car -1.000000 -1 -1 1058.9461370217402 185.95572151861785 1154.3145256825057 221.2658286175756 -1 -1 -1 -1 -1 -1 -1 -1 1 
128 10 Car -1.000000 -1 -1 1070.3342994132531 186.82122872212648 1162.3319347071103 222.06150376907004 -1 -1 -1 -1 -1 -1 -1 -1 1 
129 10 Car -1.000000 -1 -1 1071.3308004020482 186.86865132893834 1163.3762884766024 222.12714558796688 -1 -1 -1 -1 -1 -1 -1 -1 1 
132 10 Car -1.000000 -1 -1 1066.9491835167928 186.9751479454695 1158.6117922502629 222.36987053918114 -1 -1 -1 -1 -1 -1 -1 -1 1 
133 10 Car -1.000000 -1 -1 1076.054165628795 187.39515390821177 1162.7506210558834 222.05843273628417 -1 -1 -1 -1 -1 -1 -1 -1 1 
134 10 Car -1.000000 -1 -1 1084.9875432911715 188.37611206893854 1166.0672215022312 222.34025646824452 -1 -1 -1 -1 -1 -1 -1 -1 1 
135 10 Car -1.000000 -1 -1 1086.6486790354109 188.55691001889454 1167.436063644166 222.39867618282324 -1 -1 -1 -1 -1 -1 -1 -1 1 
138 16 Car -1.000000 -1 -1 963.7440339841797 185.5226855702204 1063.3828815598545 219.74692110745346 -1 -1 -1 -1 -1 -1 -1 -1 1 
139 16 Car -1.000000 -1 -1 963.1649054562523 185.38732054454715 1063.8486817706491 219.9892397305554 -1 -1 -1 -1 -1 -1 -1 -1 1 
140 16 Car -1.000000 -1 -1 962.8786233255747 185.3245702821421 1064.1927918303095 220.16992382490065 -1 -1 -1 -1 -1 -1 -1 -1 1 
140 17 Car -1.000000 -1 -1 1072.573439551133 186.54237070681955 1139.206397046368 221.87368936577695 -1 -1 -1 -1 -1 -1 -1 -1 1 
141 16 Car -1.000000 -1 -1 963.0368718441703 185.35796345847675 1064.419718027603 220.26069886621525 -1 -1 -1 -1 -1 -1 -1 -1 1 
141 17 Car -1.000000 -1 -1 1072.9567592272576 186.5523788155219 1141.222318246938 222.15570129012815 -1 -1 -1 -1 -1 -1 -1 -1 1 
142 16 Car -1.000000 -1 -1 962.7381077925544 185.1454508804002 1064.331504995857 220.17325342401688 -1 -1 -1 -1 -1 -1 -1 -1 1 
142 17 Car -1.000000 -1 -1 1072.4685111343535 186.58657111379858 1142.4153894354993 222.38933197853325 -1 -1 -1 -1 -1 -1 -1 -1 1 
143 16 Car -1.000000 -1 -1 962.6889253696282 185.03045166900887 1064.3678406109232 220.14831080042092 -1 -1 -1 -1 -1 -1 -1 -1 1 
143 17 Car -1.000000 -1 -1 1071.6618003883978 186.52662746007445 1143.226547380014 222.4097380652723 -1 -1 -1 -1 -1 -1 -1 -1 1 
144 16 Car -1.000000 -1 -1 962.7389407992699 185.02377126878235 1064.1213121306528 220.0868607256545 -1 -1 -1 -1 -1 -1 -1 -1 1 
144 17 Car -1.000000 -1 -1 1070.7196597465247 186.48345656365768 1143.8458867041627 222.36405686606355 -1 -1 -1 -1 -1 -1 -1 -1 1 
145 16 Car -1.000000 -1 -1 963.1837740476963 185.17345421841972 1064.269924082198 220.17203685618395 -1 -1 -1 -1 -1 -1 -1 -1 1 
145 17 Car -1.000000 -1 -1 1069.8024957512578 186.46899313996926 1144.3700509975142 222.25262871659004 -1 -1 -1 -1 -1 -1 -1 -1 1 
146 16 Car -1.000000 -1 -1 963.4018215873417 185.19186175416604 1064.3946120475946 220.2051577136757 -1 -1 -1 -1 -1 -1 -1 -1 1 
146 17 Car -1.000000 -1 -1 1068.8949706162805 186.46107718924233 1145.0217687742656 222.20275506919512 -1 -1 -1 -1 -1 -1 -1 -1 1 
147 16 Car -1.000000 -1 -1 963.4692909611537 185.23853392532092 1064.2929523315322 220.22491180002348 -1 -1 -1 -1 -1 -1 -1 -1 1 
147 17 Car -1.000000 -1 -1 1067.987601557397 186.42813406363146 1145.7426671540934 222.17004033457565 -1 -1 -1 -1 -1 -1 -1 -1 1 
148 16 Car -1.000000 -1 -1 963.3844702371946 185.1604675879626 1064.1463043537306 220.15153231800812 -1 -1 -1 -1 -1 -1 -1 -1 1 
148 17 Car -1.000000 -1 -1 1067.0609999283854 186.38507093498782 1146.3794698677243 222.11212177953865 -1 -1 -1 -1 -1 -1 -1 -1 1 
149 16 Car -1.000000 -1 -1 962.9420273882789 184.8652542692167 1064.2253448750805 220.10402779909714 -1 -1 -1 -1 -1 -1 -1 -1 1 
149 17 Car -1.000000 -1 -1 1066.2323766540514 186.38498379033214 1147.1241214121294 222.14019310601043 -1 -1 -1 -1 -1 -1 -1 -1 1 
150 16 Car -1.000000 -1 -1 963.6827018262171 184.7656278245 1064.4748816223805 219.91895253789994 -1 -1 -1 -1 -1 -1 -1 -1 1 
150 17 Car -1.000000 -1 -1 1065.48613527921 186.4054245709343 1147.9310853151183 222.225825932806 -1 -1 -1 -1 -1 -1 -1 -1 1 
151 16 Car -1.000000 -1 -1 964.1556318825258 184.26289458897767 1065.4962064888268 219.8029866397423 -1 -1 -1 -1 -1 -1 -1 -1 1 
151 17 Car -1.000000 -1 -1 1064.8477544680045 186.34020956978162 1148.5974325650475 222.16966711074636 -1 -1 -1 -1 -1 -1 -1 -1 1 
152 16 Car -1.000000 -1 -1 975.7307244381518 184.3268901854401 1072.9263492191308 219.4044728595762 -1 -1 -1 -1 -1 -1 -1 -1 1 
152 17 Car -1.000000 -1 -1 1064.2406734665735 186.31396604834495 1148.994289341808 222.04225272023206 -1 -1 -1 -1 -1 -1 -1 -1 1 
153 16 Car -1.000000 -1 -1 984.2167937209886 184.69397921072127 1076.5380158236187 219.14610804946975 -1 -1 -1 -1 -1 -1 -1 -1 1 
153 17 Car -1.000000 -1 -1 1063.7275294583926 186.31363174357764 1149.462811650293 221.96503807817987 -1 -1 -1 -1 -1 -1 -1 -1 1 
154 16 Car -1.000000 -1 -1 995.6648210475797 185.6470253467576 1079.9998937208466 218.61758588554684 -1 -1 -1 -1 -1 -1 -1 -1 1 
154 17 Car -1.000000 -1 -1 1063.2710344693614 186.27996346472315 1149.6171353373093 221.666138238595 -1 -1 -1 -1 -1 -1 -1 -1 1 
155 16 Car -1.000000 -1 -1 998.3346130952968 185.71640523393617 1082.1266431402205 218.47470872322577 -1 -1 -1 -1 -1 -1 -1 -1 1 
155 17 Car -1.000000 -1 -1 1062.4735297696604 186.32519339679564 1149.8864211264174 221.70004392225033 -1 -1 -1 -1 -1 -1 -1 -1 1 
156 17 Car -1.000000 -1 -1 1061.0425555395586 186.2946894417247 1150.026760030253 221.85757789124887 -1 -1 -1 -1 -1 -1 -1 -1 1 
157 17 Car -1.000000 -1 -1 1061.3470076445578 186.50880234213156 1150.9491241369603 221.97922981316572 -1 -1 -1 -1 -1 -1 -1 -1 1 
158 17 Car -1.000000 -1 -1 1066.9888292249605 187.10172662991855 1153.618885621373 221.38555717065643 -1 -1 -1 -1 -1 -1 -1 -1 1 
159 17 Car -1.000000 -1 -1 1081.3973222436439 188.1250037236151 1162.5125676974767 221.2880218655138 -1 -1 -1 -1 -1 -1 -1 -1 1 
160 17 Car -1.000000 -1 -1 1083.5895443506204 188.30973670488493 1164.0956716300243 221.2236863883629 -1 -1 -1 -1 -1 -1 -1 -1 1 
168 20 Car -1.000000 -1 -1 596.2417554604245 172.9586957012645 636.2986497699266 205.87349825259847 -1 -1 -1 -1 -1 -1 -1 -1 1 
169 20 Car -1.000000 -1 -1 596.1184017896477 172.96404663660095 636.1644188604708 205.87636793845886 -1 -1 -1 -1 -1 -1 -1 -1 1 
170 20 Car -1.000000 -1 -1 595.990418207355 172.99381776455013 636.0688848653322 205.93074305028188 -1 -1 -1 -1 -1 -1 -1 -1 1 
171 20 Car -1.000000 -1 -1 596.0769977895703 173.04231703269116 636.098525887122 205.93145805261673 -1 -1 -1 -1 -1 -1 -1 -1 1 
172 20 Car -1.000000 -1 -1 595.9820083117825 173.04787988510932 636.1005597248306 205.99913508139537 -1 -1 -1 -1 -1 -1 -1 -1 1 
173 20 Car -1.000000 -1 -1 595.7216612070839 173.01263579073841 636.0211613789759 206.07775572875894 -1 -1 -1 -1 -1 -1 -1 -1 1 
174 20 Car -1.000000 -1 -1 595.4452777493543 172.96800815308163 635.9229020055136 206.13242144316536 -1 -1 -1 -1 -1 -1 -1 -1 1 
175 20 Car -1.000000 -1 -1 595.0465336757096 172.924807734101 635.7207380790932 206.16084770916558 -1 -1 -1 -1 -1 -1 -1 -1 1 
176 20 Car -1.000000 -1 -1 594.9180616387579 172.91525832179747 635.6370572070583 206.18789761461528 -1 -1 -1 -1 -1 -1 -1 -1 1 
179 22 Car -1.000000 -1 -1 1067.9415205156795 186.1718548967717 1139.4402324529808 222.23204343575114 -1 -1 -1 -1 -1 -1 -1 -1 1 
180 22 Car -1.000000 -1 -1 1078.8410388571817 186.7328546405595 1152.1397958683142 223.66011303036058 -1 -1 -1 -1 -1 -1 -1 -1 1 
181 22 Car -1.000000 -1 -1 1084.9597988089836 186.9211464071989 1159.0228308608819 224.233439145555 -1 -1 -1 -1 -1 -1 -1 -1 1 
183 20 Car -1.000000 -1 -1 595.7817882483332 173.0363897201699 636.1659510369899 206.02116425769756 -1 -1 -1 -1 -1 -1 -1 -1 1 
184 20 Car -1.000000 -1 -1 595.847983312053 173.10843010330225 636.2746074902544 206.12778887827625 -1 -1 -1 -1 -1 -1 -1 -1 1 
185 20 Car -1.000000 -1 -1 595.9146110692499 173.0837479200223 636.3313918538399 206.15648505105239 -1 -1 -1 -1 -1 -1 -1 -1 1 
185 24 Car -1.000000 -1 -1 1071.7012019351928 186.60684470371584 1140.1643346098317 222.0613071589943 -1 -1 -1 -1 -1 -1 -1 -1 1 
186 17 Car -1.000000 -1 -1 1067.9077875669886 186.7747793046309 1154.236050404097 221.80301775406048 -1 -1 -1 -1 -1 -1 -1 -1 1 
186 20 Car -1.000000 -1 -1 596.0244401768854 173.0829747743663 636.3729385384183 206.12611531750488 -1 -1 -1 -1 -1 -1 -1 -1 1 
186 24 Car -1.000000 -1 -1 1075.7203669340838 186.79015500761355 1144.28672884451 222.29807543072923 -1 -1 -1 -1 -1 -1 -1 -1 1 
187 17 Car -1.000000 -1 -1 1074.7076764907183 187.05524266817363 1157.1994247675175 221.68134152011572 -1 -1 -1 -1 -1 -1 -1 -1 1 
187 20 Car -1.000000 -1 -1 596.4092977805105 173.11698939771065 636.5802272963456 206.14502606905904 -1 -1 -1 -1 -1 -1 -1 -1 1 
188 17 Car -1.000000 -1 -1 1063.682810770316 185.73639876083644 1152.8446333499182 222.13596336840544 -1 -1 -1 -1 -1 -1 -1 -1 1 
188 20 Car -1.000000 -1 -1 596.5598038206865 173.14168249921647 636.6157109436589 206.11950870622258 -1 -1 -1 -1 -1 -1 -1 -1 1 
189 17 Car -1.000000 -1 -1 1060.5371001918709 185.29890390687922 1150.3925495736535 221.05683220452812 -1 -1 -1 -1 -1 -1 -1 -1 1 
189 20 Car -1.000000 -1 -1 596.6374909226315 173.08217589125155 636.7223218339949 206.13102799337216 -1 -1 -1 -1 -1 -1 -1 -1 1 
189 26 Car -1.000000 -1 -1 964.5816473868539 185.36977317146304 1062.3346973602856 219.67758072273676 -1 -1 -1 -1 -1 -1 -1 -1 1 
190 17 Car -1.000000 -1 -1 1059.6165946556719 185.62047937971803 1149.947221473124 220.8194531824394 -1 -1 -1 -1 -1 -1 -1 -1 1 
190 20 Car -1.000000 -1 -1 596.4971554936878 172.99671594290095 636.7465131025892 206.20950820347235 -1 -1 -1 -1 -1 -1 -1 -1 1 
190 26 Car -1.000000 -1 -1 964.2501474963395 185.23330356902585 1062.3057602138445 219.62943340019882 -1 -1 -1 -1 -1 -1 -1 -1 1 
191 17 Car -1.000000 -1 -1 1053.3947530898984 185.88253435353286 1141.4285257339295 220.8552099423804 -1 -1 -1 -1 -1 -1 -1 -1 1 
191 20 Car -1.000000 -1 -1 596.3864277479939 172.95573298009353 636.6705925895773 206.20835029577358 -1 -1 -1 -1 -1 -1 -1 -1 1 
191 26 Car -1.000000 -1 -1 964.0718317994168 185.16748332386982 1062.664013276748 219.73261127415455 -1 -1 -1 -1 -1 -1 -1 -1 1 
192 17 Car -1.000000 -1 -1 1054.998381674963 186.16984550696625 1142.647743332558 220.95035539159724 -1 -1 -1 -1 -1 -1 -1 -1 1 
192 20 Car -1.000000 -1 -1 596.5342588304826 172.9665085071163 636.6204287174655 206.06334084252913 -1 -1 -1 -1 -1 -1 -1 -1 1 
192 26 Car -1.000000 -1 -1 963.8325539213256 185.0739387711112 1062.8050526428576 219.75917258309119 -1 -1 -1 -1 -1 -1 -1 -1 1 
193 17 Car -1.000000 -1 -1 1058.184457279827 186.2460122458462 1147.2912155209017 221.1758363552358 -1 -1 -1 -1 -1 -1 -1 -1 1 
193 20 Car -1.000000 -1 -1 596.466909042974 172.91162692151994 636.5383986603691 205.98890460235268 -1 -1 -1 -1 -1 -1 -1 -1 1 
193 26 Car -1.000000 -1 -1 963.6044248679613 184.94639078608316 1063.0826331835804 219.80058960312886 -1 -1 -1 -1 -1 -1 -1 -1 1 
194 17 Car -1.000000 -1 -1 1059.2010606295262 186.25938482227437 1149.365118106515 221.21232061306088 -1 -1 -1 -1 -1 -1 -1 -1 1 
194 20 Car -1.000000 -1 -1 596.5145758960774 172.88673230564913 636.576099219115 205.96552544671135 -1 -1 -1 -1 -1 -1 -1 -1 1 
194 26 Car -1.000000 -1 -1 963.6523851479243 184.96166571122333 1063.153116522935 219.8112018635094 -1 -1 -1 -1 -1 -1 -1 -1 1 
195 17 Car -1.000000 -1 -1 1059.3711498236637 186.20899809937598 1150.8309533684992 221.36278517926922 -1 -1 -1 -1 -1 -1 -1 -1 1 
195 20 Car -1.000000 -1 -1 596.5638476688601 172.8936085362578 636.6036968178265 205.97206278462662 -1 -1 -1 -1 -1 -1 -1 -1 1 
195 26 Car -1.000000 -1 -1 963.7094164266916 185.1369673572674 1062.954438567447 219.87500489251954 -1 -1 -1 -1 -1 -1 -1 -1 1 
196 17 Car -1.000000 -1 -1 1059.2253120084235 186.26409109891904 1151.8159032671679 221.5957916847056 -1 -1 -1 -1 -1 -1 -1 -1 1 
196 20 Car -1.000000 -1 -1 596.6741084627316 172.93551645027475 636.6358115219555 205.96061335410016 -1 -1 -1 -1 -1 -1 -1 -1 1 
196 26 Car -1.000000 -1 -1 963.7699756282075 185.2114905212385 1062.789368925684 219.84565908344774 -1 -1 -1 -1 -1 -1 -1 -1 1 
197 17 Car -1.000000 -1 -1 1058.9003494811677 186.297645775728 1152.3340333646022 221.7218216950066 -1 -1 -1 -1 -1 -1 -1 -1 1 
197 20 Car -1.000000 -1 -1 596.6531930713086 172.97404824137044 636.5821846351577 205.97242020480013 -1 -1 -1 -1 -1 -1 -1 -1 1 
197 26 Car -1.000000 -1 -1 963.7327490757042 185.21168291778218 1062.8268810848 219.85351338213079 -1 -1 -1 -1 -1 -1 -1 -1 1 
198 17 Car -1.000000 -1 -1 1058.5684580168386 186.32819940898656 1152.9131172166806 221.91584967583648 -1 -1 -1 -1 -1 -1 -1 -1 1 
198 20 Car -1.000000 -1 -1 596.7290682270021 173.02694625861733 636.581326769761 205.97700011473898 -1 -1 -1 -1 -1 -1 -1 -1 1 
198 26 Car -1.000000 -1 -1 963.662145540331 185.15213308296327 1062.9691305256204 219.85578317891517 -1 -1 -1 -1 -1 -1 -1 -1 1 
199 17 Car -1.000000 -1 -1 1058.479214031557 186.38011347631058 1153.5511290842076 222.1109725214676 -1 -1 -1 -1 -1 -1 -1 -1 1 
199 20 Car -1.000000 -1 -1 596.6791052855809 173.05510382757797 636.560622005593 206.04061668562974 -1 -1 -1 -1 -1 -1 -1 -1 1 
199 26 Car -1.000000 -1 -1 963.55218796808 185.07778746622947 1063.1390550815759 219.87522129438992 -1 -1 -1 -1 -1 -1 -1 -1 1 
200 17 Car -1.000000 -1 -1 1058.1243450488603 186.3910035493467 1153.8084858368409 222.22833983032905 -1 -1 -1 -1 -1 -1 -1 -1 1 
200 20 Car -1.000000 -1 -1 596.5973604752352 173.0513523512316 636.5143868366704 206.0675140542726 -1 -1 -1 -1 -1 -1 -1 -1 1 
200 26 Car -1.000000 -1 -1 963.5665877604727 185.12646282876383 1063.1630993793358 219.9121581975171 -1 -1 -1 -1 -1 -1 -1 -1 1 
201 17 Car -1.000000 -1 -1 1057.975698471808 186.3935519329225 1154.0354866380235 222.26309449058064 -1 -1 -1 -1 -1 -1 -1 -1 1 
201 20 Car -1.000000 -1 -1 596.4594226075608 173.12222461710832 636.3900898767541 206.12332583431612 -1 -1 -1 -1 -1 -1 -1 -1 1 
201 26 Car -1.000000 -1 -1 963.532682570214 185.11891178574967 1063.1991703262413 219.9182335440974 -1 -1 -1 -1 -1 -1 -1 -1 1 
201 28 Car -1.000000 -1 -1 1142.5405842395132 188.574267679583 1198.6377078523103 222.50102667717695 -1 -1 -1 -1 -1 -1 -1 -1 1 
202 17 Car -1.000000 -1 -1 1057.8570854814159 186.39322346848553 1154.121282852233 222.23793524043603 -1 -1 -1 -1 -1 -1 -1 -1 1 
202 20 Car -1.000000 -1 -1 596.3433556649791 173.04953018138843 636.3291890402803 206.0668981471101 -1 -1 -1 -1 -1 -1 -1 -1 1 
202 26 Car -1.000000 -1 -1 963.2094551328452 185.11687899371896 1063.1214444935686 219.99927616136262 -1 -1 -1 -1 -1 -1 -1 -1 1 
202 28 Car -1.000000 -1 -1 1142.5719917509552 188.55926611122592 1198.5603996251753 222.41913985558637 -1 -1 -1 -1 -1 -1 -1 -1 1 
203 17 Car -1.000000 -1 -1 1057.7189737351534 186.3848994028746 1154.316431207332 222.27037183480772 -1 -1 -1 -1 -1 -1 -1 -1 1 
203 20 Car -1.000000 -1 -1 596.0196597469268 172.9340633562522 636.1969560250251 206.05381586998374 -1 -1 -1 -1 -1 -1 -1 -1 1 
203 26 Car -1.000000 -1 -1 963.0342490823757 185.07969547770278 1063.1809033083896 220.04455768891407 -1 -1 -1 -1 -1 -1 -1 -1 1 
203 28 Car -1.000000 -1 -1 1142.4521176264875 188.58018018169128 1198.5641081600202 222.51887925867 -1 -1 -1 -1 -1 -1 -1 -1 1 
204 17 Car -1.000000 -1 -1 1057.5525318091723 186.39202626975205 1154.4142988153264 222.2973778235662 -1 -1 -1 -1 -1 -1 -1 -1 1 
204 20 Car -1.000000 -1 -1 595.9953419771028 172.91497610756232 636.2350434757026 206.05049576829734 -1 -1 -1 -1 -1 -1 -1 -1 1 
204 26 Car -1.000000 -1 -1 962.9886705194197 185.0791361430122 1063.202386616877 220.0699671014878 -1 -1 -1 -1 -1 -1 -1 -1 1 
204 28 Car -1.000000 -1 -1 1142.4403416187415 188.58389885321841 1198.5121475691183 222.49801872250524 -1 -1 -1 -1 -1 -1 -1 -1 1 
205 17 Car -1.000000 -1 -1 1057.4504673958256 186.389184643193 1154.5625890800081 222.3249414168654 -1 -1 -1 -1 -1 -1 -1 -1 1 
205 20 Car -1.000000 -1 -1 595.6565103062644 172.83202024466502 636.1610327428808 206.12306634193666 -1 -1 -1 -1 -1 -1 -1 -1 1 
205 26 Car -1.000000 -1 -1 963.0023583127555 185.08974247669616 1063.1841123283748 220.0706835356745 -1 -1 -1 -1 -1 -1 -1 -1 1 
205 28 Car -1.000000 -1 -1 1142.4596032797858 188.575148074231 1198.5265143958723 222.48276150779165 -1 -1 -1 -1 -1 -1 -1 -1 1 
206 17 Car -1.000000 -1 -1 1057.3077256960842 186.4149649680613 1154.5157405743932 222.3375621387567 -1 -1 -1 -1 -1 -1 -1 -1 1 
206 20 Car -1.000000 -1 -1 595.3639575554098 172.81599184044217 636.0518349720871 206.16789136026236 -1 -1 -1 -1 -1 -1 -1 -1 1 
206 26 Car -1.000000 -1 -1 963.1154582495737 185.1765888154663 1063.0750705836153 220.07612318179537 -1 -1 -1 -1 -1 -1 -1 -1 1 
206 28 Car -1.000000 -1 -1 1142.4309871691678 188.57646446346894 1198.5039022432682 222.48770891206954 -1 -1 -1 -1 -1 -1 -1 -1 1 
207 17 Car -1.000000 -1 -1 1056.9137915738 186.37899758173785 1154.3853944808884 222.4011998051739 -1 -1 -1 -1 -1 -1 -1 -1 1 
207 20 Car -1.000000 -1 -1 595.2899456320267 172.7896261624104 636.0820302305158 206.1527229180928 -1 -1 -1 -1 -1 -1 -1 -1 1 
207 26 Car -1.000000 -1 -1 963.355393209473 185.18444495529488 1063.210260356786 220.04460269745925 -1 -1 -1 -1 -1 -1 -1 -1 1 
207 28 Car -1.000000 -1 -1 1143.3424278796097 188.57106932013588 1201.8466295152089 223.79980353758302 -1 -1 -1 -1 -1 -1 -1 -1 1 
208 17 Car -1.000000 -1 -1 1055.9133476962804 186.29687088712848 1154.9761794466406 222.95080596457487 -1 -1 -1 -1 -1 -1 -1 -1 1 
208 20 Car -1.000000 -1 -1 595.3333727655892 172.84720928415447 636.1039632520195 206.1234621568024 -1 -1 -1 -1 -1 -1 -1 -1 1 
208 26 Car -1.000000 -1 -1 963.3499089921489 185.13546533140652 1063.2822741714624 220.02008630000063 -1 -1 -1 -1 -1 -1 -1 -1 1 
208 28 Car -1.000000 -1 -1 1141.0826794728741 188.5391455585868 1197.6142423769525 222.81471609290438 -1 -1 -1 -1 -1 -1 -1 -1 1 
