2 1 Car -1.000000 -1 -1 0.5422320180085762 96.50815067092518 260.4983865971649 364.24627416570786 -1 -1 -1 -1 -1 -1 -1 -1 1 
3 1 Car -1.000000 -1 -1 0.7241816079343835 96.7241165414722 260.54697569388435 364.3253881280182 -1 -1 -1 -1 -1 -1 -1 -1 1 
4 1 Car -1.000000 -1 -1 0.8632071611535821 96.982183176344 260.4001321519625 364.2697269665445 -1 -1 -1 -1 -1 -1 -1 -1 1 
5 1 Car -1.000000 -1 -1 0.9504702094892252 97.0308662936454 260.4258232749023 364.2234631279306 -1 -1 -1 -1 -1 -1 -1 -1 1 
6 1 Car -1.000000 -1 -1 0.9335365398566751 96.89357008069155 260.5390008109347 364.1921719896088 -1 -1 -1 -1 -1 -1 -1 -1 1 
7 1 Car -1.000000 -1 -1 1.0865015197973662 97.10400686272197 260.4900060444191 364.13124021280424 -1 -1 -1 -1 -1 -1 -1 -1 1 
8 1 Car -1.000000 -1 -1 0.7792985186914052 97.2406101962884 260.11311844984056 364.2097430196396 -1 -1 -1 -1 -1 -1 -1 -1 1 
9 1 Car -1.000000 -1 -1 1.2252832313007218 97.12981034250572 260.80434576396965 364.2516693404116 -1 -1 -1 -1 -1 -1 -1 -1 1 
10 1 Car -1.000000 -1 -1 1.0330137714989007 96.99833108030592 260.8253049768814 364.32567555464016 -1 -1 -1 -1 -1 -1 -1 -1 1 
11 1 Car -1.000000 -1 -1 0.836392441008087 97.03186609129364 260.5827479502211 364.3102772638945 -1 -1 -1 -1 -1 -1 -1 -1 1 
12 1 Car -1.000000 -1 -1 1.0432655789556975 97.07997912433385 260.7092654386381 364.25448753620344 -1 -1 -1 -1 -1 -1 -1 -1 1 
13 1 Car -1.000000 -1 -1 0.8425473233342586 96.83833032561353 260.8005384739548 364.3167969480627 -1 -1 -1 -1 -1 -1 -1 -1 1 
14 1 Car -1.000000 -1 -1 0.874901140051719 96.69237501305315 261.11807476971205 364.4371566131461 -1 -1 -1 -1 -1 -1 -1 -1 1 
15 1 Car -1.000000 -1 -1 1.0249583732532699 96.66441242487298 261.2925315833106 364.36278016387445 -1 -1 -1 -1 -1 -1 -1 -1 1 
16 1 Car -1.000000 -1 -1 0.8102599530399459 96.68198080837374 261.0890893939502 364.3895781003243 -1 -1 -1 -1 -1 -1 -1 -1 1 
17 1 Car -1.000000 -1 -1 0.8220763344673685 96.82937016531358 260.9936401211053 364.4361233190682 -1 -1 -1 -1 -1 -1 -1 -1 1 
18 1 Car -1.000000 -1 -1 1.1699872915017977 96.82699610715915 261.3861325394057 364.3538406446979 -1 -1 -1 -1 -1 -1 -1 -1 1 
19 1 Car -1.000000 -1 -1 1.0382269158377824 96.77621370958477 261.27900891327624 364.2913939441265 -1 -1 -1 -1 -1 -1 -1 -1 1 
20 1 Car -1.000000 -1 -1 0.9006120238205995 96.59474051117826 261.3216712057301 364.27644032336576 -1 -1 -1 -1 -1 -1 -1 -1 1 
21 1 Car -1.000000 -1 -1 0.813458362476382 96.67438695158847 261.07151483198083 364.1531819939001 -1 -1 -1 -1 -1 -1 -1 -1 1 
22 1 Car -1.000000 -1 -1 0.6466505505927955 96.61147522503222 260.9550289875874 364.16016219016024 -1 -1 -1 -1 -1 -1 -1 -1 1 
23 1 Car -1.000000 -1 -1 0.6202964121050343 96.61986567127406 261.0644550664098 364.31742539512965 -1 -1 -1 -1 -1 -1 -1 -1 1 
24 1 Car -1.000000 -1 -1 0.16009896214666242 96.895656636099 260.24871635604444 364.3863127872273 -1 -1 -1 -1 -1 -1 -1 -1 1 
25 1 Car -1.000000 -1 -1 0.3038642244076186 97.02356840801818 260.2720269501827 364.43210391613036 -1 -1 -1 -1 -1 -1 -1 -1 1 
26 1 Car -1.000000 -1 -1 0.24639916615748803 96.92831679420746 260.20429075348375 364.4114878461402 -1 -1 -1 -1 -1 -1 -1 -1 1 
27 1 Car -1.000000 -1 -1 0.10493050828873152 96.76929514612539 259.9653074651213 364.2747356564922 -1 -1 -1 -1 -1 -1 -1 -1 1 
28 1 Car -1.000000 -1 -1 0.36148386502028984 96.87614206761066 259.9750172485619 364.15097617028334 -1 -1 -1 -1 -1 -1 -1 -1 1 
29 1 Car -1.000000 -1 -1 0.8003393170289428 97.08613531359123 260.29566932197196 364.1401682619138 -1 -1 -1 -1 -1 -1 -1 -1 1 
30 1 Car -1.000000 -1 -1 1.1318573260192863 97.43485662900898 260.4709272602355 364.17603923057993 -1 -1 -1 -1 -1 -1 -1 -1 1 
31 1 Car -1.000000 -1 -1 1.1358285732331979 97.55388276489018 260.3997923453947 364.1166959735093 -1 -1 -1 -1 -1 -1 -1 -1 1 
32 1 Car -1.000000 -1 -1 1.127860551502664 97.59246881123588 260.40909816100486 364.0703664670199 -1 -1 -1 -1 -1 -1 -1 -1 1 
33 1 Car -1.000000 -1 -1 1.0886055933017076 97.60001758175554 260.4478469007745 364.0768808071563 -1 -1 -1 -1 -1 -1 -1 -1 1 
34 1 Car -1.000000 -1 -1 1.0361959007519488 97.6294978808483 260.4230238803549 364.0530658157818 -1 -1 -1 -1 -1 -1 -1 -1 1 
35 1 Car -1.000000 -1 -1 1.0832927018446412 97.69301235416282 260.46407128226986 364.01794052581926 -1 -1 -1 -1 -1 -1 -1 -1 1 
36 1 Car -1.000000 -1 -1 0.9936535122527914 97.57048142851798 260.54035521145477 364.0106650241296 -1 -1 -1 -1 -1 -1 -1 -1 1 
37 1 Car -1.000000 -1 -1 0.9661887055310387 97.47690218155154 260.65750197759724 364.00986139795396 -1 -1 -1 -1 -1 -1 -1 -1 1 
38 1 Car -1.000000 -1 -1 0.9221390708798936 97.41141101677061 260.68518627663826 363.9695372405766 -1 -1 -1 -1 -1 -1 -1 -1 1 
39 1 Car -1.000000 -1 -1 0.9855941728849871 97.5811205915974 260.64019476335886 363.95876899508664 -1 -1 -1 -1 -1 -1 -1 -1 1 
40 1 Car -1.000000 -1 -1 1.0004738743152473 97.71328157612558 260.59928506499887 363.97293205464086 -1 -1 -1 -1 -1 -1 -1 -1 1 
41 1 Car -1.000000 -1 -1 1.011837984476898 97.8090256098757 260.5764982982806 363.966322161617 -1 -1 -1 -1 -1 -1 -1 -1 1 
42 1 Car -1.000000 -1 -1 0.9852289388003044 97.80996724828796 260.6251626908331 363.9892342108435 -1 -1 -1 -1 -1 -1 -1 -1 1 
43 1 Car -1.000000 -1 -1 0.9768185254968387 97.86107093448652 260.68133426810255 364.05637689316586 -1 -1 -1 -1 -1 -1 -1 -1 1 
44 1 Car -1.000000 -1 -1 0.9817881739251959 97.89369229779359 260.69577197500405 364.0597476566338 -1 -1 -1 -1 -1 -1 -1 -1 1 
45 1 Car -1.000000 -1 -1 0.9368587591812627 97.7767812767436 260.76563800068163 364.04429999433523 -1 -1 -1 -1 -1 -1 -1 -1 1 
46 1 Car -1.000000 -1 -1 0.7851148338254745 97.67035475316035 260.70958327673554 364.0612985417365 -1 -1 -1 -1 -1 -1 -1 -1 1 
47 1 Car -1.000000 -1 -1 0.7720119600182045 97.49612268199544 260.8702879052298 364.0892298092971 -1 -1 -1 -1 -1 -1 -1 -1 1 
48 1 Car -1.000000 -1 -1 0.8377118266061814 97.54720276578857 261.03308690970164 364.22423172740673 -1 -1 -1 -1 -1 -1 -1 -1 1 
49 1 Car -1.000000 -1 -1 0.9911667404051627 97.64535351238695 261.08463273590735 364.13918207611096 -1 -1 -1 -1 -1 -1 -1 -1 1 
50 1 Car -1.000000 -1 -1 0.98169583647163 97.7008279969601 261.09656092644366 364.1612682624583 -1 -1 -1 -1 -1 -1 -1 -1 1 
51 1 Car -1.000000 -1 -1 0.8391570549795233 97.57317268332929 261.1396604963031 364.2243680025141 -1 -1 -1 -1 -1 -1 -1 -1 1 
52 1 Car -1.000000 -1 -1 0.8338881582128579 97.56123448112797 261.04436152494577 364.10444401723566 -1 -1 -1 -1 -1 -1 -1 -1 1 
53 1 Car -1.000000 -1 -1 0.833464218848178 97.4189500764011 261.15762622385733 364.06294176486927 -1 -1 -1 -1 -1 -1 -1 -1 1 
54 1 Car -1.000000 -1 -1 0.8713851839825963 97.53141923339422 261.2025881599162 364.14623604041554 -1 -1 -1 -1 -1 -1 -1 -1 1 
55 1 Car -1.000000 -1 -1 1.0060368187891413 97.7806126743773 261.1582859121942 364.125054066384 -1 -1 -1 -1 -1 -1 -1 -1 1 
56 1 Car -1.000000 -1 -1 0.828640559046903 97.74713971754932 260.98934432324137 364.09111288184977 -1 -1 -1 -1 -1 -1 -1 -1 1 
57 1 Car -1.000000 -1 -1 0.7260185788919671 97.66351418127195 260.94649427229984 364.0990745002284 -1 -1 -1 -1 -1 -1 -1 -1 1 
58 1 Car -1.000000 -1 -1 0.6302350268446446 97.58044465527104 260.87223944021366 364.1022155204336 -1 -1 -1 -1 -1 -1 -1 -1 1 
59 1 Car -1.000000 -1 -1 0.25741798804568816 97.46158334058299 260.4791585103288 364.11419767283684 -1 -1 -1 -1 -1 -1 -1 -1 1 
60 1 Car -1.000000 -1 -1 0.5210941240495401 97.46036986369327 260.74091253464553 364.13678921747055 -1 -1 -1 -1 -1 -1 -1 -1 1 
61 1 Car -1.000000 -1 -1 0.6359915764838888 97.49079608910696 260.8608010751914 364.19038844241766 -1 -1 -1 -1 -1 -1 -1 -1 1 
62 1 Car -1.000000 -1 -1 0.6533365887588616 97.70493334665136 260.53584341009787 364.07121473049324 -1 -1 -1 -1 -1 -1 -1 -1 1 
63 1 Car -1.000000 -1 -1 0.7045075294496144 97.63096980368732 260.6637062008 364.0669415792301 -1 -1 -1 -1 -1 -1 -1 -1 1 
64 1 Car -1.000000 -1 -1 0.8633079015143039 97.71724181096698 260.7409494673534 364.0398805714731 -1 -1 -1 -1 -1 -1 -1 -1 1 
65 1 Car -1.000000 -1 -1 0.9619070667704932 97.78607679687173 260.76848599918645 364.0007092009347 -1 -1 -1 -1 -1 -1 -1 -1 1 
66 1 Car -1.000000 -1 -1 1.0205780563068743 97.8457421774981 260.79516757561504 363.9926143166205 -1 -1 -1 -1 -1 -1 -1 -1 1 
67 1 Car -1.000000 -1 -1 0.9924579293582099 97.83024951749198 260.8401839986732 364.0291365624081 -1 -1 -1 -1 -1 -1 -1 -1 1 
68 1 Car -1.000000 -1 -1 0.874539629100525 97.65985073563454 260.8621848730029 364.01017885084104 -1 -1 -1 -1 -1 -1 -1 -1 1 
69 1 Car -1.000000 -1 -1 0.07655734484893628 96.09463152025288 262.4396808797475 364.8281205465638 -1 -1 -1 -1 -1 -1 -1 -1 1 
70 1 Car -1.000000 -1 -1 -0.2090203416035763 95.67848531663395 262.7990183387203 364.9760162989283 -1 -1 -1 -1 -1 -1 -1 -1 1 
71 1 Car -1.000000 -1 -1 0.42565973796268963 96.3267964809259 262.44267508907313 364.59736135013065 -1 -1 -1 -1 -1 -1 -1 -1 1 
72 1 Car -1.000000 -1 -1 -0.05507925147662718 95.79452077974818 262.8564712966767 364.8983029404601 -1 -1 -1 -1 -1 -1 -1 -1 1 
73 1 Car -1.000000 -1 -1 0.3864994910056794 96.90192304574487 261.70021295201 364.4135018059036 -1 -1 -1 -1 -1 -1 -1 -1 1 
74 1 Car -1.000000 -1 -1 -0.18438022533877074 95.98904028704968 262.64567295655 365.0215955642011 -1 -1 -1 -1 -1 -1 -1 -1 1 
75 1 Car -1.000000 -1 -1 -0.3635430574738052 95.64841256713302 262.93944350224746 365.1120837445952 -1 -1 -1 -1 -1 -1 -1 -1 1 
76 1 Car -1.000000 -1 -1 -0.39902556166504155 95.54585116487806 263.119237883636 365.1731334404157 -1 -1 -1 -1 -1 -1 -1 -1 1 
77 1 Car -1.000000 -1 -1 -0.47459952929392557 95.49124857751067 263.20079437726724 365.22971367938953 -1 -1 -1 -1 -1 -1 -1 -1 1 
78 1 Car -1.000000 -1 -1 0.282377533281732 96.94760383610881 261.80815539348055 364.5222678069946 -1 -1 -1 -1 -1 -1 -1 -1 1 
79 1 Car -1.000000 -1 -1 0.6031641325870112 97.52674656433658 261.3043211402687 364.29111685562754 -1 -1 -1 -1 -1 -1 -1 -1 1 
80 1 Car -1.000000 -1 -1 0.6597107817823087 97.67281838810325 261.0953096988691 364.19994501419444 -1 -1 -1 -1 -1 -1 -1 -1 1 
81 1 Car -1.000000 -1 -1 -0.05747102792992109 96.17649312160515 262.5045869073711 364.82305678697765 -1 -1 -1 -1 -1 -1 -1 -1 1 
82 1 Car -1.000000 -1 -1 -0.35878027618491615 95.6190278977704 263.02670474574813 365.0703100036351 -1 -1 -1 -1 -1 -1 -1 -1 1 
83 1 Car -1.000000 -1 -1 -0.5141849811958821 95.36709694079892 263.2484826865723 365.18017587672523 -1 -1 -1 -1 -1 -1 -1 -1 1 
84 1 Car -1.000000 -1 -1 -0.5155908094194217 95.28990536604701 263.3217470942517 365.1477158016054 -1 -1 -1 -1 -1 -1 -1 -1 1 
85 1 Car -1.000000 -1 -1 -0.5235948280320031 95.24284842723637 263.3811241758744 365.1227441892271 -1 -1 -1 -1 -1 -1 -1 -1 1 
86 1 Car -1.000000 -1 -1 0.13087389641430036 96.59145409986493 262.03183044591157 364.5034100785613 -1 -1 -1 -1 -1 -1 -1 -1 1 
87 1 Car -1.000000 -1 -1 -0.16345268913212863 95.90867991776972 262.84963989552637 364.8708019592565 -1 -1 -1 -1 -1 -1 -1 -1 1 
88 1 Car -1.000000 -1 -1 0.3151146351132752 96.91932437433789 261.8049147519072 364.38543425052376 -1 -1 -1 -1 -1 -1 -1 -1 1 
89 1 Car -1.000000 -1 -1 0.43581546889859624 97.26716261274811 261.334499954183 364.20947879200133 -1 -1 -1 -1 -1 -1 -1 -1 1 
90 1 Car -1.000000 -1 -1 0.5487665172393292 97.46744597335476 261.13232641844206 364.13559616238643 -1 -1 -1 -1 -1 -1 -1 -1 1 
91 1 Car -1.000000 -1 -1 0.5415859654571022 97.39612825500737 261.1290951285058 364.13497652932017 -1 -1 -1 -1 -1 -1 -1 -1 1 
92 1 Car -1.000000 -1 -1 0.5066034706954952 97.32964996321897 261.10856340970963 364.1640851722374 -1 -1 -1 -1 -1 -1 -1 -1 1 
93 1 Car -1.000000 -1 -1 0.5263182304261136 97.35332812370848 261.0367695865606 364.15299936450907 -1 -1 -1 -1 -1 -1 -1 -1 1 
94 1 Car -1.000000 -1 -1 0.5533475976377815 97.4325121069322 260.93166613272 364.1456102844379 -1 -1 -1 -1 -1 -1 -1 -1 1 
95 1 Car -1.000000 -1 -1 0.5663343304678676 97.45941561541952 260.8704507625562 364.1374509675282 -1 -1 -1 -1 -1 -1 -1 -1 1 
96 1 Car -1.000000 -1 -1 0.6031530575345698 97.44618295448242 260.8929623629059 364.14216164359857 -1 -1 -1 -1 -1 -1 -1 -1 1 
97 1 Car -1.000000 -1 -1 0.5207519708506538 97.26212469172904 260.93422611964695 364.1408869844299 -1 -1 -1 -1 -1 -1 -1 -1 1 
98 1 Car -1.000000 -1 -1 0.5693826388182686 97.39122263037282 260.84867666392506 364.15889072889297 -1 -1 -1 -1 -1 -1 -1 -1 1 
99 1 Car -1.000000 -1 -1 0.6426230160802788 97.62348765493005 260.7031683393516 364.1678747178707 -1 -1 -1 -1 -1 -1 -1 -1 1 
100 1 Car -1.000000 -1 -1 0.8108145366154531 97.78721101259038 260.68156713649523 364.10983016496095 -1 -1 -1 -1 -1 -1 -1 -1 1 
101 1 Car -1.000000 -1 -1 0.8496594490496818 97.81205536004214 260.6797326000568 364.077182025791 -1 -1 -1 -1 -1 -1 -1 -1 1 
102 1 Car -1.000000 -1 -1 0.8356115136166693 97.76788664778874 260.7110378018025 364.06991446007055 -1 -1 -1 -1 -1 -1 -1 -1 1 
103 1 Car -1.000000 -1 -1 0.824856327698626 97.77430438995188 260.70337947163705 364.07192407102264 -1 -1 -1 -1 -1 -1 -1 -1 1 
104 1 Car -1.000000 -1 -1 0.7486015304177158 97.71093657276995 260.69080089644444 364.0898085491385 -1 -1 -1 -1 -1 -1 -1 -1 1 
105 1 Car -1.000000 -1 -1 0.6836976646269193 97.61989295737158 260.7183170458268 364.1177004759396 -1 -1 -1 -1 -1 -1 -1 -1 1 
106 1 Car -1.000000 -1 -1 0.6905303580503528 97.5481719637418 260.7655042940353 364.1067705369579 -1 -1 -1 -1 -1 -1 -1 -1 1 
107 1 Car -1.000000 -1 -1 0.6933227614680391 97.46256933708725 260.85411307456314 364.1273284602906 -1 -1 -1 -1 -1 -1 -1 -1 1 
108 1 Car -1.000000 -1 -1 0.7585514125903785 97.55633677069545 260.82147371316694 364.1201633457205 -1 -1 -1 -1 -1 -1 -1 -1 1 
109 1 Car -1.000000 -1 -1 0.7742670938545189 97.61068247141625 260.79012846537603 364.12271961352883 -1 -1 -1 -1 -1 -1 -1 -1 1 
110 1 Car -1.000000 -1 -1 0.7740622026910557 97.5819233660796 260.81273802755106 364.11641285510774 -1 -1 -1 -1 -1 -1 -1 -1 1 
111 1 Car -1.000000 -1 -1 0.7487741912943022 97.54011460717626 260.8242289705112 364.1172079458271 -1 -1 -1 -1 -1 -1 -1 -1 1 
112 1 Car -1.000000 -1 -1 0.7677686170509901 97.65063980759632 260.7589933631587 364.13690217060093 -1 -1 -1 -1 -1 -1 -1 -1 1 
113 1 Car -1.000000 -1 -1 0.7958532984406474 97.73896710626585 260.7269747117166 364.1526792066992 -1 -1 -1 -1 -1 -1 -1 -1 1 
114 1 Car -1.000000 -1 -1 0.8471853910677964 97.86707195036877 260.6720153413802 364.14639347890517 -1 -1 -1 -1 -1 -1 -1 -1 1 
115 1 Car -1.000000 -1 -1 0.8749145439367396 97.9687407309352 260.6600094451983 364.175539797835 -1 -1 -1 -1 -1 -1 -1 -1 1 
116 1 Car -1.000000 -1 -1 0.8993488623070789 98.03418462335691 260.6689591131688 364.1918427312702 -1 -1 -1 -1 -1 -1 -1 -1 1 
117 1 Car -1.000000 -1 -1 0.9623426487978293 98.19666970108287 260.62747204289644 364.1985283827439 -1 -1 -1 -1 -1 -1 -1 -1 1 
118 1 Car -1.000000 -1 -1 0.9095109394920371 98.19311753176521 260.60676901430486 364.1946062686063 -1 -1 -1 -1 -1 -1 -1 -1 1 
119 1 Car -1.000000 -1 -1 0.7907003179301455 98.0109539753139 260.68801554951506 364.2188446084284 -1 -1 -1 -1 -1 -1 -1 -1 1 
120 1 Car -1.000000 -1 -1 0.7509974803209616 98.00033539043511 260.66085364204065 364.2134788782625 -1 -1 -1 -1 -1 -1 -1 -1 1 
121 1 Car -1.000000 -1 -1 0.6074179874241565 97.78883757251788 260.71335420503203 364.2403686900426 -1 -1 -1 -1 -1 -1 -1 -1 1 
122 1 Car -1.000000 -1 -1 0.49317456434508244 97.49398383913106 260.8176086303756 364.23074401108636 -1 -1 -1 -1 -1 -1 -1 -1 1 
123 1 Car -1.000000 -1 -1 0.4322799697204971 97.30238860179631 260.8646774972368 364.2234068181998 -1 -1 -1 -1 -1 -1 -1 -1 1 
124 1 Car -1.000000 -1 -1 0.45018509078678903 97.26409006645653 260.83505454185035 364.19498643083773 -1 -1 -1 -1 -1 -1 -1 -1 1 
125 1 Car -1.000000 -1 -1 0.5674868028612252 97.42718578585618 260.7614907243466 364.1925235976041 -1 -1 -1 -1 -1 -1 -1 -1 1 
126 1 Car -1.000000 -1 -1 0.6886445267865042 97.58285819409329 260.69617127035195 364.1675714317498 -1 -1 -1 -1 -1 -1 -1 -1 1 
127 1 Car -1.000000 -1 -1 0.724910045865272 97.661335123854 260.6372935616957 364.16442371464825 -1 -1 -1 -1 -1 -1 -1 -1 1 
128 1 Car -1.000000 -1 -1 0.6851538268787181 97.6307650776294 260.61590484588334 364.1794809458039 -1 -1 -1 -1 -1 -1 -1 -1 1 
129 1 Car -1.000000 -1 -1 0.6606422959341671 97.56686181230893 260.62306316808196 364.17802693428393 -1 -1 -1 -1 -1 -1 -1 -1 1 
130 1 Car -1.000000 -1 -1 0.6438253673412078 97.60719276502812 260.5572195504437 364.1959340432822 -1 -1 -1 -1 -1 -1 -1 -1 1 
131 1 Car -1.000000 -1 -1 0.605176730703846 97.58022812950918 260.52971972716784 364.2171140114036 -1 -1 -1 -1 -1 -1 -1 -1 1 
132 1 Car -1.000000 -1 -1 0.5757803790316416 97.5747470254748 260.45941007371124 364.2035113128595 -1 -1 -1 -1 -1 -1 -1 -1 1 
133 1 Car -1.000000 -1 -1 0.5606860500534765 97.53164638629431 260.437092411708 364.1889373728409 -1 -1 -1 -1 -1 -1 -1 -1 1 
134 1 Car -1.000000 -1 -1 0.6741553871211465 97.74304163048058 260.35824903134437 364.1999609994982 -1 -1 -1 -1 -1 -1 -1 -1 1 
135 1 Car -1.000000 -1 -1 0.7066892154270477 97.82872701677547 260.3271774402852 364.22298580567383 -1 -1 -1 -1 -1 -1 -1 -1 1 
136 1 Car -1.000000 -1 -1 0.7325004744043611 97.79463643103213 260.3639425576981 364.21219232601555 -1 -1 -1 -1 -1 -1 -1 -1 1 
137 1 Car -1.000000 -1 -1 0.7508742349887143 97.78937902974701 260.3784874504046 364.2099398919115 -1 -1 -1 -1 -1 -1 -1 -1 1 
138 1 Car -1.000000 -1 -1 0.153904431092883 96.49977976079154 261.6704647250637 364.71248170346746 -1 -1 -1 -1 -1 -1 -1 -1 1 
139 1 Car -1.000000 -1 -1 0.5092065806850314 97.4369662819665 260.8213095759833 364.4139155782027 -1 -1 -1 -1 -1 -1 -1 -1 1 
140 1 Car -1.000000 -1 -1 0.6628748524031778 97.75834481664708 260.507485064589 364.2500001055931 -1 -1 -1 -1 -1 -1 -1 -1 1 
141 1 Car -1.000000 -1 -1 0.7503693537912 97.99295403339417 260.33745370221357 364.21162063081215 -1 -1 -1 -1 -1 -1 -1 -1 1 
142 1 Car -1.000000 -1 -1 0.7660820168310636 98.03501730964496 260.300213718171 364.18614346472276 -1 -1 -1 -1 -1 -1 -1 -1 1 
143 1 Car -1.000000 -1 -1 0.7964942552037542 98.06223646471787 260.3289991106739 364.1903388384709 -1 -1 -1 -1 -1 -1 -1 -1 1 
144 1 Car -1.000000 -1 -1 0.7549879720666013 98.04422988047847 260.3086269195198 364.1903026360975 -1 -1 -1 -1 -1 -1 -1 -1 1 
