0 1 Car -1.000000 -1 -1 297.28271581723754 167.87872388617208 452.70556543276246 286.2859184478123 -1 -1 -1 -1 -1 -1 -1 -1 1 
1 1 Car -1.000000 -1 -1 299.85183534382736 166.80538460905098 448.58676549885774 280.6377153954919 -1 -1 -1 -1 -1 -1 -1 -1 1 
2 1 Car -1.000000 -1 -1 298.2526289280087 159.97890765409966 445.77111078993994 273.3293245757392 -1 -1 -1 -1 -1 -1 -1 -1 1 
3 1 Car -1.000000 -1 -1 297.0488397847924 154.11286090797506 442.287492695837 265.3678889255382 -1 -1 -1 -1 -1 -1 -1 -1 1 
4 1 Car -1.000000 -1 -1 296.01297348560837 152.74871796392992 439.2756622908807 262.35531550939436 -1 -1 -1 -1 -1 -1 -1 -1 1 
5 1 Car -1.000000 -1 -1 294.3175680758849 153.23427824908612 437.011874678243 262.05594381243174 -1 -1 -1 -1 -1 -1 -1 -1 1 
6 1 Car -1.000000 -1 -1 292.56534946108405 154.16682515645667 434.00349597336634 262.412993800256 -1 -1 -1 -1 -1 -1 -1 -1 1 
7 1 Car -1.000000 -1 -1 290.84728146059115 155.98186609075887 430.74649384532154 263.0679048175907 -1 -1 -1 -1 -1 -1 -1 -1 1 
8 1 Car -1.000000 -1 -1 289.5867669441847 158.10019953132976 428.5285808138279 264.0978324471073 -1 -1 -1 -1 -1 -1 -1 -1 1 
9 1 Car -1.000000 -1 -1 288.1180801086262 158.64261748040443 425.526975543079 263.60519119729526 -1 -1 -1 -1 -1 -1 -1 -1 1 
10 1 Car -1.000000 -1 -1 286.1273537291224 158.99420553484126 422.33279596048266 264.21318991500794 -1 -1 -1 -1 -1 -1 -1 -1 1 
11 1 Car -1.000000 -1 -1 285.62076225690413 160.1750974995618 422.62193957645235 265.01391913494814 -1 -1 -1 -1 -1 -1 -1 -1 1 
12 1 Car -1.000000 -1 -1 283.562162620502 158.48771177928577 418.9481971957175 263.0652842064155 -1 -1 -1 -1 -1 -1 -1 -1 1 
13 1 Car -1.000000 -1 -1 281.6937264164393 155.60408577357578 417.3216881974761 260.3316689857944 -1 -1 -1 -1 -1 -1 -1 -1 1 
14 1 Car -1.000000 -1 -1 280.20102237528295 155.31923776347398 415.5370423668696 260.21146354068816 -1 -1 -1 -1 -1 -1 -1 -1 1 
15 1 Car -1.000000 -1 -1 279.825760693755 154.84002131538867 414.2538796434061 259.51204177853106 -1 -1 -1 -1 -1 -1 -1 -1 1 
17 2 Car -1.000000 -1 -1 468.27384151800766 166.34277704055282 532.8728578665703 207.2184369869211 -1 -1 -1 -1 -1 -1 -1 -1 1 
17 1 Car -1.000000 -1 -1 279.4038228776491 155.95051734172313 411.7095832183978 259.22964609490987 -1 -1 -1 -1 -1 -1 -1 -1 1 
18 2 Car -1.000000 -1 -1 478.40318556590296 171.23926969976182 542.8698660501502 211.8887719460483 -1 -1 -1 -1 -1 -1 -1 -1 1 
18 1 Car -1.000000 -1 -1 280.50828101319354 159.90617394312645 410.2835086336059 261.8716001392471 -1 -1 -1 -1 -1 -1 -1 -1 1 
19 2 Car -1.000000 -1 -1 486.8031689433078 176.15471195701394 551.9346600620966 216.875854988732 -1 -1 -1 -1 -1 -1 -1 -1 1 
19 1 Car -1.000000 -1 -1 282.60615838180723 168.0946213448568 409.7774890651062 267.6115600941647 -1 -1 -1 -1 -1 -1 -1 -1 1 
20 2 Car -1.000000 -1 -1 496.90781763204023 180.34361803084525 561.3153339733624 221.1747682320126 -1 -1 -1 -1 -1 -1 -1 -1 1 
20 1 Car -1.000000 -1 -1 284.58185386970547 176.3720766940222 409.4714598797394 273.19980029279384 -1 -1 -1 -1 -1 -1 -1 -1 1 
21 2 Car -1.000000 -1 -1 503.48035947869715 180.98793832586088 569.0930842682817 221.8781419594167 -1 -1 -1 -1 -1 -1 -1 -1 1 
21 1 Car -1.000000 -1 -1 286.6918538186465 179.43324918391957 408.674139883612 274.055562887147 -1 -1 -1 -1 -1 -1 -1 -1 1 
22 2 Car -1.000000 -1 -1 512.8336171341181 179.3427612834846 578.0890096014908 220.1130968118648 -1 -1 -1 -1 -1 -1 -1 -1 1 
22 1 Car -1.000000 -1 -1 290.69210460988626 177.4251409250746 409.45198959049816 270.3318644232851 -1 -1 -1 -1 -1 -1 -1 -1 1 
23 2 Car -1.000000 -1 -1 520.4634310487431 176.61992885050117 586.2164760002427 217.26015863067695 -1 -1 -1 -1 -1 -1 -1 -1 1 
23 1 Car -1.000000 -1 -1 295.2121960532791 174.41583578125105 409.79156591410975 265.5781036078369 -1 -1 -1 -1 -1 -1 -1 -1 1 
24 2 Car -1.000000 -1 -1 529.4447511679145 175.7862381785135 595.305778550955 216.57050206350854 -1 -1 -1 -1 -1 -1 -1 -1 1 
24 1 Car -1.000000 -1 -1 299.4602297741787 173.96098813027373 410.3811755785185 264.07719080293907 -1 -1 -1 -1 -1 -1 -1 -1 1 
25 2 Car -1.000000 -1 -1 536.7542503410764 175.36986436082222 603.3131721851969 216.13916021908804 -1 -1 -1 -1 -1 -1 -1 -1 1 
25 1 Car -1.000000 -1 -1 303.3265668666694 173.8144421097306 410.97539233555403 262.73801425585793 -1 -1 -1 -1 -1 -1 -1 -1 1 
26 1 Car -1.000000 -1 -1 309.73128344500014 166.96232494540908 413.3433964404661 255.89585133936015 -1 -1 -1 -1 -1 -1 -1 -1 1 
27 1 Car -1.000000 -1 -1 316.6006644420564 160.56217560765532 416.4038330264783 249.66311339250257 -1 -1 -1 -1 -1 -1 -1 -1 1 
28 1 Car -1.000000 -1 -1 324.3562430689944 159.5682415964477 419.30187589431426 247.82181485285184 -1 -1 -1 -1 -1 -1 -1 -1 1 
29 1 Car -1.000000 -1 -1 331.9368999796702 159.72256979892586 422.91838045087627 248.2596639744388 -1 -1 -1 -1 -1 -1 -1 -1 1 
30 1 Car -1.000000 -1 -1 337.7666087218397 163.30038812557777 425.70665676355986 250.22335299163873 -1 -1 -1 -1 -1 -1 -1 -1 1 
31 1 Car -1.000000 -1 -1 344.2613792912698 164.55446490016843 429.82246257504005 249.68978321955572 -1 -1 -1 -1 -1 -1 -1 -1 1 
32 1 Car -1.000000 -1 -1 352.06645490230403 165.15319882935233 435.5563345374758 248.27050735642632 -1 -1 -1 -1 -1 -1 -1 -1 1 
33 3 Car -1.000000 -1 -1 606.2391048604021 164.10234134789164 680.0546647251937 207.6689310455949 -1 -1 -1 -1 -1 -1 -1 -1 1 
33 1 Car -1.000000 -1 -1 360.334686205 163.03496235973088 443.89184643428166 246.5924492205671 -1 -1 -1 -1 -1 -1 -1 -1 1 
34 3 Car -1.000000 -1 -1 615.0143621006277 162.0142467590341 691.8628553346612 206.78811430159305 -1 -1 -1 -1 -1 -1 -1 -1 1 
34 1 Car -1.000000 -1 -1 369.89761661341856 164.57944415685654 454.9424453118572 247.3240454769239 -1 -1 -1 -1 -1 -1 -1 -1 1 
35 1 Car -1.000000 -1 -1 378.8961713558905 163.87512417348515 465.44391970166714 245.41201054294604 -1 -1 -1 -1 -1 -1 -1 -1 1 
36 1 Car -1.000000 -1 -1 389.64516867762813 160.63256814286743 477.95126636487396 242.0719212467133 -1 -1 -1 -1 -1 -1 -1 -1 1 
37 1 Car -1.000000 -1 -1 401.4556340930086 156.59956947650375 492.6466995307778 239.71919855986977 -1 -1 -1 -1 -1 -1 -1 -1 1 
38 1 Car -1.000000 -1 -1 412.5940498214416 155.6443613388921 505.54459172548485 239.54333583406037 -1 -1 -1 -1 -1 -1 -1 -1 1 
39 1 Car -1.000000 -1 -1 424.71092017485813 154.5635501703424 519.1518430582255 239.53908505386687 -1 -1 -1 -1 -1 -1 -1 -1 1 
40 4 Car -1.000000 -1 -1 687.8529012755153 160.01881776218974 775.4570208969831 212.54350149643417 -1 -1 -1 -1 -1 -1 -1 -1 1 
40 1 Car -1.000000 -1 -1 438.73163395030724 153.61590755618468 535.2404694208501 239.75292591088365 -1 -1 -1 -1 -1 -1 -1 -1 1 
41 4 Car -1.000000 -1 -1 694.794800039582 159.4546956414142 790.9499249167488 213.8755157945553 -1 -1 -1 -1 -1 -1 -1 -1 1 
41 1 Car -1.000000 -1 -1 453.042157861694 155.86565476686042 551.2925548928943 241.6599026305608 -1 -1 -1 -1 -1 -1 -1 -1 1 
42 4 Car -1.000000 -1 -1 708.6561587627451 161.02356146869448 809.436319534282 216.85543596259168 -1 -1 -1 -1 -1 -1 -1 -1 1 
42 1 Car -1.000000 -1 -1 467.8079117448246 156.45249119596485 567.9896815092409 243.37466323051473 -1 -1 -1 -1 -1 -1 -1 -1 1 
43 4 Car -1.000000 -1 -1 723.9263528767227 162.77905766089341 829.6610303570097 220.4029105926048 -1 -1 -1 -1 -1 -1 -1 -1 1 
43 1 Car -1.000000 -1 -1 483.972853572983 162.90272090849163 585.4742354449622 246.76375533448203 -1 -1 -1 -1 -1 -1 -1 -1 1 
44 4 Car -1.000000 -1 -1 739.1401391864422 164.00565533057568 849.2730633517374 222.70674195987328 -1 -1 -1 -1 -1 -1 -1 -1 1 
44 1 Car -1.000000 -1 -1 501.1431078599233 165.5412877998058 602.7166087095698 247.049954802441 -1 -1 -1 -1 -1 -1 -1 -1 1 
45 4 Car -1.000000 -1 -1 756.3480529673807 163.3917097806222 871.4730754208342 223.771843719726 -1 -1 -1 -1 -1 -1 -1 -1 1 
46 4 Car -1.000000 -1 -1 772.4283054954893 162.2845742560724 888.0015844042281 223.4121142104069 -1 -1 -1 -1 -1 -1 -1 -1 1 
47 4 Car -1.000000 -1 -1 792.9572571064548 160.5061526202562 914.9657772567614 223.40297858940332 -1 -1 -1 -1 -1 -1 -1 -1 1 
48 4 Car -1.000000 -1 -1 812.76562788001 159.26565910739828 940.2617216218384 223.00814199102547 -1 -1 -1 -1 -1 -1 -1 -1 1 
48 1 Car -1.000000 -1 -1 582.2381680376776 164.09916796942414 688.4309941561481 243.44078738817402 -1 -1 -1 -1 -1 -1 -1 -1 1 
49 4 Car -1.000000 -1 -1 832.0213809963478 158.04230415643286 964.6079658545726 223.24510251048724 -1 -1 -1 -1 -1 -1 -1 -1 1 
49 1 Car -1.000000 -1 -1 600.5204874845875 161.40150575887415 709.3890212203422 239.02372953860012 -1 -1 -1 -1 -1 -1 -1 -1 1 
50 4 Car -1.000000 -1 -1 849.2202704590349 157.62552115920192 983.2526281254574 224.09040930465386 -1 -1 -1 -1 -1 -1 -1 -1 1 
50 1 Car -1.000000 -1 -1 623.2626028658933 159.7422352271433 732.8026810730321 235.70323324638863 -1 -1 -1 -1 -1 -1 -1 -1 1 
51 4 Car -1.000000 -1 -1 870.1140955260189 156.96890494451097 1008.3761033904368 225.02759310993636 -1 -1 -1 -1 -1 -1 -1 -1 1 
51 1 Car -1.000000 -1 -1 645.9461944450636 158.93121584261922 755.6969980433782 235.44427523498894 -1 -1 -1 -1 -1 -1 -1 -1 1 
52 4 Car -1.000000 -1 -1 890.6553939099966 156.71291705812493 1031.3986903267512 226.36777584032748 -1 -1 -1 -1 -1 -1 -1 -1 1 
52 1 Car -1.000000 -1 -1 668.9640619424316 158.08457588880927 779.6331108221167 236.50392531081255 -1 -1 -1 -1 -1 -1 -1 -1 1 
53 4 Car -1.000000 -1 -1 905.5311075080938 157.30886142781804 1040.8902844975203 227.93559567338508 -1 -1 -1 -1 -1 -1 -1 -1 1 
53 1 Car -1.000000 -1 -1 689.1779403485602 156.86310495512623 802.5630298283534 237.80383546568208 -1 -1 -1 -1 -1 -1 -1 -1 1 
54 4 Car -1.000000 -1 -1 929.2538136236572 156.49044809896176 1068.8457342635688 229.8409705354176 -1 -1 -1 -1 -1 -1 -1 -1 1 
54 1 Car -1.000000 -1 -1 713.6940339999345 156.97660881420293 827.7617158606878 238.46708583964013 -1 -1 -1 -1 -1 -1 -1 -1 1 
55 4 Car -1.000000 -1 -1 952.9767376461459 155.12184268805868 1099.8107879861877 231.31629235247124 -1 -1 -1 -1 -1 -1 -1 -1 1 
55 1 Car -1.000000 -1 -1 735.9327953594882 156.0111855827669 851.5733416537525 238.9430347470619 -1 -1 -1 -1 -1 -1 -1 -1 1 
56 4 Car -1.000000 -1 -1 975.5918001774626 154.03539047621067 1129.9530896106394 233.13373969971568 -1 -1 -1 -1 -1 -1 -1 -1 1 
56 1 Car -1.000000 -1 -1 757.8444992713689 153.4580960908378 876.3428403232224 237.79356274837366 -1 -1 -1 -1 -1 -1 -1 -1 1 
57 4 Car -1.000000 -1 -1 996.1879471398346 153.82426781345794 1157.8080653426694 235.509065058969 -1 -1 -1 -1 -1 -1 -1 -1 1 
57 1 Car -1.000000 -1 -1 779.9599371938441 151.0440561941581 901.1165076827847 236.89466613467562 -1 -1 -1 -1 -1 -1 -1 -1 1 
58 10 Car -1.000000 -1 -1 1197.1441125325396 146.68323135728252 1259.6372961691336 233.44627040692404 -1 -1 -1 -1 -1 -1 -1 -1 1 
58 4 Car -1.000000 -1 -1 1015.7000178882415 152.94087280145908 1182.8765833058876 236.8420070464951 -1 -1 -1 -1 -1 -1 -1 -1 1 
58 1 Car -1.000000 -1 -1 802.7389857472849 153.3224126084407 926.6392568738283 238.1074659131109 -1 -1 -1 -1 -1 -1 -1 -1 1 
59 4 Car -1.000000 -1 -1 1042.2540516756922 151.6503330496605 1211.2585604847327 237.7786480476454 -1 -1 -1 -1 -1 -1 -1 -1 1 
59 1 Car -1.000000 -1 -1 826.7243748054939 154.21532992934914 952.6086113610031 238.42116245432373 -1 -1 -1 -1 -1 -1 -1 -1 1 
60 4 Car -1.000000 -1 -1 1057.6349284083974 150.56824829602868 1233.9362381152966 238.6683938036498 -1 -1 -1 -1 -1 -1 -1 -1 1 
60 1 Car -1.000000 -1 -1 848.7424196538599 154.68646175668476 979.1679835494677 238.7836008970964 -1 -1 -1 -1 -1 -1 -1 -1 1 
61 4 Car -1.000000 -1 -1 1060.6874397180532 152.85689182642614 1222.8564844949915 241.632686343525 -1 -1 -1 -1 -1 -1 -1 -1 1 
61 1 Car -1.000000 -1 -1 872.7736293893802 154.63936899404138 1005.8641786533265 238.54512348036906 -1 -1 -1 -1 -1 -1 -1 -1 1 
62 4 Car -1.000000 -1 -1 1079.7883328172986 152.32910250951903 1241.3514547123743 244.2980646212581 -1 -1 -1 -1 -1 -1 -1 -1 1 
62 1 Car -1.000000 -1 -1 894.7255060801881 154.5202065981719 1031.944366741946 238.6136247631652 -1 -1 -1 -1 -1 -1 -1 -1 1 
63 4 Car -1.000000 -1 -1 1095.5570731341618 151.34601484446716 1252.9985788121317 245.9307516980532 -1 -1 -1 -1 -1 -1 -1 -1 1 
63 1 Car -1.000000 -1 -1 915.2613033638535 154.05585568970423 1057.1720802737457 238.58024719912174 -1 -1 -1 -1 -1 -1 -1 -1 1 
64 4 Car -1.000000 -1 -1 1108.3665601323025 151.40918063829415 1258.3590282228658 247.80055743303782 -1 -1 -1 -1 -1 -1 -1 -1 1 
64 1 Car -1.000000 -1 -1 936.7692503273181 153.9033423002863 1082.472661949217 238.82132113168788 -1 -1 -1 -1 -1 -1 -1 -1 1 
65 4 Car -1.000000 -1 -1 1119.1290229326703 152.58038729409733 1258.6963762836929 251.02753884803363 -1 -1 -1 -1 -1 -1 -1 -1 1 
65 1 Car -1.000000 -1 -1 958.150886281674 154.38170747899986 1107.8461761292906 240.38769164273552 -1 -1 -1 -1 -1 -1 -1 -1 1 
66 4 Car -1.000000 -1 -1 1131.1213450373807 153.15415014117562 1261.1013973336203 253.14189468951824 -1 -1 -1 -1 -1 -1 -1 -1 1 
66 1 Car -1.000000 -1 -1 977.8052114534236 155.57838498270402 1131.2711634755187 241.92047201775668 -1 -1 -1 -1 -1 -1 -1 -1 1 
67 4 Car -1.000000 -1 -1 1138.6277459041123 155.63658422458204 1260.474242383469 257.40214971436137 -1 -1 -1 -1 -1 -1 -1 -1 1 
67 1 Car -1.000000 -1 -1 997.0077102289969 156.9687802450591 1153.2608504467132 243.0621335512857 -1 -1 -1 -1 -1 -1 -1 -1 1 
68 4 Car -1.000000 -1 -1 1148.4845992478547 158.74625077593564 1260.6430225653055 262.10805809841844 -1 -1 -1 -1 -1 -1 -1 -1 1 
68 1 Car -1.000000 -1 -1 1013.7742121390177 158.48820000292298 1169.920194654894 244.8116008016352 -1 -1 -1 -1 -1 -1 -1 -1 1 
69 4 Car -1.000000 -1 -1 1156.6042587300985 159.4054620675785 1259.7505014982644 263.69919426925907 -1 -1 -1 -1 -1 -1 -1 -1 1 
69 1 Car -1.000000 -1 -1 1029.5364465215475 159.36575755215148 1183.942462712695 245.7373155370766 -1 -1 -1 -1 -1 -1 -1 -1 1 
70 4 Car -1.000000 -1 -1 1163.8400012586321 159.66868999485473 1258.5499460233164 264.8615743419786 -1 -1 -1 -1 -1 -1 -1 -1 1 
70 1 Car -1.000000 -1 -1 1043.8824148501153 158.99954440132885 1197.253654078162 245.31720206897168 -1 -1 -1 -1 -1 -1 -1 -1 1 
71 4 Car -1.000000 -1 -1 1169.9117657931008 159.1107722721877 1257.1172779250676 264.873606467636 -1 -1 -1 -1 -1 -1 -1 -1 1 
71 1 Car -1.000000 -1 -1 1056.0836452183783 158.31761150563696 1207.9853906342335 244.20525505892434 -1 -1 -1 -1 -1 -1 -1 -1 1 
72 4 Car -1.000000 -1 -1 1173.4713089862448 158.85650697343533 1254.9830241217528 265.4371541180663 -1 -1 -1 -1 -1 -1 -1 -1 1 
72 1 Car -1.000000 -1 -1 1069.20633558561 157.92158092284797 1218.1023060279801 243.6041539787147 -1 -1 -1 -1 -1 -1 -1 -1 1 
73 4 Car -1.000000 -1 -1 1175.2761905155585 158.4264769098606 1252.8323828714792 265.9668259501917 -1 -1 -1 -1 -1 -1 -1 -1 1 
73 1 Car -1.000000 -1 -1 1079.714009287491 156.85686971672087 1224.3016895424207 241.64282860918965 -1 -1 -1 -1 -1 -1 -1 -1 1 
74 4 Car -1.000000 -1 -1 1175.969186426887 158.5930903173071 1250.7463002968202 266.56742974055413 -1 -1 -1 -1 -1 -1 -1 -1 1 
74 1 Car -1.000000 -1 -1 1087.0087012688587 157.07924551292234 1225.1063172313598 241.00327881128254 -1 -1 -1 -1 -1 -1 -1 -1 1 
75 4 Car -1.000000 -1 -1 1174.1136551411487 159.4129629909074 1248.3084179562284 269.1083312011646 -1 -1 -1 -1 -1 -1 -1 -1 1 
75 1 Car -1.000000 -1 -1 1093.7855386817807 158.03369804833955 1224.5316382109256 240.9338696710052 -1 -1 -1 -1 -1 -1 -1 -1 1 
76 4 Car -1.000000 -1 -1 1171.3755878024488 160.20565958690634 1246.3091552528265 271.7420459081741 -1 -1 -1 -1 -1 -1 -1 -1 1 
76 1 Car -1.000000 -1 -1 1098.391191514501 159.58195769081402 1220.719443505852 241.68649009682684 -1 -1 -1 -1 -1 -1 -1 -1 1 
77 4 Car -1.000000 -1 -1 1167.039997754079 161.63849713262528 1244.3483339691772 275.96890673938844 -1 -1 -1 -1 -1 -1 -1 -1 1 
77 1 Car -1.000000 -1 -1 1100.5589057819955 161.47828229158372 1214.9347255112236 242.23515068027658 -1 -1 -1 -1 -1 -1 -1 -1 1 
78 4 Car -1.000000 -1 -1 1161.8562571911193 163.34922445210785 1242.6996922248622 280.3664392705934 -1 -1 -1 -1 -1 -1 -1 -1 1 
78 1 Car -1.000000 -1 -1 1102.7526672887493 164.28292230591714 1208.3907894815152 243.99465406568024 -1 -1 -1 -1 -1 -1 -1 -1 1 
79 4 Car -1.000000 -1 -1 1155.2825171625443 163.7289858237237 1240.9191430153307 282.8281822065725 -1 -1 -1 -1 -1 -1 -1 -1 1 
79 1 Car -1.000000 -1 -1 1103.4300575230086 165.48694004279972 1199.5387760144017 244.32693461169035 -1 -1 -1 -1 -1 -1 -1 -1 1 
80 4 Car -1.000000 -1 -1 1148.4984619784916 163.90715245075017 1239.600727096565 285.2800532549789 -1 -1 -1 -1 -1 -1 -1 -1 1 
80 1 Car -1.000000 -1 -1 1103.3655490072442 166.19339490951322 1190.3626609390858 243.49462628958142 -1 -1 -1 -1 -1 -1 -1 -1 1 
81 4 Car -1.000000 -1 -1 1140.9127081006336 164.8111417171077 1238.4284170647102 290.01478428826874 -1 -1 -1 -1 -1 -1 -1 -1 1 
81 1 Car -1.000000 -1 -1 1100.5470747554807 168.22026946751302 1179.4560371280343 244.18166648489077 -1 -1 -1 -1 -1 -1 -1 -1 1 
82 4 Car -1.000000 -1 -1 1131.6027540827754 165.2868752049104 1237.1026538529227 295.94340335571076 -1 -1 -1 -1 -1 -1 -1 -1 1 
82 1 Car -1.000000 -1 -1 1097.7569331914274 170.09102539374558 1167.9077618481851 244.61980262728534 -1 -1 -1 -1 -1 -1 -1 -1 1 
83 4 Car -1.000000 -1 -1 1122.9047676012071 164.10110103704335 1236.272944144613 298.252018084162 -1 -1 -1 -1 -1 -1 -1 -1 1 
83 1 Car -1.000000 -1 -1 1091.3067476060908 170.75271778652322 1153.9840403302785 243.87526664515323 -1 -1 -1 -1 -1 -1 -1 -1 1 
84 4 Car -1.000000 -1 -1 1113.3932304812777 161.60218601817948 1235.022314746621 299.36993564167904 -1 -1 -1 -1 -1 -1 -1 -1 1 
84 1 Car -1.000000 -1 -1 1086.8100178204809 168.8281973162992 1141.6067095857838 239.94185200336452 -1 -1 -1 -1 -1 -1 -1 -1 1 
85 4 Car -1.000000 -1 -1 1104.2802911728702 159.04460374648468 1234.6154474568377 301.1514729174929 -1 -1 -1 -1 -1 -1 -1 -1 1 
85 1 Car -1.000000 -1 -1 1079.7868310689412 168.115426607018 1128.0035034211544 237.12327217926097 -1 -1 -1 -1 -1 -1 -1 -1 1 
86 4 Car -1.000000 -1 -1 1095.4068332719219 157.64473159183092 1234.4568582543764 303.67191367043273 -1 -1 -1 -1 -1 -1 -1 -1 1 
86 1 Car -1.000000 -1 -1 1070.2931963884948 168.63452847148395 1113.7914795851611 236.02404140042532 -1 -1 -1 -1 -1 -1 -1 -1 1 
87 13 Car -1.000000 -1 -1 998.1943212397085 182.70141911413046 1048.6973857721575 220.23618765825105 -1 -1 -1 -1 -1 -1 -1 -1 1 
87 4 Car -1.000000 -1 -1 1087.1703480364106 158.05695166558615 1234.546636812149 307.3099799208348 -1 -1 -1 -1 -1 -1 -1 -1 1 
87 1 Car -1.000000 -1 -1 1061.0144605267953 169.38429698670737 1100.9649994021672 234.5031683333053 -1 -1 -1 -1 -1 -1 -1 -1 1 
88 13 Car -1.000000 -1 -1 978.158603387315 182.97894570499037 1029.088634926624 220.08695036699888 -1 -1 -1 -1 -1 -1 -1 -1 1 
88 4 Car -1.000000 -1 -1 1078.9371151255298 158.67553319617465 1234.5985838866893 313.43345125155315 -1 -1 -1 -1 -1 -1 -1 -1 1 
88 1 Car -1.000000 -1 -1 1050.5930561737616 170.87963988421404 1087.926880161521 234.2447726381955 -1 -1 -1 -1 -1 -1 -1 -1 1 
89 13 Car -1.000000 -1 -1 963.4967161337885 180.8903411727992 1018.6926076161543 218.86518129775135 -1 -1 -1 -1 -1 -1 -1 -1 1 
89 4 Car -1.000000 -1 -1 1071.5354682661118 157.50670957909432 1234.9118037331114 317.24495181357474 -1 -1 -1 -1 -1 -1 -1 -1 1 
89 1 Car -1.000000 -1 -1 1041.2353253852468 171.10729836788516 1077.807726006781 232.41774327904722 -1 -1 -1 -1 -1 -1 -1 -1 1 
90 13 Car -1.000000 -1 -1 948.3467271893956 180.64721669549527 1002.4097279218417 217.9531147942742 -1 -1 -1 -1 -1 -1 -1 -1 1 
90 4 Car -1.000000 -1 -1 1065.1395195670232 154.84882252315037 1235.5863058011957 319.68033406728176 -1 -1 -1 -1 -1 -1 -1 -1 1 
90 1 Car -1.000000 -1 -1 1029.6625982288845 171.12486230096516 1065.8259381964456 230.84992419727786 -1 -1 -1 -1 -1 -1 -1 -1 1 
91 13 Car -1.000000 -1 -1 936.2737474096209 179.70306557235594 987.066025139188 215.7397492852413 -1 -1 -1 -1 -1 -1 -1 -1 1 
91 4 Car -1.000000 -1 -1 1057.4011479500393 153.42108178743186 1235.4570311455075 323.2886202936728 -1 -1 -1 -1 -1 -1 -1 -1 1 
91 1 Car -1.000000 -1 -1 1019.0582503589653 170.9881826995385 1056.8774456105762 229.29362315566405 -1 -1 -1 -1 -1 -1 -1 -1 1 
92 13 Car -1.000000 -1 -1 921.031195443596 179.90488461254148 967.9898509551425 215.35990687390733 -1 -1 -1 -1 -1 -1 -1 -1 1 
92 4 Car -1.000000 -1 -1 1049.700901471691 154.776015335004 1235.4039680986143 330.50904913031354 -1 -1 -1 -1 -1 -1 -1 -1 1 
92 1 Car -1.000000 -1 -1 1006.0255368414937 172.74528642788312 1044.934080416279 229.18843335534564 -1 -1 -1 -1 -1 -1 -1 -1 1 
93 4 Car -1.000000 -1 -1 1041.2360304073964 154.92597895395488 1234.7281889987216 335.97646578876817 -1 -1 -1 -1 -1 -1 -1 -1 1 
93 1 Car -1.000000 -1 -1 993.18276963626 172.5353043484678 1034.0541368888323 227.9861553843633 -1 -1 -1 -1 -1 -1 -1 -1 1 
94 4 Car -1.000000 -1 -1 1035.037530037437 154.73455483113088 1235.2252860588508 341.09564206100265 -1 -1 -1 -1 -1 -1 -1 -1 1 
94 1 Car -1.000000 -1 -1 980.1572941308135 171.5855144047662 1023.635337212167 226.8246761337994 -1 -1 -1 -1 -1 -1 -1 -1 1 
95 4 Car -1.000000 -1 -1 1029.9045592283978 156.0097250714938 1236.1608585328404 350.1140523524473 -1 -1 -1 -1 -1 -1 -1 -1 1 
95 1 Car -1.000000 -1 -1 966.8911638420918 171.99474436507526 1013.3883671680235 226.91619221742926 -1 -1 -1 -1 -1 -1 -1 -1 1 
96 4 Car -1.000000 -1 -1 1022.9391074690772 156.95080161547946 1236.173481591617 358.50641736933983 -1 -1 -1 -1 -1 -1 -1 -1 1 
96 1 Car -1.000000 -1 -1 951.6911662211614 173.18796004121543 999.8598168802571 227.48596526071339 -1 -1 -1 -1 -1 -1 -1 -1 1 
97 15 Car -1.000000 -1 -1 819.9078067254095 181.1139113231145 866.3680834227519 221.49289727845326 -1 -1 -1 -1 -1 -1 -1 -1 1 
97 4 Car -1.000000 -1 -1 1018.7850489819132 157.06249973574745 1237.1005194175543 364.76568396216067 -1 -1 -1 -1 -1 -1 -1 -1 1 
97 1 Car -1.000000 -1 -1 935.2439940642831 175.0642489446419 984.4062067832409 228.56429705148352 -1 -1 -1 -1 -1 -1 -1 -1 1 
98 17 Car -1.000000 -1 -1 -5.432040471050339 182.20860085511484 67.16966300803031 208.3749489327278 -1 -1 -1 -1 -1 -1 -1 -1 1 
98 15 Car -1.000000 -1 -1 803.0854846064566 180.5090602401732 852.1607432490979 221.03379065404533 -1 -1 -1 -1 -1 -1 -1 -1 1 
98 4 Car -1.000000 -1 -1 1014.7334398654112 150.27098301230293 1237.7243075012698 365.8263661975195 -1 -1 -1 -1 -1 -1 -1 -1 1 
98 1 Car -1.000000 -1 -1 918.0410315711048 175.98763541391605 967.5045696661738 228.27420602488127 -1 -1 -1 -1 -1 -1 -1 -1 1 
99 15 Car -1.000000 -1 -1 785.768266370866 180.3112549811365 836.1096734018005 221.0396578067711 -1 -1 -1 -1 -1 -1 -1 -1 1 
99 4 Car -1.000000 -1 -1 1002.2606700239432 146.91900668182134 1234.5948804395055 368.32021530636746 -1 -1 -1 -1 -1 -1 -1 -1 1 
99 1 Car -1.000000 -1 -1 900.8408088768681 176.31352193894963 950.1423121454841 227.7069120190061 -1 -1 -1 -1 -1 -1 -1 -1 1 
100 15 Car -1.000000 -1 -1 768.2470599715656 179.6302583969808 818.6006649011782 219.20074675515102 -1 -1 -1 -1 -1 -1 -1 -1 1 
100 4 Car -1.000000 -1 -1 987.207504054366 142.42331827785466 1231.2155011893028 369.4141610420569 -1 -1 -1 -1 -1 -1 -1 -1 1 
100 1 Car -1.000000 -1 -1 884.2945489178829 175.909956150499 933.2233786874298 226.08634394448381 -1 -1 -1 -1 -1 -1 -1 -1 1 
101 15 Car -1.000000 -1 -1 750.124854589889 179.01583777796327 801.4927491494842 218.70255040891766 -1 -1 -1 -1 -1 -1 -1 -1 1 
101 4 Car -1.000000 -1 -1 976.7307076703883 136.77984729599973 1230.627990958635 368.7499922970009 -1 -1 -1 -1 -1 -1 -1 -1 1 
101 1 Car -1.000000 -1 -1 872.1267836433803 175.6359791777667 917.7138172583302 224.79796427539586 -1 -1 -1 -1 -1 -1 -1 -1 1 
102 19 Car -1.000000 -1 -1 938.9963413672255 187.69493222460662 973.3663216221672 227.31844745375483 -1 -1 -1 -1 -1 -1 -1 -1 1 
102 15 Car -1.000000 -1 -1 733.2222443150794 178.07902210511674 783.931944812453 217.0732990411085 -1 -1 -1 -1 -1 -1 -1 -1 1 
102 4 Car -1.000000 -1 -1 971.3698746604557 130.60009366810436 1232.511055137363 368.8673110151634 -1 -1 -1 -1 -1 -1 -1 -1 1 
102 1 Car -1.000000 -1 -1 854.6015316191141 174.44516178852797 898.9731701392292 222.76925837786246 -1 -1 -1 -1 -1 -1 -1 -1 1 
103 19 Car -1.000000 -1 -1 925.2087718789902 185.8223707564464 967.1984762151473 228.7397369758408 -1 -1 -1 -1 -1 -1 -1 -1 1 
103 15 Car -1.000000 -1 -1 716.4723444225461 178.1528107021309 766.7039096947577 216.63915396676182 -1 -1 -1 -1 -1 -1 -1 -1 1 
103 4 Car -1.000000 -1 -1 966.3095073723799 123.50101965418864 1234.4030421852751 368.05125786633164 -1 -1 -1 -1 -1 -1 -1 -1 1 
104 20 Car -1.000000 -1 -1 878.8165186194988 183.10979204405342 920.7682573309053 217.45130588035656 -1 -1 -1 -1 -1 -1 -1 -1 1 
104 19 Car -1.000000 -1 -1 909.2579455403994 185.57998432926382 955.7912148450174 229.23681783819177 -1 -1 -1 -1 -1 -1 -1 -1 1 
104 15 Car -1.000000 -1 -1 700.3916546539098 178.25914081584807 750.4126238392126 216.38431311935403 -1 -1 -1 -1 -1 -1 -1 -1 1 
104 4 Car -1.000000 -1 -1 964.5672801693017 118.08994571137427 1236.723485585333 368.26296299994806 -1 -1 -1 -1 -1 -1 -1 -1 1 
105 20 Car -1.000000 -1 -1 863.9348275106198 184.02126696437637 904.8768065740193 218.08224644181865 -1 -1 -1 -1 -1 -1 -1 -1 1 
105 19 Car -1.000000 -1 -1 892.9026831697919 186.2046398488138 942.7601052400593 230.2303861028026 -1 -1 -1 -1 -1 -1 -1 -1 1 
105 15 Car -1.000000 -1 -1 684.2123360433121 178.53712379233656 733.7239299966035 216.9371542746295 -1 -1 -1 -1 -1 -1 -1 -1 1 
105 4 Car -1.000000 -1 -1 963.7434293101675 124.68109113900125 1238.3333369422885 372.9868390473907 -1 -1 -1 -1 -1 -1 -1 -1 1 
106 15 Car -1.000000 -1 -1 667.3985125971336 178.61253723119526 716.8845525886073 217.47273855738635 -1 -1 -1 -1 -1 -1 -1 -1 1 
106 4 Car -1.000000 -1 -1 964.2755135219587 126.78352475654061 1239.9195615979343 374.0766278959358 -1 -1 -1 -1 -1 -1 -1 -1 1 
106 1 Car -1.000000 -1 -1 782.5132720215987 173.96407239350845 826.8843831350015 218.9360080201957 -1 -1 -1 -1 -1 -1 -1 -1 1 
107 24 Car -1.000000 -1 -1 905.5273960712901 185.09265036896636 974.0671260188675 246.360364690822 -1 -1 -1 -1 -1 -1 -1 -1 1 
107 15 Car -1.000000 -1 -1 650.2430884125108 178.5647297300858 700.541188549339 218.54175260968634 -1 -1 -1 -1 -1 -1 -1 -1 1 
107 4 Car -1.000000 -1 -1 966.9935408783851 125.92260479061721 1241.8124689989502 373.46260382398066 -1 -1 -1 -1 -1 -1 -1 -1 1 
107 1 Car -1.000000 -1 -1 764.8879734549066 174.45895668735872 809.6416932683148 218.8123993123959 -1 -1 -1 -1 -1 -1 -1 -1 1 
108 25 Car -1.000000 -1 -1 853.8135215078319 190.63997641545242 901.7837685716693 230.83949274520396 -1 -1 -1 -1 -1 -1 -1 -1 1 
108 24 Car -1.000000 -1 -1 894.0225472885942 185.59595468044648 977.2032674226838 248.54605361297405 -1 -1 -1 -1 -1 -1 -1 -1 1 
108 15 Car -1.000000 -1 -1 633.6791010660414 178.8079683676117 684.5744097726084 219.44929795871184 -1 -1 -1 -1 -1 -1 -1 -1 1 
108 4 Car -1.000000 -1 -1 972.5038109053921 124.66175153100764 1244.370291235131 372.6241265937076 -1 -1 -1 -1 -1 -1 -1 -1 1 
108 1 Car -1.000000 -1 -1 748.0884372496439 174.67003624892834 793.1798342131335 218.45068996598633 -1 -1 -1 -1 -1 -1 -1 -1 1 
109 25 Car -1.000000 -1 -1 846.6502711714218 191.3499882421208 890.703397265673 230.46039530929647 -1 -1 -1 -1 -1 -1 -1 -1 1 
109 24 Car -1.000000 -1 -1 880.5520513329518 185.97569407224114 971.9015791226168 248.6145107207896 -1 -1 -1 -1 -1 -1 -1 -1 1 
109 15 Car -1.000000 -1 -1 617.756698579692 177.89472005859963 669.2542288509142 219.36049480217915 -1 -1 -1 -1 -1 -1 -1 -1 1 
109 4 Car -1.000000 -1 -1 981.2996167266822 121.57301175452592 1247.3560540945625 371.7991015715906 -1 -1 -1 -1 -1 -1 -1 -1 1 
109 1 Car -1.000000 -1 -1 731.8520533634651 174.85829003332273 777.3460804700871 218.17875569060735 -1 -1 -1 -1 -1 -1 -1 -1 1 
110 26 Car -1.000000 -1 -1 763.1555001635394 182.9182812056553 793.1254930540975 212.93541051152496 -1 -1 -1 -1 -1 -1 -1 -1 1 
110 25 Car -1.000000 -1 -1 836.4198190546762 190.94590895041802 878.6142961560469 230.28498242162192 -1 -1 -1 -1 -1 -1 -1 -1 1 
110 24 Car -1.000000 -1 -1 867.7904203216946 185.27743006122822 964.8291326237085 247.84125870965525 -1 -1 -1 -1 -1 -1 -1 -1 1 
110 15 Car -1.000000 -1 -1 601.019895861521 177.59698373793364 653.3856502965941 219.44285937682045 -1 -1 -1 -1 -1 -1 -1 -1 1 
110 4 Car -1.000000 -1 -1 994.5452361352253 118.59046201662251 1251.1357256148856 371.0191751776175 -1 -1 -1 -1 -1 -1 -1 -1 1 
110 1 Car -1.000000 -1 -1 715.0849332100422 173.97185423441525 760.5492943760016 216.97520469837585 -1 -1 -1 -1 -1 -1 -1 -1 1 
111 26 Car -1.000000 -1 -1 748.8000601333746 181.8224262793816 779.1694886219897 211.66649775155787 -1 -1 -1 -1 -1 -1 -1 -1 1 
111 25 Car -1.000000 -1 -1 829.0993851259705 190.16723160220732 867.1739162289941 228.20838061677586 -1 -1 -1 -1 -1 -1 -1 -1 1 
111 24 Car -1.000000 -1 -1 855.5371596034563 184.67592886646364 957.4151509638916 247.38556457552508 -1 -1 -1 -1 -1 -1 -1 -1 1 
111 15 Car -1.000000 -1 -1 584.6701810033043 177.30352489199188 637.5852097705605 219.3720231696665 -1 -1 -1 -1 -1 -1 -1 -1 1 
111 4 Car -1.000000 -1 -1 1013.1386266179176 115.46318281868048 1255.707347597918 370.26564696033125 -1 -1 -1 -1 -1 -1 -1 -1 1 
111 1 Car -1.000000 -1 -1 698.5570457462452 172.99802025592484 743.4270250053205 215.38176627401563 -1 -1 -1 -1 -1 -1 -1 -1 1 
112 27 Car -1.000000 -1 -1 760.5009596140804 179.2878319180695 805.2003807334869 220.2943896897353 -1 -1 -1 -1 -1 -1 -1 -1 1 
112 26 Car -1.000000 -1 -1 736.0095284632323 181.50951044332425 765.8532986855744 210.93279743416377 -1 -1 -1 -1 -1 -1 -1 -1 1 
112 25 Car -1.000000 -1 -1 822.5490168951461 190.047778061418 855.8433223877188 227.11276533657826 -1 -1 -1 -1 -1 -1 -1 -1 1 
112 24 Car -1.000000 -1 -1 843.3462466441025 184.39227872813964 947.9072030084511 247.25845279089575 -1 -1 -1 -1 -1 -1 -1 -1 1 
112 15 Car -1.000000 -1 -1 568.425346690514 176.54600462733558 622.078568529707 219.2624917525902 -1 -1 -1 -1 -1 -1 -1 -1 1 
112 4 Car -1.000000 -1 -1 1037.6250261555492 112.76321957024214 1261.1284229787339 369.74292272985076 -1 -1 -1 -1 -1 -1 -1 -1 1 
112 1 Car -1.000000 -1 -1 682.2654135166492 171.86265823205161 726.6891551099654 213.669576747296 -1 -1 -1 -1 -1 -1 -1 -1 1 
113 27 Car -1.000000 -1 -1 746.8153894008881 178.24347829234515 793.0452121806504 218.77746169106703 -1 -1 -1 -1 -1 -1 -1 -1 1 
113 26 Car -1.000000 -1 -1 721.4554166751251 180.5180850065569 751.5212095165622 210.16421358562795 -1 -1 -1 -1 -1 -1 -1 -1 1 
113 24 Car -1.000000 -1 -1 832.5010832904401 183.69268119736583 938.0229233947888 246.16928327209322 -1 -1 -1 -1 -1 -1 -1 -1 1 
113 15 Car -1.000000 -1 -1 551.9644378092232 175.27459186381273 606.9405498738365 219.23895815462853 -1 -1 -1 -1 -1 -1 -1 -1 1 
113 4 Car -1.000000 -1 -1 1073.0963009303784 110.14101794291409 1269.1631041321173 369.2406437337438 -1 -1 -1 -1 -1 -1 -1 -1 1 
113 1 Car -1.000000 -1 -1 666.6237670810584 171.11534455087906 710.361580812451 212.2603054140227 -1 -1 -1 -1 -1 -1 -1 -1 1 
114 28 Car -1.000000 -1 -1 4.991099991489335 176.46522705198498 205.80782055749256 289.89930882260364 -1 -1 -1 -1 -1 -1 -1 -1 1 
114 27 Car -1.000000 -1 -1 733.396325289381 177.97116057702755 781.899729977849 219.03547942507032 -1 -1 -1 -1 -1 -1 -1 -1 1 
114 26 Car -1.000000 -1 -1 708.1444750923689 180.69046632409209 738.3297480892708 210.30192062074786 -1 -1 -1 -1 -1 -1 -1 -1 1 
114 24 Car -1.000000 -1 -1 822.5453519731889 183.88821586607702 929.2266826891002 246.42216199674198 -1 -1 -1 -1 -1 -1 -1 -1 1 
114 15 Car -1.000000 -1 -1 535.9163436424298 175.57097036252108 591.8456431115636 219.9566931569852 -1 -1 -1 -1 -1 -1 -1 -1 1 
114 1 Car -1.000000 -1 -1 652.2076372853898 170.96308834790577 695.2032365394051 211.3862850505898 -1 -1 -1 -1 -1 -1 -1 -1 1 
115 28 Car -1.000000 -1 -1 -11.979487396361208 180.20335987029193 196.59008194221965 297.9876362214046 -1 -1 -1 -1 -1 -1 -1 -1 1 
115 27 Car -1.000000 -1 -1 721.2182949272691 178.39102552690488 771.2409847203859 219.67978791231022 -1 -1 -1 -1 -1 -1 -1 -1 1 
115 26 Car -1.000000 -1 -1 693.6709417709358 180.50802201940485 725.1144068774388 210.7485498018275 -1 -1 -1 -1 -1 -1 -1 -1 1 
115 24 Car -1.000000 -1 -1 813.9279711000054 184.52594954206896 921.4775331589692 247.14764187688226 -1 -1 -1 -1 -1 -1 -1 -1 1 
115 15 Car -1.000000 -1 -1 520.1265093539182 175.95165658253953 577.8243345074252 221.06275561204345 -1 -1 -1 -1 -1 -1 -1 -1 1 
115 1 Car -1.000000 -1 -1 638.287208493534 171.28479107617963 680.8165278059313 211.01115278260923 -1 -1 -1 -1 -1 -1 -1 -1 1 
116 28 Car -1.000000 -1 -1 -19.5083121412045 183.99572205824185 184.66883635903918 304.1060716364086 -1 -1 -1 -1 -1 -1 -1 -1 1 
116 27 Car -1.000000 -1 -1 708.5005560780377 179.072478645862 760.3958513062393 221.10552758476322 -1 -1 -1 -1 -1 -1 -1 -1 1 
116 26 Car -1.000000 -1 -1 682.2816627927818 181.16672114336689 714.4644550537455 211.68357060193443 -1 -1 -1 -1 -1 -1 -1 -1 1 
116 24 Car -1.000000 -1 -1 805.2225259678179 186.0717458720155 914.3884577886482 249.69040308257988 -1 -1 -1 -1 -1 -1 -1 -1 1 
116 15 Car -1.000000 -1 -1 504.50887659357596 176.58547826372637 563.6139785359927 222.20382801602585 -1 -1 -1 -1 -1 -1 -1 -1 1 
116 1 Car -1.000000 -1 -1 624.3387522335876 171.39295867848938 666.7674755431611 210.7831157675547 -1 -1 -1 -1 -1 -1 -1 -1 1 
117 29 Car -1.000000 -1 -1 738.5401900316988 189.73070399194677 774.2955892274936 235.68932056903344 -1 -1 -1 -1 -1 -1 -1 -1 1 
117 28 Car -1.000000 -1 -1 -22.99247561238782 189.98530014403718 170.3636843803066 311.413648876795 -1 -1 -1 -1 -1 -1 -1 -1 1 
117 27 Car -1.000000 -1 -1 696.4933901344139 180.0334466179683 749.4808527494436 222.22612250506285 -1 -1 -1 -1 -1 -1 -1 -1 1 
117 26 Car -1.000000 -1 -1 670.5770533713575 182.02695187471502 702.680954015117 212.78733070272622 -1 -1 -1 -1 -1 -1 -1 -1 1 
117 24 Car -1.000000 -1 -1 797.7412238840745 187.2740084955815 907.1397387127272 251.37651202519274 -1 -1 -1 -1 -1 -1 -1 -1 1 
117 15 Car -1.000000 -1 -1 489.04792000378455 177.2364350966828 548.880540384549 223.3302993361293 -1 -1 -1 -1 -1 -1 -1 -1 1 
117 1 Car -1.000000 -1 -1 609.9105714790819 172.0632419361428 651.765316775525 210.99015312646253 -1 -1 -1 -1 -1 -1 -1 -1 1 
118 29 Car -1.000000 -1 -1 728.0608358377236 190.00445471773622 765.725201582388 237.11687561061512 -1 -1 -1 -1 -1 -1 -1 -1 1 
118 28 Car -1.000000 -1 -1 -24.09049271878412 203.8700662252304 150.3580825164944 317.44740410859754 -1 -1 -1 -1 -1 -1 -1 -1 1 
118 27 Car -1.000000 -1 -1 684.7753606451938 181.28533604603433 737.7468349537119 223.48006213742786 -1 -1 -1 -1 -1 -1 -1 -1 1 
118 26 Car -1.000000 -1 -1 658.9467705532569 182.69230837466023 691.1307124683238 213.89415113262243 -1 -1 -1 -1 -1 -1 -1 -1 1 
118 24 Car -1.000000 -1 -1 788.9133126163154 188.9016415795094 899.6953010820146 254.4972963906989 -1 -1 -1 -1 -1 -1 -1 -1 1 
118 15 Car -1.000000 -1 -1 472.86362867795043 178.13498204713093 534.4478591229315 225.28628905766257 -1 -1 -1 -1 -1 -1 -1 -1 1 
118 1 Car -1.000000 -1 -1 595.6711168329099 172.4873205970792 637.5947066900109 211.2829184169721 -1 -1 -1 -1 -1 -1 -1 -1 1 
119 28 Car -1.000000 -1 -1 -25.878433660574267 224.6308158700066 124.4232377272437 327.0755728884566 -1 -1 -1 -1 -1 -1 -1 -1 1 
119 27 Car -1.000000 -1 -1 673.0061856357365 181.93243988355573 726.6608517561497 224.42632303990916 -1 -1 -1 -1 -1 -1 -1 -1 1 
119 26 Car -1.000000 -1 -1 646.5424779074614 183.63622737232467 679.0180626810676 215.21262013531484 -1 -1 -1 -1 -1 -1 -1 -1 1 
119 24 Car -1.000000 -1 -1 781.2966197070033 189.37994025056187 893.5630491775324 256.4102972080144 -1 -1 -1 -1 -1 -1 -1 -1 1 
119 15 Car -1.000000 -1 -1 456.226909678637 178.57338093946984 519.4643827831808 226.85522399176702 -1 -1 -1 -1 -1 -1 -1 -1 1 
119 1 Car -1.000000 -1 -1 581.3453945305789 172.98027226506224 623.3953071823078 211.58661945465093 -1 -1 -1 -1 -1 -1 -1 -1 1 
120 30 Car -1.000000 -1 -1 707.2118726247924 189.03328528552805 783.5944387006363 241.48044547090666 -1 -1 -1 -1 -1 -1 -1 -1 1 
120 28 Car -1.000000 -1 -1 -28.11214988595534 240.73142915720967 93.38617720209635 335.2924078534923 -1 -1 -1 -1 -1 -1 -1 -1 1 
120 27 Car -1.000000 -1 -1 659.9120983551701 182.10836395375654 714.1909897981542 225.03241318072648 -1 -1 -1 -1 -1 -1 -1 -1 1 
120 26 Car -1.000000 -1 -1 633.3732363041189 183.49665612517308 666.7257219841657 216.02432014539463 -1 -1 -1 -1 -1 -1 -1 -1 1 
120 24 Car -1.000000 -1 -1 773.1105288566295 190.1065763175201 887.1531931492194 258.88276024312 -1 -1 -1 -1 -1 -1 -1 -1 1 
120 15 Car -1.000000 -1 -1 438.57486725845723 178.892168170788 504.2644173202372 228.59552551933655 -1 -1 -1 -1 -1 -1 -1 -1 1 
120 1 Car -1.000000 -1 -1 566.0620389262846 172.72747532871875 607.9534980291377 210.99278763351225 -1 -1 -1 -1 -1 -1 -1 -1 1 
121 32 Car -1.000000 -1 -1 599.7910024655549 179.18816719141083 631.8622279063326 210.981440622188 -1 -1 -1 -1 -1 -1 -1 -1 1 
121 30 Car -1.000000 -1 -1 690.9321519976205 189.74074686889156 772.6247910643341 244.07283827894764 -1 -1 -1 -1 -1 -1 -1 -1 1 
121 27 Car -1.000000 -1 -1 647.5661197261544 182.29647416463064 703.1499717359756 225.7226412384307 -1 -1 -1 -1 -1 -1 -1 -1 1 
121 26 Car -1.000000 -1 -1 621.6998512945817 184.1669163547989 655.9915692438575 217.52685953565305 -1 -1 -1 -1 -1 -1 -1 -1 1 
121 24 Car -1.000000 -1 -1 764.9163183208614 190.65632722706795 880.3515531666187 261.1547230977855 -1 -1 -1 -1 -1 -1 -1 -1 1 
121 15 Car -1.000000 -1 -1 420.3062446209408 178.47452169018652 488.84513197581816 229.59891751662326 -1 -1 -1 -1 -1 -1 -1 -1 1 
121 1 Car -1.000000 -1 -1 550.7736733773692 172.73590658527644 592.5967503127855 210.6627704829288 -1 -1 -1 -1 -1 -1 -1 -1 1 
122 32 Car -1.000000 -1 -1 586.4785663369696 180.90339259257433 617.6942277773635 211.63177697906139 -1 -1 -1 -1 -1 -1 -1 -1 1 
122 30 Car -1.000000 -1 -1 695.6298066117802 191.08377366395814 769.4685200180054 244.1817171799674 -1 -1 -1 -1 -1 -1 -1 -1 1 
122 27 Car -1.000000 -1 -1 634.9603188379178 181.90294527010894 691.0234048488164 226.12868048408524 -1 -1 -1 -1 -1 -1 -1 -1 1 
122 26 Car -1.000000 -1 -1 608.0296242404592 184.0655317910075 642.5841760402428 217.96525698488855 -1 -1 -1 -1 -1 -1 -1 -1 1 
122 24 Car -1.000000 -1 -1 756.551279716577 191.64359623677558 873.7969460509839 264.2698032421973 -1 -1 -1 -1 -1 -1 -1 -1 1 
122 15 Car -1.000000 -1 -1 403.4860208280389 178.0850625098703 473.0188360795441 229.1388607512893 -1 -1 -1 -1 -1 -1 -1 -1 1 
122 1 Car -1.000000 -1 -1 535.171313672374 172.30909499300765 576.7751623749816 210.04967569709174 -1 -1 -1 -1 -1 -1 -1 -1 1 
123 32 Car -1.000000 -1 -1 570.5778065840358 180.80840706710828 601.4689404107156 211.1937768740589 -1 -1 -1 -1 -1 -1 -1 -1 1 
123 30 Car -1.000000 -1 -1 692.9170197848186 191.5163872105538 762.3601843326446 244.883816606139 -1 -1 -1 -1 -1 -1 -1 -1 1 
123 27 Car -1.000000 -1 -1 621.8607363207218 181.89995373217795 679.2340666206048 227.03268769638612 -1 -1 -1 -1 -1 -1 -1 -1 1 
123 26 Car -1.000000 -1 -1 593.8928817942863 184.26169022117494 628.7737546410551 218.42678260317768 -1 -1 -1 -1 -1 -1 -1 -1 1 
123 24 Car -1.000000 -1 -1 748.2853329654334 191.63486572580587 867.4606040452908 266.18313924968606 -1 -1 -1 -1 -1 -1 -1 -1 1 
123 15 Car -1.000000 -1 -1 380.09149810232395 179.54856153707075 451.04929259992525 232.18816551061323 -1 -1 -1 -1 -1 -1 -1 -1 1 
123 1 Car -1.000000 -1 -1 519.2050058741187 172.11486840741105 560.1084866968669 209.52851164201354 -1 -1 -1 -1 -1 -1 -1 -1 1 
124 32 Car -1.000000 -1 -1 557.4886793888049 180.6105957243828 591.2665605202283 211.81572282674432 -1 -1 -1 -1 -1 -1 -1 -1 1 
124 30 Car -1.000000 -1 -1 682.824971543674 191.20898996475177 751.8438189811244 246.50950032813205 -1 -1 -1 -1 -1 -1 -1 -1 1 
124 27 Car -1.000000 -1 -1 607.3618633866857 181.72116290817522 665.2238003226706 227.6903723492749 -1 -1 -1 -1 -1 -1 -1 -1 1 
124 26 Car -1.000000 -1 -1 579.4681547633967 183.18881113450624 615.7028981335962 218.35319117834405 -1 -1 -1 -1 -1 -1 -1 -1 1 
124 24 Car -1.000000 -1 -1 739.8266232160968 191.58698607328128 861.1144626299165 268.7372583764329 -1 -1 -1 -1 -1 -1 -1 -1 1 
124 15 Car -1.000000 -1 -1 355.7457532215698 180.88315603693394 427.6482642018705 234.7382696053893 -1 -1 -1 -1 -1 -1 -1 -1 1 
124 1 Car -1.000000 -1 -1 503.4669460233329 172.00533470620883 543.611913436086 209.33115038321745 -1 -1 -1 -1 -1 -1 -1 -1 1 
125 32 Car -1.000000 -1 -1 552.0793055393619 181.16970446335955 587.0042527552764 213.63228175659714 -1 -1 -1 -1 -1 -1 -1 -1 1 
125 30 Car -1.000000 -1 -1 669.2217755694099 189.3898376593524 741.2848775218769 246.85424192107303 -1 -1 -1 -1 -1 -1 -1 -1 1 
125 27 Car -1.000000 -1 -1 593.9664542707311 181.09100870080016 652.5690565840426 228.0498149558171 -1 -1 -1 -1 -1 -1 -1 -1 1 
125 26 Car -1.000000 -1 -1 566.471327940039 183.26403559544147 603.0316630499857 218.90160997324833 -1 -1 -1 -1 -1 -1 -1 -1 1 
125 24 Car -1.000000 -1 -1 731.8791522286244 190.62439482049734 855.2924360698873 270.2395558016939 -1 -1 -1 -1 -1 -1 -1 -1 1 
125 15 Car -1.000000 -1 -1 336.47424489038815 181.99204829223046 409.6023993344685 237.24789402074234 -1 -1 -1 -1 -1 -1 -1 -1 1 
125 1 Car -1.000000 -1 -1 487.5503464181466 171.5606953119333 527.0877371078791 208.7508258064681 -1 -1 -1 -1 -1 -1 -1 -1 1 
126 32 Car -1.000000 -1 -1 532.9179329487124 180.14664664409614 568.9912976572668 212.62001396109136 -1 -1 -1 -1 -1 -1 -1 -1 1 
126 30 Car -1.000000 -1 -1 654.6322906762302 188.3957147989056 731.0542606418994 248.3768985552466 -1 -1 -1 -1 -1 -1 -1 -1 1 
126 27 Car -1.000000 -1 -1 579.042262269918 180.59448648389912 637.4942167577587 228.428149078854 -1 -1 -1 -1 -1 -1 -1 -1 1 
126 26 Car -1.000000 -1 -1 551.6734913966322 183.1145543667222 588.6729877164692 219.283962452467 -1 -1 -1 -1 -1 -1 -1 -1 1 
126 24 Car -1.000000 -1 -1 724.0369356616555 189.86810815530978 849.7694668540222 272.6912517938943 -1 -1 -1 -1 -1 -1 -1 -1 1 
126 15 Car -1.000000 -1 -1 315.83207324294017 183.0363741869687 390.63803337249135 239.7645423150312 -1 -1 -1 -1 -1 -1 -1 -1 1 
126 1 Car -1.000000 -1 -1 471.74162417795714 171.14186489139541 510.83480412515775 208.3342103568902 -1 -1 -1 -1 -1 -1 -1 -1 1 
127 32 Car -1.000000 -1 -1 520.2094658569043 180.6212690911996 558.2641973736414 213.9997518058615 -1 -1 -1 -1 -1 -1 -1 -1 1 
127 30 Car -1.000000 -1 -1 638.7450692184765 187.4010234273391 722.0163774459139 250.24632321921433 -1 -1 -1 -1 -1 -1 -1 -1 1 
127 27 Car -1.000000 -1 -1 566.3540298847196 179.99271859859638 624.2499100764416 228.70220729236988 -1 -1 -1 -1 -1 -1 -1 -1 1 
127 26 Car -1.000000 -1 -1 539.3602413385981 182.1907246335824 577.5642151163388 219.42806832161742 -1 -1 -1 -1 -1 -1 -1 -1 1 
127 24 Car -1.000000 -1 -1 717.0601268939213 188.96802302386854 845.0414593641226 274.96117849956704 -1 -1 -1 -1 -1 -1 -1 -1 1 
127 15 Car -1.000000 -1 -1 291.67016534675486 184.38103847560274 371.16169056343165 243.3678854306383 -1 -1 -1 -1 -1 -1 -1 -1 1 
127 1 Car -1.000000 -1 -1 457.01061751459434 171.19215366388664 495.67562179586156 208.276587844537 -1 -1 -1 -1 -1 -1 -1 -1 1 
128 35 Car -1.000000 -1 -1 318.8596297594466 177.682288053211 375.47279140079905 230.6309240360828 -1 -1 -1 -1 -1 -1 -1 -1 1 
128 32 Car -1.000000 -1 -1 503.84431629252026 180.25424859192418 539.5908073214996 212.84073889212584 -1 -1 -1 -1 -1 -1 -1 -1 1 
128 30 Car -1.000000 -1 -1 624.0420756375552 186.5079854278057 714.8981198437175 252.25923369546052 -1 -1 -1 -1 -1 -1 -1 -1 1 
128 27 Car -1.000000 -1 -1 553.8042157348441 180.1949218152936 607.2951751963917 228.42798414576416 -1 -1 -1 -1 -1 -1 -1 -1 1 
128 26 Car -1.000000 -1 -1 528.4442745237283 182.4215289356356 566.6008422643216 220.3540782888822 -1 -1 -1 -1 -1 -1 -1 -1 1 
128 24 Car -1.000000 -1 -1 712.0144423389798 188.10680411217004 843.0878323342569 278.08327666453107 -1 -1 -1 -1 -1 -1 -1 -1 1 
128 15 Car -1.000000 -1 -1 268.13694678281126 186.43914895364162 352.99439478923694 248.31312947373902 -1 -1 -1 -1 -1 -1 -1 -1 1 
128 1 Car -1.000000 -1 -1 444.34632573178953 172.03340046541933 482.64025395772387 208.7415100776626 -1 -1 -1 -1 -1 -1 -1 -1 1 
129 36 Car -1.000000 -1 -1 521.693792876967 184.73642269000263 558.1607466104305 222.2273182008806 -1 -1 -1 -1 -1 -1 -1 -1 1 
129 35 Car -1.000000 -1 -1 301.6752221125579 180.01714349217838 362.6021250873282 236.3329679747489 -1 -1 -1 -1 -1 -1 -1 -1 1 
129 32 Car -1.000000 -1 -1 495.4382291980936 181.22709199922195 530.1231905731639 213.39799639609032 -1 -1 -1 -1 -1 -1 -1 -1 1 
129 30 Car -1.000000 -1 -1 613.3241452322446 186.88384680168886 711.564662648991 255.62196257525514 -1 -1 -1 -1 -1 -1 -1 -1 1 
129 26 Car -1.000000 -1 -1 509.61578319186407 181.50298140832825 546.4748637744952 218.5716297694524 -1 -1 -1 -1 -1 -1 -1 -1 1 
129 24 Car -1.000000 -1 -1 710.2914871391247 188.32394905234892 844.8990898792802 283.11547791521593 -1 -1 -1 -1 -1 -1 -1 -1 1 
129 15 Car -1.000000 -1 -1 243.0916753278148 189.57714111040326 335.10867971294095 254.50758592323876 -1 -1 -1 -1 -1 -1 -1 -1 1 
129 1 Car -1.000000 -1 -1 434.7728755726958 173.48886911903764 472.35790900944886 210.00879580457894 -1 -1 -1 -1 -1 -1 -1 -1 1 
130 36 Car -1.000000 -1 -1 517.5583996197853 186.418332656148 558.1820614087623 227.63643269603776 -1 -1 -1 -1 -1 -1 -1 -1 1 
130 35 Car -1.000000 -1 -1 287.5902039771717 181.11268354723177 351.2877062039998 239.6564313318304 -1 -1 -1 -1 -1 -1 -1 -1 1 
130 32 Car -1.000000 -1 -1 485.53955924423747 182.41720591516284 516.9038857397984 214.08906545545304 -1 -1 -1 -1 -1 -1 -1 -1 1 
130 30 Car -1.000000 -1 -1 605.4872833492501 187.59291412569098 711.5274195318267 259.53996248389706 -1 -1 -1 -1 -1 -1 -1 -1 1 
130 26 Car -1.000000 -1 -1 499.92026048377323 183.35095731632538 535.8226168465765 220.28697538499387 -1 -1 -1 -1 -1 -1 -1 -1 1 
130 24 Car -1.000000 -1 -1 710.8558084430323 188.78218678340815 849.2517380892158 289.0749607814728 -1 -1 -1 -1 -1 -1 -1 -1 1 
130 15 Car -1.000000 -1 -1 220.78856255754093 192.60706243241478 319.8881671142666 260.29971936580586 -1 -1 -1 -1 -1 -1 -1 -1 1 
130 1 Car -1.000000 -1 -1 426.44058390223836 175.1222682623627 463.57678811966116 211.7873656679414 -1 -1 -1 -1 -1 -1 -1 -1 1 
131 35 Car -1.000000 -1 -1 275.2024753042847 183.4591632745422 344.1306916122601 245.09934747003476 -1 -1 -1 -1 -1 -1 -1 -1 1 
131 32 Car -1.000000 -1 -1 478.8067636210794 184.07384797355093 507.95295601541807 215.10572927271335 -1 -1 -1 -1 -1 -1 -1 -1 1 
131 30 Car -1.000000 -1 -1 600.2316210111591 188.62694234961788 713.2466593222515 263.6510052247637 -1 -1 -1 -1 -1 -1 -1 -1 1 
131 24 Car -1.000000 -1 -1 715.0946013199416 189.18696743661397 858.0588126362688 294.9728604382201 -1 -1 -1 -1 -1 -1 -1 -1 1 
131 15 Car -1.000000 -1 -1 202.10438803777794 196.64078888756916 307.2763775575169 267.44833793462203 -1 -1 -1 -1 -1 -1 -1 -1 1 
131 1 Car -1.000000 -1 -1 420.4305955159425 178.10833493972265 456.89066537852773 214.31506275566701 -1 -1 -1 -1 -1 -1 -1 -1 1 
132 38 Car -1.000000 -1 -1 493.7348005249917 187.34680054676383 531.0015109516648 226.5609854025893 -1 -1 -1 -1 -1 -1 -1 -1 1 
132 35 Car -1.000000 -1 -1 261.2519445772752 186.97769475340982 332.0427098191787 251.73584280306727 -1 -1 -1 -1 -1 -1 -1 -1 1 
132 30 Car -1.000000 -1 -1 598.7895337553931 189.81973007200156 719.4004869458237 268.0290947300486 -1 -1 -1 -1 -1 -1 -1 -1 1 
132 24 Car -1.000000 -1 -1 721.0274616222564 190.18945915003428 869.8813665167186 301.87561246678086 -1 -1 -1 -1 -1 -1 -1 -1 1 
132 15 Car -1.000000 -1 -1 183.38694773760722 200.08254239899418 295.9038206191056 273.62975356731755 -1 -1 -1 -1 -1 -1 -1 -1 1 
132 1 Car -1.000000 -1 -1 416.5057496738524 179.62248330089756 452.2096717404403 215.7852538738054 -1 -1 -1 -1 -1 -1 -1 -1 1 
133 40 Car -1.000000 -1 -1 551.4675654523353 181.9761956581377 613.3843364053287 243.93547601394303 -1 -1 -1 -1 -1 -1 -1 -1 1 
133 38 Car -1.000000 -1 -1 494.6314988105428 188.87695007036032 530.6174945723812 228.89968871293271 -1 -1 -1 -1 -1 -1 -1 -1 1 
133 37 Car -1.000000 -1 -1 466.34025080318935 184.31424764227293 491.5610702188025 208.74843146511282 -1 -1 -1 -1 -1 -1 -1 -1 1 
133 35 Car -1.000000 -1 -1 253.60887291685418 189.13117005840274 328.4605016356932 255.5856779639459 -1 -1 -1 -1 -1 -1 -1 -1 1 
133 30 Car -1.000000 -1 -1 598.8761210252723 190.825696432901 726.563605996616 272.1179482467872 -1 -1 -1 -1 -1 -1 -1 -1 1 
133 24 Car -1.000000 -1 -1 730.7476830215969 191.1811424803671 885.8275980831186 310.0093866925914 -1 -1 -1 -1 -1 -1 -1 -1 1 
133 15 Car -1.000000 -1 -1 166.03776253873386 203.58884428811558 286.36862104184553 281.41652404937025 -1 -1 -1 -1 -1 -1 -1 -1 1 
133 1 Car -1.000000 -1 -1 414.90148284486975 181.20502462706736 450.1296028272084 217.1292870903501 -1 -1 -1 -1 -1 -1 -1 -1 1 
134 40 Car -1.000000 -1 -1 548.1656603466 180.81482104595148 616.8264657254286 245.8299513790892 -1 -1 -1 -1 -1 -1 -1 -1 1 
134 38 Car -1.000000 -1 -1 492.8386683563132 188.51503814674174 524.7578048524769 227.1648256849764 -1 -1 -1 -1 -1 -1 -1 -1 1 
134 37 Car -1.000000 -1 -1 466.9255546183088 183.62744665991184 492.7257990098679 208.70276688333033 -1 -1 -1 -1 -1 -1 -1 -1 1 
134 35 Car -1.000000 -1 -1 246.97444331069903 189.34557567747052 324.0176956598814 257.37069182091045 -1 -1 -1 -1 -1 -1 -1 -1 1 
134 30 Car -1.000000 -1 -1 602.2772096826243 190.35962072859638 737.1502258740177 275.22346435620716 -1 -1 -1 -1 -1 -1 -1 -1 1 
134 24 Car -1.000000 -1 -1 744.9910844275533 191.17003632328397 906.9199711564851 318.04401066115645 -1 -1 -1 -1 -1 -1 -1 -1 1 
134 15 Car -1.000000 -1 -1 147.04789625146213 204.53670163070169 278.0254181074156 286.5826458656117 -1 -1 -1 -1 -1 -1 -1 -1 1 
135 40 Car -1.000000 -1 -1 548.3369517192424 179.1615407900667 623.2015505637545 246.98259895019933 -1 -1 -1 -1 -1 -1 -1 -1 1 
135 38 Car -1.000000 -1 -1 490.62569691348494 185.46001583732917 520.2822590746592 223.0083106281488 -1 -1 -1 -1 -1 -1 -1 -1 1 
135 37 Car -1.000000 -1 -1 470.04830754094246 180.7681521672161 495.2251603112612 205.72505648638025 -1 -1 -1 -1 -1 -1 -1 -1 1 
135 35 Car -1.000000 -1 -1 242.24878057966805 188.47214278052388 319.9143805819084 258.52544831680086 -1 -1 -1 -1 -1 -1 -1 -1 1 
135 30 Car -1.000000 -1 -1 608.7724194976098 188.8996059432198 750.9862671493332 278.68103551093407 -1 -1 -1 -1 -1 -1 -1 -1 1 
135 24 Car -1.000000 -1 -1 764.1851107726134 189.88085514158365 935.1072559561248 325.0779672587521 -1 -1 -1 -1 -1 -1 -1 -1 1 
135 15 Car -1.000000 -1 -1 132.940998606312 202.81590329716764 273.22452390976684 288.5507621893045 -1 -1 -1 -1 -1 -1 -1 -1 1 
136 42 Car -1.000000 -1 -1 311.93978641974246 187.19751279030606 344.1721038467221 234.52952372971322 -1 -1 -1 -1 -1 -1 -1 -1 1 
136 40 Car -1.000000 -1 -1 551.3477535464567 176.4631695661577 631.3822031193797 246.57041704943632 -1 -1 -1 -1 -1 -1 -1 -1 1 
136 38 Car -1.000000 -1 -1 494.0182384734057 181.95102490448207 523.5460589019247 218.9546902138297 -1 -1 -1 -1 -1 -1 -1 -1 1 
136 35 Car -1.000000 -1 -1 239.0358809369281 186.48852341025673 318.3678067510047 259.1375662528532 -1 -1 -1 -1 -1 -1 -1 -1 1 
136 30 Car -1.000000 -1 -1 616.0655556505483 186.62256958558748 767.5333853631093 281.61831458534124 -1 -1 -1 -1 -1 -1 -1 -1 1 
136 24 Car -1.000000 -1 -1 789.2575328459909 188.27482246775156 974.4894738853484 334.2662896112511 -1 -1 -1 -1 -1 -1 -1 -1 1 
136 15 Car -1.000000 -1 -1 119.39442739364058 201.9823481455668 269.43068989793545 292.12048499996644 -1 -1 -1 -1 -1 -1 -1 -1 1 
137 43 Car -1.000000 -1 -1 435.9995172568151 169.17773235826945 473.2738964359844 207.984779779833 -1 -1 -1 -1 -1 -1 -1 -1 1 
137 42 Car -1.000000 -1 -1 312.9244940128755 186.9319613975036 346.4986762031818 235.63479199000867 -1 -1 -1 -1 -1 -1 -1 -1 1 
137 40 Car -1.000000 -1 -1 557.5109012086068 173.44013895098269 642.6927270031424 245.55567526160397 -1 -1 -1 -1 -1 -1 -1 -1 1 
137 35 Car -1.000000 -1 -1 240.09343074795322 184.9072561852747 319.8752953999906 259.8183401868718 -1 -1 -1 -1 -1 -1 -1 -1 1 
137 30 Car -1.000000 -1 -1 625.699463359407 184.5155195022457 787.5519113389348 285.37015061173514 -1 -1 -1 -1 -1 -1 -1 -1 1 
137 24 Car -1.000000 -1 -1 820.9775400850779 186.57047313971572 1024.7060359740642 346.25780943393903 -1 -1 -1 -1 -1 -1 -1 -1 1 
137 15 Car -1.000000 -1 -1 106.51998495789559 201.66832324139986 267.2307269915087 296.59955519039363 -1 -1 -1 -1 -1 -1 -1 -1 1 
138 43 Car -1.000000 -1 -1 444.04031068438627 168.44107448716827 479.9703070940762 205.9971577321878 -1 -1 -1 -1 -1 -1 -1 -1 1 
138 40 Car -1.000000 -1 -1 566.5612790484901 171.9128764535798 657.1091004440144 246.2418142425594 -1 -1 -1 -1 -1 -1 -1 -1 1 
138 35 Car -1.000000 -1 -1 239.66311402867518 183.18685347209387 321.7377986103494 261.0846537690254 -1 -1 -1 -1 -1 -1 -1 -1 1 
138 30 Car -1.000000 -1 -1 639.2660011142078 183.60020435145918 812.4872054698977 290.48924318783975 -1 -1 -1 -1 -1 -1 -1 -1 1 
138 24 Car -1.000000 -1 -1 861.7623426956122 184.59690077032164 1089.657246909576 358.6080923156004 -1 -1 -1 -1 -1 -1 -1 -1 1 
138 15 Car -1.000000 -1 -1 93.65730647549896 200.94534397675199 265.5970290766596 300.4951300548501 -1 -1 -1 -1 -1 -1 -1 -1 1 
139 43 Car -1.000000 -1 -1 453.1129998583707 167.59742869874754 488.54594743918096 204.8470851470645 -1 -1 -1 -1 -1 -1 -1 -1 1 
139 40 Car -1.000000 -1 -1 575.9532179121948 171.35805164539997 671.0348684166636 248.72513348838905 -1 -1 -1 -1 -1 -1 -1 -1 1 
139 35 Car -1.000000 -1 -1 239.79719116485563 182.20546020544782 324.7721276058707 263.2069944365472 -1 -1 -1 -1 -1 -1 -1 -1 1 
139 30 Car -1.000000 -1 -1 653.3496965451384 184.06460301013934 839.7661262586473 297.4904128537358 -1 -1 -1 -1 -1 -1 -1 -1 1 
139 24 Car -1.000000 -1 -1 913.288765496751 181.3705907715518 1171.6908142590007 364.85875162737074 -1 -1 -1 -1 -1 -1 -1 -1 1 
139 15 Car -1.000000 -1 -1 81.69473498582825 201.20682098386249 264.8558453737076 306.93120034953876 -1 -1 -1 -1 -1 -1 -1 -1 1 
140 45 Car -1.000000 -1 -1 328.8039628646725 183.42793340081283 370.79893399786647 228.56451145393606 -1 -1 -1 -1 -1 -1 -1 -1 1 
140 43 Car -1.000000 -1 -1 462.11417367228347 167.59496068563735 496.75585021292903 204.5689042249754 -1 -1 -1 -1 -1 -1 -1 -1 1 
140 40 Car -1.000000 -1 -1 586.6269958937529 171.44674597118401 685.8003165086983 250.56540010446665 -1 -1 -1 -1 -1 -1 -1 -1 1 
140 35 Car -1.000000 -1 -1 238.0714660768203 181.9949115778502 327.1730558362438 266.09871226530424 -1 -1 -1 -1 -1 -1 -1 -1 1 
140 30 Car -1.000000 -1 -1 669.3204003163709 185.60397855722456 871.4904188061176 306.87380229607066 -1 -1 -1 -1 -1 -1 -1 -1 1 
140 24 Car -1.000000 -1 -1 954.6617216260469 181.06228851735375 1221.0953033927303 369.05818053765574 -1 -1 -1 -1 -1 -1 -1 -1 1 
140 15 Car -1.000000 -1 -1 63.21181340991514 201.49541148435313 260.99825750993614 312.8015341814852 -1 -1 -1 -1 -1 -1 -1 -1 1 
141 46 Car -1.000000 -1 -1 566.955504659871 180.5611175440801 613.4733884417996 236.54949954922813 -1 -1 -1 -1 -1 -1 -1 -1 1 
141 45 Car -1.000000 -1 -1 333.5740789899197 185.1272345773419 377.6920038450743 231.01044811570878 -1 -1 -1 -1 -1 -1 -1 -1 1 
141 43 Car -1.000000 -1 -1 471.6368076404373 168.9691709825907 506.18914647945286 205.25811623196478 -1 -1 -1 -1 -1 -1 -1 -1 1 
141 42 Car -1.000000 -1 -1 326.4638796440797 189.08687259815767 361.40648731275473 242.0368485360273 -1 -1 -1 -1 -1 -1 -1 -1 1 
141 40 Car -1.000000 -1 -1 597.9330386970661 173.0809898298041 701.8144446138914 255.62706248816605 -1 -1 -1 -1 -1 -1 -1 -1 1 
141 35 Car -1.000000 -1 -1 236.92231577550507 182.78583979342085 330.5221233290749 270.49482498499793 -1 -1 -1 -1 -1 -1 -1 -1 1 
141 30 Car -1.000000 -1 -1 687.4168464002304 187.94137989550666 908.7761300392177 319.3761219485982 -1 -1 -1 -1 -1 -1 -1 -1 1 
141 24 Car -1.000000 -1 -1 991.3432130078294 181.65007344218168 1249.6061336644118 372.0040804038231 -1 -1 -1 -1 -1 -1 -1 -1 1 
141 15 Car -1.000000 -1 -1 46.7130700453413 203.28272696566756 258.7622245787405 319.67716944269733 -1 -1 -1 -1 -1 -1 -1 -1 1 
142 46 Car -1.000000 -1 -1 577.9830277873922 181.7887324977565 626.3383411084063 238.68484158995605 -1 -1 -1 -1 -1 -1 -1 -1 1 
142 45 Car -1.000000 -1 -1 338.3635824338137 185.6896776659933 384.15720574806437 230.7323733521017 -1 -1 -1 -1 -1 -1 -1 -1 1 
142 43 Car -1.000000 -1 -1 481.1089103319321 169.69819173210493 515.8765640716947 205.93919824034253 -1 -1 -1 -1 -1 -1 -1 -1 1 
142 42 Car -1.000000 -1 -1 331.84352350419005 190.32133402528095 368.5241057554237 243.81365473102758 -1 -1 -1 -1 -1 -1 -1 -1 1 
142 40 Car -1.000000 -1 -1 609.3830728165738 174.14099849056782 718.0044537659005 258.89863123989113 -1 -1 -1 -1 -1 -1 -1 -1 1 
142 35 Car -1.000000 -1 -1 233.11547384822723 183.64138462585657 333.32448005611036 275.6650190818255 -1 -1 -1 -1 -1 -1 -1 -1 1 
142 30 Car -1.000000 -1 -1 706.3293378630261 190.76006335930768 951.7580403576131 333.81586903735035 -1 -1 -1 -1 -1 -1 -1 -1 1 
142 24 Car -1.000000 -1 -1 1036.6063513182198 184.9034595297295 1270.4620692160347 375.2723604506821 -1 -1 -1 -1 -1 -1 -1 -1 1 
142 15 Car -1.000000 -1 -1 25.5314208437362 205.51197938185715 254.04435773402832 328.4725296221634 -1 -1 -1 -1 -1 -1 -1 -1 1 
143 46 Car -1.000000 -1 -1 587.6979515282866 182.10657536505795 638.94923203632 241.10101513175118 -1 -1 -1 -1 -1 -1 -1 -1 1 
143 45 Car -1.000000 -1 -1 344.92795560078196 186.68633143206404 391.20651728517953 231.59536447095007 -1 -1 -1 -1 -1 -1 -1 -1 1 
143 43 Car -1.000000 -1 -1 490.47489549620195 171.40893497089456 524.6068613511488 206.28756608142214 -1 -1 -1 -1 -1 -1 -1 -1 1 
143 42 Car -1.000000 -1 -1 335.39973987938765 192.01887671382454 373.1626296630386 245.63098055011508 -1 -1 -1 -1 -1 -1 -1 -1 1 
143 40 Car -1.000000 -1 -1 621.5025285136599 175.086414520612 736.47122956567 261.9810008166911 -1 -1 -1 -1 -1 -1 -1 -1 1 
143 35 Car -1.000000 -1 -1 230.83355051802408 183.86392542270087 336.1618295226304 279.25084169730917 -1 -1 -1 -1 -1 -1 -1 -1 1 
143 30 Car -1.000000 -1 -1 730.2729410592897 194.45161837913471 1005.0334933018021 351.37434951238686 -1 -1 -1 -1 -1 -1 -1 -1 1 
143 15 Car -1.000000 -1 -1 10.50353049867806 207.4199020412222 251.8712375259517 336.8450004396396 -1 -1 -1 -1 -1 -1 -1 -1 1 
144 47 Car -1.000000 -1 -1 581.35307652824 181.78792614501634 621.573206283928 229.07041207922475 -1 -1 -1 -1 -1 -1 -1 -1 1 
144 46 Car -1.000000 -1 -1 597.170719388677 182.1822223644811 650.8316650991823 243.37292003373284 -1 -1 -1 -1 -1 -1 -1 -1 1 
144 45 Car -1.000000 -1 -1 351.0778279036769 186.98242867457918 397.8825669119761 231.3409200874322 -1 -1 -1 -1 -1 -1 -1 -1 1 
144 43 Car -1.000000 -1 -1 500.5337573191838 171.16818252847736 534.1657872906936 205.67540791955707 -1 -1 -1 -1 -1 -1 -1 -1 1 
144 42 Car -1.000000 -1 -1 338.05740064746294 193.26704753460865 377.37641358280086 248.65743165007433 -1 -1 -1 -1 -1 -1 -1 -1 1 
144 40 Car -1.000000 -1 -1 634.0799505592464 176.1111602187762 755.9763241197021 266.77112060565327 -1 -1 -1 -1 -1 -1 -1 -1 1 
144 35 Car -1.000000 -1 -1 228.5732486176314 183.30736900563875 339.3911239818675 282.1533286699007 -1 -1 -1 -1 -1 -1 -1 -1 1 
144 30 Car -1.000000 -1 -1 758.3698225171009 195.79990217238185 1066.5513395518688 363.6438359240061 -1 -1 -1 -1 -1 -1 -1 -1 1 
144 15 Car -1.000000 -1 -1 1.1011301377374139 208.65836471459875 249.66042228415844 344.6658849076565 -1 -1 -1 -1 -1 -1 -1 -1 1 
145 47 Car -1.000000 -1 -1 590.0791112212046 180.71884310800124 632.0627119167086 229.9131812148322 -1 -1 -1 -1 -1 -1 -1 -1 1 
145 46 Car -1.000000 -1 -1 607.5567431318532 181.10802016523076 663.7420354561339 244.48609131537404 -1 -1 -1 -1 -1 -1 -1 -1 1 
145 45 Car -1.000000 -1 -1 355.6563826716891 186.27899184791943 404.2718765136405 231.62407091543133 -1 -1 -1 -1 -1 -1 -1 -1 1 
145 43 Car -1.000000 -1 -1 509.7269568152872 170.74266386573956 543.0039390753097 204.5904882362137 -1 -1 -1 -1 -1 -1 -1 -1 1 
145 42 Car -1.000000 -1 -1 340.4367547957523 193.2791990892739 382.5613365207909 250.75398104835915 -1 -1 -1 -1 -1 -1 -1 -1 1 
145 40 Car -1.000000 -1 -1 646.9109070431767 175.8885424082416 776.6774684523729 270.90386597265376 -1 -1 -1 -1 -1 -1 -1 -1 1 
145 35 Car -1.000000 -1 -1 223.16645922573815 182.7489621770501 340.5137484797198 285.3547127944319 -1 -1 -1 -1 -1 -1 -1 -1 1 
145 30 Car -1.000000 -1 -1 791.6194708353684 194.9137845716666 1144.5659975220926 369.6884276498962 -1 -1 -1 -1 -1 -1 -1 -1 1 
145 15 Car -1.000000 -1 -1 -4.745789323509769 209.56177219195905 247.21552743840954 352.3036808731634 -1 -1 -1 -1 -1 -1 -1 -1 1 
146 47 Car -1.000000 -1 -1 598.4000755908265 179.98089078523844 641.1841893550978 230.2737285656434 -1 -1 -1 -1 -1 -1 -1 -1 1 
146 46 Car -1.000000 -1 -1 617.0875303125605 180.14380638306136 676.832732422988 245.4898062039577 -1 -1 -1 -1 -1 -1 -1 -1 1 
146 45 Car -1.000000 -1 -1 359.2832033435446 185.041625494743 409.6395481905267 231.56186439186294 -1 -1 -1 -1 -1 -1 -1 -1 1 
146 43 Car -1.000000 -1 -1 518.8362554286264 167.58352887466174 551.8242291282174 202.006346880683 -1 -1 -1 -1 -1 -1 -1 -1 1 
146 42 Car -1.000000 -1 -1 341.46181650060277 192.52967129808505 386.56752777989146 251.9956058283124 -1 -1 -1 -1 -1 -1 -1 -1 1 
146 40 Car -1.000000 -1 -1 659.204994818419 175.1221998391111 796.9837859458926 275.2791372212765 -1 -1 -1 -1 -1 -1 -1 -1 1 
146 35 Car -1.000000 -1 -1 214.7499715744601 181.7287518473853 340.33899737890954 288.7241710458531 -1 -1 -1 -1 -1 -1 -1 -1 1 
146 30 Car -1.000000 -1 -1 814.2644204358278 194.37024623063886 1198.8746152015185 372.6250727984084 -1 -1 -1 -1 -1 -1 -1 -1 1 
146 15 Car -1.000000 -1 -1 -9.410626769501732 211.1526703390391 241.76990653944708 361.5638527468798 -1 -1 -1 -1 -1 -1 -1 -1 1 
147 47 Car -1.000000 -1 -1 607.8294249835325 177.72912196385306 653.6374346172901 229.30586509748866 -1 -1 -1 -1 -1 -1 -1 -1 1 
147 46 Car -1.000000 -1 -1 629.5387970564279 178.46135558933307 692.6069980276209 246.59486855305866 -1 -1 -1 -1 -1 -1 -1 -1 1 
147 45 Car -1.000000 -1 -1 363.5178652858925 183.56345192267906 415.2472370561733 231.0433042105609 -1 -1 -1 -1 -1 -1 -1 -1 1 
147 42 Car -1.000000 -1 -1 341.1925328964495 190.76717323731157 389.4763236138783 252.6750915217914 -1 -1 -1 -1 -1 -1 -1 -1 1 
147 40 Car -1.000000 -1 -1 673.4070538705611 173.3134454784443 820.3107253804193 278.82527821430216 -1 -1 -1 -1 -1 -1 -1 -1 1 
147 35 Car -1.000000 -1 -1 203.86133985502 178.82070174203432 339.223703175223 289.9433871508418 -1 -1 -1 -1 -1 -1 -1 -1 1 
147 30 Car -1.000000 -1 -1 831.4736345715535 194.51076749927623 1230.2055932329479 374.0926187754608 -1 -1 -1 -1 -1 -1 -1 -1 1 
147 15 Car -1.000000 -1 -1 -12.910118129666444 210.42579704055592 233.31730501243615 366.5243470587503 -1 -1 -1 -1 -1 -1 -1 -1 1 
148 47 Car -1.000000 -1 -1 617.3043042874842 176.00358724713413 664.674792957552 228.9401618891248 -1 -1 -1 -1 -1 -1 -1 -1 1 
148 46 Car -1.000000 -1 -1 638.7754276527755 177.1421283205078 706.5146040429133 248.541101200297 -1 -1 -1 -1 -1 -1 -1 -1 1 
148 45 Car -1.000000 -1 -1 366.5028723941622 181.63852654370947 420.1002753426128 230.53810004129718 -1 -1 -1 -1 -1 -1 -1 -1 1 
148 42 Car -1.000000 -1 -1 340.25611886777784 189.3845478978718 391.93266875649425 253.55499636083454 -1 -1 -1 -1 -1 -1 -1 -1 1 
148 40 Car -1.000000 -1 -1 688.1222129326152 172.3241755720347 845.9072301993122 283.6502549527736 -1 -1 -1 -1 -1 -1 -1 -1 1 
148 35 Car -1.000000 -1 -1 189.9145363656083 176.82915628655098 337.4334436038638 292.6425449977227 -1 -1 -1 -1 -1 -1 -1 -1 1 
148 30 Car -1.000000 -1 -1 852.6901145099367 196.91520403146137 1250.4572512628563 375.7301049436278 -1 -1 -1 -1 -1 -1 -1 -1 1 
148 15 Car -1.000000 -1 -1 -16.15402183906616 209.6374864216499 221.4637344773984 369.49170598980265 -1 -1 -1 -1 -1 -1 -1 -1 1 
149 49 Car -1.000000 -1 -1 412.50745602908046 175.55374456039345 462.5769866111915 206.98344693347877 -1 -1 -1 -1 -1 -1 -1 -1 1 
149 47 Car -1.000000 -1 -1 623.3104837658186 174.5122283832233 675.0969035685484 226.4508523829803 -1 -1 -1 -1 -1 -1 -1 -1 1 
149 46 Car -1.000000 -1 -1 650.143697144862 176.72735978539347 723.6891168894385 251.93538676108253 -1 -1 -1 -1 -1 -1 -1 -1 1 
149 45 Car -1.000000 -1 -1 368.37466287925344 181.249009646805 423.8672026999366 231.63977555733175 -1 -1 -1 -1 -1 -1 -1 -1 1 
149 42 Car -1.000000 -1 -1 337.0618386905927 189.50671549196997 393.2295822430565 256.8403304865486 -1 -1 -1 -1 -1 -1 -1 -1 1 
149 40 Car -1.000000 -1 -1 702.7909085471545 172.51362252586856 873.7555440942299 291.2467536759928 -1 -1 -1 -1 -1 -1 -1 -1 1 
149 35 Car -1.000000 -1 -1 171.4232465681805 176.33612941424292 332.9506311685629 297.6989558602035 -1 -1 -1 -1 -1 -1 -1 -1 1 
149 30 Car -1.000000 -1 -1 883.1896743988816 203.46908958054527 1266.6834711952931 379.2128012479262 -1 -1 -1 -1 -1 -1 -1 -1 1 
149 15 Car -1.000000 -1 -1 -19.356569805696253 209.489048230819 205.70868890784448 370.8241662459494 -1 -1 -1 -1 -1 -1 -1 -1 1 
150 52 Car -1.000000 -1 -1 621.0878235464063 173.88042114130408 650.8434087975156 213.48430972664002 -1 -1 -1 -1 -1 -1 -1 -1 1 
150 47 Car -1.000000 -1 -1 632.8184532972467 177.8761374111217 684.1997292762309 232.1866931286583 -1 -1 -1 -1 -1 -1 -1 -1 1 
150 46 Car -1.000000 -1 -1 660.4136289979959 177.35360766848322 740.6947274067535 257.9692421321484 -1 -1 -1 -1 -1 -1 -1 -1 1 
150 45 Car -1.000000 -1 -1 370.3003604550797 182.38326642726813 427.4471886486465 234.52568047522632 -1 -1 -1 -1 -1 -1 -1 -1 1 
150 42 Car -1.000000 -1 -1 332.4354021484203 190.72513809948833 393.94696969244137 260.9952851789025 -1 -1 -1 -1 -1 -1 -1 -1 1 
150 40 Car -1.000000 -1 -1 718.9482347880919 173.75537005761012 904.890660002224 300.6459996535675 -1 -1 -1 -1 -1 -1 -1 -1 1 
150 35 Car -1.000000 -1 -1 149.09875582454646 177.9449000145766 326.56213144135694 306.506471366062 -1 -1 -1 -1 -1 -1 -1 -1 1 
150 30 Car -1.000000 -1 -1 923.4796841454481 224.9852311727701 1282.3467589148995 387.9928043860589 -1 -1 -1 -1 -1 -1 -1 -1 1 
150 15 Car -1.000000 -1 -1 -22.876636455129756 210.68102188440446 186.05576078487664 372.5285895417975 -1 -1 -1 -1 -1 -1 -1 -1 1 
151 52 Car -1.000000 -1 -1 627.7563435377917 175.02931830663303 657.9858326640012 214.3058225015998 -1 -1 -1 -1 -1 -1 -1 -1 1 
151 51 Car -1.000000 -1 -1 616.4218663034073 174.16644174606856 646.9800862320426 205.98954331945643 -1 -1 -1 -1 -1 -1 -1 -1 1 
151 47 Car -1.000000 -1 -1 643.1593936664035 180.3144354444555 696.1532835378528 237.8348799297612 -1 -1 -1 -1 -1 -1 -1 -1 1 
151 46 Car -1.000000 -1 -1 670.5177789577509 179.84057609961133 757.1985391954851 265.43049880098135 -1 -1 -1 -1 -1 -1 -1 -1 1 
151 45 Car -1.000000 -1 -1 370.9540126381672 184.10721854260441 429.85999929588445 237.82181575754947 -1 -1 -1 -1 -1 -1 -1 -1 1 
151 42 Car -1.000000 -1 -1 326.18232098620285 192.54065690331953 393.23106498698894 265.1411177864576 -1 -1 -1 -1 -1 -1 -1 -1 1 
151 40 Car -1.000000 -1 -1 735.6555468014651 177.0407597990436 939.9521822616389 313.5155904914728 -1 -1 -1 -1 -1 -1 -1 -1 1 
151 35 Car -1.000000 -1 -1 120.11183783603497 179.67337505701224 317.8233367682303 315.53104130082147 -1 -1 -1 -1 -1 -1 -1 -1 1 
151 15 Car -1.000000 -1 -1 -27.888598472145233 215.4583011511696 160.0216896004734 376.58954998152626 -1 -1 -1 -1 -1 -1 -1 -1 1 
152 51 Car -1.000000 -1 -1 623.4307993135526 176.09369209716797 656.0436098205926 208.6581038056551 -1 -1 -1 -1 -1 -1 -1 -1 1 
152 47 Car -1.000000 -1 -1 652.9282212525437 181.72431745917228 709.0182214678672 242.34035357510945 -1 -1 -1 -1 -1 -1 -1 -1 1 
152 46 Car -1.000000 -1 -1 680.5285140407502 182.2694108977411 773.7059399798111 270.5643904318431 -1 -1 -1 -1 -1 -1 -1 -1 1 
152 45 Car -1.000000 -1 -1 369.58990208164323 186.68125029632722 430.95424837001144 242.54817452228758 -1 -1 -1 -1 -1 -1 -1 -1 1 
152 42 Car -1.000000 -1 -1 318.0514387711594 195.678841356441 391.494557357329 272.38273422255685 -1 -1 -1 -1 -1 -1 -1 -1 1 
152 40 Car -1.000000 -1 -1 753.6829946677551 180.92298584977323 980.5170631657631 329.7004763465705 -1 -1 -1 -1 -1 -1 -1 -1 1 
152 35 Car -1.000000 -1 -1 82.14407246964244 182.9354862092131 305.42919770890575 328.2306566461839 -1 -1 -1 -1 -1 -1 -1 -1 1 
152 15 Car -1.000000 -1 -1 -32.79195284338323 220.8743657019428 128.46871384033568 380.1014133190704 -1 -1 -1 -1 -1 -1 -1 -1 1 
153 53 Car -1.000000 -1 -1 642.6925056361132 182.31941547307335 675.6027485767157 226.32432015726536 -1 -1 -1 -1 -1 -1 -1 -1 1 
153 51 Car -1.000000 -1 -1 629.3567483960045 177.69429906471905 663.9217071001407 211.53648074162098 -1 -1 -1 -1 -1 -1 -1 -1 1 
153 49 Car -1.000000 -1 -1 423.0634931241791 180.85377598183618 481.25735745261613 216.6938897881803 -1 -1 -1 -1 -1 -1 -1 -1 1 
153 47 Car -1.000000 -1 -1 660.8016135362201 183.29263521413014 719.9162109108319 247.03884913679053 -1 -1 -1 -1 -1 -1 -1 -1 1 
153 46 Car -1.000000 -1 -1 689.6405317190394 183.21015034613637 791.0724520160619 275.1928203897096 -1 -1 -1 -1 -1 -1 -1 -1 1 
153 45 Car -1.000000 -1 -1 367.8179144958616 188.79868275337083 431.58930991922205 246.6360045053322 -1 -1 -1 -1 -1 -1 -1 -1 1 
153 42 Car -1.000000 -1 -1 309.2499659635913 198.0851212046028 389.50293558894714 278.62104321076333 -1 -1 -1 -1 -1 -1 -1 -1 1 
153 40 Car -1.000000 -1 -1 773.6930688075815 183.4658473275255 1029.1914081762536 346.9126534330745 -1 -1 -1 -1 -1 -1 -1 -1 1 
153 35 Car -1.000000 -1 -1 40.00914660825386 185.81437305606187 292.68818115228567 343.49366273198757 -1 -1 -1 -1 -1 -1 -1 -1 1 
