0 1 Car -1.000000 -1 -1 892.4226698787195 206.16552800543025 1241.9633774845618 368.8482964574604 -1 -1 -1 -1 -1 -1 -1 -1 1 
1 1 Car -1.000000 -1 -1 881.4252028466663 201.51733088256753 1241.5792299626246 369.7251112709547 -1 -1 -1 -1 -1 -1 -1 -1 1 
2 2 Car -1.000000 -1 -1 1187.062500384637 330.58645660394905 1241.369140240363 373.6662899780822 -1 -1 -1 -1 -1 -1 -1 -1 1 
2 1 Car -1.000000 -1 -1 869.5308741631427 201.27226262815094 1239.3924235554985 371.61620670732106 -1 -1 -1 -1 -1 -1 -1 -1 1 
3 1 Car -1.000000 -1 -1 856.9339865737106 200.35985655663706 1237.2050311314383 372.6481339370214 -1 -1 -1 -1 -1 -1 -1 -1 1 
4 1 Car -1.000000 -1 -1 847.2453708893936 200.54078872253075 1236.2628449188164 373.9972883139446 -1 -1 -1 -1 -1 -1 -1 -1 1 
5 1 Car -1.000000 -1 -1 838.2907182608066 199.23189948909481 1236.2423406434718 373.8478814931395 -1 -1 -1 -1 -1 -1 -1 -1 1 
6 1 Car -1.000000 -1 -1 828.9950104243212 197.56754244690168 1236.6299202160749 373.8983240048285 -1 -1 -1 -1 -1 -1 -1 -1 1 
7 1 Car -1.000000 -1 -1 818.8305259774847 196.6321873056884 1234.1909517081604 373.6064470458631 -1 -1 -1 -1 -1 -1 -1 -1 1 
8 1 Car -1.000000 -1 -1 803.6470285805052 196.00724335128567 1213.3729553137837 373.09241569397443 -1 -1 -1 -1 -1 -1 -1 -1 1 
9 1 Car -1.000000 -1 -1 788.858294070443 194.6038961812458 1184.4677205558194 370.14249359525616 -1 -1 -1 -1 -1 -1 -1 -1 1 
10 1 Car -1.000000 -1 -1 776.8599834761407 191.84840734668677 1153.9451449044018 363.53039893091847 -1 -1 -1 -1 -1 -1 -1 -1 1 
11 1 Car -1.000000 -1 -1 767.867165352397 189.60906127888745 1124.3580988796568 355.41095202498366 -1 -1 -1 -1 -1 -1 -1 -1 1 
12 1 Car -1.000000 -1 -1 762.0561285983608 189.69254747735164 1096.5550767947846 348.889845276181 -1 -1 -1 -1 -1 -1 -1 -1 1 
13 1 Car -1.000000 -1 -1 758.1006659813469 188.03448183905192 1071.6079639494428 339.6689313832315 -1 -1 -1 -1 -1 -1 -1 -1 1 
14 1 Car -1.000000 -1 -1 754.7310175275165 188.1762630544334 1048.6762341421188 333.41259835236997 -1 -1 -1 -1 -1 -1 -1 -1 1 
15 1 Car -1.000000 -1 -1 752.7443881763343 188.94563978012349 1027.800479392998 327.449076232756 -1 -1 -1 -1 -1 -1 -1 -1 1 
16 3 Car -1.000000 -1 -1 134.43036424931415 182.00448183398876 210.6090899953715 215.707123958033 -1 -1 -1 -1 -1 -1 -1 -1 1 
16 1 Car -1.000000 -1 -1 750.9930959662361 188.75983669582934 1008.6368217254974 320.4250402368616 -1 -1 -1 -1 -1 -1 -1 -1 1 
17 3 Car -1.000000 -1 -1 117.09546096754933 182.15502548615152 196.26382432718867 217.13542220431052 -1 -1 -1 -1 -1 -1 -1 -1 1 
17 1 Car -1.000000 -1 -1 748.7473505667156 188.07167437835258 989.9236064429356 313.0183083058141 -1 -1 -1 -1 -1 -1 -1 -1 1 
18 4 Car -1.000000 -1 -1 175.88060221024355 182.44387972701747 231.0716395673824 211.21408639006415 -1 -1 -1 -1 -1 -1 -1 -1 1 
18 3 Car -1.000000 -1 -1 100.75794295714957 182.16539487826378 187.47193406582164 218.71585246047823 -1 -1 -1 -1 -1 -1 -1 -1 1 
18 1 Car -1.000000 -1 -1 745.6531977572239 187.32552580415148 971.8003092333507 306.7440851188423 -1 -1 -1 -1 -1 -1 -1 -1 1 
19 4 Car -1.000000 -1 -1 163.590836990633 183.56577877060658 220.80068422335503 212.64044491628817 -1 -1 -1 -1 -1 -1 -1 -1 1 
19 3 Car -1.000000 -1 -1 86.57843040117446 181.69582604642494 191.91484813231654 221.49341447534852 -1 -1 -1 -1 -1 -1 -1 -1 1 
19 1 Car -1.000000 -1 -1 743.884330203345 187.86849163177195 955.9224291563754 301.4396893381778 -1 -1 -1 -1 -1 -1 -1 -1 1 
20 4 Car -1.000000 -1 -1 147.68235499467352 182.8905753718166 208.68790134635265 213.77507599499566 -1 -1 -1 -1 -1 -1 -1 -1 1 
20 3 Car -1.000000 -1 -1 59.93393359083487 183.09397279825305 166.1685006627972 223.48951041912437 -1 -1 -1 -1 -1 -1 -1 -1 1 
20 1 Car -1.000000 -1 -1 741.4317852166648 188.06928329523447 940.5648240914425 296.1734027856772 -1 -1 -1 -1 -1 -1 -1 -1 1 
21 4 Car -1.000000 -1 -1 131.1134992141968 183.38553863807573 195.90446076260548 215.9984233973546 -1 -1 -1 -1 -1 -1 -1 -1 1 
21 3 Car -1.000000 -1 -1 35.85938989143585 184.2134360606314 144.12357399692158 225.53012987474006 -1 -1 -1 -1 -1 -1 -1 -1 1 
21 1 Car -1.000000 -1 -1 738.8218363208746 188.42661477324944 926.0860595548802 291.4596628290667 -1 -1 -1 -1 -1 -1 -1 -1 1 
22 4 Car -1.000000 -1 -1 114.13794907048873 184.78343488695188 183.7137708346359 219.0721085079579 -1 -1 -1 -1 -1 -1 -1 -1 1 
22 3 Car -1.000000 -1 -1 10.911633163016447 186.41565547106782 122.88375139961384 229.072699800126 -1 -1 -1 -1 -1 -1 -1 -1 1 
22 1 Car -1.000000 -1 -1 736.4312334389172 189.67541040561613 912.5890038464504 287.3693877090701 -1 -1 -1 -1 -1 -1 -1 -1 1 
23 4 Car -1.000000 -1 -1 93.8368308852211 185.07116156145094 166.72411315901087 220.7703839766117 -1 -1 -1 -1 -1 -1 -1 -1 1 
23 3 Car -1.000000 -1 -1 -6.170600573056241 188.08376109972733 102.02686185100762 231.6563393945999 -1 -1 -1 -1 -1 -1 -1 -1 1 
23 1 Car -1.000000 -1 -1 733.6673241241599 190.7092329467348 899.6864292851633 283.8064814296581 -1 -1 -1 -1 -1 -1 -1 -1 1 
24 3 Car -1.000000 -1 -1 -15.011571701573502 187.28890482701453 82.97492232657179 231.26271760154773 -1 -1 -1 -1 -1 -1 -1 -1 1 
24 1 Car -1.000000 -1 -1 731.4014273060588 190.28390715555418 887.8214897158387 278.7778909249445 -1 -1 -1 -1 -1 -1 -1 -1 1 
25 1 Car -1.000000 -1 -1 728.6637742217081 189.6572600124771 875.3140337150123 273.8606421042199 -1 -1 -1 -1 -1 -1 -1 -1 1 
26 1 Car -1.000000 -1 -1 724.111873268052 190.24268171754315 863.1866096072722 270.3936539526869 -1 -1 -1 -1 -1 -1 -1 -1 1 
27 5 Car -1.000000 -1 -1 1039.7513446034127 198.80190114752583 1241.5207191324594 371.40124906434147 -1 -1 -1 -1 -1 -1 -1 -1 1 
27 4 Car -1.000000 -1 -1 5.426200216366617 183.5836238836533 93.28614045803903 226.93703060164373 -1 -1 -1 -1 -1 -1 -1 -1 1 
27 1 Car -1.000000 -1 -1 721.293618270729 190.75591019227983 852.3149466821471 266.68861104332296 -1 -1 -1 -1 -1 -1 -1 -1 1 
28 5 Car -1.000000 -1 -1 1017.6857948226439 186.49444024268274 1239.6306911351894 372.98529526378746 -1 -1 -1 -1 -1 -1 -1 -1 1 
28 4 Car -1.000000 -1 -1 -7.847137234836708 185.06443946496086 75.65044672313925 229.09472992500264 -1 -1 -1 -1 -1 -1 -1 -1 1 
28 1 Car -1.000000 -1 -1 717.83848105724 191.89604737629662 840.836219714229 264.0440406612861 -1 -1 -1 -1 -1 -1 -1 -1 1 
29 5 Car -1.000000 -1 -1 991.2759380256731 179.41589054081635 1236.2033979344183 375.9228930288125 -1 -1 -1 -1 -1 -1 -1 -1 1 
29 4 Car -1.000000 -1 -1 -16.17393807622584 186.5103301005804 55.71118820062057 230.74840363711849 -1 -1 -1 -1 -1 -1 -1 -1 1 
29 1 Car -1.000000 -1 -1 713.5398446532053 192.9205747822692 829.4403409275116 261.43890586186217 -1 -1 -1 -1 -1 -1 -1 -1 1 
30 5 Car -1.000000 -1 -1 967.6827199351908 174.50284481893712 1234.165988293477 376.99989156832385 -1 -1 -1 -1 -1 -1 -1 -1 1 
30 1 Car -1.000000 -1 -1 709.8032241452311 192.91707878925655 818.51107067056 257.72150719550143 -1 -1 -1 -1 -1 -1 -1 -1 1 
31 5 Car -1.000000 -1 -1 950.0073009828965 171.59041224825916 1234.503480857382 377.4100110436513 -1 -1 -1 -1 -1 -1 -1 -1 1 
31 1 Car -1.000000 -1 -1 704.8563331241891 192.95745085920873 807.3253563883624 254.43974507226062 -1 -1 -1 -1 -1 -1 -1 -1 1 
32 5 Car -1.000000 -1 -1 927.7896324724599 170.14842860515085 1232.6749529942213 378.0375687699952 -1 -1 -1 -1 -1 -1 -1 -1 1 
32 1 Car -1.000000 -1 -1 699.9954614607146 193.18208336808428 796.0430973845602 251.2612837736347 -1 -1 -1 -1 -1 -1 -1 -1 1 
33 5 Car -1.000000 -1 -1 909.1257967319247 168.8954528338694 1232.6438901353547 378.11208549172545 -1 -1 -1 -1 -1 -1 -1 -1 1 
33 1 Car -1.000000 -1 -1 694.4476313724921 192.9239526310582 784.6836251176147 247.9806027178357 -1 -1 -1 -1 -1 -1 -1 -1 1 
34 5 Car -1.000000 -1 -1 890.6848232943221 167.9475201196796 1232.342630810756 378.28247797634396 -1 -1 -1 -1 -1 -1 -1 -1 1 
34 1 Car -1.000000 -1 -1 688.2484400473545 192.82952475186988 773.0131504202195 244.97860480213598 -1 -1 -1 -1 -1 -1 -1 -1 1 
35 5 Car -1.000000 -1 -1 870.9971970746134 166.73179536728918 1231.6411687843906 378.3121515801989 -1 -1 -1 -1 -1 -1 -1 -1 1 
35 1 Car -1.000000 -1 -1 682.5962952686561 192.91058665740067 761.8255918573975 241.93186885954285 -1 -1 -1 -1 -1 -1 -1 -1 1 
36 5 Car -1.000000 -1 -1 852.0341145495878 166.2440718187397 1231.1125687700646 378.1505384488447 -1 -1 -1 -1 -1 -1 -1 -1 1 
36 1 Car -1.000000 -1 -1 675.9849751434577 192.47901456795006 750.4492930886728 238.96719877296715 -1 -1 -1 -1 -1 -1 -1 -1 1 
37 5 Car -1.000000 -1 -1 835.534241594467 166.5421309381018 1232.6734970853981 377.93522818557915 -1 -1 -1 -1 -1 -1 -1 -1 1 
38 5 Car -1.000000 -1 -1 811.7952260760462 166.11245096016853 1219.21720881112 377.61300062682744 -1 -1 -1 -1 -1 -1 -1 -1 1 
39 5 Car -1.000000 -1 -1 783.2087837566705 166.06771266436505 1185.932176047959 377.50912639304653 -1 -1 -1 -1 -1 -1 -1 -1 1 
40 7 Car -1.000000 -1 -1 634.6790734796904 183.96717588120842 722.8564455186287 242.12607125535672 -1 -1 -1 -1 -1 -1 -1 -1 1 
40 5 Car -1.000000 -1 -1 757.7377567304093 167.4864871142961 1147.0130865589497 377.7413260532486 -1 -1 -1 -1 -1 -1 -1 -1 1 
41 7 Car -1.000000 -1 -1 627.5234741109582 184.22533744615225 713.2675025655287 240.8903790907833 -1 -1 -1 -1 -1 -1 -1 -1 1 
41 5 Car -1.000000 -1 -1 734.8061288743908 167.23439710934014 1105.633075045629 373.6385719837684 -1 -1 -1 -1 -1 -1 -1 -1 1 
42 7 Car -1.000000 -1 -1 621.0693867298168 185.3968388852504 703.9089029875307 240.4100714183302 -1 -1 -1 -1 -1 -1 -1 -1 1 
42 5 Car -1.000000 -1 -1 715.2505655215647 166.83979014320965 1065.370016133876 367.47728889120077 -1 -1 -1 -1 -1 -1 -1 -1 1 
43 7 Car -1.000000 -1 -1 613.9728960927965 184.6455449427832 694.5482865961523 238.50963760030294 -1 -1 -1 -1 -1 -1 -1 -1 1 
43 5 Car -1.000000 -1 -1 698.5945027007007 166.4484583125582 1027.2064393843668 359.8054628817282 -1 -1 -1 -1 -1 -1 -1 -1 1 
44 7 Car -1.000000 -1 -1 607.3316974812088 184.8908023624984 685.7399701618971 237.78574351968638 -1 -1 -1 -1 -1 -1 -1 -1 1 
44 5 Car -1.000000 -1 -1 683.7776133315263 165.99745356255346 991.0372931936683 352.36893618431895 -1 -1 -1 -1 -1 -1 -1 -1 1 
45 7 Car -1.000000 -1 -1 601.9985119230611 184.87041582803127 677.72366572835 236.43859805737523 -1 -1 -1 -1 -1 -1 -1 -1 1 
45 5 Car -1.000000 -1 -1 670.7049381046895 166.03810213663542 957.3786676671139 345.02944194491386 -1 -1 -1 -1 -1 -1 -1 -1 1 
46 7 Car -1.000000 -1 -1 596.5955816750096 185.2128129543983 669.5907025505943 235.5065941256868 -1 -1 -1 -1 -1 -1 -1 -1 1 
46 5 Car -1.000000 -1 -1 658.8788846243108 166.08499632322724 926.1377109316804 337.5376534799403 -1 -1 -1 -1 -1 -1 -1 -1 1 
47 7 Car -1.000000 -1 -1 590.7674361120854 186.00662875932468 661.9440326191001 235.20309238965623 -1 -1 -1 -1 -1 -1 -1 -1 1 
47 5 Car -1.000000 -1 -1 648.5677093505274 167.33793071618393 897.9467984713756 331.2466838980936 -1 -1 -1 -1 -1 -1 -1 -1 1 
48 7 Car -1.000000 -1 -1 585.66081782377 187.42154186708547 655.0264122864171 235.8253947449919 -1 -1 -1 -1 -1 -1 -1 -1 1 
48 5 Car -1.000000 -1 -1 638.7216627674411 169.1768219341834 871.589976777346 325.5823460269494 -1 -1 -1 -1 -1 -1 -1 -1 1 
49 7 Car -1.000000 -1 -1 581.095780384485 186.123667235747 648.4331009647705 233.5440060171827 -1 -1 -1 -1 -1 -1 -1 -1 1 
49 5 Car -1.000000 -1 -1 630.9851881388427 170.0216317084241 848.492894342972 319.37870715213205 -1 -1 -1 -1 -1 -1 -1 -1 1 
50 7 Car -1.000000 -1 -1 577.0608456233546 183.99183589961405 642.7552003209349 230.35810188574885 -1 -1 -1 -1 -1 -1 -1 -1 1 
50 5 Car -1.000000 -1 -1 623.9478682339209 169.6084365997725 827.0265717274042 312.47856863783284 -1 -1 -1 -1 -1 -1 -1 -1 1 
51 7 Car -1.000000 -1 -1 573.2988829697393 182.24386773595393 637.5344290470881 227.51292756597024 -1 -1 -1 -1 -1 -1 -1 -1 1 
51 5 Car -1.000000 -1 -1 616.9871841915741 167.99538290412215 807.1789865579059 304.55358386396233 -1 -1 -1 -1 -1 -1 -1 -1 1 
52 9 Car -1.000000 -1 -1 864.2588716147802 209.42561094327942 897.750083934385 233.92125613364476 -1 -1 -1 -1 -1 -1 -1 -1 1 
52 7 Car -1.000000 -1 -1 570.314318604526 181.0793199017997 632.6594698816763 225.14609349190465 -1 -1 -1 -1 -1 -1 -1 -1 1 
52 5 Car -1.000000 -1 -1 611.2855682912705 166.85698219270745 788.5915456576058 297.56636339421397 -1 -1 -1 -1 -1 -1 -1 -1 1 
53 9 Car -1.000000 -1 -1 882.9913138560416 211.97325278651923 919.6265319109218 237.62659860305726 -1 -1 -1 -1 -1 -1 -1 -1 1 
53 7 Car -1.000000 -1 -1 567.1668718955522 180.6089805038995 627.5538198247519 223.75749709541185 -1 -1 -1 -1 -1 -1 -1 -1 1 
53 5 Car -1.000000 -1 -1 606.2995889693128 166.71061923852156 772.9685482748922 291.47565989035405 -1 -1 -1 -1 -1 -1 -1 -1 1 
54 7 Car -1.000000 -1 -1 563.4392271798004 181.15426111787758 621.6393122149786 223.6433465135101 -1 -1 -1 -1 -1 -1 -1 -1 1 
54 5 Car -1.000000 -1 -1 601.1728508908375 167.00413372348964 758.0809657855427 286.56526181200195 -1 -1 -1 -1 -1 -1 -1 -1 1 
55 7 Car -1.000000 -1 -1 559.3774237727371 182.8411881193478 615.0394817084557 224.62630609110454 -1 -1 -1 -1 -1 -1 -1 -1 1 
55 5 Car -1.000000 -1 -1 595.9770234353065 169.426984125825 744.1473089221148 283.5442660062223 -1 -1 -1 -1 -1 -1 -1 -1 1 
56 14 Car -1.000000 -1 -1 239.44154370416808 181.3031214172555 281.287466833891 203.06084093219806 -1 -1 -1 -1 -1 -1 -1 -1 1 
56 7 Car -1.000000 -1 -1 556.707870650037 183.78295788276066 610.0480323649042 225.21163171618682 -1 -1 -1 -1 -1 -1 -1 -1 1 
56 5 Car -1.000000 -1 -1 591.2948451820624 171.8590921507744 731.5238740454259 280.49854136668773 -1 -1 -1 -1 -1 -1 -1 -1 1 
57 14 Car -1.000000 -1 -1 233.153717324922 182.0280412180224 276.24438469098646 204.2664567702413 -1 -1 -1 -1 -1 -1 -1 -1 1 
57 7 Car -1.000000 -1 -1 554.266451797618 184.30218955587011 604.9554836461311 225.1407577006016 -1 -1 -1 -1 -1 -1 -1 -1 1 
57 5 Car -1.000000 -1 -1 587.6536806177648 172.80398209250646 720.0002136176333 276.45314492226595 -1 -1 -1 -1 -1 -1 -1 -1 1 
58 14 Car -1.000000 -1 -1 228.33419349893558 181.49879056550137 271.841644153031 203.55988886248625 -1 -1 -1 -1 -1 -1 -1 -1 1 
58 7 Car -1.000000 -1 -1 553.5040392685154 183.9665051364818 602.8800270925027 224.19834907171904 -1 -1 -1 -1 -1 -1 -1 -1 1 
58 5 Car -1.000000 -1 -1 585.9070427615177 173.906674400224 710.1177723908215 273.00976998254635 -1 -1 -1 -1 -1 -1 -1 -1 1 
59 14 Car -1.000000 -1 -1 225.8426063509215 180.93382510340254 269.03807626632357 202.78588313939113 -1 -1 -1 -1 -1 -1 -1 -1 1 
59 7 Car -1.000000 -1 -1 552.937796043063 183.67232944283907 599.8305958272546 222.85665983751196 -1 -1 -1 -1 -1 -1 -1 -1 1 
59 5 Car -1.000000 -1 -1 582.9874492570317 173.25199960246593 700.7282950104112 268.77255620315304 -1 -1 -1 -1 -1 -1 -1 -1 1 
60 14 Car -1.000000 -1 -1 222.5173417988252 180.1259841958479 266.48784439809333 202.08135581316267 -1 -1 -1 -1 -1 -1 -1 -1 1 
60 7 Car -1.000000 -1 -1 552.8633281280336 183.98650168879897 597.7605634245556 222.39283182724387 -1 -1 -1 -1 -1 -1 -1 -1 1 
60 5 Car -1.000000 -1 -1 582.376810670773 174.56811079336478 693.8050216315062 266.55341998237924 -1 -1 -1 -1 -1 -1 -1 -1 1 
61 14 Car -1.000000 -1 -1 217.03769217299353 179.92199896942913 262.44572292190503 202.14987764152096 -1 -1 -1 -1 -1 -1 -1 -1 1 
61 7 Car -1.000000 -1 -1 552.3566590819183 184.2673142496125 595.5560071014619 221.77048313053953 -1 -1 -1 -1 -1 -1 -1 -1 1 
61 5 Car -1.000000 -1 -1 580.7543532470191 175.84945551191507 686.7115005339432 264.0598673493347 -1 -1 -1 -1 -1 -1 -1 -1 1 
62 14 Car -1.000000 -1 -1 211.88197978676186 179.62887423047988 258.02587770994916 201.95808610679444 -1 -1 -1 -1 -1 -1 -1 -1 1 
62 7 Car -1.000000 -1 -1 550.7188265329457 186.91275299774196 591.0829332776107 221.9800780966213 -1 -1 -1 -1 -1 -1 -1 -1 1 
62 5 Car -1.000000 -1 -1 579.5349708366645 177.81559139161416 680.0475398750883 262.0353157838166 -1 -1 -1 -1 -1 -1 -1 -1 1 
63 14 Car -1.000000 -1 -1 204.88237981501135 178.9977599877969 252.50262978925292 201.7404339979913 -1 -1 -1 -1 -1 -1 -1 -1 1 
63 7 Car -1.000000 -1 -1 549.723692122316 188.51554288624007 587.6967491875631 221.04380064092837 -1 -1 -1 -1 -1 -1 -1 -1 1 
63 5 Car -1.000000 -1 -1 575.9543410813035 178.7926600289583 672.0280942528238 259.69327279045285 -1 -1 -1 -1 -1 -1 -1 -1 1 
64 14 Car -1.000000 -1 -1 196.92529446301697 178.71037772241644 246.1571818938081 201.97720882842188 -1 -1 -1 -1 -1 -1 -1 -1 1 
64 7 Car -1.000000 -1 -1 548.0469056729124 189.14539741775238 583.0551876005446 219.52067980609732 -1 -1 -1 -1 -1 -1 -1 -1 1 
64 5 Car -1.000000 -1 -1 572.6958322648969 179.17413536894034 664.9154791397101 257.2618354830024 -1 -1 -1 -1 -1 -1 -1 -1 1 
65 14 Car -1.000000 -1 -1 187.2110912579012 180.282838633768 238.73445040422249 204.36139829423604 -1 -1 -1 -1 -1 -1 -1 -1 1 
65 7 Car -1.000000 -1 -1 546.6933649019186 190.35521975011437 580.2306857146782 219.66518040430122 -1 -1 -1 -1 -1 -1 -1 -1 1 
65 5 Car -1.000000 -1 -1 570.0394100452437 180.09336009191816 658.0544477666916 255.47003596020136 -1 -1 -1 -1 -1 -1 -1 -1 1 
66 14 Car -1.000000 -1 -1 178.3993610075044 182.97855706494147 232.16968324079738 207.871104568487 -1 -1 -1 -1 -1 -1 -1 -1 1 
66 7 Car -1.000000 -1 -1 544.481175607213 194.0048838733993 574.1137335713071 221.43257190046404 -1 -1 -1 -1 -1 -1 -1 -1 1 
66 5 Car -1.000000 -1 -1 567.9572608799083 182.8752029934902 651.9849334881699 255.5235933393566 -1 -1 -1 -1 -1 -1 -1 -1 1 
67 14 Car -1.000000 -1 -1 169.40380281137539 185.09925680477386 224.96838388163383 210.89446845828468 -1 -1 -1 -1 -1 -1 -1 -1 1 
67 7 Car -1.000000 -1 -1 544.244959724865 194.7612138147718 572.6560590093383 222.36278927930687 -1 -1 -1 -1 -1 -1 -1 -1 1 
67 5 Car -1.000000 -1 -1 565.4107432264279 184.8786356038574 645.8598834880595 255.33971214753507 -1 -1 -1 -1 -1 -1 -1 -1 1 
68 14 Car -1.000000 -1 -1 159.53257929097455 184.58114807453032 217.2461985374168 210.85651788016307 -1 -1 -1 -1 -1 -1 -1 -1 1 
68 7 Car -1.000000 -1 -1 543.3325908746004 193.37608333297706 570.3435355660325 220.83097926305604 -1 -1 -1 -1 -1 -1 -1 -1 1 
68 5 Car -1.000000 -1 -1 563.0825839600507 184.07781344341726 640.3689000187708 252.4631700417795 -1 -1 -1 -1 -1 -1 -1 -1 1 
69 14 Car -1.000000 -1 -1 148.30288925248885 180.6530567356293 208.943695884936 207.84385874380095 -1 -1 -1 -1 -1 -1 -1 -1 1 
69 7 Car -1.000000 -1 -1 542.4776679342319 189.94056603882564 568.881750088116 217.71855508874563 -1 -1 -1 -1 -1 -1 -1 -1 1 
69 5 Car -1.000000 -1 -1 560.8938434324111 181.6971302805393 635.5108907672582 247.4628226276446 -1 -1 -1 -1 -1 -1 -1 -1 1 
70 14 Car -1.000000 -1 -1 136.9454060902522 176.78380796199386 199.6658253139174 205.18887499880267 -1 -1 -1 -1 -1 -1 -1 -1 1 
70 7 Car -1.000000 -1 -1 540.1534483674875 188.7973978486557 563.7175881230614 214.57089357323395 -1 -1 -1 -1 -1 -1 -1 -1 1 
70 5 Car -1.000000 -1 -1 559.1951801536514 178.95389990142314 631.7194936590867 242.54733663592594 -1 -1 -1 -1 -1 -1 -1 -1 1 
71 5 Car -1.000000 -1 -1 556.8962519924712 178.73976962551566 627.0210777038756 239.66723940025483 -1 -1 -1 -1 -1 -1 -1 -1 1 
72 5 Car -1.000000 -1 -1 555.2434432529017 179.06632424372086 623.0024694736617 238.57907807115558 -1 -1 -1 -1 -1 -1 -1 -1 1 
73 5 Car -1.000000 -1 -1 553.2579007028469 180.71277195008915 619.2347052469263 238.5543519826501 -1 -1 -1 -1 -1 -1 -1 -1 1 
74 14 Car -1.000000 -1 -1 91.89545278796808 177.4412299130643 163.02335768601213 210.5881391372034 -1 -1 -1 -1 -1 -1 -1 -1 1 
74 5 Car -1.000000 -1 -1 552.5839714058728 181.8609154720485 616.8931065260196 238.24094242700178 -1 -1 -1 -1 -1 -1 -1 -1 1 
75 22 Car -1.000000 -1 -1 277.7587659522217 162.00374540350586 327.14998756595895 198.70210290876108 -1 -1 -1 -1 -1 -1 -1 -1 1 
75 14 Car -1.000000 -1 -1 76.28879154823801 177.62942795992615 152.40321750054957 210.98615361474452 -1 -1 -1 -1 -1 -1 -1 -1 1 
75 5 Car -1.000000 -1 -1 551.7291768871818 182.19432901834307 614.3790864984811 237.032088504873 -1 -1 -1 -1 -1 -1 -1 -1 1 
76 14 Car -1.000000 -1 -1 60.26821141254675 177.58081022493192 141.585812088518 211.21720665166376 -1 -1 -1 -1 -1 -1 -1 -1 1 
76 5 Car -1.000000 -1 -1 551.6176679628065 182.2666644709815 612.8660317655829 235.7653760023114 -1 -1 -1 -1 -1 -1 -1 -1 1 
77 14 Car -1.000000 -1 -1 44.4474073546014 177.51515359181357 130.82302122871212 211.6742014468633 -1 -1 -1 -1 -1 -1 -1 -1 1 
77 5 Car -1.000000 -1 -1 551.5326079136089 182.36224692160076 611.694120387094 234.62136293789868 -1 -1 -1 -1 -1 -1 -1 -1 1 
78 14 Car -1.000000 -1 -1 28.281628094285217 177.9469003880054 119.73327122312088 212.77908923500777 -1 -1 -1 -1 -1 -1 -1 -1 1 
78 5 Car -1.000000 -1 -1 552.0466802713258 183.50693501071794 611.2881462035473 234.6967689962172 -1 -1 -1 -1 -1 -1 -1 -1 1 
79 14 Car -1.000000 -1 -1 10.302176225917023 177.42508107264976 106.9363159640662 213.04397992808182 -1 -1 -1 -1 -1 -1 -1 -1 1 
79 5 Car -1.000000 -1 -1 552.6592821188628 183.44326010642664 610.9027390449282 233.50967620824093 -1 -1 -1 -1 -1 -1 -1 -1 1 
80 14 Car -1.000000 -1 -1 -1.041762048818839 176.7017516306439 96.00764896888633 213.03877316360013 -1 -1 -1 -1 -1 -1 -1 -1 1 
80 5 Car -1.000000 -1 -1 552.6750049603299 183.02447390016877 610.2881860091352 232.16956986005837 -1 -1 -1 -1 -1 -1 -1 -1 1 
81 24 Car -1.000000 -1 -1 179.07480734558249 154.44766811226478 259.34084124399084 203.76424114340526 -1 -1 -1 -1 -1 -1 -1 -1 1 
81 14 Car -1.000000 -1 -1 -7.305441605099091 175.8644201631515 86.32591238836233 212.74213581233758 -1 -1 -1 -1 -1 -1 -1 -1 1 
81 5 Car -1.000000 -1 -1 554.0456643368294 182.1151033572998 610.5945722415171 230.21829838281406 -1 -1 -1 -1 -1 -1 -1 -1 1 
82 24 Car -1.000000 -1 -1 154.88979746346936 153.11810913563488 242.9985594522441 206.4588803068694 -1 -1 -1 -1 -1 -1 -1 -1 1 
82 14 Car -1.000000 -1 -1 -11.537600886582133 176.16581946941668 75.48069021233863 213.92139939083276 -1 -1 -1 -1 -1 -1 -1 -1 1 
82 5 Car -1.000000 -1 -1 556.0683085677308 183.02808263149785 611.333937799154 230.65990443274558 -1 -1 -1 -1 -1 -1 -1 -1 1 
83 24 Car -1.000000 -1 -1 126.0058345743216 152.04304737668292 223.59240848058502 210.10975189858323 -1 -1 -1 -1 -1 -1 -1 -1 1 
83 14 Car -1.000000 -1 -1 -14.379213836365341 176.32039419802206 63.20557124682203 214.4621962580127 -1 -1 -1 -1 -1 -1 -1 -1 1 
83 5 Car -1.000000 -1 -1 558.0258736770031 183.50702018032874 611.8182195065829 229.9690889813584 -1 -1 -1 -1 -1 -1 -1 -1 1 
84 24 Car -1.000000 -1 -1 91.74198108994926 149.72169737773842 199.91986642237157 212.60252441160887 -1 -1 -1 -1 -1 -1 -1 -1 1 
84 14 Car -1.000000 -1 -1 -16.847231663993735 176.47215610673635 48.88025799263875 214.67151647513202 -1 -1 -1 -1 -1 -1 -1 -1 1 
84 5 Car -1.000000 -1 -1 560.1701098881816 184.727205846213 612.9182463409392 230.32671245879374 -1 -1 -1 -1 -1 -1 -1 -1 1 
85 24 Car -1.000000 -1 -1 50.18778286624489 146.6644001397438 171.03967863171687 214.52061819498277 -1 -1 -1 -1 -1 -1 -1 -1 1 
85 5 Car -1.000000 -1 -1 562.1738546987772 184.7918000561644 614.1783405547271 229.71521452499195 -1 -1 -1 -1 -1 -1 -1 -1 1 
86 24 Car -1.000000 -1 -1 9.047915775450448 143.62656056456606 140.36773933538086 216.07155924377864 -1 -1 -1 -1 -1 -1 -1 -1 1 
86 5 Car -1.000000 -1 -1 563.3185381365736 183.5048052374873 614.4167287132793 227.61164585748378 -1 -1 -1 -1 -1 -1 -1 -1 1 
87 24 Car -1.000000 -1 -1 -13.453160335899362 140.70107242150473 109.81168940509352 214.73743804870227 -1 -1 -1 -1 -1 -1 -1 -1 1 
87 5 Car -1.000000 -1 -1 564.2366491404035 181.4588491786053 614.3806731585431 224.8091667385404 -1 -1 -1 -1 -1 -1 -1 -1 1 
88 5 Car -1.000000 -1 -1 564.7457383032413 180.93999485378953 614.2183227425935 223.60316491850074 -1 -1 -1 -1 -1 -1 -1 -1 1 
89 5 Car -1.000000 -1 -1 565.620262789788 181.44108287164133 614.3049020056807 223.2660186183239 -1 -1 -1 -1 -1 -1 -1 -1 1 
90 5 Car -1.000000 -1 -1 565.7930799533434 180.72958225975705 613.9085582995716 222.231832615944 -1 -1 -1 -1 -1 -1 -1 -1 1 
91 5 Car -1.000000 -1 -1 565.8099099502916 180.6737568393793 612.8522438646165 221.0151043623438 -1 -1 -1 -1 -1 -1 -1 -1 1 
92 5 Car -1.000000 -1 -1 567.1037657570943 181.30050860072603 613.5537835268218 220.76226515862325 -1 -1 -1 -1 -1 -1 -1 -1 1 
93 5 Car -1.000000 -1 -1 567.9087581906382 181.11451207208336 612.9872310370216 219.63403774454088 -1 -1 -1 -1 -1 -1 -1 -1 1 
94 5 Car -1.000000 -1 -1 568.3756295740451 181.383085240387 612.8239063080183 219.36525563036878 -1 -1 -1 -1 -1 -1 -1 -1 1 
95 5 Car -1.000000 -1 -1 568.8112453034212 180.47031118301854 613.0389596642556 218.6792012770027 -1 -1 -1 -1 -1 -1 -1 -1 1 
96 5 Car -1.000000 -1 -1 569.3174880569012 179.77020415965896 613.0828708743364 217.54317705578964 -1 -1 -1 -1 -1 -1 -1 -1 1 
97 5 Car -1.000000 -1 -1 569.0397362025509 177.53872672397654 612.8232731621403 215.3807652782756 -1 -1 -1 -1 -1 -1 -1 -1 1 
98 5 Car -1.000000 -1 -1 569.1573018271192 177.30560922983216 612.706127597562 214.90492877843718 -1 -1 -1 -1 -1 -1 -1 -1 1 
99 5 Car -1.000000 -1 -1 569.4780214024651 179.12776803450367 612.4174978645202 216.56433062033796 -1 -1 -1 -1 -1 -1 -1 -1 1 
100 5 Car -1.000000 -1 -1 570.346331042146 181.80369998689537 612.7963651063083 218.62250291298943 -1 -1 -1 -1 -1 -1 -1 -1 1 
101 5 Car -1.000000 -1 -1 571.1822608271569 183.0959606852074 612.9295503196785 219.25310856686326 -1 -1 -1 -1 -1 -1 -1 -1 1 
102 5 Car -1.000000 -1 -1 571.9740460774101 183.62257084828715 612.6504528016312 219.1685889961539 -1 -1 -1 -1 -1 -1 -1 -1 1 
103 5 Car -1.000000 -1 -1 572.3538207118187 183.55890204365517 612.1075701623023 218.66962011250337 -1 -1 -1 -1 -1 -1 -1 -1 1 
104 5 Car -1.000000 -1 -1 573.7634575468484 183.45361819443477 611.1294408592679 214.92959753388587 -1 -1 -1 -1 -1 -1 -1 -1 1 
105 5 Car -1.000000 -1 -1 575.3921961830935 183.8328780479488 612.1986119464706 214.63885402143993 -1 -1 -1 -1 -1 -1 -1 -1 1 
106 5 Car -1.000000 -1 -1 575.9908268250609 183.20568571971174 611.1607346819793 213.19899508199515 -1 -1 -1 -1 -1 -1 -1 -1 1 
107 5 Car -1.000000 -1 -1 576.9023587786922 183.07216729864092 611.3532947660041 213.22542668009714 -1 -1 -1 -1 -1 -1 -1 -1 1 
108 5 Car -1.000000 -1 -1 577.7021553586319 182.53041302637232 611.7040812729663 212.62121572908623 -1 -1 -1 -1 -1 -1 -1 -1 1 
109 5 Car -1.000000 -1 -1 578.4990507879726 182.33494882455977 611.9830681418435 212.28599953370764 -1 -1 -1 -1 -1 -1 -1 -1 1 
110 5 Car -1.000000 -1 -1 579.6682284971358 182.01647865480092 612.2419232311148 211.3736819629759 -1 -1 -1 -1 -1 -1 -1 -1 1 
111 5 Car -1.000000 -1 -1 580.90059054052 181.9602397559593 612.4550867653871 210.61602101187825 -1 -1 -1 -1 -1 -1 -1 -1 1 
113 5 Car -1.000000 -1 -1 582.3609423692733 184.61359787122998 613.4060411346611 212.60109458480153 -1 -1 -1 -1 -1 -1 -1 -1 1 
114 5 Car -1.000000 -1 -1 583.3264576927487 186.71892401697897 613.9277570215376 214.28559029482443 -1 -1 -1 -1 -1 -1 -1 -1 1 
115 27 Car -1.000000 -1 -1 84.97455841195989 179.35286876697523 167.77781953599563 212.7750646249978 -1 -1 -1 -1 -1 -1 -1 -1 1 
115 5 Car -1.000000 -1 -1 584.4984891884535 187.19733598613598 615.4417777375297 214.9775670784738 -1 -1 -1 -1 -1 -1 -1 -1 1 
116 28 Car -1.000000 -1 -1 151.6030978425764 176.99554105778284 220.87704686259372 207.91500100044536 -1 -1 -1 -1 -1 -1 -1 -1 1 
116 27 Car -1.000000 -1 -1 64.39628658572462 178.5365367487204 151.8472971273373 212.59510933578972 -1 -1 -1 -1 -1 -1 -1 -1 1 
116 5 Car -1.000000 -1 -1 585.143283406325 186.16281893947988 615.9675767464489 214.0194514431178 -1 -1 -1 -1 -1 -1 -1 -1 1 
117 28 Car -1.000000 -1 -1 136.39653444689532 175.36072204476508 209.76985309317712 207.08367182727156 -1 -1 -1 -1 -1 -1 -1 -1 1 
117 27 Car -1.000000 -1 -1 42.62410670798916 176.4896157606849 135.6059646609625 211.85769161297742 -1 -1 -1 -1 -1 -1 -1 -1 1 
117 5 Car -1.000000 -1 -1 585.2328075661527 183.7869183857739 615.7040877405224 211.0620804911066 -1 -1 -1 -1 -1 -1 -1 -1 1 
118 28 Car -1.000000 -1 -1 119.8275142968942 175.17908238359644 197.87802170169482 207.70892645397566 -1 -1 -1 -1 -1 -1 -1 -1 1 
118 27 Car -1.000000 -1 -1 18.997082098390244 176.18549287507602 117.2924898557063 213.01083350126135 -1 -1 -1 -1 -1 -1 -1 -1 1 
118 5 Car -1.000000 -1 -1 585.1861467129937 183.0072899595212 615.5427291798154 210.129787752428 -1 -1 -1 -1 -1 -1 -1 -1 1 
119 28 Car -1.000000 -1 -1 101.7391407450427 177.1018771411334 186.0430043065692 210.67550192922096 -1 -1 -1 -1 -1 -1 -1 -1 1 
119 27 Car -1.000000 -1 -1 0.0732416976012118 178.0273354096078 101.4473033724926 216.1626097986343 -1 -1 -1 -1 -1 -1 -1 -1 1 
120 27 Car -1.000000 -1 -1 -10.244772393808034 180.57426593170692 85.51567689211302 219.44221105888346 -1 -1 -1 -1 -1 -1 -1 -1 1 
123 30 Car -1.000000 -1 -1 580.278521201385 179.35615915064568 620.0455934094039 213.7122264530214 -1 -1 -1 -1 -1 -1 -1 -1 1 
124 31 Car -1.000000 -1 -1 97.60505871495543 178.08294985934305 180.2637847404916 212.09133738228104 -1 -1 -1 -1 -1 -1 -1 -1 1 
124 30 Car -1.000000 -1 -1 580.662273431356 179.84200614807975 620.0283000886943 213.77689490224446 -1 -1 -1 -1 -1 -1 -1 -1 1 
125 31 Car -1.000000 -1 -1 77.3279565449856 179.01850653798152 165.66067856931832 213.72634922084148 -1 -1 -1 -1 -1 -1 -1 -1 1 
125 30 Car -1.000000 -1 -1 580.6302886545703 183.15868411956907 618.9934952431237 215.5934176761484 -1 -1 -1 -1 -1 -1 -1 -1 1 
126 31 Car -1.000000 -1 -1 53.98853825780968 179.42985902350503 149.98477906032053 216.07722846179988 -1 -1 -1 -1 -1 -1 -1 -1 1 
126 30 Car -1.000000 -1 -1 581.1153190371446 183.8197362378388 619.0558977479476 215.80076213075978 -1 -1 -1 -1 -1 -1 -1 -1 1 
127 33 Car -1.000000 -1 -1 -6.480390045347532 185.57812061196566 34.10762043208409 216.15156537403712 -1 -1 -1 -1 -1 -1 -1 -1 1 
127 31 Car -1.000000 -1 -1 27.26083255249504 179.9638725990486 127.44461700172519 217.36529023854575 -1 -1 -1 -1 -1 -1 -1 -1 1 
127 30 Car -1.000000 -1 -1 581.9489511167129 182.94676114982818 619.7034025648455 214.1849998710874 -1 -1 -1 -1 -1 -1 -1 -1 1 
128 31 Car -1.000000 -1 -1 4.687292977833337 179.9017618071923 111.6527849118351 218.60405423464098 -1 -1 -1 -1 -1 -1 -1 -1 1 
128 30 Car -1.000000 -1 -1 582.3535603409131 181.38146475024928 620.2881486960074 212.51040905537633 -1 -1 -1 -1 -1 -1 -1 -1 1 
129 31 Car -1.000000 -1 -1 -7.81674290439458 179.64176377778995 96.64391425821813 218.57173552073175 -1 -1 -1 -1 -1 -1 -1 -1 1 
129 30 Car -1.000000 -1 -1 582.0607969392192 179.52553472355896 620.8041627705081 211.21602544728108 -1 -1 -1 -1 -1 -1 -1 -1 1 
130 31 Car -1.000000 -1 -1 -14.820717282109698 180.7360428685057 79.3280661346529 218.91298247458616 -1 -1 -1 -1 -1 -1 -1 -1 1 
130 30 Car -1.000000 -1 -1 582.7266892768205 177.79397058500567 621.9661174336586 210.6654161917315 -1 -1 -1 -1 -1 -1 -1 -1 1 
131 31 Car -1.000000 -1 -1 -19.414451246573172 181.57139273839553 59.08492662029541 218.5695573045247 -1 -1 -1 -1 -1 -1 -1 -1 1 
131 30 Car -1.000000 -1 -1 583.0496917754234 177.12273452864403 622.4261835683382 210.71225789373298 -1 -1 -1 -1 -1 -1 -1 -1 1 
132 30 Car -1.000000 -1 -1 583.9424238667079 177.36972726419185 623.2213983342829 210.92969771624587 -1 -1 -1 -1 -1 -1 -1 -1 1 
133 30 Car -1.000000 -1 -1 584.7124703356578 177.69098479123275 623.9564382427066 211.26568060805724 -1 -1 -1 -1 -1 -1 -1 -1 1 
134 30 Car -1.000000 -1 -1 585.6867836293228 176.57203005783734 624.6295072258555 210.08388028369714 -1 -1 -1 -1 -1 -1 -1 -1 1 
135 30 Car -1.000000 -1 -1 586.8370353219042 175.90529299929838 625.2397231640033 208.9640637860227 -1 -1 -1 -1 -1 -1 -1 -1 1 
136 30 Car -1.000000 -1 -1 587.7490460666066 175.26886498524087 625.6323504631631 207.49233757265338 -1 -1 -1 -1 -1 -1 -1 -1 1 
137 30 Car -1.000000 -1 -1 588.6186136926876 172.40273992150176 626.6493246218768 204.9209341470942 -1 -1 -1 -1 -1 -1 -1 -1 1 
138 30 Car -1.000000 -1 -1 589.072734113538 170.84612214337452 627.3725557433327 203.53532021783073 -1 -1 -1 -1 -1 -1 -1 -1 1 
139 30 Car -1.000000 -1 -1 589.1338367204953 173.65567074978838 627.6445321000017 206.0788813492146 -1 -1 -1 -1 -1 -1 -1 -1 1 
140 30 Car -1.000000 -1 -1 588.8624674296909 178.49758263487877 627.733922625564 210.76848926429676 -1 -1 -1 -1 -1 -1 -1 -1 1 
141 30 Car -1.000000 -1 -1 588.7491527658215 180.03627061621611 627.9346797185331 212.84027444404725 -1 -1 -1 -1 -1 -1 -1 -1 1 
142 30 Car -1.000000 -1 -1 587.8345643007854 179.7409774736043 627.9544620046088 212.29958318728103 -1 -1 -1 -1 -1 -1 -1 -1 1 
143 30 Car -1.000000 -1 -1 587.7057277230654 179.24555983366355 627.7017787174841 211.87008847130312 -1 -1 -1 -1 -1 -1 -1 -1 1 
