0 1 Car -1.000000 -1 -1 1055.4855965609752 157.2203372668125 1181.2623282437123 208.94001734744532 -1 -1 -1 -1 -1 -1 -1 -1 1 
1 1 Car -1.000000 -1 -1 1055.963756083894 157.26887275150037 1181.9528752207477 209.12127153111 -1 -1 -1 -1 -1 -1 -1 -1 1 
2 1 Car -1.000000 -1 -1 1057.2194585026184 157.09954323688928 1183.7224792583168 209.03673127784558 -1 -1 -1 -1 -1 -1 -1 -1 1 
3 1 Car -1.000000 -1 -1 1057.1512069304192 157.21266395742026 1180.882030796791 208.5957818635752 -1 -1 -1 -1 -1 -1 -1 -1 1 
4 1 Car -1.000000 -1 -1 1059.58207374257 157.07354798660128 1184.7212544592137 208.84357170568688 -1 -1 -1 -1 -1 -1 -1 -1 1 
5 1 Car -1.000000 -1 -1 1061.2362612429201 157.26628191213214 1188.0071185713887 209.33800002168655 -1 -1 -1 -1 -1 -1 -1 -1 1 
6 2 Car -1.000000 -1 -1 481.44919732881726 165.5693299576578 527.9357490802289 193.96606924472607 -1 -1 -1 -1 -1 -1 -1 -1 1 
6 1 Car -1.000000 -1 -1 1062.9895123006802 157.81084838360732 1190.2754736422391 210.07544284504598 -1 -1 -1 -1 -1 -1 -1 -1 1 
7 1 Car -1.000000 -1 -1 1067.332057987464 158.18128775163163 1197.1591842417106 210.99435396185893 -1 -1 -1 -1 -1 -1 -1 -1 1 
8 1 Car -1.000000 -1 -1 1070.4920845919883 159.01072771715835 1200.2022713609545 212.1326688861209 -1 -1 -1 -1 -1 -1 -1 -1 1 
9 1 Car -1.000000 -1 -1 1073.9623974427968 159.30402745176184 1202.6154213096138 212.5763000290571 -1 -1 -1 -1 -1 -1 -1 -1 1 
10 1 Car -1.000000 -1 -1 1078.8454172440604 159.24508364179135 1205.1018774333181 212.43453642199538 -1 -1 -1 -1 -1 -1 -1 -1 1 
11 1 Car -1.000000 -1 -1 1085.0497995501003 158.9987638846226 1209.2967879157075 212.7565742521767 -1 -1 -1 -1 -1 -1 -1 -1 1 
12 3 Car -1.000000 -1 -1 484.9115883260875 166.8468302718092 530.5159272867489 196.37898718964271 -1 -1 -1 -1 -1 -1 -1 -1 1 
12 1 Car -1.000000 -1 -1 1092.2663388180524 158.7710010963621 1214.857035135429 212.8148062544367 -1 -1 -1 -1 -1 -1 -1 -1 1 
13 1 Car -1.000000 -1 -1 1100.7436206003933 159.07305822323255 1220.7495624562318 213.3093287031783 -1 -1 -1 -1 -1 -1 -1 -1 1 
14 1 Car -1.000000 -1 -1 1109.922556277516 159.27267193754173 1225.4637996673328 213.36036252922796 -1 -1 -1 -1 -1 -1 -1 -1 1 
15 1 Car -1.000000 -1 -1 1119.929032249412 158.9780986477676 1227.9032143134482 213.01002367808277 -1 -1 -1 -1 -1 -1 -1 -1 1 
16 1 Car -1.000000 -1 -1 1133.4335216845004 158.71008536336828 1231.7281298102323 212.24138967486326 -1 -1 -1 -1 -1 -1 -1 -1 1 
17 1 Car -1.000000 -1 -1 1148.5517852615108 158.56434873317448 1234.678396448835 211.34987673009078 -1 -1 -1 -1 -1 -1 -1 -1 1 
21 4 Car -1.000000 -1 -1 509.60380203310103 164.11138766709144 552.7391725640863 196.00550106385532 -1 -1 -1 -1 -1 -1 -1 -1 1 
22 4 Car -1.000000 -1 -1 513.1282413424434 163.02445276085993 557.1443895315809 195.28390790573823 -1 -1 -1 -1 -1 -1 -1 -1 1 
23 5 Car -1.000000 -1 -1 1161.5563658865706 161.30590107127864 1222.5187212987855 218.46644554825627 -1 -1 -1 -1 -1 -1 -1 -1 1 
23 4 Car -1.000000 -1 -1 516.4730629798617 162.79486659499273 560.9522000518061 195.40506752291637 -1 -1 -1 -1 -1 -1 -1 -1 1 
24 5 Car -1.000000 -1 -1 1171.5147709640326 163.32048599638784 1229.752834573407 219.10171916302204 -1 -1 -1 -1 -1 -1 -1 -1 1 
24 4 Car -1.000000 -1 -1 519.7383215572122 163.62590622562138 564.2859928005464 196.5243796283597 -1 -1 -1 -1 -1 -1 -1 -1 1 
25 5 Car -1.000000 -1 -1 1183.1485897289517 170.76134783288737 1232.8727041209818 220.13585415779372 -1 -1 -1 -1 -1 -1 -1 -1 1 
25 4 Car -1.000000 -1 -1 523.9510422423454 163.38000753931064 570.5849401568913 197.70468372161108 -1 -1 -1 -1 -1 -1 -1 -1 1 
26 4 Car -1.000000 -1 -1 526.9196667611865 163.0334606519238 575.9942528547314 198.23346363988816 -1 -1 -1 -1 -1 -1 -1 -1 1 
27 4 Car -1.000000 -1 -1 528.9533561539456 162.42736326479704 579.150794794009 197.91510080868474 -1 -1 -1 -1 -1 -1 -1 -1 1 
28 4 Car -1.000000 -1 -1 530.2442680548129 162.24985871104136 582.1785154001548 198.42496232043467 -1 -1 -1 -1 -1 -1 -1 -1 1 
29 4 Car -1.000000 -1 -1 529.3925537160615 163.04784821213832 582.2128680783746 199.5475702455687 -1 -1 -1 -1 -1 -1 -1 -1 1 
30 4 Car -1.000000 -1 -1 527.0769043818542 164.85224485976678 579.9394747906341 201.79483750927747 -1 -1 -1 -1 -1 -1 -1 -1 1 
31 4 Car -1.000000 -1 -1 522.9702359614016 166.41456507455942 576.8082398253009 203.66895549360467 -1 -1 -1 -1 -1 -1 -1 -1 1 
32 4 Car -1.000000 -1 -1 516.552803919109 167.22556197404725 571.0100319037456 204.7561673146463 -1 -1 -1 -1 -1 -1 -1 -1 1 
33 4 Car -1.000000 -1 -1 507.3637540445226 166.76664924807315 561.2043208612569 204.76259059919553 -1 -1 -1 -1 -1 -1 -1 -1 1 
34 4 Car -1.000000 -1 -1 496.23972102852554 166.58235564250515 548.5774544322485 205.2504284945058 -1 -1 -1 -1 -1 -1 -1 -1 1 
35 4 Car -1.000000 -1 -1 486.0930046405747 166.12360908243315 540.3365226273695 206.016102854156 -1 -1 -1 -1 -1 -1 -1 -1 1 
36 4 Car -1.000000 -1 -1 472.0123916457678 166.81433028384967 525.8760520642254 207.9435532633951 -1 -1 -1 -1 -1 -1 -1 -1 1 
37 4 Car -1.000000 -1 -1 456.3857642791088 167.3067719667575 510.08370612691704 209.48653136549692 -1 -1 -1 -1 -1 -1 -1 -1 1 
38 4 Car -1.000000 -1 -1 440.3794008108169 167.0140995835779 495.01068761246523 210.5932735390578 -1 -1 -1 -1 -1 -1 -1 -1 1 
39 4 Car -1.000000 -1 -1 421.80051371226455 165.8683948805041 477.11438927067456 210.54928299728343 -1 -1 -1 -1 -1 -1 -1 -1 1 
40 4 Car -1.000000 -1 -1 402.29660179740483 164.4357483929374 459.1291907862159 210.72913143985966 -1 -1 -1 -1 -1 -1 -1 -1 1 
41 7 Car -1.000000 -1 -1 1139.1325508233379 156.80519575723454 1219.8608436379925 230.5324988173306 -1 -1 -1 -1 -1 -1 -1 -1 1 
41 4 Car -1.000000 -1 -1 380.5857800451368 164.91424330793592 439.35313345258993 213.7104293660925 -1 -1 -1 -1 -1 -1 -1 -1 1 
42 7 Car -1.000000 -1 -1 1121.2747558841093 156.54436567862223 1217.362626900916 233.48872581053564 -1 -1 -1 -1 -1 -1 -1 -1 1 
42 4 Car -1.000000 -1 -1 356.52044838250254 166.66898155983512 417.5590262647265 218.12873840533865 -1 -1 -1 -1 -1 -1 -1 -1 1 
43 7 Car -1.000000 -1 -1 1100.9238069717112 156.20991738929632 1214.7537056928663 235.27038196697634 -1 -1 -1 -1 -1 -1 -1 -1 1 
43 4 Car -1.000000 -1 -1 328.15250183347223 168.5559115608159 392.4665840859752 222.66743123676156 -1 -1 -1 -1 -1 -1 -1 -1 1 
44 7 Car -1.000000 -1 -1 1077.4461057341243 157.62663313195384 1212.0377517067552 237.6880647707681 -1 -1 -1 -1 -1 -1 -1 -1 1 
44 4 Car -1.000000 -1 -1 296.26249332729003 169.33201085485015 364.7792963823463 226.72637568709357 -1 -1 -1 -1 -1 -1 -1 -1 1 
45 7 Car -1.000000 -1 -1 1049.584253716667 159.90672265552118 1203.4124245527366 239.83172367651858 -1 -1 -1 -1 -1 -1 -1 -1 1 
45 4 Car -1.000000 -1 -1 284.93434233453024 165.45218385063134 346.4103424236497 218.7756576193102 -1 -1 -1 -1 -1 -1 -1 -1 1 
46 7 Car -1.000000 -1 -1 1014.5738380340067 161.45087509747106 1178.2049877861082 240.09550398746944 -1 -1 -1 -1 -1 -1 -1 -1 1 
47 7 Car -1.000000 -1 -1 977.3249577510115 163.19174186474208 1145.296820619328 240.39092059881972 -1 -1 -1 -1 -1 -1 -1 -1 1 
48 14 Car -1.000000 -1 -1 79.22670651318967 172.74643890996816 199.67375089459867 261.80114196936097 -1 -1 -1 -1 -1 -1 -1 -1 1 
48 7 Car -1.000000 -1 -1 937.8353611979368 164.68014297937793 1106.2450672418365 240.0150432849623 -1 -1 -1 -1 -1 -1 -1 -1 1 
49 14 Car -1.000000 -1 -1 9.035209173835 172.27487707853487 147.27331953528935 270.1951129048178 -1 -1 -1 -1 -1 -1 -1 -1 1 
49 7 Car -1.000000 -1 -1 898.0241871403044 164.55882676017552 1065.743563987871 238.44197261171655 -1 -1 -1 -1 -1 -1 -1 -1 1 
50 14 Car -1.000000 -1 -1 -21.914106560872668 175.79380686348105 101.8782002571652 273.487170187925 -1 -1 -1 -1 -1 -1 -1 -1 1 
50 7 Car -1.000000 -1 -1 857.305238685391 162.65706890525897 1023.2252414233619 235.7213043296559 -1 -1 -1 -1 -1 -1 -1 -1 1 
51 7 Car -1.000000 -1 -1 818.6505502131054 160.63458834296614 981.4581310286994 233.0453147454832 -1 -1 -1 -1 -1 -1 -1 -1 1 
52 7 Car -1.000000 -1 -1 781.9359983302107 159.08402002877165 941.2292749881648 230.7779267791832 -1 -1 -1 -1 -1 -1 -1 -1 1 
53 7 Car -1.000000 -1 -1 746.1435715362364 157.97453862780452 901.5506110835732 228.8693848455211 -1 -1 -1 -1 -1 -1 -1 -1 1 
54 7 Car -1.000000 -1 -1 709.8463154991861 157.4217278545595 862.6154925292311 227.88355249462603 -1 -1 -1 -1 -1 -1 -1 -1 1 
55 7 Car -1.000000 -1 -1 672.3975640880258 158.12138833868863 823.3074480200489 228.72688943825125 -1 -1 -1 -1 -1 -1 -1 -1 1 
56 7 Car -1.000000 -1 -1 635.2097878628725 159.4101508665583 784.5077573929897 230.55748668599466 -1 -1 -1 -1 -1 -1 -1 -1 1 
57 7 Car -1.000000 -1 -1 596.7947425384457 160.87386428870923 745.1522619788057 232.68400898787297 -1 -1 -1 -1 -1 -1 -1 -1 1 
58 7 Car -1.000000 -1 -1 557.5457771283343 163.39609653096284 706.1937985056054 236.0203827838244 -1 -1 -1 -1 -1 -1 -1 -1 1 
59 7 Car -1.000000 -1 -1 515.5798033032258 165.28078747320205 666.0079254066911 238.86170309949853 -1 -1 -1 -1 -1 -1 -1 -1 1 
60 7 Car -1.000000 -1 -1 472.5418290811758 165.78244232485991 625.0135832434182 240.55021395358602 -1 -1 -1 -1 -1 -1 -1 -1 1 
61 7 Car -1.000000 -1 -1 426.42886138776885 165.19721855831716 582.088044141514 242.06666032635286 -1 -1 -1 -1 -1 -1 -1 -1 1 
62 7 Car -1.000000 -1 -1 375.75552423063857 164.46153909099934 538.1698464326284 244.2396087654763 -1 -1 -1 -1 -1 -1 -1 -1 1 
63 27 Car -1.000000 -1 -1 1040.4828617765722 186.1996381105398 1156.4766050365472 284.6985839705324 -1 -1 -1 -1 -1 -1 -1 -1 1 
63 7 Car -1.000000 -1 -1 321.5536978256679 164.12033375939382 491.44593443745885 246.96486996386733 -1 -1 -1 -1 -1 -1 -1 -1 1 
64 32 Car -1.000000 -1 -1 989.7790984242586 187.8697359969717 1076.6020015394176 242.3342995832245 -1 -1 -1 -1 -1 -1 -1 -1 1 
64 27 Car -1.000000 -1 -1 998.7687491129269 189.74764407324187 1119.3623729684455 286.61660272762526 -1 -1 -1 -1 -1 -1 -1 -1 1 
64 7 Car -1.000000 -1 -1 262.6070828466022 163.47894740705442 443.12850596228066 250.1095874277059 -1 -1 -1 -1 -1 -1 -1 -1 1 
65 32 Car -1.000000 -1 -1 948.0287691072634 188.48545257943522 1035.802915496457 244.73894882606993 -1 -1 -1 -1 -1 -1 -1 -1 1 
65 27 Car -1.000000 -1 -1 964.2138122999634 191.5388744331077 1096.8629378021417 290.120114179832 -1 -1 -1 -1 -1 -1 -1 -1 1 
65 7 Car -1.000000 -1 -1 197.13257641851985 162.65648040677732 392.17475566176574 254.1671990034201 -1 -1 -1 -1 -1 -1 -1 -1 1 
66 32 Car -1.000000 -1 -1 909.5948844076665 187.35890276676452 998.3452896025694 244.85216281811904 -1 -1 -1 -1 -1 -1 -1 -1 1 
66 27 Car -1.000000 -1 -1 928.3138158404213 192.1061482796618 1068.1887095758943 291.1788737458914 -1 -1 -1 -1 -1 -1 -1 -1 1 
66 7 Car -1.000000 -1 -1 124.23038067214705 162.11443245775962 337.02565337991416 259.3753062121916 -1 -1 -1 -1 -1 -1 -1 -1 1 
67 32 Car -1.000000 -1 -1 876.7629124623868 183.62739681262812 966.5584866111553 242.5791764242721 -1 -1 -1 -1 -1 -1 -1 -1 1 
67 27 Car -1.000000 -1 -1 894.7156061335852 189.4047583806264 1036.597883880331 289.0092713656975 -1 -1 -1 -1 -1 -1 -1 -1 1 
67 7 Car -1.000000 -1 -1 45.58163152068009 162.21238287588093 280.82272867605104 267.0063408526683 -1 -1 -1 -1 -1 -1 -1 -1 1 
68 32 Car -1.000000 -1 -1 848.2705525334952 180.24345503589817 938.5164193143103 240.91316091019107 -1 -1 -1 -1 -1 -1 -1 -1 1 
68 27 Car -1.000000 -1 -1 870.4984273366808 186.44891513390613 1018.9292448423571 286.7248294154302 -1 -1 -1 -1 -1 -1 -1 -1 1 
68 7 Car -1.000000 -1 -1 -1.6600673881053183 162.05657794494988 236.90122258271094 273.0975960874613 -1 -1 -1 -1 -1 -1 -1 -1 1 
69 32 Car -1.000000 -1 -1 824.6401850186281 178.20444279229352 916.558354835464 240.36342914076974 -1 -1 -1 -1 -1 -1 -1 -1 1 
69 27 Car -1.000000 -1 -1 848.8024284685304 185.55111060429948 1004.0017272966512 288.29138516573346 -1 -1 -1 -1 -1 -1 -1 -1 1 
69 7 Car -1.000000 -1 -1 -28.40506487119123 156.47792710794644 195.72817695273378 269.52851387471264 -1 -1 -1 -1 -1 -1 -1 -1 1 
70 32 Car -1.000000 -1 -1 806.0632318420255 177.6802559782887 899.3888285966325 242.04675451405035 -1 -1 -1 -1 -1 -1 -1 -1 1 
70 27 Car -1.000000 -1 -1 833.6831532428795 185.41189867089295 997.4287028357759 291.36024759010536 -1 -1 -1 -1 -1 -1 -1 -1 1 
70 7 Car -1.000000 -1 -1 -44.97696648135427 152.2497919605462 153.24707887338343 267.7023069840454 -1 -1 -1 -1 -1 -1 -1 -1 1 
71 32 Car -1.000000 -1 -1 791.3176664856214 178.12997428232674 886.8811514139979 246.44461118385587 -1 -1 -1 -1 -1 -1 -1 -1 1 
71 27 Car -1.000000 -1 -1 825.933995040739 185.95840496022208 999.6128339919245 296.6288769743514 -1 -1 -1 -1 -1 -1 -1 -1 1 
71 7 Car -1.000000 -1 -1 -56.26454018183465 155.5820098566601 105.8993091891319 272.8563517829251 -1 -1 -1 -1 -1 -1 -1 -1 1 
72 54 Car -1.000000 -1 -1 738.1916925475407 173.42010356660444 789.8378251358995 218.32689599341762 -1 -1 -1 -1 -1 -1 -1 -1 1 
72 32 Car -1.000000 -1 -1 779.9053453667483 178.72759625432695 879.0747369783154 251.24596733292833 -1 -1 -1 -1 -1 -1 -1 -1 1 
72 27 Car -1.000000 -1 -1 820.7273371723043 187.76015867084422 1006.6644830579928 303.505571020682 -1 -1 -1 -1 -1 -1 -1 -1 1 
73 57 Car -1.000000 -1 -1 416.86545293063955 171.7593020155967 474.8110938330351 207.282054190145 -1 -1 -1 -1 -1 -1 -1 -1 1 
73 54 Car -1.000000 -1 -1 726.1404798861379 177.4661565577479 778.668884650117 222.9612112825756 -1 -1 -1 -1 -1 -1 -1 -1 1 
73 32 Car -1.000000 -1 -1 771.0166942501023 179.61879287801764 874.2656462884806 256.0707714036807 -1 -1 -1 -1 -1 -1 -1 -1 1 
73 27 Car -1.000000 -1 -1 816.7947182114292 191.1267524190819 1016.4883343027191 313.9277581681444 -1 -1 -1 -1 -1 -1 -1 -1 1 
74 57 Car -1.000000 -1 -1 393.03691060182206 172.58160695605523 454.09354442978594 209.26001097271416 -1 -1 -1 -1 -1 -1 -1 -1 1 
74 54 Car -1.000000 -1 -1 717.0398098473773 178.32783252623352 769.6448631855768 223.92577369554004 -1 -1 -1 -1 -1 -1 -1 -1 1 
74 32 Car -1.000000 -1 -1 765.260531507651 181.24325852820755 873.6411729288825 262.29611559937314 -1 -1 -1 -1 -1 -1 -1 -1 1 
74 27 Car -1.000000 -1 -1 818.1248895342584 194.00504989785946 1035.653387352768 325.4314558462797 -1 -1 -1 -1 -1 -1 -1 -1 1 
75 57 Car -1.000000 -1 -1 370.74922055563405 171.99070013335395 435.43884643899906 210.18379374115997 -1 -1 -1 -1 -1 -1 -1 -1 1 
75 54 Car -1.000000 -1 -1 710.0724587640276 178.2748228363948 762.286433850834 223.99132189558932 -1 -1 -1 -1 -1 -1 -1 -1 1 
75 32 Car -1.000000 -1 -1 763.8940844119272 181.61873718999155 877.3570514656708 266.8820371457582 -1 -1 -1 -1 -1 -1 -1 -1 1 
75 27 Car -1.000000 -1 -1 822.9717519371194 196.24724180890357 1061.5190834446776 337.8743033525129 -1 -1 -1 -1 -1 -1 -1 -1 1 
76 57 Car -1.000000 -1 -1 347.36074667367564 171.94130090827292 416.1611448010094 212.71590643192576 -1 -1 -1 -1 -1 -1 -1 -1 1 
76 54 Car -1.000000 -1 -1 703.7844815756589 178.4875921582219 756.4855898689286 224.72406132605607 -1 -1 -1 -1 -1 -1 -1 -1 1 
76 32 Car -1.000000 -1 -1 762.3623922856211 182.30310190853544 881.0823683816745 272.36674355836976 -1 -1 -1 -1 -1 -1 -1 -1 1 
76 27 Car -1.000000 -1 -1 832.4078641209079 198.73476309368453 1098.8145739786364 352.28375716409477 -1 -1 -1 -1 -1 -1 -1 -1 1 
77 66 Car -1.000000 -1 -1 527.4004877635087 176.35249086210607 555.7317805197844 194.63536908964718 -1 -1 -1 -1 -1 -1 -1 -1 1 
77 65 Car -1.000000 -1 -1 670.8430513462206 177.8234639153452 696.491056964986 204.36149408957846 -1 -1 -1 -1 -1 -1 -1 -1 1 
77 57 Car -1.000000 -1 -1 323.3844197705107 172.43663406818348 396.63036413847044 216.03029197636 -1 -1 -1 -1 -1 -1 -1 -1 1 
77 54 Car -1.000000 -1 -1 698.3807599148482 178.8385156895874 751.8239787943161 225.93952512882706 -1 -1 -1 -1 -1 -1 -1 -1 1 
77 32 Car -1.000000 -1 -1 761.8171667933967 182.65521434391678 888.0751524891856 277.8844717453578 -1 -1 -1 -1 -1 -1 -1 -1 1 
77 27 Car -1.000000 -1 -1 844.075621654992 199.90342149268395 1142.1357218326953 363.19255584447956 -1 -1 -1 -1 -1 -1 -1 -1 1 
78 66 Car -1.000000 -1 -1 516.2558157803657 177.19998612143243 545.2696691572145 196.05574251813377 -1 -1 -1 -1 -1 -1 -1 -1 1 
78 65 Car -1.000000 -1 -1 665.0533491543914 178.0589690556649 691.8514893548326 205.86101994048883 -1 -1 -1 -1 -1 -1 -1 -1 1 
78 57 Car -1.000000 -1 -1 298.1339332527069 173.46210406307205 376.4547578854326 219.94206237443012 -1 -1 -1 -1 -1 -1 -1 -1 1 
78 54 Car -1.000000 -1 -1 694.933064933519 179.12846251673608 749.1123284108938 227.16854511944803 -1 -1 -1 -1 -1 -1 -1 -1 1 
78 32 Car -1.000000 -1 -1 764.601335435146 183.6732115584093 899.1834160557353 284.0320140454285 -1 -1 -1 -1 -1 -1 -1 -1 1 
78 27 Car -1.000000 -1 -1 854.3846481019573 200.70573348749053 1179.131571155797 368.65838983596075 -1 -1 -1 -1 -1 -1 -1 -1 1 
79 66 Car -1.000000 -1 -1 506.99588639365857 177.0041445166909 537.374304906416 196.00027740759444 -1 -1 -1 -1 -1 -1 -1 -1 1 
79 65 Car -1.000000 -1 -1 661.3584514932055 176.97728651035732 690.6579924476072 206.76890699889555 -1 -1 -1 -1 -1 -1 -1 -1 1 
79 57 Car -1.000000 -1 -1 272.4824536251162 173.57281859847103 356.65003604237273 223.0812426712289 -1 -1 -1 -1 -1 -1 -1 -1 1 
79 54 Car -1.000000 -1 -1 689.7803927435591 178.31377336614443 746.685795522207 227.98632252806007 -1 -1 -1 -1 -1 -1 -1 -1 1 
79 32 Car -1.000000 -1 -1 771.6813059450428 184.21633478667883 920.3850804410301 290.67116076829603 -1 -1 -1 -1 -1 -1 -1 -1 1 
79 27 Car -1.000000 -1 -1 862.7453519630653 201.51199295695807 1203.017929218755 370.84069844008224 -1 -1 -1 -1 -1 -1 -1 -1 1 
80 66 Car -1.000000 -1 -1 498.3948552258866 176.04148631554617 530.3315375498348 195.47824649675854 -1 -1 -1 -1 -1 -1 -1 -1 1 
80 57 Car -1.000000 -1 -1 246.4035161075875 172.96191146079445 337.3078895312118 225.24979776746892 -1 -1 -1 -1 -1 -1 -1 -1 1 
80 32 Car -1.000000 -1 -1 779.8496862412115 183.78919723023216 946.83478941945 296.62742341671554 -1 -1 -1 -1 -1 -1 -1 -1 1 
80 27 Car -1.000000 -1 -1 874.1269669906768 203.06088142777168 1219.2787080199946 372.57029192322653 -1 -1 -1 -1 -1 -1 -1 -1 1 
81 66 Car -1.000000 -1 -1 489.61244398472616 174.65132410711985 523.0196593968808 194.3830709087064 -1 -1 -1 -1 -1 -1 -1 -1 1 
81 57 Car -1.000000 -1 -1 217.9630018032826 172.13662073870202 316.0152752860571 227.68875758396015 -1 -1 -1 -1 -1 -1 -1 -1 1 
81 32 Car -1.000000 -1 -1 788.9195626730458 182.9355035313726 977.0423060067777 303.2553796994747 -1 -1 -1 -1 -1 -1 -1 -1 1 
81 27 Car -1.000000 -1 -1 892.6019859096472 206.6735712370094 1231.8214867407166 374.1537393601846 -1 -1 -1 -1 -1 -1 -1 -1 1 
82 68 Car -1.000000 -1 -1 692.9975430801601 176.62800941046066 757.4049164126125 232.0429295486805 -1 -1 -1 -1 -1 -1 -1 -1 1 
82 66 Car -1.000000 -1 -1 479.3785379056194 174.24848047063966 513.1446863387768 194.32733705551027 -1 -1 -1 -1 -1 -1 -1 -1 1 
82 57 Car -1.000000 -1 -1 185.55673782764057 171.48799095394577 293.4763858929546 231.0106580061106 -1 -1 -1 -1 -1 -1 -1 -1 1 
82 32 Car -1.000000 -1 -1 800.0702081182885 184.05795060349254 1012.1428407758701 312.7518293962664 -1 -1 -1 -1 -1 -1 -1 -1 1 
82 27 Car -1.000000 -1 -1 921.4924954700118 213.45971218537005 1243.4091541510447 376.5445573308063 -1 -1 -1 -1 -1 -1 -1 -1 1 
83 68 Car -1.000000 -1 -1 692.0382117995107 176.38264286312568 759.0740199332552 232.6919654968637 -1 -1 -1 -1 -1 -1 -1 -1 1 
83 66 Car -1.000000 -1 -1 471.5175761724732 174.68337478096288 505.42156150614943 194.80876178210843 -1 -1 -1 -1 -1 -1 -1 -1 1 
83 65 Car -1.000000 -1 -1 648.6245110921529 175.71729844755077 674.4545657868632 205.36949668679557 -1 -1 -1 -1 -1 -1 -1 -1 1 
83 57 Car -1.000000 -1 -1 150.4884378131646 171.11335974369325 268.27336420206757 234.28686926419346 -1 -1 -1 -1 -1 -1 -1 -1 1 
83 54 Car -1.000000 -1 -1 678.0782314544563 175.16853992159818 727.102059659341 218.96238877728226 -1 -1 -1 -1 -1 -1 -1 -1 1 
83 32 Car -1.000000 -1 -1 813.7543554362886 185.88829871801533 1052.2430306646647 325.2459550752352 -1 -1 -1 -1 -1 -1 -1 -1 1 
84 69 Car -1.000000 -1 -1 670.4502981898361 175.80061095994665 694.8184403474145 211.69468749015454 -1 -1 -1 -1 -1 -1 -1 -1 1 
84 68 Car -1.000000 -1 -1 695.2144122861083 176.21809667094345 762.8337277227937 233.78253925726193 -1 -1 -1 -1 -1 -1 -1 -1 1 
84 66 Car -1.000000 -1 -1 461.74371024203356 174.92266979434686 497.17547007802773 195.68667364200866 -1 -1 -1 -1 -1 -1 -1 -1 1 
84 65 Car -1.000000 -1 -1 647.316658095674 175.52737226618308 673.1668244817997 205.5754827858737 -1 -1 -1 -1 -1 -1 -1 -1 1 
84 57 Car -1.000000 -1 -1 111.058331975988 171.6585205130317 240.6548246254498 239.4774654030631 -1 -1 -1 -1 -1 -1 -1 -1 1 
84 54 Car -1.000000 -1 -1 678.3211109801687 175.4965914049104 725.7735973989618 219.38372506165737 -1 -1 -1 -1 -1 -1 -1 -1 1 
84 32 Car -1.000000 -1 -1 831.5219349382253 186.91056776004558 1104.6186693668014 340.4827665866507 -1 -1 -1 -1 -1 -1 -1 -1 1 
85 69 Car -1.000000 -1 -1 669.5487636064769 174.09349737575994 695.577015802958 211.39187401841994 -1 -1 -1 -1 -1 -1 -1 -1 1 
85 68 Car -1.000000 -1 -1 698.9969969995414 175.4185575734257 767.7311955730568 234.15410135739012 -1 -1 -1 -1 -1 -1 -1 -1 1 
85 66 Car -1.000000 -1 -1 454.19655561350044 174.89016108671504 491.04180799507924 196.09608571586503 -1 -1 -1 -1 -1 -1 -1 -1 1 
85 65 Car -1.000000 -1 -1 646.9633377006746 174.63904759293825 673.236760736165 205.42904222015352 -1 -1 -1 -1 -1 -1 -1 -1 1 
85 57 Car -1.000000 -1 -1 65.6801911969795 171.88921009393175 210.5394505347768 245.0559919226249 -1 -1 -1 -1 -1 -1 -1 -1 1 
85 54 Car -1.000000 -1 -1 679.5330960711578 175.0980356744066 726.1217518226074 219.81219909215005 -1 -1 -1 -1 -1 -1 -1 -1 1 
85 32 Car -1.000000 -1 -1 851.7152750917428 186.4675736321843 1164.5041008299388 355.2141484618137 -1 -1 -1 -1 -1 -1 -1 -1 1 
86 69 Car -1.000000 -1 -1 668.7917640077611 173.67345146739058 695.5584300883585 211.5037839596073 -1 -1 -1 -1 -1 -1 -1 -1 1 
86 68 Car -1.000000 -1 -1 702.946890331468 175.6452556832441 773.8846478145724 236.44571465680303 -1 -1 -1 -1 -1 -1 -1 -1 1 
86 66 Car -1.000000 -1 -1 446.34293700024625 175.01544134282184 484.4257921999596 196.53308509400406 -1 -1 -1 -1 -1 -1 -1 -1 1 
86 65 Car -1.000000 -1 -1 647.538262052061 174.52426312597828 673.276525724447 205.47394548333438 -1 -1 -1 -1 -1 -1 -1 -1 1 
86 57 Car -1.000000 -1 -1 18.114372076397714 172.6591087363019 179.2361386941933 252.05351692239896 -1 -1 -1 -1 -1 -1 -1 -1 1 
86 54 Car -1.000000 -1 -1 681.7572284309297 175.00004640241008 728.384714289534 221.0085497493962 -1 -1 -1 -1 -1 -1 -1 -1 1 
86 32 Car -1.000000 -1 -1 864.0029197356794 185.77614066405673 1197.7419728426407 362.49034663964323 -1 -1 -1 -1 -1 -1 -1 -1 1 
87 69 Car -1.000000 -1 -1 670.9529355202255 174.88856539881928 697.4255165077805 213.13386714291002 -1 -1 -1 -1 -1 -1 -1 -1 1 
87 68 Car -1.000000 -1 -1 706.3175016482805 175.80898108395672 781.3427679102733 239.60130427111625 -1 -1 -1 -1 -1 -1 -1 -1 1 
87 66 Car -1.000000 -1 -1 438.24439929565057 176.09619383479728 477.88880662386345 198.77799315424355 -1 -1 -1 -1 -1 -1 -1 -1 1 
87 65 Car -1.000000 -1 -1 648.2941224812452 174.48809427357938 674.5653829541051 205.9235419334021 -1 -1 -1 -1 -1 -1 -1 -1 1 
87 57 Car -1.000000 -1 -1 -8.74208957249138 174.87783795504797 151.22651302908017 258.7139382515903 -1 -1 -1 -1 -1 -1 -1 -1 1 
87 54 Car -1.000000 -1 -1 684.2238731324297 175.10371601188038 731.885854666113 222.796894154314 -1 -1 -1 -1 -1 -1 -1 -1 1 
87 32 Car -1.000000 -1 -1 878.2443387726163 186.77550985877502 1218.548230248951 367.1356757266166 -1 -1 -1 -1 -1 -1 -1 -1 1 
88 69 Car -1.000000 -1 -1 673.2532187943929 176.81195923265247 699.5335719130068 215.20958854996772 -1 -1 -1 -1 -1 -1 -1 -1 1 
88 68 Car -1.000000 -1 -1 712.4715600878042 176.81635980137594 790.5405216584047 244.1854949913295 -1 -1 -1 -1 -1 -1 -1 -1 1 
88 66 Car -1.000000 -1 -1 430.1996331293589 177.05373357451538 471.37075216196337 201.08421805652085 -1 -1 -1 -1 -1 -1 -1 -1 1 
88 65 Car -1.000000 -1 -1 649.6794748019192 173.78061830444335 677.155490961625 203.6447355905657 -1 -1 -1 -1 -1 -1 -1 -1 1 
88 57 Car -1.000000 -1 -1 -24.937582494620052 175.82745864722466 119.69753441534516 260.8405567787057 -1 -1 -1 -1 -1 -1 -1 -1 1 
88 54 Car -1.000000 -1 -1 688.4576118884167 175.36428967321655 737.522061859042 224.62166147348285 -1 -1 -1 -1 -1 -1 -1 -1 1 
88 32 Car -1.000000 -1 -1 899.4688591591458 187.91816450046235 1233.9894292443082 369.29588057986314 -1 -1 -1 -1 -1 -1 -1 -1 1 
89 69 Car -1.000000 -1 -1 675.6063731641062 177.0381977265495 703.2642492136257 217.04600433954337 -1 -1 -1 -1 -1 -1 -1 -1 1 
89 68 Car -1.000000 -1 -1 717.9212939383374 178.07753072109492 800.1708909287722 250.21740545247022 -1 -1 -1 -1 -1 -1 -1 -1 1 
89 66 Car -1.000000 -1 -1 421.59110653187184 177.66658955236133 465.08619403379697 203.27782327049502 -1 -1 -1 -1 -1 -1 -1 -1 1 
89 65 Car -1.000000 -1 -1 649.7209862585112 173.6493291250279 678.5931613336384 205.43465872803554 -1 -1 -1 -1 -1 -1 -1 -1 1 
89 54 Car -1.000000 -1 -1 693.6200837323423 176.19567848100994 743.6072305344861 228.08512539191187 -1 -1 -1 -1 -1 -1 -1 -1 1 
89 32 Car -1.000000 -1 -1 929.6359382980867 192.28390514610157 1246.6780935721617 372.3203265830118 -1 -1 -1 -1 -1 -1 -1 -1 1 
90 69 Car -1.000000 -1 -1 675.8499860564712 177.10682067413444 705.7809586117523 218.96792938834614 -1 -1 -1 -1 -1 -1 -1 -1 1 
90 68 Car -1.000000 -1 -1 724.9266674177586 178.52913338380165 812.257080954914 255.99810927935152 -1 -1 -1 -1 -1 -1 -1 -1 1 
90 66 Car -1.000000 -1 -1 412.642337035339 178.0433939882953 458.2346814682546 204.24375197842227 -1 -1 -1 -1 -1 -1 -1 -1 1 
90 65 Car -1.000000 -1 -1 649.2785318570645 172.63390252816058 678.1216457741984 204.87192459719253 -1 -1 -1 -1 -1 -1 -1 -1 1 
90 54 Car -1.000000 -1 -1 692.7544253816517 176.9034445432298 742.7258170682386 230.27300570437592 -1 -1 -1 -1 -1 -1 -1 -1 1 
90 32 Car -1.000000 -1 -1 971.9637386123238 212.6346867175276 1260.3710938162533 382.33976075685194 -1 -1 -1 -1 -1 -1 -1 -1 1 
91 69 Car -1.000000 -1 -1 669.898651414845 176.1525147809304 699.2456259067866 217.39421596429077 -1 -1 -1 -1 -1 -1 -1 -1 1 
91 68 Car -1.000000 -1 -1 732.0678037973785 177.94943665152525 825.4362243111566 259.17955096278024 -1 -1 -1 -1 -1 -1 -1 -1 1 
91 66 Car -1.000000 -1 -1 403.2980543075814 178.40609579199156 450.82625372191717 205.1193486475824 -1 -1 -1 -1 -1 -1 -1 -1 1 
91 65 Car -1.000000 -1 -1 649.9728993333127 172.2767125777196 679.7475709371689 205.57970163749656 -1 -1 -1 -1 -1 -1 -1 -1 1 
92 69 Car -1.000000 -1 -1 668.5018846964417 175.69336530360837 699.3228172732713 217.5751213598775 -1 -1 -1 -1 -1 -1 -1 -1 1 
92 68 Car -1.000000 -1 -1 739.6557533289424 177.46986543751757 840.6202221040955 261.8352396208718 -1 -1 -1 -1 -1 -1 -1 -1 1 
92 66 Car -1.000000 -1 -1 392.102885388031 179.2388379020596 442.4987244123602 207.41133011931876 -1 -1 -1 -1 -1 -1 -1 -1 1 
92 65 Car -1.000000 -1 -1 650.0474289845546 172.1648455192946 680.0479260011299 205.0601337237158 -1 -1 -1 -1 -1 -1 -1 -1 1 
93 72 Car -1.000000 -1 -1 689.8148814246362 177.02895658478045 725.5995002069448 228.42263425126927 -1 -1 -1 -1 -1 -1 -1 -1 1 
93 71 Car -1.000000 -1 -1 708.0089850017415 174.0368564410839 776.4974101906174 244.94252842222323 -1 -1 -1 -1 -1 -1 -1 -1 1 
93 69 Car -1.000000 -1 -1 669.9336947015569 176.46690825606103 701.6169328339912 218.95635662578874 -1 -1 -1 -1 -1 -1 -1 -1 1 
93 68 Car -1.000000 -1 -1 748.0208339038063 177.77462078555067 857.8593261868466 267.00811257836074 -1 -1 -1 -1 -1 -1 -1 -1 1 
93 66 Car -1.000000 -1 -1 379.03579583390405 180.01566538407198 432.59732365388373 209.79288072080143 -1 -1 -1 -1 -1 -1 -1 -1 1 
93 65 Car -1.000000 -1 -1 650.9059925936299 172.195322316313 682.0762065520992 204.86193182292894 -1 -1 -1 -1 -1 -1 -1 -1 1 
94 72 Car -1.000000 -1 -1 693.4301867030161 177.76468609074618 729.9720619276674 229.65448046907557 -1 -1 -1 -1 -1 -1 -1 -1 1 
94 71 Car -1.000000 -1 -1 712.3712192044843 173.3925894519848 786.7313902960375 249.00313663953847 -1 -1 -1 -1 -1 -1 -1 -1 1 
94 69 Car -1.000000 -1 -1 671.1856500786531 176.60165723447136 704.2439529634261 220.28057198180016 -1 -1 -1 -1 -1 -1 -1 -1 1 
94 68 Car -1.000000 -1 -1 758.3714659930948 178.53008401429918 879.4865091595053 275.134692972765 -1 -1 -1 -1 -1 -1 -1 -1 1 
94 66 Car -1.000000 -1 -1 366.5313268860953 180.24386575223426 423.36830552395776 211.26510909876217 -1 -1 -1 -1 -1 -1 -1 -1 1 
94 65 Car -1.000000 -1 -1 651.554269306251 172.1248054480057 683.2174126120731 205.19485431944918 -1 -1 -1 -1 -1 -1 -1 -1 1 
95 72 Car -1.000000 -1 -1 696.7075103126606 178.27773706160173 736.7716184825053 232.92030544520412 -1 -1 -1 -1 -1 -1 -1 -1 1 
95 71 Car -1.000000 -1 -1 718.0686766405604 173.25022092909802 798.0077704832365 253.26929363385045 -1 -1 -1 -1 -1 -1 -1 -1 1 
95 69 Car -1.000000 -1 -1 672.5121131543835 176.91408588846437 707.1914871788149 220.90915046473495 -1 -1 -1 -1 -1 -1 -1 -1 1 
95 68 Car -1.000000 -1 -1 770.3256564964717 179.12227718014753 903.8090144292554 284.02043414914743 -1 -1 -1 -1 -1 -1 -1 -1 1 
95 66 Car -1.000000 -1 -1 353.20373260903716 180.11113189216536 412.9925259832065 212.4595602055416 -1 -1 -1 -1 -1 -1 -1 -1 1 
95 65 Car -1.000000 -1 -1 652.0960626485916 172.00838801136928 684.915989633895 204.96578933211424 -1 -1 -1 -1 -1 -1 -1 -1 1 
96 72 Car -1.000000 -1 -1 702.2009257277322 178.6731748529051 745.4958347353432 236.18869729598805 -1 -1 -1 -1 -1 -1 -1 -1 1 
96 71 Car -1.000000 -1 -1 724.8960659741595 174.0098802236723 811.809673525047 259.6080397070504 -1 -1 -1 -1 -1 -1 -1 -1 1 
96 69 Car -1.000000 -1 -1 675.5625453441429 176.96498205252377 712.5056862376226 222.71817038679185 -1 -1 -1 -1 -1 -1 -1 -1 1 
96 68 Car -1.000000 -1 -1 784.605248956918 181.14104577985103 934.8835594403928 296.73394290164964 -1 -1 -1 -1 -1 -1 -1 -1 1 
96 66 Car -1.000000 -1 -1 337.1582038098323 180.84381607965324 400.940940310744 215.04604262227454 -1 -1 -1 -1 -1 -1 -1 -1 1 
96 65 Car -1.000000 -1 -1 652.4642166528346 173.22825354940665 685.5564054102593 205.87368547429668 -1 -1 -1 -1 -1 -1 -1 -1 1 
97 72 Car -1.000000 -1 -1 706.3039263144736 178.78894692840464 752.9828714924498 239.45711502282848 -1 -1 -1 -1 -1 -1 -1 -1 1 
97 71 Car -1.000000 -1 -1 732.4809559435444 175.1234519403825 827.5921298935962 266.5513251608585 -1 -1 -1 -1 -1 -1 -1 -1 1 
97 69 Car -1.000000 -1 -1 679.3021004769025 178.31642650680993 718.5195464946453 225.35111126214002 -1 -1 -1 -1 -1 -1 -1 -1 1 
97 68 Car -1.000000 -1 -1 802.4439077524667 184.0406457840433 974.0602329633371 313.6470574087342 -1 -1 -1 -1 -1 -1 -1 -1 1 
97 66 Car -1.000000 -1 -1 319.4824817954063 181.52309588919258 387.6818780650944 217.13682862167167 -1 -1 -1 -1 -1 -1 -1 -1 1 
97 65 Car -1.000000 -1 -1 652.742316619274 174.7731576899737 686.1707048467066 206.6884130813977 -1 -1 -1 -1 -1 -1 -1 -1 1 
98 72 Car -1.000000 -1 -1 707.5962571292497 178.91269855839815 760.8145831046048 243.84909317912897 -1 -1 -1 -1 -1 -1 -1 -1 1 
98 71 Car -1.000000 -1 -1 740.9604464572515 176.38993640744923 844.713437967222 274.9788257549382 -1 -1 -1 -1 -1 -1 -1 -1 1 
98 69 Car -1.000000 -1 -1 680.3833838083917 178.4138688499259 721.890324955883 227.0093554483605 -1 -1 -1 -1 -1 -1 -1 -1 1 
98 68 Car -1.000000 -1 -1 825.1231494406662 187.1168142062491 1024.2664637782218 334.53335529215013 -1 -1 -1 -1 -1 -1 -1 -1 1 
98 66 Car -1.000000 -1 -1 299.2728381964889 182.17747836721665 373.3528118901206 219.68882457276536 -1 -1 -1 -1 -1 -1 -1 -1 1 
98 65 Car -1.000000 -1 -1 653.9691087742849 176.26542877121966 687.7576744531277 209.05518261861857 -1 -1 -1 -1 -1 -1 -1 -1 1 
99 72 Car -1.000000 -1 -1 709.4391343473981 179.28486946356892 769.1163504193335 247.98730242291825 -1 -1 -1 -1 -1 -1 -1 -1 1 
99 71 Car -1.000000 -1 -1 751.3546907302274 176.85218109640914 867.027613967873 283.5271857410894 -1 -1 -1 -1 -1 -1 -1 -1 1 
99 69 Car -1.000000 -1 -1 682.1427564769793 177.82570611741903 725.8107100951992 226.71732638762063 -1 -1 -1 -1 -1 -1 -1 -1 1 
99 68 Car -1.000000 -1 -1 857.4517600311873 187.53353373006388 1097.8429870135212 353.3777014016119 -1 -1 -1 -1 -1 -1 -1 -1 1 
99 66 Car -1.000000 -1 -1 276.7147397061907 182.34292965875554 356.80729157285873 222.5547336886356 -1 -1 -1 -1 -1 -1 -1 -1 1 
99 65 Car -1.000000 -1 -1 654.8936579974097 176.27208089843575 689.6534256842854 209.42560888175953 -1 -1 -1 -1 -1 -1 -1 -1 1 
100 72 Car -1.000000 -1 -1 713.7588000876989 178.7674150620574 780.4799112534689 251.21837004382928 -1 -1 -1 -1 -1 -1 -1 -1 1 
100 71 Car -1.000000 -1 -1 766.4951254176394 176.30316610642606 903.2471074826037 292.6761160864097 -1 -1 -1 -1 -1 -1 -1 -1 1 
100 69 Car -1.000000 -1 -1 686.524479497927 178.0403979299044 733.1448287872121 229.06065296042047 -1 -1 -1 -1 -1 -1 -1 -1 1 
100 68 Car -1.000000 -1 -1 888.6415345224765 186.4153352646507 1165.4765534234027 363.24360176979064 -1 -1 -1 -1 -1 -1 -1 -1 1 
100 66 Car -1.000000 -1 -1 251.7222626129603 182.42275790053486 339.13255792490236 225.374511309762 -1 -1 -1 -1 -1 -1 -1 -1 1 
100 65 Car -1.000000 -1 -1 656.3447977980005 176.33153714118376 692.3444855431081 210.80899258508262 -1 -1 -1 -1 -1 -1 -1 -1 1 
101 72 Car -1.000000 -1 -1 719.6059129142352 178.63508488849186 792.1564759423907 254.7727870377717 -1 -1 -1 -1 -1 -1 -1 -1 1 
101 71 Car -1.000000 -1 -1 780.9727173186845 175.94986469986003 941.5742724715053 304.3386662246695 -1 -1 -1 -1 -1 -1 -1 -1 1 
101 69 Car -1.000000 -1 -1 691.1511932898306 177.34996503297424 740.2441500305897 230.66662206031015 -1 -1 -1 -1 -1 -1 -1 -1 1 
101 68 Car -1.000000 -1 -1 914.9048913153727 185.68650087200672 1206.417690543846 367.4013095688738 -1 -1 -1 -1 -1 -1 -1 -1 1 
101 66 Car -1.000000 -1 -1 222.80072037958644 182.2260326380615 318.46101563077275 228.37937943615418 -1 -1 -1 -1 -1 -1 -1 -1 1 
101 65 Car -1.000000 -1 -1 657.8858538330744 175.402754316864 695.63546329203 210.91449771009445 -1 -1 -1 -1 -1 -1 -1 -1 1 
102 72 Car -1.000000 -1 -1 725.8947411230587 178.83361252649917 806.9727481259041 260.20066893498654 -1 -1 -1 -1 -1 -1 -1 -1 1 
102 71 Car -1.000000 -1 -1 799.3375711842469 176.0539504596565 988.8332375772012 317.66094279407764 -1 -1 -1 -1 -1 -1 -1 -1 1 
102 69 Car -1.000000 -1 -1 694.4898654157696 176.87266748922997 748.1489327823185 233.33951426922755 -1 -1 -1 -1 -1 -1 -1 -1 1 
102 68 Car -1.000000 -1 -1 949.1618166998455 188.835486405464 1234.1042956338924 370.98898543617787 -1 -1 -1 -1 -1 -1 -1 -1 1 
102 66 Car -1.000000 -1 -1 189.16055786735527 182.29885755815974 295.1941771351966 231.99488137582 -1 -1 -1 -1 -1 -1 -1 -1 1 
102 65 Car -1.000000 -1 -1 660.9190531845628 175.39967989883266 699.345312020393 211.39994990706455 -1 -1 -1 -1 -1 -1 -1 -1 1 
103 72 Car -1.000000 -1 -1 735.3742111638605 178.25152181949417 827.7186403030096 263.43075293690976 -1 -1 -1 -1 -1 -1 -1 -1 1 
103 71 Car -1.000000 -1 -1 822.3832486821426 177.19977163157574 1051.3505533740056 336.83245625818296 -1 -1 -1 -1 -1 -1 -1 -1 1 
103 69 Car -1.000000 -1 -1 697.2413703501156 176.73975236617713 755.4460116020821 236.22523984900812 -1 -1 -1 -1 -1 -1 -1 -1 1 
103 68 Car -1.000000 -1 -1 1002.7171723694884 206.65182200239985 1258.965445565064 380.8608220584582 -1 -1 -1 -1 -1 -1 -1 -1 1 
103 66 Car -1.000000 -1 -1 150.44352938349454 183.08101229523547 268.3793634025472 237.20023675267723 -1 -1 -1 -1 -1 -1 -1 -1 1 
103 65 Car -1.000000 -1 -1 661.7283612074035 175.95616090145205 701.2760677564216 212.71579915053928 -1 -1 -1 -1 -1 -1 -1 -1 1 
104 72 Car -1.000000 -1 -1 745.0131079843648 180.22632169801054 849.499760578638 271.3967324621099 -1 -1 -1 -1 -1 -1 -1 -1 1 
104 71 Car -1.000000 -1 -1 853.4005432361158 178.41673592257763 1133.5320235797967 357.51860770851425 -1 -1 -1 -1 -1 -1 -1 -1 1 
104 69 Car -1.000000 -1 -1 700.963751029898 177.9460883706234 764.5310558746655 240.67737412937828 -1 -1 -1 -1 -1 -1 -1 -1 1 
104 66 Car -1.000000 -1 -1 104.29085975279153 185.24135864391843 236.9302687547757 244.1283150073043 -1 -1 -1 -1 -1 -1 -1 -1 1 
104 65 Car -1.000000 -1 -1 664.2917830297504 176.56288249252054 703.8699639511046 214.34483012897772 -1 -1 -1 -1 -1 -1 -1 -1 1 
105 72 Car -1.000000 -1 -1 755.8170383142457 182.90986076600927 875.1644895508347 281.8704869391985 -1 -1 -1 -1 -1 -1 -1 -1 1 
105 71 Car -1.000000 -1 -1 876.7857378729686 179.46545824778948 1189.6578640220696 367.45371382525957 -1 -1 -1 -1 -1 -1 -1 -1 1 
105 69 Car -1.000000 -1 -1 706.2176535856944 179.8631195505308 774.6464395894701 245.90562722436042 -1 -1 -1 -1 -1 -1 -1 -1 1 
105 66 Car -1.000000 -1 -1 49.927242639045616 188.13991716771415 201.2549083027141 253.10533138764663 -1 -1 -1 -1 -1 -1 -1 -1 1 
105 65 Car -1.000000 -1 -1 665.4066319542335 178.2095728922765 704.1094514306806 217.1455610822982 -1 -1 -1 -1 -1 -1 -1 -1 1 
