0 1 Car -1.000000 -1 -1 371.22235110811374 186.7766571224318 407.41311642118313 205.93136594885726 -1 -1 -1 -1 -1 -1 -1 -1 1 
1 1 Car -1.000000 -1 -1 359.52342958536354 186.43958016970785 402.45845855206977 209.41558947023006 -1 -1 -1 -1 -1 -1 -1 -1 1 
2 1 Car -1.000000 -1 -1 352.7294712522709 188.39412579101713 396.07187895139515 210.25000259839265 -1 -1 -1 -1 -1 -1 -1 -1 1 
21 3 Car -1.000000 -1 -1 538.4206292460964 171.34867203394415 567.6235868935804 193.94172692604675 -1 -1 -1 -1 -1 -1 -1 -1 1 
22 3 Car -1.000000 -1 -1 537.0635285476861 171.85218085469245 566.514505047128 194.86218835864014 -1 -1 -1 -1 -1 -1 -1 -1 1 
23 3 Car -1.000000 -1 -1 534.866629398846 171.9588183591226 564.7878228936113 195.20906184515238 -1 -1 -1 -1 -1 -1 -1 -1 1 
24 3 Car -1.000000 -1 -1 532.7358857669257 171.99068881540114 562.9723634106732 195.17625261602888 -1 -1 -1 -1 -1 -1 -1 -1 1 
25 3 Car -1.000000 -1 -1 530.6706547706422 173.09492343488148 562.2383938886153 196.87135493664556 -1 -1 -1 -1 -1 -1 -1 -1 1 
26 3 Car -1.000000 -1 -1 528.0340112161949 174.59635677054152 560.8278534074831 199.41918074870878 -1 -1 -1 -1 -1 -1 -1 -1 1 
27 5 Car -1.000000 -1 -1 890.7653411621776 150.98844576911372 1008.0752833249295 192.11291396676862 -1 -1 -1 -1 -1 -1 -1 -1 1 
27 3 Car -1.000000 -1 -1 525.2164016216617 176.60637030584041 558.7667969387147 202.42707254072855 -1 -1 -1 -1 -1 -1 -1 -1 1 
28 5 Car -1.000000 -1 -1 902.8683506118336 151.50555379522189 1022.7875072671995 194.28185834386647 -1 -1 -1 -1 -1 -1 -1 -1 1 
28 3 Car -1.000000 -1 -1 523.0357699633774 177.11815679813517 557.2415451790022 203.4645717187942 -1 -1 -1 -1 -1 -1 -1 -1 1 
29 5 Car -1.000000 -1 -1 918.2230431957694 150.06150670465865 1043.7676992700983 194.63768010290164 -1 -1 -1 -1 -1 -1 -1 -1 1 
29 3 Car -1.000000 -1 -1 520.7870463088926 176.03791868395746 556.0145480617572 203.33037924500815 -1 -1 -1 -1 -1 -1 -1 -1 1 
30 5 Car -1.000000 -1 -1 933.4328326036623 149.1461740172821 1064.166732785279 195.0413257195922 -1 -1 -1 -1 -1 -1 -1 -1 1 
30 3 Car -1.000000 -1 -1 517.0969845601925 176.36364626630456 554.5302377022493 204.87106280230392 -1 -1 -1 -1 -1 -1 -1 -1 1 
31 5 Car -1.000000 -1 -1 946.9063108058034 148.11346113638015 1079.4615769406241 195.12340653094597 -1 -1 -1 -1 -1 -1 -1 -1 1 
31 3 Car -1.000000 -1 -1 514.7290444545047 175.7829221074894 553.759538135645 205.40830149628266 -1 -1 -1 -1 -1 -1 -1 -1 1 
32 5 Car -1.000000 -1 -1 962.4485015740858 146.55480145583866 1100.7353056691754 195.14909111020134 -1 -1 -1 -1 -1 -1 -1 -1 1 
32 3 Car -1.000000 -1 -1 512.6749095175848 174.6363836756407 552.7990186737162 205.43063455355284 -1 -1 -1 -1 -1 -1 -1 -1 1 
33 5 Car -1.000000 -1 -1 979.9223029514401 144.02373854251755 1124.4059648170787 194.79791441092675 -1 -1 -1 -1 -1 -1 -1 -1 1 
33 3 Car -1.000000 -1 -1 510.1987052632843 173.93799175540718 551.4161828913353 205.7486964686647 -1 -1 -1 -1 -1 -1 -1 -1 1 
34 5 Car -1.000000 -1 -1 999.7478102176678 142.41797493579736 1153.2877582909755 195.20921420111966 -1 -1 -1 -1 -1 -1 -1 -1 1 
34 3 Car -1.000000 -1 -1 507.7313872070837 175.09594559913143 550.2604151854797 207.7045157655429 -1 -1 -1 -1 -1 -1 -1 -1 1 
35 5 Car -1.000000 -1 -1 1020.9793874373643 141.176238811788 1183.6842205688079 196.473215779076 -1 -1 -1 -1 -1 -1 -1 -1 1 
35 3 Car -1.000000 -1 -1 505.28864310863116 175.60297246129994 548.9961260124686 208.9521111354183 -1 -1 -1 -1 -1 -1 -1 -1 1 
36 5 Car -1.000000 -1 -1 1043.1763886348133 138.81883688730457 1212.9741203746287 196.3288007131611 -1 -1 -1 -1 -1 -1 -1 -1 1 
36 3 Car -1.000000 -1 -1 501.5873545183624 175.3378400518774 546.919473525098 209.7873638198612 -1 -1 -1 -1 -1 -1 -1 -1 1 
37 5 Car -1.000000 -1 -1 1063.543439462633 136.99516243101272 1230.895828307893 196.73508391544573 -1 -1 -1 -1 -1 -1 -1 -1 1 
37 3 Car -1.000000 -1 -1 498.36926832907244 174.41387590382402 545.6334781145721 210.21822596037373 -1 -1 -1 -1 -1 -1 -1 -1 1 
38 5 Car -1.000000 -1 -1 1083.28243250435 136.29302783098814 1241.136639885901 198.24897874080153 -1 -1 -1 -1 -1 -1 -1 -1 1 
38 3 Car -1.000000 -1 -1 494.98646616117026 174.85063833145605 543.5978213451203 211.6702574294845 -1 -1 -1 -1 -1 -1 -1 -1 1 
39 3 Car -1.000000 -1 -1 491.5380008031036 174.91457503816295 541.7569088990797 212.81088153611032 -1 -1 -1 -1 -1 -1 -1 -1 1 
40 3 Car -1.000000 -1 -1 488.1475137659822 174.95424677731216 540.2974341312118 214.35832011717048 -1 -1 -1 -1 -1 -1 -1 -1 1 
41 3 Car -1.000000 -1 -1 484.26627786415037 175.43139402678318 538.5074628713132 216.45491585662265 -1 -1 -1 -1 -1 -1 -1 -1 1 
42 3 Car -1.000000 -1 -1 479.89298685333233 176.52799701393602 536.6649258953952 218.86860948858006 -1 -1 -1 -1 -1 -1 -1 -1 1 
43 3 Car -1.000000 -1 -1 475.89465941118317 175.50500073964008 534.585808436431 219.43759575600086 -1 -1 -1 -1 -1 -1 -1 -1 1 
44 3 Car -1.000000 -1 -1 470.85655847908174 174.64396625777718 531.7632481767848 220.29595918884164 -1 -1 -1 -1 -1 -1 -1 -1 1 
45 3 Car -1.000000 -1 -1 465.5004657807869 173.70975913873568 530.0678530994874 221.57350841208037 -1 -1 -1 -1 -1 -1 -1 -1 1 
46 3 Car -1.000000 -1 -1 460.9664112387447 173.5089898794981 527.8588605667799 223.46637932364897 -1 -1 -1 -1 -1 -1 -1 -1 1 
47 3 Car -1.000000 -1 -1 456.208571745564 174.38393127554806 525.9910175003027 226.11368950580285 -1 -1 -1 -1 -1 -1 -1 -1 1 
48 3 Car -1.000000 -1 -1 450.23750409634926 174.7568094637118 523.1152312223375 228.11278295899038 -1 -1 -1 -1 -1 -1 -1 -1 1 
49 3 Car -1.000000 -1 -1 443.6483558618184 174.2992294926913 518.8119439530359 229.02704099703553 -1 -1 -1 -1 -1 -1 -1 -1 1 
50 3 Car -1.000000 -1 -1 437.29297057943785 174.73161397246514 516.5736392460292 232.05554918465708 -1 -1 -1 -1 -1 -1 -1 -1 1 
51 3 Car -1.000000 -1 -1 430.47457024318044 176.94905212219862 513.563516481664 237.00833511110778 -1 -1 -1 -1 -1 -1 -1 -1 1 
52 6 Car -1.000000 -1 -1 1075.6648725222537 142.92544702479583 1183.5784354185319 184.9403948246049 -1 -1 -1 -1 -1 -1 -1 -1 1 
52 3 Car -1.000000 -1 -1 422.3548390505158 179.04533149461844 509.604194003957 241.80187304001782 -1 -1 -1 -1 -1 -1 -1 -1 1 
53 6 Car -1.000000 -1 -1 1088.6613805000702 144.47173087654284 1197.6368601502832 186.23901385754868 -1 -1 -1 -1 -1 -1 -1 -1 1 
53 3 Car -1.000000 -1 -1 414.5245504465905 180.9020158158145 506.2252840496592 246.88913778783623 -1 -1 -1 -1 -1 -1 -1 -1 1 
54 7 Car -1.000000 -1 -1 479.0713019850308 173.2704167274219 505.3524880975857 194.95831948446823 -1 -1 -1 -1 -1 -1 -1 -1 1 
54 3 Car -1.000000 -1 -1 404.82896807187745 181.41619954019635 502.30764287352423 251.17345979974633 -1 -1 -1 -1 -1 -1 -1 -1 1 
55 7 Car -1.000000 -1 -1 478.0877466216401 172.50974282328644 503.6076195886004 193.5226243180498 -1 -1 -1 -1 -1 -1 -1 -1 1 
55 3 Car -1.000000 -1 -1 393.77532408049655 181.71368528418716 497.9300414050925 254.7515938391281 -1 -1 -1 -1 -1 -1 -1 -1 1 
56 7 Car -1.000000 -1 -1 476.95520722228383 170.6928497513962 501.69877321391647 191.07604980661725 -1 -1 -1 -1 -1 -1 -1 -1 1 
56 3 Car -1.000000 -1 -1 383.02330900508895 181.67409658609344 493.5052694445596 258.3058100368054 -1 -1 -1 -1 -1 -1 -1 -1 1 
57 7 Car -1.000000 -1 -1 475.3426160369405 170.13388619368288 500.18804878015317 190.79253531298684 -1 -1 -1 -1 -1 -1 -1 -1 1 
57 3 Car -1.000000 -1 -1 371.44677117349414 181.67779316584912 488.7226012301208 261.1715094735276 -1 -1 -1 -1 -1 -1 -1 -1 1 
58 7 Car -1.000000 -1 -1 474.2041859838304 169.86071560118793 499.2513730020284 190.49357305182215 -1 -1 -1 -1 -1 -1 -1 -1 1 
58 3 Car -1.000000 -1 -1 359.65363964356004 182.61573499458936 484.23261501635375 265.1223749880478 -1 -1 -1 -1 -1 -1 -1 -1 1 
59 7 Car -1.000000 -1 -1 473.02909264725815 169.7155165690345 498.3123214460229 190.37173312226906 -1 -1 -1 -1 -1 -1 -1 -1 1 
59 3 Car -1.000000 -1 -1 346.378651124824 182.87102984840178 478.9376288998322 269.07262267617807 -1 -1 -1 -1 -1 -1 -1 -1 1 
60 7 Car -1.000000 -1 -1 471.76470077544957 169.6421264073027 497.38469313033727 190.50317230156 -1 -1 -1 -1 -1 -1 -1 -1 1 
60 3 Car -1.000000 -1 -1 332.1979671225487 183.68945419064545 473.062781977539 274.1542455502536 -1 -1 -1 -1 -1 -1 -1 -1 1 
61 7 Car -1.000000 -1 -1 470.57592567344665 169.2515856277774 497.0268561931528 190.48093244927605 -1 -1 -1 -1 -1 -1 -1 -1 1 
61 3 Car -1.000000 -1 -1 316.27312555228866 184.1152976565462 466.9660093522573 279.1296729036816 -1 -1 -1 -1 -1 -1 -1 -1 1 
62 7 Car -1.000000 -1 -1 468.7535547554878 168.9521083120843 495.9124853926518 190.58925589510233 -1 -1 -1 -1 -1 -1 -1 -1 1 
62 3 Car -1.000000 -1 -1 300.1128229918791 185.23792961933407 461.1012461231109 285.7011454718514 -1 -1 -1 -1 -1 -1 -1 -1 1 
63 7 Car -1.000000 -1 -1 467.4944965729145 169.0996280869715 495.2910078035992 191.08589494849002 -1 -1 -1 -1 -1 -1 -1 -1 1 
63 3 Car -1.000000 -1 -1 281.9987764223672 186.98822659320422 454.0193762409825 293.2269088392128 -1 -1 -1 -1 -1 -1 -1 -1 1 
64 7 Car -1.000000 -1 -1 466.0352117255661 169.0949706958214 494.44995699630215 191.32811354687138 -1 -1 -1 -1 -1 -1 -1 -1 1 
64 3 Car -1.000000 -1 -1 261.89527820527707 188.75775456832525 446.7131301246753 301.4684629913117 -1 -1 -1 -1 -1 -1 -1 -1 1 
65 7 Car -1.000000 -1 -1 464.4573914962174 169.21956522821748 493.34743595825273 191.75883912085098 -1 -1 -1 -1 -1 -1 -1 -1 1 
65 3 Car -1.000000 -1 -1 239.89771037348 190.83205530280833 438.8517467918168 310.4709336264391 -1 -1 -1 -1 -1 -1 -1 -1 1 
66 7 Car -1.000000 -1 -1 463.4626028461799 169.54269341694044 492.48574265800966 192.3751545878813 -1 -1 -1 -1 -1 -1 -1 -1 1 
66 3 Car -1.000000 -1 -1 215.48700618026947 193.18318739585135 430.7636992593346 321.00192230243766 -1 -1 -1 -1 -1 -1 -1 -1 1 
67 7 Car -1.000000 -1 -1 462.14426442629605 169.89744868851096 491.3502669535465 193.09370287891608 -1 -1 -1 -1 -1 -1 -1 -1 1 
67 3 Car -1.000000 -1 -1 189.37227644758246 195.55177548107463 422.621347130669 331.3864722322787 -1 -1 -1 -1 -1 -1 -1 -1 1 
68 7 Car -1.000000 -1 -1 460.856408763989 170.55067654755544 490.35248671441076 194.02550536318165 -1 -1 -1 -1 -1 -1 -1 -1 1 
68 3 Car -1.000000 -1 -1 159.63706848450514 197.9758403476763 412.9547492611986 342.42924546057424 -1 -1 -1 -1 -1 -1 -1 -1 1 
69 7 Car -1.000000 -1 -1 459.8827587425624 170.54414069434944 489.4791949164885 194.10829066646426 -1 -1 -1 -1 -1 -1 -1 -1 1 
69 3 Car -1.000000 -1 -1 126.32560378425532 199.12518326663601 401.58536808119413 353.02297032227875 -1 -1 -1 -1 -1 -1 -1 -1 1 
70 7 Car -1.000000 -1 -1 458.7120773919294 170.9672471098613 488.645896795773 194.55655712559602 -1 -1 -1 -1 -1 -1 -1 -1 1 
70 3 Car -1.000000 -1 -1 92.11230915779515 198.86479289272503 391.05801821748133 359.94462782527603 -1 -1 -1 -1 -1 -1 -1 -1 1 
71 7 Car -1.000000 -1 -1 457.4751900444348 171.1426259966377 487.92949258353093 194.80083659170376 -1 -1 -1 -1 -1 -1 -1 -1 1 
71 3 Car -1.000000 -1 -1 54.61055800809331 198.43065981492174 380.1653345128444 364.41753535240883 -1 -1 -1 -1 -1 -1 -1 -1 1 
72 7 Car -1.000000 -1 -1 456.6394326494957 170.98821797683166 487.55331883752535 194.66618796076597 -1 -1 -1 -1 -1 -1 -1 -1 1 
72 3 Car -1.000000 -1 -1 25.645430324163158 198.57846987164345 372.7390742680596 367.2949421858818 -1 -1 -1 -1 -1 -1 -1 -1 1 
73 7 Car -1.000000 -1 -1 455.6399534695831 170.81989472679646 486.4436262854592 194.43836660313275 -1 -1 -1 -1 -1 -1 -1 -1 1 
73 3 Car -1.000000 -1 -1 10.131528294042539 198.9270178220759 370.31849728458695 368.8253570260656 -1 -1 -1 -1 -1 -1 -1 -1 1 
74 7 Car -1.000000 -1 -1 454.3790534591798 170.80210729657637 485.56691756188627 194.57167808241428 -1 -1 -1 -1 -1 -1 -1 -1 1 
74 3 Car -1.000000 -1 -1 0.8548227500828887 199.8131279912899 367.74520108061085 369.8358549412817 -1 -1 -1 -1 -1 -1 -1 -1 1 
75 7 Car -1.000000 -1 -1 453.2610621317344 170.59685857245762 484.99190004262283 194.79013421652184 -1 -1 -1 -1 -1 -1 -1 -1 1 
75 3 Car -1.000000 -1 -1 -5.4356470851854795 200.70223189194854 364.07976898199536 370.34494111978535 -1 -1 -1 -1 -1 -1 -1 -1 1 
76 11 Car -1.000000 -1 -1 1187.9614588371553 167.33907994582376 1225.9985418929343 200.29007921311086 -1 -1 -1 -1 -1 -1 -1 -1 1 
76 3 Car -1.000000 -1 -1 -8.879770807839265 201.49968623682938 360.3963850463364 370.3324076105672 -1 -1 -1 -1 -1 -1 -1 -1 1 
77 11 Car -1.000000 -1 -1 1193.088391452834 167.97895917342433 1226.676495480147 200.0957942157864 -1 -1 -1 -1 -1 -1 -1 -1 1 
77 3 Car -1.000000 -1 -1 -11.363261764652634 203.38419674935187 355.93446179840595 370.92222229492825 -1 -1 -1 -1 -1 -1 -1 -1 1 
78 11 Car -1.000000 -1 -1 1187.711412474048 167.55384555783417 1224.2965017488666 201.74908890056378 -1 -1 -1 -1 -1 -1 -1 -1 1 
78 3 Car -1.000000 -1 -1 -13.356031450849656 205.3709682244142 349.60856254577766 371.3838448791298 -1 -1 -1 -1 -1 -1 -1 -1 1 
79 3 Car -1.000000 -1 -1 -14.510660445342438 206.77418208782598 343.31727909511187 371.3362360137966 -1 -1 -1 -1 -1 -1 -1 -1 1 
80 3 Car -1.000000 -1 -1 -15.203969933253887 208.5244084982525 336.2993966042852 371.1558728563452 -1 -1 -1 -1 -1 -1 -1 -1 1 
81 3 Car -1.000000 -1 -1 -14.692846758907791 210.79301602573204 329.8881092756186 371.3991147254493 -1 -1 -1 -1 -1 -1 -1 -1 1 
82 3 Car -1.000000 -1 -1 -14.721412140711806 212.43810854157732 323.3557649217569 371.38285699401854 -1 -1 -1 -1 -1 -1 -1 -1 1 
83 13 Car -1.000000 -1 -1 449.611816339173 169.5897822650257 481.1151725759008 194.84020024916703 -1 -1 -1 -1 -1 -1 -1 -1 1 
83 3 Car -1.000000 -1 -1 -14.528279583728533 214.2009655175703 317.1931630305059 371.3551673304341 -1 -1 -1 -1 -1 -1 -1 -1 1 
84 13 Car -1.000000 -1 -1 449.38393372205 169.85901614446445 481.45716598073756 195.26268149305727 -1 -1 -1 -1 -1 -1 -1 -1 1 
84 3 Car -1.000000 -1 -1 -13.88562106543398 215.8870629316498 311.99196245494727 371.20846043528934 -1 -1 -1 -1 -1 -1 -1 -1 1 
85 13 Car -1.000000 -1 -1 449.217980197248 169.9689295722742 481.87815358836764 195.62577973554573 -1 -1 -1 -1 -1 -1 -1 -1 1 
85 3 Car -1.000000 -1 -1 -13.330143576242193 218.2045071873177 307.19918448432827 371.44129571839466 -1 -1 -1 -1 -1 -1 -1 -1 1 
86 13 Car -1.000000 -1 -1 448.9302697028815 170.1672048947197 482.1225896522888 195.94697469942088 -1 -1 -1 -1 -1 -1 -1 -1 1 
86 3 Car -1.000000 -1 -1 -12.397461280885693 220.0199883593652 303.11030855845274 371.4622567379733 -1 -1 -1 -1 -1 -1 -1 -1 1 
87 13 Car -1.000000 -1 -1 448.7601568579144 170.34066633920145 482.187853493963 196.23306570866754 -1 -1 -1 -1 -1 -1 -1 -1 1 
87 3 Car -1.000000 -1 -1 -11.809570265143094 221.49658007827247 298.61991937997607 371.3582000036771 -1 -1 -1 -1 -1 -1 -1 -1 1 
88 14 Car -1.000000 -1 -1 1109.6011463138127 145.8992491994059 1218.9006554116406 188.83880577756346 -1 -1 -1 -1 -1 -1 -1 -1 1 
88 13 Car -1.000000 -1 -1 448.53781670150283 170.553502970443 482.06885975844045 196.53270880532574 -1 -1 -1 -1 -1 -1 -1 -1 1 
88 3 Car -1.000000 -1 -1 -11.094064188068756 222.18009510214378 295.0748580822001 370.90354875878484 -1 -1 -1 -1 -1 -1 -1 -1 1 
89 14 Car -1.000000 -1 -1 1097.0808784527858 145.91452842735592 1215.9435049880003 190.379809184768 -1 -1 -1 -1 -1 -1 -1 -1 1 
89 13 Car -1.000000 -1 -1 448.2794904175174 170.67106429685458 481.9271092616507 196.7252978517417 -1 -1 -1 -1 -1 -1 -1 -1 1 
89 3 Car -1.000000 -1 -1 -9.916894963823239 223.40344980919284 292.5264521410114 370.9090930033651 -1 -1 -1 -1 -1 -1 -1 -1 1 
90 14 Car -1.000000 -1 -1 1077.3913027980625 146.82166434946757 1197.440125786134 190.91778690539203 -1 -1 -1 -1 -1 -1 -1 -1 1 
90 13 Car -1.000000 -1 -1 448.04180158852927 170.7581921529202 481.74114764954703 196.87180265825836 -1 -1 -1 -1 -1 -1 -1 -1 1 
90 3 Car -1.000000 -1 -1 -8.843506159529568 224.16460764571573 290.67287095753676 370.63994295279883 -1 -1 -1 -1 -1 -1 -1 -1 1 
91 14 Car -1.000000 -1 -1 1060.960979229917 147.96000355721648 1182.8788687318183 191.69488265960226 -1 -1 -1 -1 -1 -1 -1 -1 1 
91 13 Car -1.000000 -1 -1 447.94277003616077 170.78276363442993 481.6696340136678 196.93411060995706 -1 -1 -1 -1 -1 -1 -1 -1 1 
91 3 Car -1.000000 -1 -1 -7.910325894314781 224.41371168231345 289.33155704148635 370.1082074076263 -1 -1 -1 -1 -1 -1 -1 -1 1 
92 13 Car -1.000000 -1 -1 447.90112472908015 170.79510521782902 481.6421119048797 196.9704453167725 -1 -1 -1 -1 -1 -1 -1 -1 1 
92 3 Car -1.000000 -1 -1 -6.923481884617956 224.51128909913015 288.71079517630363 369.6967046987372 -1 -1 -1 -1 -1 -1 -1 -1 1 
93 13 Car -1.000000 -1 -1 448.0721778008331 171.1508851864899 481.9085413983549 197.32511769150418 -1 -1 -1 -1 -1 -1 -1 -1 1 
93 3 Car -1.000000 -1 -1 -6.10671831236948 225.221856650387 288.68699281349024 369.6983834560148 -1 -1 -1 -1 -1 -1 -1 -1 1 
94 13 Car -1.000000 -1 -1 448.20564709500155 172.58103497084898 481.85492297805564 198.6226241607411 -1 -1 -1 -1 -1 -1 -1 -1 1 
94 3 Car -1.000000 -1 -1 -5.473620417278283 226.52120653792048 288.4309566025796 369.6926441824233 -1 -1 -1 -1 -1 -1 -1 -1 1 
95 13 Car -1.000000 -1 -1 448.08106717733403 173.33410287084274 481.62972952510563 199.27592731254794 -1 -1 -1 -1 -1 -1 -1 -1 1 
95 3 Car -1.000000 -1 -1 -4.98132719965551 227.19568552580273 288.2726211309316 369.59361872886205 -1 -1 -1 -1 -1 -1 -1 -1 1 
96 13 Car -1.000000 -1 -1 448.25856781740026 173.42353201944047 481.6875084586642 199.28778177618625 -1 -1 -1 -1 -1 -1 -1 -1 1 
96 3 Car -1.000000 -1 -1 -4.659871824475829 227.30138490371831 287.82287383778686 369.32224723076496 -1 -1 -1 -1 -1 -1 -1 -1 1 
97 13 Car -1.000000 -1 -1 448.18666798014254 173.55000141530195 481.59433805434895 199.36180944151272 -1 -1 -1 -1 -1 -1 -1 -1 1 
97 3 Car -1.000000 -1 -1 -4.323303534292933 227.35131046892892 287.83929327464205 369.08464184101535 -1 -1 -1 -1 -1 -1 -1 -1 1 
98 13 Car -1.000000 -1 -1 448.1736771120113 173.50588736480447 481.5841417505576 199.29994611289314 -1 -1 -1 -1 -1 -1 -1 -1 1 
98 3 Car -1.000000 -1 -1 -4.009564179411939 227.5323405093109 287.90963779697466 368.9177865427333 -1 -1 -1 -1 -1 -1 -1 -1 1 
99 13 Car -1.000000 -1 -1 448.2873169052882 173.47541242805082 481.5840982423467 199.26720113599495 -1 -1 -1 -1 -1 -1 -1 -1 1 
99 3 Car -1.000000 -1 -1 -3.7683458244451913 227.66155295409163 287.6455161319339 368.8182094535776 -1 -1 -1 -1 -1 -1 -1 -1 1 
100 13 Car -1.000000 -1 -1 448.2281681368751 173.5503684563209 481.5217925713733 199.29905947326571 -1 -1 -1 -1 -1 -1 -1 -1 1 
100 3 Car -1.000000 -1 -1 -3.5215686685297953 227.78959992656382 287.4269792492231 368.75724660264245 -1 -1 -1 -1 -1 -1 -1 -1 1 
101 13 Car -1.000000 -1 -1 448.34661544335887 173.49003106822133 481.56758354050845 199.22218163700686 -1 -1 -1 -1 -1 -1 -1 -1 1 
101 3 Car -1.000000 -1 -1 -3.3014449053204373 227.61860384910239 287.71147878915656 368.4762720839588 -1 -1 -1 -1 -1 -1 -1 -1 1 
102 13 Car -1.000000 -1 -1 448.40289643709406 173.46868883506266 481.5630042636256 199.18999438217355 -1 -1 -1 -1 -1 -1 -1 -1 1 
102 3 Car -1.000000 -1 -1 -3.150992463931175 227.5931627898459 287.81879915796236 368.3326149697506 -1 -1 -1 -1 -1 -1 -1 -1 1 
103 16 Car -1.000000 -1 -1 863.4754884820555 158.85897781878097 972.8858656340498 201.46766313776223 -1 -1 -1 -1 -1 -1 -1 -1 1 
103 13 Car -1.000000 -1 -1 448.4159237409797 173.48995884470327 481.53873973027896 199.21906490759102 -1 -1 -1 -1 -1 -1 -1 -1 1 
103 3 Car -1.000000 -1 -1 -3.010225835192415 227.74673334325888 287.94153818574625 368.28407715020984 -1 -1 -1 -1 -1 -1 -1 -1 1 
104 16 Car -1.000000 -1 -1 845.1941031013387 160.79446472732553 953.9934666316112 201.29585798139334 -1 -1 -1 -1 -1 -1 -1 -1 1 
104 13 Car -1.000000 -1 -1 448.442068443925 173.4643212122141 481.5498966761053 199.18083178895182 -1 -1 -1 -1 -1 -1 -1 -1 1 
104 3 Car -1.000000 -1 -1 -2.877956456093557 227.76695678815764 288.1314148761002 368.22464885692244 -1 -1 -1 -1 -1 -1 -1 -1 1 
105 16 Car -1.000000 -1 -1 827.1818201371962 160.3928725531313 936.5355606822143 200.77939718616622 -1 -1 -1 -1 -1 -1 -1 -1 1 
105 13 Car -1.000000 -1 -1 448.46283521689213 173.43055887176135 481.5360742404008 199.13123409330765 -1 -1 -1 -1 -1 -1 -1 -1 1 
105 3 Car -1.000000 -1 -1 -2.687105240184451 227.82313919017284 288.0519846916148 368.2996392946877 -1 -1 -1 -1 -1 -1 -1 -1 1 
106 16 Car -1.000000 -1 -1 809.8565843041498 162.5654297528869 918.0170425413818 201.1807447118854 -1 -1 -1 -1 -1 -1 -1 -1 1 
106 13 Car -1.000000 -1 -1 448.4738364618552 173.4074205439369 481.51320270505056 199.10090409883543 -1 -1 -1 -1 -1 -1 -1 -1 1 
106 3 Car -1.000000 -1 -1 -2.620441647931358 227.94988382025178 287.84496040344493 368.37334405370996 -1 -1 -1 -1 -1 -1 -1 -1 1 
107 16 Car -1.000000 -1 -1 804.5207133403618 161.75316633088607 904.4256631531301 199.4646311979253 -1 -1 -1 -1 -1 -1 -1 -1 1 
107 13 Car -1.000000 -1 -1 448.4865115899423 173.39595122961455 481.49996849583965 199.08118337196495 -1 -1 -1 -1 -1 -1 -1 -1 1 
107 3 Car -1.000000 -1 -1 -2.377946916443676 228.01988522670985 288.07752937871646 368.3960591826104 -1 -1 -1 -1 -1 -1 -1 -1 1 
108 13 Car -1.000000 -1 -1 448.47421509512594 173.38221595666326 481.47511285462406 199.06273989442943 -1 -1 -1 -1 -1 -1 -1 -1 1 
108 3 Car -1.000000 -1 -1 -2.3449850164793986 228.11632590387444 287.9779720563331 368.44323202085263 -1 -1 -1 -1 -1 -1 -1 -1 1 
109 13 Car -1.000000 -1 -1 448.4923679599557 173.38491876964386 481.4795920786818 199.0483434764117 -1 -1 -1 -1 -1 -1 -1 -1 1 
109 3 Car -1.000000 -1 -1 -2.2390401121666628 228.19917620794092 287.9729247355756 368.4404186328866 -1 -1 -1 -1 -1 -1 -1 -1 1 
110 13 Car -1.000000 -1 -1 448.50758835172417 173.38962253916802 481.48208978653065 199.04910135715042 -1 -1 -1 -1 -1 -1 -1 -1 1 
110 3 Car -1.000000 -1 -1 -2.2906180792702173 228.2531719715097 287.94208572498644 368.285292630209 -1 -1 -1 -1 -1 -1 -1 -1 1 
111 13 Car -1.000000 -1 -1 448.4824593552787 173.37213202654493 481.45307620123253 199.02725048181486 -1 -1 -1 -1 -1 -1 -1 -1 1 
111 3 Car -1.000000 -1 -1 -2.203374035067071 228.33804791488757 287.7992494445572 368.3216410245488 -1 -1 -1 -1 -1 -1 -1 -1 1 
112 13 Car -1.000000 -1 -1 448.48479149972457 173.37905199248866 481.44922227061227 199.01763775247042 -1 -1 -1 -1 -1 -1 -1 -1 1 
112 3 Car -1.000000 -1 -1 -2.1574682054080085 228.39018168134052 287.9210052621303 368.1702192012266 -1 -1 -1 -1 -1 -1 -1 -1 1 
113 13 Car -1.000000 -1 -1 448.49755211987184 173.38437013594952 481.46653733175725 199.02543396579082 -1 -1 -1 -1 -1 -1 -1 -1 1 
113 3 Car -1.000000 -1 -1 -2.0769730658610115 228.45773484575403 288.1111257251202 368.05998326722744 -1 -1 -1 -1 -1 -1 -1 -1 1 
114 17 Car -1.000000 -1 -1 710.2835343225036 167.92160626310542 791.6550423659658 199.810603707949 -1 -1 -1 -1 -1 -1 -1 -1 1 
114 13 Car -1.000000 -1 -1 448.5097512182548 173.39108216805369 481.46237109692083 199.02140275593166 -1 -1 -1 -1 -1 -1 -1 -1 1 
114 3 Car -1.000000 -1 -1 -2.002946296742522 228.48035893268883 287.9705106667643 368.1025678909181 -1 -1 -1 -1 -1 -1 -1 -1 1 
115 17 Car -1.000000 -1 -1 699.7714144929155 167.51400252434829 778.6247054284238 199.25768916786703 -1 -1 -1 -1 -1 -1 -1 -1 1 
115 13 Car -1.000000 -1 -1 448.52812159244166 173.3872927462723 481.46003591503967 199.01735265033557 -1 -1 -1 -1 -1 -1 -1 -1 1 
115 3 Car -1.000000 -1 -1 -1.9276186487450389 228.47414228825784 287.8421801311159 368.0997670382698 -1 -1 -1 -1 -1 -1 -1 -1 1 
116 17 Car -1.000000 -1 -1 691.0949201741164 167.80380743931502 766.9307362075865 199.0551236099042 -1 -1 -1 -1 -1 -1 -1 -1 1 
116 13 Car -1.000000 -1 -1 448.54624987889105 173.39407510291736 481.4384369924879 199.01361670755162 -1 -1 -1 -1 -1 -1 -1 -1 1 
116 3 Car -1.000000 -1 -1 -1.8950025041771426 228.47509640447902 287.65232461781204 368.09145303804394 -1 -1 -1 -1 -1 -1 -1 -1 1 
117 17 Car -1.000000 -1 -1 683.3246281549144 167.59363919182883 755.6862493081354 198.48966514690304 -1 -1 -1 -1 -1 -1 -1 -1 1 
117 13 Car -1.000000 -1 -1 448.5636381643439 173.40686041606102 481.4219637797884 199.00937315359891 -1 -1 -1 -1 -1 -1 -1 -1 1 
117 3 Car -1.000000 -1 -1 -1.8153142072141293 228.45962529331555 287.6131764341402 368.0720291415273 -1 -1 -1 -1 -1 -1 -1 -1 1 
118 17 Car -1.000000 -1 -1 676.5116314520982 168.09417604259147 745.0658681943013 197.92775763649388 -1 -1 -1 -1 -1 -1 -1 -1 1 
118 13 Car -1.000000 -1 -1 448.5653000546219 173.40961082070552 481.4035496971051 199.00671632896936 -1 -1 -1 -1 -1 -1 -1 -1 1 
118 3 Car -1.000000 -1 -1 -1.7525608054853308 228.44556966947715 287.5517633929451 368.06723874031394 -1 -1 -1 -1 -1 -1 -1 -1 1 
119 17 Car -1.000000 -1 -1 670.3363556364744 168.04691568898374 734.9247465108407 197.31206613397728 -1 -1 -1 -1 -1 -1 -1 -1 1 
119 13 Car -1.000000 -1 -1 448.5658374424282 173.40990900826023 481.3888733722709 198.99123830052054 -1 -1 -1 -1 -1 -1 -1 -1 1 
119 3 Car -1.000000 -1 -1 -1.7153751204282628 228.34501553404573 287.74014663939226 367.8877163474964 -1 -1 -1 -1 -1 -1 -1 -1 1 
120 17 Car -1.000000 -1 -1 665.5457271599396 168.65344614358676 725.8478476486648 196.60532281321636 -1 -1 -1 -1 -1 -1 -1 -1 1 
120 13 Car -1.000000 -1 -1 448.51139067813455 173.36996327940773 481.3534848120058 198.94520596671066 -1 -1 -1 -1 -1 -1 -1 -1 1 
120 3 Car -1.000000 -1 -1 -1.696453136922372 228.31188409437686 287.8823868148394 367.79175237451227 -1 -1 -1 -1 -1 -1 -1 -1 1 
121 17 Car -1.000000 -1 -1 661.5719070405788 169.09370564211974 717.3500757954513 196.042961986391 -1 -1 -1 -1 -1 -1 -1 -1 1 
121 13 Car -1.000000 -1 -1 448.5127032002996 173.3555952308028 481.3503663560281 198.93028312600518 -1 -1 -1 -1 -1 -1 -1 -1 1 
121 3 Car -1.000000 -1 -1 -1.6984677692721561 228.34128359338158 287.9977463918642 367.7475555122985 -1 -1 -1 -1 -1 -1 -1 -1 1 
122 17 Car -1.000000 -1 -1 657.9935061279236 169.14094800221912 709.608685724661 195.39751221796323 -1 -1 -1 -1 -1 -1 -1 -1 1 
122 13 Car -1.000000 -1 -1 448.5526849808549 173.32273799370333 481.3568844193451 198.85377446726696 -1 -1 -1 -1 -1 -1 -1 -1 1 
122 3 Car -1.000000 -1 -1 -1.6921851178478846 228.34195394293783 288.08778796327005 367.7010980075652 -1 -1 -1 -1 -1 -1 -1 -1 1 
123 17 Car -1.000000 -1 -1 655.0838599542128 169.60084894336757 703.0728778736559 194.87191114100074 -1 -1 -1 -1 -1 -1 -1 -1 1 
123 13 Car -1.000000 -1 -1 448.529862658697 173.3883804178936 481.25353681858877 198.8294922152216 -1 -1 -1 -1 -1 -1 -1 -1 1 
123 3 Car -1.000000 -1 -1 -1.6995413661960015 228.3696524767028 288.12600599539684 367.68599245316483 -1 -1 -1 -1 -1 -1 -1 -1 1 
124 17 Car -1.000000 -1 -1 652.9010328534742 169.8140399053786 697.2975774453995 194.10514238300033 -1 -1 -1 -1 -1 -1 -1 -1 1 
124 13 Car -1.000000 -1 -1 448.7537129042786 173.4857120936988 481.360426857908 198.7020730315241 -1 -1 -1 -1 -1 -1 -1 -1 1 
124 3 Car -1.000000 -1 -1 -1.7008585003055714 228.40769809851716 288.14542844511953 367.67251613315125 -1 -1 -1 -1 -1 -1 -1 -1 1 
125 17 Car -1.000000 -1 -1 651.589770017771 170.14369510627986 692.6943389225968 193.51004060516104 -1 -1 -1 -1 -1 -1 -1 -1 1 
125 13 Car -1.000000 -1 -1 449.04417131855297 173.6208461576755 481.527805906727 198.8119727225992 -1 -1 -1 -1 -1 -1 -1 -1 1 
125 3 Car -1.000000 -1 -1 -1.7100990780945153 228.45427005218062 288.11899331066746 367.6558974123486 -1 -1 -1 -1 -1 -1 -1 -1 1 
126 17 Car -1.000000 -1 -1 650.3163617058423 170.06926133851272 688.5140235019534 192.7886247812338 -1 -1 -1 -1 -1 -1 -1 -1 1 
126 13 Car -1.000000 -1 -1 448.8917936395484 173.4794603801592 481.4113249330111 198.60486887157037 -1 -1 -1 -1 -1 -1 -1 -1 1 
126 3 Car -1.000000 -1 -1 -1.6863649958967812 228.37372915462583 288.1106169039517 367.58879441218255 -1 -1 -1 -1 -1 -1 -1 -1 1 
127 17 Car -1.000000 -1 -1 649.391382412683 170.42433936679453 684.540060926045 192.2542015864426 -1 -1 -1 -1 -1 -1 -1 -1 1 
127 13 Car -1.000000 -1 -1 451.9632021179726 173.20657337847945 482.5568216952503 198.18689162447976 -1 -1 -1 -1 -1 -1 -1 -1 1 
127 3 Car -1.000000 -1 -1 -1.620588295444918 228.49420225625454 287.90904814642784 367.76117994688786 -1 -1 -1 -1 -1 -1 -1 -1 1 
128 17 Car -1.000000 -1 -1 648.7157785713016 170.42824744488078 680.9089182116948 191.56876887933876 -1 -1 -1 -1 -1 -1 -1 -1 1 
128 13 Car -1.000000 -1 -1 452.251748785336 172.72144003940372 482.0863615386583 197.47200629967182 -1 -1 -1 -1 -1 -1 -1 -1 1 
128 3 Car -1.000000 -1 -1 -1.6005695066150452 228.4748511106548 287.94789311903037 367.6660391383661 -1 -1 -1 -1 -1 -1 -1 -1 1 
129 17 Car -1.000000 -1 -1 648.2721397091534 170.6816002153901 678.1112961365561 191.0829706152455 -1 -1 -1 -1 -1 -1 -1 -1 1 
129 3 Car -1.000000 -1 -1 -1.5674902956526182 228.52220443853037 287.9956120882 367.628453021096 -1 -1 -1 -1 -1 -1 -1 -1 1 
130 17 Car -1.000000 -1 -1 647.5507281027744 170.47756475090287 675.5584366462056 190.3219474926967 -1 -1 -1 -1 -1 -1 -1 -1 1 
130 3 Car -1.000000 -1 -1 -1.5444900876030658 228.51735487127831 288.01037224482593 367.5799572009541 -1 -1 -1 -1 -1 -1 -1 -1 1 
131 17 Car -1.000000 -1 -1 647.2242268830889 170.4094115851377 673.8225979467952 189.6823462642839 -1 -1 -1 -1 -1 -1 -1 -1 1 
131 3 Car -1.000000 -1 -1 -1.5236923214201283 228.54479765524678 288.0217216254901 367.5591171008247 -1 -1 -1 -1 -1 -1 -1 -1 1 
132 17 Car -1.000000 -1 -1 646.6959369869522 170.4251316329299 672.4481965147485 189.23394579684162 -1 -1 -1 -1 -1 -1 -1 -1 1 
132 3 Car -1.000000 -1 -1 -1.5091659123170018 228.5597285856955 288.021977928787 367.53477741308774 -1 -1 -1 -1 -1 -1 -1 -1 1 
133 17 Car -1.000000 -1 -1 646.1195927346058 170.3194061674208 671.1030194664792 188.87918923398163 -1 -1 -1 -1 -1 -1 -1 -1 1 
133 3 Car -1.000000 -1 -1 -1.4895370915865271 228.51116056647967 288.02958789663546 367.49391759826983 -1 -1 -1 -1 -1 -1 -1 -1 1 
134 17 Car -1.000000 -1 -1 645.7953283116306 170.83135949029446 669.810525669782 188.53470792385951 -1 -1 -1 -1 -1 -1 -1 -1 1 
134 3 Car -1.000000 -1 -1 -1.4161450968434792 228.49198209673793 287.8586934996324 367.6220424924951 -1 -1 -1 -1 -1 -1 -1 -1 1 
135 17 Car -1.000000 -1 -1 645.2759745552632 170.67438435254368 668.1287840304769 187.77108397211347 -1 -1 -1 -1 -1 -1 -1 -1 1 
135 3 Car -1.000000 -1 -1 -1.3933394126117378 228.45870195990233 287.9149530163082 367.53679148558535 -1 -1 -1 -1 -1 -1 -1 -1 1 
136 18 Car -1.000000 -1 -1 448.8405823869908 172.94095334415232 481.2920031348154 199.3712660968639 -1 -1 -1 -1 -1 -1 -1 -1 1 
136 17 Car -1.000000 -1 -1 645.009994294309 170.5497447167345 666.8529619951961 187.22641095876446 -1 -1 -1 -1 -1 -1 -1 -1 1 
136 3 Car -1.000000 -1 -1 -1.397635724296606 228.49559804947532 287.9243816096557 367.51579765621625 -1 -1 -1 -1 -1 -1 -1 -1 1 
137 18 Car -1.000000 -1 -1 448.6611908611551 173.01794828077877 481.45709819797696 199.38810458335584 -1 -1 -1 -1 -1 -1 -1 -1 1 
137 17 Car -1.000000 -1 -1 644.2100628147169 170.3515150566229 665.2353266261608 186.6854620027705 -1 -1 -1 -1 -1 -1 -1 -1 1 
137 3 Car -1.000000 -1 -1 -1.3929000696186051 228.51468706926607 287.91784590763916 367.4915603079123 -1 -1 -1 -1 -1 -1 -1 -1 1 
138 18 Car -1.000000 -1 -1 448.53839891883035 173.0868265922742 481.5005863439509 199.35932397803586 -1 -1 -1 -1 -1 -1 -1 -1 1 
138 17 Car -1.000000 -1 -1 643.5137509077642 170.43931019650128 664.1728082971192 186.4700284098778 -1 -1 -1 -1 -1 -1 -1 -1 1 
138 3 Car -1.000000 -1 -1 -1.37426679469732 228.55579568610722 287.92431641271605 367.48374561574155 -1 -1 -1 -1 -1 -1 -1 -1 1 
139 18 Car -1.000000 -1 -1 448.46409994331333 173.11354229248104 481.5010819110577 199.28137680893474 -1 -1 -1 -1 -1 -1 -1 -1 1 
139 17 Car -1.000000 -1 -1 642.9397442826818 170.40098975223987 663.028569057895 186.10599312257148 -1 -1 -1 -1 -1 -1 -1 -1 1 
139 3 Car -1.000000 -1 -1 -1.363097863227864 228.5566453854559 287.90036519753426 367.46535665577744 -1 -1 -1 -1 -1 -1 -1 -1 1 
140 18 Car -1.000000 -1 -1 448.3932104426858 173.1538097899929 481.46820952636074 199.2335529733784 -1 -1 -1 -1 -1 -1 -1 -1 1 
140 17 Car -1.000000 -1 -1 642.6415733917004 170.09362744891294 662.2197204923077 185.78751678040268 -1 -1 -1 -1 -1 -1 -1 -1 1 
140 3 Car -1.000000 -1 -1 -1.3408772782389917 228.58247246421126 287.90039373139734 367.4554644338192 -1 -1 -1 -1 -1 -1 -1 -1 1 
141 18 Car -1.000000 -1 -1 448.3730933036931 173.1636373176549 481.4985261530323 199.17790684722962 -1 -1 -1 -1 -1 -1 -1 -1 1 
141 17 Car -1.000000 -1 -1 642.2226460969323 169.942900607154 661.5793717756317 185.52426705708677 -1 -1 -1 -1 -1 -1 -1 -1 1 
141 3 Car -1.000000 -1 -1 -1.3290261207600906 228.5980724423898 287.8922405601242 367.44880174471757 -1 -1 -1 -1 -1 -1 -1 -1 1 
142 18 Car -1.000000 -1 -1 448.369501909146 173.18806788063807 481.5169137601022 199.1567911864425 -1 -1 -1 -1 -1 -1 -1 -1 1 
142 17 Car -1.000000 -1 -1 641.7331466190763 169.84529374931262 661.1250954852064 185.31532691601686 -1 -1 -1 -1 -1 -1 -1 -1 1 
142 3 Car -1.000000 -1 -1 -1.3130826620687515 228.6343687674118 287.88943090806947 367.45549308193637 -1 -1 -1 -1 -1 -1 -1 -1 1 
143 18 Car -1.000000 -1 -1 448.36746705865477 173.1932552289688 481.5130232273029 199.11276960909154 -1 -1 -1 -1 -1 -1 -1 -1 1 
143 17 Car -1.000000 -1 -1 641.3824735488432 169.85560319532797 660.5851797709882 185.00605910227958 -1 -1 -1 -1 -1 -1 -1 -1 1 
143 3 Car -1.000000 -1 -1 -1.316560550987134 228.6146009523875 287.871540676859 367.43546180414387 -1 -1 -1 -1 -1 -1 -1 -1 1 
144 18 Car -1.000000 -1 -1 448.3590577351497 173.21071746371064 481.4972967151888 199.0867459594288 -1 -1 -1 -1 -1 -1 -1 -1 1 
144 17 Car -1.000000 -1 -1 641.1429164842976 169.97045723170694 659.8900543593176 184.70724354694195 -1 -1 -1 -1 -1 -1 -1 -1 1 
144 3 Car -1.000000 -1 -1 -1.3184001889598846 228.73042074911152 287.8542808636156 367.4766319203578 -1 -1 -1 -1 -1 -1 -1 -1 1 
145 18 Car -1.000000 -1 -1 448.3710673052062 173.2490551794642 481.48936620490326 199.0851183297717 -1 -1 -1 -1 -1 -1 -1 -1 1 
145 17 Car -1.000000 -1 -1 640.9552836993195 170.04799354072208 659.1307014199493 184.40407131922797 -1 -1 -1 -1 -1 -1 -1 -1 1 
145 3 Car -1.000000 -1 -1 -1.2496643048373812 228.80862176622531 287.6733789366111 367.6212086955028 -1 -1 -1 -1 -1 -1 -1 -1 1 
146 18 Car -1.000000 -1 -1 448.37664770935356 173.25127525838826 481.4748454683077 199.07076444254074 -1 -1 -1 -1 -1 -1 -1 -1 1 
146 17 Car -1.000000 -1 -1 640.6222094871341 170.30611962714627 657.8754867113225 184.1699801175532 -1 -1 -1 -1 -1 -1 -1 -1 1 
146 3 Car -1.000000 -1 -1 -1.1770917161176726 229.00443105432214 287.5497900444089 367.7520503386952 -1 -1 -1 -1 -1 -1 -1 -1 1 
147 18 Car -1.000000 -1 -1 448.3819341347182 173.27723290024215 481.45903313200404 199.07392067523432 -1 -1 -1 -1 -1 -1 -1 -1 1 
147 17 Car -1.000000 -1 -1 640.2451226749876 170.40896056937416 656.7925077964213 183.81472620123444 -1 -1 -1 -1 -1 -1 -1 -1 1 
147 3 Car -1.000000 -1 -1 -1.10588913412019 229.1964888063075 287.461488414687 367.83713866589204 -1 -1 -1 -1 -1 -1 -1 -1 1 
148 18 Car -1.000000 -1 -1 448.3955631793356 173.30844555249115 481.4440261599148 199.06583905340534 -1 -1 -1 -1 -1 -1 -1 -1 1 
148 3 Car -1.000000 -1 -1 -1.1179803669033674 229.26611313390842 287.5716689339771 367.69803685205 -1 -1 -1 -1 -1 -1 -1 -1 1 
149 18 Car -1.000000 -1 -1 448.387234787126 173.313204100511 481.42788471008123 199.07129280674056 -1 -1 -1 -1 -1 -1 -1 -1 1 
149 3 Car -1.000000 -1 -1 -1.0753027674747102 229.2093098124488 287.4734135911964 367.68151975611494 -1 -1 -1 -1 -1 -1 -1 -1 1 
150 18 Car -1.000000 -1 -1 448.39061824284676 173.2968198229645 481.435375773241 199.05702136744532 -1 -1 -1 -1 -1 -1 -1 -1 1 
150 3 Car -1.000000 -1 -1 -1.0399167522804476 229.15560087787264 287.40820071192957 367.6592353664946 -1 -1 -1 -1 -1 -1 -1 -1 1 
151 18 Car -1.000000 -1 -1 448.3893450347349 173.31648263735792 481.4126210954598 199.05624219636832 -1 -1 -1 -1 -1 -1 -1 -1 1 
151 3 Car -1.000000 -1 -1 -0.9882291927589222 229.11014645211793 287.36616668380026 367.6416712933431 -1 -1 -1 -1 -1 -1 -1 -1 1 
152 18 Car -1.000000 -1 -1 448.3984921987423 173.3140724007108 481.4071542748857 199.04839717623605 -1 -1 -1 -1 -1 -1 -1 -1 1 
152 3 Car -1.000000 -1 -1 -0.9476455164285937 228.99071527629712 287.33882231330404 367.59742542480376 -1 -1 -1 -1 -1 -1 -1 -1 1 
153 18 Car -1.000000 -1 -1 448.36512131463235 173.30871409886075 481.3985121507384 199.04187207551254 -1 -1 -1 -1 -1 -1 -1 -1 1 
153 3 Car -1.000000 -1 -1 -0.9126656989370474 228.68964088360553 287.30863105297476 367.4998947537632 -1 -1 -1 -1 -1 -1 -1 -1 1 
154 18 Car -1.000000 -1 -1 448.30531916651387 173.31353139566716 481.38906887657015 199.03666851154549 -1 -1 -1 -1 -1 -1 -1 -1 1 
154 3 Car -1.000000 -1 -1 -0.8877249160244673 228.585828063152 287.2948046234441 367.51291513383444 -1 -1 -1 -1 -1 -1 -1 -1 1 
155 18 Car -1.000000 -1 -1 448.20056028326707 173.32223991450428 481.3522278470486 199.02761941771024 -1 -1 -1 -1 -1 -1 -1 -1 1 
155 3 Car -1.000000 -1 -1 -0.8662601518508666 228.67571158913304 287.2859235880461 367.59694968921235 -1 -1 -1 -1 -1 -1 -1 -1 1 
156 18 Car -1.000000 -1 -1 448.10790035400726 173.32758091902284 481.31977531309553 199.00586693010936 -1 -1 -1 -1 -1 -1 -1 -1 1 
156 3 Car -1.000000 -1 -1 -0.8522526396080252 228.85817449425733 287.2674028791933 367.6929044472937 -1 -1 -1 -1 -1 -1 -1 -1 1 
157 18 Car -1.000000 -1 -1 447.9566409307461 173.34678797195028 481.2243891606651 199.01516951816103 -1 -1 -1 -1 -1 -1 -1 -1 1 
157 3 Car -1.000000 -1 -1 -0.8505006812682154 229.17752612412846 287.24660616122134 367.8020502177628 -1 -1 -1 -1 -1 -1 -1 -1 1 
158 18 Car -1.000000 -1 -1 447.785638194819 173.36109278846814 481.1200908546004 199.04196276800062 -1 -1 -1 -1 -1 -1 -1 -1 1 
158 3 Car -1.000000 -1 -1 -0.8480581298003074 229.5358166123741 287.2341521522436 367.88915518540387 -1 -1 -1 -1 -1 -1 -1 -1 1 
159 18 Car -1.000000 -1 -1 447.61531422028423 173.38699015668817 481.04883953725295 199.09356477951525 -1 -1 -1 -1 -1 -1 -1 -1 1 
159 3 Car -1.000000 -1 -1 -0.8259765288412666 229.39666204170936 287.23226739310337 367.7409577032427 -1 -1 -1 -1 -1 -1 -1 -1 1 
160 18 Car -1.000000 -1 -1 447.40322172463357 173.4088559807784 480.93410392695864 199.17488284031396 -1 -1 -1 -1 -1 -1 -1 -1 1 
160 3 Car -1.000000 -1 -1 -0.8102949375959554 229.44479725737477 287.2284657103536 367.71671587882685 -1 -1 -1 -1 -1 -1 -1 -1 1 
161 18 Car -1.000000 -1 -1 447.2555277044753 173.40424454340877 480.85499242018284 199.24085802278358 -1 -1 -1 -1 -1 -1 -1 -1 1 
161 3 Car -1.000000 -1 -1 -0.7976151035946089 229.396490220386 287.19634029640804 367.65930717650997 -1 -1 -1 -1 -1 -1 -1 -1 1 
162 18 Car -1.000000 -1 -1 447.0187673226863 173.39770133723917 480.73538261271136 199.33761688653786 -1 -1 -1 -1 -1 -1 -1 -1 1 
162 3 Car -1.000000 -1 -1 -0.7814572695165225 229.43542435390026 287.1725698622353 367.6547255071409 -1 -1 -1 -1 -1 -1 -1 -1 1 
163 18 Car -1.000000 -1 -1 446.60529544115514 173.3785167931912 480.5549534267175 199.47595780151354 -1 -1 -1 -1 -1 -1 -1 -1 1 
163 3 Car -1.000000 -1 -1 -0.7731041406661063 229.4937691991276 287.15259786331865 367.6660231476358 -1 -1 -1 -1 -1 -1 -1 -1 1 
164 18 Car -1.000000 -1 -1 446.2351105842403 173.37444244582014 480.4695295343998 199.6724443926061 -1 -1 -1 -1 -1 -1 -1 -1 1 
164 3 Car -1.000000 -1 -1 -0.7567437126212155 229.53243481076044 287.13267796029595 367.6547097332919 -1 -1 -1 -1 -1 -1 -1 -1 1 
165 18 Car -1.000000 -1 -1 445.9669161480847 173.35865758165608 480.57494814687504 199.91012195140183 -1 -1 -1 -1 -1 -1 -1 -1 1 
165 3 Car -1.000000 -1 -1 -0.7294692696142988 229.3065895891795 287.129924068801 367.537804416253 -1 -1 -1 -1 -1 -1 -1 -1 1 
166 18 Car -1.000000 -1 -1 445.518437415277 173.3063694189676 480.4782453349275 200.05573571580348 -1 -1 -1 -1 -1 -1 -1 -1 1 
166 3 Car -1.000000 -1 -1 -0.7215619759128913 229.31492036383543 287.11339999434256 367.5589717942893 -1 -1 -1 -1 -1 -1 -1 -1 1 
167 18 Car -1.000000 -1 -1 445.03675397824884 173.32864005052053 480.12439167180196 200.15448085193222 -1 -1 -1 -1 -1 -1 -1 -1 1 
167 3 Car -1.000000 -1 -1 -0.7853618942396849 229.2561796058547 287.2344215003044 367.397925970263 -1 -1 -1 -1 -1 -1 -1 -1 1 
168 18 Car -1.000000 -1 -1 444.7321403576088 173.41773226430826 479.9355624284031 200.32896230957323 -1 -1 -1 -1 -1 -1 -1 -1 1 
168 3 Car -1.000000 -1 -1 -0.8423863472009145 229.07959518975431 287.34058117034635 367.24773124216995 -1 -1 -1 -1 -1 -1 -1 -1 1 
169 18 Car -1.000000 -1 -1 444.33022138448246 173.44393486269345 479.66994689418766 200.4849483284083 -1 -1 -1 -1 -1 -1 -1 -1 1 
169 3 Car -1.000000 -1 -1 -0.8211397491070329 229.10468364399637 287.23171607796127 367.36685306788945 -1 -1 -1 -1 -1 -1 -1 -1 1 
170 18 Car -1.000000 -1 -1 443.90749232612666 173.4779354482835 479.319825489966 200.6777827489553 -1 -1 -1 -1 -1 -1 -1 -1 1 
170 3 Car -1.000000 -1 -1 -0.7626123576373232 228.92856452815727 287.18692944546115 367.35858500730797 -1 -1 -1 -1 -1 -1 -1 -1 1 
171 18 Car -1.000000 -1 -1 443.37461060818686 173.4644963935098 478.8213752723844 200.84286582008374 -1 -1 -1 -1 -1 -1 -1 -1 1 
171 3 Car -1.000000 -1 -1 -0.7172348214735678 228.74671167252342 287.14750593657345 367.34370841385174 -1 -1 -1 -1 -1 -1 -1 -1 1 
172 18 Car -1.000000 -1 -1 442.8150221729939 173.44402062856892 478.46030442303953 201.1017962830523 -1 -1 -1 -1 -1 -1 -1 -1 1 
172 3 Car -1.000000 -1 -1 -0.6813976469831289 228.7489340457256 287.11255135688475 367.4085909002604 -1 -1 -1 -1 -1 -1 -1 -1 1 
173 18 Car -1.000000 -1 -1 442.29926163613766 173.45495974783046 478.23173226137885 201.45822205664064 -1 -1 -1 -1 -1 -1 -1 -1 1 
173 3 Car -1.000000 -1 -1 -0.6679754332147354 228.9509126585213 287.071902359147 367.536826170703 -1 -1 -1 -1 -1 -1 -1 -1 1 
174 18 Car -1.000000 -1 -1 441.7474394718942 173.45188493997344 478.10548545029343 201.76871992075982 -1 -1 -1 -1 -1 -1 -1 -1 1 
174 3 Car -1.000000 -1 -1 -0.6486466583722006 229.18986783355365 287.0464665467374 367.6374568760157 -1 -1 -1 -1 -1 -1 -1 -1 1 
175 18 Car -1.000000 -1 -1 441.26764101438346 173.46844209119678 478.0775070847782 202.11866776504377 -1 -1 -1 -1 -1 -1 -1 -1 1 
175 3 Car -1.000000 -1 -1 -0.6233157028799781 229.14380140067743 287.0349262928738 367.5928442373399 -1 -1 -1 -1 -1 -1 -1 -1 1 
176 18 Car -1.000000 -1 -1 440.9862466746009 173.4189764689143 478.15885852731753 202.33676398710577 -1 -1 -1 -1 -1 -1 -1 -1 1 
176 3 Car -1.000000 -1 -1 -0.5940942584644802 228.959687102708 287.0351385462035 367.50422035857093 -1 -1 -1 -1 -1 -1 -1 -1 1 
177 18 Car -1.000000 -1 -1 440.61036558288265 173.44306328136807 478.00045349797927 202.60040469333805 -1 -1 -1 -1 -1 -1 -1 -1 1 
177 3 Car -1.000000 -1 -1 -0.6530039983140625 228.91637390951206 287.1724109967737 367.3577442571863 -1 -1 -1 -1 -1 -1 -1 -1 1 
178 18 Car -1.000000 -1 -1 440.3407012472432 173.44025074945873 477.88170069123197 202.8216011371276 -1 -1 -1 -1 -1 -1 -1 -1 1 
178 3 Car -1.000000 -1 -1 -0.7152777357626974 228.88144139933524 287.2513799146685 367.271851658783 -1 -1 -1 -1 -1 -1 -1 -1 1 
179 18 Car -1.000000 -1 -1 440.0935913122501 173.4855140143527 477.7251134984295 203.02571250609128 -1 -1 -1 -1 -1 -1 -1 -1 1 
179 3 Car -1.000000 -1 -1 -0.7460710855019101 228.83218481791104 287.3140946132549 367.2091983102903 -1 -1 -1 -1 -1 -1 -1 -1 1 
180 18 Car -1.000000 -1 -1 439.85196735112856 173.49670585618836 477.63000675104206 203.26492629847453 -1 -1 -1 -1 -1 -1 -1 -1 1 
180 3 Car -1.000000 -1 -1 -0.7789948743108255 228.81746954918472 287.3510757589529 367.1829800194755 -1 -1 -1 -1 -1 -1 -1 -1 1 
181 18 Car -1.000000 -1 -1 439.76617521799744 173.50163450341358 477.7070029045299 203.50071710167998 -1 -1 -1 -1 -1 -1 -1 -1 1 
181 3 Car -1.000000 -1 -1 -0.8005815147458861 228.76343973979655 287.36680757234575 367.14450694803384 -1 -1 -1 -1 -1 -1 -1 -1 1 
182 18 Car -1.000000 -1 -1 439.8501772409573 173.49286127479874 478.11965331506195 203.84632063900503 -1 -1 -1 -1 -1 -1 -1 -1 1 
182 3 Car -1.000000 -1 -1 -0.8106789243318246 228.8010954524034 287.3727572095312 367.1578738961505 -1 -1 -1 -1 -1 -1 -1 -1 1 
183 18 Car -1.000000 -1 -1 439.993926166229 173.46858075125454 478.52930845183687 204.28381703646738 -1 -1 -1 -1 -1 -1 -1 -1 1 
183 3 Car -1.000000 -1 -1 -0.8209027377625091 228.84134948823026 287.3668289267074 367.1626015192207 -1 -1 -1 -1 -1 -1 -1 -1 1 
184 18 Car -1.000000 -1 -1 440.22614631611265 173.47376308041396 479.01904563906857 204.75502186352372 -1 -1 -1 -1 -1 -1 -1 -1 1 
184 3 Car -1.000000 -1 -1 -0.7443760891836746 228.87430969582735 287.22090131962506 367.31292296659285 -1 -1 -1 -1 -1 -1 -1 -1 1 
185 18 Car -1.000000 -1 -1 440.6436886589985 173.52002605088998 480.02005400404255 205.18505751442947 -1 -1 -1 -1 -1 -1 -1 -1 1 
185 3 Car -1.000000 -1 -1 -0.679489306461619 228.9163165644248 287.1105724892545 367.406756890862 -1 -1 -1 -1 -1 -1 -1 -1 1 
186 18 Car -1.000000 -1 -1 441.1648699562831 173.39482916134037 481.19525633686425 205.39070894177885 -1 -1 -1 -1 -1 -1 -1 -1 1 
186 3 Car -1.000000 -1 -1 -0.610893443456149 228.95286493811395 287.0559857369376 367.4600941214028 -1 -1 -1 -1 -1 -1 -1 -1 1 
187 18 Car -1.000000 -1 -1 441.62631999282604 173.356163249705 482.4679668005122 205.56231910187176 -1 -1 -1 -1 -1 -1 -1 -1 1 
187 3 Car -1.000000 -1 -1 -0.5594087509756207 228.97010613036406 287.01641606379405 367.48461482620957 -1 -1 -1 -1 -1 -1 -1 -1 1 
188 18 Car -1.000000 -1 -1 441.98920131996147 173.53360932460856 483.68730193336194 206.05524287975675 -1 -1 -1 -1 -1 -1 -1 -1 1 
188 3 Car -1.000000 -1 -1 -0.5173733320985718 228.87963783836926 286.9932592074699 367.45785095484143 -1 -1 -1 -1 -1 -1 -1 -1 1 
189 18 Car -1.000000 -1 -1 442.41866704233234 173.72445942810862 485.10910639670965 206.49445360107137 -1 -1 -1 -1 -1 -1 -1 -1 1 
189 3 Car -1.000000 -1 -1 -0.49177670638152904 228.75118794333926 286.9645606860787 367.42769513652456 -1 -1 -1 -1 -1 -1 -1 -1 1 
190 18 Car -1.000000 -1 -1 442.96571292004205 173.73897565436758 486.8436149969035 206.66153061878688 -1 -1 -1 -1 -1 -1 -1 -1 1 
190 3 Car -1.000000 -1 -1 -0.4718014971369655 228.61421787073027 286.94197492027865 367.40178164084523 -1 -1 -1 -1 -1 -1 -1 -1 1 
191 18 Car -1.000000 -1 -1 443.58276584623593 173.76222304218913 488.78290156473236 206.99874832594446 -1 -1 -1 -1 -1 -1 -1 -1 1 
191 3 Car -1.000000 -1 -1 -0.4618316972247385 228.5794288443983 286.9072691336683 367.423067989601 -1 -1 -1 -1 -1 -1 -1 -1 1 
192 18 Car -1.000000 -1 -1 444.5193991429582 173.75597500957363 490.848516363188 207.36605231327363 -1 -1 -1 -1 -1 -1 -1 -1 1 
192 3 Car -1.000000 -1 -1 -0.43885934004435967 228.57894137396158 286.89627053222773 367.4543154087427 -1 -1 -1 -1 -1 -1 -1 -1 1 
193 18 Car -1.000000 -1 -1 446.18913381759876 173.73675056642548 494.4828304026628 207.77249299405656 -1 -1 -1 -1 -1 -1 -1 -1 1 
193 3 Car -1.000000 -1 -1 -0.4266354992288086 228.6134699325957 286.86886622689315 367.4894426122825 -1 -1 -1 -1 -1 -1 -1 -1 1 
194 18 Car -1.000000 -1 -1 447.3438425496476 173.75797881621534 497.6469349044373 208.0772619993567 -1 -1 -1 -1 -1 -1 -1 -1 1 
194 3 Car -1.000000 -1 -1 -0.40793108454352023 228.60943778776436 286.8589402705628 367.4946586898129 -1 -1 -1 -1 -1 -1 -1 -1 1 
195 18 Car -1.000000 -1 -1 448.4329059911839 173.81039722862067 500.2886728704596 208.30874199414654 -1 -1 -1 -1 -1 -1 -1 -1 1 
195 3 Car -1.000000 -1 -1 -0.39458046580452333 228.6196143553846 286.84143098878803 367.50102335479 -1 -1 -1 -1 -1 -1 -1 -1 1 
196 18 Car -1.000000 -1 -1 449.7961267945034 173.68029603733538 503.2290359754612 208.55699665288694 -1 -1 -1 -1 -1 -1 -1 -1 1 
196 3 Car -1.000000 -1 -1 -0.38249572393374365 228.63832740410942 286.8327742100059 367.5154825454764 -1 -1 -1 -1 -1 -1 -1 -1 1 
197 18 Car -1.000000 -1 -1 451.44107092223953 173.64887479206863 506.6825421642942 208.89194479005613 -1 -1 -1 -1 -1 -1 -1 -1 1 
197 3 Car -1.000000 -1 -1 -0.3837551426919674 228.64175964537253 286.79584076468143 367.5123181553098 -1 -1 -1 -1 -1 -1 -1 -1 1 
198 18 Car -1.000000 -1 -1 453.48299166911943 173.3372208997772 510.87603519415336 209.19237009612328 -1 -1 -1 -1 -1 -1 -1 -1 1 
198 3 Car -1.000000 -1 -1 -0.3713793177823277 228.65415264754742 286.7804638673897 367.5162405871788 -1 -1 -1 -1 -1 -1 -1 -1 1 
199 18 Car -1.000000 -1 -1 456.0439944887553 173.35187966319137 515.6127291977624 209.63458597276372 -1 -1 -1 -1 -1 -1 -1 -1 1 
199 3 Car -1.000000 -1 -1 -0.3665889068921615 228.65617223159566 286.7510777918022 367.505465999139 -1 -1 -1 -1 -1 -1 -1 -1 1 
200 18 Car -1.000000 -1 -1 459.1628489559006 173.2082842104316 521.0364958664926 210.0654933663518 -1 -1 -1 -1 -1 -1 -1 -1 1 
200 3 Car -1.000000 -1 -1 -0.3551093580614406 228.66898830405137 286.7439915443599 367.5049289210215 -1 -1 -1 -1 -1 -1 -1 -1 1 
201 18 Car -1.000000 -1 -1 462.0658496060567 173.13585856964494 526.5558763803892 210.4896068170974 -1 -1 -1 -1 -1 -1 -1 -1 1 
201 3 Car -1.000000 -1 -1 -0.35054314065229164 228.63775118139228 286.71281568367476 367.48565811434315 -1 -1 -1 -1 -1 -1 -1 -1 1 
202 18 Car -1.000000 -1 -1 465.24366034936975 172.80655475325898 531.9432976610589 210.59896470991947 -1 -1 -1 -1 -1 -1 -1 -1 1 
202 3 Car -1.000000 -1 -1 -0.3404712842851154 228.64187624384698 286.69719407301096 367.4893069044759 -1 -1 -1 -1 -1 -1 -1 -1 1 
203 18 Car -1.000000 -1 -1 469.14377176483265 172.9887803714528 538.4309595521031 211.2817149621222 -1 -1 -1 -1 -1 -1 -1 -1 1 
203 3 Car -1.000000 -1 -1 -0.33947087701807277 228.65647522194553 286.66445602092176 367.50068339208855 -1 -1 -1 -1 -1 -1 -1 -1 1 
204 18 Car -1.000000 -1 -1 473.7249334333237 172.80334576022238 546.2208312876567 211.73238342992232 -1 -1 -1 -1 -1 -1 -1 -1 1 
204 3 Car -1.000000 -1 -1 -0.3278733926243831 228.68123301999242 286.64930867908436 367.51938865004047 -1 -1 -1 -1 -1 -1 -1 -1 1 
205 18 Car -1.000000 -1 -1 477.84697289852693 172.6340078800888 553.0370769063823 212.1229564176029 -1 -1 -1 -1 -1 -1 -1 -1 1 
205 3 Car -1.000000 -1 -1 -0.31843702389898 228.67401556328224 286.62264506294724 367.5010336456972 -1 -1 -1 -1 -1 -1 -1 -1 1 
206 18 Car -1.000000 -1 -1 483.07876638703414 172.3839891957537 561.5733416646033 212.44030416096842 -1 -1 -1 -1 -1 -1 -1 -1 1 
206 3 Car -1.000000 -1 -1 -0.30874253720767797 228.6709279861463 286.6047600291639 367.49323181498704 -1 -1 -1 -1 -1 -1 -1 -1 1 
207 18 Car -1.000000 -1 -1 488.2550832916084 172.1677778983573 569.8688997646296 212.7698200430551 -1 -1 -1 -1 -1 -1 -1 -1 1 
207 3 Car -1.000000 -1 -1 -0.30019858630393514 228.67620380219796 286.58798054306124 367.48792011964326 -1 -1 -1 -1 -1 -1 -1 -1 1 
208 18 Car -1.000000 -1 -1 493.27295528813147 172.35401124257575 578.8547154387823 213.48196133394103 -1 -1 -1 -1 -1 -1 -1 -1 1 
208 3 Car -1.000000 -1 -1 -0.28953945110660584 228.6918832387297 286.59096463350613 367.479767585447 -1 -1 -1 -1 -1 -1 -1 -1 1 
209 18 Car -1.000000 -1 -1 500.8956580759758 172.11748820154565 588.7389339245298 213.648260302378 -1 -1 -1 -1 -1 -1 -1 -1 1 
209 3 Car -1.000000 -1 -1 -0.28750795140325636 228.68446244714806 286.5698398549452 367.46273952788835 -1 -1 -1 -1 -1 -1 -1 -1 1 
210 18 Car -1.000000 -1 -1 506.6953011690655 172.0886211491163 598.5941672074873 214.27023579911446 -1 -1 -1 -1 -1 -1 -1 -1 1 
210 3 Car -1.000000 -1 -1 -0.2798380408441119 228.69836380169966 286.5600387890877 367.4590159335737 -1 -1 -1 -1 -1 -1 -1 -1 1 
211 18 Car -1.000000 -1 -1 514.7973339627572 172.06247384320775 610.306269811289 214.91677338613502 -1 -1 -1 -1 -1 -1 -1 -1 1 
211 3 Car -1.000000 -1 -1 -0.27530164881059704 228.71179117401238 286.5503961416682 367.45770508108996 -1 -1 -1 -1 -1 -1 -1 -1 1 
212 18 Car -1.000000 -1 -1 523.1405150544786 171.69039681199894 622.3666138062254 215.30974531381366 -1 -1 -1 -1 -1 -1 -1 -1 1 
212 3 Car -1.000000 -1 -1 -0.26397286722976787 228.7135467960553 286.5582249934454 367.4582613403801 -1 -1 -1 -1 -1 -1 -1 -1 1 
213 18 Car -1.000000 -1 -1 531.9462263960365 171.5486358645088 634.6336609284908 215.71889242012293 -1 -1 -1 -1 -1 -1 -1 -1 1 
213 3 Car -1.000000 -1 -1 -0.271839647530129 228.71811247860686 286.5210693829139 367.4587059126269 -1 -1 -1 -1 -1 -1 -1 -1 1 
214 18 Car -1.000000 -1 -1 541.2259900873364 171.51285788323784 647.3749186658627 215.93875413363114 -1 -1 -1 -1 -1 -1 -1 -1 1 
214 3 Car -1.000000 -1 -1 -0.26189677637674436 228.7082614241512 286.51364459672016 367.44867522631347 -1 -1 -1 -1 -1 -1 -1 -1 1 
215 18 Car -1.000000 -1 -1 550.767140115938 171.50902232716365 660.7441963971762 216.1617218334284 -1 -1 -1 -1 -1 -1 -1 -1 1 
215 3 Car -1.000000 -1 -1 -0.25299927267101907 228.70507889671205 286.5044800572681 367.43840620227456 -1 -1 -1 -1 -1 -1 -1 -1 1 
216 18 Car -1.000000 -1 -1 561.6214405335543 171.4275589669409 674.7320213793698 216.41800060682053 -1 -1 -1 -1 -1 -1 -1 -1 1 
216 3 Car -1.000000 -1 -1 -0.2340955190122429 228.6725906316317 286.5144931071965 367.41900232471096 -1 -1 -1 -1 -1 -1 -1 -1 1 
217 18 Car -1.000000 -1 -1 572.3114979823638 171.24245789640418 688.7708193144649 216.39642548248804 -1 -1 -1 -1 -1 -1 -1 -1 1 
217 3 Car -1.000000 -1 -1 -0.21726601299494064 228.70273059352283 286.53700260904213 367.4244383084042 -1 -1 -1 -1 -1 -1 -1 -1 1 
218 18 Car -1.000000 -1 -1 583.770337319816 170.963235746793 703.1525061486591 216.34300303790243 -1 -1 -1 -1 -1 -1 -1 -1 1 
218 3 Car -1.000000 -1 -1 -0.2225764384565707 228.71337347395578 286.52232413123227 367.4246344452506 -1 -1 -1 -1 -1 -1 -1 -1 1 
219 18 Car -1.000000 -1 -1 595.9027753293583 170.54468894652985 718.2031303530857 216.4366866823155 -1 -1 -1 -1 -1 -1 -1 -1 1 
219 3 Car -1.000000 -1 -1 -0.22193772207896245 228.7334314402571 286.51200882864964 367.42119075959107 -1 -1 -1 -1 -1 -1 -1 -1 1 
220 18 Car -1.000000 -1 -1 608.2477269603448 170.38028816708527 733.3103893366335 216.71879774148323 -1 -1 -1 -1 -1 -1 -1 -1 1 
220 3 Car -1.000000 -1 -1 -0.19752617711236553 228.74611595918935 286.55600805856926 367.41915557641966 -1 -1 -1 -1 -1 -1 -1 -1 1 
221 18 Car -1.000000 -1 -1 621.3312746394471 170.05400396900393 749.1693540057967 216.72667459328625 -1 -1 -1 -1 -1 -1 -1 -1 1 
221 3 Car -1.000000 -1 -1 -0.1908399564286185 228.75368648610353 286.5648789764981 367.4240104561899 -1 -1 -1 -1 -1 -1 -1 -1 1 
222 18 Car -1.000000 -1 -1 634.907594610175 169.84231655568323 765.0820926095384 216.79044599956774 -1 -1 -1 -1 -1 -1 -1 -1 1 
222 3 Car -1.000000 -1 -1 -0.18771012791879116 228.75021278757032 286.571058933307 367.418172523378 -1 -1 -1 -1 -1 -1 -1 -1 1 
223 18 Car -1.000000 -1 -1 648.621021469947 169.48663918184212 781.1426240293508 216.39056992088462 -1 -1 -1 -1 -1 -1 -1 -1 1 
223 3 Car -1.000000 -1 -1 -0.18018385449602192 228.74603276558366 286.5787357533466 367.4124361869842 -1 -1 -1 -1 -1 -1 -1 -1 1 
224 18 Car -1.000000 -1 -1 663.1860159480686 169.1749736838774 797.3699238152435 216.48900894326937 -1 -1 -1 -1 -1 -1 -1 -1 1 
224 3 Car -1.000000 -1 -1 -0.16622650713622988 228.7607567922234 286.59401573496456 367.4179077224309 -1 -1 -1 -1 -1 -1 -1 -1 1 
225 18 Car -1.000000 -1 -1 678.3073878772188 168.76227059077894 814.6759731071786 216.65979609594854 -1 -1 -1 -1 -1 -1 -1 -1 1 
225 3 Car -1.000000 -1 -1 -0.16475983930632765 228.76859287299357 286.5837663751348 367.4163423679299 -1 -1 -1 -1 -1 -1 -1 -1 1 
226 18 Car -1.000000 -1 -1 693.6890462018949 168.44102591030037 832.0293864079853 216.76848145135205 -1 -1 -1 -1 -1 -1 -1 -1 1 
226 3 Car -1.000000 -1 -1 -0.1571609390838944 228.7624332228395 286.5865927556864 367.4137424779768 -1 -1 -1 -1 -1 -1 -1 -1 1 
227 18 Car -1.000000 -1 -1 709.7017185457387 167.7254636841474 849.9977146285798 215.8244714521151 -1 -1 -1 -1 -1 -1 -1 -1 1 
227 3 Car -1.000000 -1 -1 -0.15531583251126335 228.77366988448375 286.58146503811736 367.4167022041619 -1 -1 -1 -1 -1 -1 -1 -1 1 
228 18 Car -1.000000 -1 -1 725.8011422026577 167.47813679638716 867.8068804268325 215.3126321116497 -1 -1 -1 -1 -1 -1 -1 -1 1 
228 3 Car -1.000000 -1 -1 -0.15133956565310314 228.7642246988725 286.57482849409894 367.40326663233196 -1 -1 -1 -1 -1 -1 -1 -1 1 
229 18 Car -1.000000 -1 -1 741.9496496925417 167.18810416933235 885.7991949885104 215.19256377601255 -1 -1 -1 -1 -1 -1 -1 -1 1 
229 3 Car -1.000000 -1 -1 -0.14764271397331186 228.779381381244 286.5705894105019 367.40608417570456 -1 -1 -1 -1 -1 -1 -1 -1 1 
230 18 Car -1.000000 -1 -1 759.69515678756 166.78866140381334 904.3549578898338 215.03860509690386 -1 -1 -1 -1 -1 -1 -1 -1 1 
230 3 Car -1.000000 -1 -1 -0.138197861822988 228.7964916695003 286.57396282997684 367.40149259706635 -1 -1 -1 -1 -1 -1 -1 -1 1 
231 18 Car -1.000000 -1 -1 777.2813465537452 166.4851342340402 922.709370038822 214.9534251875502 -1 -1 -1 -1 -1 -1 -1 -1 1 
231 3 Car -1.000000 -1 -1 -0.1335304427614119 228.80616702852603 286.57174151874773 367.3939713721652 -1 -1 -1 -1 -1 -1 -1 -1 1 
232 18 Car -1.000000 -1 -1 794.023400390072 165.90078199021764 940.7589162619578 214.39380034034343 -1 -1 -1 -1 -1 -1 -1 -1 1 
232 3 Car -1.000000 -1 -1 -0.13181424307131806 228.81731446181504 286.5611915677399 367.3910694137875 -1 -1 -1 -1 -1 -1 -1 -1 1 
233 18 Car -1.000000 -1 -1 812.0247952356776 165.69701856020728 959.563059039428 214.2059965408682 -1 -1 -1 -1 -1 -1 -1 -1 1 
233 3 Car -1.000000 -1 -1 -0.13186943466556045 228.83215858605283 286.5415185182096 367.39159902057634 -1 -1 -1 -1 -1 -1 -1 -1 1 
234 18 Car -1.000000 -1 -1 830.2376205959865 164.9490264748168 977.8471504886529 213.77856537383897 -1 -1 -1 -1 -1 -1 -1 -1 1 
234 3 Car -1.000000 -1 -1 -0.12259464600154502 228.8667788664235 286.53866321659393 367.4048842898012 -1 -1 -1 -1 -1 -1 -1 -1 1 
235 18 Car -1.000000 -1 -1 848.6248773882835 163.95947451601216 997.0971975018215 213.3255907042123 -1 -1 -1 -1 -1 -1 -1 -1 1 
235 3 Car -1.000000 -1 -1 -0.11792623423892223 228.89501528455907 286.5278760301817 367.39800833490216 -1 -1 -1 -1 -1 -1 -1 -1 1 
236 18 Car -1.000000 -1 -1 866.8148460767158 162.95005943709302 1015.1766406668002 212.3663681242884 -1 -1 -1 -1 -1 -1 -1 -1 1 
236 3 Car -1.000000 -1 -1 -0.10465215255391058 228.91393765030708 286.5386790344391 367.39263153991965 -1 -1 -1 -1 -1 -1 -1 -1 1 
237 18 Car -1.000000 -1 -1 881.8857596907254 162.13344483999344 1026.402184921817 211.64066988452777 -1 -1 -1 -1 -1 -1 -1 -1 1 
237 3 Car -1.000000 -1 -1 -0.16906076060385544 228.89196997481088 286.6967999891083 367.2259782678577 -1 -1 -1 -1 -1 -1 -1 -1 1 
238 18 Car -1.000000 -1 -1 903.6042419099969 160.20943694844436 1050.8005468466747 210.7886235065538 -1 -1 -1 -1 -1 -1 -1 -1 1 
238 3 Car -1.000000 -1 -1 -0.1578678118405037 228.91179378659996 286.64187889697587 367.27911077621076 -1 -1 -1 -1 -1 -1 -1 -1 1 
239 18 Car -1.000000 -1 -1 924.5434103190561 157.70473390230677 1073.8988229650058 210.37201120840388 -1 -1 -1 -1 -1 -1 -1 -1 1 
239 3 Car -1.000000 -1 -1 -0.13877132318143026 228.89655868829445 286.60531472446155 367.29212351242313 -1 -1 -1 -1 -1 -1 -1 -1 1 
240 18 Car -1.000000 -1 -1 945.1652355070919 158.51697505624105 1095.7758458025062 211.6579352797405 -1 -1 -1 -1 -1 -1 -1 -1 1 
240 3 Car -1.000000 -1 -1 -0.12382693937033196 228.93261988395687 286.58309398900747 367.3339808700818 -1 -1 -1 -1 -1 -1 -1 -1 1 
241 18 Car -1.000000 -1 -1 964.8858654005496 158.8069543930242 1116.270033866652 212.03881442716394 -1 -1 -1 -1 -1 -1 -1 -1 1 
241 3 Car -1.000000 -1 -1 -0.19310441336602935 228.93568213098672 286.70792391069045 367.2110141700854 -1 -1 -1 -1 -1 -1 -1 -1 1 
242 18 Car -1.000000 -1 -1 988.2785600415746 158.6441311029463 1138.3106291943773 211.33228924675478 -1 -1 -1 -1 -1 -1 -1 -1 1 
242 3 Car -1.000000 -1 -1 -0.2521514615135345 228.95689522032035 286.7888766738116 367.1270281645154 -1 -1 -1 -1 -1 -1 -1 -1 1 
243 18 Car -1.000000 -1 -1 1006.0157711671412 157.76889977826897 1157.8195467910566 209.88004205883658 -1 -1 -1 -1 -1 -1 -1 -1 1 
243 3 Car -1.000000 -1 -1 -0.22346046235014683 228.96602229488116 286.69100024814685 367.2090170490895 -1 -1 -1 -1 -1 -1 -1 -1 1 
244 18 Car -1.000000 -1 -1 1029.9056784834368 157.09309313028143 1179.6759704124668 208.64605229794773 -1 -1 -1 -1 -1 -1 -1 -1 1 
244 3 Car -1.000000 -1 -1 -0.20011346796437124 228.98011735574664 286.614501697102 367.2696147742648 -1 -1 -1 -1 -1 -1 -1 -1 1 
245 18 Car -1.000000 -1 -1 1046.5292303881856 155.9037155740772 1198.2633891198543 207.414097736679 -1 -1 -1 -1 -1 -1 -1 -1 1 
245 3 Car -1.000000 -1 -1 -0.16811615860757456 228.9549796744703 286.5671458188153 367.27795544183016 -1 -1 -1 -1 -1 -1 -1 -1 1 
246 18 Car -1.000000 -1 -1 1065.7385385820235 154.97533756753649 1219.1431325202657 206.53144414708885 -1 -1 -1 -1 -1 -1 -1 -1 1 
246 3 Car -1.000000 -1 -1 -0.14242890078983805 228.9682773577986 286.5255297871083 367.30517614517953 -1 -1 -1 -1 -1 -1 -1 -1 1 
247 18 Car -1.000000 -1 -1 1081.5941799595648 153.9498609461068 1231.3850340515191 205.3902033646492 -1 -1 -1 -1 -1 -1 -1 -1 1 
247 3 Car -1.000000 -1 -1 -0.113914260705684 228.94986550973505 286.51378630485385 367.3016015737174 -1 -1 -1 -1 -1 -1 -1 -1 1 
248 18 Car -1.000000 -1 -1 1096.8444153764733 153.22024222835387 1238.489077292268 204.2625635081218 -1 -1 -1 -1 -1 -1 -1 -1 1 
248 3 Car -1.000000 -1 -1 -0.09306026843879067 228.951002130637 286.505270535141 367.31122026435116 -1 -1 -1 -1 -1 -1 -1 -1 1 
249 18 Car -1.000000 -1 -1 1113.029957771041 152.37165254396413 1243.1956421236493 203.35749077761548 -1 -1 -1 -1 -1 -1 -1 -1 1 
249 3 Car -1.000000 -1 -1 -0.07752936802594945 228.93857621794223 286.5003394304298 367.3059398185608 -1 -1 -1 -1 -1 -1 -1 -1 1 
250 18 Car -1.000000 -1 -1 1129.9686303295969 149.22975692926337 1246.3180731868754 200.91539045169645 -1 -1 -1 -1 -1 -1 -1 -1 1 
250 3 Car -1.000000 -1 -1 -0.18385872389515612 228.9455755576297 286.5517643076705 367.17517587616544 -1 -1 -1 -1 -1 -1 -1 -1 1 
251 3 Car -1.000000 -1 -1 -0.24808655922302592 228.95479052698838 286.59459782565887 367.0854704880735 -1 -1 -1 -1 -1 -1 -1 -1 1 
252 3 Car -1.000000 -1 -1 -0.2963875192540115 228.99806382312772 286.61941062626954 367.0458999719591 -1 -1 -1 -1 -1 -1 -1 -1 1 
253 3 Car -1.000000 -1 -1 -0.3122510868500399 228.96991742625625 286.6694855672343 366.98626644116547 -1 -1 -1 -1 -1 -1 -1 -1 1 
254 3 Car -1.000000 -1 -1 -0.34548369435771065 229.03132464315473 286.6601863282128 366.9876688315016 -1 -1 -1 -1 -1 -1 -1 -1 1 
255 3 Car -1.000000 -1 -1 -0.3375579134084319 229.01149011138767 286.7037641467037 366.94766278027095 -1 -1 -1 -1 -1 -1 -1 -1 1 
256 3 Car -1.000000 -1 -1 -0.3600431076199868 229.04151429336798 286.6972413452271 366.94650705289314 -1 -1 -1 -1 -1 -1 -1 -1 1 
257 3 Car -1.000000 -1 -1 -0.35675904325441365 229.04580709540886 286.7181750177946 366.938250559545 -1 -1 -1 -1 -1 -1 -1 -1 1 
258 3 Car -1.000000 -1 -1 -0.36398755531800475 229.084305855948 286.70742087373696 366.94838951365995 -1 -1 -1 -1 -1 -1 -1 -1 1 
259 3 Car -1.000000 -1 -1 -0.36027553006360336 229.05018426085437 286.71973519493906 366.9304950377492 -1 -1 -1 -1 -1 -1 -1 -1 1 
260 3 Car -1.000000 -1 -1 -0.35957392505790153 229.04890242348847 286.7225636438825 366.92376868127917 -1 -1 -1 -1 -1 -1 -1 -1 1 
261 3 Car -1.000000 -1 -1 -0.37147125213948584 229.03827245302534 286.71148677876226 366.9165956997085 -1 -1 -1 -1 -1 -1 -1 -1 1 
262 3 Car -1.000000 -1 -1 -0.3786918750275561 229.0342391025643 286.69890205208026 366.9145069034093 -1 -1 -1 -1 -1 -1 -1 -1 1 
263 3 Car -1.000000 -1 -1 -0.3787258784894618 229.03853933165595 286.6959335715786 366.9191260541326 -1 -1 -1 -1 -1 -1 -1 -1 1 
264 3 Car -1.000000 -1 -1 -0.3711846477366407 228.99243008673855 286.7076353873779 366.89891703090257 -1 -1 -1 -1 -1 -1 -1 -1 1 
265 3 Car -1.000000 -1 -1 -0.3669214665203526 229.0088178963028 286.7149448746841 366.90728424699915 -1 -1 -1 -1 -1 -1 -1 -1 1 
266 3 Car -1.000000 -1 -1 -0.3602820806684406 229.03188788075153 286.73215286896084 366.91402558132444 -1 -1 -1 -1 -1 -1 -1 -1 1 
267 3 Car -1.000000 -1 -1 -0.3563777016378822 229.02673876441105 286.71303935663263 366.8982613214163 -1 -1 -1 -1 -1 -1 -1 -1 1 
268 3 Car -1.000000 -1 -1 -0.3542706269139444 229.04894149865376 286.70165994399855 366.9010124982236 -1 -1 -1 -1 -1 -1 -1 -1 1 
269 3 Car -1.000000 -1 -1 -0.34838266387851036 229.07957260425025 286.68932950908015 366.9047571207338 -1 -1 -1 -1 -1 -1 -1 -1 1 
270 3 Car -1.000000 -1 -1 -0.3506688922205967 229.08210234102825 286.664926698171 366.89310574611494 -1 -1 -1 -1 -1 -1 -1 -1 1 
271 3 Car -1.000000 -1 -1 -0.34837375540209337 229.09783739814304 286.6435016851282 366.8913560336921 -1 -1 -1 -1 -1 -1 -1 -1 1 
272 3 Car -1.000000 -1 -1 -0.34563159034104274 229.10039682519465 286.64456693210747 366.8865267056564 -1 -1 -1 -1 -1 -1 -1 -1 1 
273 3 Car -1.000000 -1 -1 -0.34838723516591585 229.09606915660257 286.6398836039516 366.8794793018859 -1 -1 -1 -1 -1 -1 -1 -1 1 
274 3 Car -1.000000 -1 -1 -0.3543756737764454 229.12011190360232 286.6261216653975 366.8895421652459 -1 -1 -1 -1 -1 -1 -1 -1 1 
275 3 Car -1.000000 -1 -1 -0.34878500184683503 229.10356754982405 286.6248262446145 366.86513549462796 -1 -1 -1 -1 -1 -1 -1 -1 1 
276 3 Car -1.000000 -1 -1 -0.3366680276042189 229.1006246974567 286.6333775959669 366.866561246248 -1 -1 -1 -1 -1 -1 -1 -1 1 
277 3 Car -1.000000 -1 -1 -0.32128520216573975 229.1142213947447 286.64494765260895 366.8716372776596 -1 -1 -1 -1 -1 -1 -1 -1 1 
278 3 Car -1.000000 -1 -1 -0.3280969135551288 229.11131498390318 286.62270979925654 366.8691779263273 -1 -1 -1 -1 -1 -1 -1 -1 1 
279 3 Car -1.000000 -1 -1 -0.30790871873202263 229.11414708308314 286.65155742199966 366.8713846763859 -1 -1 -1 -1 -1 -1 -1 -1 1 
280 3 Car -1.000000 -1 -1 -0.24533088720369278 229.11745914752615 286.4836113008453 367.01883389520947 -1 -1 -1 -1 -1 -1 -1 -1 1 
281 3 Car -1.000000 -1 -1 -0.18026580951487858 229.10000342761492 286.376151674547 367.09857998811657 -1 -1 -1 -1 -1 -1 -1 -1 1 
282 20 Car -1.000000 -1 -1 461.4961057871837 170.99488135062916 489.65337470684216 191.82781647023643 -1 -1 -1 -1 -1 -1 -1 -1 1 
282 3 Car -1.000000 -1 -1 -0.19019246594697847 229.09039765685134 286.46152944103983 367.01161428958267 -1 -1 -1 -1 -1 -1 -1 -1 1 
283 20 Car -1.000000 -1 -1 458.2023264216471 171.3573225038397 486.843060721358 192.5956734027982 -1 -1 -1 -1 -1 -1 -1 -1 1 
283 3 Car -1.000000 -1 -1 -0.2123726183804706 229.14355705178548 286.51437004498257 366.99507593603926 -1 -1 -1 -1 -1 -1 -1 -1 1 
284 20 Car -1.000000 -1 -1 455.6558783223968 172.0311409712756 484.96415231601657 193.3480994817923 -1 -1 -1 -1 -1 -1 -1 -1 1 
284 3 Car -1.000000 -1 -1 -0.2205438868141414 229.14256599242987 286.56644098558587 366.9594345102973 -1 -1 -1 -1 -1 -1 -1 -1 1 
285 20 Car -1.000000 -1 -1 452.5396324767029 171.6169335291781 482.92902408691293 193.53862341820334 -1 -1 -1 -1 -1 -1 -1 -1 1 
285 3 Car -1.000000 -1 -1 -0.240511057864353 229.14382684448273 286.58793396936846 366.93957702176067 -1 -1 -1 -1 -1 -1 -1 -1 1 
286 20 Car -1.000000 -1 -1 449.4819126129347 171.8384863171767 481.3541342290549 194.44128174402087 -1 -1 -1 -1 -1 -1 -1 -1 1 
286 3 Car -1.000000 -1 -1 -0.265111743385404 229.17349462006246 286.58445402736163 366.9435525083172 -1 -1 -1 -1 -1 -1 -1 -1 1 
287 20 Car -1.000000 -1 -1 447.14265514892406 172.6447628396023 479.5456654982478 195.63917254151497 -1 -1 -1 -1 -1 -1 -1 -1 1 
287 3 Car -1.000000 -1 -1 -0.27482323745283566 229.18726451655766 286.594406211053 366.939030365328 -1 -1 -1 -1 -1 -1 -1 -1 1 
288 20 Car -1.000000 -1 -1 444.67015400557364 172.648177873354 477.6878875832675 196.28136977813202 -1 -1 -1 -1 -1 -1 -1 -1 1 
288 3 Car -1.000000 -1 -1 -0.2832580424048956 229.15455877513693 286.59224533078213 366.91247561191346 -1 -1 -1 -1 -1 -1 -1 -1 1 
289 20 Car -1.000000 -1 -1 443.4640207518823 173.21847236989353 476.4577297575822 197.0853997300853 -1 -1 -1 -1 -1 -1 -1 -1 1 
289 3 Car -1.000000 -1 -1 -0.27768985153812764 229.12411097493663 286.5979086562246 366.8797154897098 -1 -1 -1 -1 -1 -1 -1 -1 1 
290 20 Car -1.000000 -1 -1 441.43596490139714 173.69058176466606 474.40903467079204 197.95664840119557 -1 -1 -1 -1 -1 -1 -1 -1 1 
290 3 Car -1.000000 -1 -1 -0.2828620009263716 229.16323263001448 286.58794891373657 366.8966580385039 -1 -1 -1 -1 -1 -1 -1 -1 1 
291 20 Car -1.000000 -1 -1 439.54409693953335 173.5348552690702 472.72656965215276 198.3235735553081 -1 -1 -1 -1 -1 -1 -1 -1 1 
291 3 Car -1.000000 -1 -1 -0.2799248164010919 229.1510501589005 286.58860831615266 366.8764281296086 -1 -1 -1 -1 -1 -1 -1 -1 1 
292 20 Car -1.000000 -1 -1 437.35567651525514 173.97651858602285 471.17683543173894 199.02040738256773 -1 -1 -1 -1 -1 -1 -1 -1 1 
292 3 Car -1.000000 -1 -1 -0.2789793746285625 229.18205015885184 286.58876513847633 366.88906875303945 -1 -1 -1 -1 -1 -1 -1 -1 1 
293 20 Car -1.000000 -1 -1 434.91486220148767 174.25383049138108 469.46193279114055 199.95120788945 -1 -1 -1 -1 -1 -1 -1 -1 1 
293 3 Car -1.000000 -1 -1 -0.2079543128828618 229.17855124947863 286.4398715830451 367.0234610040491 -1 -1 -1 -1 -1 -1 -1 -1 1 
294 20 Car -1.000000 -1 -1 432.55651168450714 174.38846149918422 468.0919506738505 200.82530225026548 -1 -1 -1 -1 -1 -1 -1 -1 1 
294 3 Car -1.000000 -1 -1 -0.2140095022535604 229.19826013140266 286.48480170577034 366.98070779259615 -1 -1 -1 -1 -1 -1 -1 -1 1 
295 20 Car -1.000000 -1 -1 430.61973026320885 174.7381200382253 466.89698981757766 201.73644243754063 -1 -1 -1 -1 -1 -1 -1 -1 1 
295 3 Car -1.000000 -1 -1 -0.2178828536485753 229.19795009694263 286.52114280480487 366.9429496113633 -1 -1 -1 -1 -1 -1 -1 -1 1 
296 20 Car -1.000000 -1 -1 429.0529524115937 174.7491728118656 465.8487591071436 202.34044674633878 -1 -1 -1 -1 -1 -1 -1 -1 1 
296 3 Car -1.000000 -1 -1 -0.23349108209660585 229.20421315996742 286.53027761268584 366.92183171665255 -1 -1 -1 -1 -1 -1 -1 -1 1 
297 20 Car -1.000000 -1 -1 427.823815466837 174.72694909243543 464.90991878804084 202.99860894893433 -1 -1 -1 -1 -1 -1 -1 -1 1 
297 3 Car -1.000000 -1 -1 -0.23932364632008785 229.20698336154936 286.5510315531507 366.9114907693258 -1 -1 -1 -1 -1 -1 -1 -1 1 
298 20 Car -1.000000 -1 -1 427.0394730171466 174.49242056661308 464.47516650213987 203.54646870937785 -1 -1 -1 -1 -1 -1 -1 -1 1 
298 3 Car -1.000000 -1 -1 -0.25382714012403085 229.21121559826844 286.55501215357015 366.90361745368585 -1 -1 -1 -1 -1 -1 -1 -1 1 
299 20 Car -1.000000 -1 -1 426.4384401787457 174.6600569462224 464.2724582803559 204.36519995445704 -1 -1 -1 -1 -1 -1 -1 -1 1 
299 3 Car -1.000000 -1 -1 -0.2514613518814315 229.1789669501794 286.5707539078443 366.87643319765755 -1 -1 -1 -1 -1 -1 -1 -1 1 
300 20 Car -1.000000 -1 -1 426.8887223635152 174.66214655097616 465.5455689882703 205.50939734855547 -1 -1 -1 -1 -1 -1 -1 -1 1 
300 3 Car -1.000000 -1 -1 -0.25827126479512685 229.19296354536874 286.567000046829 366.8817692982796 -1 -1 -1 -1 -1 -1 -1 -1 1 
301 20 Car -1.000000 -1 -1 427.957309171863 174.87468477658356 467.6955130567585 206.41969934995254 -1 -1 -1 -1 -1 -1 -1 -1 1 
301 3 Car -1.000000 -1 -1 -0.2637155761080976 229.1678921966007 286.5584746208076 366.87356858146546 -1 -1 -1 -1 -1 -1 -1 -1 1 
302 20 Car -1.000000 -1 -1 428.9404658083373 174.766028933092 470.82710972279324 207.3153250396105 -1 -1 -1 -1 -1 -1 -1 -1 1 
302 3 Car -1.000000 -1 -1 -0.2647157897105217 229.21726712680325 286.55377601294 366.89916715831123 -1 -1 -1 -1 -1 -1 -1 -1 1 
303 20 Car -1.000000 -1 -1 431.03513436629 174.50770135172587 476.42068189412817 208.13130916563438 -1 -1 -1 -1 -1 -1 -1 -1 1 
303 3 Car -1.000000 -1 -1 -0.25649691889097426 229.18530699539585 286.565247139593 366.87305965081305 -1 -1 -1 -1 -1 -1 -1 -1 1 
304 20 Car -1.000000 -1 -1 433.8405824758055 174.3025341155093 483.3299696596433 208.82658115923917 -1 -1 -1 -1 -1 -1 -1 -1 1 
304 3 Car -1.000000 -1 -1 -0.25949916743968515 229.1854654043429 286.5643598163662 366.87592847725233 -1 -1 -1 -1 -1 -1 -1 -1 1 
305 20 Car -1.000000 -1 -1 437.7035705587038 173.81609440623387 491.87430297154475 209.28876132949168 -1 -1 -1 -1 -1 -1 -1 -1 1 
305 3 Car -1.000000 -1 -1 -0.2745817273384148 229.21376953124783 286.5123507556697 366.88196873816753 -1 -1 -1 -1 -1 -1 -1 -1 1 
306 20 Car -1.000000 -1 -1 442.9060987686246 173.28465296526483 502.19939099852104 209.7565595895492 -1 -1 -1 -1 -1 -1 -1 -1 1 
306 3 Car -1.000000 -1 -1 -0.27550929337681396 229.19419446046138 286.47381988798486 366.8631296617524 -1 -1 -1 -1 -1 -1 -1 -1 1 
307 21 Car -1.000000 -1 -1 374.970676126028 173.01834642596225 412.8903164446822 196.72422340103628 -1 -1 -1 -1 -1 -1 -1 -1 1 
307 20 Car -1.000000 -1 -1 449.80922399509484 172.96739652558588 515.4230881291573 210.35843797422964 -1 -1 -1 -1 -1 -1 -1 -1 1 
307 3 Car -1.000000 -1 -1 -0.2527306737974868 229.17781069756734 286.4853170496161 366.85490824111207 -1 -1 -1 -1 -1 -1 -1 -1 1 
308 21 Car -1.000000 -1 -1 371.553736744222 172.6802609962089 409.5674930556617 196.47279579721507 -1 -1 -1 -1 -1 -1 -1 -1 1 
308 20 Car -1.000000 -1 -1 457.5800455031531 172.3775305331566 529.8489108352761 211.0091337930833 -1 -1 -1 -1 -1 -1 -1 -1 1 
308 3 Car -1.000000 -1 -1 -0.24936016508854664 229.18255849568027 286.4739897376302 366.8560796116009 -1 -1 -1 -1 -1 -1 -1 -1 1 
309 21 Car -1.000000 -1 -1 368.1435220605936 172.6989700517877 407.12003662612716 196.66036643388728 -1 -1 -1 -1 -1 -1 -1 -1 1 
309 20 Car -1.000000 -1 -1 467.35951802717057 172.214070652337 546.8704700618521 211.87478585672238 -1 -1 -1 -1 -1 -1 -1 -1 1 
309 3 Car -1.000000 -1 -1 -0.24152919575024612 229.20061784506962 286.46593507731575 366.87050601946316 -1 -1 -1 -1 -1 -1 -1 -1 1 
310 21 Car -1.000000 -1 -1 363.9516568133141 173.42847093873766 403.5553289619211 197.53258103174855 -1 -1 -1 -1 -1 -1 -1 -1 1 
310 20 Car -1.000000 -1 -1 479.41871660161934 171.77906277591492 566.5558363023913 212.32383813215003 -1 -1 -1 -1 -1 -1 -1 -1 1 
310 3 Car -1.000000 -1 -1 -0.15997741039333846 229.21185770489274 286.3115097209526 367.0122902523392 -1 -1 -1 -1 -1 -1 -1 -1 1 
311 21 Car -1.000000 -1 -1 359.6671359581993 173.81525157479751 399.42338862036297 198.301639239861 -1 -1 -1 -1 -1 -1 -1 -1 1 
311 20 Car -1.000000 -1 -1 492.33144041519654 171.30235873988553 586.8295458804516 212.7533535230008 -1 -1 -1 -1 -1 -1 -1 -1 1 
311 3 Car -1.000000 -1 -1 -0.08537317234535635 229.18332696353403 286.21647991772306 367.08608692708947 -1 -1 -1 -1 -1 -1 -1 -1 1 
312 21 Car -1.000000 -1 -1 354.78491822252425 173.98265189970238 395.5241697098348 199.59891130040063 -1 -1 -1 -1 -1 -1 -1 -1 1 
312 20 Car -1.000000 -1 -1 508.3971556049124 170.98074104328646 609.7969134562735 213.17104099888115 -1 -1 -1 -1 -1 -1 -1 -1 1 
312 3 Car -1.000000 -1 -1 -0.10338698351011999 229.13311330636986 286.2996438087013 366.98128642440076 -1 -1 -1 -1 -1 -1 -1 -1 1 
313 22 Car -1.000000 -1 -1 458.4804604026918 172.86435515315134 483.89629124000686 193.92352255555028 -1 -1 -1 -1 -1 -1 -1 -1 1 
313 21 Car -1.000000 -1 -1 350.46252033128917 173.90312251992705 392.7341905328782 200.5897308775624 -1 -1 -1 -1 -1 -1 -1 -1 1 
313 20 Car -1.000000 -1 -1 526.5099154669614 171.32168357976087 633.4642144577036 213.87973097183152 -1 -1 -1 -1 -1 -1 -1 -1 1 
313 3 Car -1.000000 -1 -1 -0.13201207833631656 229.13190283937 286.3377833172682 366.94336071374596 -1 -1 -1 -1 -1 -1 -1 -1 1 
314 22 Car -1.000000 -1 -1 456.736073820659 172.93239158781796 482.880005994438 194.09772223073458 -1 -1 -1 -1 -1 -1 -1 -1 1 
314 21 Car -1.000000 -1 -1 346.5242179740525 173.93496960826633 389.62994886694 201.68299887060647 -1 -1 -1 -1 -1 -1 -1 -1 1 
314 20 Car -1.000000 -1 -1 545.5846084952433 171.06334880999785 658.0283747259788 214.05151176243382 -1 -1 -1 -1 -1 -1 -1 -1 1 
314 3 Car -1.000000 -1 -1 -0.15031201478899447 229.12431460991488 286.3741028374977 366.91712002116526 -1 -1 -1 -1 -1 -1 -1 -1 1 
315 22 Car -1.000000 -1 -1 454.73082506194896 173.2352059246363 481.80719510751214 194.6577806466108 -1 -1 -1 -1 -1 -1 -1 -1 1 
315 21 Car -1.000000 -1 -1 341.6636251978428 174.25551822662285 385.4949708679255 202.73671181948234 -1 -1 -1 -1 -1 -1 -1 -1 1 
315 20 Car -1.000000 -1 -1 566.206772130788 170.75771884000318 683.3272319219806 214.0442425890402 -1 -1 -1 -1 -1 -1 -1 -1 1 
315 3 Car -1.000000 -1 -1 -0.16923043165368767 229.1264841326083 286.39066405013375 366.90075891383833 -1 -1 -1 -1 -1 -1 -1 -1 1 
316 22 Car -1.000000 -1 -1 452.21233219534406 173.65902619686398 480.218692573956 195.40939020803876 -1 -1 -1 -1 -1 -1 -1 -1 1 
316 21 Car -1.000000 -1 -1 336.5138298171329 174.34015195456092 381.598217650071 203.8717480291177 -1 -1 -1 -1 -1 -1 -1 -1 1 
316 20 Car -1.000000 -1 -1 589.5092248666506 170.16764997485586 710.4926296871381 213.90905505022783 -1 -1 -1 -1 -1 -1 -1 -1 1 
316 3 Car -1.000000 -1 -1 -0.1795926916659596 229.1447000940749 286.4106269074205 366.8966730049924 -1 -1 -1 -1 -1 -1 -1 -1 1 
317 22 Car -1.000000 -1 -1 450.34866669504254 174.0856291845093 478.8041776967775 196.22467918796315 -1 -1 -1 -1 -1 -1 -1 -1 1 
317 21 Car -1.000000 -1 -1 331.8365093002966 174.28284522974576 377.95506737147025 204.7589929226092 -1 -1 -1 -1 -1 -1 -1 -1 1 
317 20 Car -1.000000 -1 -1 614.5104020510395 169.55328764029525 739.2231229994796 213.62564072371987 -1 -1 -1 -1 -1 -1 -1 -1 1 
317 3 Car -1.000000 -1 -1 -0.1870302617518007 229.14920345673852 286.425156884369 366.88836417588743 -1 -1 -1 -1 -1 -1 -1 -1 1 
318 22 Car -1.000000 -1 -1 448.9373825841508 173.89992655249657 477.77896032497983 196.6939524524008 -1 -1 -1 -1 -1 -1 -1 -1 1 
318 21 Car -1.000000 -1 -1 326.9214426780155 174.37678713863485 374.52709065854015 205.73121333312994 -1 -1 -1 -1 -1 -1 -1 -1 1 
318 20 Car -1.000000 -1 -1 639.3480243944322 169.3270932962536 766.9364784436094 213.52551501956518 -1 -1 -1 -1 -1 -1 -1 -1 1 
318 3 Car -1.000000 -1 -1 -0.19780353185254285 229.1496237843392 286.4324169205945 366.8785208633033 -1 -1 -1 -1 -1 -1 -1 -1 1 
319 22 Car -1.000000 -1 -1 447.3176899769908 173.6886644665415 476.86088381972115 197.0067261000846 -1 -1 -1 -1 -1 -1 -1 -1 1 
319 21 Car -1.000000 -1 -1 320.81891602932706 174.95715103299247 369.7641636267414 206.65630336570283 -1 -1 -1 -1 -1 -1 -1 -1 1 
319 20 Car -1.000000 -1 -1 664.9072162536506 168.5216188915722 795.3345963345193 213.05574114392357 -1 -1 -1 -1 -1 -1 -1 -1 1 
319 3 Car -1.000000 -1 -1 -0.20277326003011353 229.16637438027584 286.4296198554159 366.87963295157164 -1 -1 -1 -1 -1 -1 -1 -1 1 
320 22 Car -1.000000 -1 -1 445.6203549924422 173.56523381438214 475.54628406496687 197.33213442809765 -1 -1 -1 -1 -1 -1 -1 -1 1 
320 21 Car -1.000000 -1 -1 315.0519046054839 175.22747317201282 365.77001211635826 207.9244011310526 -1 -1 -1 -1 -1 -1 -1 -1 1 
320 20 Car -1.000000 -1 -1 690.8661167793754 167.93050245284903 823.2833420623577 212.58542354851514 -1 -1 -1 -1 -1 -1 -1 -1 1 
320 3 Car -1.000000 -1 -1 -0.20668346457594566 229.16608831489853 286.42627631885284 366.8738941386928 -1 -1 -1 -1 -1 -1 -1 -1 1 
321 22 Car -1.000000 -1 -1 443.982439274481 173.55941387555097 474.24933835995836 197.90728820305046 -1 -1 -1 -1 -1 -1 -1 -1 1 
321 21 Car -1.000000 -1 -1 310.37101535532304 175.39308163838555 361.9639198898742 208.61243937263444 -1 -1 -1 -1 -1 -1 -1 -1 1 
321 20 Car -1.000000 -1 -1 717.495934816177 166.9243751428915 851.3022910447052 211.8095411831721 -1 -1 -1 -1 -1 -1 -1 -1 1 
321 3 Car -1.000000 -1 -1 -0.20410957936928753 229.17558850857188 286.43599333387476 366.8760498471613 -1 -1 -1 -1 -1 -1 -1 -1 1 
322 22 Car -1.000000 -1 -1 442.4099854182758 173.6888436304714 473.1406860974612 198.60650000588805 -1 -1 -1 -1 -1 -1 -1 -1 1 
322 21 Car -1.000000 -1 -1 306.1714552544053 175.8496235298153 357.942240390388 209.84807483927818 -1 -1 -1 -1 -1 -1 -1 -1 1 
322 20 Car -1.000000 -1 -1 743.9966663950693 165.85995545981285 879.523644756156 211.4483851436815 -1 -1 -1 -1 -1 -1 -1 -1 1 
322 3 Car -1.000000 -1 -1 -0.19821899493314277 229.17237291616422 286.44866994154165 366.87149523154017 -1 -1 -1 -1 -1 -1 -1 -1 1 
323 22 Car -1.000000 -1 -1 440.8997472110056 173.78783689623228 472.2629543913487 199.2712009640118 -1 -1 -1 -1 -1 -1 -1 -1 1 
323 21 Car -1.000000 -1 -1 302.7822619287891 176.02863133274127 354.03485447194214 210.69114824882428 -1 -1 -1 -1 -1 -1 -1 -1 1 
323 20 Car -1.000000 -1 -1 770.6790055678109 164.07280266455433 908.2703119515882 210.44397636202308 -1 -1 -1 -1 -1 -1 -1 -1 1 
323 3 Car -1.000000 -1 -1 -0.19557413472495 229.17572808222957 286.4558880890245 366.87147129068654 -1 -1 -1 -1 -1 -1 -1 -1 1 
324 22 Car -1.000000 -1 -1 439.8350383488294 173.9436151878542 471.1768939582078 199.88966730337003 -1 -1 -1 -1 -1 -1 -1 -1 1 
324 21 Car -1.000000 -1 -1 296.8322449661599 176.5785236924549 348.50524847122267 212.4430697026159 -1 -1 -1 -1 -1 -1 -1 -1 1 
324 20 Car -1.000000 -1 -1 797.505787302537 163.57252918464604 937.0001901907655 210.14257164350573 -1 -1 -1 -1 -1 -1 -1 -1 1 
324 3 Car -1.000000 -1 -1 -0.20506338573613903 229.1466353468665 286.44714443570894 366.8489883255199 -1 -1 -1 -1 -1 -1 -1 -1 1 
325 22 Car -1.000000 -1 -1 438.5671855243612 173.72102171537526 470.31433900517504 200.24746993811894 -1 -1 -1 -1 -1 -1 -1 -1 1 
325 21 Car -1.000000 -1 -1 293.766990423537 176.9165291608067 343.9791049187463 213.54593075420502 -1 -1 -1 -1 -1 -1 -1 -1 1 
325 20 Car -1.000000 -1 -1 825.1846065790613 163.51183309023122 966.0262126622637 210.12751425319544 -1 -1 -1 -1 -1 -1 -1 -1 1 
325 3 Car -1.000000 -1 -1 -0.19923607281501177 229.13607852087162 286.4566492870167 366.84997127594795 -1 -1 -1 -1 -1 -1 -1 -1 1 
326 22 Car -1.000000 -1 -1 437.2890512645908 173.60790355251925 469.4397589371552 200.6678627338727 -1 -1 -1 -1 -1 -1 -1 -1 1 
326 21 Car -1.000000 -1 -1 279.2371807021057 177.17016952038958 334.81263686170354 215.45289003760902 -1 -1 -1 -1 -1 -1 -1 -1 1 
326 20 Car -1.000000 -1 -1 849.0609766501003 160.6692878293892 987.6974860375188 208.36269130830766 -1 -1 -1 -1 -1 -1 -1 -1 1 
326 3 Car -1.000000 -1 -1 -0.193614328101944 229.12509648145755 286.4659840701492 366.8470053169802 -1 -1 -1 -1 -1 -1 -1 -1 1 
327 22 Car -1.000000 -1 -1 436.3550279606991 173.6073057260492 469.2455154202179 201.38811882034932 -1 -1 -1 -1 -1 -1 -1 -1 1 
327 21 Car -1.000000 -1 -1 267.85914358391193 177.4164891678356 327.9413701222829 216.99711411050703 -1 -1 -1 -1 -1 -1 -1 -1 1 
327 20 Car -1.000000 -1 -1 875.8709942974859 159.56899677632578 1013.073549341049 207.95270185890115 -1 -1 -1 -1 -1 -1 -1 -1 1 
327 3 Car -1.000000 -1 -1 -0.19784786175387126 229.14426119499382 286.46091759107827 366.8634800025514 -1 -1 -1 -1 -1 -1 -1 -1 1 
328 22 Car -1.000000 -1 -1 436.78043566488697 173.60999553213875 470.04717697654456 201.90828263092553 -1 -1 -1 -1 -1 -1 -1 -1 1 
328 21 Car -1.000000 -1 -1 256.27412230739435 178.07697669860835 321.1348770688078 219.66412989617987 -1 -1 -1 -1 -1 -1 -1 -1 1 
328 20 Car -1.000000 -1 -1 906.4780954231396 158.60636176789788 1046.7364732978153 207.7769105138332 -1 -1 -1 -1 -1 -1 -1 -1 1 
328 3 Car -1.000000 -1 -1 -0.191377070495804 229.1035550248639 286.47837727399667 366.8375690387628 -1 -1 -1 -1 -1 -1 -1 -1 1 
329 22 Car -1.000000 -1 -1 437.6092955354492 173.7594811009119 471.16190332089 202.42905211703498 -1 -1 -1 -1 -1 -1 -1 -1 1 
329 21 Car -1.000000 -1 -1 245.06485163969825 178.5838494038891 314.83018252568485 221.92932367293557 -1 -1 -1 -1 -1 -1 -1 -1 1 
329 20 Car -1.000000 -1 -1 938.5207511434879 156.76199181731533 1080.7467036119622 207.18344744534738 -1 -1 -1 -1 -1 -1 -1 -1 1 
329 3 Car -1.000000 -1 -1 -0.1864422706004234 229.08218791715012 286.4860070895131 366.8290451658163 -1 -1 -1 -1 -1 -1 -1 -1 1 
330 22 Car -1.000000 -1 -1 438.84992314582547 173.8577927764396 472.9622517502791 203.097334917243 -1 -1 -1 -1 -1 -1 -1 -1 1 
330 21 Car -1.000000 -1 -1 234.07424218278175 178.92046430067165 308.3400475662638 223.72889793137267 -1 -1 -1 -1 -1 -1 -1 -1 1 
330 20 Car -1.000000 -1 -1 969.4847715194464 155.3082432540323 1113.8444571669943 206.58037123643103 -1 -1 -1 -1 -1 -1 -1 -1 1 
330 3 Car -1.000000 -1 -1 -0.18634899529911308 229.05875417340997 286.4952915312794 366.82476474996326 -1 -1 -1 -1 -1 -1 -1 -1 1 
331 22 Car -1.000000 -1 -1 440.1489539328732 173.71618319412468 475.70143378968197 203.58851879249002 -1 -1 -1 -1 -1 -1 -1 -1 1 
331 21 Car -1.000000 -1 -1 222.42975850665673 179.00151696916356 302.8463549958841 225.65047142319855 -1 -1 -1 -1 -1 -1 -1 -1 1 
331 20 Car -1.000000 -1 -1 1006.2947813569023 155.870466584118 1148.0484179065459 206.35654180960978 -1 -1 -1 -1 -1 -1 -1 -1 1 
331 3 Car -1.000000 -1 -1 -0.17556936037513537 229.01614022079386 286.50991608779 366.8201912884175 -1 -1 -1 -1 -1 -1 -1 -1 1 
332 22 Car -1.000000 -1 -1 441.67688362103314 173.41170667355397 479.67396685747264 204.12962217300213 -1 -1 -1 -1 -1 -1 -1 -1 1 
332 21 Car -1.000000 -1 -1 208.05144345905387 179.20366688925492 291.65667224005375 227.54416622223374 -1 -1 -1 -1 -1 -1 -1 -1 1 
332 20 Car -1.000000 -1 -1 1034.9800971040968 156.07840524759106 1178.7984092007664 205.5585405963951 -1 -1 -1 -1 -1 -1 -1 -1 1 
332 3 Car -1.000000 -1 -1 -0.17855770637876844 229.01763004605766 286.5171776731877 366.8433250629172 -1 -1 -1 -1 -1 -1 -1 -1 1 
333 22 Car -1.000000 -1 -1 443.6389569848791 173.3694870492348 484.30562914190955 204.8159719834414 -1 -1 -1 -1 -1 -1 -1 -1 1 
333 21 Car -1.000000 -1 -1 195.0844989970183 178.97985113331984 283.84750191983966 228.430856019216 -1 -1 -1 -1 -1 -1 -1 -1 1 
333 20 Car -1.000000 -1 -1 1053.3964320576 156.28035259250063 1203.562592982497 205.1353140392184 -1 -1 -1 -1 -1 -1 -1 -1 1 
333 3 Car -1.000000 -1 -1 -0.193305986612188 228.98066171596784 286.4886513303096 366.83131192626024 -1 -1 -1 -1 -1 -1 -1 -1 1 
334 22 Car -1.000000 -1 -1 445.8457574391148 173.0935312253393 489.2388660628253 205.3120997126589 -1 -1 -1 -1 -1 -1 -1 -1 1 
334 21 Car -1.000000 -1 -1 183.23316914915193 179.28342629779115 274.3328342501616 230.07594381405465 -1 -1 -1 -1 -1 -1 -1 -1 1 
334 20 Car -1.000000 -1 -1 1068.8401231751175 155.22187377010985 1211.2213792636937 204.25263011191518 -1 -1 -1 -1 -1 -1 -1 -1 1 
334 3 Car -1.000000 -1 -1 -0.21985412996480136 228.93630259683965 286.42038581347794 366.7862643786821 -1 -1 -1 -1 -1 -1 -1 -1 1 
335 22 Car -1.000000 -1 -1 449.75082078342547 173.20552312777755 496.4826718490129 205.90547496684508 -1 -1 -1 -1 -1 -1 -1 -1 1 
335 21 Car -1.000000 -1 -1 173.53980093459597 179.81375000761238 264.84567303938354 232.32289639688122 -1 -1 -1 -1 -1 -1 -1 -1 1 
335 20 Car -1.000000 -1 -1 1091.7409396639075 152.11720481760364 1230.811673301898 202.56126878295368 -1 -1 -1 -1 -1 -1 -1 -1 1 
335 3 Car -1.000000 -1 -1 -0.2393821400712568 228.75113913809776 286.37117627255674 366.71285396627775 -1 -1 -1 -1 -1 -1 -1 -1 1 
336 22 Car -1.000000 -1 -1 453.6723350682847 172.99001885506067 503.1276288975407 206.18763501224663 -1 -1 -1 -1 -1 -1 -1 -1 1 
336 21 Car -1.000000 -1 -1 147.6198652327469 180.59972722132778 248.53067169949784 237.02354639745306 -1 -1 -1 -1 -1 -1 -1 -1 1 
336 20 Car -1.000000 -1 -1 1117.2969663912324 152.96433530273913 1243.353257452564 203.05792817713012 -1 -1 -1 -1 -1 -1 -1 -1 1 
336 3 Car -1.000000 -1 -1 -0.2791979024064233 228.8229271162616 286.3290389852092 366.7719944747001 -1 -1 -1 -1 -1 -1 -1 -1 1 
337 22 Car -1.000000 -1 -1 458.403263071947 172.4645838489288 510.75765481599365 206.14686728709862 -1 -1 -1 -1 -1 -1 -1 -1 1 
337 21 Car -1.000000 -1 -1 123.72604135044739 180.68962519003634 234.51497608722158 240.8451238864247 -1 -1 -1 -1 -1 -1 -1 -1 1 
337 20 Car -1.000000 -1 -1 1135.456304665142 150.7281383966865 1248.3583157029698 201.4451779609494 -1 -1 -1 -1 -1 -1 -1 -1 1 
337 3 Car -1.000000 -1 -1 -0.28506094915661606 228.85874547774057 286.32348930465264 366.79622359438923 -1 -1 -1 -1 -1 -1 -1 -1 1 
338 22 Car -1.000000 -1 -1 464.2476569006939 172.32134937982156 520.0812547931827 206.7906947793405 -1 -1 -1 -1 -1 -1 -1 -1 1 
338 21 Car -1.000000 -1 -1 97.96067586312464 181.26241506166497 218.90371064528952 244.32078108220327 -1 -1 -1 -1 -1 -1 -1 -1 1 
338 20 Car -1.000000 -1 -1 1156.3317238482255 151.7863957784498 1252.092527631593 201.61454061554758 -1 -1 -1 -1 -1 -1 -1 -1 1 
338 3 Car -1.000000 -1 -1 -0.26781710998164954 228.81262570737871 286.34559013904635 366.84613782981705 -1 -1 -1 -1 -1 -1 -1 -1 1 
339 22 Car -1.000000 -1 -1 470.90106260514614 172.0278624641495 529.862493555037 207.00852662147446 -1 -1 -1 -1 -1 -1 -1 -1 1 
339 21 Car -1.000000 -1 -1 70.01470151721782 181.63586371397537 201.22951073828358 247.4306888243243 -1 -1 -1 -1 -1 -1 -1 -1 1 
339 3 Car -1.000000 -1 -1 -0.2657088680469428 228.77492806691285 286.24860991301574 366.91774143110376 -1 -1 -1 -1 -1 -1 -1 -1 1 
340 22 Car -1.000000 -1 -1 478.522543151878 171.72207701000977 541.4691286529857 207.48597675879628 -1 -1 -1 -1 -1 -1 -1 -1 1 
340 21 Car -1.000000 -1 -1 42.26334191260254 181.66308590402284 184.9312409202795 247.98521461249086 -1 -1 -1 -1 -1 -1 -1 -1 1 
340 3 Car -1.000000 -1 -1 -0.19740053696540372 228.3616290405833 286.35810755058424 366.8536908406838 -1 -1 -1 -1 -1 -1 -1 -1 1 
341 22 Car -1.000000 -1 -1 486.5665454688507 171.63330657835297 553.5546975168908 208.1389102202681 -1 -1 -1 -1 -1 -1 -1 -1 1 
341 21 Car -1.000000 -1 -1 15.676007369132705 182.21087980676174 163.48706754029843 248.46730344339773 -1 -1 -1 -1 -1 -1 -1 -1 1 
341 3 Car -1.000000 -1 -1 -0.17545717215543277 228.53457456551996 286.4091654220193 366.9265178457955 -1 -1 -1 -1 -1 -1 -1 -1 1 
342 22 Car -1.000000 -1 -1 495.1924741598429 171.50237206894326 565.7248313923076 208.51111465559637 -1 -1 -1 -1 -1 -1 -1 -1 1 
342 21 Car -1.000000 -1 -1 -1.3966645971783862 182.50184225413608 147.10868696166114 248.43104009176233 -1 -1 -1 -1 -1 -1 -1 -1 1 
342 3 Car -1.000000 -1 -1 -0.2701634089653737 229.237900055179 286.1836322352559 367.26486400312103 -1 -1 -1 -1 -1 -1 -1 -1 1 
343 22 Car -1.000000 -1 -1 505.6728305245187 171.12629059693265 579.7944719390451 208.8521849850358 -1 -1 -1 -1 -1 -1 -1 -1 1 
343 21 Car -1.000000 -1 -1 -11.554999118536223 182.05073096519237 131.02650426956802 245.88497861508046 -1 -1 -1 -1 -1 -1 -1 -1 1 
343 3 Car -1.000000 -1 -1 -0.25389115732119194 229.20665113906617 285.88644462668685 367.1532526521743 -1 -1 -1 -1 -1 -1 -1 -1 1 
344 22 Car -1.000000 -1 -1 517.1494794206948 171.10630151631588 594.6848242243915 209.22100327254415 -1 -1 -1 -1 -1 -1 -1 -1 1 
344 21 Car -1.000000 -1 -1 -20.584091508239275 180.84680469085058 108.2907904016567 240.84083519415324 -1 -1 -1 -1 -1 -1 -1 -1 1 
344 3 Car -1.000000 -1 -1 -0.23038388917194652 228.91186200099423 285.73073136289736 367.00599962415754 -1 -1 -1 -1 -1 -1 -1 -1 1 
345 22 Car -1.000000 -1 -1 528.948482870377 171.21490007001998 610.1170728797632 209.75992160828443 -1 -1 -1 -1 -1 -1 -1 -1 1 
345 3 Car -1.000000 -1 -1 -0.18985245154675567 229.2130269169811 285.86542417864905 367.1453953716174 -1 -1 -1 -1 -1 -1 -1 -1 1 
346 22 Car -1.000000 -1 -1 541.8132570080165 171.24001769523682 626.5227279804822 210.28089617022755 -1 -1 -1 -1 -1 -1 -1 -1 1 
346 3 Car -1.000000 -1 -1 -0.2115154933725023 229.22563553318366 286.09303381631423 367.1790479307359 -1 -1 -1 -1 -1 -1 -1 -1 1 
347 22 Car -1.000000 -1 -1 555.175006745545 171.4091478770938 643.2159162731714 210.790925328507 -1 -1 -1 -1 -1 -1 -1 -1 1 
347 3 Car -1.000000 -1 -1 -0.3633498845304075 230.1563328396267 285.83383986963815 367.4615051334924 -1 -1 -1 -1 -1 -1 -1 -1 1 
348 22 Car -1.000000 -1 -1 568.7805327137346 171.03166846933047 660.79233438282 210.9736636002519 -1 -1 -1 -1 -1 -1 -1 -1 1 
348 3 Car -1.000000 -1 -1 -0.08099650557781501 229.44210968223936 285.99380541007883 367.07745567456243 -1 -1 -1 -1 -1 -1 -1 -1 1 
349 22 Car -1.000000 -1 -1 584.4265137155767 170.75372602818888 680.0190181152154 211.15895975442956 -1 -1 -1 -1 -1 -1 -1 -1 1 
349 3 Car -1.000000 -1 -1 0.024764315014408567 229.1633213598414 286.01618715137135 367.0113068608379 -1 -1 -1 -1 -1 -1 -1 -1 1 
350 22 Car -1.000000 -1 -1 599.8383914716028 170.55887241624066 698.4437907110089 211.54968561493405 -1 -1 -1 -1 -1 -1 -1 -1 1 
350 3 Car -1.000000 -1 -1 0.0057025218562785085 229.0333176340228 286.16362112752915 366.8939778034175 -1 -1 -1 -1 -1 -1 -1 -1 1 
351 22 Car -1.000000 -1 -1 617.3488639137373 170.08631899368243 718.6246438178945 211.687676612261 -1 -1 -1 -1 -1 -1 -1 -1 1 
351 3 Car -1.000000 -1 -1 -0.030139355417304614 229.01044550059342 286.23966819411845 366.8559122463274 -1 -1 -1 -1 -1 -1 -1 -1 1 
352 22 Car -1.000000 -1 -1 635.2814302911132 169.9463689929594 739.5330236538233 212.01957461052066 -1 -1 -1 -1 -1 -1 -1 -1 1 
352 3 Car -1.000000 -1 -1 -0.0668283077001206 229.004538925284 286.2904166880851 366.84036338298165 -1 -1 -1 -1 -1 -1 -1 -1 1 
353 22 Car -1.000000 -1 -1 653.8803130107844 169.91438985695933 760.4280804600603 212.31000625310153 -1 -1 -1 -1 -1 -1 -1 -1 1 
353 3 Car -1.000000 -1 -1 -0.09353517907163678 229.00342636525585 286.3342220922953 366.83438724210595 -1 -1 -1 -1 -1 -1 -1 -1 1 
354 22 Car -1.000000 -1 -1 673.0316288817415 169.4796398231344 782.008014860177 212.19387504004595 -1 -1 -1 -1 -1 -1 -1 -1 1 
354 3 Car -1.000000 -1 -1 -0.10955824590280372 229.01370741518824 286.3604803747208 366.83199279803216 -1 -1 -1 -1 -1 -1 -1 -1 1 
355 22 Car -1.000000 -1 -1 693.498115083379 168.75084178918124 804.5184687060001 211.95178645424025 -1 -1 -1 -1 -1 -1 -1 -1 1 
355 3 Car -1.000000 -1 -1 -0.12833760885928314 229.0220087461776 286.3858496303727 366.8300843595672 -1 -1 -1 -1 -1 -1 -1 -1 1 
356 22 Car -1.000000 -1 -1 714.114971277345 168.05611304437284 826.8270863164533 211.6113494027757 -1 -1 -1 -1 -1 -1 -1 -1 1 
356 3 Car -1.000000 -1 -1 -0.14794957886260818 229.0547751408289 286.3884597206731 366.83711781438825 -1 -1 -1 -1 -1 -1 -1 -1 1 
357 22 Car -1.000000 -1 -1 735.2776333047142 167.22608999211917 849.9146617005925 211.16981212308525 -1 -1 -1 -1 -1 -1 -1 -1 1 
357 3 Car -1.000000 -1 -1 -0.15834627717003968 229.0976592300504 286.4027144377224 366.84229643287773 -1 -1 -1 -1 -1 -1 -1 -1 1 
358 22 Car -1.000000 -1 -1 757.5385835682206 166.46927226130148 874.166046010986 210.932652436695 -1 -1 -1 -1 -1 -1 -1 -1 1 
358 3 Car -1.000000 -1 -1 -0.16680678608778976 229.11159913357284 286.42314213940995 366.8407268711649 -1 -1 -1 -1 -1 -1 -1 -1 1 
359 22 Car -1.000000 -1 -1 780.4695515036517 166.0145734518059 898.4476364730699 210.71519377677205 -1 -1 -1 -1 -1 -1 -1 -1 1 
359 3 Car -1.000000 -1 -1 -0.1753930162584254 229.0853113941177 286.43312336667816 366.8211455613263 -1 -1 -1 -1 -1 -1 -1 -1 1 
360 22 Car -1.000000 -1 -1 803.0213278646089 165.4705046305598 922.8356779909867 210.58867559208028 -1 -1 -1 -1 -1 -1 -1 -1 1 
360 3 Car -1.000000 -1 -1 -0.181028808755201 229.080989464837 286.44050280300985 366.8248660354361 -1 -1 -1 -1 -1 -1 -1 -1 1 
361 22 Car -1.000000 -1 -1 826.1083157055523 164.94508643898 947.2510041874984 210.36143197327834 -1 -1 -1 -1 -1 -1 -1 -1 1 
361 3 Car -1.000000 -1 -1 -0.19325980329986692 229.07515722942267 286.42917614391297 366.8300328660639 -1 -1 -1 -1 -1 -1 -1 -1 1 
362 22 Car -1.000000 -1 -1 849.506638223229 163.91494233182829 971.641537933448 209.7272053824608 -1 -1 -1 -1 -1 -1 -1 -1 1 
362 3 Car -1.000000 -1 -1 -0.19544913337358594 229.03804537310538 286.4281162547071 366.80762817774786 -1 -1 -1 -1 -1 -1 -1 -1 1 
363 22 Car -1.000000 -1 -1 871.8994077994852 162.83281345152375 995.5759067621215 209.23297680771265 -1 -1 -1 -1 -1 -1 -1 -1 1 
363 3 Car -1.000000 -1 -1 -0.1780959057545317 229.02835262628415 286.44909223333536 366.8121596110193 -1 -1 -1 -1 -1 -1 -1 -1 1 
364 22 Car -1.000000 -1 -1 892.539404751549 162.42436503152288 1014.0668608974161 209.01461149401263 -1 -1 -1 -1 -1 -1 -1 -1 1 
364 3 Car -1.000000 -1 -1 -0.18211873754054864 229.0193610521491 286.4468673839424 366.8117935801995 -1 -1 -1 -1 -1 -1 -1 -1 1 
365 22 Car -1.000000 -1 -1 911.4466137127877 161.3365714807383 1025.9030949015103 208.16970064981936 -1 -1 -1 -1 -1 -1 -1 -1 1 
365 3 Car -1.000000 -1 -1 -0.17341145265149294 228.98280000788043 286.45493348777336 366.7770114483519 -1 -1 -1 -1 -1 -1 -1 -1 1 
366 22 Car -1.000000 -1 -1 940.56208030883 160.3290204406675 1059.7916176825352 208.2023129755719 -1 -1 -1 -1 -1 -1 -1 -1 1 
366 3 Car -1.000000 -1 -1 -0.17884686698047858 229.0278275998831 286.4528184982728 366.81527412726206 -1 -1 -1 -1 -1 -1 -1 -1 1 
367 22 Car -1.000000 -1 -1 965.3838913600765 158.8279591027649 1089.130468772966 209.1159556040002 -1 -1 -1 -1 -1 -1 -1 -1 1 
367 3 Car -1.000000 -1 -1 -0.1783888407090899 229.0354914982836 286.46525585819836 366.86661681754595 -1 -1 -1 -1 -1 -1 -1 -1 1 
368 22 Car -1.000000 -1 -1 990.3361512051638 158.36972364236468 1116.463703335019 208.0714749762831 -1 -1 -1 -1 -1 -1 -1 -1 1 
368 3 Car -1.000000 -1 -1 -0.17210326511732887 229.0232708268032 286.4653406633204 366.8383838641538 -1 -1 -1 -1 -1 -1 -1 -1 1 
369 22 Car -1.000000 -1 -1 1021.7063978225269 157.42202625881023 1143.2796762400976 206.47471332620816 -1 -1 -1 -1 -1 -1 -1 -1 1 
369 3 Car -1.000000 -1 -1 -0.16793925658637932 229.0022331399599 286.4646453577345 366.813134520954 -1 -1 -1 -1 -1 -1 -1 -1 1 
370 22 Car -1.000000 -1 -1 1038.4907814222404 157.03855977962894 1163.1175777806336 205.15535595217239 -1 -1 -1 -1 -1 -1 -1 -1 1 
370 3 Car -1.000000 -1 -1 -0.16537470761383588 229.03084504809357 286.4614677890362 366.8264091606533 -1 -1 -1 -1 -1 -1 -1 -1 1 
371 22 Car -1.000000 -1 -1 1057.9565320089616 155.90304653869697 1185.2358670335682 203.8883408663704 -1 -1 -1 -1 -1 -1 -1 -1 1 
371 3 Car -1.000000 -1 -1 -0.1626612036898507 229.01659756829275 286.4654575924146 366.81733925931456 -1 -1 -1 -1 -1 -1 -1 -1 1 
372 22 Car -1.000000 -1 -1 1077.6564209308574 154.80398647233926 1206.4052301123759 202.91916748957397 -1 -1 -1 -1 -1 -1 -1 -1 1 
372 3 Car -1.000000 -1 -1 -0.16370688273767087 229.02186263634167 286.45941838735075 366.81957210128235 -1 -1 -1 -1 -1 -1 -1 -1 1 
373 22 Car -1.000000 -1 -1 1096.7520950476567 153.39471464809387 1225.4514804335693 201.67077473450323 -1 -1 -1 -1 -1 -1 -1 -1 1 
373 3 Car -1.000000 -1 -1 -0.16779163597558977 229.01935335915067 286.4536732083551 366.81668182747575 -1 -1 -1 -1 -1 -1 -1 -1 1 
374 22 Car -1.000000 -1 -1 1113.0961714682119 152.44773687221866 1236.201364535111 200.33299640488403 -1 -1 -1 -1 -1 -1 -1 -1 1 
374 3 Car -1.000000 -1 -1 -0.165450002445084 229.0148491135172 286.45070523010133 366.8151835552557 -1 -1 -1 -1 -1 -1 -1 -1 1 
375 22 Car -1.000000 -1 -1 1128.9724086115139 151.83331588234267 1242.2214171012242 198.9107901002223 -1 -1 -1 -1 -1 -1 -1 -1 1 
375 3 Car -1.000000 -1 -1 -0.16363787411057729 229.00373957501395 286.4503575999907 366.8095031689236 -1 -1 -1 -1 -1 -1 -1 -1 1 
