0 2 Car -1.000000 -1 -1 962.8361211025838 185.0235444872804 1062.9261469638225 220.41076642580555 -1 -1 -1 -1 -1 -1 -1 -1 1 
0 1 Car -1.000000 -1 -1 1057.1160895860432 186.428085589057 1155.2626945936443 222.186904645318 -1 -1 -1 -1 -1 -1 -1 -1 1 
1 2 Car -1.000000 -1 -1 962.4424441739505 184.6406044716715 1062.685365784178 220.14798847155737 -1 -1 -1 -1 -1 -1 -1 -1 1 
1 1 Car -1.000000 -1 -1 1057.1053624376561 186.4824206150319 1155.2885569489238 222.2970734507074 -1 -1 -1 -1 -1 -1 -1 -1 1 
2 2 Car -1.000000 -1 -1 962.4621180971817 184.62546579146687 1062.6345983947624 220.1251381333047 -1 -1 -1 -1 -1 -1 -1 -1 1 
2 1 Car -1.000000 -1 -1 1057.0674756269214 186.44453467048234 1155.2893073402265 222.30249574290835 -1 -1 -1 -1 -1 -1 -1 -1 1 
3 2 Car -1.000000 -1 -1 962.4519902208337 184.6787876239481 1062.5826952207015 220.1458463535041 -1 -1 -1 -1 -1 -1 -1 -1 1 
3 1 Car -1.000000 -1 -1 1057.0101951650784 186.45271277727002 1155.269945485354 222.33398675498213 -1 -1 -1 -1 -1 -1 -1 -1 1 
4 2 Car -1.000000 -1 -1 962.3878770748811 184.69379614480576 1062.5262836463578 220.1432158918307 -1 -1 -1 -1 -1 -1 -1 -1 1 
4 1 Car -1.000000 -1 -1 1056.8117930282895 186.42953658214998 1155.2371093135832 222.3634752457811 -1 -1 -1 -1 -1 -1 -1 -1 1 
5 2 Car -1.000000 -1 -1 962.4798202848312 184.61735834038166 1062.6018081145637 220.10248237282713 -1 -1 -1 -1 -1 -1 -1 -1 1 
5 1 Car -1.000000 -1 -1 1056.8348925250536 186.38591441252495 1155.3010212786032 222.319516969538 -1 -1 -1 -1 -1 -1 -1 -1 1 
6 2 Car -1.000000 -1 -1 962.5847259911299 184.71274844113995 1062.547193879161 220.0934180409657 -1 -1 -1 -1 -1 -1 -1 -1 1 
6 1 Car -1.000000 -1 -1 1056.8514133261874 186.35149145534567 1155.299996100005 222.2600542143293 -1 -1 -1 -1 -1 -1 -1 -1 1 
7 2 Car -1.000000 -1 -1 962.6636017190177 184.78327607621915 1062.5466812369386 220.0931583623906 -1 -1 -1 -1 -1 -1 -1 -1 1 
7 1 Car -1.000000 -1 -1 1056.8038888734811 186.31429848003427 1155.2446355145 222.20256413636378 -1 -1 -1 -1 -1 -1 -1 -1 1 
8 2 Car -1.000000 -1 -1 962.6783728633909 184.8491176228256 1062.522150930594 220.09033091969576 -1 -1 -1 -1 -1 -1 -1 -1 1 
8 1 Car -1.000000 -1 -1 1056.802303870253 186.27694928557358 1155.2180255692253 222.14874189253706 -1 -1 -1 -1 -1 -1 -1 -1 1 
9 2 Car -1.000000 -1 -1 962.7009200109809 184.8680264593004 1062.6136160777446 220.0926982624941 -1 -1 -1 -1 -1 -1 -1 -1 1 
9 1 Car -1.000000 -1 -1 1056.796757313736 186.258743891187 1155.1973873224908 222.12048547721434 -1 -1 -1 -1 -1 -1 -1 -1 1 
10 2 Car -1.000000 -1 -1 962.8380324126301 185.09597307958452 1062.8825828660254 220.3567040950483 -1 -1 -1 -1 -1 -1 -1 -1 1 
10 1 Car -1.000000 -1 -1 1056.795272288461 186.25284255993915 1155.1981576581156 222.10672124072914 -1 -1 -1 -1 -1 -1 -1 -1 1 
11 2 Car -1.000000 -1 -1 962.9019812617025 185.1957479604732 1062.8650703718213 220.4498891768163 -1 -1 -1 -1 -1 -1 -1 -1 1 
11 1 Car -1.000000 -1 -1 1056.7575576681395 186.2372292606386 1155.1788383776254 222.0860730705019 -1 -1 -1 -1 -1 -1 -1 -1 1 
12 2 Car -1.000000 -1 -1 963.040053399216 185.20968759909192 1062.8032298011426 220.4595843393774 -1 -1 -1 -1 -1 -1 -1 -1 1 
12 1 Car -1.000000 -1 -1 1056.6946924365782 186.26897286040028 1155.1747521216946 222.0815463985151 -1 -1 -1 -1 -1 -1 -1 -1 1 
13 2 Car -1.000000 -1 -1 962.8594530909131 184.6745562504073 1063.7398568123626 220.33412854984556 -1 -1 -1 -1 -1 -1 -1 -1 1 
13 1 Car -1.000000 -1 -1 1056.7138560857295 186.3122202469841 1155.2038658634626 222.09744910475962 -1 -1 -1 -1 -1 -1 -1 -1 1 
14 2 Car -1.000000 -1 -1 962.5252201473181 184.96607068406632 1063.1816534600455 220.54612034746685 -1 -1 -1 -1 -1 -1 -1 -1 1 
14 1 Car -1.000000 -1 -1 1056.7233090422205 186.34162669353594 1155.2198258272215 222.13037424168908 -1 -1 -1 -1 -1 -1 -1 -1 1 
15 2 Car -1.000000 -1 -1 962.7117146448019 184.97600396642474 1063.0394751795081 220.49497267304025 -1 -1 -1 -1 -1 -1 -1 -1 1 
15 1 Car -1.000000 -1 -1 1056.7212512848052 186.339711146206 1155.2272423822508 222.14613023726395 -1 -1 -1 -1 -1 -1 -1 -1 1 
16 2 Car -1.000000 -1 -1 962.6851064633348 184.88270086302512 1063.0504985122038 220.29637184490414 -1 -1 -1 -1 -1 -1 -1 -1 1 
16 1 Car -1.000000 -1 -1 1056.6973905680327 186.3266246373994 1155.1675889916148 222.09131160003113 -1 -1 -1 -1 -1 -1 -1 -1 1 
17 2 Car -1.000000 -1 -1 962.5046584437996 184.8627784868972 1062.9762795953943 220.1991493511109 -1 -1 -1 -1 -1 -1 -1 -1 1 
17 1 Car -1.000000 -1 -1 1056.889633141772 186.25467384680286 1155.0834098058906 221.96800786052415 -1 -1 -1 -1 -1 -1 -1 -1 1 
18 2 Car -1.000000 -1 -1 962.3088288790326 184.58281616418023 1062.7592044351154 219.85412191825614 -1 -1 -1 -1 -1 -1 -1 -1 1 
18 1 Car -1.000000 -1 -1 1057.0109249351867 186.22872014228827 1155.0117926385992 221.91102263437503 -1 -1 -1 -1 -1 -1 -1 -1 1 
19 2 Car -1.000000 -1 -1 961.5340021154116 184.3747870788337 1062.497307446134 219.63191987588763 -1 -1 -1 -1 -1 -1 -1 -1 1 
19 1 Car -1.000000 -1 -1 1057.169326257317 186.24267320577886 1155.0175421556744 221.89807288853595 -1 -1 -1 -1 -1 -1 -1 -1 1 
20 2 Car -1.000000 -1 -1 973.3735345262311 184.56912936842213 1067.161778810579 219.30882697988739 -1 -1 -1 -1 -1 -1 -1 -1 1 
20 1 Car -1.000000 -1 -1 1057.3474186244214 186.26714526198379 1155.0769526153956 221.91751188545777 -1 -1 -1 -1 -1 -1 -1 -1 1 
21 2 Car -1.000000 -1 -1 978.025655034299 184.67433826090763 1067.0172875001663 218.98016620970242 -1 -1 -1 -1 -1 -1 -1 -1 1 
21 1 Car -1.000000 -1 -1 1057.4407636700773 186.22765715013537 1155.004180401306 221.838201392563 -1 -1 -1 -1 -1 -1 -1 -1 1 
22 2 Car -1.000000 -1 -1 985.8540711631229 184.58448266334844 1068.2303629839682 218.6469165397174 -1 -1 -1 -1 -1 -1 -1 -1 1 
22 1 Car -1.000000 -1 -1 1057.2988450266705 186.231991505364 1154.8882337306488 221.84002295532613 -1 -1 -1 -1 -1 -1 -1 -1 1 
23 2 Car -1.000000 -1 -1 989.157114847183 184.51504031463955 1067.2090437098568 218.39410589490822 -1 -1 -1 -1 -1 -1 -1 -1 1 
23 1 Car -1.000000 -1 -1 1057.3639131104528 186.24153411862554 1154.8763407485894 221.8129300835885 -1 -1 -1 -1 -1 -1 -1 -1 1 
24 2 Car -1.000000 -1 -1 994.0730031117304 184.73588102475125 1067.2626128382667 218.57652539553706 -1 -1 -1 -1 -1 -1 -1 -1 1 
24 1 Car -1.000000 -1 -1 1057.1738050891684 186.22194772030923 1154.8044191897513 221.76983045980427 -1 -1 -1 -1 -1 -1 -1 -1 1 
25 2 Car -1.000000 -1 -1 1001.3448724049053 185.2210011134681 1068.0837433689635 218.4430958750175 -1 -1 -1 -1 -1 -1 -1 -1 1 
25 1 Car -1.000000 -1 -1 1056.9285454913743 186.09845569324693 1154.7649935592103 221.593093974172 -1 -1 -1 -1 -1 -1 -1 -1 1 
26 2 Car -1.000000 -1 -1 1009.8921173689803 186.3862763662793 1069.0741852140006 218.87735551455413 -1 -1 -1 -1 -1 -1 -1 -1 1 
26 1 Car -1.000000 -1 -1 1056.762075562337 186.0677384700872 1154.735401320008 221.52840331595075 -1 -1 -1 -1 -1 -1 -1 -1 1 
27 1 Car -1.000000 -1 -1 1056.0825429625047 186.1172787549889 1154.506807811304 221.63574056862421 -1 -1 -1 -1 -1 -1 -1 -1 1 
28 1 Car -1.000000 -1 -1 1055.5758643039674 186.17979129497755 1154.5044014270509 221.7687466941181 -1 -1 -1 -1 -1 -1 -1 -1 1 
29 1 Car -1.000000 -1 -1 1056.064113124645 186.14792269272894 1154.8511704472824 221.73658729676916 -1 -1 -1 -1 -1 -1 -1 -1 1 
30 1 Car -1.000000 -1 -1 1060.8306026666419 186.2670271643989 1156.6463575481353 221.47877964729727 -1 -1 -1 -1 -1 -1 -1 -1 1 
31 1 Car -1.000000 -1 -1 1067.7544500409463 186.4549943222106 1158.532306491678 221.059229562079 -1 -1 -1 -1 -1 -1 -1 -1 1 
32 1 Car -1.000000 -1 -1 1079.6836843803594 187.17559429830771 1161.6158297288166 221.29175654339497 -1 -1 -1 -1 -1 -1 -1 -1 1 
33 1 Car -1.000000 -1 -1 1090.636627802376 188.42560775157105 1163.166994454391 221.91345818344044 -1 -1 -1 -1 -1 -1 -1 -1 1 
37 6 Car -1.000000 -1 -1 963.1181791882253 184.69267770904693 1063.4380328271109 219.73964880767298 -1 -1 -1 -1 -1 -1 -1 -1 1 
38 6 Car -1.000000 -1 -1 963.0352777062241 184.78703346629896 1062.8233650867683 219.64905978463332 -1 -1 -1 -1 -1 -1 -1 -1 1 
39 6 Car -1.000000 -1 -1 962.9546016237806 184.7938545910788 1062.5544867621754 219.61224420678468 -1 -1 -1 -1 -1 -1 -1 -1 1 
40 6 Car -1.000000 -1 -1 962.8926968015472 184.81312401650288 1062.404861551673 219.60811692939504 -1 -1 -1 -1 -1 -1 -1 -1 1 
41 7 Car -1.000000 -1 -1 1061.5425429603604 185.04677960205652 1152.70731822136 222.6253621036264 -1 -1 -1 -1 -1 -1 -1 -1 1 
41 6 Car -1.000000 -1 -1 962.8734576947666 184.78416825851187 1062.3454771674392 219.57495394146676 -1 -1 -1 -1 -1 -1 -1 -1 1 
42 7 Car -1.000000 -1 -1 1060.3698896368962 185.2114481930825 1155.3304596448127 222.87995693523015 -1 -1 -1 -1 -1 -1 -1 -1 1 
42 6 Car -1.000000 -1 -1 962.9071664252282 184.78852153109747 1062.4037488759122 219.61679484364154 -1 -1 -1 -1 -1 -1 -1 -1 1 
43 7 Car -1.000000 -1 -1 1059.2169838913276 185.45907626575175 1156.3284175288625 223.14273643077556 -1 -1 -1 -1 -1 -1 -1 -1 1 
43 6 Car -1.000000 -1 -1 962.9522233692778 184.84952554146477 1062.4714245244375 219.7010751330583 -1 -1 -1 -1 -1 -1 -1 -1 1 
44 7 Car -1.000000 -1 -1 1058.4670256078152 185.60755711558014 1156.8332423430184 223.2050125448856 -1 -1 -1 -1 -1 -1 -1 -1 1 
44 6 Car -1.000000 -1 -1 962.9394411818342 184.83050000137928 1062.5560986464166 219.77586466594164 -1 -1 -1 -1 -1 -1 -1 -1 1 
45 7 Car -1.000000 -1 -1 1057.8900215227102 185.6735231443086 1157.095878842514 223.14872302950215 -1 -1 -1 -1 -1 -1 -1 -1 1 
45 6 Car -1.000000 -1 -1 963.0096382631815 184.80422732047708 1062.6351915865393 219.7669076083876 -1 -1 -1 -1 -1 -1 -1 -1 1 
46 7 Car -1.000000 -1 -1 1057.4697522198471 185.70644202252186 1157.158577268784 223.02241763537768 -1 -1 -1 -1 -1 -1 -1 -1 1 
46 6 Car -1.000000 -1 -1 963.0399180277954 184.76658058554858 1062.6729635809231 219.74274419375024 -1 -1 -1 -1 -1 -1 -1 -1 1 
47 7 Car -1.000000 -1 -1 1057.1966745848504 185.75930435392513 1157.0930921840218 222.90730215900663 -1 -1 -1 -1 -1 -1 -1 -1 1 
47 6 Car -1.000000 -1 -1 963.0581571525734 184.77157387059987 1062.6907466074138 219.74087833905935 -1 -1 -1 -1 -1 -1 -1 -1 1 
48 7 Car -1.000000 -1 -1 1057.0545389951074 185.80932887664537 1157.0562371405924 222.8152697336612 -1 -1 -1 -1 -1 -1 -1 -1 1 
48 6 Car -1.000000 -1 -1 963.0289914801049 184.7728051195177 1062.7082225144802 219.75218345751486 -1 -1 -1 -1 -1 -1 -1 -1 1 
49 7 Car -1.000000 -1 -1 1056.9457666340575 185.82466684266024 1156.916244507772 222.69139645507272 -1 -1 -1 -1 -1 -1 -1 -1 1 
49 6 Car -1.000000 -1 -1 963.003103606231 184.79806262515078 1062.6953610023536 219.7520432758765 -1 -1 -1 -1 -1 -1 -1 -1 1 
50 7 Car -1.000000 -1 -1 1056.9322618065141 185.89420810338663 1156.8061551339617 222.62341068741006 -1 -1 -1 -1 -1 -1 -1 -1 1 
50 6 Car -1.000000 -1 -1 962.981209144515 184.8137493665637 1062.7016477973218 219.7554152830663 -1 -1 -1 -1 -1 -1 -1 -1 1 
51 7 Car -1.000000 -1 -1 1056.895448112159 185.90373438056054 1156.6983058548271 222.5130219119048 -1 -1 -1 -1 -1 -1 -1 -1 1 
51 6 Car -1.000000 -1 -1 962.8425392673103 184.75768087110856 1062.66161310324 219.729598766077 -1 -1 -1 -1 -1 -1 -1 -1 1 
52 7 Car -1.000000 -1 -1 1056.8253216240741 185.92500509486234 1156.6125892124005 222.44313286087862 -1 -1 -1 -1 -1 -1 -1 -1 1 
52 6 Car -1.000000 -1 -1 962.8121526726737 184.74572906522297 1062.7247738532487 219.74352921069283 -1 -1 -1 -1 -1 -1 -1 -1 1 
53 7 Car -1.000000 -1 -1 1056.7475577535774 185.93162394208537 1156.5020383352844 222.35394675793748 -1 -1 -1 -1 -1 -1 -1 -1 1 
53 6 Car -1.000000 -1 -1 963.6684720742345 184.74855808995403 1063.1128136833781 219.79153647953984 -1 -1 -1 -1 -1 -1 -1 -1 1 
54 7 Car -1.000000 -1 -1 1056.8112127048983 185.93425406965298 1156.4348555945928 222.2535467616205 -1 -1 -1 -1 -1 -1 -1 -1 1 
54 6 Car -1.000000 -1 -1 963.7304344956182 184.59250808932148 1062.9598820882063 219.61587446601914 -1 -1 -1 -1 -1 -1 -1 -1 1 
55 7 Car -1.000000 -1 -1 1056.79801157675 185.9403123743174 1156.3244901624635 222.1771333146741 -1 -1 -1 -1 -1 -1 -1 -1 1 
56 7 Car -1.000000 -1 -1 1056.9796734819251 185.9243060201696 1156.2040284729824 222.04410037317783 -1 -1 -1 -1 -1 -1 -1 -1 1 
57 7 Car -1.000000 -1 -1 1057.0260129900078 185.89409931697057 1156.0765239249533 221.90927177204608 -1 -1 -1 -1 -1 -1 -1 -1 1 
58 7 Car -1.000000 -1 -1 1056.8975244732148 185.88077336875332 1155.913820295328 221.80943761276697 -1 -1 -1 -1 -1 -1 -1 -1 1 
58 6 Car -1.000000 -1 -1 991.730394030959 184.5931056731511 1069.681475388251 218.25093237313567 -1 -1 -1 -1 -1 -1 -1 -1 1 
59 7 Car -1.000000 -1 -1 1056.8001447835618 185.86243748750184 1155.8125419504363 221.68638329316246 -1 -1 -1 -1 -1 -1 -1 -1 1 
59 6 Car -1.000000 -1 -1 1005.5213477771495 185.9073007295652 1072.0778740124515 218.8560017967694 -1 -1 -1 -1 -1 -1 -1 -1 1 
60 7 Car -1.000000 -1 -1 1056.603413741047 185.94235212538098 1155.7374377084425 221.74067379611455 -1 -1 -1 -1 -1 -1 -1 -1 1 
61 7 Car -1.000000 -1 -1 1056.7655362655305 186.06030177820904 1155.7330245953995 221.84410485413267 -1 -1 -1 -1 -1 -1 -1 -1 1 
62 7 Car -1.000000 -1 -1 1063.457431399376 186.4094439826572 1158.136185706103 221.60053263118562 -1 -1 -1 -1 -1 -1 -1 -1 1 
63 7 Car -1.000000 -1 -1 1073.8267138324597 187.1574544536073 1160.8333759892278 222.0452095152693 -1 -1 -1 -1 -1 -1 -1 -1 1 
64 7 Car -1.000000 -1 -1 1089.8446996559405 188.1248157180022 1164.6190659976878 222.28454771492886 -1 -1 -1 -1 -1 -1 -1 -1 1 
66 9 Car -1.000000 -1 -1 963.0079227692349 185.1248625431295 1062.3951116208016 219.76638445241963 -1 -1 -1 -1 -1 -1 -1 -1 1 
67 9 Car -1.000000 -1 -1 962.8954823053373 185.2037081476336 1062.2990834318996 219.8095376542378 -1 -1 -1 -1 -1 -1 -1 -1 1 
68 10 Car -1.000000 -1 -1 1063.9305822300712 183.9434504910422 1150.4169903605844 225.09689647713031 -1 -1 -1 -1 -1 -1 -1 -1 1 
68 9 Car -1.000000 -1 -1 962.6979050243121 185.16790036600094 1062.3227293280493 219.83628441457495 -1 -1 -1 -1 -1 -1 -1 -1 1 
69 10 Car -1.000000 -1 -1 1062.544171874653 184.10580950586711 1155.2989071732748 224.68331306437494 -1 -1 -1 -1 -1 -1 -1 -1 1 
69 9 Car -1.000000 -1 -1 962.7144010075384 185.15941044489935 1062.4641888166793 219.86800615959115 -1 -1 -1 -1 -1 -1 -1 -1 1 
70 10 Car -1.000000 -1 -1 1060.8239239491006 184.43331604502362 1156.8597683576065 224.2460866131135 -1 -1 -1 -1 -1 -1 -1 -1 1 
70 9 Car -1.000000 -1 -1 962.7607980280748 185.19114034095853 1062.4614400444011 219.84918227616916 -1 -1 -1 -1 -1 -1 -1 -1 1 
71 10 Car -1.000000 -1 -1 1059.4654312884595 184.70882354271643 1157.596791065058 223.92808854469988 -1 -1 -1 -1 -1 -1 -1 -1 1 
71 9 Car -1.000000 -1 -1 962.8683585053701 185.22043737435843 1062.578269606382 219.86532574979645 -1 -1 -1 -1 -1 -1 -1 -1 1 
72 10 Car -1.000000 -1 -1 1058.4474575288566 184.92807689492918 1157.881616332799 223.6711331970372 -1 -1 -1 -1 -1 -1 -1 -1 1 
72 9 Car -1.000000 -1 -1 963.367391607547 185.4857746293302 1062.9273339568422 220.1376779784582 -1 -1 -1 -1 -1 -1 -1 -1 1 
73 10 Car -1.000000 -1 -1 1057.812572246193 185.13231511672222 1157.9735640806682 223.5055151830485 -1 -1 -1 -1 -1 -1 -1 -1 1 
73 9 Car -1.000000 -1 -1 963.5949731538329 185.5735187929837 1063.0439140203684 220.23686656897746 -1 -1 -1 -1 -1 -1 -1 -1 1 
74 10 Car -1.000000 -1 -1 1057.3994589296158 185.3046032099467 1157.948312249608 223.34682247231362 -1 -1 -1 -1 -1 -1 -1 -1 1 
74 9 Car -1.000000 -1 -1 963.6645285177449 185.5866346815129 1063.0261009084654 220.25415292679773 -1 -1 -1 -1 -1 -1 -1 -1 1 
75 10 Car -1.000000 -1 -1 1057.1518162079592 185.4390368832555 1157.8693991053724 223.2131434463399 -1 -1 -1 -1 -1 -1 -1 -1 1 
75 9 Car -1.000000 -1 -1 963.6089465488185 185.5255601160735 1063.0076485730963 220.2142032475482 -1 -1 -1 -1 -1 -1 -1 -1 1 
76 10 Car -1.000000 -1 -1 1056.9914953627786 185.5570388724956 1157.7433847336602 223.10919183637006 -1 -1 -1 -1 -1 -1 -1 -1 1 
76 9 Car -1.000000 -1 -1 963.3460938303587 185.41751864710236 1063.017638370479 220.12693860299007 -1 -1 -1 -1 -1 -1 -1 -1 1 
77 10 Car -1.000000 -1 -1 1056.8429165552648 185.6546077303348 1157.5880909867992 223.0295489724626 -1 -1 -1 -1 -1 -1 -1 -1 1 
77 9 Car -1.000000 -1 -1 962.9422307732564 185.16384982438683 1062.7542361322664 219.9061242052751 -1 -1 -1 -1 -1 -1 -1 -1 1 
78 10 Car -1.000000 -1 -1 1056.7542997777214 185.73710285134086 1157.431411126321 222.95904985741925 -1 -1 -1 -1 -1 -1 -1 -1 1 
78 9 Car -1.000000 -1 -1 963.0436933603817 185.30174215476208 1062.9795600682721 220.06743581659597 -1 -1 -1 -1 -1 -1 -1 -1 1 
79 10 Car -1.000000 -1 -1 1056.6670187546576 185.7970653237134 1157.2432091994244 222.88142627111824 -1 -1 -1 -1 -1 -1 -1 -1 1 
79 9 Car -1.000000 -1 -1 963.1953524036078 185.39551195582757 1063.0763973292658 220.1818124253804 -1 -1 -1 -1 -1 -1 -1 -1 1 
80 10 Car -1.000000 -1 -1 1056.6375672755494 185.85971970905123 1157.078256523338 222.81632963436996 -1 -1 -1 -1 -1 -1 -1 -1 1 
80 9 Car -1.000000 -1 -1 963.0694104722204 185.39152811183638 1063.1653690252742 220.18018455877254 -1 -1 -1 -1 -1 -1 -1 -1 1 
81 10 Car -1.000000 -1 -1 1056.6366633574435 185.87884134101037 1156.9560572537935 222.74928288899818 -1 -1 -1 -1 -1 -1 -1 -1 1 
81 9 Car -1.000000 -1 -1 962.9432455491907 185.32293342247615 1063.1945399919673 220.15129730429297 -1 -1 -1 -1 -1 -1 -1 -1 1 
82 10 Car -1.000000 -1 -1 1056.661560974738 185.91731127215138 1156.8562071347185 222.70924103307897 -1 -1 -1 -1 -1 -1 -1 -1 1 
82 9 Car -1.000000 -1 -1 962.8735862350791 185.32973904551088 1063.2529592866067 220.16929921061322 -1 -1 -1 -1 -1 -1 -1 -1 1 
83 10 Car -1.000000 -1 -1 1056.6745413201495 185.94103684702344 1156.7540619798835 222.66647870792724 -1 -1 -1 -1 -1 -1 -1 -1 1 
83 9 Car -1.000000 -1 -1 962.7794478761308 185.30058566898384 1063.2753739043014 220.16598950479124 -1 -1 -1 -1 -1 -1 -1 -1 1 
84 10 Car -1.000000 -1 -1 1056.6992108846446 185.95512677093583 1156.654682812463 222.60733997331076 -1 -1 -1 -1 -1 -1 -1 -1 1 
84 9 Car -1.000000 -1 -1 962.6740664125815 185.2869509101878 1063.3141027657014 220.1696259732228 -1 -1 -1 -1 -1 -1 -1 -1 1 
85 10 Car -1.000000 -1 -1 1056.7133027293703 185.9788133792739 1156.5641607511975 222.5811962620948 -1 -1 -1 -1 -1 -1 -1 -1 1 
85 9 Car -1.000000 -1 -1 962.5897674197535 185.22213507748023 1063.3287529942786 220.12566009968424 -1 -1 -1 -1 -1 -1 -1 -1 1 
86 10 Car -1.000000 -1 -1 1056.7422581423234 186.0150216809484 1156.488004422561 222.56799596443233 -1 -1 -1 -1 -1 -1 -1 -1 1 
86 9 Car -1.000000 -1 -1 962.6386650229593 185.2326835078321 1063.3827103731167 220.13912900595582 -1 -1 -1 -1 -1 -1 -1 -1 1 
87 10 Car -1.000000 -1 -1 1056.7473528031949 186.02161165999667 1156.4203991317102 222.5338923708486 -1 -1 -1 -1 -1 -1 -1 -1 1 
87 9 Car -1.000000 -1 -1 962.6245384120465 185.2164151760691 1063.3822943175032 220.1212836075401 -1 -1 -1 -1 -1 -1 -1 -1 1 
88 10 Car -1.000000 -1 -1 1056.7538070855162 186.0390995908135 1156.3670265766386 222.5163026846731 -1 -1 -1 -1 -1 -1 -1 -1 1 
88 9 Car -1.000000 -1 -1 962.6579100955987 185.25905690958407 1063.3964166001217 220.15327588652954 -1 -1 -1 -1 -1 -1 -1 -1 1 
89 10 Car -1.000000 -1 -1 1056.7766851658112 186.0623111247564 1156.29326826045 222.49447260728883 -1 -1 -1 -1 -1 -1 -1 -1 1 
89 9 Car -1.000000 -1 -1 962.662415210109 185.27157080857063 1063.4123725615013 220.1514978651188 -1 -1 -1 -1 -1 -1 -1 -1 1 
90 10 Car -1.000000 -1 -1 1056.7936930936573 186.09245963271027 1156.2266759107422 222.48169256032511 -1 -1 -1 -1 -1 -1 -1 -1 1 
90 9 Car -1.000000 -1 -1 962.6836767624918 185.27280333220557 1063.4433998925279 220.15303533531375 -1 -1 -1 -1 -1 -1 -1 -1 1 
91 10 Car -1.000000 -1 -1 1056.7796716940304 186.12068427872262 1156.1379626179612 222.47260395332873 -1 -1 -1 -1 -1 -1 -1 -1 1 
91 9 Car -1.000000 -1 -1 962.6953345134324 185.28322260245787 1063.4523729537502 220.15916590182704 -1 -1 -1 -1 -1 -1 -1 -1 1 
92 10 Car -1.000000 -1 -1 1056.7852927931983 186.13896808944844 1156.0577525440337 222.43524003001983 -1 -1 -1 -1 -1 -1 -1 -1 1 
92 9 Car -1.000000 -1 -1 962.6684346390568 185.2556327576063 1063.4745891287894 220.1385313992015 -1 -1 -1 -1 -1 -1 -1 -1 1 
93 10 Car -1.000000 -1 -1 1056.8239939488324 186.15383753599167 1156.0271197057575 222.4165663224955 -1 -1 -1 -1 -1 -1 -1 -1 1 
93 9 Car -1.000000 -1 -1 962.6814230674642 185.27065012442225 1063.477566816094 220.16943346759498 -1 -1 -1 -1 -1 -1 -1 -1 1 
94 10 Car -1.000000 -1 -1 1056.8664517765317 186.17661229634157 1155.9992858184603 222.41777831315434 -1 -1 -1 -1 -1 -1 -1 -1 1 
94 9 Car -1.000000 -1 -1 962.728973123176 185.29514202943798 1063.4847256279165 220.20146335217427 -1 -1 -1 -1 -1 -1 -1 -1 1 
95 10 Car -1.000000 -1 -1 1056.9149617620449 186.1940586374787 1155.9557731406096 222.41486210661043 -1 -1 -1 -1 -1 -1 -1 -1 1 
95 9 Car -1.000000 -1 -1 962.7616084961047 185.30117543394474 1063.496308682999 220.2151024253338 -1 -1 -1 -1 -1 -1 -1 -1 1 
96 10 Car -1.000000 -1 -1 1056.9395229952265 186.19163714498941 1155.9210322633267 222.39594088343514 -1 -1 -1 -1 -1 -1 -1 -1 1 
96 9 Car -1.000000 -1 -1 962.8483132691106 185.2980123938865 1063.4870717818008 220.22300044027634 -1 -1 -1 -1 -1 -1 -1 -1 1 
97 10 Car -1.000000 -1 -1 1056.9751324208694 186.1763186523367 1155.8875400811805 222.34615967517294 -1 -1 -1 -1 -1 -1 -1 -1 1 
97 9 Car -1.000000 -1 -1 962.8634817257321 185.28362346684767 1063.4772272654302 220.1862043362145 -1 -1 -1 -1 -1 -1 -1 -1 1 
98 10 Car -1.000000 -1 -1 1057.0103564682493 186.19588715892178 1155.8847905351874 222.35451999474105 -1 -1 -1 -1 -1 -1 -1 -1 1 
98 9 Car -1.000000 -1 -1 962.846717146389 185.27164489375235 1063.4752364232038 220.1604071369864 -1 -1 -1 -1 -1 -1 -1 -1 1 
99 10 Car -1.000000 -1 -1 1057.0433212854261 186.21232983280515 1155.8853175074398 222.3739261513325 -1 -1 -1 -1 -1 -1 -1 -1 1 
99 9 Car -1.000000 -1 -1 962.7565961615212 185.22733892606595 1063.4523964811997 220.1192659673559 -1 -1 -1 -1 -1 -1 -1 -1 1 
100 10 Car -1.000000 -1 -1 1056.9997624395426 186.2006293877023 1155.8635447653648 222.36462388705934 -1 -1 -1 -1 -1 -1 -1 -1 1 
100 9 Car -1.000000 -1 -1 962.5412726435094 184.98648865037555 1063.15854992338 219.92560681392834 -1 -1 -1 -1 -1 -1 -1 -1 1 
101 10 Car -1.000000 -1 -1 1057.007675591607 186.1908989189095 1155.9134446155872 222.35680667669425 -1 -1 -1 -1 -1 -1 -1 -1 1 
101 9 Car -1.000000 -1 -1 962.5889207212399 185.07041089449464 1063.303181138371 219.9861652823611 -1 -1 -1 -1 -1 -1 -1 -1 1 
102 10 Car -1.000000 -1 -1 1057.0269150142062 186.19928266726663 1155.9247332462392 222.37923395413463 -1 -1 -1 -1 -1 -1 -1 -1 1 
102 9 Car -1.000000 -1 -1 962.6099568259318 185.14661480005216 1063.3993401383805 220.02423792577648 -1 -1 -1 -1 -1 -1 -1 -1 1 
103 10 Car -1.000000 -1 -1 1057.0243980244527 186.20628655872764 1155.8969926087125 222.3782996548332 -1 -1 -1 -1 -1 -1 -1 -1 1 
103 9 Car -1.000000 -1 -1 962.6957157772534 185.21601205264912 1063.4744849598728 220.07152704681974 -1 -1 -1 -1 -1 -1 -1 -1 1 
104 10 Car -1.000000 -1 -1 1057.0315392868085 186.1970892175034 1155.8519339770894 222.35684330274466 -1 -1 -1 -1 -1 -1 -1 -1 1 
104 9 Car -1.000000 -1 -1 962.6916982714375 185.25328534125492 1063.441800174092 220.1257570819734 -1 -1 -1 -1 -1 -1 -1 -1 1 
105 10 Car -1.000000 -1 -1 1057.0513107666136 186.2037978828492 1155.8225917294014 222.3371112339671 -1 -1 -1 -1 -1 -1 -1 -1 1 
105 9 Car -1.000000 -1 -1 962.6567762405997 185.26044113535653 1063.3999359248219 220.1253409285111 -1 -1 -1 -1 -1 -1 -1 -1 1 
106 10 Car -1.000000 -1 -1 1056.9860400319824 186.18128312424187 1155.7820017400684 222.30500714015182 -1 -1 -1 -1 -1 -1 -1 -1 1 
106 9 Car -1.000000 -1 -1 962.5671235972413 185.26091312477828 1063.340766861163 220.16865821790677 -1 -1 -1 -1 -1 -1 -1 -1 1 
107 10 Car -1.000000 -1 -1 1056.9636294820327 186.1783631360621 1155.821533256603 222.31175574160864 -1 -1 -1 -1 -1 -1 -1 -1 1 
107 9 Car -1.000000 -1 -1 962.5344246419249 185.2087724078767 1063.2948639900137 220.15252473262333 -1 -1 -1 -1 -1 -1 -1 -1 1 
108 10 Car -1.000000 -1 -1 1057.0133831819692 186.18658274544237 1155.8726284566762 222.3196180281849 -1 -1 -1 -1 -1 -1 -1 -1 1 
108 9 Car -1.000000 -1 -1 962.482242212598 185.05626450124097 1063.2562806557191 220.01864870193546 -1 -1 -1 -1 -1 -1 -1 -1 1 
109 10 Car -1.000000 -1 -1 1057.1449170477265 186.1281318317543 1155.8050324800822 222.20720715173778 -1 -1 -1 -1 -1 -1 -1 -1 1 
109 9 Car -1.000000 -1 -1 962.3778683923048 185.0038676871799 1063.2259631700306 219.9885109783713 -1 -1 -1 -1 -1 -1 -1 -1 1 
110 10 Car -1.000000 -1 -1 1057.2751725096941 186.139308606405 1155.7896560024 222.1900914357699 -1 -1 -1 -1 -1 -1 -1 -1 1 
110 9 Car -1.000000 -1 -1 978.8184044848641 184.94154740249976 1069.8165676897022 219.6307323108705 -1 -1 -1 -1 -1 -1 -1 -1 1 
111 10 Car -1.000000 -1 -1 1057.1604213457022 186.08838422822308 1155.6315217912097 222.09575320334855 -1 -1 -1 -1 -1 -1 -1 -1 1 
111 9 Car -1.000000 -1 -1 990.9084813493694 185.1374183542365 1072.3044955453217 219.3387619892672 -1 -1 -1 -1 -1 -1 -1 -1 1 
112 10 Car -1.000000 -1 -1 1057.1189997288916 186.03593765942907 1155.5592523516239 222.00578313847586 -1 -1 -1 -1 -1 -1 -1 -1 1 
112 9 Car -1.000000 -1 -1 996.2262818736649 185.4132578314149 1071.1469540265666 219.23555486334334 -1 -1 -1 -1 -1 -1 -1 -1 1 
113 10 Car -1.000000 -1 -1 1056.7638558155404 185.97616779664324 1155.3949799910874 221.91492274754816 -1 -1 -1 -1 -1 -1 -1 -1 1 
113 9 Car -1.000000 -1 -1 995.2367488126803 185.44446278064981 1067.7685871768674 219.43735897718796 -1 -1 -1 -1 -1 -1 -1 -1 1 
114 10 Car -1.000000 -1 -1 1056.303291849406 185.8877244642426 1155.238470043099 221.74016188036032 -1 -1 -1 -1 -1 -1 -1 -1 1 
114 9 Car -1.000000 -1 -1 995.282735247334 184.8836563738947 1066.021449434945 219.27667755004993 -1 -1 -1 -1 -1 -1 -1 -1 1 
115 10 Car -1.000000 -1 -1 1055.5397007246347 185.97222561148692 1155.0206997721848 221.78280743338246 -1 -1 -1 -1 -1 -1 -1 -1 1 
116 10 Car -1.000000 -1 -1 1055.6062651076973 186.0390883916886 1155.1908860182607 221.8061944659467 -1 -1 -1 -1 -1 -1 -1 -1 1 
117 10 Car -1.000000 -1 -1 1052.929596770367 186.10052008759453 1154.3779346250567 221.97029634104365 -1 -1 -1 -1 -1 -1 -1 -1 1 
118 10 Car -1.000000 -1 -1 1056.7814398718913 186.4388420191423 1156.4645560893039 222.02428992342388 -1 -1 -1 -1 -1 -1 -1 -1 1 
119 10 Car -1.000000 -1 -1 1065.4953954515033 186.3891785435406 1159.961643010921 221.66167779702727 -1 -1 -1 -1 -1 -1 -1 -1 1 
121 10 Car -1.000000 -1 -1 1092.118070120509 185.10550340857867 1185.1839394866265 221.92438497473665 -1 -1 -1 -1 -1 -1 -1 -1 1 
125 10 Car -1.000000 -1 -1 1069.079710256224 185.44889206354867 1161.0039263659498 221.76723800892762 -1 -1 -1 -1 -1 -1 -1 -1 1 
126 10 Car -1.000000 -1 -1 1062.3197097207653 185.6821557582123 1156.3312846262343 221.74180737254764 -1 -1 -1 -1 -1 -1 -1 -1 1 
127 10 Car -1.000000 -1 -1 1061.3152366374702 185.62737299428272 1155.3419350983168 221.5667779971693 -1 -1 -1 -1 -1 -1 -1 -1 1 
128 10 Car -1.000000 -1 -1 1073.4303268135507 186.55526819923088 1160.1918151842767 222.30578854578997 -1 -1 -1 -1 -1 -1 -1 -1 1 
131 10 Car -1.000000 -1 -1 1062.7899744199715 186.24720090554536 1152.3281303171414 221.8762861672763 -1 -1 -1 -1 -1 -1 -1 -1 1 
132 10 Car -1.000000 -1 -1 1065.779883826954 186.66384730585926 1154.6822104235414 222.26230018618233 -1 -1 -1 -1 -1 -1 -1 -1 1 
133 10 Car -1.000000 -1 -1 1076.9728465640928 187.00921656673742 1159.2567767520932 222.28863652318293 -1 -1 -1 -1 -1 -1 -1 -1 1 
134 10 Car -1.000000 -1 -1 1087.9012305915744 187.88096268896655 1161.8666628733936 222.753511761787 -1 -1 -1 -1 -1 -1 -1 -1 1 
139 13 Car -1.000000 -1 -1 963.5964842488669 185.51113237346266 1063.3888016554768 219.89862866997487 -1 -1 -1 -1 -1 -1 -1 -1 1 
140 13 Car -1.000000 -1 -1 963.5492950293558 185.46693654954984 1063.5292820949571 220.06782459177774 -1 -1 -1 -1 -1 -1 -1 -1 1 
141 14 Car -1.000000 -1 -1 1059.712621857089 185.33311337734014 1155.0707854722139 223.4316213063304 -1 -1 -1 -1 -1 -1 -1 -1 1 
141 13 Car -1.000000 -1 -1 963.7949272964252 185.48069011431102 1063.6898514735362 220.17459697528216 -1 -1 -1 -1 -1 -1 -1 -1 1 
142 14 Car -1.000000 -1 -1 1058.7618717322728 185.5552409732466 1156.1173361451445 223.46685773618907 -1 -1 -1 -1 -1 -1 -1 -1 1 
142 13 Car -1.000000 -1 -1 963.6764092884295 185.26944480881522 1063.4066374191716 220.07068519932372 -1 -1 -1 -1 -1 -1 -1 -1 1 
143 14 Car -1.000000 -1 -1 1058.0593210584295 185.63138704586666 1156.6334288865808 223.32976197397383 -1 -1 -1 -1 -1 -1 -1 -1 1 
143 13 Car -1.000000 -1 -1 963.7364375950075 185.14802961454106 1063.3328387736149 220.0469985248868 -1 -1 -1 -1 -1 -1 -1 -1 1 
144 14 Car -1.000000 -1 -1 1057.5283284342286 185.6960828770779 1156.79688530879 223.16548444279488 -1 -1 -1 -1 -1 -1 -1 -1 1 
144 13 Car -1.000000 -1 -1 963.6661628379564 185.09733729712616 1063.2033412703693 220.02699437036853 -1 -1 -1 -1 -1 -1 -1 -1 1 
145 14 Car -1.000000 -1 -1 1057.1516339490202 185.75692603198195 1156.7891991175304 222.97324184269593 -1 -1 -1 -1 -1 -1 -1 -1 1 
145 13 Car -1.000000 -1 -1 963.9597003562563 185.21134646068313 1063.504911615765 220.14708365856373 -1 -1 -1 -1 -1 -1 -1 -1 1 
146 14 Car -1.000000 -1 -1 1056.9488787206074 185.8318333897155 1156.7645335785965 222.8386192916055 -1 -1 -1 -1 -1 -1 -1 -1 1 
146 13 Car -1.000000 -1 -1 964.1562230224806 185.2260767926345 1063.6492307283922 220.1818461896728 -1 -1 -1 -1 -1 -1 -1 -1 1 
147 14 Car -1.000000 -1 -1 1056.8152598387462 185.87810568698046 1156.7407178938013 222.7255100959963 -1 -1 -1 -1 -1 -1 -1 -1 1 
147 13 Car -1.000000 -1 -1 964.103190200796 185.25516371423186 1063.666463286877 220.21750213942948 -1 -1 -1 -1 -1 -1 -1 -1 1 
148 14 Car -1.000000 -1 -1 1056.6481144059085 185.89551890545965 1156.6446966861295 222.60638049685474 -1 -1 -1 -1 -1 -1 -1 -1 1 
148 13 Car -1.000000 -1 -1 963.9277522327251 185.17135312441525 1063.6102096114887 220.14903917993018 -1 -1 -1 -1 -1 -1 -1 -1 1 
149 14 Car -1.000000 -1 -1 1056.630406988268 185.95854620436606 1156.6031126755893 222.57084365787554 -1 -1 -1 -1 -1 -1 -1 -1 1 
149 13 Car -1.000000 -1 -1 963.7387214697283 184.9400662319577 1063.4367309178515 220.0380921821572 -1 -1 -1 -1 -1 -1 -1 -1 1 
150 14 Car -1.000000 -1 -1 1056.7164262190188 186.0410021230174 1156.5984736573434 222.5936885200839 -1 -1 -1 -1 -1 -1 -1 -1 1 
150 13 Car -1.000000 -1 -1 964.4824597329083 184.80721024474698 1063.6798075672725 219.88615799594058 -1 -1 -1 -1 -1 -1 -1 -1 1 
151 14 Car -1.000000 -1 -1 1056.8715051018103 186.01457374618087 1156.4889295131202 222.4987572679754 -1 -1 -1 -1 -1 -1 -1 -1 1 
151 13 Car -1.000000 -1 -1 965.6739299175409 184.4232657748298 1063.9708471346298 219.65445478531606 -1 -1 -1 -1 -1 -1 -1 -1 1 
152 14 Car -1.000000 -1 -1 1056.8773259931097 185.99057098245743 1156.2899269345342 222.36965625210797 -1 -1 -1 -1 -1 -1 -1 -1 1 
152 13 Car -1.000000 -1 -1 979.7989227209315 184.50696714434505 1068.8021981659917 219.23603137660572 -1 -1 -1 -1 -1 -1 -1 -1 1 
153 14 Car -1.000000 -1 -1 1056.948674242465 186.00218768752333 1156.1888443619507 222.2807097021562 -1 -1 -1 -1 -1 -1 -1 -1 1 
153 13 Car -1.000000 -1 -1 990.2751256176313 184.87697477226126 1070.267427995503 218.97111572984542 -1 -1 -1 -1 -1 -1 -1 -1 1 
154 14 Car -1.000000 -1 -1 1056.7328132038176 185.92586398225018 1156.117086410192 222.0267580937832 -1 -1 -1 -1 -1 -1 -1 -1 1 
154 13 Car -1.000000 -1 -1 1003.4119817604417 185.63988231701137 1071.863432260133 218.62319212249844 -1 -1 -1 -1 -1 -1 -1 -1 1 
155 14 Car -1.000000 -1 -1 1056.464728985834 186.01236730979662 1155.8738381557855 222.01725222545275 -1 -1 -1 -1 -1 -1 -1 -1 1 
156 14 Car -1.000000 -1 -1 1055.5397833859545 186.06061644029793 1155.52761652908 222.0939347192634 -1 -1 -1 -1 -1 -1 -1 -1 1 
157 14 Car -1.000000 -1 -1 1056.321142274488 186.26758177955796 1155.9653130062666 222.21948078154472 -1 -1 -1 -1 -1 -1 -1 -1 1 
158 14 Car -1.000000 -1 -1 1062.4420001677922 186.58298793804184 1158.0686857286455 221.9030604764629 -1 -1 -1 -1 -1 -1 -1 -1 1 
159 14 Car -1.000000 -1 -1 1079.8683333478905 187.45801936544316 1163.4142194648796 221.93155947524818 -1 -1 -1 -1 -1 -1 -1 -1 1 
169 17 Car -1.000000 -1 -1 596.2236313976236 172.99697314113564 636.0478763202675 205.83447582677746 -1 -1 -1 -1 -1 -1 -1 -1 1 
170 17 Car -1.000000 -1 -1 596.0408385158186 173.0112527764164 636.0008397455075 205.91472149646532 -1 -1 -1 -1 -1 -1 -1 -1 1 
171 17 Car -1.000000 -1 -1 596.101160228788 173.04526508918596 636.0688204099737 205.93137826098976 -1 -1 -1 -1 -1 -1 -1 -1 1 
172 17 Car -1.000000 -1 -1 595.9490836622258 173.04270523073174 636.128339386069 206.00773239708374 -1 -1 -1 -1 -1 -1 -1 -1 1 
173 17 Car -1.000000 -1 -1 595.6166053263518 173.00097114319988 636.1187246793619 206.09240882372671 -1 -1 -1 -1 -1 -1 -1 -1 1 
174 17 Car -1.000000 -1 -1 595.2669997646223 172.9463349526004 636.0931220795468 206.15641676524245 -1 -1 -1 -1 -1 -1 -1 -1 1 
175 17 Car -1.000000 -1 -1 594.7247216214181 172.87453461893585 636.0341266137228 206.2129148373761 -1 -1 -1 -1 -1 -1 -1 -1 1 
180 20 Car -1.000000 -1 -1 1074.1629159889674 186.67200348007705 1160.2516091775153 223.97015004166397 -1 -1 -1 -1 -1 -1 -1 -1 1 
183 20 Car -1.000000 -1 -1 1057.9447711396722 186.31001085170283 1135.64821691586 221.88346605837881 -1 -1 -1 -1 -1 -1 -1 -1 1 
184 20 Car -1.000000 -1 -1 1058.1129168030984 185.9399626698423 1142.3842981294615 222.10994562818914 -1 -1 -1 -1 -1 -1 -1 -1 1 
185 20 Car -1.000000 -1 -1 1060.768434980881 186.03902740082145 1149.122768762058 222.53724406557217 -1 -1 -1 -1 -1 -1 -1 -1 1 
186 21 Car -1.000000 -1 -1 596.1707747262046 173.11613579477805 636.2701745869415 206.07757288036632 -1 -1 -1 -1 -1 -1 -1 -1 1 
186 20 Car -1.000000 -1 -1 1065.2201844499186 186.21569728476902 1153.6716679627943 222.36612914630717 -1 -1 -1 -1 -1 -1 -1 -1 1 
187 21 Car -1.000000 -1 -1 596.7929228941786 173.22687662759552 636.3159486663229 206.02928139693512 -1 -1 -1 -1 -1 -1 -1 -1 1 
187 20 Car -1.000000 -1 -1 1075.3606509589315 186.81463391455526 1157.8995844337476 221.96368428873762 -1 -1 -1 -1 -1 -1 -1 -1 1 
188 21 Car -1.000000 -1 -1 596.8858215922924 173.2224523468326 636.3807008629374 206.03118455744453 -1 -1 -1 -1 -1 -1 -1 -1 1 
188 20 Car -1.000000 -1 -1 1064.2131370302632 185.6688161832032 1153.9735646034046 222.21372043779382 -1 -1 -1 -1 -1 -1 -1 -1 1 
189 21 Car -1.000000 -1 -1 596.9520013337357 173.16113746050212 636.4806759608383 206.04088188135717 -1 -1 -1 -1 -1 -1 -1 -1 1 
189 20 Car -1.000000 -1 -1 1059.6082615022829 184.90493568869076 1153.0304169518067 221.4035606351275 -1 -1 -1 -1 -1 -1 -1 -1 1 
190 23 Car -1.000000 -1 -1 963.2286717389088 185.190366719094 1063.2960051525563 219.64532216703688 -1 -1 -1 -1 -1 -1 -1 -1 1 
190 21 Car -1.000000 -1 -1 596.7810636630073 173.07893565894287 636.5066411099045 206.11736851016823 -1 -1 -1 -1 -1 -1 -1 -1 1 
190 20 Car -1.000000 -1 -1 1057.6887243838523 185.0821751098781 1153.5792138356733 221.33707159607366 -1 -1 -1 -1 -1 -1 -1 -1 1 
191 23 Car -1.000000 -1 -1 963.2984985445975 185.17930694126986 1063.3980487771348 219.71083464870824 -1 -1 -1 -1 -1 -1 -1 -1 1 
191 21 Car -1.000000 -1 -1 596.5961797783027 173.01021156260765 636.4855956321558 206.14374825587612 -1 -1 -1 -1 -1 -1 -1 -1 1 
191 20 Car -1.000000 -1 -1 1053.0891673754363 185.5184613537442 1143.2499137813315 221.209453714386 -1 -1 -1 -1 -1 -1 -1 -1 1 
192 23 Car -1.000000 -1 -1 963.2711812500025 185.11207999459197 1063.3208775218868 219.71361513546236 -1 -1 -1 -1 -1 -1 -1 -1 1 
192 21 Car -1.000000 -1 -1 596.6505891605947 172.96575100414495 636.5259789752469 206.0520236465517 -1 -1 -1 -1 -1 -1 -1 -1 1 
192 20 Car -1.000000 -1 -1 1054.6876659871662 185.8432451809083 1144.314650622435 221.27202394960517 -1 -1 -1 -1 -1 -1 -1 -1 1 
193 23 Car -1.000000 -1 -1 963.2461496069216 185.00706207458649 1063.4017966973652 219.7337238353059 -1 -1 -1 -1 -1 -1 -1 -1 1 
193 21 Car -1.000000 -1 -1 596.5326533807453 172.90040528336166 636.4879338381774 205.98814101876977 -1 -1 -1 -1 -1 -1 -1 -1 1 
193 20 Car -1.000000 -1 -1 1057.2752246179678 185.97090535828946 1149.3832924747487 221.4469694692515 -1 -1 -1 -1 -1 -1 -1 -1 1 
194 23 Car -1.000000 -1 -1 963.3172499395035 185.00110903705826 1063.4560992508714 219.76818570817198 -1 -1 -1 -1 -1 -1 -1 -1 1 
194 21 Car -1.000000 -1 -1 596.5762653696706 172.87949515204016 636.5280358634845 205.96223200898422 -1 -1 -1 -1 -1 -1 -1 -1 1 
194 20 Car -1.000000 -1 -1 1057.7842984252004 185.9949286566665 1151.8302910106042 221.4736538337503 -1 -1 -1 -1 -1 -1 -1 -1 1 
195 23 Car -1.000000 -1 -1 963.2892750463006 185.13791030269215 1063.3458012460499 219.8732255115615 -1 -1 -1 -1 -1 -1 -1 -1 1 
195 21 Car -1.000000 -1 -1 596.6327093797983 172.89113856390702 636.5468656906024 205.96561932741906 -1 -1 -1 -1 -1 -1 -1 -1 1 
195 20 Car -1.000000 -1 -1 1057.8244642163884 186.00557423536523 1153.2970966999126 221.56292786191844 -1 -1 -1 -1 -1 -1 -1 -1 1 
196 23 Car -1.000000 -1 -1 963.297766052292 185.18806429602805 1063.2370864979011 219.86822909714377 -1 -1 -1 -1 -1 -1 -1 -1 1 
196 21 Car -1.000000 -1 -1 596.7248685923732 172.92281551995953 636.5958089794481 205.96558172355603 -1 -1 -1 -1 -1 -1 -1 -1 1 
196 20 Car -1.000000 -1 -1 1057.6259589143547 186.10193113463848 1154.2274989753519 221.75385487690212 -1 -1 -1 -1 -1 -1 -1 -1 1 
197 23 Car -1.000000 -1 -1 963.3331917533461 185.1989570143243 1063.20569383059 219.86538571476527 -1 -1 -1 -1 -1 -1 -1 -1 1 
197 21 Car -1.000000 -1 -1 596.6850804322728 172.95887138934768 636.5599286101797 205.9806305439359 -1 -1 -1 -1 -1 -1 -1 -1 1 
197 20 Car -1.000000 -1 -1 1057.2371835549607 186.14567685493515 1154.717388696774 221.86891095061836 -1 -1 -1 -1 -1 -1 -1 -1 1 
198 23 Car -1.000000 -1 -1 963.3748611237279 185.15984152264494 1063.2384932002838 219.8474325317284 -1 -1 -1 -1 -1 -1 -1 -1 1 
198 21 Car -1.000000 -1 -1 596.7607212323823 173.00797793343042 636.5581832972554 205.9895059705724 -1 -1 -1 -1 -1 -1 -1 -1 1 
198 20 Car -1.000000 -1 -1 1056.9951064015809 186.20645587380548 1155.125837189125 222.0316364991538 -1 -1 -1 -1 -1 -1 -1 -1 1 
199 23 Car -1.000000 -1 -1 963.3978182082063 185.10788540877934 1063.2777935769523 219.8447430576748 -1 -1 -1 -1 -1 -1 -1 -1 1 
199 21 Car -1.000000 -1 -1 596.7314997348732 173.0536822646778 636.516496548783 206.03571066165952 -1 -1 -1 -1 -1 -1 -1 -1 1 
199 20 Car -1.000000 -1 -1 1057.0636012055504 186.27974157372998 1155.5342062605057 222.2044526063889 -1 -1 -1 -1 -1 -1 -1 -1 1 
200 23 Car -1.000000 -1 -1 963.3899974074149 185.1428424073629 1063.3260371005942 219.89512419948548 -1 -1 -1 -1 -1 -1 -1 -1 1 
200 21 Car -1.000000 -1 -1 596.6498840667657 173.05937929338387 636.4703105121441 206.0536835879252 -1 -1 -1 -1 -1 -1 -1 -1 1 
200 20 Car -1.000000 -1 -1 1056.8051138413582 186.2970766615021 1155.6345462491802 222.3151560476217 -1 -1 -1 -1 -1 -1 -1 -1 1 
201 23 Car -1.000000 -1 -1 963.3756241356733 185.13273387200235 1063.3445117437584 219.90375029127864 -1 -1 -1 -1 -1 -1 -1 -1 1 
201 21 Car -1.000000 -1 -1 596.4628676285333 173.12076033993347 636.3963184980644 206.11874766558603 -1 -1 -1 -1 -1 -1 -1 -1 1 
201 20 Car -1.000000 -1 -1 1056.7034854312853 186.28666892387426 1155.7605557006507 222.36346338127535 -1 -1 -1 -1 -1 -1 -1 -1 1 
202 25 Car -1.000000 -1 -1 1142.5707938168875 188.5466299875901 1198.551235457152 222.42364598451405 -1 -1 -1 -1 -1 -1 -1 -1 1 
202 23 Car -1.000000 -1 -1 963.1450432499438 185.14675933910593 1063.1784929826622 219.96825294960803 -1 -1 -1 -1 -1 -1 -1 -1 1 
202 21 Car -1.000000 -1 -1 596.3169968477881 173.0499654269856 636.3658856282251 206.06217279696207 -1 -1 -1 -1 -1 -1 -1 -1 1 
202 20 Car -1.000000 -1 -1 1056.5913810072097 186.26349502289648 1155.7924703623057 222.3624267578995 -1 -1 -1 -1 -1 -1 -1 -1 1 
203 25 Car -1.000000 -1 -1 1142.4904603360483 188.58817093389126 1198.516309998673 222.51313241598933 -1 -1 -1 -1 -1 -1 -1 -1 1 
203 23 Car -1.000000 -1 -1 963.0432449289535 185.12046202601894 1063.1664803219705 220.0027036331072 -1 -1 -1 -1 -1 -1 -1 -1 1 
203 21 Car -1.000000 -1 -1 595.9658426519055 172.95443533173935 636.263959091967 206.03079196177973 -1 -1 -1 -1 -1 -1 -1 -1 1 
203 20 Car -1.000000 -1 -1 1056.5461668579744 186.25855895773432 1155.8518270082934 222.39239120180602 -1 -1 -1 -1 -1 -1 -1 -1 1 
204 25 Car -1.000000 -1 -1 1142.4520845480881 188.57983879211133 1198.4942527765695 222.50223522307812 -1 -1 -1 -1 -1 -1 -1 -1 1 
204 23 Car -1.000000 -1 -1 963.0140890324911 185.11290151494435 1063.172467131989 220.0350939839348 -1 -1 -1 -1 -1 -1 -1 -1 1 
204 21 Car -1.000000 -1 -1 595.9162774690919 172.92870426392872 636.3256472376693 206.03460351564118 -1 -1 -1 -1 -1 -1 -1 -1 1 
204 20 Car -1.000000 -1 -1 1056.4420333025605 186.26352728070034 1155.8503797190706 222.4222330967892 -1 -1 -1 -1 -1 -1 -1 -1 1 
205 25 Car -1.000000 -1 -1 1142.4463585106873 188.5647625015719 1198.5372410546347 222.49251669237876 -1 -1 -1 -1 -1 -1 -1 -1 1 
205 23 Car -1.000000 -1 -1 963.008802123558 185.10893787502349 1063.1736735760617 220.0504629188686 -1 -1 -1 -1 -1 -1 -1 -1 1 
205 21 Car -1.000000 -1 -1 595.5708755473313 172.87386708602895 636.2602641685094 206.07932792226063 -1 -1 -1 -1 -1 -1 -1 -1 1 
205 20 Car -1.000000 -1 -1 1056.4314852101654 186.2639869326766 1155.873075800531 222.44716232648707 -1 -1 -1 -1 -1 -1 -1 -1 1 
206 23 Car -1.000000 -1 -1 963.0399633367671 185.166006228171 1063.1468574336802 220.08506110714956 -1 -1 -1 -1 -1 -1 -1 -1 1 
206 21 Car -1.000000 -1 -1 595.2074781885981 172.84907987635086 636.2232256165253 206.13281141878963 -1 -1 -1 -1 -1 -1 -1 -1 1 
206 20 Car -1.000000 -1 -1 1056.3589694494417 186.28199961109058 1155.7276890229164 222.46799985499214 -1 -1 -1 -1 -1 -1 -1 -1 1 
207 23 Car -1.000000 -1 -1 963.2554419466522 185.1646009541985 1063.3029421540482 220.06334405361534 -1 -1 -1 -1 -1 -1 -1 -1 1 
207 21 Car -1.000000 -1 -1 595.0830790175911 172.80485079249604 636.3021272994073 206.13595408689855 -1 -1 -1 -1 -1 -1 -1 -1 1 
207 20 Car -1.000000 -1 -1 1056.2352197418436 186.27588349002542 1155.3053201329972 222.50227630177778 -1 -1 -1 -1 -1 -1 -1 -1 1 
208 23 Car -1.000000 -1 -1 963.2830291424674 185.12624931274502 1063.342083178588 220.02923088285144 -1 -1 -1 -1 -1 -1 -1 -1 1 
208 21 Car -1.000000 -1 -1 595.0627736748218 172.82351038618242 636.3847980863704 206.1454253215906 -1 -1 -1 -1 -1 -1 -1 -1 1 
208 20 Car -1.000000 -1 -1 1055.931874760117 186.36293469878743 1155.1779876256564 222.87902880659803 -1 -1 -1 -1 -1 -1 -1 -1 1 
