2 1 Car -1.000000 -1 -1 296.33142206295264 160.80234071054497 445.5123903856411 275.86568706970115 -1 -1 -1 -1 -1 -1 -1 -1 1 
3 1 Car -1.000000 -1 -1 291.7308182660286 152.67940664139383 443.3349051128163 267.75367151286923 -1 -1 -1 -1 -1 -1 -1 -1 1 
4 1 Car -1.000000 -1 -1 291.8050052300867 154.52845413902492 439.56252393622424 264.8107127879738 -1 -1 -1 -1 -1 -1 -1 -1 1 
5 1 Car -1.000000 -1 -1 288.82992359755843 155.55721944722 437.8150826326232 264.76942677611487 -1 -1 -1 -1 -1 -1 -1 -1 1 
6 1 Car -1.000000 -1 -1 289.4880824964559 156.74505010933672 437.4879870628713 264.6505816529818 -1 -1 -1 -1 -1 -1 -1 -1 1 
7 1 Car -1.000000 -1 -1 287.8662079006246 158.5686289838694 432.79483856104105 265.0942825694416 -1 -1 -1 -1 -1 -1 -1 -1 1 
8 1 Car -1.000000 -1 -1 286.9991822399034 160.14947367722857 430.8364291571037 265.7262942772268 -1 -1 -1 -1 -1 -1 -1 -1 1 
9 1 Car -1.000000 -1 -1 285.634218333701 161.78875043573203 425.0499091907993 263.2655603733548 -1 -1 -1 -1 -1 -1 -1 -1 1 
10 1 Car -1.000000 -1 -1 282.06757903813883 162.15024156405008 425.1261850410715 266.4815970620165 -1 -1 -1 -1 -1 -1 -1 -1 1 
11 1 Car -1.000000 -1 -1 283.45349742309475 166.3249577285393 424.3370825238227 262.3107234780771 -1 -1 -1 -1 -1 -1 -1 -1 1 
12 1 Car -1.000000 -1 -1 281.7536609003719 163.62046498304474 424.990888201259 260.6438024554369 -1 -1 -1 -1 -1 -1 -1 -1 1 
13 1 Car -1.000000 -1 -1 277.8661901699114 158.83658689194877 423.0760664178015 258.8927697724971 -1 -1 -1 -1 -1 -1 -1 -1 1 
14 1 Car -1.000000 -1 -1 277.75130308442203 160.22085717466658 418.7816267092811 259.08973713868784 -1 -1 -1 -1 -1 -1 -1 -1 1 
15 1 Car -1.000000 -1 -1 278.60683471817225 161.48861264483563 416.49904657958996 258.84597424799415 -1 -1 -1 -1 -1 -1 -1 -1 1 
16 1 Car -1.000000 -1 -1 277.25028981839756 156.65294309461984 416.24236174666277 255.3351108160671 -1 -1 -1 -1 -1 -1 -1 -1 1 
17 1 Car -1.000000 -1 -1 277.8902026984906 161.96290738728342 413.5248718881686 258.91227037767834 -1 -1 -1 -1 -1 -1 -1 -1 1 
17 3 Car -1.000000 -1 -1 468.20541065743356 169.43167045832826 530.4007514992788 209.65168543779328 -1 -1 -1 -1 -1 -1 -1 -1 1 
18 1 Car -1.000000 -1 -1 277.7860600804365 166.0352779400663 412.280214520186 264.03140646072995 -1 -1 -1 -1 -1 -1 -1 -1 1 
18 3 Car -1.000000 -1 -1 478.68226475650323 173.50094840655905 539.286415015331 213.957210796815 -1 -1 -1 -1 -1 -1 -1 -1 1 
19 1 Car -1.000000 -1 -1 280.84424690391063 174.58938507278214 409.91141881009077 268.75083383393263 -1 -1 -1 -1 -1 -1 -1 -1 1 
19 3 Car -1.000000 -1 -1 486.90451548583087 180.14594856604836 545.8310359506625 219.67977631388806 -1 -1 -1 -1 -1 -1 -1 -1 1 
20 1 Car -1.000000 -1 -1 283.8628718460958 180.24976019479863 412.47591211421644 274.15166199311443 -1 -1 -1 -1 -1 -1 -1 -1 1 
20 3 Car -1.000000 -1 -1 493.09592488399153 183.51135781018604 552.3850679572922 223.28847332711112 -1 -1 -1 -1 -1 -1 -1 -1 1 
21 1 Car -1.000000 -1 -1 287.6503778852714 181.5956637501426 412.11559541144226 272.2448498542592 -1 -1 -1 -1 -1 -1 -1 -1 1 
21 3 Car -1.000000 -1 -1 503.0906833278993 183.45758029774285 565.2928495822161 225.24439736212048 -1 -1 -1 -1 -1 -1 -1 -1 1 
22 1 Car -1.000000 -1 -1 288.9795428894213 176.47468728559335 411.87241620920963 268.18660824222366 -1 -1 -1 -1 -1 -1 -1 -1 1 
22 3 Car -1.000000 -1 -1 510.20611437089883 179.4877210295683 571.2229451973337 219.68202783255975 -1 -1 -1 -1 -1 -1 -1 -1 1 
23 1 Car -1.000000 -1 -1 296.017702277396 174.59375920144936 409.1894312138527 263.2211091976652 -1 -1 -1 -1 -1 -1 -1 -1 1 
23 3 Car -1.000000 -1 -1 514.911603679459 175.45308257850212 578.1553531855627 217.95424827362226 -1 -1 -1 -1 -1 -1 -1 -1 1 
24 1 Car -1.000000 -1 -1 300.01475934026996 174.3924955682901 411.10382239639443 263.9287437137169 -1 -1 -1 -1 -1 -1 -1 -1 1 
24 3 Car -1.000000 -1 -1 526.7999156071307 174.77036469495675 589.2786372121043 217.3121138784188 -1 -1 -1 -1 -1 -1 -1 -1 1 
25 1 Car -1.000000 -1 -1 306.4282647563048 176.3339144022325 413.195607519839 263.64846696238743 -1 -1 -1 -1 -1 -1 -1 -1 1 
25 3 Car -1.000000 -1 -1 535.6668341571667 174.5637149302314 597.5246369190569 216.61422990928966 -1 -1 -1 -1 -1 -1 -1 -1 1 
26 1 Car -1.000000 -1 -1 310.93910943297516 167.84014625484195 417.95910742976946 256.70785194146697 -1 -1 -1 -1 -1 -1 -1 -1 1 
26 3 Car -1.000000 -1 -1 543.1147877631407 175.05083150524402 605.4979671038042 217.45850268523336 -1 -1 -1 -1 -1 -1 -1 -1 1 
27 1 Car -1.000000 -1 -1 315.842901676972 162.19983145958764 421.1316670633702 251.68204603501312 -1 -1 -1 -1 -1 -1 -1 -1 1 
28 1 Car -1.000000 -1 -1 323.9271125052181 164.67686837670595 421.99803873740103 249.4153182132403 -1 -1 -1 -1 -1 -1 -1 -1 1 
29 1 Car -1.000000 -1 -1 327.25381370443824 161.69735590208327 427.89561275603506 251.9141201810417 -1 -1 -1 -1 -1 -1 -1 -1 1 
29 3 Car -1.000000 -1 -1 567.3860332401434 162.73769042689156 634.3321212407784 206.8691388929963 -1 -1 -1 -1 -1 -1 -1 -1 1 
30 1 Car -1.000000 -1 -1 330.16367067595377 164.28821092646723 425.86194902625186 249.5972791315817 -1 -1 -1 -1 -1 -1 -1 -1 1 
30 3 Car -1.000000 -1 -1 578.7351704857072 163.2455714844454 645.8133834507347 205.9429166502311 -1 -1 -1 -1 -1 -1 -1 -1 1 
31 1 Car -1.000000 -1 -1 342.29261695086336 165.93739340472746 436.19914048718243 251.03630961683444 -1 -1 -1 -1 -1 -1 -1 -1 1 
31 3 Car -1.000000 -1 -1 583.6674752290742 163.59518978525057 650.1150516394987 206.430024891765 -1 -1 -1 -1 -1 -1 -1 -1 1 
32 1 Car -1.000000 -1 -1 351.66464416605317 163.1406462004744 440.24677086043107 248.6160093160685 -1 -1 -1 -1 -1 -1 -1 -1 1 
32 3 Car -1.000000 -1 -1 597.0612596431857 166.57290392259605 667.6950990144434 212.14015785667533 -1 -1 -1 -1 -1 -1 -1 -1 1 
33 1 Car -1.000000 -1 -1 361.13531372235576 166.10150892542032 448.8335963806932 251.3926968639133 -1 -1 -1 -1 -1 -1 -1 -1 1 
33 3 Car -1.000000 -1 -1 602.7072480221598 168.29366023489425 664.0083810850199 211.91820363922864 -1 -1 -1 -1 -1 -1 -1 -1 1 
34 1 Car -1.000000 -1 -1 368.1976859532007 164.95917832829082 458.2935899598914 251.8103410040236 -1 -1 -1 -1 -1 -1 -1 -1 1 
34 3 Car -1.000000 -1 -1 610.5647375109241 168.29335251450408 672.2059336194446 212.15994899292969 -1 -1 -1 -1 -1 -1 -1 -1 1 
35 1 Car -1.000000 -1 -1 377.4091853838335 161.6304308992882 466.8570343107112 247.92091691928792 -1 -1 -1 -1 -1 -1 -1 -1 1 
36 1 Car -1.000000 -1 -1 391.47342034595044 159.47289169638555 479.3093756145028 241.5526353369428 -1 -1 -1 -1 -1 -1 -1 -1 1 
37 1 Car -1.000000 -1 -1 404.3094017672283 159.86308494819227 490.6717195948331 240.04979179406885 -1 -1 -1 -1 -1 -1 -1 -1 1 
38 1 Car -1.000000 -1 -1 413.5055498341697 159.77711650844606 507.34617077248583 239.73240809036417 -1 -1 -1 -1 -1 -1 -1 -1 1 
39 1 Car -1.000000 -1 -1 423.9522168814683 159.86978392859658 520.8668647272875 240.36839685008437 -1 -1 -1 -1 -1 -1 -1 -1 1 
40 1 Car -1.000000 -1 -1 432.51169365344714 148.0791187950065 542.3775664160554 242.60994848400816 -1 -1 -1 -1 -1 -1 -1 -1 1 
42 1 Car -1.000000 -1 -1 468.3506717171482 164.9745097170048 564.3402336603418 245.2054376183009 -1 -1 -1 -1 -1 -1 -1 -1 1 
42 7 Car -1.000000 -1 -1 712.8047927663248 162.80010709235134 800.1994438663556 216.9697151860725 -1 -1 -1 -1 -1 -1 -1 -1 1 
43 1 Car -1.000000 -1 -1 486.36500760810367 169.47334248361565 590.3909970127756 249.80428684221556 -1 -1 -1 -1 -1 -1 -1 -1 1 
43 7 Car -1.000000 -1 -1 733.8954266031213 164.90556352535066 823.4741778921466 219.06199287954868 -1 -1 -1 -1 -1 -1 -1 -1 1 
44 1 Car -1.000000 -1 -1 503.3635378370521 168.06351539465203 605.9080940217034 246.22297899267883 -1 -1 -1 -1 -1 -1 -1 -1 1 
44 7 Car -1.000000 -1 -1 751.730112243775 166.6268179121876 842.3240333848665 221.3969831521182 -1 -1 -1 -1 -1 -1 -1 -1 1 
45 1 Car -1.000000 -1 -1 518.4329814101317 167.6735838586865 617.8863167096897 245.98806619567148 -1 -1 -1 -1 -1 -1 -1 -1 1 
46 1 Car -1.000000 -1 -1 542.2664675895974 168.04614436374433 641.3830069109322 245.19761836167586 -1 -1 -1 -1 -1 -1 -1 -1 1 
47 1 Car -1.000000 -1 -1 562.8049922738242 166.13452615213282 665.724737598129 244.88453036326032 -1 -1 -1 -1 -1 -1 -1 -1 1 
47 8 Car -1.000000 -1 -1 791.1258489788095 162.2801483152954 908.4305402125483 222.54361265420866 -1 -1 -1 -1 -1 -1 -1 -1 1 
48 1 Car -1.000000 -1 -1 583.3017257577021 164.99320401589398 694.082152194427 246.03935043027573 -1 -1 -1 -1 -1 -1 -1 -1 1 
48 8 Car -1.000000 -1 -1 814.7671301972924 158.4759525115143 943.3375258265057 222.70131603837388 -1 -1 -1 -1 -1 -1 -1 -1 1 
49 1 Car -1.000000 -1 -1 601.7269470918116 162.04701655806406 707.3386464752718 236.98816188418405 -1 -1 -1 -1 -1 -1 -1 -1 1 
49 8 Car -1.000000 -1 -1 827.6507537280868 159.46462867455764 950.2830295707085 223.16296042732716 -1 -1 -1 -1 -1 -1 -1 -1 1 
50 1 Car -1.000000 -1 -1 628.6847226480891 162.75993612524405 732.2080346821933 234.72455216515198 -1 -1 -1 -1 -1 -1 -1 -1 1 
50 8 Car -1.000000 -1 -1 853.735286051076 158.89310604980832 982.0106573267411 224.34291389370472 -1 -1 -1 -1 -1 -1 -1 -1 1 
51 1 Car -1.000000 -1 -1 645.3785310293247 161.22721184060805 754.6519960904187 235.86868831512737 -1 -1 -1 -1 -1 -1 -1 -1 1 
51 8 Car -1.000000 -1 -1 870.7003062191033 157.21964610883106 1007.3046852015539 225.9274547562685 -1 -1 -1 -1 -1 -1 -1 -1 1 
52 1 Car -1.000000 -1 -1 643.3675345137067 157.11622787478103 766.2045397520699 238.25867198705623 -1 -1 -1 -1 -1 -1 -1 -1 1 
52 8 Car -1.000000 -1 -1 895.291549728389 158.06886586179178 1033.4236958166503 226.863339808583 -1 -1 -1 -1 -1 -1 -1 -1 1 
53 1 Car -1.000000 -1 -1 687.1743066715742 157.59863167469632 810.2297955945653 240.78884557504804 -1 -1 -1 -1 -1 -1 -1 -1 1 
53 8 Car -1.000000 -1 -1 908.10177774122 157.03751095955232 1053.3647387508329 229.62953109419362 -1 -1 -1 -1 -1 -1 -1 -1 1 
54 1 Car -1.000000 -1 -1 711.4153199092158 158.1323376455233 832.7756198884306 239.75393761854914 -1 -1 -1 -1 -1 -1 -1 -1 1 
54 8 Car -1.000000 -1 -1 919.9042209921571 157.04273728591573 1065.6796317102712 232.1517699009119 -1 -1 -1 -1 -1 -1 -1 -1 1 
55 1 Car -1.000000 -1 -1 733.3817574588146 157.74939380078092 858.3551190818507 241.03245947668745 -1 -1 -1 -1 -1 -1 -1 -1 1 
55 8 Car -1.000000 -1 -1 955.9378242394846 154.77458421160696 1108.7522404932374 231.90838921473045 -1 -1 -1 -1 -1 -1 -1 -1 1 
55 12 Car -1.000000 -1 -1 1139.6895142919277 147.68856403828835 1221.900001851867 232.33780164422402 -1 -1 -1 -1 -1 -1 -1 -1 1 
56 1 Car -1.000000 -1 -1 750.9346739224158 157.10453313957026 881.5266966157042 240.72172285675668 -1 -1 -1 -1 -1 -1 -1 -1 1 
56 8 Car -1.000000 -1 -1 979.5792734987192 153.0887068718495 1136.932890827879 232.90465781476672 -1 -1 -1 -1 -1 -1 -1 -1 1 
56 12 Car -1.000000 -1 -1 1145.8673868657488 145.94744182810086 1236.9739096053572 236.52749442677913 -1 -1 -1 -1 -1 -1 -1 -1 1 
57 1 Car -1.000000 -1 -1 773.6162527831784 155.8280037492022 905.5582496907864 239.91135618829492 -1 -1 -1 -1 -1 -1 -1 -1 1 
57 8 Car -1.000000 -1 -1 998.951130375771 151.838813567611 1166.610488585758 236.41980315353962 -1 -1 -1 -1 -1 -1 -1 -1 1 
57 12 Car -1.000000 -1 -1 1165.0340769302336 143.45263848153542 1251.346421347452 238.09335534772902 -1 -1 -1 -1 -1 -1 -1 -1 1 
58 1 Car -1.000000 -1 -1 798.9117255625465 155.07266350279986 935.9715284699593 241.4746142144907 -1 -1 -1 -1 -1 -1 -1 -1 1 
58 8 Car -1.000000 -1 -1 1013.1209477271321 150.65018731882793 1183.447850312777 237.50491748509887 -1 -1 -1 -1 -1 -1 -1 -1 1 
58 12 Car -1.000000 -1 -1 1182.1585351593856 141.59522328943825 1264.2208777401274 240.8140473332801 -1 -1 -1 -1 -1 -1 -1 -1 1 
59 1 Car -1.000000 -1 -1 819.3640302056865 154.98244831055314 959.1078145738861 240.09039363865492 -1 -1 -1 -1 -1 -1 -1 -1 1 
59 8 Car -1.000000 -1 -1 1047.3505102723814 152.44823613321557 1214.271567259032 236.3308369098325 -1 -1 -1 -1 -1 -1 -1 -1 1 
59 12 Car -1.000000 -1 -1 1199.752935178657 140.61855376485573 1285.28237302097 244.029375245368 -1 -1 -1 -1 -1 -1 -1 -1 1 
60 1 Car -1.000000 -1 -1 846.9678787038115 155.914959743589 988.8208733768204 240.110934221904 -1 -1 -1 -1 -1 -1 -1 -1 1 
60 8 Car -1.000000 -1 -1 1049.2629549207425 156.1656257179771 1203.4143375397869 239.41127396616764 -1 -1 -1 -1 -1 -1 -1 -1 1 
61 1 Car -1.000000 -1 -1 867.8396046147958 155.53968799855787 1010.2710964883294 239.35709361196643 -1 -1 -1 -1 -1 -1 -1 -1 1 
61 8 Car -1.000000 -1 -1 1067.372147235769 149.55898944492503 1244.193225650612 244.78007475193368 -1 -1 -1 -1 -1 -1 -1 -1 1 
62 1 Car -1.000000 -1 -1 894.3205399121584 157.81512962252708 1033.9606945649707 236.6227857434484 -1 -1 -1 -1 -1 -1 -1 -1 1 
62 8 Car -1.000000 -1 -1 1081.8180700840096 150.63165324534788 1237.1357577897297 245.5213690465764 -1 -1 -1 -1 -1 -1 -1 -1 1 
63 1 Car -1.000000 -1 -1 909.024911854404 153.782488872393 1063.6606756929154 233.38429554059553 -1 -1 -1 -1 -1 -1 -1 -1 1 
63 8 Car -1.000000 -1 -1 1095.53646109081 150.88004195816495 1246.2987645205196 246.47813717170663 -1 -1 -1 -1 -1 -1 -1 -1 1 
64 1 Car -1.000000 -1 -1 927.8929662829048 153.6952610190548 1091.029222406635 233.16982580490568 -1 -1 -1 -1 -1 -1 -1 -1 1 
64 8 Car -1.000000 -1 -1 1110.7738935135183 153.92405285422916 1244.8030366769178 254.7339453198318 -1 -1 -1 -1 -1 -1 -1 -1 1 
65 1 Car -1.000000 -1 -1 948.5496600331046 155.43133625900708 1116.8423197834184 238.79433962717474 -1 -1 -1 -1 -1 -1 -1 -1 1 
65 8 Car -1.000000 -1 -1 1125.6744278757772 150.68424664849374 1237.9372163117114 247.27793112474336 -1 -1 -1 -1 -1 -1 -1 -1 1 
66 1 Car -1.000000 -1 -1 973.7649717710427 156.76520068593584 1136.6949149907293 238.61501658471965 -1 -1 -1 -1 -1 -1 -1 -1 1 
66 8 Car -1.000000 -1 -1 1135.1890851584615 153.98509381373034 1244.5374444591616 254.64705547433195 -1 -1 -1 -1 -1 -1 -1 -1 1 
67 1 Car -1.000000 -1 -1 998.4068693438102 159.6024787299453 1157.569226880296 239.02531786576748 -1 -1 -1 -1 -1 -1 -1 -1 1 
67 8 Car -1.000000 -1 -1 1136.6205017515747 155.6292773494651 1244.27343689783 256.9107290437159 -1 -1 -1 -1 -1 -1 -1 -1 1 
68 1 Car -1.000000 -1 -1 1002.102693322867 159.86585076393033 1172.8673262925174 248.77939239485582 -1 -1 -1 -1 -1 -1 -1 -1 1 
68 8 Car -1.000000 -1 -1 1150.1939224728471 157.93420417730368 1250.7981816340402 262.8879367943901 -1 -1 -1 -1 -1 -1 -1 -1 1 
69 1 Car -1.000000 -1 -1 1024.2611946159009 159.33463980395027 1181.4176295588793 242.2435116106752 -1 -1 -1 -1 -1 -1 -1 -1 1 
69 8 Car -1.000000 -1 -1 1159.6975537303294 158.2327605572499 1248.4568485470309 263.26541974837255 -1 -1 -1 -1 -1 -1 -1 -1 1 
70 1 Car -1.000000 -1 -1 1040.382897700746 160.3575840742178 1190.294060479144 239.94215708596465 -1 -1 -1 -1 -1 -1 -1 -1 1 
70 8 Car -1.000000 -1 -1 1164.1920978358878 158.37371313997846 1248.7014692242963 263.1005493247785 -1 -1 -1 -1 -1 -1 -1 -1 1 
71 1 Car -1.000000 -1 -1 1054.5028680960766 159.55592952865106 1200.9865097900238 238.7421761331684 -1 -1 -1 -1 -1 -1 -1 -1 1 
71 8 Car -1.000000 -1 -1 1168.0612122967957 156.85395023403166 1252.4757430022387 263.39791681829115 -1 -1 -1 -1 -1 -1 -1 -1 1 
72 1 Car -1.000000 -1 -1 1066.3236158595068 159.75535871380694 1207.4309521288585 239.2297048228396 -1 -1 -1 -1 -1 -1 -1 -1 1 
72 8 Car -1.000000 -1 -1 1165.1609657076633 153.0658862951856 1249.0223537935792 266.465830328193 -1 -1 -1 -1 -1 -1 -1 -1 1 
73 1 Car -1.000000 -1 -1 1073.6852337928913 157.37010820592596 1208.6296045086526 240.00512956549977 -1 -1 -1 -1 -1 -1 -1 -1 1 
73 8 Car -1.000000 -1 -1 1170.644245988845 154.1072687648512 1247.362258132948 267.3769616983476 -1 -1 -1 -1 -1 -1 -1 -1 1 
74 1 Car -1.000000 -1 -1 1079.2446972001899 158.61135476817606 1205.510676433065 239.78167636814285 -1 -1 -1 -1 -1 -1 -1 -1 1 
74 8 Car -1.000000 -1 -1 1171.8488929829591 157.14859674738653 1244.8072044366331 267.0729569837745 -1 -1 -1 -1 -1 -1 -1 -1 1 
75 1 Car -1.000000 -1 -1 1083.9236336674996 160.58051494825924 1199.7215600688635 238.8401903876094 -1 -1 -1 -1 -1 -1 -1 -1 1 
75 8 Car -1.000000 -1 -1 1167.9881865128298 154.62206701202382 1244.7964231417227 271.12322577274335 -1 -1 -1 -1 -1 -1 -1 -1 1 
76 1 Car -1.000000 -1 -1 1097.6047685745539 161.22482538042186 1210.3706988236813 238.50931346717772 -1 -1 -1 -1 -1 -1 -1 -1 1 
76 8 Car -1.000000 -1 -1 1163.853522088983 158.55414609837698 1244.5790846365103 281.1332668145785 -1 -1 -1 -1 -1 -1 -1 -1 1 
77 1 Car -1.000000 -1 -1 1088.961391512895 164.64213873231296 1201.9080909525105 244.72580334624632 -1 -1 -1 -1 -1 -1 -1 -1 1 
77 8 Car -1.000000 -1 -1 1158.4316409449673 158.70550214852085 1244.1476221452438 289.73685587303765 -1 -1 -1 -1 -1 -1 -1 -1 1 
78 1 Car -1.000000 -1 -1 1094.5241385209035 167.5346007392463 1192.6859014435686 245.16045966411406 -1 -1 -1 -1 -1 -1 -1 -1 1 
78 8 Car -1.000000 -1 -1 1156.516521335687 159.3993776099453 1242.6365876293992 290.0495070447733 -1 -1 -1 -1 -1 -1 -1 -1 1 
79 1 Car -1.000000 -1 -1 1097.4375212418768 167.04001915232675 1186.7619609991114 244.41228598082608 -1 -1 -1 -1 -1 -1 -1 -1 1 
79 8 Car -1.000000 -1 -1 1140.2550279228153 161.471835795801 1240.221023515628 312.09033092902723 -1 -1 -1 -1 -1 -1 -1 -1 1 
80 1 Car -1.000000 -1 -1 1098.6473370238616 167.875212724467 1178.5062240666218 244.2312179858735 -1 -1 -1 -1 -1 -1 -1 -1 1 
80 8 Car -1.000000 -1 -1 1136.0761447714278 163.02811878458758 1237.6489184055824 312.7069060195445 -1 -1 -1 -1 -1 -1 -1 -1 1 
81 1 Car -1.000000 -1 -1 1098.254144082484 170.49902429156995 1162.3656485888787 242.09779270743127 -1 -1 -1 -1 -1 -1 -1 -1 1 
81 8 Car -1.000000 -1 -1 1130.9256593696828 163.40082660082112 1237.498758958259 312.22752987054724 -1 -1 -1 -1 -1 -1 -1 -1 1 
82 1 Car -1.000000 -1 -1 1093.3893975407493 172.33307201484592 1154.875261320718 244.38585648662786 -1 -1 -1 -1 -1 -1 -1 -1 1 
82 8 Car -1.000000 -1 -1 1123.2417141819801 161.08059663695752 1236.302356184978 313.928151890443 -1 -1 -1 -1 -1 -1 -1 -1 1 
83 1 Car -1.000000 -1 -1 1082.5717059990534 169.1187260205002 1143.4614304934657 245.59475878432593 -1 -1 -1 -1 -1 -1 -1 -1 1 
83 8 Car -1.000000 -1 -1 1113.2937129715574 154.8170167756793 1238.6456944954314 319.8545575413182 -1 -1 -1 -1 -1 -1 -1 -1 1 
84 1 Car -1.000000 -1 -1 1083.4948130653183 169.66106841118645 1144.3546415517153 246.10424120097886 -1 -1 -1 -1 -1 -1 -1 -1 1 
84 8 Car -1.000000 -1 -1 1110.3857084633448 151.5187917625301 1231.6095122608185 302.326570590221 -1 -1 -1 -1 -1 -1 -1 -1 1 
85 8 Car -1.000000 -1 -1 1101.6653863333709 154.2988709483884 1233.825449889431 314.50216382019255 -1 -1 -1 -1 -1 -1 -1 -1 1 
86 8 Car -1.000000 -1 -1 1087.25924924603 151.00185360335678 1236.9700650175926 323.58685042931836 -1 -1 -1 -1 -1 -1 -1 -1 1 
87 8 Car -1.000000 -1 -1 1081.6874865471855 152.97944897606408 1236.9986986046513 324.10875762508397 -1 -1 -1 -1 -1 -1 -1 -1 1 
87 14 Car -1.000000 -1 -1 1001.2565500310077 187.56410773988537 1046.016124771457 219.7359569793131 -1 -1 -1 -1 -1 -1 -1 -1 1 
88 8 Car -1.000000 -1 -1 1072.1239832946324 151.78345526062387 1238.3564791736405 328.7306822973818 -1 -1 -1 -1 -1 -1 -1 -1 1 
88 14 Car -1.000000 -1 -1 984.6181598921626 186.93092496711247 1030.6244314338621 220.09557237032928 -1 -1 -1 -1 -1 -1 -1 -1 1 
89 8 Car -1.000000 -1 -1 1069.2020419559622 151.3791457012863 1239.2014757067948 332.33907543628914 -1 -1 -1 -1 -1 -1 -1 -1 1 
89 14 Car -1.000000 -1 -1 966.9508511211675 183.55148665127794 1017.5391104267409 217.36234726954547 -1 -1 -1 -1 -1 -1 -1 -1 1 
90 14 Car -1.000000 -1 -1 943.7222262397229 181.41203407474956 996.5494274591196 219.31741388375184 -1 -1 -1 -1 -1 -1 -1 -1 1 
90 15 Car -1.000000 -1 -1 1024.075049015526 168.63942610671347 1060.5902996054058 229.4263319616743 -1 -1 -1 -1 -1 -1 -1 -1 1 
91 8 Car -1.000000 -1 -1 1045.165517943758 146.51685156784475 1234.6794324653429 341.9333558318484 -1 -1 -1 -1 -1 -1 -1 -1 1 
91 14 Car -1.000000 -1 -1 925.5219610356852 181.4409276226125 975.1163837131669 218.4860251713781 -1 -1 -1 -1 -1 -1 -1 -1 1 
91 15 Car -1.000000 -1 -1 1008.6281109097445 168.08630835842771 1051.8879803103505 231.69178423073967 -1 -1 -1 -1 -1 -1 -1 -1 1 
92 8 Car -1.000000 -1 -1 1035.4499785285063 147.2081094163288 1234.0308182952997 347.6970110485746 -1 -1 -1 -1 -1 -1 -1 -1 1 
92 14 Car -1.000000 -1 -1 925.6572147133505 181.47984244406413 967.0301682208308 215.54282255475886 -1 -1 -1 -1 -1 -1 -1 -1 1 
92 15 Car -1.000000 -1 -1 996.5858304264995 170.12638110009976 1040.7776616887961 229.9296078924369 -1 -1 -1 -1 -1 -1 -1 -1 1 
93 8 Car -1.000000 -1 -1 1018.3999813359148 141.800734107871 1240.56095748449 367.9427814724953 -1 -1 -1 -1 -1 -1 -1 -1 1 
93 14 Car -1.000000 -1 -1 910.3988411497486 181.04921984407665 952.2156171437063 215.47763271380646 -1 -1 -1 -1 -1 -1 -1 -1 1 
93 15 Car -1.000000 -1 -1 986.3476952262616 170.93581877958925 1032.1827146584749 226.8331286064625 -1 -1 -1 -1 -1 -1 -1 -1 1 
94 8 Car -1.000000 -1 -1 1013.1370174100225 147.96199369119995 1237.8366012587153 374.1114194370672 -1 -1 -1 -1 -1 -1 -1 -1 1 
94 15 Car -1.000000 -1 -1 969.4340285496996 170.19000269215545 1024.2492957308243 226.0141844422581 -1 -1 -1 -1 -1 -1 -1 -1 1 
95 8 Car -1.000000 -1 -1 1006.7677813824346 148.07716863238937 1237.0759600976112 376.2438419042412 -1 -1 -1 -1 -1 -1 -1 -1 1 
95 15 Car -1.000000 -1 -1 957.2149185474369 171.70522326890088 1012.6362299813478 226.90447776674188 -1 -1 -1 -1 -1 -1 -1 -1 1 
95 18 Car -1.000000 -1 -1 91.63700053126973 184.80130385840513 158.89586722238943 209.56841635599457 -1 -1 -1 -1 -1 -1 -1 -1 1 
96 8 Car -1.000000 -1 -1 1002.4850412010875 141.90889675880015 1239.3214675645968 372.86268809000074 -1 -1 -1 -1 -1 -1 -1 -1 1 
96 15 Car -1.000000 -1 -1 942.4161833563724 173.15128277826562 1004.0261064659559 227.43705383430017 -1 -1 -1 -1 -1 -1 -1 -1 1 
96 18 Car -1.000000 -1 -1 55.392293411674835 183.46779675549976 126.52436543481781 208.7387623130069 -1 -1 -1 -1 -1 -1 -1 -1 1 
97 8 Car -1.000000 -1 -1 1004.2299811045332 150.8810525743997 1237.0354288134054 373.81004457817403 -1 -1 -1 -1 -1 -1 -1 -1 1 
97 15 Car -1.000000 -1 -1 921.0714064517214 175.5567546277201 983.2586982391512 231.99303328248956 -1 -1 -1 -1 -1 -1 -1 -1 1 
97 18 Car -1.000000 -1 -1 19.472951876531077 181.01321701929987 96.89555258283718 209.2411761399528 -1 -1 -1 -1 -1 -1 -1 -1 1 
97 20 Car -1.000000 -1 -1 823.1687763057116 185.4671593018529 865.7036077502123 221.02400140742267 -1 -1 -1 -1 -1 -1 -1 -1 1 
98 8 Car -1.000000 -1 -1 991.5003953753288 139.70311685378354 1239.4879023463689 372.4624769370955 -1 -1 -1 -1 -1 -1 -1 -1 1 
98 15 Car -1.000000 -1 -1 904.8059899182605 176.65693875419115 964.707607595248 231.04683758583226 -1 -1 -1 -1 -1 -1 -1 -1 1 
98 18 Car -1.000000 -1 -1 -2.5151110725148946 182.10475518497879 65.87407362511192 209.4517959178323 -1 -1 -1 -1 -1 -1 -1 -1 1 
98 20 Car -1.000000 -1 -1 806.7707596708115 186.86638395333839 848.2032589809703 220.3139106815832 -1 -1 -1 -1 -1 -1 -1 -1 1 
99 8 Car -1.000000 -1 -1 987.1850752042272 138.1641477472138 1242.6602478931716 373.76047664170443 -1 -1 -1 -1 -1 -1 -1 -1 1 
99 15 Car -1.000000 -1 -1 890.8143192007842 176.91582988407038 949.8763663023819 229.9617645848786 -1 -1 -1 -1 -1 -1 -1 -1 1 
99 18 Car -1.000000 -1 -1 -29.969028288729483 181.03650439265195 40.648619751874314 209.27465842562424 -1 -1 -1 -1 -1 -1 -1 -1 1 
99 20 Car -1.000000 -1 -1 786.7979630215381 185.3750589030656 832.1630109746017 221.42740497216303 -1 -1 -1 -1 -1 -1 -1 -1 1 
100 8 Car -1.000000 -1 -1 973.1090190236336 134.47299226565974 1239.5187281325943 371.98407604213526 -1 -1 -1 -1 -1 -1 -1 -1 1 
100 15 Car -1.000000 -1 -1 872.0132861728052 173.07282016764265 931.4756613777605 226.29419372474268 -1 -1 -1 -1 -1 -1 -1 -1 1 
100 20 Car -1.000000 -1 -1 770.7448363790471 182.0469408582336 820.2492354444371 218.34122458544826 -1 -1 -1 -1 -1 -1 -1 -1 1 
101 8 Car -1.000000 -1 -1 967.7209310582978 131.84806617821772 1242.7756946460934 375.0912982700205 -1 -1 -1 -1 -1 -1 -1 -1 1 
101 15 Car -1.000000 -1 -1 858.7766558566107 174.17638206052064 913.689281606476 224.03727239237878 -1 -1 -1 -1 -1 -1 -1 -1 1 
101 20 Car -1.000000 -1 -1 753.789421069099 181.41217937198212 798.9274930716028 218.6292149745983 -1 -1 -1 -1 -1 -1 -1 -1 1 
101 24 Car -1.000000 -1 -1 945.0596451392713 188.18851717480595 984.1259064254159 225.4260108709014 -1 -1 -1 -1 -1 -1 -1 -1 1 
102 8 Car -1.000000 -1 -1 962.7369022990957 128.92712585478887 1243.6731744457227 375.1389036781658 -1 -1 -1 -1 -1 -1 -1 -1 1 
102 15 Car -1.000000 -1 -1 844.938887568812 174.43667178976074 898.7020342794664 223.25372808643652 -1 -1 -1 -1 -1 -1 -1 -1 1 
102 20 Car -1.000000 -1 -1 735.8362260024701 180.73352536277181 779.0180916914143 216.6771222389503 -1 -1 -1 -1 -1 -1 -1 -1 1 
102 24 Car -1.000000 -1 -1 944.1517041230579 189.00976683876638 985.6461145529587 228.56174911542848 -1 -1 -1 -1 -1 -1 -1 -1 1 
102 26 Car -1.000000 -1 -1 929.7685013829125 187.5456906413801 966.6930126747536 221.98534777958758 -1 -1 -1 -1 -1 -1 -1 -1 1 
103 8 Car -1.000000 -1 -1 956.4651729165386 123.00226805418038 1241.490206808514 374.73557271824234 -1 -1 -1 -1 -1 -1 -1 -1 1 
103 20 Car -1.000000 -1 -1 721.0496700796053 179.58827648265944 767.4521887786995 217.6802158750996 -1 -1 -1 -1 -1 -1 -1 -1 1 
103 26 Car -1.000000 -1 -1 921.7118898663391 188.10405389865852 969.9640379505378 225.62040770099685 -1 -1 -1 -1 -1 -1 -1 -1 1 
104 8 Car -1.000000 -1 -1 960.056811685456 117.7398941216482 1241.923759187045 375.88524535098685 -1 -1 -1 -1 -1 -1 -1 -1 1 
104 15 Car -1.000000 -1 -1 810.4233570156374 172.97844522483896 861.7447285875938 220.7551186512208 -1 -1 -1 -1 -1 -1 -1 -1 1 
104 20 Car -1.000000 -1 -1 704.3469606065769 179.80106604902483 748.792955726068 219.14380703187223 -1 -1 -1 -1 -1 -1 -1 -1 1 
104 26 Car -1.000000 -1 -1 906.1338043937596 189.20189750827183 964.8233684228331 232.4823771610766 -1 -1 -1 -1 -1 -1 -1 -1 1 
105 8 Car -1.000000 -1 -1 960.6873859894329 114.7519892864824 1241.9876844727594 374.48260662979675 -1 -1 -1 -1 -1 -1 -1 -1 1 
105 15 Car -1.000000 -1 -1 792.9556286019956 172.849863361325 844.5447820622664 221.47328859477017 -1 -1 -1 -1 -1 -1 -1 -1 1 
105 20 Car -1.000000 -1 -1 687.2538745292071 178.93263108357854 732.3897997281621 219.859598175561 -1 -1 -1 -1 -1 -1 -1 -1 1 
105 26 Car -1.000000 -1 -1 896.9085849174126 188.6540613221145 952.7522392605364 232.6102847991885 -1 -1 -1 -1 -1 -1 -1 -1 1 
105 34 Car -1.000000 -1 -1 869.2036139962805 184.52411743050848 905.5073060370024 215.688545347353 -1 -1 -1 -1 -1 -1 -1 -1 1 
106 8 Car -1.000000 -1 -1 961.9712095767618 127.52164321316334 1241.7905495852851 375.1368051104415 -1 -1 -1 -1 -1 -1 -1 -1 1 
106 15 Car -1.000000 -1 -1 776.382419475541 173.51548206692576 826.6673083944742 220.51262997012415 -1 -1 -1 -1 -1 -1 -1 -1 1 
106 20 Car -1.000000 -1 -1 669.3686492553295 179.92122939776283 716.275447874435 219.01731222843497 -1 -1 -1 -1 -1 -1 -1 -1 1 
106 26 Car -1.000000 -1 -1 874.029070589532 189.74999350799806 926.6047928761619 229.6373429584384 -1 -1 -1 -1 -1 -1 -1 -1 1 
106 34 Car -1.000000 -1 -1 864.526639015579 184.91566535434208 900.4372009665776 215.74261231193532 -1 -1 -1 -1 -1 -1 -1 -1 1 
107 8 Car -1.000000 -1 -1 969.1082592317781 128.99554552423763 1242.6489581681526 374.72028836718175 -1 -1 -1 -1 -1 -1 -1 -1 1 
107 15 Car -1.000000 -1 -1 760.4643597707916 173.39511707253465 811.3610843724794 221.03361788104976 -1 -1 -1 -1 -1 -1 -1 -1 1 
107 20 Car -1.000000 -1 -1 653.7288095219262 180.30809179975444 699.7915382869476 220.2894324447414 -1 -1 -1 -1 -1 -1 -1 -1 1 
107 26 Car -1.000000 -1 -1 862.4946606914293 189.69102699674053 915.2835674864594 230.46551420380587 -1 -1 -1 -1 -1 -1 -1 -1 1 
107 39 Car -1.000000 -1 -1 900.8544654695539 189.63219473927523 980.9546969441693 239.84615839778746 -1 -1 -1 -1 -1 -1 -1 -1 1 
108 8 Car -1.000000 -1 -1 977.6786516103542 120.91525850787679 1243.0129613229817 377.59047258992035 -1 -1 -1 -1 -1 -1 -1 -1 1 
108 15 Car -1.000000 -1 -1 746.3038018101881 174.02144895609868 794.9341330123875 219.9613317778882 -1 -1 -1 -1 -1 -1 -1 -1 1 
108 20 Car -1.000000 -1 -1 637.3476413709195 180.35109617369665 682.4693696304954 220.4039091909383 -1 -1 -1 -1 -1 -1 -1 -1 1 
108 26 Car -1.000000 -1 -1 853.853039577584 189.96855492947927 902.0480277128362 230.66360181096042 -1 -1 -1 -1 -1 -1 -1 -1 1 
108 39 Car -1.000000 -1 -1 886.8307726296023 189.12397650622756 986.8552968701495 240.76534308589595 -1 -1 -1 -1 -1 -1 -1 -1 1 
109 8 Car -1.000000 -1 -1 985.994785438036 110.44418538700171 1245.1654009137465 376.80161591878834 -1 -1 -1 -1 -1 -1 -1 -1 1 
109 15 Car -1.000000 -1 -1 727.8483592633803 173.65360896879912 776.5781382046341 219.55694068200202 -1 -1 -1 -1 -1 -1 -1 -1 1 
109 20 Car -1.000000 -1 -1 619.8557011392237 178.95682815225504 669.177241755353 220.52009867842156 -1 -1 -1 -1 -1 -1 -1 -1 1 
109 26 Car -1.000000 -1 -1 844.5643854732467 189.53198860763544 893.8036405611718 233.64475887948421 -1 -1 -1 -1 -1 -1 -1 -1 1 
109 39 Car -1.000000 -1 -1 876.1100279472969 191.43465642893275 975.6030970703856 244.66129869232537 -1 -1 -1 -1 -1 -1 -1 -1 1 
109 41 Car -1.000000 -1 -1 781.1720382965649 184.84200412080386 808.8641019466513 214.41784188824155 -1 -1 -1 -1 -1 -1 -1 -1 1 
110 8 Car -1.000000 -1 -1 990.3554266497376 107.24412958495847 1247.568080510353 375.6812944805092 -1 -1 -1 -1 -1 -1 -1 -1 1 
110 15 Car -1.000000 -1 -1 713.696451944965 172.84937831478234 762.5092031781255 218.58023665279515 -1 -1 -1 -1 -1 -1 -1 -1 1 
110 20 Car -1.000000 -1 -1 604.3434004839216 180.47460644062414 652.2889601241436 220.2132160848137 -1 -1 -1 -1 -1 -1 -1 -1 1 
110 26 Car -1.000000 -1 -1 836.0101573794356 190.03290004220267 887.084540925689 235.78977677142612 -1 -1 -1 -1 -1 -1 -1 -1 1 
110 39 Car -1.000000 -1 -1 866.3164037529133 188.17714608189775 966.6600646394179 240.69770900728926 -1 -1 -1 -1 -1 -1 -1 -1 1 
110 41 Car -1.000000 -1 -1 763.140109259221 183.64568570276313 791.559680992494 213.737855064844 -1 -1 -1 -1 -1 -1 -1 -1 1 
111 8 Car -1.000000 -1 -1 1008.1213459053062 106.15368992840885 1254.8955983028566 376.47174144365613 -1 -1 -1 -1 -1 -1 -1 -1 1 
111 15 Car -1.000000 -1 -1 698.2045721587149 171.09804524337267 746.8014323570196 217.25929388863526 -1 -1 -1 -1 -1 -1 -1 -1 1 
111 20 Car -1.000000 -1 -1 589.5487603044844 178.8561164931014 636.9982896217938 220.98376729807734 -1 -1 -1 -1 -1 -1 -1 -1 1 
111 39 Car -1.000000 -1 -1 853.4764041260106 187.3458167662543 948.7469932152217 242.30298704071544 -1 -1 -1 -1 -1 -1 -1 -1 1 
111 41 Car -1.000000 -1 -1 746.492303667024 183.37637446462406 774.9385889234479 211.80304355714986 -1 -1 -1 -1 -1 -1 -1 -1 1 
112 8 Car -1.000000 -1 -1 1008.2194051666215 103.72735641402986 1258.1686053160165 377.5292175093972 -1 -1 -1 -1 -1 -1 -1 -1 1 
112 15 Car -1.000000 -1 -1 680.5844804327703 171.596062172378 726.9888859389606 214.65079073018455 -1 -1 -1 -1 -1 -1 -1 -1 1 
112 20 Car -1.000000 -1 -1 569.4003257387197 177.26700432791407 623.5435858291765 219.1969628563258 -1 -1 -1 -1 -1 -1 -1 -1 1 
112 39 Car -1.000000 -1 -1 844.4179651529242 186.07804994681482 941.8001155968277 241.58473395262416 -1 -1 -1 -1 -1 -1 -1 -1 1 
112 41 Car -1.000000 -1 -1 735.8432789242044 183.50139298988532 765.753688569603 210.74685280378637 -1 -1 -1 -1 -1 -1 -1 -1 1 
112 47 Car -1.000000 -1 -1 761.1751708558636 182.34215668404542 802.3516032396069 215.95045796319621 -1 -1 -1 -1 -1 -1 -1 -1 1 
113 15 Car -1.000000 -1 -1 665.8860189986947 170.7371194158132 712.9215751377078 214.6327622569213 -1 -1 -1 -1 -1 -1 -1 -1 1 
113 20 Car -1.000000 -1 -1 555.4782450582087 179.13061666936954 607.091246156824 220.58811778665554 -1 -1 -1 -1 -1 -1 -1 -1 1 
113 39 Car -1.000000 -1 -1 832.3632238321097 184.96257982992483 933.2587353031003 243.17215354278443 -1 -1 -1 -1 -1 -1 -1 -1 1 
113 41 Car -1.000000 -1 -1 715.168743566337 179.90933339367604 747.223586338714 206.79169515848739 -1 -1 -1 -1 -1 -1 -1 -1 1 
113 47 Car -1.000000 -1 -1 746.7404899661499 181.30142632123142 795.3525635112288 217.53758931487772 -1 -1 -1 -1 -1 -1 -1 -1 1 
113 52 Car -1.000000 -1 -1 48.817259978998024 179.70609466858494 231.34246400365072 276.29889082986205 -1 -1 -1 -1 -1 -1 -1 -1 1 
114 15 Car -1.000000 -1 -1 652.6143096888504 170.68628370625325 698.6553050583817 213.71883950795683 -1 -1 -1 -1 -1 -1 -1 -1 1 
114 20 Car -1.000000 -1 -1 538.5369942935529 177.42895323014363 591.6543800996692 221.26758715001625 -1 -1 -1 -1 -1 -1 -1 -1 1 
114 39 Car -1.000000 -1 -1 823.8739004580792 185.59263975929917 925.5832309072088 242.85311483721551 -1 -1 -1 -1 -1 -1 -1 -1 1 
114 41 Car -1.000000 -1 -1 707.2189668019096 182.17671278993765 740.9710241235265 211.7325184881875 -1 -1 -1 -1 -1 -1 -1 -1 1 
114 47 Car -1.000000 -1 -1 732.1195799361691 181.56873527323037 779.8794439486916 216.93931748367828 -1 -1 -1 -1 -1 -1 -1 -1 1 
114 52 Car -1.000000 -1 -1 0.5351330847070841 182.116116335455 216.95311181211912 285.64797137662174 -1 -1 -1 -1 -1 -1 -1 -1 1 
115 15 Car -1.000000 -1 -1 635.2585900034916 172.32672395512338 684.0287421681297 214.2276684858871 -1 -1 -1 -1 -1 -1 -1 -1 1 
115 20 Car -1.000000 -1 -1 521.8339587220424 177.0606161171067 578.4384411755811 221.82454964325558 -1 -1 -1 -1 -1 -1 -1 -1 1 
115 39 Car -1.000000 -1 -1 817.0072250210146 185.47886202946196 916.593406040808 244.0177781967019 -1 -1 -1 -1 -1 -1 -1 -1 1 
115 41 Car -1.000000 -1 -1 692.0079445342147 182.4960759950787 726.5052050470591 210.9114308173417 -1 -1 -1 -1 -1 -1 -1 -1 1 
115 47 Car -1.000000 -1 -1 722.5041737086005 181.59409570970388 773.2680186753065 217.70511172876874 -1 -1 -1 -1 -1 -1 -1 -1 1 
115 52 Car -1.000000 -1 -1 1.3512245932758589 184.37922192233907 203.63092366668064 294.45815937796345 -1 -1 -1 -1 -1 -1 -1 -1 1 
116 15 Car -1.000000 -1 -1 625.0715411650525 170.7760195027417 674.471696583756 213.1372227774797 -1 -1 -1 -1 -1 -1 -1 -1 1 
116 20 Car -1.000000 -1 -1 508.986368611145 177.29158541225914 565.6906702722599 223.08454911758406 -1 -1 -1 -1 -1 -1 -1 -1 1 
116 39 Car -1.000000 -1 -1 804.7643585355153 188.291291553717 905.5560416888482 249.25915426628353 -1 -1 -1 -1 -1 -1 -1 -1 1 
116 41 Car -1.000000 -1 -1 682.5740302116901 183.19897178424765 717.8398000201682 213.0010930539203 -1 -1 -1 -1 -1 -1 -1 -1 1 
116 47 Car -1.000000 -1 -1 709.6159116253382 182.1437767974606 759.37093982593 218.2950542140409 -1 -1 -1 -1 -1 -1 -1 -1 1 
116 52 Car -1.000000 -1 -1 -2.0370389135409255 183.79135465749653 180.23546687546474 299.44198173306313 -1 -1 -1 -1 -1 -1 -1 -1 1 
117 15 Car -1.000000 -1 -1 608.9068447507673 172.14063706289403 655.7046830294341 213.7006338852531 -1 -1 -1 -1 -1 -1 -1 -1 1 
117 20 Car -1.000000 -1 -1 493.2979250487915 178.12572979868733 547.1019376784336 221.38437616111509 -1 -1 -1 -1 -1 -1 -1 -1 1 
117 39 Car -1.000000 -1 -1 798.8563091242225 189.2889393580552 902.9653225950326 253.20747979737166 -1 -1 -1 -1 -1 -1 -1 -1 1 
117 41 Car -1.000000 -1 -1 664.3414870316893 183.2649291064908 702.6544603810465 213.2209184303625 -1 -1 -1 -1 -1 -1 -1 -1 1 
117 47 Car -1.000000 -1 -1 698.4303555092985 183.4552474818175 752.8653121425039 223.86104392956284 -1 -1 -1 -1 -1 -1 -1 -1 1 
117 52 Car -1.000000 -1 -1 -10.369492808686147 194.52231577941745 166.25975564878883 310.27832304147654 -1 -1 -1 -1 -1 -1 -1 -1 1 
118 15 Car -1.000000 -1 -1 591.6280528547355 172.41261534016712 638.8917689429511 214.89123862064937 -1 -1 -1 -1 -1 -1 -1 -1 1 
118 20 Car -1.000000 -1 -1 474.9850715558033 180.3947558491024 535.8365607563293 229.77629159261204 -1 -1 -1 -1 -1 -1 -1 -1 1 
118 39 Car -1.000000 -1 -1 793.3573325119103 189.20196426147726 894.6739360849601 257.3186832276207 -1 -1 -1 -1 -1 -1 -1 -1 1 
118 41 Car -1.000000 -1 -1 657.460559813253 183.91145459579135 697.531443545114 215.66758536111774 -1 -1 -1 -1 -1 -1 -1 -1 1 
118 47 Car -1.000000 -1 -1 686.0264417043769 183.55992184989822 735.8613117740438 225.16204004441033 -1 -1 -1 -1 -1 -1 -1 -1 1 
118 52 Car -1.000000 -1 -1 -14.707336812689846 202.7294536575643 148.65666672779906 329.39518347759207 -1 -1 -1 -1 -1 -1 -1 -1 1 
119 15 Car -1.000000 -1 -1 579.7379931031155 172.19607753901687 626.1987605776926 213.35746896660046 -1 -1 -1 -1 -1 -1 -1 -1 1 
119 20 Car -1.000000 -1 -1 456.7417831261731 181.56558307057867 522.6366731529756 230.39551130719812 -1 -1 -1 -1 -1 -1 -1 -1 1 
119 39 Car -1.000000 -1 -1 783.9715090371785 189.71029004881132 888.5738651160514 255.88185117878302 -1 -1 -1 -1 -1 -1 -1 -1 1 
119 41 Car -1.000000 -1 -1 645.241479677909 183.91458844701256 685.8463847290122 216.09388432232444 -1 -1 -1 -1 -1 -1 -1 -1 1 
119 47 Car -1.000000 -1 -1 670.3959243678389 184.35311850224127 723.8301282386868 224.45496118315828 -1 -1 -1 -1 -1 -1 -1 -1 1 
119 52 Car -1.000000 -1 -1 -27.31756622649558 210.08781798310434 130.9978946903232 341.85455697223904 -1 -1 -1 -1 -1 -1 -1 -1 1 
120 15 Car -1.000000 -1 -1 563.6546594627447 172.74908212346955 608.9323220893208 213.72529847030543 -1 -1 -1 -1 -1 -1 -1 -1 1 
120 20 Car -1.000000 -1 -1 435.34983436662765 178.34625307851354 505.92153630634226 231.69660236177856 -1 -1 -1 -1 -1 -1 -1 -1 1 
120 39 Car -1.000000 -1 -1 773.7189617126047 189.83177595208113 884.7369261573882 259.7760004109345 -1 -1 -1 -1 -1 -1 -1 -1 1 
120 47 Car -1.000000 -1 -1 661.1679715022593 183.75380662364176 711.5812027241043 225.99526712603776 -1 -1 -1 -1 -1 -1 -1 -1 1 
120 52 Car -1.000000 -1 -1 -42.60211107369287 213.0380006185577 109.65871265729274 349.6612453764503 -1 -1 -1 -1 -1 -1 -1 -1 1 
120 64 Car -1.000000 -1 -1 633.3791243687117 184.6364673295658 673.5653060885886 215.10570682048683 -1 -1 -1 -1 -1 -1 -1 -1 1 
121 15 Car -1.000000 -1 -1 545.9810080853006 172.0084877361502 593.1699830290237 215.42982237223558 -1 -1 -1 -1 -1 -1 -1 -1 1 
121 20 Car -1.000000 -1 -1 417.7370013325566 179.59818906253523 487.5935367138103 234.44941377733878 -1 -1 -1 -1 -1 -1 -1 -1 1 
121 39 Car -1.000000 -1 -1 764.5886019740863 190.2490034882157 880.3495262193744 263.12958169698857 -1 -1 -1 -1 -1 -1 -1 -1 1 
121 47 Car -1.000000 -1 -1 650.7889960168105 183.23501634994886 701.4677696059217 227.29066399664995 -1 -1 -1 -1 -1 -1 -1 -1 1 
121 52 Car -1.000000 -1 -1 -64.23694815548822 213.50727837053049 96.25265482162658 357.5147900141201 -1 -1 -1 -1 -1 -1 -1 -1 1 
121 64 Car -1.000000 -1 -1 629.5989781805725 184.94092182664082 670.9289958303218 216.27742013366475 -1 -1 -1 -1 -1 -1 -1 -1 1 
121 65 Car -1.000000 -1 -1 616.360142966997 184.39567123409373 652.7640454746094 214.32402879278834 -1 -1 -1 -1 -1 -1 -1 -1 1 
122 15 Car -1.000000 -1 -1 534.6638059490859 171.47652360464218 580.8395050659328 212.7565349012583 -1 -1 -1 -1 -1 -1 -1 -1 1 
122 20 Car -1.000000 -1 -1 404.4041666720534 181.10016236476486 470.5445970339617 231.3553278011496 -1 -1 -1 -1 -1 -1 -1 -1 1 
122 39 Car -1.000000 -1 -1 760.6404258192117 190.38732617761661 873.4797313596596 265.75958145729766 -1 -1 -1 -1 -1 -1 -1 -1 1 
122 47 Car -1.000000 -1 -1 638.9194030639502 182.75491593429956 687.840430062432 228.4175220505359 -1 -1 -1 -1 -1 -1 -1 -1 1 
122 65 Car -1.000000 -1 -1 608.1191694955966 184.03388489698963 645.8764556792396 215.69134671237225 -1 -1 -1 -1 -1 -1 -1 -1 1 
122 68 Car -1.000000 -1 -1 710.1414464735273 188.37424547320924 770.7208237575458 239.7450114926102 -1 -1 -1 -1 -1 -1 -1 -1 1 
123 15 Car -1.000000 -1 -1 517.5966842805108 171.74867086932355 560.3542889260052 212.28247874936582 -1 -1 -1 -1 -1 -1 -1 -1 1 
123 20 Car -1.000000 -1 -1 378.0376198496708 180.88648718668173 445.76280995815654 234.07815896734968 -1 -1 -1 -1 -1 -1 -1 -1 1 
123 39 Car -1.000000 -1 -1 746.018026966621 190.3024400934641 861.8666809292024 267.58094873668233 -1 -1 -1 -1 -1 -1 -1 -1 1 
123 47 Car -1.000000 -1 -1 621.950333245709 183.77961900596398 678.3097351394487 227.42960848819428 -1 -1 -1 -1 -1 -1 -1 -1 1 
123 65 Car -1.000000 -1 -1 604.5542362301313 184.03810368454216 644.3518151982189 217.40623703249776 -1 -1 -1 -1 -1 -1 -1 -1 1 
123 68 Car -1.000000 -1 -1 690.8480687998127 190.0520571948079 758.1216864421622 247.4660288237573 -1 -1 -1 -1 -1 -1 -1 -1 1 
123 69 Car -1.000000 -1 -1 587.9043924290977 184.02743144926535 631.0294427824377 215.5456028144194 -1 -1 -1 -1 -1 -1 -1 -1 1 
124 15 Car -1.000000 -1 -1 499.9064250842663 171.57525976928684 544.478246351887 213.85063293506715 -1 -1 -1 -1 -1 -1 -1 -1 1 
124 20 Car -1.000000 -1 -1 360.81325856471545 181.43651134495397 435.4620220069963 235.3147533477885 -1 -1 -1 -1 -1 -1 -1 -1 1 
124 39 Car -1.000000 -1 -1 737.1864431220398 191.0564371699113 861.94511908357 267.00073076575154 -1 -1 -1 -1 -1 -1 -1 -1 1 
124 47 Car -1.000000 -1 -1 611.7674250854903 183.03438353780518 667.0534401934076 228.95694140201795 -1 -1 -1 -1 -1 -1 -1 -1 1 
124 68 Car -1.000000 -1 -1 663.2882858618377 188.77265951938858 747.0093227575793 250.6594321723309 -1 -1 -1 -1 -1 -1 -1 -1 1 
124 69 Car -1.000000 -1 -1 580.7679176650029 182.96298579332978 627.3609018704036 217.68469332892496 -1 -1 -1 -1 -1 -1 -1 -1 1 
125 15 Car -1.000000 -1 -1 486.541393054323 171.33383892581483 530.8861647804832 211.83058948895646 -1 -1 -1 -1 -1 -1 -1 -1 1 
125 20 Car -1.000000 -1 -1 333.8568830942359 182.02391826976805 410.2959671797866 238.98439088180666 -1 -1 -1 -1 -1 -1 -1 -1 1 
125 39 Car -1.000000 -1 -1 732.5225068405786 189.8015531395308 856.7448890261592 268.20211060086046 -1 -1 -1 -1 -1 -1 -1 -1 1 
125 47 Car -1.000000 -1 -1 598.8793604801796 180.96030180877727 654.2252076388287 228.87563242358544 -1 -1 -1 -1 -1 -1 -1 -1 1 
125 68 Car -1.000000 -1 -1 661.8114417769635 188.43761326706053 738.8992195140758 249.3318247373857 -1 -1 -1 -1 -1 -1 -1 -1 1 
125 69 Car -1.000000 -1 -1 578.3131192677035 182.87041702803043 627.6096623050557 219.60684845000975 -1 -1 -1 -1 -1 -1 -1 -1 1 
125 71 Car -1.000000 -1 -1 561.1284929287866 183.54083848580188 603.8219357928103 216.29892546282562 -1 -1 -1 -1 -1 -1 -1 -1 1 
126 15 Car -1.000000 -1 -1 470.088255210585 171.06116535699056 511.41212749900484 211.97639475955606 -1 -1 -1 -1 -1 -1 -1 -1 1 
126 20 Car -1.000000 -1 -1 318.89373262991256 182.51803372529534 398.25275175822446 236.9307929104132 -1 -1 -1 -1 -1 -1 -1 -1 1 
126 39 Car -1.000000 -1 -1 725.4311477036782 189.12324139857202 849.0668876576087 277.8628454284109 -1 -1 -1 -1 -1 -1 -1 -1 1 
126 47 Car -1.000000 -1 -1 583.2665814967825 180.4545985759965 633.329177270437 228.71457376259218 -1 -1 -1 -1 -1 -1 -1 -1 1 
126 68 Car -1.000000 -1 -1 649.9370632192972 187.75927313131058 730.6647175568742 250.25137283795507 -1 -1 -1 -1 -1 -1 -1 -1 1 
126 71 Car -1.000000 -1 -1 555.6633719565846 182.54561775291936 601.2660873159606 218.05244810030814 -1 -1 -1 -1 -1 -1 -1 -1 1 
126 72 Car -1.000000 -1 -1 537.5233173040372 183.01079446913266 581.0748806985538 214.4439681066731 -1 -1 -1 -1 -1 -1 -1 -1 1 
127 15 Car -1.000000 -1 -1 454.05236736426633 171.79173791068374 494.09113541552927 211.36915919609368 -1 -1 -1 -1 -1 -1 -1 -1 1 
127 20 Car -1.000000 -1 -1 285.9548040508055 183.67116760526926 370.6086030447003 242.0018225000603 -1 -1 -1 -1 -1 -1 -1 -1 1 
127 39 Car -1.000000 -1 -1 717.8795678057559 189.05053150570822 844.337328623847 277.67486279953795 -1 -1 -1 -1 -1 -1 -1 -1 1 
127 47 Car -1.000000 -1 -1 574.7550166498726 179.61116451109103 627.2668293077929 231.63729958426856 -1 -1 -1 -1 -1 -1 -1 -1 1 
127 68 Car -1.000000 -1 -1 634.7664504150019 186.689390260294 724.5094697226791 249.88464242134708 -1 -1 -1 -1 -1 -1 -1 -1 1 
127 71 Car -1.000000 -1 -1 559.2350345892606 181.7272699376579 612.5142241314468 227.91114212495472 -1 -1 -1 -1 -1 -1 -1 -1 1 
127 72 Car -1.000000 -1 -1 536.4199050296637 182.23897592280753 584.7234474995147 218.62154620454302 -1 -1 -1 -1 -1 -1 -1 -1 1 
127 74 Car -1.000000 -1 -1 519.720557624962 182.38855586281375 554.3283458213746 213.82775312261376 -1 -1 -1 -1 -1 -1 -1 -1 1 
128 15 Car -1.000000 -1 -1 445.26244316946133 172.33209983403773 484.15623931993787 212.11310440894704 -1 -1 -1 -1 -1 -1 -1 -1 1 
128 20 Car -1.000000 -1 -1 259.8942758524533 188.42162702270352 361.09820658741364 251.5734153565313 -1 -1 -1 -1 -1 -1 -1 -1 1 
128 39 Car -1.000000 -1 -1 716.3770784133559 187.9989490689395 842.9143881888536 280.9699542864545 -1 -1 -1 -1 -1 -1 -1 -1 1 
128 47 Car -1.000000 -1 -1 562.3911896138694 179.30928117926405 616.1426819823223 232.5638200232747 -1 -1 -1 -1 -1 -1 -1 -1 1 
128 68 Car -1.000000 -1 -1 624.4365970406493 186.49038178761813 720.9941035959409 256.71690685588334 -1 -1 -1 -1 -1 -1 -1 -1 1 
128 71 Car -1.000000 -1 -1 557.6081140192599 181.40630938839178 615.2451845454364 231.36773027657708 -1 -1 -1 -1 -1 -1 -1 -1 1 
128 72 Car -1.000000 -1 -1 534.883680105111 182.27508933200565 586.7697947893338 221.3560666235452 -1 -1 -1 -1 -1 -1 -1 -1 1 
128 74 Car -1.000000 -1 -1 513.517596613017 182.84995892486933 555.6905306470062 215.34000459221173 -1 -1 -1 -1 -1 -1 -1 -1 1 
129 15 Car -1.000000 -1 -1 437.2782028321167 172.64680158668585 476.7811104755455 212.30678078404014 -1 -1 -1 -1 -1 -1 -1 -1 1 
129 20 Car -1.000000 -1 -1 240.450772327677 189.3761865313892 343.26704038200705 259.1449938868463 -1 -1 -1 -1 -1 -1 -1 -1 1 
129 39 Car -1.000000 -1 -1 713.9282425585172 189.04738632807275 845.5515910073301 284.43890310155797 -1 -1 -1 -1 -1 -1 -1 -1 1 
129 68 Car -1.000000 -1 -1 607.4133955321049 185.6803117242854 715.0076670398458 259.317444469805 -1 -1 -1 -1 -1 -1 -1 -1 1 
129 74 Car -1.000000 -1 -1 516.5605287887028 184.84423623101497 562.8400044929358 223.1407220295511 -1 -1 -1 -1 -1 -1 -1 -1 1 
129 75 Car -1.000000 -1 -1 495.75044732971014 183.3442312696278 527.129684678718 213.27862468938622 -1 -1 -1 -1 -1 -1 -1 -1 1 
130 15 Car -1.000000 -1 -1 426.8393972819747 174.28985893482033 464.7035966406815 212.4927388124476 -1 -1 -1 -1 -1 -1 -1 -1 1 
130 20 Car -1.000000 -1 -1 220.60043213769092 193.5579258991889 326.65898591466276 263.0891474996705 -1 -1 -1 -1 -1 -1 -1 -1 1 
130 39 Car -1.000000 -1 -1 716.1880534081047 188.3201301862003 850.710586918253 287.4130806539917 -1 -1 -1 -1 -1 -1 -1 -1 1 
130 68 Car -1.000000 -1 -1 603.7012678970382 186.84480558756246 716.8709432858288 262.2626570557346 -1 -1 -1 -1 -1 -1 -1 -1 1 
130 74 Car -1.000000 -1 -1 513.768103674017 185.5051747837626 561.0756240875983 225.75409376983865 -1 -1 -1 -1 -1 -1 -1 -1 1 
130 75 Car -1.000000 -1 -1 494.13197939945024 183.9893391330314 530.3570732265175 215.6411960057189 -1 -1 -1 -1 -1 -1 -1 -1 1 
130 76 Car -1.000000 -1 -1 288.4733648774256 182.001568690019 353.094024749843 238.77482848519796 -1 -1 -1 -1 -1 -1 -1 -1 1 
130 77 Car -1.000000 -1 -1 471.2423776354008 180.6736449877562 502.10713566730374 205.37293337134014 -1 -1 -1 -1 -1 -1 -1 -1 1 
131 15 Car -1.000000 -1 -1 422.2586824899661 177.39901583430597 461.9553668294729 217.1208460427436 -1 -1 -1 -1 -1 -1 -1 -1 1 
131 20 Car -1.000000 -1 -1 198.80111606174447 198.62587331373743 318.699824264105 273.29308104348894 -1 -1 -1 -1 -1 -1 -1 -1 1 
131 39 Car -1.000000 -1 -1 720.0177950622086 188.57042959105894 862.8498170193175 295.48510152496306 -1 -1 -1 -1 -1 -1 -1 -1 1 
131 41 Car -1.000000 -1 -1 492.6567493359067 186.64335891413813 538.2849361500121 223.96127926280272 -1 -1 -1 -1 -1 -1 -1 -1 1 
131 68 Car -1.000000 -1 -1 597.9566561951056 187.51594678784974 717.0055709796812 265.7364175924864 -1 -1 -1 -1 -1 -1 -1 -1 1 
131 74 Car -1.000000 -1 -1 513.4668215096872 187.03695150727896 563.8537329971742 229.90578924768113 -1 -1 -1 -1 -1 -1 -1 -1 1 
131 75 Car -1.000000 -1 -1 492.09207815863374 184.96825284009682 529.4301268778341 217.59255737282376 -1 -1 -1 -1 -1 -1 -1 -1 1 
131 76 Car -1.000000 -1 -1 276.1837347825221 186.0540085078331 343.7559186691286 241.76894192194365 -1 -1 -1 -1 -1 -1 -1 -1 1 
131 77 Car -1.000000 -1 -1 467.5106169056107 183.50815205422165 501.686778139645 210.200585812314 -1 -1 -1 -1 -1 -1 -1 -1 1 
132 15 Car -1.000000 -1 -1 420.93000407399774 179.4833457954201 458.5681744798527 218.76092221993906 -1 -1 -1 -1 -1 -1 -1 -1 1 
132 20 Car -1.000000 -1 -1 185.4099863720706 201.37520569612275 305.18707961839516 277.14707097307576 -1 -1 -1 -1 -1 -1 -1 -1 1 
132 39 Car -1.000000 -1 -1 726.1537918178727 188.76542165376372 873.0457982272007 304.37124498986856 -1 -1 -1 -1 -1 -1 -1 -1 1 
132 41 Car -1.000000 -1 -1 492.8791439980065 187.26941913834895 532.4459025434331 226.11425779744897 -1 -1 -1 -1 -1 -1 -1 -1 1 
132 68 Car -1.000000 -1 -1 596.9802763772883 190.92707939971822 724.6839554974658 274.4930319917405 -1 -1 -1 -1 -1 -1 -1 -1 1 
132 76 Car -1.000000 -1 -1 259.4333767017373 187.71301050884964 340.4546299715766 255.2644741109877 -1 -1 -1 -1 -1 -1 -1 -1 1 
132 77 Car -1.000000 -1 -1 468.8217684353312 184.927496133604 500.73110507427634 212.50120182260432 -1 -1 -1 -1 -1 -1 -1 -1 1 
132 79 Car -1.000000 -1 -1 551.801103218627 182.85262834368 613.7667202991444 241.04125316587348 -1 -1 -1 -1 -1 -1 -1 -1 1 
133 15 Car -1.000000 -1 -1 420.6881236097687 179.90831207162174 457.7671970589385 218.7387116158843 -1 -1 -1 -1 -1 -1 -1 -1 1 
133 20 Car -1.000000 -1 -1 170.30797473319993 204.68976780130293 295.93111342487697 284.6696843052004 -1 -1 -1 -1 -1 -1 -1 -1 1 
133 39 Car -1.000000 -1 -1 734.062189849539 187.62404989643005 891.7404214298575 310.1834906175592 -1 -1 -1 -1 -1 -1 -1 -1 1 
133 41 Car -1.000000 -1 -1 479.00990104183757 187.8527953927993 514.2289277043943 223.27861561378 -1 -1 -1 -1 -1 -1 -1 -1 1 
133 68 Car -1.000000 -1 -1 589.9711662647086 190.74608869550138 740.4322661608808 276.5790566538777 -1 -1 -1 -1 -1 -1 -1 -1 1 
133 76 Car -1.000000 -1 -1 255.83576756329094 190.13662572378846 338.0130613831748 253.3387152785351 -1 -1 -1 -1 -1 -1 -1 -1 1 
133 77 Car -1.000000 -1 -1 468.2663153871007 185.04815751727284 500.36732237424366 213.05805122375818 -1 -1 -1 -1 -1 -1 -1 -1 1 
133 79 Car -1.000000 -1 -1 549.1102594744864 183.34685246733332 615.7400906485857 243.06385599329383 -1 -1 -1 -1 -1 -1 -1 -1 1 
134 15 Car -1.000000 -1 -1 421.11879692156504 178.20310683958456 458.7152754531407 217.6074190596173 -1 -1 -1 -1 -1 -1 -1 -1 1 
134 20 Car -1.000000 -1 -1 150.19845867552698 204.28875390030123 293.1501910046919 287.56288590215115 -1 -1 -1 -1 -1 -1 -1 -1 1 
134 39 Car -1.000000 -1 -1 752.2098357789085 182.65348583528078 917.1459891145611 317.24721393268396 -1 -1 -1 -1 -1 -1 -1 -1 1 
134 41 Car -1.000000 -1 -1 467.1126296238085 188.11260145145164 502.45596044940135 223.66356917267373 -1 -1 -1 -1 -1 -1 -1 -1 1 
134 68 Car -1.000000 -1 -1 610.1057556255766 191.07147106279845 749.7948204104506 279.9143225874008 -1 -1 -1 -1 -1 -1 -1 -1 1 
134 76 Car -1.000000 -1 -1 249.5717767465702 188.92643072778455 337.4625596030238 253.90879654244318 -1 -1 -1 -1 -1 -1 -1 -1 1 
134 77 Car -1.000000 -1 -1 468.63838568500745 183.42374268634123 502.5920471643812 211.58407371657873 -1 -1 -1 -1 -1 -1 -1 -1 1 
134 79 Car -1.000000 -1 -1 548.5293284844558 181.23320542647775 619.1037567438647 243.15968539670277 -1 -1 -1 -1 -1 -1 -1 -1 1 
135 15 Car -1.000000 -1 -1 423.3285640465704 174.37617872927686 460.5919628545519 213.2281045509782 -1 -1 -1 -1 -1 -1 -1 -1 1 
135 20 Car -1.000000 -1 -1 138.97976722212957 202.73698836950382 281.2848658771343 288.2718855050089 -1 -1 -1 -1 -1 -1 -1 -1 1 
135 39 Car -1.000000 -1 -1 772.0927704700978 182.99396247907058 958.3613437097634 324.1011010859945 -1 -1 -1 -1 -1 -1 -1 -1 1 
135 68 Car -1.000000 -1 -1 614.405289906733 187.90063098360963 761.1384301383778 281.5129418540276 -1 -1 -1 -1 -1 -1 -1 -1 1 
135 76 Car -1.000000 -1 -1 234.6363077038647 186.84221294590816 324.5674607895401 259.72396085574826 -1 -1 -1 -1 -1 -1 -1 -1 1 
135 77 Car -1.000000 -1 -1 470.23314611125403 180.24702018516376 501.5831019868566 205.3238507300796 -1 -1 -1 -1 -1 -1 -1 -1 1 
135 79 Car -1.000000 -1 -1 553.1187068259259 179.11480710616928 622.6035779484793 243.8248615843687 -1 -1 -1 -1 -1 -1 -1 -1 1 
135 81 Car -1.000000 -1 -1 456.18338229024806 179.62664456304415 485.66963093120233 204.5228292800843 -1 -1 -1 -1 -1 -1 -1 -1 1 
135 82 Car -1.000000 -1 -1 493.1589007886878 182.73990958092938 521.4537126090609 217.12806072241477 -1 -1 -1 -1 -1 -1 -1 -1 1 
136 15 Car -1.000000 -1 -1 428.03271797169674 173.4866277806544 464.2322277114634 210.82995821443566 -1 -1 -1 -1 -1 -1 -1 -1 1 
136 20 Car -1.000000 -1 -1 122.46677728416653 200.92770586953324 277.77945100093024 293.6196411254669 -1 -1 -1 -1 -1 -1 -1 -1 1 
136 39 Car -1.000000 -1 -1 790.2767043340842 178.65388275308288 998.6934226321332 333.1590967858773 -1 -1 -1 -1 -1 -1 -1 -1 1 
136 68 Car -1.000000 -1 -1 620.094520145053 184.5503407326166 780.0901634750419 284.99351585553643 -1 -1 -1 -1 -1 -1 -1 -1 1 
136 76 Car -1.000000 -1 -1 236.3920656831427 184.2470637853744 322.4267531197196 261.14923641485007 -1 -1 -1 -1 -1 -1 -1 -1 1 
136 77 Car -1.000000 -1 -1 474.79278159502877 177.39838476608526 506.2018876785026 202.33807019000582 -1 -1 -1 -1 -1 -1 -1 -1 1 
136 79 Car -1.000000 -1 -1 560.5427595392869 175.86914273031198 631.9502410779602 245.81307435224625 -1 -1 -1 -1 -1 -1 -1 -1 1 
136 81 Car -1.000000 -1 -1 455.6719707460673 176.965018212919 485.73786711939033 202.3506187935061 -1 -1 -1 -1 -1 -1 -1 -1 1 
136 82 Car -1.000000 -1 -1 495.7774081332665 178.0589797957713 519.1887443643743 205.95805733769933 -1 -1 -1 -1 -1 -1 -1 -1 1 
136 83 Car -1.000000 -1 -1 305.4381715900671 184.20132197790173 347.86662243880005 236.12268236453124 -1 -1 -1 -1 -1 -1 -1 -1 1 
137 15 Car -1.000000 -1 -1 422.18444914800466 173.3469038476763 458.06158410105195 210.35776458591656 -1 -1 -1 -1 -1 -1 -1 -1 1 
137 20 Car -1.000000 -1 -1 96.11785045710573 200.2087618738667 274.9657208504291 300.9103124538782 -1 -1 -1 -1 -1 -1 -1 -1 1 
137 39 Car -1.000000 -1 -1 819.9378467646162 171.93412681556686 1059.5126968869959 367.58995745037805 -1 -1 -1 -1 -1 -1 -1 -1 1 
137 68 Car -1.000000 -1 -1 626.3327599866544 180.58151528714467 804.4850131891138 290.404964334583 -1 -1 -1 -1 -1 -1 -1 -1 1 
137 76 Car -1.000000 -1 -1 235.46124243202283 184.13932586183432 321.014615987 261.03719455540954 -1 -1 -1 -1 -1 -1 -1 -1 1 
137 77 Car -1.000000 -1 -1 474.3860839629164 174.30195661727063 504.1405597003884 197.87488870528892 -1 -1 -1 -1 -1 -1 -1 -1 1 
137 79 Car -1.000000 -1 -1 562.2562374654818 174.01356110761031 641.3301524570636 245.85362680714996 -1 -1 -1 -1 -1 -1 -1 -1 1 
137 82 Car -1.000000 -1 -1 495.98597524063536 175.61906537119077 520.9051388021747 204.85747477089274 -1 -1 -1 -1 -1 -1 -1 -1 1 
137 83 Car -1.000000 -1 -1 308.6462655172815 186.56793924962696 350.1082488668549 239.3781246447001 -1 -1 -1 -1 -1 -1 -1 -1 1 
138 20 Car -1.000000 -1 -1 85.93795936466498 198.4463935953779 276.9093144660071 303.02315418809894 -1 -1 -1 -1 -1 -1 -1 -1 1 
138 39 Car -1.000000 -1 -1 859.2297806138035 174.90109757476569 1156.1507147019877 374.0979057499121 -1 -1 -1 -1 -1 -1 -1 -1 1 
138 68 Car -1.000000 -1 -1 641.4193212901021 179.6199962567042 825.8035506903576 298.37376569110575 -1 -1 -1 -1 -1 -1 -1 -1 1 
138 76 Car -1.000000 -1 -1 237.88732638887953 181.84551083325243 323.9538660058978 262.47891541158543 -1 -1 -1 -1 -1 -1 -1 -1 1 
138 77 Car -1.000000 -1 -1 477.57057818020303 174.6701459325302 503.4948891612256 195.54167479771775 -1 -1 -1 -1 -1 -1 -1 -1 1 
138 79 Car -1.000000 -1 -1 571.7669679570824 172.38033024711805 656.5499929466906 247.55725214829943 -1 -1 -1 -1 -1 -1 -1 -1 1 
138 82 Car -1.000000 -1 -1 499.98293890942836 174.93712244375817 525.2887079055863 202.54836428460465 -1 -1 -1 -1 -1 -1 -1 -1 1 
138 83 Car -1.000000 -1 -1 316.73383544073135 187.51355363381904 359.5024781230692 235.30138017324467 -1 -1 -1 -1 -1 -1 -1 -1 1 
139 20 Car -1.000000 -1 -1 71.7531825326125 197.503112015947 271.7117914271737 314.3552427194008 -1 -1 -1 -1 -1 -1 -1 -1 1 
139 39 Car -1.000000 -1 -1 909.6549479719711 175.08373446660633 1235.2881252215248 375.0653946564007 -1 -1 -1 -1 -1 -1 -1 -1 1 
139 68 Car -1.000000 -1 -1 651.4913065063682 179.81146411106783 860.5536673591831 306.3356095544251 -1 -1 -1 -1 -1 -1 -1 -1 1 
139 76 Car -1.000000 -1 -1 249.51417802899658 181.13885659620016 333.5823029865669 264.72341989836207 -1 -1 -1 -1 -1 -1 -1 -1 1 
139 77 Car -1.000000 -1 -1 477.96369674790566 174.05488108350556 503.1382259437248 194.32276135601285 -1 -1 -1 -1 -1 -1 -1 -1 1 
139 79 Car -1.000000 -1 -1 587.3136292847889 171.38547841981017 673.3124868172256 250.15041364884993 -1 -1 -1 -1 -1 -1 -1 -1 1 
139 82 Car -1.000000 -1 -1 500.8840310666953 173.0052891976775 525.8978708342225 198.65908889738222 -1 -1 -1 -1 -1 -1 -1 -1 1 
139 83 Car -1.000000 -1 -1 320.4342592909404 187.02332350238567 363.97480359742406 234.49855304311004 -1 -1 -1 -1 -1 -1 -1 -1 1 
140 20 Car -1.000000 -1 -1 50.99571863330115 197.02536772074245 271.0169069576507 317.2430281125161 -1 -1 -1 -1 -1 -1 -1 -1 1 
140 39 Car -1.000000 -1 -1 963.3997184321371 180.01683124497634 1243.963198252929 375.6414447159514 -1 -1 -1 -1 -1 -1 -1 -1 1 
140 68 Car -1.000000 -1 -1 670.3818023155333 182.94296723050007 899.8139148477594 318.05035301349926 -1 -1 -1 -1 -1 -1 -1 -1 1 
140 76 Car -1.000000 -1 -1 243.7871338472155 180.53179206083564 338.36178213204334 268.4383555693147 -1 -1 -1 -1 -1 -1 -1 -1 1 
140 79 Car -1.000000 -1 -1 587.9143584567644 173.30635111352055 688.4310812893457 254.34760487404813 -1 -1 -1 -1 -1 -1 -1 -1 1 
140 82 Car -1.000000 -1 -1 502.7420624111085 173.75031506643046 525.1295026923084 195.50460538326925 -1 -1 -1 -1 -1 -1 -1 -1 1 
140 83 Car -1.000000 -1 -1 326.34217354445036 186.9370323174727 372.4090812417501 236.03673029819907 -1 -1 -1 -1 -1 -1 -1 -1 1 
141 20 Car -1.000000 -1 -1 39.21136264700564 201.08168686623057 270.36588877132283 327.8125715847324 -1 -1 -1 -1 -1 -1 -1 -1 1 
141 39 Car -1.000000 -1 -1 1015.8552076901437 181.9496015330884 1240.8228978197822 374.12566307611405 -1 -1 -1 -1 -1 -1 -1 -1 1 
141 68 Car -1.000000 -1 -1 682.1350651762759 184.66727853636166 932.5188961685201 325.50828320302026 -1 -1 -1 -1 -1 -1 -1 -1 1 
141 76 Car -1.000000 -1 -1 239.21223495293094 183.14533568477958 344.5933103994711 270.8257028363832 -1 -1 -1 -1 -1 -1 -1 -1 1 
141 79 Car -1.000000 -1 -1 608.3368168554108 175.87182764333667 705.893772800774 262.0131276634003 -1 -1 -1 -1 -1 -1 -1 -1 1 
141 82 Car -1.000000 -1 -1 505.048563354125 172.24543192396206 524.9868663279601 191.61983656376555 -1 -1 -1 -1 -1 -1 -1 -1 1 
141 83 Car -1.000000 -1 -1 327.7857420499921 188.39626635323572 375.2003345064724 238.86356029007698 -1 -1 -1 -1 -1 -1 -1 -1 1 
141 87 Car -1.000000 -1 -1 471.8821956686283 172.22630277991868 506.3420076862206 207.56939404239014 -1 -1 -1 -1 -1 -1 -1 -1 1 
142 20 Car -1.000000 -1 -1 10.622508836589773 201.50890731040766 264.92586121504814 336.8360955654098 -1 -1 -1 -1 -1 -1 -1 -1 1 
142 39 Car -1.000000 -1 -1 1077.0673278527556 181.0428655386251 1253.374244975644 372.43464921102293 -1 -1 -1 -1 -1 -1 -1 -1 1 
142 68 Car -1.000000 -1 -1 702.4448209704519 188.70890442009852 981.0298572711116 342.23028253440384 -1 -1 -1 -1 -1 -1 -1 -1 1 
142 76 Car -1.000000 -1 -1 235.1020509464073 184.36260090721663 346.69235259562765 272.63308128794574 -1 -1 -1 -1 -1 -1 -1 -1 1 
142 79 Car -1.000000 -1 -1 618.9552991224368 176.6530283883117 726.3043607426805 262.7522045354985 -1 -1 -1 -1 -1 -1 -1 -1 1 
142 83 Car -1.000000 -1 -1 329.1656649580298 192.7951465198684 378.6786021295549 245.93553160762607 -1 -1 -1 -1 -1 -1 -1 -1 1 
142 87 Car -1.000000 -1 -1 479.57496850816085 175.42009535809947 512.734329039992 207.74015756016817 -1 -1 -1 -1 -1 -1 -1 -1 1 
142 89 Car -1.000000 -1 -1 573.1856006208357 181.04872567167456 628.1369276951525 234.50968858819994 -1 -1 -1 -1 -1 -1 -1 -1 1 
143 20 Car -1.000000 -1 -1 1.511295750152044 205.64330120105356 264.81127195876775 345.73783072653237 -1 -1 -1 -1 -1 -1 -1 -1 1 
143 39 Car -1.000000 -1 -1 1136.2467500307596 211.69094486076838 1274.4914785815006 376.40696480741246 -1 -1 -1 -1 -1 -1 -1 -1 1 
143 68 Car -1.000000 -1 -1 719.1537474976392 188.75524193840346 1047.5189417624238 367.3539959239245 -1 -1 -1 -1 -1 -1 -1 -1 1 
143 76 Car -1.000000 -1 -1 225.9617626818081 185.628137058459 339.36120839836633 283.7639671091487 -1 -1 -1 -1 -1 -1 -1 -1 1 
143 79 Car -1.000000 -1 -1 625.4303979325776 175.03733773524056 741.8626667010388 268.5923840068597 -1 -1 -1 -1 -1 -1 -1 -1 1 
143 83 Car -1.000000 -1 -1 329.8428024472048 195.208470036845 378.1993282491221 245.34661989199515 -1 -1 -1 -1 -1 -1 -1 -1 1 
143 87 Car -1.000000 -1 -1 490.7775789031236 173.94447327667388 526.8336264808827 208.88251493907015 -1 -1 -1 -1 -1 -1 -1 -1 1 
143 89 Car -1.000000 -1 -1 580.7372343506545 182.29497092582272 635.4071135380042 237.09125689735066 -1 -1 -1 -1 -1 -1 -1 -1 1 
144 20 Car -1.000000 -1 -1 1.5409923250459059 204.3167314240863 257.0419348777361 349.67356642418486 -1 -1 -1 -1 -1 -1 -1 -1 1 
144 39 Car -1.000000 -1 -1 1155.0146065112854 214.3933246912665 1294.767207367392 380.91085552607234 -1 -1 -1 -1 -1 -1 -1 -1 1 
144 68 Car -1.000000 -1 -1 736.8631730145439 189.56678735517505 1122.5231270951176 374.9653965728204 -1 -1 -1 -1 -1 -1 -1 -1 1 
144 76 Car -1.000000 -1 -1 221.6756656404986 185.446253027708 342.85590725525105 285.3360197371474 -1 -1 -1 -1 -1 -1 -1 -1 1 
144 79 Car -1.000000 -1 -1 638.8582213686351 174.13512913036652 761.3081820851485 277.4429093544066 -1 -1 -1 -1 -1 -1 -1 -1 1 
144 83 Car -1.000000 -1 -1 332.29889314890846 194.45339252862829 384.74605200034364 245.86072743280218 -1 -1 -1 -1 -1 -1 -1 -1 1 
144 87 Car -1.000000 -1 -1 500.7850507373629 177.61525143243202 532.2842379536897 207.05278293072973 -1 -1 -1 -1 -1 -1 -1 -1 1 
144 89 Car -1.000000 -1 -1 597.9901776760753 179.52226514081275 659.3767295975538 245.8330058276264 -1 -1 -1 -1 -1 -1 -1 -1 1 
144 91 Car -1.000000 -1 -1 579.6245472774789 180.62161446117415 617.1758557838949 232.9016751758263 -1 -1 -1 -1 -1 -1 -1 -1 1 
145 20 Car -1.000000 -1 -1 3.6508546787753744 202.26518094577412 244.38280958171597 368.5636414798016 -1 -1 -1 -1 -1 -1 -1 -1 1 
145 68 Car -1.000000 -1 -1 767.4243570123931 190.66498328165272 1227.5567327866052 375.09652444024425 -1 -1 -1 -1 -1 -1 -1 -1 1 
145 76 Car -1.000000 -1 -1 214.91602512973668 183.4284594621204 343.20815917365394 288.39021107127553 -1 -1 -1 -1 -1 -1 -1 -1 1 
145 79 Car -1.000000 -1 -1 651.506531853831 174.81351901260314 775.8562640315623 279.8266553512952 -1 -1 -1 -1 -1 -1 -1 -1 1 
145 83 Car -1.000000 -1 -1 330.57050084024974 194.1524386122041 384.6532177755278 246.89105424158117 -1 -1 -1 -1 -1 -1 -1 -1 1 
145 87 Car -1.000000 -1 -1 513.9293745220338 175.0595822598784 546.8586997537827 205.85949952587907 -1 -1 -1 -1 -1 -1 -1 -1 1 
145 89 Car -1.000000 -1 -1 609.4039550962515 179.98328485803188 669.8997680450802 246.7512140919447 -1 -1 -1 -1 -1 -1 -1 -1 1 
145 91 Car -1.000000 -1 -1 583.9191060622187 181.79824964039494 622.7961122065985 231.90449737884873 -1 -1 -1 -1 -1 -1 -1 -1 1 
146 20 Car -1.000000 -1 -1 4.414405372978663 203.35477644873535 234.27060243273468 368.89455795593676 -1 -1 -1 -1 -1 -1 -1 -1 1 
146 68 Car -1.000000 -1 -1 797.7832097264723 190.9245072590728 1248.6904955666062 375.06336066381664 -1 -1 -1 -1 -1 -1 -1 -1 1 
146 76 Car -1.000000 -1 -1 206.46610497118664 180.50118281256687 344.3062193868652 292.64899689393224 -1 -1 -1 -1 -1 -1 -1 -1 1 
146 79 Car -1.000000 -1 -1 662.1415775266861 174.18137579701127 804.5892760165121 279.922375850747 -1 -1 -1 -1 -1 -1 -1 -1 1 
146 83 Car -1.000000 -1 -1 333.093798486297 193.13387996354393 386.86961352834913 248.73691070722688 -1 -1 -1 -1 -1 -1 -1 -1 1 
146 87 Car -1.000000 -1 -1 517.5530301554213 168.14644122426208 553.4003212465494 202.95609294300823 -1 -1 -1 -1 -1 -1 -1 -1 1 
146 89 Car -1.000000 -1 -1 613.9996288640343 178.93471460274824 678.8787923476533 248.3015270580038 -1 -1 -1 -1 -1 -1 -1 -1 1 
146 91 Car -1.000000 -1 -1 593.6085654992354 179.1286247474955 633.5753140774589 230.95255140187464 -1 -1 -1 -1 -1 -1 -1 -1 1 
146 93 Car -1.000000 -1 -1 392.93765762706846 180.27366305226616 441.5742112932889 211.94571081315271 -1 -1 -1 -1 -1 -1 -1 -1 1 
147 20 Car -1.000000 -1 -1 5.292462339434735 201.04292149998645 222.36284103648308 371.19995838556446 -1 -1 -1 -1 -1 -1 -1 -1 1 
147 68 Car -1.000000 -1 -1 820.4473482469601 195.7317430060619 1241.9807481153446 373.7852843877923 -1 -1 -1 -1 -1 -1 -1 -1 1 
147 76 Car -1.000000 -1 -1 192.3128108353215 176.7011972842657 341.87441330769593 295.16830554140495 -1 -1 -1 -1 -1 -1 -1 -1 1 
147 79 Car -1.000000 -1 -1 671.2110074827433 172.04913032375293 829.3758901227542 283.530157817037 -1 -1 -1 -1 -1 -1 -1 -1 1 
147 83 Car -1.000000 -1 -1 334.0016159932918 191.15604796700214 389.18362373278967 249.8856954695807 -1 -1 -1 -1 -1 -1 -1 -1 1 
147 87 Car -1.000000 -1 -1 526.5500287917287 168.78086674806607 559.9603040317563 200.69158705225874 -1 -1 -1 -1 -1 -1 -1 -1 1 
147 89 Car -1.000000 -1 -1 621.3403430544957 175.32499268013595 692.9620876185593 248.08099281208462 -1 -1 -1 -1 -1 -1 -1 -1 1 
147 91 Car -1.000000 -1 -1 607.5262248895037 178.76253106061964 648.1253234409203 232.16455044152002 -1 -1 -1 -1 -1 -1 -1 -1 1 
147 93 Car -1.000000 -1 -1 393.8979846514312 179.1828932949227 444.17405808644753 211.9225910543763 -1 -1 -1 -1 -1 -1 -1 -1 1 
147 94 Car -1.000000 -1 -1 364.2735743786059 183.38950879256276 420.99925091330675 231.14700315911773 -1 -1 -1 -1 -1 -1 -1 -1 1 
148 20 Car -1.000000 -1 -1 1.9068176943040243 205.09227377071596 213.18119167374044 376.23914643504014 -1 -1 -1 -1 -1 -1 -1 -1 1 
148 68 Car -1.000000 -1 -1 847.3522907381882 194.8224728912054 1245.252985863731 373.77927668536813 -1 -1 -1 -1 -1 -1 -1 -1 1 
148 76 Car -1.000000 -1 -1 170.91285561678825 177.7551044547001 343.26701247373063 296.97549356327465 -1 -1 -1 -1 -1 -1 -1 -1 1 
148 79 Car -1.000000 -1 -1 691.2634697225669 169.41223753927474 859.1019220871732 287.1723456085913 -1 -1 -1 -1 -1 -1 -1 -1 1 
148 83 Car -1.000000 -1 -1 333.31764498286304 189.33368397088006 391.465369483533 253.27622233926104 -1 -1 -1 -1 -1 -1 -1 -1 1 
148 87 Car -1.000000 -1 -1 537.0909525609766 165.4065828521689 571.327818627731 199.7890107474215 -1 -1 -1 -1 -1 -1 -1 -1 1 
148 89 Car -1.000000 -1 -1 641.4315830266947 174.21825989692394 715.4246688275283 253.8626920362791 -1 -1 -1 -1 -1 -1 -1 -1 1 
148 91 Car -1.000000 -1 -1 615.7661216199238 175.53420015680265 662.8523285388709 235.63039066006047 -1 -1 -1 -1 -1 -1 -1 -1 1 
148 94 Car -1.000000 -1 -1 364.47169222489373 180.77858476829516 423.0478675715178 231.1908979414556 -1 -1 -1 -1 -1 -1 -1 -1 1 
149 20 Car -1.000000 -1 -1 -5.414979187005088 212.3913993669749 188.2886585039937 371.17127385573633 -1 -1 -1 -1 -1 -1 -1 -1 1 
149 68 Car -1.000000 -1 -1 893.3288307357536 193.17780266796882 1250.6923480855942 371.81168812286603 -1 -1 -1 -1 -1 -1 -1 -1 1 
149 76 Car -1.000000 -1 -1 150.48445914446867 176.7992773398425 346.3012568108917 302.0790424373277 -1 -1 -1 -1 -1 -1 -1 -1 1 
149 79 Car -1.000000 -1 -1 697.2354896901293 170.95450453040144 888.215892128268 298.6946535791631 -1 -1 -1 -1 -1 -1 -1 -1 1 
149 83 Car -1.000000 -1 -1 331.1464268438215 188.85424985869415 393.2920184622906 258.2339766735298 -1 -1 -1 -1 -1 -1 -1 -1 1 
149 87 Car -1.000000 -1 -1 542.6424928744525 164.6845918171306 576.6131818505094 199.31948446613194 -1 -1 -1 -1 -1 -1 -1 -1 1 
149 89 Car -1.000000 -1 -1 651.5734091697452 175.03317727780865 727.0656758550219 252.50482238094565 -1 -1 -1 -1 -1 -1 -1 -1 1 
149 91 Car -1.000000 -1 -1 624.2561450630201 176.02109786429148 671.4756804849018 234.0305783781211 -1 -1 -1 -1 -1 -1 -1 -1 1 
149 94 Car -1.000000 -1 -1 369.49345219597683 182.11742051322375 426.08326981544735 231.42128030705433 -1 -1 -1 -1 -1 -1 -1 -1 1 
149 96 Car -1.000000 -1 -1 592.060673325423 169.87238918422455 628.4477416668659 201.03732748204658 -1 -1 -1 -1 -1 -1 -1 -1 1 
150 20 Car -1.000000 -1 -1 -4.192480761767854 213.69033088117033 164.18051764217913 372.91802484672564 -1 -1 -1 -1 -1 -1 -1 -1 1 
150 68 Car -1.000000 -1 -1 961.0341453283773 235.83297324208874 1242.4710033522215 375.02978586384654 -1 -1 -1 -1 -1 -1 -1 -1 1 
150 76 Car -1.000000 -1 -1 126.0773705261725 173.44258776671984 335.1523446142905 310.8762351495358 -1 -1 -1 -1 -1 -1 -1 -1 1 
150 79 Car -1.000000 -1 -1 713.4075467849741 172.4975106452481 917.6386260906929 309.32387424478975 -1 -1 -1 -1 -1 -1 -1 -1 1 
150 83 Car -1.000000 -1 -1 324.9618432756438 190.77342515141675 397.0366388560908 262.2797844519083 -1 -1 -1 -1 -1 -1 -1 -1 1 
150 87 Car -1.000000 -1 -1 547.8390390972953 167.23391935718794 581.627088352798 199.5115812530726 -1 -1 -1 -1 -1 -1 -1 -1 1 
150 89 Car -1.000000 -1 -1 660.4483336117443 178.08903546673224 743.0544305869673 264.533276644888 -1 -1 -1 -1 -1 -1 -1 -1 1 
150 91 Car -1.000000 -1 -1 635.3792902543771 177.50622501397885 682.1777778082227 234.69137212071936 -1 -1 -1 -1 -1 -1 -1 -1 1 
150 94 Car -1.000000 -1 -1 368.8610203341201 183.39958447070018 429.7588312853677 234.7974924192121 -1 -1 -1 -1 -1 -1 -1 -1 1 
150 96 Car -1.000000 -1 -1 592.7218403513698 169.21878735375728 629.124535187404 200.39711099380804 -1 -1 -1 -1 -1 -1 -1 -1 1 
150 98 Car -1.000000 -1 -1 412.7169423731934 178.98077139937357 468.78874732595796 210.45351534713924 -1 -1 -1 -1 -1 -1 -1 -1 1 
151 20 Car -1.000000 -1 -1 -2.3432502527035837 220.11254834687054 129.49996381859893 373.4055486782844 -1 -1 -1 -1 -1 -1 -1 -1 1 
151 68 Car -1.000000 -1 -1 979.9607531261446 240.48049930890878 1260.3196333819017 379.1433974219177 -1 -1 -1 -1 -1 -1 -1 -1 1 
151 76 Car -1.000000 -1 -1 94.02441722691138 177.62768235831777 331.57409794016525 325.7882035950473 -1 -1 -1 -1 -1 -1 -1 -1 1 
151 79 Car -1.000000 -1 -1 726.6391170512081 171.05459298218318 956.1280244527577 328.2287003173425 -1 -1 -1 -1 -1 -1 -1 -1 1 
151 83 Car -1.000000 -1 -1 319.0041623534571 192.5129714702494 398.85677753009685 264.6893634368701 -1 -1 -1 -1 -1 -1 -1 -1 1 
151 87 Car -1.000000 -1 -1 555.8283418863891 166.5686274523195 589.5332457735627 198.76685284143076 -1 -1 -1 -1 -1 -1 -1 -1 1 
151 89 Car -1.000000 -1 -1 661.5450627726776 178.52218202803715 757.4276818808582 276.5478880986289 -1 -1 -1 -1 -1 -1 -1 -1 1 
151 91 Car -1.000000 -1 -1 639.3957625976092 180.8688429940416 687.1970550822696 237.1934616106459 -1 -1 -1 -1 -1 -1 -1 -1 1 
151 94 Car -1.000000 -1 -1 368.9706734317619 185.53400985139962 429.1858803910638 238.05305910102277 -1 -1 -1 -1 -1 -1 -1 -1 1 
151 98 Car -1.000000 -1 -1 414.58046434883516 180.51213313054592 474.7849126361491 213.87744436175046 -1 -1 -1 -1 -1 -1 -1 -1 1 
151 99 Car -1.000000 -1 -1 616.0794035178877 174.9939103092393 648.9354267402283 209.39619297154834 -1 -1 -1 -1 -1 -1 -1 -1 1 
152 20 Car -1.000000 -1 -1 -11.942123760941755 219.26928740641756 97.23620751057142 376.3341354480717 -1 -1 -1 -1 -1 -1 -1 -1 1 
152 76 Car -1.000000 -1 -1 48.495443274661426 178.35062965645054 314.85794056760665 334.69051808247286 -1 -1 -1 -1 -1 -1 -1 -1 1 
152 79 Car -1.000000 -1 -1 746.8452787591208 174.32582118436602 1006.7455147443984 338.8403535658397 -1 -1 -1 -1 -1 -1 -1 -1 1 
152 83 Car -1.000000 -1 -1 311.10525287335685 196.0944117279492 395.36829585884584 278.4320073892614 -1 -1 -1 -1 -1 -1 -1 -1 1 
152 89 Car -1.000000 -1 -1 684.7705249942795 182.03898923328512 776.6301333754851 271.8168817877904 -1 -1 -1 -1 -1 -1 -1 -1 1 
152 91 Car -1.000000 -1 -1 648.6406932461001 181.99085596238035 706.5486246638926 241.4617633806772 -1 -1 -1 -1 -1 -1 -1 -1 1 
152 94 Car -1.000000 -1 -1 365.49958531054193 187.508550074654 429.8397695590976 241.83963208369806 -1 -1 -1 -1 -1 -1 -1 -1 1 
152 98 Car -1.000000 -1 -1 416.35833614033476 181.9999926683012 477.5900323252699 215.934602458581 -1 -1 -1 -1 -1 -1 -1 -1 1 
152 99 Car -1.000000 -1 -1 620.3794258764221 177.3624920414605 657.6801033377194 214.01503262794645 -1 -1 -1 -1 -1 -1 -1 -1 1 
153 20 Car -1.000000 -1 -1 -25.530781910940007 220.76037870550414 85.25662015082547 380.1490342263262 -1 -1 -1 -1 -1 -1 -1 -1 1 
153 76 Car -1.000000 -1 -1 0.3685505055678391 179.49636836670234 308.9203851422472 360.12323078061195 -1 -1 -1 -1 -1 -1 -1 -1 1 
153 79 Car -1.000000 -1 -1 755.930068211753 177.02463931698486 1063.2074018408312 363.8668973819057 -1 -1 -1 -1 -1 -1 -1 -1 1 
153 83 Car -1.000000 -1 -1 298.5990623173702 199.00498309268755 395.31149651310807 279.5331090399734 -1 -1 -1 -1 -1 -1 -1 -1 1 
153 89 Car -1.000000 -1 -1 694.1496741864777 183.05045806463934 798.0983442194603 289.07701580217736 -1 -1 -1 -1 -1 -1 -1 -1 1 
153 91 Car -1.000000 -1 -1 659.8994032182461 186.92933302419613 716.5108746714565 252.83657977730755 -1 -1 -1 -1 -1 -1 -1 -1 1 
153 94 Car -1.000000 -1 -1 359.31462878299686 190.84688627117765 432.51776856754555 247.60442107005275 -1 -1 -1 -1 -1 -1 -1 -1 1 
153 99 Car -1.000000 -1 -1 618.5826978884126 177.0056754372659 651.8147248139325 209.23945772692065 -1 -1 -1 -1 -1 -1 -1 -1 1 
