2 1 Car -1.000000 -1 -1 135.5287758845614 190.74052302915024 423.6774134160318 306.79404704948695 -1 -1 -1 -1 -1 -1 -1 -1 1 
3 1 Car -1.000000 -1 -1 49.72468611290515 192.90186876032212 344.53483075807605 319.73314211473075 -1 -1 -1 -1 -1 -1 -1 -1 1 
4 1 Car -1.000000 -1 -1 -3.557464087247581 193.96547242740206 307.2653908159244 338.2981799239042 -1 -1 -1 -1 -1 -1 -1 -1 1 
5 1 Car -1.000000 -1 -1 -3.2259305490302665 199.77289624788713 239.442645875541 355.7400772344645 -1 -1 -1 -1 -1 -1 -1 -1 1 
6 1 Car -1.000000 -1 -1 -19.09678308290073 202.74850013825784 161.8373125793692 351.13241724970277 -1 -1 -1 -1 -1 -1 -1 -1 1 
10 1 Car -1.000000 -1 -1 -72.18221550700872 205.19884211470003 117.39608954715331 360.6726480364524 -1 -1 -1 -1 -1 -1 -1 -1 1 
23 4 Car -1.000000 -1 -1 769.0062973654973 177.5113789318142 836.0138383745556 201.4623938832183 -1 -1 -1 -1 -1 -1 -1 -1 1 
24 4 Car -1.000000 -1 -1 754.1328018093077 177.55534431829386 826.5058777555166 201.42464479097276 -1 -1 -1 -1 -1 -1 -1 -1 1 
25 4 Car -1.000000 -1 -1 744.6868764227355 177.14110636835807 810.5004126578904 200.76684301570685 -1 -1 -1 -1 -1 -1 -1 -1 1 
26 4 Car -1.000000 -1 -1 738.8272957372949 174.68450614859321 800.5093939531372 198.2254580085234 -1 -1 -1 -1 -1 -1 -1 -1 1 
27 4 Car -1.000000 -1 -1 728.3462911918018 174.1162126936732 788.8584138910928 198.1902254789235 -1 -1 -1 -1 -1 -1 -1 -1 1 
28 4 Car -1.000000 -1 -1 722.0984953810978 174.395788987998 777.022222227389 197.48138448835496 -1 -1 -1 -1 -1 -1 -1 -1 1 
29 4 Car -1.000000 -1 -1 710.988433329509 174.7553218337825 763.176251702335 197.550506856022 -1 -1 -1 -1 -1 -1 -1 -1 1 
30 4 Car -1.000000 -1 -1 706.4808748768714 174.99655101405705 755.1161603220945 196.369050077304 -1 -1 -1 -1 -1 -1 -1 -1 1 
31 4 Car -1.000000 -1 -1 702.0281747891249 175.2330043946345 748.8534989503914 195.72249559628085 -1 -1 -1 -1 -1 -1 -1 -1 1 
32 4 Car -1.000000 -1 -1 701.5519072397025 175.18469700095824 744.8478394250681 195.4267900701787 -1 -1 -1 -1 -1 -1 -1 -1 1 
33 4 Car -1.000000 -1 -1 690.3258492932616 174.56243261843545 733.4129106597079 195.0858151090836 -1 -1 -1 -1 -1 -1 -1 -1 1 
34 4 Car -1.000000 -1 -1 685.5401665345216 174.932534655793 726.3275516517846 194.62067901774003 -1 -1 -1 -1 -1 -1 -1 -1 1 
35 4 Car -1.000000 -1 -1 682.4081730322612 175.11305303196207 721.2209049235418 194.03623739699572 -1 -1 -1 -1 -1 -1 -1 -1 1 
36 4 Car -1.000000 -1 -1 678.8339106894969 174.49062735539025 718.0284009466282 193.86946801436707 -1 -1 -1 -1 -1 -1 -1 -1 1 
37 4 Car -1.000000 -1 -1 672.2043729067485 174.30829786154595 710.7589522226357 193.3708074065526 -1 -1 -1 -1 -1 -1 -1 -1 1 
39 5 Car -1.000000 -1 -1 963.0697313146247 208.72211647925752 1242.4864839331517 375.099123797589 -1 -1 -1 -1 -1 -1 -1 -1 1 
40 5 Car -1.000000 -1 -1 934.6542616265906 203.8461174452855 1229.9933100447693 376.74024290993475 -1 -1 -1 -1 -1 -1 -1 -1 1 
41 5 Car -1.000000 -1 -1 888.877486104182 194.86910406452512 1238.9298317622406 374.77317037412354 -1 -1 -1 -1 -1 -1 -1 -1 1 
42 5 Car -1.000000 -1 -1 853.2190459707754 194.40514832504078 1177.1883489132565 359.64220234083155 -1 -1 -1 -1 -1 -1 -1 -1 1 
43 5 Car -1.000000 -1 -1 834.764727846326 190.2493644177186 1101.6381421553292 340.1902636053488 -1 -1 -1 -1 -1 -1 -1 -1 1 
43 7 Car -1.000000 -1 -1 663.5501076194925 175.05840185597083 685.7409775844375 190.62065304521275 -1 -1 -1 -1 -1 -1 -1 -1 1 
44 5 Car -1.000000 -1 -1 814.1602616144082 188.49967261706894 1041.7570788523917 320.7428793295519 -1 -1 -1 -1 -1 -1 -1 -1 1 
44 7 Car -1.000000 -1 -1 661.6142637891485 174.70478566479764 684.6814531772704 190.63076203917396 -1 -1 -1 -1 -1 -1 -1 -1 1 
45 5 Car -1.000000 -1 -1 794.8736522932813 190.25970291478978 1005.4972211466002 305.55369801621606 -1 -1 -1 -1 -1 -1 -1 -1 1 
45 7 Car -1.000000 -1 -1 655.2457591600141 175.19238562484745 677.2831795905385 190.32490810608692 -1 -1 -1 -1 -1 -1 -1 -1 1 
45 8 Car -1.000000 -1 -1 1062.0384813666792 188.49542548247265 1246.0325330815654 314.6867020535906 -1 -1 -1 -1 -1 -1 -1 -1 1 
46 5 Car -1.000000 -1 -1 787.2563610454948 191.16153317205604 962.5495923362187 295.7284847149254 -1 -1 -1 -1 -1 -1 -1 -1 1 
46 7 Car -1.000000 -1 -1 652.5472741342827 174.82417026239023 675.1213444083481 189.9805291258958 -1 -1 -1 -1 -1 -1 -1 -1 1 
46 8 Car -1.000000 -1 -1 1026.5602893708779 188.3873614522725 1240.4851041640025 302.45593166040794 -1 -1 -1 -1 -1 -1 -1 -1 1 
47 5 Car -1.000000 -1 -1 769.8660703039451 188.7031474287877 929.394451851324 285.4933817594364 -1 -1 -1 -1 -1 -1 -1 -1 1 
47 7 Car -1.000000 -1 -1 651.3687463374382 175.16348476842612 673.954630991837 189.35929152653375 -1 -1 -1 -1 -1 -1 -1 -1 1 
47 8 Car -1.000000 -1 -1 999.503728295585 186.58563520153436 1238.2550277400674 290.5591618314272 -1 -1 -1 -1 -1 -1 -1 -1 1 
48 5 Car -1.000000 -1 -1 757.5639197938199 189.1484326193358 902.9089452536681 278.1529356489906 -1 -1 -1 -1 -1 -1 -1 -1 1 
48 7 Car -1.000000 -1 -1 649.5776270901063 174.74059786291988 672.2026435702802 189.14352883768913 -1 -1 -1 -1 -1 -1 -1 -1 1 
48 8 Car -1.000000 -1 -1 973.2607010446684 187.8276933567402 1192.979355326521 280.94646450682956 -1 -1 -1 -1 -1 -1 -1 -1 1 
49 5 Car -1.000000 -1 -1 753.0318875250604 186.55275209182278 880.2794293760711 268.32405471238167 -1 -1 -1 -1 -1 -1 -1 -1 1 
49 7 Car -1.000000 -1 -1 647.1716999172403 174.80656965414346 669.6619480695812 189.40537423989852 -1 -1 -1 -1 -1 -1 -1 -1 1 
49 8 Car -1.000000 -1 -1 945.6866892942894 186.20957983642353 1143.0120823212715 270.4602492104199 -1 -1 -1 -1 -1 -1 -1 -1 1 
50 5 Car -1.000000 -1 -1 739.2076497032651 186.2863055458999 855.7961685242793 261.94786426633584 -1 -1 -1 -1 -1 -1 -1 -1 1 
50 7 Car -1.000000 -1 -1 644.9650004035927 174.7454450434434 667.2517009732634 189.21212064478726 -1 -1 -1 -1 -1 -1 -1 -1 1 
50 8 Car -1.000000 -1 -1 923.6392570706848 184.04537402261687 1106.0898371570643 263.5814357874825 -1 -1 -1 -1 -1 -1 -1 -1 1 
51 5 Car -1.000000 -1 -1 727.7122402683202 185.32662256541326 840.5962761017765 255.61694817669138 -1 -1 -1 -1 -1 -1 -1 -1 1 
51 7 Car -1.000000 -1 -1 644.9402121507512 174.9787730005695 666.3120040069928 188.89649745460784 -1 -1 -1 -1 -1 -1 -1 -1 1 
51 8 Car -1.000000 -1 -1 906.7957084097189 180.87242507356493 1068.5914879470959 258.4065994780233 -1 -1 -1 -1 -1 -1 -1 -1 1 
52 5 Car -1.000000 -1 -1 721.1909246706954 185.73954498218956 825.0887566337011 251.32454021356259 -1 -1 -1 -1 -1 -1 -1 -1 1 
52 7 Car -1.000000 -1 -1 643.0329169927167 174.95876964527613 664.1124306257851 188.6861545489501 -1 -1 -1 -1 -1 -1 -1 -1 1 
52 8 Car -1.000000 -1 -1 894.6525848995574 181.61800857141753 1037.0181378115608 252.23595643647147 -1 -1 -1 -1 -1 -1 -1 -1 1 
53 5 Car -1.000000 -1 -1 712.9106873779959 182.475238949958 804.5588702937173 244.3623553081821 -1 -1 -1 -1 -1 -1 -1 -1 1 
53 8 Car -1.000000 -1 -1 874.7769821759475 181.77001716896095 1008.6316553278949 247.52051202055532 -1 -1 -1 -1 -1 -1 -1 -1 1 
54 5 Car -1.000000 -1 -1 705.253534946866 182.00966134941655 794.9009272264077 240.70523154956945 -1 -1 -1 -1 -1 -1 -1 -1 1 
54 8 Car -1.000000 -1 -1 862.7313784011751 181.0314953735973 987.2061603692327 244.01873943094378 -1 -1 -1 -1 -1 -1 -1 -1 1 
55 5 Car -1.000000 -1 -1 700.5066553973155 182.55258643915255 780.238069886131 237.39714923767224 -1 -1 -1 -1 -1 -1 -1 -1 1 
55 8 Car -1.000000 -1 -1 846.482525696203 181.35854213110167 960.8230466753537 240.24452600689037 -1 -1 -1 -1 -1 -1 -1 -1 1 
56 5 Car -1.000000 -1 -1 697.597673850528 181.4311373184274 771.5526846269843 233.99461313852518 -1 -1 -1 -1 -1 -1 -1 -1 1 
56 8 Car -1.000000 -1 -1 838.7548988693121 181.25668404557547 941.9618666734118 236.19474236425785 -1 -1 -1 -1 -1 -1 -1 -1 1 
56 10 Car -1.000000 -1 -1 1085.0035764177599 186.94616624384182 1242.6965719999848 315.76793437311073 -1 -1 -1 -1 -1 -1 -1 -1 1 
57 5 Car -1.000000 -1 -1 690.7912856313976 180.28697334185276 762.7947590321796 230.65668214136085 -1 -1 -1 -1 -1 -1 -1 -1 1 
57 8 Car -1.000000 -1 -1 828.48133875817 181.5229540658285 927.1662422342104 232.99109135599252 -1 -1 -1 -1 -1 -1 -1 -1 1 
57 10 Car -1.000000 -1 -1 1041.7366490466538 187.45825932229607 1239.2622015176285 300.3924584853414 -1 -1 -1 -1 -1 -1 -1 -1 1 
58 5 Car -1.000000 -1 -1 686.7467456763525 180.1189421211493 755.101673830635 227.6450746439183 -1 -1 -1 -1 -1 -1 -1 -1 1 
58 8 Car -1.000000 -1 -1 820.1497443998634 180.25861718743613 910.727558694716 229.56540553627428 -1 -1 -1 -1 -1 -1 -1 -1 1 
58 10 Car -1.000000 -1 -1 1011.3456498114206 188.17072997150484 1241.1787699558622 279.4409073349074 -1 -1 -1 -1 -1 -1 -1 -1 1 
59 5 Car -1.000000 -1 -1 680.1562939809925 178.10259901663053 743.7733475105165 222.82173131736855 -1 -1 -1 -1 -1 -1 -1 -1 1 
59 8 Car -1.000000 -1 -1 804.4313947374535 179.8343784827935 893.3770175229624 227.80118214326797 -1 -1 -1 -1 -1 -1 -1 -1 1 
59 10 Car -1.000000 -1 -1 985.8966879243272 182.96599110440235 1240.9863586547308 267.002485912956 -1 -1 -1 -1 -1 -1 -1 -1 1 
59 11 Car -1.000000 -1 -1 928.0441892867625 217.0483211170714 1243.270193098374 374.57651067504173 -1 -1 -1 -1 -1 -1 -1 -1 1 
60 5 Car -1.000000 -1 -1 677.3610582557257 179.21584227879913 735.8290885624543 220.437881110845 -1 -1 -1 -1 -1 -1 -1 -1 1 
60 8 Car -1.000000 -1 -1 798.1449278111346 180.942287151753 878.9056643223706 225.51924492755325 -1 -1 -1 -1 -1 -1 -1 -1 1 
60 10 Car -1.000000 -1 -1 978.5072974502508 183.80668149060492 1227.1944489883574 250.48770303442538 -1 -1 -1 -1 -1 -1 -1 -1 1 
60 11 Car -1.000000 -1 -1 898.5427755264382 216.91015553674157 1236.8296030404645 375.1499813538297 -1 -1 -1 -1 -1 -1 -1 -1 1 
61 5 Car -1.000000 -1 -1 672.0973556754019 178.9385922204643 726.6464813558911 219.07093479549428 -1 -1 -1 -1 -1 -1 -1 -1 1 
61 8 Car -1.000000 -1 -1 790.7884834715827 179.47149020236714 866.9344400595359 220.57317348822943 -1 -1 -1 -1 -1 -1 -1 -1 1 
61 10 Car -1.000000 -1 -1 1005.6993747458895 186.18676751682867 1143.608561405823 221.76165977758072 -1 -1 -1 -1 -1 -1 -1 -1 1 
61 11 Car -1.000000 -1 -1 852.7921962351691 208.32975038354596 1239.1952400693926 375.0679194990978 -1 -1 -1 -1 -1 -1 -1 -1 1 
62 5 Car -1.000000 -1 -1 668.4384098851326 178.65899079353665 722.2858079978988 216.42350963960249 -1 -1 -1 -1 -1 -1 -1 -1 1 
62 8 Car -1.000000 -1 -1 783.3480116870445 179.1197702713029 854.5916682093059 217.88725955065507 -1 -1 -1 -1 -1 -1 -1 -1 1 
62 10 Car -1.000000 -1 -1 1023.1611605282451 186.11596359928197 1089.789699839479 203.30332663616858 -1 -1 -1 -1 -1 -1 -1 -1 1 
62 11 Car -1.000000 -1 -1 831.588716658222 195.27328852246598 1229.758681305539 372.9566265990877 -1 -1 -1 -1 -1 -1 -1 -1 1 
63 5 Car -1.000000 -1 -1 667.1284886909468 178.3397165819465 715.1784612647042 215.47421187443706 -1 -1 -1 -1 -1 -1 -1 -1 1 
63 8 Car -1.000000 -1 -1 772.2312455986013 178.47770057692912 838.9392128715225 216.77317591005726 -1 -1 -1 -1 -1 -1 -1 -1 1 
63 11 Car -1.000000 -1 -1 809.7835174439721 197.10745378568762 1139.4452559846798 372.0283779468683 -1 -1 -1 -1 -1 -1 -1 -1 1 
64 5 Car -1.000000 -1 -1 662.7031697880985 179.30635073370226 710.1719275060631 213.72537822344117 -1 -1 -1 -1 -1 -1 -1 -1 1 
64 8 Car -1.000000 -1 -1 765.9416166415688 178.79400859530026 827.9251545421088 214.28529768307698 -1 -1 -1 -1 -1 -1 -1 -1 1 
64 11 Car -1.000000 -1 -1 791.3966216407352 198.78844705408338 1062.042492476808 348.9184906026288 -1 -1 -1 -1 -1 -1 -1 -1 1 
65 5 Car -1.000000 -1 -1 660.4610886911709 179.43121030280597 705.0116250354943 212.3473950952262 -1 -1 -1 -1 -1 -1 -1 -1 1 
65 8 Car -1.000000 -1 -1 758.8235457548882 178.3782282319979 819.6177288598335 213.81064340493097 -1 -1 -1 -1 -1 -1 -1 -1 1 
65 11 Car -1.000000 -1 -1 773.4299318549117 196.25152017819013 1010.0355084146331 330.9886200158976 -1 -1 -1 -1 -1 -1 -1 -1 1 
65 12 Car -1.000000 -1 -1 899.1241355182678 181.5072448381851 1023.8468116914221 246.36014492389342 -1 -1 -1 -1 -1 -1 -1 -1 1 
66 5 Car -1.000000 -1 -1 659.3751378010616 176.80906896574646 700.7717745113426 209.49100827408205 -1 -1 -1 -1 -1 -1 -1 -1 1 
66 8 Car -1.000000 -1 -1 751.5242151862105 179.18527876427765 805.2936059355377 212.6421284652285 -1 -1 -1 -1 -1 -1 -1 -1 1 
66 11 Car -1.000000 -1 -1 765.5554475062602 193.06744602765656 969.3264203815544 314.8647550129602 -1 -1 -1 -1 -1 -1 -1 -1 1 
66 12 Car -1.000000 -1 -1 879.6018157350611 180.84110692819266 997.4286923723251 242.7314071143745 -1 -1 -1 -1 -1 -1 -1 -1 1 
67 5 Car -1.000000 -1 -1 658.3435975641152 177.46417164179869 694.9007348384351 207.67527391400762 -1 -1 -1 -1 -1 -1 -1 -1 1 
67 8 Car -1.000000 -1 -1 747.6694058544957 177.4402729673321 799.6253664034701 210.6464397675865 -1 -1 -1 -1 -1 -1 -1 -1 1 
67 11 Car -1.000000 -1 -1 748.2846091385134 195.56836267279047 933.1964216055801 298.90708423947353 -1 -1 -1 -1 -1 -1 -1 -1 1 
67 12 Car -1.000000 -1 -1 862.5459053349485 182.0647016133149 969.1769575398382 240.12518895067157 -1 -1 -1 -1 -1 -1 -1 -1 1 
68 5 Car -1.000000 -1 -1 656.3743692602771 177.05280093938995 692.8908730665669 207.10161423480258 -1 -1 -1 -1 -1 -1 -1 -1 1 
68 8 Car -1.000000 -1 -1 740.0990917395407 177.1524463794834 796.7515629324033 214.05314171755685 -1 -1 -1 -1 -1 -1 -1 -1 1 
68 11 Car -1.000000 -1 -1 741.2464974230253 195.7754431237508 901.7168748819373 286.3074542672912 -1 -1 -1 -1 -1 -1 -1 -1 1 
68 12 Car -1.000000 -1 -1 848.8681670746333 181.49239869955076 944.0766460466112 234.99387097565887 -1 -1 -1 -1 -1 -1 -1 -1 1 
69 5 Car -1.000000 -1 -1 655.2657595306141 177.7823300166574 688.5885917533685 204.7320598429102 -1 -1 -1 -1 -1 -1 -1 -1 1 
69 8 Car -1.000000 -1 -1 734.4275662832985 176.39459639274756 779.2345580795292 208.3654199890461 -1 -1 -1 -1 -1 -1 -1 -1 1 
69 11 Car -1.000000 -1 -1 726.2052046220156 192.98087017394363 876.489392589466 278.65923877860007 -1 -1 -1 -1 -1 -1 -1 -1 1 
69 12 Car -1.000000 -1 -1 834.9605980067874 180.7895534996845 925.4542203029941 231.79791162800868 -1 -1 -1 -1 -1 -1 -1 -1 1 
70 5 Car -1.000000 -1 -1 647.4441637530006 177.73332127173197 680.8074858302707 203.88534502280322 -1 -1 -1 -1 -1 -1 -1 -1 1 
70 8 Car -1.000000 -1 -1 729.4418152540263 175.86811718391147 772.9410161571391 206.9529543537845 -1 -1 -1 -1 -1 -1 -1 -1 1 
70 11 Car -1.000000 -1 -1 717.2674070678372 189.00051075340136 855.2390880852236 268.8496658708512 -1 -1 -1 -1 -1 -1 -1 -1 1 
70 12 Car -1.000000 -1 -1 825.9469206360594 180.69281503826957 907.0353726715147 228.7289756963328 -1 -1 -1 -1 -1 -1 -1 -1 1 
71 5 Car -1.000000 -1 -1 644.3104705119302 177.13118140589856 678.0183353290186 203.45711217044857 -1 -1 -1 -1 -1 -1 -1 -1 1 
71 8 Car -1.000000 -1 -1 721.0159756951876 175.41003660657583 762.5359004523862 205.08070649019933 -1 -1 -1 -1 -1 -1 -1 -1 1 
71 11 Car -1.000000 -1 -1 712.3099542172586 188.28002571800715 835.6063409409087 263.1507998811388 -1 -1 -1 -1 -1 -1 -1 -1 1 
71 12 Car -1.000000 -1 -1 808.2142409298274 177.61492390504665 887.2031032754464 223.73337170421155 -1 -1 -1 -1 -1 -1 -1 -1 1 
72 5 Car -1.000000 -1 -1 642.2488992720885 177.0730988191039 674.8417294309082 203.05955232810962 -1 -1 -1 -1 -1 -1 -1 -1 1 
72 11 Car -1.000000 -1 -1 701.7487205967219 187.0589413575902 813.4090443971479 257.58408941744227 -1 -1 -1 -1 -1 -1 -1 -1 1 
72 12 Car -1.000000 -1 -1 796.7316846134701 178.613207213717 870.5900472275011 221.94485400561186 -1 -1 -1 -1 -1 -1 -1 -1 1 
73 5 Car -1.000000 -1 -1 642.4834663168687 177.35020119852504 671.7379373359479 201.32356454593793 -1 -1 -1 -1 -1 -1 -1 -1 1 
73 11 Car -1.000000 -1 -1 692.7062391599954 188.09206362013478 803.0467823160233 251.06462260393596 -1 -1 -1 -1 -1 -1 -1 -1 1 
73 12 Car -1.000000 -1 -1 790.1176657227344 178.36237741068027 856.4846830021435 219.0330004089705 -1 -1 -1 -1 -1 -1 -1 -1 1 
73 14 Car -1.000000 -1 -1 914.7811838284266 191.389604534406 1245.2424806745819 374.4009935786718 -1 -1 -1 -1 -1 -1 -1 -1 1 
74 5 Car -1.000000 -1 -1 641.3493272770334 177.47799521058926 668.7561554505452 200.18156583258823 -1 -1 -1 -1 -1 -1 -1 -1 1 
74 11 Car -1.000000 -1 -1 689.4941246318933 183.80933368589302 787.1315866667521 245.9862098972164 -1 -1 -1 -1 -1 -1 -1 -1 1 
74 12 Car -1.000000 -1 -1 774.1593010735415 176.94219537943383 838.7641723114931 218.67907328823512 -1 -1 -1 -1 -1 -1 -1 -1 1 
74 14 Car -1.000000 -1 -1 879.8835716699042 190.31475489287868 1243.6577049272723 375.4457617723631 -1 -1 -1 -1 -1 -1 -1 -1 1 
75 5 Car -1.000000 -1 -1 639.2145180951637 174.71613230948543 666.6659973401212 197.74689687210386 -1 -1 -1 -1 -1 -1 -1 -1 1 
75 11 Car -1.000000 -1 -1 686.1639831927463 185.3910757908458 776.0658494345892 240.77076102144522 -1 -1 -1 -1 -1 -1 -1 -1 1 
75 12 Car -1.000000 -1 -1 762.8796156335173 177.76182898168815 829.7482459495346 215.1673851029926 -1 -1 -1 -1 -1 -1 -1 -1 1 
75 14 Car -1.000000 -1 -1 848.0410860711361 189.2243224892186 1241.8834495296464 373.63071866359064 -1 -1 -1 -1 -1 -1 -1 -1 1 
76 5 Car -1.000000 -1 -1 638.836160683864 174.93719302480682 665.0715397826176 197.1731823844152 -1 -1 -1 -1 -1 -1 -1 -1 1 
76 11 Car -1.000000 -1 -1 681.6169965820968 185.23571585678266 766.2166874620824 236.87795635888645 -1 -1 -1 -1 -1 -1 -1 -1 1 
76 12 Car -1.000000 -1 -1 754.9331308157094 177.83198873896868 817.5283389683204 213.7691596928741 -1 -1 -1 -1 -1 -1 -1 -1 1 
76 14 Car -1.000000 -1 -1 826.3674057760218 185.38225108345455 1222.1394349031366 370.47253999224847 -1 -1 -1 -1 -1 -1 -1 -1 1 
77 5 Car -1.000000 -1 -1 639.0738301971213 180.46660744982756 660.2931916522386 198.0476043269286 -1 -1 -1 -1 -1 -1 -1 -1 1 
77 11 Car -1.000000 -1 -1 672.6436079536406 183.58689486728932 752.9659814708571 233.94522126649406 -1 -1 -1 -1 -1 -1 -1 -1 1 
77 12 Car -1.000000 -1 -1 750.8123300952698 177.54384213089577 809.3193159242716 211.50953593918973 -1 -1 -1 -1 -1 -1 -1 -1 1 
77 14 Car -1.000000 -1 -1 810.6840048039072 185.8791942483422 1134.0865915245508 345.3105509807931 -1 -1 -1 -1 -1 -1 -1 -1 1 
78 5 Car -1.000000 -1 -1 636.7633330172608 176.52668771887326 659.5273609026764 195.23591837452287 -1 -1 -1 -1 -1 -1 -1 -1 1 
78 11 Car -1.000000 -1 -1 669.1024136310671 182.91022655899707 744.4069470268988 230.85807186721118 -1 -1 -1 -1 -1 -1 -1 -1 1 
78 12 Car -1.000000 -1 -1 741.4759033105698 177.61526629085964 801.482848171043 209.82720262063606 -1 -1 -1 -1 -1 -1 -1 -1 1 
78 14 Car -1.000000 -1 -1 792.838677424089 181.38200124052747 1060.0003042709072 330.0284130647409 -1 -1 -1 -1 -1 -1 -1 -1 1 
79 5 Car -1.000000 -1 -1 635.8299018367595 176.37978953361738 657.9781387978747 194.45996506409307 -1 -1 -1 -1 -1 -1 -1 -1 1 
79 11 Car -1.000000 -1 -1 665.5377431547956 182.57951651939942 737.4914835468431 228.199568099058 -1 -1 -1 -1 -1 -1 -1 -1 1 
79 12 Car -1.000000 -1 -1 731.8158685146918 176.48204745770815 787.8244097722057 208.22673662641512 -1 -1 -1 -1 -1 -1 -1 -1 1 
79 14 Car -1.000000 -1 -1 771.9401055379916 183.8782755175639 1010.9265617099948 313.47340944404056 -1 -1 -1 -1 -1 -1 -1 -1 1 
80 5 Car -1.000000 -1 -1 629.7405667725845 176.1477268731715 652.5662035731449 195.10011637972366 -1 -1 -1 -1 -1 -1 -1 -1 1 
80 11 Car -1.000000 -1 -1 661.6614488220217 182.5177762144579 730.2359200060062 225.7268386196245 -1 -1 -1 -1 -1 -1 -1 -1 1 
80 12 Car -1.000000 -1 -1 729.1948988002581 176.32570969453636 783.1577271578944 206.81362035299742 -1 -1 -1 -1 -1 -1 -1 -1 1 
80 14 Car -1.000000 -1 -1 760.6185334904994 182.89625946344157 969.0499766700127 300.35054285480675 -1 -1 -1 -1 -1 -1 -1 -1 1 
80 17 Car -1.000000 -1 -1 880.190250017559 30.15053266638033 1240.3191088613526 266.60964273911566 -1 -1 -1 -1 -1 -1 -1 -1 1 
81 5 Car -1.000000 -1 -1 629.8163481786487 176.30723800964006 650.894028273591 194.3677090190413 -1 -1 -1 -1 -1 -1 -1 -1 1 
81 11 Car -1.000000 -1 -1 660.898613198211 183.29447532679634 723.3640310162396 223.29158354641237 -1 -1 -1 -1 -1 -1 -1 -1 1 
81 12 Car -1.000000 -1 -1 725.1123422518211 176.2697499237465 776.2081264903213 205.42942509567342 -1 -1 -1 -1 -1 -1 -1 -1 1 
81 14 Car -1.000000 -1 -1 747.5411680234654 182.3694803505653 926.5124602549452 289.0245497651452 -1 -1 -1 -1 -1 -1 -1 -1 1 
81 17 Car -1.000000 -1 -1 855.2227399502326 39.95948301563061 1205.8002263021726 270.5861761381684 -1 -1 -1 -1 -1 -1 -1 -1 1 
82 5 Car -1.000000 -1 -1 629.0162501576344 176.79810000219473 648.4816344003835 192.94081446617997 -1 -1 -1 -1 -1 -1 -1 -1 1 
82 11 Car -1.000000 -1 -1 658.2473515859763 181.17830534439366 717.4588431859072 219.17001553408977 -1 -1 -1 -1 -1 -1 -1 -1 1 
82 12 Car -1.000000 -1 -1 721.5802326257169 176.7697597533494 769.0988823978414 203.60685034022808 -1 -1 -1 -1 -1 -1 -1 -1 1 
82 14 Car -1.000000 -1 -1 738.6685258309848 179.5373038272698 898.8085525202563 277.82597901981666 -1 -1 -1 -1 -1 -1 -1 -1 1 
82 17 Car -1.000000 -1 -1 859.2993071120113 51.415544608910764 1151.5306274550219 264.9477499927799 -1 -1 -1 -1 -1 -1 -1 -1 1 
83 5 Car -1.000000 -1 -1 628.0108716870556 177.4181037115661 646.5632567569179 192.13627170991097 -1 -1 -1 -1 -1 -1 -1 -1 1 
83 11 Car -1.000000 -1 -1 655.8366690152366 181.284159883591 714.8592035173399 217.42144448563113 -1 -1 -1 -1 -1 -1 -1 -1 1 
83 12 Car -1.000000 -1 -1 712.3682597556665 176.82258485724992 757.7357052420618 203.93241644878665 -1 -1 -1 -1 -1 -1 -1 -1 1 
83 14 Car -1.000000 -1 -1 728.7692060436752 182.80895423038118 873.8698586804654 268.75413952282446 -1 -1 -1 -1 -1 -1 -1 -1 1 
83 17 Car -1.000000 -1 -1 850.496190580328 67.82267065307488 1106.2044613819573 252.84535717555153 -1 -1 -1 -1 -1 -1 -1 -1 1 
84 5 Car -1.000000 -1 -1 626.2643792888645 177.13275112505218 645.4640274251134 192.08594326261 -1 -1 -1 -1 -1 -1 -1 -1 1 
84 11 Car -1.000000 -1 -1 655.2046118824823 180.349888176549 709.2207848836284 215.90089796469408 -1 -1 -1 -1 -1 -1 -1 -1 1 
84 12 Car -1.000000 -1 -1 710.2050044177762 176.811535863513 749.2844259290259 202.51663493186675 -1 -1 -1 -1 -1 -1 -1 -1 1 
84 14 Car -1.000000 -1 -1 718.6813829688369 181.56916895411786 854.1052261685315 263.5857450733737 -1 -1 -1 -1 -1 -1 -1 -1 1 
84 17 Car -1.000000 -1 -1 824.8421568472511 74.15321589664782 1056.3077904642528 251.33092835502092 -1 -1 -1 -1 -1 -1 -1 -1 1 
85 5 Car -1.000000 -1 -1 625.6676466431345 178.21088171532045 642.9048942903576 191.4994300358001 -1 -1 -1 -1 -1 -1 -1 -1 1 
85 11 Car -1.000000 -1 -1 653.9451991156013 179.80195251201764 701.351482300008 215.12650749855803 -1 -1 -1 -1 -1 -1 -1 -1 1 
85 12 Car -1.000000 -1 -1 706.6858776321301 175.8166088359981 747.1310830352054 203.03472992322318 -1 -1 -1 -1 -1 -1 -1 -1 1 
85 14 Car -1.000000 -1 -1 714.663133758409 181.76024531615758 832.5036203886708 256.7386235032185 -1 -1 -1 -1 -1 -1 -1 -1 1 
85 17 Car -1.000000 -1 -1 817.9264581371065 81.53926451037246 1032.9820307339085 246.60955309661682 -1 -1 -1 -1 -1 -1 -1 -1 1 
86 5 Car -1.000000 -1 -1 624.9757070428035 178.22078233032934 642.1089100034761 191.53677049434296 -1 -1 -1 -1 -1 -1 -1 -1 1 
86 11 Car -1.000000 -1 -1 652.6705542613718 179.66538525856816 698.0826384759831 213.48538185379692 -1 -1 -1 -1 -1 -1 -1 -1 1 
86 12 Car -1.000000 -1 -1 699.646767077053 175.55699910826948 738.7917406393916 201.90023059440833 -1 -1 -1 -1 -1 -1 -1 -1 1 
86 14 Car -1.000000 -1 -1 702.0677904977781 179.00427922750993 813.4633569574468 249.67447228901557 -1 -1 -1 -1 -1 -1 -1 -1 1 
86 17 Car -1.000000 -1 -1 805.9580793823774 85.61087441359119 1004.9309512492279 240.73645615868145 -1 -1 -1 -1 -1 -1 -1 -1 1 
87 5 Car -1.000000 -1 -1 623.614768859729 178.30495474198716 639.8018336299536 190.88566602769168 -1 -1 -1 -1 -1 -1 -1 -1 1 
87 11 Car -1.000000 -1 -1 650.3362366614458 180.5571017620977 693.9982657940083 212.3317024298517 -1 -1 -1 -1 -1 -1 -1 -1 1 
87 14 Car -1.000000 -1 -1 695.6375501011025 179.15738270964164 801.5093205262956 244.3609092659698 -1 -1 -1 -1 -1 -1 -1 -1 1 
87 17 Car -1.000000 -1 -1 795.7678228774564 90.08046290092723 981.8436403157957 236.99963013264875 -1 -1 -1 -1 -1 -1 -1 -1 1 
87 19 Car -1.000000 -1 -1 983.9526480020749 181.18193199173172 1048.4056368094318 212.37367143316595 -1 -1 -1 -1 -1 -1 -1 -1 1 
88 11 Car -1.000000 -1 -1 643.9311462065158 181.12699342253285 685.6948192321396 210.98208023422757 -1 -1 -1 -1 -1 -1 -1 -1 1 
88 14 Car -1.000000 -1 -1 689.1070606287925 180.23005930000076 787.1606491189639 240.22842291453216 -1 -1 -1 -1 -1 -1 -1 -1 1 
88 17 Car -1.000000 -1 -1 788.1071763607458 95.2373801104899 961.9294008833359 233.66355230024146 -1 -1 -1 -1 -1 -1 -1 -1 1 
88 19 Car -1.000000 -1 -1 960.4407751208586 179.2473262283324 1032.9433395447732 212.3807141116731 -1 -1 -1 -1 -1 -1 -1 -1 1 
89 11 Car -1.000000 -1 -1 642.9616202209907 182.67442988251184 681.3201617807114 209.7960275034962 -1 -1 -1 -1 -1 -1 -1 -1 1 
89 14 Car -1.000000 -1 -1 685.9030463808728 178.65386163962674 775.6545432575654 235.95601483058576 -1 -1 -1 -1 -1 -1 -1 -1 1 
89 17 Car -1.000000 -1 -1 771.303925152536 99.03991531324725 934.5478442886922 231.71758419007733 -1 -1 -1 -1 -1 -1 -1 -1 1 
89 19 Car -1.000000 -1 -1 947.7092098896092 180.5103035691961 1020.5310249501772 209.68686730113018 -1 -1 -1 -1 -1 -1 -1 -1 1 
89 20 Car -1.000000 -1 -1 924.1836586233345 164.63913092036447 1242.4581188780505 377.00478255264795 -1 -1 -1 -1 -1 -1 -1 -1 1 
90 11 Car -1.000000 -1 -1 640.9249890065653 180.08023199788676 678.8154926477922 206.1906049520946 -1 -1 -1 -1 -1 -1 -1 -1 1 
90 14 Car -1.000000 -1 -1 680.4699199199898 178.05702135410667 766.8001612334508 231.84493396198377 -1 -1 -1 -1 -1 -1 -1 -1 1 
90 17 Car -1.000000 -1 -1 761.2537210467391 104.68159753301939 915.620746816692 225.41949534417364 -1 -1 -1 -1 -1 -1 -1 -1 1 
90 19 Car -1.000000 -1 -1 930.7577191860191 180.7227598879563 1002.4124303585678 208.5952733130191 -1 -1 -1 -1 -1 -1 -1 -1 1 
90 20 Car -1.000000 -1 -1 893.1808521779647 166.3248555099571 1241.7573792929652 378.0646572664642 -1 -1 -1 -1 -1 -1 -1 -1 1 
90 21 Car -1.000000 -1 -1 623.8067167285406 178.16660853931987 644.3400401373564 190.5049871063377 -1 -1 -1 -1 -1 -1 -1 -1 1 
91 11 Car -1.000000 -1 -1 637.757238012754 180.21029366835253 678.4047244853116 205.72088091638133 -1 -1 -1 -1 -1 -1 -1 -1 1 
91 14 Car -1.000000 -1 -1 672.7136177759835 178.72247139934677 753.6288408794509 228.31625054840094 -1 -1 -1 -1 -1 -1 -1 -1 1 
91 17 Car -1.000000 -1 -1 757.3341011297393 108.49913186486891 897.2950104403258 224.35031263074006 -1 -1 -1 -1 -1 -1 -1 -1 1 
91 19 Car -1.000000 -1 -1 916.131075854964 180.51832393745886 985.9714686556581 207.6850763927936 -1 -1 -1 -1 -1 -1 -1 -1 1 
91 20 Car -1.000000 -1 -1 867.7676440176261 169.1733163829673 1223.7122510662412 377.26466866488295 -1 -1 -1 -1 -1 -1 -1 -1 1 
91 21 Car -1.000000 -1 -1 624.0025509504303 177.7446543717304 645.0294659088732 190.37962983966491 -1 -1 -1 -1 -1 -1 -1 -1 1 
92 11 Car -1.000000 -1 -1 636.898511048316 179.8092784572116 675.0078254305643 204.33693180131695 -1 -1 -1 -1 -1 -1 -1 -1 1 
92 14 Car -1.000000 -1 -1 669.7370905608817 175.55637860276047 744.9703955420365 225.13964661092055 -1 -1 -1 -1 -1 -1 -1 -1 1 
92 17 Car -1.000000 -1 -1 748.1157206300035 110.83225511663275 882.2772736656194 223.45145271419455 -1 -1 -1 -1 -1 -1 -1 -1 1 
92 20 Car -1.000000 -1 -1 835.5070201387315 164.32959166566297 1225.852474578437 374.5425726816717 -1 -1 -1 -1 -1 -1 -1 -1 1 
93 11 Car -1.000000 -1 -1 635.5579083836242 179.13049546300414 671.5545171988356 203.61483746298796 -1 -1 -1 -1 -1 -1 -1 -1 1 
93 14 Car -1.000000 -1 -1 668.0039747018515 177.12641464618855 735.2813597606076 221.9359424070712 -1 -1 -1 -1 -1 -1 -1 -1 1 
93 17 Car -1.000000 -1 -1 742.5429158419563 111.95509734397386 871.5457759499966 220.5630963305859 -1 -1 -1 -1 -1 -1 -1 -1 1 
93 20 Car -1.000000 -1 -1 812.4075281650205 170.2354553210824 1148.7558542214788 355.3087710311787 -1 -1 -1 -1 -1 -1 -1 -1 1 
94 11 Car -1.000000 -1 -1 634.9416523528395 179.7343555480076 668.1632230920242 203.2594171767319 -1 -1 -1 -1 -1 -1 -1 -1 1 
94 14 Car -1.000000 -1 -1 669.6853470697926 177.7174554568512 730.0733810195733 220.43353987833473 -1 -1 -1 -1 -1 -1 -1 -1 1 
94 17 Car -1.000000 -1 -1 732.9569845126393 113.83744545819368 867.8945879923175 220.02255002190532 -1 -1 -1 -1 -1 -1 -1 -1 1 
94 20 Car -1.000000 -1 -1 797.6083429280156 170.72990893813508 1073.6826567223563 331.05878170751805 -1 -1 -1 -1 -1 -1 -1 -1 1 
95 11 Car -1.000000 -1 -1 634.8644311869955 181.04160975394046 664.3146987472576 202.04463529759184 -1 -1 -1 -1 -1 -1 -1 -1 1 
95 14 Car -1.000000 -1 -1 665.0111773377124 177.89437697318454 720.1826566126333 217.0356160444022 -1 -1 -1 -1 -1 -1 -1 -1 1 
95 17 Car -1.000000 -1 -1 729.6073205484072 115.02599143458423 864.6954075041931 217.10723145873993 -1 -1 -1 -1 -1 -1 -1 -1 1 
95 20 Car -1.000000 -1 -1 784.0817352209572 173.01957202986512 1019.8943672991838 313.0487148956113 -1 -1 -1 -1 -1 -1 -1 -1 1 
96 11 Car -1.000000 -1 -1 634.08355417279 179.32677981923445 664.6494770955048 200.87534289376913 -1 -1 -1 -1 -1 -1 -1 -1 1 
96 14 Car -1.000000 -1 -1 663.1307811668 176.89935809866034 716.7953649234782 215.2841753980139 -1 -1 -1 -1 -1 -1 -1 -1 1 
96 17 Car -1.000000 -1 -1 728.2562131579832 121.81482439493507 838.2314928959368 213.74496293207835 -1 -1 -1 -1 -1 -1 -1 -1 1 
96 20 Car -1.000000 -1 -1 770.924476150185 172.64363176581185 978.6430517058551 301.64955255592724 -1 -1 -1 -1 -1 -1 -1 -1 1 
97 11 Car -1.000000 -1 -1 635.4224708147754 180.327310699798 663.5641411526466 199.92091396167694 -1 -1 -1 -1 -1 -1 -1 -1 1 
97 14 Car -1.000000 -1 -1 661.2112505948127 176.77418749059152 710.9147523913371 213.94805127779514 -1 -1 -1 -1 -1 -1 -1 -1 1 
97 17 Car -1.000000 -1 -1 715.3323449260304 121.50094482991778 832.5491800293657 214.79230645649494 -1 -1 -1 -1 -1 -1 -1 -1 1 
97 20 Car -1.000000 -1 -1 755.9765823289797 173.91559015856194 939.1970936043716 291.2502780604558 -1 -1 -1 -1 -1 -1 -1 -1 1 
98 11 Car -1.000000 -1 -1 634.1799637251138 179.23504916271386 663.7786058537032 199.98738458095556 -1 -1 -1 -1 -1 -1 -1 -1 1 
98 14 Car -1.000000 -1 -1 657.405953126691 175.5880128129645 703.9091119048929 210.84081175864458 -1 -1 -1 -1 -1 -1 -1 -1 1 
98 17 Car -1.000000 -1 -1 717.5343480812104 126.14542803151969 818.8755653268449 207.96564747907289 -1 -1 -1 -1 -1 -1 -1 -1 1 
98 20 Car -1.000000 -1 -1 742.4740279723586 174.33848161273 914.1700597103123 280.26330997901357 -1 -1 -1 -1 -1 -1 -1 -1 1 
99 11 Car -1.000000 -1 -1 629.5745524559286 181.08473955606132 653.883697089012 198.25866182055384 -1 -1 -1 -1 -1 -1 -1 -1 1 
99 14 Car -1.000000 -1 -1 655.4189019521739 176.27672042328726 699.7025483715065 208.83712278953774 -1 -1 -1 -1 -1 -1 -1 -1 1 
99 17 Car -1.000000 -1 -1 711.9958766437337 128.71432809242893 805.5839311607662 207.1891944946571 -1 -1 -1 -1 -1 -1 -1 -1 1 
99 20 Car -1.000000 -1 -1 735.4496039385018 175.53934214202746 883.0737802134483 270.87629726382636 -1 -1 -1 -1 -1 -1 -1 -1 1 
99 22 Car -1.000000 -1 -1 936.460028529588 208.22965244402064 1241.7649508896477 376.0131370882617 -1 -1 -1 -1 -1 -1 -1 -1 1 
100 11 Car -1.000000 -1 -1 626.2690950010726 176.91182355202815 653.140795127043 196.21618636029862 -1 -1 -1 -1 -1 -1 -1 -1 1 
100 14 Car -1.000000 -1 -1 653.7445606849543 175.81499349891402 694.2877371150229 207.38577716382213 -1 -1 -1 -1 -1 -1 -1 -1 1 
100 17 Car -1.000000 -1 -1 710.0072980606772 130.0407181180193 797.9618853814987 204.3096022082095 -1 -1 -1 -1 -1 -1 -1 -1 1 
100 20 Car -1.000000 -1 -1 725.812628452152 175.3935654455955 864.5192116357873 262.64826849250915 -1 -1 -1 -1 -1 -1 -1 -1 1 
100 22 Car -1.000000 -1 -1 894.394410795569 205.6009417993373 1242.880425492072 375.7739712171035 -1 -1 -1 -1 -1 -1 -1 -1 1 
101 11 Car -1.000000 -1 -1 624.1942944140632 176.1928607780027 650.2015702725117 194.8763706097208 -1 -1 -1 -1 -1 -1 -1 -1 1 
101 14 Car -1.000000 -1 -1 652.4428114686956 175.74882285940734 691.0988741289339 206.52852134201228 -1 -1 -1 -1 -1 -1 -1 -1 1 
101 17 Car -1.000000 -1 -1 703.8262105398195 132.97854560162992 785.2577792832369 201.7395273965798 -1 -1 -1 -1 -1 -1 -1 -1 1 
101 20 Car -1.000000 -1 -1 718.2189129210985 174.7282121015378 841.3945066760148 253.7716149901695 -1 -1 -1 -1 -1 -1 -1 -1 1 
101 22 Car -1.000000 -1 -1 865.4246711715534 198.23894082971628 1244.5472419245527 373.1055110639551 -1 -1 -1 -1 -1 -1 -1 -1 1 
101 23 Car -1.000000 -1 -1 848.9499912372129 178.5732526301959 911.7248569248887 205.6644895709265 -1 -1 -1 -1 -1 -1 -1 -1 1 
102 11 Car -1.000000 -1 -1 624.2073721289322 176.61311151631946 650.4080183328966 195.3091254696214 -1 -1 -1 -1 -1 -1 -1 -1 1 
102 14 Car -1.000000 -1 -1 652.9849120711383 175.83783808988565 690.1162748494291 204.85451358607563 -1 -1 -1 -1 -1 -1 -1 -1 1 
102 20 Car -1.000000 -1 -1 711.9796305103226 174.41003428761306 827.8206900069033 250.49807436462825 -1 -1 -1 -1 -1 -1 -1 -1 1 
102 22 Car -1.000000 -1 -1 836.8405493087394 195.42596377001527 1143.2488040482033 364.1222345204162 -1 -1 -1 -1 -1 -1 -1 -1 1 
102 23 Car -1.000000 -1 -1 842.6578427706542 178.2338256674602 912.6764180712354 206.46356030749072 -1 -1 -1 -1 -1 -1 -1 -1 1 
103 11 Car -1.000000 -1 -1 623.6317959572918 176.48332429716618 649.5186552032961 195.30447865580774 -1 -1 -1 -1 -1 -1 -1 -1 1 
103 14 Car -1.000000 -1 -1 645.5264495948676 177.00951464429258 679.0913362593801 202.99288900402084 -1 -1 -1 -1 -1 -1 -1 -1 1 
103 20 Car -1.000000 -1 -1 702.2944462746893 175.41453447306304 807.6041980118422 246.5690646595771 -1 -1 -1 -1 -1 -1 -1 -1 1 
103 22 Car -1.000000 -1 -1 809.4368408046198 195.0831983873233 1067.1826690209552 335.59093837676267 -1 -1 -1 -1 -1 -1 -1 -1 1 
103 23 Car -1.000000 -1 -1 837.8081236852117 178.31876552962822 904.0553233565555 204.43535305464394 -1 -1 -1 -1 -1 -1 -1 -1 1 
104 11 Car -1.000000 -1 -1 623.646256953623 176.5922623872517 648.0692997507617 194.74139333840296 -1 -1 -1 -1 -1 -1 -1 -1 1 
104 14 Car -1.000000 -1 -1 643.0495233060501 176.5245527175847 676.3829046818801 202.49350442377406 -1 -1 -1 -1 -1 -1 -1 -1 1 
104 20 Car -1.000000 -1 -1 696.138944272053 176.73385852385726 796.690609419184 242.9207696615354 -1 -1 -1 -1 -1 -1 -1 -1 1 
104 22 Car -1.000000 -1 -1 794.085377703509 190.03884081359385 1011.8434342897614 317.59804547383965 -1 -1 -1 -1 -1 -1 -1 -1 1 
104 23 Car -1.000000 -1 -1 836.325949665701 178.20178198848183 900.6679716183787 200.52983206550695 -1 -1 -1 -1 -1 -1 -1 -1 1 
104 24 Car -1.000000 -1 -1 1035.8497109501266 186.9085675363827 1242.0092133288322 322.14816449225304 -1 -1 -1 -1 -1 -1 -1 -1 1 
105 11 Car -1.000000 -1 -1 622.5909487577006 176.44869114936023 645.9067041109868 194.58636460864759 -1 -1 -1 -1 -1 -1 -1 -1 1 
105 14 Car -1.000000 -1 -1 643.9743690105936 175.9989874684764 670.6279250838807 195.7280895688374 -1 -1 -1 -1 -1 -1 -1 -1 1 
105 20 Car -1.000000 -1 -1 689.4044108279452 175.9868246832416 783.5468643503605 237.62890933358995 -1 -1 -1 -1 -1 -1 -1 -1 1 
105 22 Car -1.000000 -1 -1 779.8246232366935 189.15629223889783 971.4210597421848 302.2715318893646 -1 -1 -1 -1 -1 -1 -1 -1 1 
105 23 Car -1.000000 -1 -1 833.0346959747665 178.17719279997746 893.8475095772463 199.28051516546205 -1 -1 -1 -1 -1 -1 -1 -1 1 
105 24 Car -1.000000 -1 -1 1007.5112513884171 185.88486523970974 1238.5188056573388 305.99648282978876 -1 -1 -1 -1 -1 -1 -1 -1 1 
106 11 Car -1.000000 -1 -1 621.7689898263661 176.74053748523687 642.8029626844931 193.51767584423305 -1 -1 -1 -1 -1 -1 -1 -1 1 
106 14 Car -1.000000 -1 -1 641.1429642723601 175.227014162245 669.9446081731661 196.5845530722302 -1 -1 -1 -1 -1 -1 -1 -1 1 
106 20 Car -1.000000 -1 -1 686.3092399104978 175.69985935009854 774.5819628825602 234.01062859066516 -1 -1 -1 -1 -1 -1 -1 -1 1 
106 22 Car -1.000000 -1 -1 756.5909148072016 188.49226432357008 931.291803427335 289.859211183764 -1 -1 -1 -1 -1 -1 -1 -1 1 
106 24 Car -1.000000 -1 -1 974.39260714022 185.06721869292903 1241.6596932843215 293.0024806791429 -1 -1 -1 -1 -1 -1 -1 -1 1 
107 11 Car -1.000000 -1 -1 620.2974942459078 176.43577381064878 640.6547834083098 192.67339150376264 -1 -1 -1 -1 -1 -1 -1 -1 1 
107 14 Car -1.000000 -1 -1 638.7332177679119 174.1759147881195 669.1687984059082 197.68703770008838 -1 -1 -1 -1 -1 -1 -1 -1 1 
107 20 Car -1.000000 -1 -1 683.931831408946 172.7411483788896 766.1265522512927 227.35567032330846 -1 -1 -1 -1 -1 -1 -1 -1 1 
107 22 Car -1.000000 -1 -1 750.2462720250608 189.40130811722656 899.04065997965 280.1581910652749 -1 -1 -1 -1 -1 -1 -1 -1 1 
107 24 Car -1.000000 -1 -1 942.9614748879291 185.45247494274108 1204.8793567040689 281.0176684832074 -1 -1 -1 -1 -1 -1 -1 -1 1 
108 14 Car -1.000000 -1 -1 636.5101905780695 174.82443558529727 665.3196123357809 197.56648592275414 -1 -1 -1 -1 -1 -1 -1 -1 1 
108 20 Car -1.000000 -1 -1 675.35746519628 173.91758068483645 750.1286624911969 224.93783699608207 -1 -1 -1 -1 -1 -1 -1 -1 1 
108 22 Car -1.000000 -1 -1 739.3236400647064 186.60945517965672 875.0084289526391 269.62009855769907 -1 -1 -1 -1 -1 -1 -1 -1 1 
108 24 Car -1.000000 -1 -1 923.2471276128728 183.0516501845488 1143.402814606597 271.886811244004 -1 -1 -1 -1 -1 -1 -1 -1 1 
109 14 Car -1.000000 -1 -1 635.1910279507348 175.14536654909068 662.9229127829043 196.92930969803965 -1 -1 -1 -1 -1 -1 -1 -1 1 
109 20 Car -1.000000 -1 -1 662.0336714175264 143.30185381333956 759.9232612212948 224.53210169934394 -1 -1 -1 -1 -1 -1 -1 -1 1 
109 22 Car -1.000000 -1 -1 730.8140854779327 185.98653841915183 852.6438491386108 262.65710821681046 -1 -1 -1 -1 -1 -1 -1 -1 1 
109 24 Car -1.000000 -1 -1 897.5576704685009 182.14340300335672 1102.7324066837703 264.4303947318615 -1 -1 -1 -1 -1 -1 -1 -1 1 
110 14 Car -1.000000 -1 -1 634.5232292635218 175.20910486042993 661.2914871840654 196.00360487255284 -1 -1 -1 -1 -1 -1 -1 -1 1 
110 20 Car -1.000000 -1 -1 671.222647703371 171.36794598454966 735.5206740648927 222.96915737478204 -1 -1 -1 -1 -1 -1 -1 -1 1 
110 22 Car -1.000000 -1 -1 721.3683752378992 185.98482097242203 837.7636352412472 255.60054950283907 -1 -1 -1 -1 -1 -1 -1 -1 1 
110 24 Car -1.000000 -1 -1 883.8369379734694 181.96407721141966 1061.0784265977268 257.0553872098334 -1 -1 -1 -1 -1 -1 -1 -1 1 
111 14 Car -1.000000 -1 -1 627.4995012371984 174.82351879055108 654.3574641403044 195.26230405699718 -1 -1 -1 -1 -1 -1 -1 -1 1 
111 20 Car -1.000000 -1 -1 660.9006787362456 145.2584210144983 742.1723194064234 219.18284458605643 -1 -1 -1 -1 -1 -1 -1 -1 1 
111 22 Car -1.000000 -1 -1 717.2677264447283 183.15340569190653 818.7907165014516 246.99555267228476 -1 -1 -1 -1 -1 -1 -1 -1 1 
111 24 Car -1.000000 -1 -1 863.1555526446731 182.365740642875 1030.0591779781012 251.40978237344427 -1 -1 -1 -1 -1 -1 -1 -1 1 
111 29 Car -1.000000 -1 -1 815.438976304765 176.98713134672545 871.1677921787498 203.71615816533614 -1 -1 -1 -1 -1 -1 -1 -1 1 
112 14 Car -1.000000 -1 -1 625.8125510081603 174.61313516247827 652.6781579624525 194.6528335575544 -1 -1 -1 -1 -1 -1 -1 -1 1 
112 20 Car -1.000000 -1 -1 670.2228229846448 173.24064536774665 725.0976122335661 218.2855091849937 -1 -1 -1 -1 -1 -1 -1 -1 1 
112 22 Car -1.000000 -1 -1 704.6775378739292 182.51939219289906 804.2663700260651 243.37103048436768 -1 -1 -1 -1 -1 -1 -1 -1 1 
112 24 Car -1.000000 -1 -1 855.6281004749411 181.3412151650784 996.8010862889114 246.25880455289627 -1 -1 -1 -1 -1 -1 -1 -1 1 
112 29 Car -1.000000 -1 -1 811.8253548626473 177.0594694159684 872.3261884179959 203.42797588678013 -1 -1 -1 -1 -1 -1 -1 -1 1 
113 14 Car -1.000000 -1 -1 625.2496503989748 174.79517547523452 651.9150787142568 194.3083130977895 -1 -1 -1 -1 -1 -1 -1 -1 1 
113 20 Car -1.000000 -1 -1 654.5098261159654 147.13872801171192 732.9132043311942 215.44975162666844 -1 -1 -1 -1 -1 -1 -1 -1 1 
113 22 Car -1.000000 -1 -1 702.5634089546015 182.78951637133403 792.117917939678 240.0415426469729 -1 -1 -1 -1 -1 -1 -1 -1 1 
113 24 Car -1.000000 -1 -1 835.5401544871936 180.66284586036284 970.8802055467116 241.90299177664653 -1 -1 -1 -1 -1 -1 -1 -1 1 
113 29 Car -1.000000 -1 -1 809.8399473507272 177.80784447019218 867.9999427936792 201.49646788409132 -1 -1 -1 -1 -1 -1 -1 -1 1 
114 14 Car -1.000000 -1 -1 622.5242880266065 174.00720222779526 650.1561776950538 194.17079769684338 -1 -1 -1 -1 -1 -1 -1 -1 1 
114 20 Car -1.000000 -1 -1 660.6102220785775 145.22253941437373 720.7961854698206 214.6340207048717 -1 -1 -1 -1 -1 -1 -1 -1 1 
114 22 Car -1.000000 -1 -1 695.7414323648615 180.85570506355356 776.9245297275102 236.26828268627182 -1 -1 -1 -1 -1 -1 -1 -1 1 
114 24 Car -1.000000 -1 -1 825.4579824031209 180.16430654175338 951.1312104160378 238.35291245530243 -1 -1 -1 -1 -1 -1 -1 -1 1 
114 29 Car -1.000000 -1 -1 801.4065536625675 177.73727797890103 859.4366161303496 201.9162839985899 -1 -1 -1 -1 -1 -1 -1 -1 1 
115 14 Car -1.000000 -1 -1 622.1971935891786 174.8553665113382 647.9270679830515 193.64011732030514 -1 -1 -1 -1 -1 -1 -1 -1 1 
115 20 Car -1.000000 -1 -1 659.3156404315887 145.57967788826477 716.9323280964746 212.50566060166895 -1 -1 -1 -1 -1 -1 -1 -1 1 
115 22 Car -1.000000 -1 -1 692.6753081308677 180.46605671222298 767.8151301831224 234.10563980306898 -1 -1 -1 -1 -1 -1 -1 -1 1 
115 24 Car -1.000000 -1 -1 819.2000322984043 179.32196424359626 929.0716144140114 234.88207658715882 -1 -1 -1 -1 -1 -1 -1 -1 1 
115 29 Car -1.000000 -1 -1 798.3429200067816 179.24717036389734 852.4191250613829 202.37345953622696 -1 -1 -1 -1 -1 -1 -1 -1 1 
116 14 Car -1.000000 -1 -1 622.3360782658203 174.66325722339428 647.049807370433 192.94910844495746 -1 -1 -1 -1 -1 -1 -1 -1 1 
116 20 Car -1.000000 -1 -1 662.5575546995042 170.696414402575 700.9207730877033 210.40996531294442 -1 -1 -1 -1 -1 -1 -1 -1 1 
116 22 Car -1.000000 -1 -1 685.9517650578773 180.0572469241735 761.4384354300713 229.62836778740532 -1 -1 -1 -1 -1 -1 -1 -1 1 
116 24 Car -1.000000 -1 -1 803.7548134671923 179.7904188548232 908.3880019318248 230.80322150931644 -1 -1 -1 -1 -1 -1 -1 -1 1 
116 29 Car -1.000000 -1 -1 794.6702451757135 179.69436930091211 847.311802577839 202.2071082661279 -1 -1 -1 -1 -1 -1 -1 -1 1 
117 14 Car -1.000000 -1 -1 622.0165204963523 175.18026407017638 645.066183685066 192.5741446072615 -1 -1 -1 -1 -1 -1 -1 -1 1 
117 20 Car -1.000000 -1 -1 659.2285736873507 172.417421220784 695.9442555519923 208.88808432629142 -1 -1 -1 -1 -1 -1 -1 -1 1 
117 22 Car -1.000000 -1 -1 685.1372847302616 180.38403900407513 753.7189021265498 227.72183106750919 -1 -1 -1 -1 -1 -1 -1 -1 1 
117 24 Car -1.000000 -1 -1 797.7134837396271 178.82575825548872 892.9498948665763 228.42207482592175 -1 -1 -1 -1 -1 -1 -1 -1 1 
118 14 Car -1.000000 -1 -1 623.9764174731467 176.27816362387705 644.5378635805182 191.8415733006021 -1 -1 -1 -1 -1 -1 -1 -1 1 
118 20 Car -1.000000 -1 -1 656.5890395429701 172.90818325515164 694.2292691915619 208.8881163855143 -1 -1 -1 -1 -1 -1 -1 -1 1 
118 22 Car -1.000000 -1 -1 677.8214137580292 178.72796908652984 741.1026697566131 222.4123362409358 -1 -1 -1 -1 -1 -1 -1 -1 1 
118 24 Car -1.000000 -1 -1 789.4475887920248 177.16405912269605 878.0289567964855 223.87892758943863 -1 -1 -1 -1 -1 -1 -1 -1 1 
119 14 Car -1.000000 -1 -1 620.7397777060655 175.65626257983138 642.1943626616761 191.71815548007038 -1 -1 -1 -1 -1 -1 -1 -1 1 
119 20 Car -1.000000 -1 -1 651.7734606694348 170.97810460210684 689.2595676944677 206.81110394662667 -1 -1 -1 -1 -1 -1 -1 -1 1 
119 22 Car -1.000000 -1 -1 676.432159942949 179.14770337150333 732.6147622372893 220.17193173150702 -1 -1 -1 -1 -1 -1 -1 -1 1 
119 24 Car -1.000000 -1 -1 780.2339332967542 177.8618626848591 866.6565273079037 220.78948259598192 -1 -1 -1 -1 -1 -1 -1 -1 1 
120 14 Car -1.000000 -1 -1 619.1355699724584 175.01722424459717 640.692011630355 191.16766224276267 -1 -1 -1 -1 -1 -1 -1 -1 1 
120 20 Car -1.000000 -1 -1 646.12329347688 172.26660582043888 682.6716061464031 206.60569280600612 -1 -1 -1 -1 -1 -1 -1 -1 1 
120 22 Car -1.000000 -1 -1 674.04782525778 178.7778188076765 726.4604484390314 218.2446755789884 -1 -1 -1 -1 -1 -1 -1 -1 1 
120 24 Car -1.000000 -1 -1 776.4853718273397 177.56812682510392 856.8428322306502 218.96766863671508 -1 -1 -1 -1 -1 -1 -1 -1 1 
121 14 Car -1.000000 -1 -1 621.2939021359882 175.57930394901223 642.6375127366042 191.06135061413175 -1 -1 -1 -1 -1 -1 -1 -1 1 
121 20 Car -1.000000 -1 -1 646.5974546846064 174.8409180428472 679.0907436274779 204.83829688325525 -1 -1 -1 -1 -1 -1 -1 -1 1 
121 22 Car -1.000000 -1 -1 672.4570695290678 178.8133437642961 722.6628341643801 216.196779467831 -1 -1 -1 -1 -1 -1 -1 -1 1 
121 24 Car -1.000000 -1 -1 765.1117005264804 177.89924844090558 840.0508650678044 216.92196896304645 -1 -1 -1 -1 -1 -1 -1 -1 1 
122 14 Car -1.000000 -1 -1 622.1711523816614 175.61980278560307 642.2622267760731 190.40608793212496 -1 -1 -1 -1 -1 -1 -1 -1 1 
122 20 Car -1.000000 -1 -1 644.1539555447961 174.51915475080023 676.5864211802246 203.55118851263697 -1 -1 -1 -1 -1 -1 -1 -1 1 
122 22 Car -1.000000 -1 -1 666.8677626752808 179.13331222529402 713.1707129287162 215.04403578975814 -1 -1 -1 -1 -1 -1 -1 -1 1 
122 24 Car -1.000000 -1 -1 761.051622922044 177.42627295336814 830.382990683898 216.29191900528522 -1 -1 -1 -1 -1 -1 -1 -1 1 
123 14 Car -1.000000 -1 -1 620.2005711143852 175.63507303187993 639.4072457918122 189.8658577868893 -1 -1 -1 -1 -1 -1 -1 -1 1 
123 20 Car -1.000000 -1 -1 642.1352012521152 174.51645132316256 674.8504933685651 203.35043802640914 -1 -1 -1 -1 -1 -1 -1 -1 1 
123 22 Car -1.000000 -1 -1 664.8749684061409 179.82920817765714 709.0601226954873 213.86409194572892 -1 -1 -1 -1 -1 -1 -1 -1 1 
123 24 Car -1.000000 -1 -1 752.9705163642989 176.4192123309088 821.8907824120549 214.03949798057087 -1 -1 -1 -1 -1 -1 -1 -1 1 
124 14 Car -1.000000 -1 -1 619.3328878117127 175.65082422582202 637.7908462050209 189.32694532430102 -1 -1 -1 -1 -1 -1 -1 -1 1 
124 20 Car -1.000000 -1 -1 637.8540196228031 173.7149149926629 672.6487710231855 203.890193859598 -1 -1 -1 -1 -1 -1 -1 -1 1 
124 22 Car -1.000000 -1 -1 661.9976879818016 182.0872628711447 704.2188694373269 211.54559916116483 -1 -1 -1 -1 -1 -1 -1 -1 1 
124 24 Car -1.000000 -1 -1 747.2231349955115 177.4446770596825 814.8117678261556 212.54578942714593 -1 -1 -1 -1 -1 -1 -1 -1 1 
125 20 Car -1.000000 -1 -1 637.9390433070575 174.73496343695706 670.1189895976829 203.5332042233655 -1 -1 -1 -1 -1 -1 -1 -1 1 
125 22 Car -1.000000 -1 -1 658.662023671846 177.2004062876661 701.8602982015302 209.4816215896217 -1 -1 -1 -1 -1 -1 -1 -1 1 
125 24 Car -1.000000 -1 -1 739.5061176610707 177.62362288775458 808.4744808776109 211.3630122699413 -1 -1 -1 -1 -1 -1 -1 -1 1 
125 31 Car -1.000000 -1 -1 803.3215482395403 178.2563227493894 855.267284005395 202.5039957179108 -1 -1 -1 -1 -1 -1 -1 -1 1 
126 20 Car -1.000000 -1 -1 637.6602315385989 176.72105158320164 665.4861877217073 201.61799011067367 -1 -1 -1 -1 -1 -1 -1 -1 1 
126 22 Car -1.000000 -1 -1 657.8832086140374 176.77307550361743 696.7810464149246 208.20750022905423 -1 -1 -1 -1 -1 -1 -1 -1 1 
126 24 Car -1.000000 -1 -1 738.4200134315283 176.11207757414155 798.2126543936739 210.24798939524862 -1 -1 -1 -1 -1 -1 -1 -1 1 
126 31 Car -1.000000 -1 -1 799.939641953384 178.22459700611023 858.1628342371941 202.61854108200853 -1 -1 -1 -1 -1 -1 -1 -1 1 
126 32 Car -1.000000 -1 -1 1023.3936548913226 142.5409913929055 1239.355232166001 333.5674855753226 -1 -1 -1 -1 -1 -1 -1 -1 1 
127 20 Car -1.000000 -1 -1 635.1713159613037 176.76127157147064 661.7342647963058 200.5283450696333 -1 -1 -1 -1 -1 -1 -1 -1 1 
127 22 Car -1.000000 -1 -1 656.4242682175757 176.73151064521846 694.0230964745596 207.45219271735152 -1 -1 -1 -1 -1 -1 -1 -1 1 
127 24 Car -1.000000 -1 -1 730.448992956637 175.8321276263433 788.1560684608386 208.70785306093632 -1 -1 -1 -1 -1 -1 -1 -1 1 
127 31 Car -1.000000 -1 -1 799.4429805183453 178.26765986385806 859.1827538121601 202.71738297456682 -1 -1 -1 -1 -1 -1 -1 -1 1 
127 32 Car -1.000000 -1 -1 989.7457300383734 138.4828404710571 1236.2967539591 314.77392056466124 -1 -1 -1 -1 -1 -1 -1 -1 1 
128 22 Car -1.000000 -1 -1 639.9205598293657 174.9322093396997 679.0749260528589 205.23456727896192 -1 -1 -1 -1 -1 -1 -1 -1 1 
128 24 Car -1.000000 -1 -1 724.7588675028901 176.0184355000488 783.7640210635085 207.37675411485534 -1 -1 -1 -1 -1 -1 -1 -1 1 
128 31 Car -1.000000 -1 -1 800.1879533793481 178.46036185807924 859.2934627365223 202.60441344830178 -1 -1 -1 -1 -1 -1 -1 -1 1 
128 32 Car -1.000000 -1 -1 982.8922877846462 146.96518607634363 1207.6640098618404 301.04181306216447 -1 -1 -1 -1 -1 -1 -1 -1 1 
129 22 Car -1.000000 -1 -1 644.543292602972 175.4703006487981 683.0579185045204 205.166425596073 -1 -1 -1 -1 -1 -1 -1 -1 1 
129 24 Car -1.000000 -1 -1 720.7039299568962 175.7260227049394 777.5508225986952 206.75325490352066 -1 -1 -1 -1 -1 -1 -1 -1 1 
129 31 Car -1.000000 -1 -1 799.4184020378115 178.4278898619251 859.341660661741 202.75269959846278 -1 -1 -1 -1 -1 -1 -1 -1 1 
129 32 Car -1.000000 -1 -1 958.0664564062107 148.79224475321504 1188.7176910406556 288.54388201233735 -1 -1 -1 -1 -1 -1 -1 -1 1 
130 22 Car -1.000000 -1 -1 646.0894385080494 176.41210261967396 680.3749697125769 204.00902154762662 -1 -1 -1 -1 -1 -1 -1 -1 1 
130 24 Car -1.000000 -1 -1 719.5434316498935 176.37178468650058 769.243627029173 205.0858167254032 -1 -1 -1 -1 -1 -1 -1 -1 1 
130 31 Car -1.000000 -1 -1 798.9170108434239 178.50029709376753 859.8224660563855 202.73762590105233 -1 -1 -1 -1 -1 -1 -1 -1 1 
130 32 Car -1.000000 -1 -1 903.444422876161 151.07144369061132 1154.5478262729623 279.2047495276087 -1 -1 -1 -1 -1 -1 -1 -1 1 
131 22 Car -1.000000 -1 -1 644.1170195917841 176.37929478349673 677.2921703031157 203.40079999970212 -1 -1 -1 -1 -1 -1 -1 -1 1 
131 24 Car -1.000000 -1 -1 713.9720439314932 176.42239893986726 761.1446669698637 204.14357514229795 -1 -1 -1 -1 -1 -1 -1 -1 1 
131 31 Car -1.000000 -1 -1 798.8373496888722 178.4112824062449 860.2310368828774 202.74785819888015 -1 -1 -1 -1 -1 -1 -1 -1 1 
131 32 Car -1.000000 -1 -1 883.6726155679671 151.8905974211201 1109.1974725706123 269.99809880312887 -1 -1 -1 -1 -1 -1 -1 -1 1 
132 22 Car -1.000000 -1 -1 643.1959364536522 178.24508831763455 674.1674613616157 202.6663313530656 -1 -1 -1 -1 -1 -1 -1 -1 1 
132 24 Car -1.000000 -1 -1 709.4841984464096 176.98644933325437 756.4659843709925 202.90593832456133 -1 -1 -1 -1 -1 -1 -1 -1 1 
132 31 Car -1.000000 -1 -1 798.9165234842562 178.62728738580464 858.9269592659243 202.34487426285745 -1 -1 -1 -1 -1 -1 -1 -1 1 
132 32 Car -1.000000 -1 -1 864.4421616471826 153.36445114095093 1071.437557266141 263.09388167240587 -1 -1 -1 -1 -1 -1 -1 -1 1 
133 22 Car -1.000000 -1 -1 642.2701191477469 179.5247890479077 671.6261634985914 201.53102912640702 -1 -1 -1 -1 -1 -1 -1 -1 1 
133 24 Car -1.000000 -1 -1 706.6025966222068 177.12266989601198 752.263346133338 202.26485571765656 -1 -1 -1 -1 -1 -1 -1 -1 1 
133 31 Car -1.000000 -1 -1 800.0164550974846 178.24431152139266 857.0398463864968 202.06488459656723 -1 -1 -1 -1 -1 -1 -1 -1 1 
133 32 Car -1.000000 -1 -1 845.9384070637934 156.8634997362688 1027.5137758309033 254.66359283525338 -1 -1 -1 -1 -1 -1 -1 -1 1 
134 22 Car -1.000000 -1 -1 638.303873800302 176.70357658789996 670.527226734192 201.27206289104058 -1 -1 -1 -1 -1 -1 -1 -1 1 
134 24 Car -1.000000 -1 -1 703.8919456929668 176.74741311682075 749.604353245314 201.78906021145562 -1 -1 -1 -1 -1 -1 -1 -1 1 
134 31 Car -1.000000 -1 -1 799.3018130093621 178.46775406818904 851.082877501733 201.95469721756373 -1 -1 -1 -1 -1 -1 -1 -1 1 
134 32 Car -1.000000 -1 -1 834.9865977120845 159.10396108116913 1001.2204256986266 249.64913007381983 -1 -1 -1 -1 -1 -1 -1 -1 1 
135 22 Car -1.000000 -1 -1 641.9326927823844 179.67598548527545 667.9264123093174 199.60178419347255 -1 -1 -1 -1 -1 -1 -1 -1 1 
135 24 Car -1.000000 -1 -1 701.2868882449027 176.8680981850519 743.4592774666372 201.41060306270788 -1 -1 -1 -1 -1 -1 -1 -1 1 
135 31 Car -1.000000 -1 -1 798.3897701959307 179.1274039393707 844.5229734846175 201.76641836305538 -1 -1 -1 -1 -1 -1 -1 -1 1 
135 32 Car -1.000000 -1 -1 819.5558299003766 157.82931580098514 979.7625820288696 248.72043959164475 -1 -1 -1 -1 -1 -1 -1 -1 1 
136 22 Car -1.000000 -1 -1 641.076706246024 181.68265359129717 665.316124984861 199.12945498577133 -1 -1 -1 -1 -1 -1 -1 -1 1 
136 24 Car -1.000000 -1 -1 701.9684019151795 177.90667495526097 739.7820308150275 200.1826005912284 -1 -1 -1 -1 -1 -1 -1 -1 1 
136 31 Car -1.000000 -1 -1 797.4960048883278 179.2322372464543 843.2407120454344 201.68063981464346 -1 -1 -1 -1 -1 -1 -1 -1 1 
136 32 Car -1.000000 -1 -1 809.1384762259227 158.20307976884015 950.1170817907157 239.00931996906314 -1 -1 -1 -1 -1 -1 -1 -1 1 
137 22 Car -1.000000 -1 -1 639.6923631753741 182.14677960627156 661.7472270229378 198.02125838989252 -1 -1 -1 -1 -1 -1 -1 -1 1 
137 24 Car -1.000000 -1 -1 693.5464592264024 177.78767094742238 730.105741003915 199.46673304225808 -1 -1 -1 -1 -1 -1 -1 -1 1 
137 32 Car -1.000000 -1 -1 802.8956003153284 158.14083395899002 928.1404957893056 235.22007229026173 -1 -1 -1 -1 -1 -1 -1 -1 1 
138 24 Car -1.000000 -1 -1 692.0388830952639 178.23396475940007 727.3021390209433 199.03649449828785 -1 -1 -1 -1 -1 -1 -1 -1 1 
138 32 Car -1.000000 -1 -1 791.9549313585136 157.86469970956773 907.3222635093806 228.61154386011756 -1 -1 -1 -1 -1 -1 -1 -1 1 
139 24 Car -1.000000 -1 -1 687.8096366308462 175.6330063631582 724.5894073577632 197.24936526677564 -1 -1 -1 -1 -1 -1 -1 -1 1 
139 32 Car -1.000000 -1 -1 779.7796913188812 160.56269537768776 889.777813894046 228.7291212098481 -1 -1 -1 -1 -1 -1 -1 -1 1 
140 24 Car -1.000000 -1 -1 685.3864544461436 175.42842020070017 720.9853166943732 196.99005317520286 -1 -1 -1 -1 -1 -1 -1 -1 1 
140 32 Car -1.000000 -1 -1 772.1968916155777 160.53197611428237 874.8968882600865 225.1402133214591 -1 -1 -1 -1 -1 -1 -1 -1 1 
141 24 Car -1.000000 -1 -1 683.9544347371661 175.2237478026837 718.1846250175024 196.7864061576453 -1 -1 -1 -1 -1 -1 -1 -1 1 
141 32 Car -1.000000 -1 -1 766.2479973760132 160.13751338729213 865.1496060399228 222.20324354793752 -1 -1 -1 -1 -1 -1 -1 -1 1 
142 24 Car -1.000000 -1 -1 682.2719066826857 175.08471998651072 715.6951256358924 195.96195996978454 -1 -1 -1 -1 -1 -1 -1 -1 1 
142 32 Car -1.000000 -1 -1 755.2121253261624 161.0499458418124 848.313928047978 221.03872880738703 -1 -1 -1 -1 -1 -1 -1 -1 1 
143 24 Car -1.000000 -1 -1 680.7761744085965 175.17232836016785 712.7797458463633 195.4324080623754 -1 -1 -1 -1 -1 -1 -1 -1 1 
143 32 Car -1.000000 -1 -1 752.2951559030433 161.32545980225657 837.9200622648109 218.63310639662095 -1 -1 -1 -1 -1 -1 -1 -1 1 
144 24 Car -1.000000 -1 -1 680.9846077101358 176.05666382042443 709.7978705072902 194.34666435521726 -1 -1 -1 -1 -1 -1 -1 -1 1 
144 32 Car -1.000000 -1 -1 742.6119447552852 161.65189844844383 823.7698413022212 217.28280338277864 -1 -1 -1 -1 -1 -1 -1 -1 1 
145 24 Car -1.000000 -1 -1 674.5685467631039 175.08667002176335 702.6744986996863 194.34665419313217 -1 -1 -1 -1 -1 -1 -1 -1 1 
145 32 Car -1.000000 -1 -1 740.9509046429323 160.23547322210916 815.5709268283304 212.45167928969158 -1 -1 -1 -1 -1 -1 -1 -1 1 
145 37 Car -1.000000 -1 -1 623.3946199581505 174.9392947991603 649.2125569657743 192.98902605331963 -1 -1 -1 -1 -1 -1 -1 -1 1 
146 24 Car -1.000000 -1 -1 672.1330876319134 175.29782870035743 699.3167722033497 193.71227177993654 -1 -1 -1 -1 -1 -1 -1 -1 1 
146 32 Car -1.000000 -1 -1 737.5642316858457 161.99981341131277 806.0887288304912 210.32658541180638 -1 -1 -1 -1 -1 -1 -1 -1 1 
146 37 Car -1.000000 -1 -1 622.6152364891806 174.9004586395191 647.0772452031594 192.4741087624073 -1 -1 -1 -1 -1 -1 -1 -1 1 
146 38 Car -1.000000 -1 -1 808.8464720656165 178.7569271112145 852.3607460685265 202.25088234099954 -1 -1 -1 -1 -1 -1 -1 -1 1 
147 24 Car -1.000000 -1 -1 670.2577978977488 174.81722787744334 696.9300721306221 193.07083931480577 -1 -1 -1 -1 -1 -1 -1 -1 1 
147 32 Car -1.000000 -1 -1 727.5353912156249 162.08950476854992 793.9601245247128 210.0375602874423 -1 -1 -1 -1 -1 -1 -1 -1 1 
147 37 Car -1.000000 -1 -1 622.6111224249877 174.65030199264294 646.6651021118408 192.22602874957735 -1 -1 -1 -1 -1 -1 -1 -1 1 
147 38 Car -1.000000 -1 -1 803.417220146938 178.5847409938562 854.4928591314135 202.4461795261622 -1 -1 -1 -1 -1 -1 -1 -1 1 
148 24 Car -1.000000 -1 -1 668.7185259909077 175.71526296915377 694.1978281383105 192.66789402746352 -1 -1 -1 -1 -1 -1 -1 -1 1 
148 32 Car -1.000000 -1 -1 724.1403597584426 163.73813184686878 787.5545669814029 208.7791914016174 -1 -1 -1 -1 -1 -1 -1 -1 1 
148 37 Car -1.000000 -1 -1 622.3877431116357 174.45797380225767 646.2747913311925 191.91172916300263 -1 -1 -1 -1 -1 -1 -1 -1 1 
148 38 Car -1.000000 -1 -1 801.5250570845299 178.69922381174408 855.5321265091775 202.4378208838348 -1 -1 -1 -1 -1 -1 -1 -1 1 
149 24 Car -1.000000 -1 -1 665.9027817117477 175.3767649094266 692.4163654959731 192.4283204262035 -1 -1 -1 -1 -1 -1 -1 -1 1 
149 32 Car -1.000000 -1 -1 720.2759021127779 164.04697757530832 781.9031947832767 207.29536488712583 -1 -1 -1 -1 -1 -1 -1 -1 1 
149 38 Car -1.000000 -1 -1 800.393096264469 178.78127195092213 856.645510231603 202.0310723169092 -1 -1 -1 -1 -1 -1 -1 -1 1 
150 24 Car -1.000000 -1 -1 665.2720023470822 175.16274599615843 690.8275129387647 192.02532751251348 -1 -1 -1 -1 -1 -1 -1 -1 1 
150 32 Car -1.000000 -1 -1 715.0301770208532 163.6947618013915 774.9508920425255 206.19274222069993 -1 -1 -1 -1 -1 -1 -1 -1 1 
150 38 Car -1.000000 -1 -1 798.1698187134065 178.77077626949207 856.8840722104743 202.2585927431775 -1 -1 -1 -1 -1 -1 -1 -1 1 
151 24 Car -1.000000 -1 -1 663.5268463685297 175.03556492475442 689.0001312590762 191.4984192162836 -1 -1 -1 -1 -1 -1 -1 -1 1 
151 32 Car -1.000000 -1 -1 710.860302916552 163.70861343677353 767.8659813727313 204.70519933665622 -1 -1 -1 -1 -1 -1 -1 -1 1 
151 38 Car -1.000000 -1 -1 796.8747621448429 178.83922628178308 854.6109870804914 202.38998169286063 -1 -1 -1 -1 -1 -1 -1 -1 1 
152 24 Car -1.000000 -1 -1 661.7926787984595 175.02712104353037 686.5800696633625 191.2791265069952 -1 -1 -1 -1 -1 -1 -1 -1 1 
152 32 Car -1.000000 -1 -1 708.4297566200944 164.6879343772453 761.0175193944951 204.47883260456587 -1 -1 -1 -1 -1 -1 -1 -1 1 
152 38 Car -1.000000 -1 -1 796.8407599603413 178.8520858465717 853.7695853216974 202.11874716865924 -1 -1 -1 -1 -1 -1 -1 -1 1 
153 24 Car -1.000000 -1 -1 660.678783160434 175.3096596459814 685.5072692411829 191.2423875961944 -1 -1 -1 -1 -1 -1 -1 -1 1 
153 32 Car -1.000000 -1 -1 705.0711755745394 164.94723167668795 755.7920923992274 203.65679341230143 -1 -1 -1 -1 -1 -1 -1 -1 1 
153 38 Car -1.000000 -1 -1 797.3957042108216 177.9927633747048 854.7675836042148 201.84633746835894 -1 -1 -1 -1 -1 -1 -1 -1 1 
154 24 Car -1.000000 -1 -1 659.8321051192748 175.53671621026868 683.8415807657854 190.9184484431412 -1 -1 -1 -1 -1 -1 -1 -1 1 
154 32 Car -1.000000 -1 -1 703.5483244210805 165.19556357184726 752.0586252149521 202.0989330266629 -1 -1 -1 -1 -1 -1 -1 -1 1 
154 38 Car -1.000000 -1 -1 795.9924369639887 178.19566669164965 854.2712518351302 201.8367014669801 -1 -1 -1 -1 -1 -1 -1 -1 1 
155 24 Car -1.000000 -1 -1 654.9980402645301 175.53189962637714 677.5881295532174 190.17396200862686 -1 -1 -1 -1 -1 -1 -1 -1 1 
155 32 Car -1.000000 -1 -1 698.9154515179928 164.72773257291553 747.3151315597801 202.23633678084224 -1 -1 -1 -1 -1 -1 -1 -1 1 
155 38 Car -1.000000 -1 -1 795.0683053151017 178.48029172780087 853.0896137198808 201.64936570638648 -1 -1 -1 -1 -1 -1 -1 -1 1 
156 24 Car -1.000000 -1 -1 653.942303806651 175.76815844768106 675.4237553017913 189.57644164754194 -1 -1 -1 -1 -1 -1 -1 -1 1 
156 32 Car -1.000000 -1 -1 695.7891631453623 164.73897629999223 743.0976182581345 201.73373016890653 -1 -1 -1 -1 -1 -1 -1 -1 1 
156 38 Car -1.000000 -1 -1 792.623808485163 178.52950094869675 852.1199478522834 201.81405388635972 -1 -1 -1 -1 -1 -1 -1 -1 1 
157 24 Car -1.000000 -1 -1 651.3981029416069 175.53962366867168 673.0253966977207 189.4045143773931 -1 -1 -1 -1 -1 -1 -1 -1 1 
157 32 Car -1.000000 -1 -1 696.9445413256929 165.4303524181202 740.5910033195305 200.90442114065698 -1 -1 -1 -1 -1 -1 -1 -1 1 
157 38 Car -1.000000 -1 -1 791.5820053351349 178.44100032580837 849.8092833458899 201.88071773129923 -1 -1 -1 -1 -1 -1 -1 -1 1 
158 24 Car -1.000000 -1 -1 650.2955731944911 176.0453815910493 671.7463850939754 189.0851663280663 -1 -1 -1 -1 -1 -1 -1 -1 1 
158 32 Car -1.000000 -1 -1 689.6377237760344 165.2904408461823 731.2699570442829 200.65666991279005 -1 -1 -1 -1 -1 -1 -1 -1 1 
158 38 Car -1.000000 -1 -1 791.3077027208244 177.94418490268643 851.0028983066065 201.75599070733082 -1 -1 -1 -1 -1 -1 -1 -1 1 
159 24 Car -1.000000 -1 -1 648.5831326172796 175.76398778038202 669.9235474581932 188.50909792010827 -1 -1 -1 -1 -1 -1 -1 -1 1 
159 32 Car -1.000000 -1 -1 685.645987747603 165.56372057426935 726.3618964471 200.03025341001575 -1 -1 -1 -1 -1 -1 -1 -1 1 
159 38 Car -1.000000 -1 -1 787.8831834815684 178.11331740742804 850.1292533519712 201.3427631547758 -1 -1 -1 -1 -1 -1 -1 -1 1 
160 24 Car -1.000000 -1 -1 647.4306056100169 175.76484676017978 668.632866853889 188.92875258952387 -1 -1 -1 -1 -1 -1 -1 -1 1 
160 32 Car -1.000000 -1 -1 684.0437140088236 164.6690241455403 724.7968412577613 199.46585198882897 -1 -1 -1 -1 -1 -1 -1 -1 1 
160 38 Car -1.000000 -1 -1 785.250753368359 177.77122158822345 848.6110469428701 201.53030707892307 -1 -1 -1 -1 -1 -1 -1 -1 1 
161 24 Car -1.000000 -1 -1 647.3434760376567 175.5960706537674 668.2004395838218 188.69574458018613 -1 -1 -1 -1 -1 -1 -1 -1 1 
161 32 Car -1.000000 -1 -1 683.5141663938981 164.88452442336995 722.2930515747952 198.83019412874654 -1 -1 -1 -1 -1 -1 -1 -1 1 
161 38 Car -1.000000 -1 -1 783.4342471285267 177.67188098864796 847.5522072899964 201.45284391181315 -1 -1 -1 -1 -1 -1 -1 -1 1 
162 24 Car -1.000000 -1 -1 645.7149355956146 175.483360550702 666.5308836842871 188.40496084562372 -1 -1 -1 -1 -1 -1 -1 -1 1 
162 32 Car -1.000000 -1 -1 682.0881238757529 165.38558027049464 718.8030221247554 198.0838271454388 -1 -1 -1 -1 -1 -1 -1 -1 1 
162 38 Car -1.000000 -1 -1 777.30066564702 177.27118603765643 839.4464801171507 201.1828113959899 -1 -1 -1 -1 -1 -1 -1 -1 1 
163 24 Car -1.000000 -1 -1 644.9984325078809 175.5255336881364 666.048746678515 188.2727720176736 -1 -1 -1 -1 -1 -1 -1 -1 1 
163 32 Car -1.000000 -1 -1 679.8369491766118 166.1146025775114 714.7642825872749 197.18031708778986 -1 -1 -1 -1 -1 -1 -1 -1 1 
163 38 Car -1.000000 -1 -1 776.9498885742262 177.19361429763063 835.3890274613154 200.84268812192505 -1 -1 -1 -1 -1 -1 -1 -1 1 
164 24 Car -1.000000 -1 -1 643.0776891523872 175.4781300780111 663.7732455372645 188.0008470883352 -1 -1 -1 -1 -1 -1 -1 -1 1 
164 32 Car -1.000000 -1 -1 676.426770091586 166.34453502254843 710.1196018621349 196.3125447641914 -1 -1 -1 -1 -1 -1 -1 -1 1 
164 38 Car -1.000000 -1 -1 771.7306069267152 176.4990521754899 832.7119335754106 201.4468771317652 -1 -1 -1 -1 -1 -1 -1 -1 1 
165 24 Car -1.000000 -1 -1 641.7104487862927 175.502787830089 661.9093544553403 187.84733358351676 -1 -1 -1 -1 -1 -1 -1 -1 1 
165 38 Car -1.000000 -1 -1 770.120779441493 176.58726451707423 829.9760404051511 201.41942180247375 -1 -1 -1 -1 -1 -1 -1 -1 1 
166 24 Car -1.000000 -1 -1 640.1989972972228 175.48709391245262 659.9903300151185 187.58261928671305 -1 -1 -1 -1 -1 -1 -1 -1 1 
166 38 Car -1.000000 -1 -1 767.9452964263537 176.31843209922278 827.4474724755619 201.4514115419089 -1 -1 -1 -1 -1 -1 -1 -1 1 
167 32 Car -1.000000 -1 -1 668.2375276302963 165.05493664124793 699.5457692364682 192.9972890210805 -1 -1 -1 -1 -1 -1 -1 -1 1 
167 38 Car -1.000000 -1 -1 765.4498161899309 176.4214356934735 825.032592259248 201.05564583252527 -1 -1 -1 -1 -1 -1 -1 -1 1 
168 32 Car -1.000000 -1 -1 666.9616397383592 165.16883358876387 698.2727176086925 193.11650504574678 -1 -1 -1 -1 -1 -1 -1 -1 1 
168 38 Car -1.000000 -1 -1 761.2593800393694 176.54731225415645 822.2892981444057 201.00769128279114 -1 -1 -1 -1 -1 -1 -1 -1 1 
169 32 Car -1.000000 -1 -1 665.7669904470567 165.97783550632616 695.6306321590401 192.51742412039 -1 -1 -1 -1 -1 -1 -1 -1 1 
169 38 Car -1.000000 -1 -1 753.7710820167815 176.68034278195444 814.1301328702532 201.00853105424054 -1 -1 -1 -1 -1 -1 -1 -1 1 
170 32 Car -1.000000 -1 -1 663.1023113079931 166.10093653084516 691.9575467139925 191.74462483805598 -1 -1 -1 -1 -1 -1 -1 -1 1 
170 38 Car -1.000000 -1 -1 750.7022480307161 176.63075348436425 808.0692123192126 200.75301744229344 -1 -1 -1 -1 -1 -1 -1 -1 1 
171 38 Car -1.000000 -1 -1 748.3365845335576 174.90354675891118 804.1818894647666 198.32825918220365 -1 -1 -1 -1 -1 -1 -1 -1 1 
172 38 Car -1.000000 -1 -1 745.5861708258913 176.50649390941595 802.7807119275624 200.86174385569944 -1 -1 -1 -1 -1 -1 -1 -1 1 
173 38 Car -1.000000 -1 -1 742.4748826788575 176.2365172652053 798.8483858084035 201.08799241486255 -1 -1 -1 -1 -1 -1 -1 -1 1 
173 41 Car -1.000000 -1 -1 660.4571530422264 166.75173274863087 687.7436802077375 191.40777908471355 -1 -1 -1 -1 -1 -1 -1 -1 1 
174 38 Car -1.000000 -1 -1 743.8387956238413 177.01461049849118 794.8151057893696 200.33589121613244 -1 -1 -1 -1 -1 -1 -1 -1 1 
174 41 Car -1.000000 -1 -1 659.1920247593126 166.93113790803548 686.041082270854 191.19188763662942 -1 -1 -1 -1 -1 -1 -1 -1 1 
175 38 Car -1.000000 -1 -1 734.5499471001032 175.2184085740052 784.092766389296 198.2809125339484 -1 -1 -1 -1 -1 -1 -1 -1 1 
176 38 Car -1.000000 -1 -1 730.8818165185706 174.94132546574238 779.611717809867 197.81190241044922 -1 -1 -1 -1 -1 -1 -1 -1 1 
177 38 Car -1.000000 -1 -1 729.1947791770781 175.00466499173652 777.4513843408122 197.56838037705094 -1 -1 -1 -1 -1 -1 -1 -1 1 
178 38 Car -1.000000 -1 -1 726.0566560621038 175.19103833587977 774.3316518566957 197.76492701610314 -1 -1 -1 -1 -1 -1 -1 -1 1 
179 38 Car -1.000000 -1 -1 730.8422097305996 177.63001104650508 773.551218159015 199.3139369361968 -1 -1 -1 -1 -1 -1 -1 -1 1 
180 38 Car -1.000000 -1 -1 728.906425473282 178.07193422911348 767.3231323451138 199.1830311203636 -1 -1 -1 -1 -1 -1 -1 -1 1 
181 38 Car -1.000000 -1 -1 715.28416008474 178.31408752267384 752.8708463885488 199.0234316351063 -1 -1 -1 -1 -1 -1 -1 -1 1 
182 38 Car -1.000000 -1 -1 711.3375450216582 178.248717541938 752.2848725234121 199.0172420678354 -1 -1 -1 -1 -1 -1 -1 -1 1 
183 38 Car -1.000000 -1 -1 711.0628999356035 176.64159667778847 750.3926558508437 196.39177670207187 -1 -1 -1 -1 -1 -1 -1 -1 1 
184 38 Car -1.000000 -1 -1 707.7085492355784 176.48622125175058 747.6871121519459 196.2391019007568 -1 -1 -1 -1 -1 -1 -1 -1 1 
184 43 Car -1.000000 -1 -1 484.98094194474794 167.00294977129542 508.67416414225175 190.09763851363687 -1 -1 -1 -1 -1 -1 -1 -1 1 
185 38 Car -1.000000 -1 -1 705.321115662785 178.34605268644094 744.7331085927322 198.9034400250256 -1 -1 -1 -1 -1 -1 -1 -1 1 
185 43 Car -1.000000 -1 -1 483.9710550865112 167.23258232384413 508.10221031359265 190.29450775364995 -1 -1 -1 -1 -1 -1 -1 -1 1 
186 38 Car -1.000000 -1 -1 703.7970961608003 178.65545072678012 742.0055206006163 199.04964003539646 -1 -1 -1 -1 -1 -1 -1 -1 1 
186 43 Car -1.000000 -1 -1 483.09551773442735 167.41174152398946 508.1751915479301 190.94486683430262 -1 -1 -1 -1 -1 -1 -1 -1 1 
187 38 Car -1.000000 -1 -1 704.4575739408255 180.1998595690933 738.044345258225 199.02125274613124 -1 -1 -1 -1 -1 -1 -1 -1 1 
187 43 Car -1.000000 -1 -1 480.87754982413213 168.99877903473003 507.5102062498766 193.76710600257763 -1 -1 -1 -1 -1 -1 -1 -1 1 
188 38 Car -1.000000 -1 -1 693.9422447703454 181.35844702846754 728.2525683688889 200.20111101303485 -1 -1 -1 -1 -1 -1 -1 -1 1 
188 43 Car -1.000000 -1 -1 480.54762666687014 170.4582358679719 506.93544231903473 194.67110443009756 -1 -1 -1 -1 -1 -1 -1 -1 1 
189 38 Car -1.000000 -1 -1 692.6293187174915 182.52642715855484 725.9936368453294 201.28644313441956 -1 -1 -1 -1 -1 -1 -1 -1 1 
189 43 Car -1.000000 -1 -1 478.9672883236949 171.24455321496103 505.9520706934489 196.2035346475258 -1 -1 -1 -1 -1 -1 -1 -1 1 
190 38 Car -1.000000 -1 -1 689.630458099854 182.94716581858532 722.9351801469918 201.57354032569816 -1 -1 -1 -1 -1 -1 -1 -1 1 
190 43 Car -1.000000 -1 -1 477.499323722328 171.83607665978343 503.8846094263298 196.99280797287116 -1 -1 -1 -1 -1 -1 -1 -1 1 
191 38 Car -1.000000 -1 -1 688.1696537488411 183.01331078729575 720.3582290879631 201.028121996231 -1 -1 -1 -1 -1 -1 -1 -1 1 
191 43 Car -1.000000 -1 -1 475.4325635588709 171.41331789917868 501.7862492552987 197.57664866476003 -1 -1 -1 -1 -1 -1 -1 -1 1 
192 38 Car -1.000000 -1 -1 685.3061679343508 182.42210081138577 717.5028889866479 200.80771580515895 -1 -1 -1 -1 -1 -1 -1 -1 1 
192 43 Car -1.000000 -1 -1 473.50640344686667 171.1955846008227 500.06948855816785 197.75855347963113 -1 -1 -1 -1 -1 -1 -1 -1 1 
193 38 Car -1.000000 -1 -1 682.3652198039537 182.8519147342495 714.2753711103509 200.9373029935945 -1 -1 -1 -1 -1 -1 -1 -1 1 
193 43 Car -1.000000 -1 -1 471.56584057068926 171.85499954026176 498.0458733772109 197.8609572718763 -1 -1 -1 -1 -1 -1 -1 -1 1 
194 38 Car -1.000000 -1 -1 680.3254903395451 183.89754760113274 711.9232038482555 202.0114073323133 -1 -1 -1 -1 -1 -1 -1 -1 1 
194 43 Car -1.000000 -1 -1 469.1916499097443 172.54286237470882 495.9509394429052 199.02653170322017 -1 -1 -1 -1 -1 -1 -1 -1 1 
195 38 Car -1.000000 -1 -1 671.7403426268221 184.0308005541914 702.3345140693796 201.92424759493457 -1 -1 -1 -1 -1 -1 -1 -1 1 
195 43 Car -1.000000 -1 -1 461.95973662286303 172.96639044949995 489.18712495070235 199.820978581391 -1 -1 -1 -1 -1 -1 -1 -1 1 
196 38 Car -1.000000 -1 -1 669.265508363676 184.5719054890654 698.862725029927 202.16498919129836 -1 -1 -1 -1 -1 -1 -1 -1 1 
196 43 Car -1.000000 -1 -1 457.5353242502397 175.1599164725384 487.0270618904248 202.38029017230951 -1 -1 -1 -1 -1 -1 -1 -1 1 
197 38 Car -1.000000 -1 -1 667.1063275808073 187.6101814883605 694.6304302499416 204.39861725399126 -1 -1 -1 -1 -1 -1 -1 -1 1 
197 43 Car -1.000000 -1 -1 453.6400769287154 175.97872874374536 485.22399959897973 203.65266653308316 -1 -1 -1 -1 -1 -1 -1 -1 1 
198 38 Car -1.000000 -1 -1 664.8013192946484 188.5705322948543 692.1111363370917 205.47765049629004 -1 -1 -1 -1 -1 -1 -1 -1 1 
198 43 Car -1.000000 -1 -1 450.3162952143946 176.91232394270966 481.13636572233855 204.8690097333724 -1 -1 -1 -1 -1 -1 -1 -1 1 
199 38 Car -1.000000 -1 -1 661.6134015812551 188.73239474645337 688.6911388369027 205.62837573343722 -1 -1 -1 -1 -1 -1 -1 -1 1 
199 43 Car -1.000000 -1 -1 446.88227188915175 177.28447438467325 478.28363606470737 206.0140877120656 -1 -1 -1 -1 -1 -1 -1 -1 1 
200 38 Car -1.000000 -1 -1 658.5425516784885 188.67761842842356 685.3400111800908 205.89716500205347 -1 -1 -1 -1 -1 -1 -1 -1 1 
200 43 Car -1.000000 -1 -1 442.8926441612474 177.3365887799837 473.9770619992185 206.09973011583168 -1 -1 -1 -1 -1 -1 -1 -1 1 
201 38 Car -1.000000 -1 -1 650.4005630771682 187.93464661427473 677.1061942288683 205.91348070553738 -1 -1 -1 -1 -1 -1 -1 -1 1 
201 43 Car -1.000000 -1 -1 433.7050637663523 176.48625756589686 466.4950275111369 206.9122028879341 -1 -1 -1 -1 -1 -1 -1 -1 1 
202 38 Car -1.000000 -1 -1 646.7509125535049 188.2399211635855 670.9197545847692 204.57648829410155 -1 -1 -1 -1 -1 -1 -1 -1 1 
202 43 Car -1.000000 -1 -1 429.7557417383522 176.23816234658028 462.32694297915856 206.56869405113082 -1 -1 -1 -1 -1 -1 -1 -1 1 
203 38 Car -1.000000 -1 -1 642.7502303553231 188.66749524647486 666.6191538782984 204.80173702352732 -1 -1 -1 -1 -1 -1 -1 -1 1 
203 43 Car -1.000000 -1 -1 425.921175917945 175.18560330085478 459.2381530627288 205.96368317659383 -1 -1 -1 -1 -1 -1 -1 -1 1 
204 43 Car -1.000000 -1 -1 422.33169493209886 174.21099617095655 455.5034589896607 205.44011304671275 -1 -1 -1 -1 -1 -1 -1 -1 1 
205 43 Car -1.000000 -1 -1 419.5631763615195 173.41293864601502 452.23635423190933 204.8417838693654 -1 -1 -1 -1 -1 -1 -1 -1 1 
206 43 Car -1.000000 -1 -1 415.2100099178469 171.9084639096198 450.95221045747354 205.41987649892508 -1 -1 -1 -1 -1 -1 -1 -1 1 
206 44 Car -1.000000 -1 -1 639.4081989384033 182.35657560342614 662.766842041627 198.66451842597152 -1 -1 -1 -1 -1 -1 -1 -1 1 
207 43 Car -1.000000 -1 -1 408.80228567846274 171.95116243561142 444.71332893088373 205.45882895601946 -1 -1 -1 -1 -1 -1 -1 -1 1 
207 44 Car -1.000000 -1 -1 638.2614376988741 182.41051455275186 662.2840285767577 198.51175796529645 -1 -1 -1 -1 -1 -1 -1 -1 1 
208 43 Car -1.000000 -1 -1 406.3306509294156 168.580986974732 446.48055861244205 204.44105461502485 -1 -1 -1 -1 -1 -1 -1 -1 1 
208 44 Car -1.000000 -1 -1 638.0560353587463 182.1570559193982 661.8040375837442 197.98445864048148 -1 -1 -1 -1 -1 -1 -1 -1 1 
209 43 Car -1.000000 -1 -1 405.4818889630019 168.59780587547735 446.71537695020106 204.37141308800983 -1 -1 -1 -1 -1 -1 -1 -1 1 
209 44 Car -1.000000 -1 -1 638.6524623819232 181.8003421246896 662.6077949304602 197.71150492826817 -1 -1 -1 -1 -1 -1 -1 -1 1 
210 43 Car -1.000000 -1 -1 404.8642911916549 170.68876896814288 446.19052014027517 206.6251266948942 -1 -1 -1 -1 -1 -1 -1 -1 1 
210 44 Car -1.000000 -1 -1 639.8953620589964 181.46993456056975 663.8069080851943 197.47399903542924 -1 -1 -1 -1 -1 -1 -1 -1 1 
211 43 Car -1.000000 -1 -1 405.977429460936 170.63261841940297 447.88363975741845 207.40973058730202 -1 -1 -1 -1 -1 -1 -1 -1 1 
211 44 Car -1.000000 -1 -1 642.5853300992677 181.42855164529976 666.0333940275243 197.36885009775602 -1 -1 -1 -1 -1 -1 -1 -1 1 
212 43 Car -1.000000 -1 -1 411.5682085998983 169.92885928657213 454.21083612299583 207.92138889499049 -1 -1 -1 -1 -1 -1 -1 -1 1 
212 44 Car -1.000000 -1 -1 645.4335162965065 181.3684071274536 668.7256205871121 197.33200809912617 -1 -1 -1 -1 -1 -1 -1 -1 1 
213 43 Car -1.000000 -1 -1 415.8084225329745 169.746291460171 458.4680939155644 208.63427607526626 -1 -1 -1 -1 -1 -1 -1 -1 1 
213 44 Car -1.000000 -1 -1 651.314860275397 181.645469612848 673.4213472311761 196.9005378482924 -1 -1 -1 -1 -1 -1 -1 -1 1 
214 43 Car -1.000000 -1 -1 420.8481133336478 170.62980538941446 465.52899656340054 210.8890202312799 -1 -1 -1 -1 -1 -1 -1 -1 1 
214 44 Car -1.000000 -1 -1 652.8760449321544 181.4889840599259 674.7023981528682 196.5507411746711 -1 -1 -1 -1 -1 -1 -1 -1 1 
215 43 Car -1.000000 -1 -1 427.9328695273389 171.6066071138061 472.31115294676096 210.86907467599679 -1 -1 -1 -1 -1 -1 -1 -1 1 
216 43 Car -1.000000 -1 -1 440.15302813950905 169.86590956815488 487.2576014984955 211.43152865474642 -1 -1 -1 -1 -1 -1 -1 -1 1 
217 43 Car -1.000000 -1 -1 450.2415469777077 169.56696233576898 496.8499006890815 210.28641775775927 -1 -1 -1 -1 -1 -1 -1 -1 1 
218 43 Car -1.000000 -1 -1 466.41734535780535 168.66446083710994 514.158235537343 210.77899109926872 -1 -1 -1 -1 -1 -1 -1 -1 1 
219 43 Car -1.000000 -1 -1 482.07804401386477 167.49181943621053 530.6928031404682 210.41896270299802 -1 -1 -1 -1 -1 -1 -1 -1 1 
220 43 Car -1.000000 -1 -1 503.6978336797799 165.42823073743838 551.5962628877543 206.79588609632322 -1 -1 -1 -1 -1 -1 -1 -1 1 
221 43 Car -1.000000 -1 -1 520.4561052020231 164.79837950365507 569.5331175358212 207.000881851027 -1 -1 -1 -1 -1 -1 -1 -1 1 
222 43 Car -1.000000 -1 -1 542.6246683012555 163.74848054566496 591.7306621473745 206.80946512950885 -1 -1 -1 -1 -1 -1 -1 -1 1 
223 43 Car -1.000000 -1 -1 566.0968200072886 162.29342610069375 617.5456258249172 206.73000751353047 -1 -1 -1 -1 -1 -1 -1 -1 1 
224 43 Car -1.000000 -1 -1 588.895302955341 159.45768266789918 643.5002341394232 207.13319177638414 -1 -1 -1 -1 -1 -1 -1 -1 1 
225 43 Car -1.000000 -1 -1 613.0486588726739 158.24906654353762 670.360358943295 207.8494166143529 -1 -1 -1 -1 -1 -1 -1 -1 1 
226 43 Car -1.000000 -1 -1 641.8941851318032 158.6592519032475 703.2138300674733 209.45167910377 -1 -1 -1 -1 -1 -1 -1 -1 1 
227 43 Car -1.000000 -1 -1 666.0251322698679 158.8826245773451 730.7970822400456 210.2408956593389 -1 -1 -1 -1 -1 -1 -1 -1 1 
228 43 Car -1.000000 -1 -1 697.2884371045088 159.206543175846 763.2373845722834 211.70588630700718 -1 -1 -1 -1 -1 -1 -1 -1 1 
229 43 Car -1.000000 -1 -1 725.3656265763118 157.4214602549962 793.5702808686812 211.69796127470656 -1 -1 -1 -1 -1 -1 -1 -1 1 
230 43 Car -1.000000 -1 -1 757.7885884384558 153.73821841486236 831.7607867244791 211.95116647518114 -1 -1 -1 -1 -1 -1 -1 -1 1 
231 43 Car -1.000000 -1 -1 792.8830293080937 150.82241288222693 870.9104519958885 212.36578281884863 -1 -1 -1 -1 -1 -1 -1 -1 1 
232 43 Car -1.000000 -1 -1 827.3645264858011 147.15225257828172 912.8755214734705 211.42360763338098 -1 -1 -1 -1 -1 -1 -1 -1 1 
233 43 Car -1.000000 -1 -1 868.8187505800475 144.95068059684476 955.8566099131111 212.4883358779576 -1 -1 -1 -1 -1 -1 -1 -1 1 
234 43 Car -1.000000 -1 -1 913.6229683509416 142.8996342242707 1004.8637974876027 213.45999902841035 -1 -1 -1 -1 -1 -1 -1 -1 1 
235 43 Car -1.000000 -1 -1 958.2266810984856 140.21292476313658 1055.959861118811 215.78127583764456 -1 -1 -1 -1 -1 -1 -1 -1 1 
236 43 Car -1.000000 -1 -1 1006.6633681850944 136.1557103087376 1113.9420112006692 218.81134645531975 -1 -1 -1 -1 -1 -1 -1 -1 1 
237 43 Car -1.000000 -1 -1 1060.9866730945 133.42973719068527 1179.7626605781463 220.9466246892004 -1 -1 -1 -1 -1 -1 -1 -1 1 
238 43 Car -1.000000 -1 -1 1118.4361372887352 128.97731585580993 1243.8214145082886 224.84973114876993 -1 -1 -1 -1 -1 -1 -1 -1 1 
239 43 Car -1.000000 -1 -1 1162.0519403774026 126.08432582329178 1273.245555839621 230.27928079459255 -1 -1 -1 -1 -1 -1 -1 -1 1 
244 43 Car -1.000000 -1 -1 1194.986058359034 123.97087891946755 1309.8766378619812 231.63051059159454 -1 -1 -1 -1 -1 -1 -1 -1 1 
246 57 Car -1.000000 -1 -1 58.733423931130645 158.2151503854377 194.974521823935 211.51856185115884 -1 -1 -1 -1 -1 -1 -1 -1 1 
247 57 Car -1.000000 -1 -1 86.02314589008833 158.64918065097234 217.4864020809301 211.2304003356861 -1 -1 -1 -1 -1 -1 -1 -1 1 
248 57 Car -1.000000 -1 -1 110.15732029106604 159.91441881627694 241.43090692408677 211.91468507003657 -1 -1 -1 -1 -1 -1 -1 -1 1 
249 57 Car -1.000000 -1 -1 131.5158470970357 162.69007509568198 269.62061808605904 218.4444880573363 -1 -1 -1 -1 -1 -1 -1 -1 1 
250 57 Car -1.000000 -1 -1 143.85335627416544 162.31576631109579 277.101686275877 217.73562535029498 -1 -1 -1 -1 -1 -1 -1 -1 1 
251 57 Car -1.000000 -1 -1 148.28911382440398 159.52086864157846 275.6605772996104 214.08407297218412 -1 -1 -1 -1 -1 -1 -1 -1 1 
256 57 Car -1.000000 -1 -1 185.39007342835697 152.7836583122809 331.8516241940314 211.48234692462177 -1 -1 -1 -1 -1 -1 -1 -1 1 
257 57 Car -1.000000 -1 -1 180.7657844827137 152.76569536110577 330.8468160643531 212.45837361114124 -1 -1 -1 -1 -1 -1 -1 -1 1 
258 57 Car -1.000000 -1 -1 159.4543970067739 152.2856316349147 333.2869938317365 215.36202954878627 -1 -1 -1 -1 -1 -1 -1 -1 1 
259 57 Car -1.000000 -1 -1 143.81399553953537 151.04036519745813 323.6455888509869 214.84329377191182 -1 -1 -1 -1 -1 -1 -1 -1 1 
260 57 Car -1.000000 -1 -1 130.13836423449345 148.04352764404044 315.541740309127 214.05775508627238 -1 -1 -1 -1 -1 -1 -1 -1 1 
261 57 Car -1.000000 -1 -1 114.81691233839034 145.55603521960052 305.2489998188804 213.5351222517168 -1 -1 -1 -1 -1 -1 -1 -1 1 
262 57 Car -1.000000 -1 -1 99.29541553585078 144.37971419681418 301.296275463302 215.53358338817077 -1 -1 -1 -1 -1 -1 -1 -1 1 
263 57 Car -1.000000 -1 -1 73.72252514711347 145.8474682478962 284.6677570648147 221.21254796557776 -1 -1 -1 -1 -1 -1 -1 -1 1 
264 57 Car -1.000000 -1 -1 56.9800681263261 144.25964517903992 274.1783259108878 223.6336479510417 -1 -1 -1 -1 -1 -1 -1 -1 1 
264 58 Car -1.000000 -1 -1 501.89025131209974 177.0779770837374 516.3112102202724 189.42799855905957 -1 -1 -1 -1 -1 -1 -1 -1 1 
265 57 Car -1.000000 -1 -1 32.93511518789475 143.7418737436992 253.85537510987663 221.8195723829078 -1 -1 -1 -1 -1 -1 -1 -1 1 
265 58 Car -1.000000 -1 -1 500.2635056204153 177.08599443636598 514.7541070132216 189.49565736583548 -1 -1 -1 -1 -1 -1 -1 -1 1 
266 57 Car -1.000000 -1 -1 0.856858946919516 138.3103643235313 224.2684166732348 224.7533120231199 -1 -1 -1 -1 -1 -1 -1 -1 1 
267 57 Car -1.000000 -1 -1 6.686998435267952 126.75555921893744 238.96745602288692 214.83770330329725 -1 -1 -1 -1 -1 -1 -1 -1 1 
268 57 Car -1.000000 -1 -1 -0.10778961713835145 122.58257762776324 236.5628030154566 209.12257174761277 -1 -1 -1 -1 -1 -1 -1 -1 1 
269 57 Car -1.000000 -1 -1 2.652735389607514 126.1131160603312 229.52366631240182 210.63199916097602 -1 -1 -1 -1 -1 -1 -1 -1 1 
