2 1 Car -1.000000 -1 -1 600.3750002147025 177.4855903967495 671.6879180664546 237.57143591492007 -1 -1 -1 -1 -1 -1 -1 -1 1 
2 2 Car -1.000000 -1 -1 402.6502751780257 181.48448292069992 449.0741650178722 211.40079376966355 -1 -1 -1 -1 -1 -1 -1 -1 1 
2 3 Car -1.000000 -1 -1 324.52926019165824 180.8283098108339 376.91679804244205 213.3367228572503 -1 -1 -1 -1 -1 -1 -1 -1 1 
3 1 Car -1.000000 -1 -1 597.612867763309 179.026840721603 669.2858294458005 240.13194644649167 -1 -1 -1 -1 -1 -1 -1 -1 1 
3 2 Car -1.000000 -1 -1 392.8436310234503 182.28934632397053 442.82711665488495 215.88151485992375 -1 -1 -1 -1 -1 -1 -1 -1 1 
3 3 Car -1.000000 -1 -1 313.6543826369663 183.0878426346153 370.5067529516572 215.2842007610926 -1 -1 -1 -1 -1 -1 -1 -1 1 
4 1 Car -1.000000 -1 -1 594.1363766624661 181.11064044767116 667.6715019096117 239.84085231429083 -1 -1 -1 -1 -1 -1 -1 -1 1 
4 2 Car -1.000000 -1 -1 377.2986138743291 183.06179314648156 435.0486058160868 218.15017348316934 -1 -1 -1 -1 -1 -1 -1 -1 1 
4 3 Car -1.000000 -1 -1 294.6633695308956 182.79218653840405 356.273515523159 218.21816784201567 -1 -1 -1 -1 -1 -1 -1 -1 1 
5 1 Car -1.000000 -1 -1 589.704727579811 181.56335003453015 666.4435703955362 239.03798202976873 -1 -1 -1 -1 -1 -1 -1 -1 1 
5 2 Car -1.000000 -1 -1 357.28469035935507 184.5135644812936 426.9626483954 223.65884832301367 -1 -1 -1 -1 -1 -1 -1 -1 1 
5 3 Car -1.000000 -1 -1 275.88767527376234 184.36948128760574 343.1234964316194 222.59396434660005 -1 -1 -1 -1 -1 -1 -1 -1 1 
6 1 Car -1.000000 -1 -1 589.4783518478889 181.3980322990568 661.500259355634 238.72742662177953 -1 -1 -1 -1 -1 -1 -1 -1 1 
6 2 Car -1.000000 -1 -1 331.2481779472314 185.70880308641952 408.89068427525694 228.16983551108896 -1 -1 -1 -1 -1 -1 -1 -1 1 
6 3 Car -1.000000 -1 -1 255.2295861033423 185.0638857485389 329.9066678392565 225.39686303540932 -1 -1 -1 -1 -1 -1 -1 -1 1 
7 1 Car -1.000000 -1 -1 587.2669648941318 181.89749170546958 661.0977788337887 239.99511494916317 -1 -1 -1 -1 -1 -1 -1 -1 1 
7 2 Car -1.000000 -1 -1 299.6697702823779 188.98229294465384 394.3264704509569 236.54112384411619 -1 -1 -1 -1 -1 -1 -1 -1 1 
7 3 Car -1.000000 -1 -1 224.65224411996198 187.13956786915426 309.9065330226175 230.25267949248394 -1 -1 -1 -1 -1 -1 -1 -1 1 
8 1 Car -1.000000 -1 -1 580.0386454508642 182.64097084929188 653.1414095052121 240.25034677285774 -1 -1 -1 -1 -1 -1 -1 -1 1 
8 2 Car -1.000000 -1 -1 249.49021114400702 190.98537916285773 375.097833995647 247.86931088200134 -1 -1 -1 -1 -1 -1 -1 -1 1 
8 3 Car -1.000000 -1 -1 190.92653809107574 187.017320617229 280.2554546486228 237.37892695485476 -1 -1 -1 -1 -1 -1 -1 -1 1 
9 1 Car -1.000000 -1 -1 578.6678578097989 182.28922619323777 649.7242373402817 239.51559824759983 -1 -1 -1 -1 -1 -1 -1 -1 1 
9 2 Car -1.000000 -1 -1 191.87373669247185 189.62311313592 337.4635918786827 259.44493733797657 -1 -1 -1 -1 -1 -1 -1 -1 1 
9 3 Car -1.000000 -1 -1 151.76406452560005 188.09870375012963 253.95549028249266 241.72314758313718 -1 -1 -1 -1 -1 -1 -1 -1 1 
10 1 Car -1.000000 -1 -1 577.5172356690526 181.87870606240617 647.0054690004714 239.65696593095163 -1 -1 -1 -1 -1 -1 -1 -1 1 
10 2 Car -1.000000 -1 -1 111.11894443234269 192.82649364413328 292.987970377465 275.1732037488094 -1 -1 -1 -1 -1 -1 -1 -1 1 
10 3 Car -1.000000 -1 -1 89.39337917275954 186.08417840514156 215.87204981033148 253.21187554683166 -1 -1 -1 -1 -1 -1 -1 -1 1 
11 1 Car -1.000000 -1 -1 575.1411454994075 180.9923846430264 643.2836092246728 238.81569272982694 -1 -1 -1 -1 -1 -1 -1 -1 1 
11 2 Car -1.000000 -1 -1 0.20722432836636528 190.26176074239604 228.57926746895544 299.81254533705226 -1 -1 -1 -1 -1 -1 -1 -1 1 
11 3 Car -1.000000 -1 -1 66.71463879170483 186.58347229495953 199.92137134406687 257.2820037643427 -1 -1 -1 -1 -1 -1 -1 -1 1 
12 1 Car -1.000000 -1 -1 573.2370332231715 180.64015950586366 642.1325158363805 238.1516108765343 -1 -1 -1 -1 -1 -1 -1 -1 1 
12 2 Car -1.000000 -1 -1 -14.775105665913074 195.1534686536471 138.1998244734554 338.58300777365025 -1 -1 -1 -1 -1 -1 -1 -1 1 
13 1 Car -1.000000 -1 -1 570.2421990466879 181.7136771481978 639.3346075875706 237.70869323809717 -1 -1 -1 -1 -1 -1 -1 -1 1 
13 2 Car -1.000000 -1 -1 -41.098146560608555 196.32317456528165 118.87357444820127 346.31420385490253 -1 -1 -1 -1 -1 -1 -1 -1 1 
14 1 Car -1.000000 -1 -1 568.5302209590325 182.99360827746636 636.005983025289 235.7705526144272 -1 -1 -1 -1 -1 -1 -1 -1 1 
15 1 Car -1.000000 -1 -1 567.51244535746 181.20285246234872 633.4983701785318 234.4429307286168 -1 -1 -1 -1 -1 -1 -1 -1 1 
16 1 Car -1.000000 -1 -1 564.5115399520005 178.8165163336641 631.137001825565 232.98875833377977 -1 -1 -1 -1 -1 -1 -1 -1 1 
17 1 Car -1.000000 -1 -1 562.5090918888818 178.04689791016733 627.7581026374805 233.04596144468493 -1 -1 -1 -1 -1 -1 -1 -1 1 
18 1 Car -1.000000 -1 -1 562.3745758627942 178.8605071464676 624.8564899493512 233.14836356499546 -1 -1 -1 -1 -1 -1 -1 -1 1 
19 1 Car -1.000000 -1 -1 561.9088983390697 179.09830457561972 623.8944324126035 233.21493750584463 -1 -1 -1 -1 -1 -1 -1 -1 1 
20 1 Car -1.000000 -1 -1 561.289285896037 181.3611415835908 623.5214699951761 233.42868427485112 -1 -1 -1 -1 -1 -1 -1 -1 1 
21 1 Car -1.000000 -1 -1 560.9837066132839 181.23822221828814 622.8482380308923 234.28905054369557 -1 -1 -1 -1 -1 -1 -1 -1 1 
22 1 Car -1.000000 -1 -1 560.8088046081826 181.39875649322968 622.4701682915895 234.29206689656806 -1 -1 -1 -1 -1 -1 -1 -1 1 
23 1 Car -1.000000 -1 -1 561.485081585045 180.63239697397088 623.9998179452593 234.40050925109367 -1 -1 -1 -1 -1 -1 -1 -1 1 
24 1 Car -1.000000 -1 -1 561.4573561326234 179.542404270799 624.226712689659 234.06821333450335 -1 -1 -1 -1 -1 -1 -1 -1 1 
25 1 Car -1.000000 -1 -1 562.7801017280323 178.26680000449915 623.324903371908 232.60445191770592 -1 -1 -1 -1 -1 -1 -1 -1 1 
26 1 Car -1.000000 -1 -1 562.2936548298969 177.19575380911476 622.8033584257053 232.4316767902545 -1 -1 -1 -1 -1 -1 -1 -1 1 
27 1 Car -1.000000 -1 -1 560.9987682760747 176.20342883306535 620.6213552074216 231.5403046277416 -1 -1 -1 -1 -1 -1 -1 -1 1 
28 1 Car -1.000000 -1 -1 562.2185668370702 175.09521484168866 622.8178025881497 231.31372458187576 -1 -1 -1 -1 -1 -1 -1 -1 1 
29 1 Car -1.000000 -1 -1 564.3457414516098 173.3926955314374 624.0554025761878 227.5128374361694 -1 -1 -1 -1 -1 -1 -1 -1 1 
30 1 Car -1.000000 -1 -1 561.8668122170751 171.51019949454667 624.3948607819619 228.55381166896458 -1 -1 -1 -1 -1 -1 -1 -1 1 
31 1 Car -1.000000 -1 -1 567.0506244258719 174.0967627826766 625.7065511643543 226.7643347642116 -1 -1 -1 -1 -1 -1 -1 -1 1 
32 1 Car -1.000000 -1 -1 566.08159089255 177.2387506572061 626.6863643560935 230.44278421639504 -1 -1 -1 -1 -1 -1 -1 -1 1 
33 1 Car -1.000000 -1 -1 567.9127354371537 178.1254161261663 628.3921118726046 231.1045615779257 -1 -1 -1 -1 -1 -1 -1 -1 1 
34 1 Car -1.000000 -1 -1 570.0434622342151 178.8045937568461 630.7007031291586 231.78232303604733 -1 -1 -1 -1 -1 -1 -1 -1 1 
35 1 Car -1.000000 -1 -1 571.3384563256772 176.3913801560205 634.7286211607714 232.42373037176597 -1 -1 -1 -1 -1 -1 -1 -1 1 
36 1 Car -1.000000 -1 -1 573.1573105136274 175.48469059982307 636.4483916101659 232.18664131827495 -1 -1 -1 -1 -1 -1 -1 -1 1 
37 1 Car -1.000000 -1 -1 575.2138902588264 176.46633733935988 635.5840552452078 230.45929697621546 -1 -1 -1 -1 -1 -1 -1 -1 1 
38 1 Car -1.000000 -1 -1 574.7391539459213 175.63156104390984 636.3624973924018 231.2762123151718 -1 -1 -1 -1 -1 -1 -1 -1 1 
39 1 Car -1.000000 -1 -1 575.5158079007251 175.95736807998802 635.8459649337814 231.44482438566877 -1 -1 -1 -1 -1 -1 -1 -1 1 
40 1 Car -1.000000 -1 -1 576.9666855690166 177.15653052536965 635.2426172207423 231.05615698832463 -1 -1 -1 -1 -1 -1 -1 -1 1 
41 1 Car -1.000000 -1 -1 576.4687917985046 175.7489896528816 636.8141757467857 232.14276144648528 -1 -1 -1 -1 -1 -1 -1 -1 1 
44 1 Car -1.000000 -1 -1 576.6989678300735 178.37666962994348 633.7062813874714 230.77003934989423 -1 -1 -1 -1 -1 -1 -1 -1 1 
45 1 Car -1.000000 -1 -1 576.4041292139664 180.16335437398368 633.7265169023686 231.49722997767697 -1 -1 -1 -1 -1 -1 -1 -1 1 
46 1 Car -1.000000 -1 -1 576.7205812042171 179.07768603304783 634.6593053867214 231.33008231760851 -1 -1 -1 -1 -1 -1 -1 -1 1 
47 1 Car -1.000000 -1 -1 574.7637067337657 179.40313606486248 633.1665733141432 231.20707958375368 -1 -1 -1 -1 -1 -1 -1 -1 1 
48 1 Car -1.000000 -1 -1 574.1895929928471 179.10166503422772 632.1415158014948 229.92770122830342 -1 -1 -1 -1 -1 -1 -1 -1 1 
49 1 Car -1.000000 -1 -1 574.2313471972676 177.2832249466706 634.5196687144388 231.39210455839668 -1 -1 -1 -1 -1 -1 -1 -1 1 
50 1 Car -1.000000 -1 -1 574.365812847742 182.33731652926622 630.3443520401701 231.2881936638403 -1 -1 -1 -1 -1 -1 -1 -1 1 
51 1 Car -1.000000 -1 -1 572.2372847484573 183.11002671684116 629.8063147275362 231.5363011975186 -1 -1 -1 -1 -1 -1 -1 -1 1 
52 1 Car -1.000000 -1 -1 571.3776132496672 180.7550334960296 629.889258242445 230.25212478632994 -1 -1 -1 -1 -1 -1 -1 -1 1 
53 1 Car -1.000000 -1 -1 571.3147856913425 181.25572538702494 629.6870124165174 228.91709460332754 -1 -1 -1 -1 -1 -1 -1 -1 1 
54 1 Car -1.000000 -1 -1 570.4675918528523 180.51328643777097 628.3759591853496 228.41136773825605 -1 -1 -1 -1 -1 -1 -1 -1 1 
55 1 Car -1.000000 -1 -1 567.4868447453364 174.14469681172798 629.4264810074886 226.43076780461647 -1 -1 -1 -1 -1 -1 -1 -1 1 
56 1 Car -1.000000 -1 -1 567.3626779917474 174.11670746602383 627.6688081357823 225.48699497445057 -1 -1 -1 -1 -1 -1 -1 -1 1 
57 1 Car -1.000000 -1 -1 566.1572280347212 173.95556995583723 625.7407524337893 225.17955602076506 -1 -1 -1 -1 -1 -1 -1 -1 1 
58 1 Car -1.000000 -1 -1 565.3123252162344 177.93893046589955 624.3072973517787 228.82713357969453 -1 -1 -1 -1 -1 -1 -1 -1 1 
59 1 Car -1.000000 -1 -1 564.6160632498489 180.45551958340252 621.709319841261 230.34216189731757 -1 -1 -1 -1 -1 -1 -1 -1 1 
60 1 Car -1.000000 -1 -1 564.4376006845121 184.29914276927786 620.1819605977882 233.91327953160234 -1 -1 -1 -1 -1 -1 -1 -1 1 
61 1 Car -1.000000 -1 -1 562.9478714625603 181.7525176658266 618.4748558472659 231.43994059718796 -1 -1 -1 -1 -1 -1 -1 -1 1 
62 1 Car -1.000000 -1 -1 562.0960244073993 174.80328569627164 616.9594481099269 224.35409757334747 -1 -1 -1 -1 -1 -1 -1 -1 1 
63 1 Car -1.000000 -1 -1 563.5344203782814 170.75386090685583 617.9050860927842 219.52241107899084 -1 -1 -1 -1 -1 -1 -1 -1 1 
64 1 Car -1.000000 -1 -1 562.6260701308182 172.71656236348258 618.1832069713392 221.4057745368387 -1 -1 -1 -1 -1 -1 -1 -1 1 
65 1 Car -1.000000 -1 -1 562.8530713692005 176.2499745353914 617.9755369364303 224.23854847115015 -1 -1 -1 -1 -1 -1 -1 -1 1 
66 1 Car -1.000000 -1 -1 562.8959459466232 180.28106326122224 618.4353660110415 228.61836442070532 -1 -1 -1 -1 -1 -1 -1 -1 1 
66 8 Car -1.000000 -1 -1 1092.8998703227676 170.64197077335422 1171.1879569129349 199.0256394345173 -1 -1 -1 -1 -1 -1 -1 -1 1 
67 1 Car -1.000000 -1 -1 563.0691981732055 180.5112747141351 618.1762366133725 228.9150537017695 -1 -1 -1 -1 -1 -1 -1 -1 1 
67 8 Car -1.000000 -1 -1 1116.332363791985 169.7013902045396 1205.6710548546819 200.45369697414625 -1 -1 -1 -1 -1 -1 -1 -1 1 
67 10 Car -1.000000 -1 -1 553.6137834425791 179.7823726350475 570.2979874859568 191.94861731851702 -1 -1 -1 -1 -1 -1 -1 -1 1 
68 1 Car -1.000000 -1 -1 561.9950325813561 176.248246980824 617.2060622751028 224.79930392008663 -1 -1 -1 -1 -1 -1 -1 -1 1 
68 8 Car -1.000000 -1 -1 1124.6979420407195 169.3155497127381 1214.8937387968663 200.34500318207677 -1 -1 -1 -1 -1 -1 -1 -1 1 
68 10 Car -1.000000 -1 -1 551.4007201491332 179.1636989521217 568.4777462102984 191.4239285853564 -1 -1 -1 -1 -1 -1 -1 -1 1 
69 1 Car -1.000000 -1 -1 562.8276862596604 175.33396731955628 617.2100005135276 223.8879535210273 -1 -1 -1 -1 -1 -1 -1 -1 1 
69 8 Car -1.000000 -1 -1 1142.9159120271165 168.3290377757154 1231.3885116967115 201.06222474338273 -1 -1 -1 -1 -1 -1 -1 -1 1 
69 10 Car -1.000000 -1 -1 549.1311767346069 176.7293301908683 570.3006151086578 191.8639057743153 -1 -1 -1 -1 -1 -1 -1 -1 1 
70 1 Car -1.000000 -1 -1 563.7587156045936 174.4071796778604 616.22706979112 221.53698014175595 -1 -1 -1 -1 -1 -1 -1 -1 1 
70 8 Car -1.000000 -1 -1 1158.0629947254292 168.06006880636247 1249.3361202689277 201.829396218427 -1 -1 -1 -1 -1 -1 -1 -1 1 
70 10 Car -1.000000 -1 -1 548.0958614218966 175.54298859559938 569.6885318115748 190.62771644674262 -1 -1 -1 -1 -1 -1 -1 -1 1 
70 12 Car -1.000000 -1 -1 494.5247271987112 176.78775527774314 523.04808859063 195.68342640520024 -1 -1 -1 -1 -1 -1 -1 -1 1 
71 1 Car -1.000000 -1 -1 562.8663555375515 173.16695669759815 617.0787823817011 222.26839085487097 -1 -1 -1 -1 -1 -1 -1 -1 1 
71 10 Car -1.000000 -1 -1 545.6624504648299 175.50862783588468 567.880414294239 190.83328899041248 -1 -1 -1 -1 -1 -1 -1 -1 1 
71 12 Car -1.000000 -1 -1 483.60337704503473 175.59153733074518 515.1423496157088 197.01497769618902 -1 -1 -1 -1 -1 -1 -1 -1 1 
72 1 Car -1.000000 -1 -1 562.9303305947269 173.8101576534827 616.8710820182345 223.5653877325112 -1 -1 -1 -1 -1 -1 -1 -1 1 
72 10 Car -1.000000 -1 -1 543.7211101039006 176.27178970040475 568.8297183871781 193.2585229845613 -1 -1 -1 -1 -1 -1 -1 -1 1 
72 12 Car -1.000000 -1 -1 478.86743451554196 180.20965251462 510.40682137025954 202.80076937715475 -1 -1 -1 -1 -1 -1 -1 -1 1 
73 1 Car -1.000000 -1 -1 563.4293897477504 174.465127176112 616.2891465740857 223.45133562438235 -1 -1 -1 -1 -1 -1 -1 -1 1 
73 10 Car -1.000000 -1 -1 540.1606743607634 176.76789097746567 567.9797950138694 194.96731351711782 -1 -1 -1 -1 -1 -1 -1 -1 1 
73 12 Car -1.000000 -1 -1 471.89590632652835 181.31556390878458 505.78002248765057 204.83749723803953 -1 -1 -1 -1 -1 -1 -1 -1 1 
74 1 Car -1.000000 -1 -1 563.3669069794623 173.28938670602895 616.3704360178177 222.79397163139149 -1 -1 -1 -1 -1 -1 -1 -1 1 
74 10 Car -1.000000 -1 -1 531.9969071351052 176.02198656601826 561.0628850138888 195.70891059862558 -1 -1 -1 -1 -1 -1 -1 -1 1 
74 12 Car -1.000000 -1 -1 466.4011875257462 184.0497335548109 501.9898255048269 208.23964300504167 -1 -1 -1 -1 -1 -1 -1 -1 1 
75 1 Car -1.000000 -1 -1 563.5792634413092 173.01211494555434 617.1990821021953 223.3422467146987 -1 -1 -1 -1 -1 -1 -1 -1 1 
75 10 Car -1.000000 -1 -1 529.0831302432803 178.09428931618774 557.7834756377093 200.1833557555005 -1 -1 -1 -1 -1 -1 -1 -1 1 
75 12 Car -1.000000 -1 -1 450.9764472608225 183.8498432243394 491.9983893548956 211.88256308140842 -1 -1 -1 -1 -1 -1 -1 -1 1 
76 1 Car -1.000000 -1 -1 563.7377763940813 172.56611723350727 617.5521380867505 223.62432698331526 -1 -1 -1 -1 -1 -1 -1 -1 1 
76 10 Car -1.000000 -1 -1 525.4275152611069 178.05825573043245 555.5494123940329 202.26301306087447 -1 -1 -1 -1 -1 -1 -1 -1 1 
76 12 Car -1.000000 -1 -1 438.361393341349 183.83742444987166 485.72257349667746 214.2584893543188 -1 -1 -1 -1 -1 -1 -1 -1 1 
77 1 Car -1.000000 -1 -1 564.3634516393432 173.4011317956982 615.6997644753402 222.57865265892985 -1 -1 -1 -1 -1 -1 -1 -1 1 
77 10 Car -1.000000 -1 -1 520.8325833067444 177.83802576568849 552.3337967134962 204.0212110492187 -1 -1 -1 -1 -1 -1 -1 -1 1 
77 12 Car -1.000000 -1 -1 419.8838864615039 182.92334608854526 474.5556787915276 218.5981543008368 -1 -1 -1 -1 -1 -1 -1 -1 1 
78 1 Car -1.000000 -1 -1 567.3305364786773 179.97185335740315 616.9372139232612 226.97334748709562 -1 -1 -1 -1 -1 -1 -1 -1 1 
78 10 Car -1.000000 -1 -1 514.3295383624035 181.98810443565014 551.293120969996 210.90953161567907 -1 -1 -1 -1 -1 -1 -1 -1 1 
78 12 Car -1.000000 -1 -1 403.93978575035914 189.4711040988168 466.03692085324184 228.18367339518628 -1 -1 -1 -1 -1 -1 -1 -1 1 
79 1 Car -1.000000 -1 -1 567.220690757491 183.51506605755253 617.7534740145542 231.71120791294757 -1 -1 -1 -1 -1 -1 -1 -1 1 
79 10 Car -1.000000 -1 -1 502.7046599244695 188.53745099547652 542.7547178949098 221.0548113504966 -1 -1 -1 -1 -1 -1 -1 -1 1 
79 12 Car -1.000000 -1 -1 378.6832693295266 197.52502478481804 447.97668060977145 239.25164942606804 -1 -1 -1 -1 -1 -1 -1 -1 1 
80 1 Car -1.000000 -1 -1 568.2047917505035 183.4932604626751 618.5444050940282 231.79871875502724 -1 -1 -1 -1 -1 -1 -1 -1 1 
80 10 Car -1.000000 -1 -1 494.4072563123674 189.17302633769273 537.2855076101647 223.68693437558386 -1 -1 -1 -1 -1 -1 -1 -1 1 
80 12 Car -1.000000 -1 -1 347.3272710912357 199.19340056132404 431.53041890360464 248.72751600967823 -1 -1 -1 -1 -1 -1 -1 -1 1 
81 1 Car -1.000000 -1 -1 569.2066396776693 183.4859958715027 618.5246231420258 230.08199753191982 -1 -1 -1 -1 -1 -1 -1 -1 1 
81 10 Car -1.000000 -1 -1 479.3615811472426 187.5665774734654 534.1763646730919 227.73804631267882 -1 -1 -1 -1 -1 -1 -1 -1 1 
81 12 Car -1.000000 -1 -1 302.06382969581387 198.43827050268908 404.55980018021626 257.262940579839 -1 -1 -1 -1 -1 -1 -1 -1 1 
82 1 Car -1.000000 -1 -1 568.7958762530162 183.43968039963875 618.7009040456843 230.1820037031754 -1 -1 -1 -1 -1 -1 -1 -1 1 
82 10 Car -1.000000 -1 -1 466.21287599562066 188.35199457290935 527.3076927497551 232.96245110073914 -1 -1 -1 -1 -1 -1 -1 -1 1 
82 12 Car -1.000000 -1 -1 243.3872896824121 200.16801737153537 367.18992457813295 270.29516186293483 -1 -1 -1 -1 -1 -1 -1 -1 1 
83 1 Car -1.000000 -1 -1 568.3048897961249 182.39047436503148 619.4808303832334 229.17224969677557 -1 -1 -1 -1 -1 -1 -1 -1 1 
83 10 Car -1.000000 -1 -1 444.62522117113514 187.99271798189625 518.6887090190503 237.90923334220014 -1 -1 -1 -1 -1 -1 -1 -1 1 
83 12 Car -1.000000 -1 -1 146.0091344754186 203.24153176521708 325.4559444117193 293.51339841358765 -1 -1 -1 -1 -1 -1 -1 -1 1 
84 1 Car -1.000000 -1 -1 569.5870837517976 181.18635491224612 619.3082629777954 226.3894772488509 -1 -1 -1 -1 -1 -1 -1 -1 1 
84 10 Car -1.000000 -1 -1 408.75303927424505 183.620155652015 501.5240023953429 246.3330339704305 -1 -1 -1 -1 -1 -1 -1 -1 1 
84 12 Car -1.000000 -1 -1 -0.3524068563913403 207.65952751986663 254.64070579659972 325.9581984043333 -1 -1 -1 -1 -1 -1 -1 -1 1 
85 1 Car -1.000000 -1 -1 567.4898590306283 176.76044365329136 619.8205330171799 223.2523317280417 -1 -1 -1 -1 -1 -1 -1 -1 1 
85 10 Car -1.000000 -1 -1 363.3916564347408 182.42782698927675 481.2768057506554 261.7658003942366 -1 -1 -1 -1 -1 -1 -1 -1 1 
85 12 Car -1.000000 -1 -1 -11.094560417331678 218.7486568358404 151.15300517582637 370.01903860740754 -1 -1 -1 -1 -1 -1 -1 -1 1 
86 1 Car -1.000000 -1 -1 567.2772613202359 176.78435881760177 619.7892469988634 222.86756067612697 -1 -1 -1 -1 -1 -1 -1 -1 1 
86 10 Car -1.000000 -1 -1 282.70550380216434 188.61640276914707 448.09108325649584 294.83581176312873 -1 -1 -1 -1 -1 -1 -1 -1 1 
86 12 Car -1.000000 -1 -1 -33.41329616456123 220.2363679905411 134.82495673617808 377.09349371881467 -1 -1 -1 -1 -1 -1 -1 -1 1 
87 1 Car -1.000000 -1 -1 567.7817908648224 180.25287126566238 620.0606460574079 226.6274712021503 -1 -1 -1 -1 -1 -1 -1 -1 1 
87 10 Car -1.000000 -1 -1 271.229596335397 188.892981440214 442.94575011545317 299.1779613382929 -1 -1 -1 -1 -1 -1 -1 -1 1 
88 1 Car -1.000000 -1 -1 568.1014733224764 177.65819754897842 620.0027318963 223.57027830190415 -1 -1 -1 -1 -1 -1 -1 -1 1 
89 1 Car -1.000000 -1 -1 568.6502572656008 177.62714828130228 619.6302039611624 222.7493394874826 -1 -1 -1 -1 -1 -1 -1 -1 1 
90 1 Car -1.000000 -1 -1 568.041875811304 177.83403607347444 618.7726635845125 222.71229628341894 -1 -1 -1 -1 -1 -1 -1 -1 1 
91 1 Car -1.000000 -1 -1 567.1784297584264 176.30535421291407 620.0666327695266 223.3954705094947 -1 -1 -1 -1 -1 -1 -1 -1 1 
92 1 Car -1.000000 -1 -1 566.5719642811322 175.26821499439498 619.6835237207423 222.6712901297302 -1 -1 -1 -1 -1 -1 -1 -1 1 
93 1 Car -1.000000 -1 -1 566.8678051260554 175.3125038297789 619.5998077292465 222.4679460986517 -1 -1 -1 -1 -1 -1 -1 -1 1 
94 1 Car -1.000000 -1 -1 567.0551312794454 176.12237269596312 619.1410936574963 223.10283589324342 -1 -1 -1 -1 -1 -1 -1 -1 1 
95 1 Car -1.000000 -1 -1 566.7146978817613 176.93715602184096 619.3731927730463 223.37779428468536 -1 -1 -1 -1 -1 -1 -1 -1 1 
96 1 Car -1.000000 -1 -1 565.37444189467 177.22045995141406 617.8692924488709 223.54393280913138 -1 -1 -1 -1 -1 -1 -1 -1 1 
96 18 Car -1.000000 -1 -1 802.0541341116855 165.64763924305217 852.5693435310776 187.0748358311733 -1 -1 -1 -1 -1 -1 -1 -1 1 
97 1 Car -1.000000 -1 -1 564.7727163892923 177.0243496431765 617.2736216448305 223.38992103177245 -1 -1 -1 -1 -1 -1 -1 -1 1 
97 18 Car -1.000000 -1 -1 803.316423590531 165.58513666711767 854.313583729745 187.21676358788682 -1 -1 -1 -1 -1 -1 -1 -1 1 
98 1 Car -1.000000 -1 -1 563.9812566463206 175.78848864225952 617.2812369875135 222.92900246188793 -1 -1 -1 -1 -1 -1 -1 -1 1 
99 1 Car -1.000000 -1 -1 562.8465781999797 174.9025056667817 616.3513745880831 222.4810129491504 -1 -1 -1 -1 -1 -1 -1 -1 1 
100 1 Car -1.000000 -1 -1 561.5776425072509 175.75926391019814 613.4190465637411 222.19258702479544 -1 -1 -1 -1 -1 -1 -1 -1 1 
101 1 Car -1.000000 -1 -1 562.8441709935405 176.56418588300323 615.5351508365951 223.66686212910392 -1 -1 -1 -1 -1 -1 -1 -1 1 
102 1 Car -1.000000 -1 -1 562.2020066507222 180.31018760222906 615.2738981350674 227.92897663094715 -1 -1 -1 -1 -1 -1 -1 -1 1 
103 1 Car -1.000000 -1 -1 563.2167701105878 178.33302848927977 614.4704467778821 224.0570848346442 -1 -1 -1 -1 -1 -1 -1 -1 1 
104 1 Car -1.000000 -1 -1 562.8333481774893 176.97170258217236 615.1937483894884 223.61693416370127 -1 -1 -1 -1 -1 -1 -1 -1 1 
105 1 Car -1.000000 -1 -1 562.4056574433067 176.20810826088814 615.3170394312084 223.58733638848688 -1 -1 -1 -1 -1 -1 -1 -1 1 
105 23 Car -1.000000 -1 -1 849.3137621224837 167.9407856801517 879.8176393560253 185.36510771654426 -1 -1 -1 -1 -1 -1 -1 -1 1 
106 1 Car -1.000000 -1 -1 562.4977158773285 175.77574594723052 615.9203120010457 224.01303268141368 -1 -1 -1 -1 -1 -1 -1 -1 1 
106 23 Car -1.000000 -1 -1 857.8286292787324 168.16189818573477 888.9678586593593 184.85010293400217 -1 -1 -1 -1 -1 -1 -1 -1 1 
106 24 Car -1.000000 -1 -1 549.0418223414382 177.4525161462871 565.9998593862485 190.29824753815964 -1 -1 -1 -1 -1 -1 -1 -1 1 
107 1 Car -1.000000 -1 -1 562.8875621446549 176.30455073122917 615.2459719018999 224.0578613801847 -1 -1 -1 -1 -1 -1 -1 -1 1 
107 23 Car -1.000000 -1 -1 864.6254084166324 167.5522179494494 896.4665813471167 184.6166077639814 -1 -1 -1 -1 -1 -1 -1 -1 1 
107 24 Car -1.000000 -1 -1 549.0253157194288 178.149063044544 565.1844248896747 189.85321866852271 -1 -1 -1 -1 -1 -1 -1 -1 1 
107 25 Car -1.000000 -1 -1 524.8267613966294 180.49306389417316 545.3068529340892 197.42979502920167 -1 -1 -1 -1 -1 -1 -1 -1 1 
108 1 Car -1.000000 -1 -1 562.9514941896497 177.00730317888105 614.8995617390659 223.74998231426042 -1 -1 -1 -1 -1 -1 -1 -1 1 
108 24 Car -1.000000 -1 -1 548.2677892849358 179.2414994868142 564.7581177382573 190.2049870502304 -1 -1 -1 -1 -1 -1 -1 -1 1 
108 25 Car -1.000000 -1 -1 521.5375209743752 180.8577148815637 543.2575938515492 198.57657408308643 -1 -1 -1 -1 -1 -1 -1 -1 1 
109 1 Car -1.000000 -1 -1 562.7437594960555 176.75246846825146 615.4731033954422 223.98574841299526 -1 -1 -1 -1 -1 -1 -1 -1 1 
109 24 Car -1.000000 -1 -1 546.3261176607346 178.25388349511567 564.7276456612432 189.80427735277235 -1 -1 -1 -1 -1 -1 -1 -1 1 
109 25 Car -1.000000 -1 -1 516.8431341415145 179.01640515414866 541.6849283672656 199.26107466009105 -1 -1 -1 -1 -1 -1 -1 -1 1 
110 1 Car -1.000000 -1 -1 562.9530629325493 176.67952120377677 616.4521668223813 223.98029192180397 -1 -1 -1 -1 -1 -1 -1 -1 1 
110 24 Car -1.000000 -1 -1 543.7912577530692 177.69475771472437 563.7160525863733 189.9369907252961 -1 -1 -1 -1 -1 -1 -1 -1 1 
110 25 Car -1.000000 -1 -1 508.8872280772494 178.44016225891215 535.4293656640224 200.20646346653768 -1 -1 -1 -1 -1 -1 -1 -1 1 
110 27 Car -1.000000 -1 -1 894.1781933522659 167.91174891604032 937.3500837620376 186.03604455963998 -1 -1 -1 -1 -1 -1 -1 -1 1 
111 1 Car -1.000000 -1 -1 563.0067512361203 175.6010517904955 617.7927467822964 224.63668882838368 -1 -1 -1 -1 -1 -1 -1 -1 1 
111 24 Car -1.000000 -1 -1 535.4255102037675 177.3467945804944 558.0633338182846 191.40526296508244 -1 -1 -1 -1 -1 -1 -1 -1 1 
111 25 Car -1.000000 -1 -1 504.7870437950559 178.80278042709725 533.2090902596389 201.14773178687224 -1 -1 -1 -1 -1 -1 -1 -1 1 
111 27 Car -1.000000 -1 -1 904.8463123540638 167.21917443042432 947.9786145512677 184.89518720045734 -1 -1 -1 -1 -1 -1 -1 -1 1 
112 1 Car -1.000000 -1 -1 563.6851813541538 176.58362102044728 616.6986460011743 224.34396568523422 -1 -1 -1 -1 -1 -1 -1 -1 1 
112 24 Car -1.000000 -1 -1 541.9373909661085 178.4118168495316 562.8275816780553 191.29345312396427 -1 -1 -1 -1 -1 -1 -1 -1 1 
112 25 Car -1.000000 -1 -1 500.21883479297446 180.08337199120993 530.5372845677767 203.62637814899182 -1 -1 -1 -1 -1 -1 -1 -1 1 
112 27 Car -1.000000 -1 -1 916.2730846133953 167.10379422952815 965.7916248088115 186.06159402690142 -1 -1 -1 -1 -1 -1 -1 -1 1 
112 28 Car -1.000000 -1 -1 963.6613248761497 151.7873024963356 1061.7292337413421 191.6388720748335 -1 -1 -1 -1 -1 -1 -1 -1 1 
113 1 Car -1.000000 -1 -1 563.9548372957747 179.8058280720408 617.7579964170806 228.60130021062844 -1 -1 -1 -1 -1 -1 -1 -1 1 
113 24 Car -1.000000 -1 -1 533.968809203343 178.64607927358549 556.988198483871 192.76777439590495 -1 -1 -1 -1 -1 -1 -1 -1 1 
113 25 Car -1.000000 -1 -1 494.9067117203227 180.16409866114842 527.5472360894952 206.51168798854096 -1 -1 -1 -1 -1 -1 -1 -1 1 
113 27 Car -1.000000 -1 -1 932.0304603309398 168.2094863482342 988.6379208555923 189.16282796176947 -1 -1 -1 -1 -1 -1 -1 -1 1 
113 28 Car -1.000000 -1 -1 980.0152021200229 155.91923664315817 1084.717317238139 195.84691078337576 -1 -1 -1 -1 -1 -1 -1 -1 1 
114 1 Car -1.000000 -1 -1 564.5133372714944 180.56028566357384 618.4253511095312 228.31593699256706 -1 -1 -1 -1 -1 -1 -1 -1 1 
114 24 Car -1.000000 -1 -1 531.9788582236789 178.70239704740084 555.424944717207 193.0858501789635 -1 -1 -1 -1 -1 -1 -1 -1 1 
114 25 Car -1.000000 -1 -1 488.6637478680568 181.92747949252822 522.6480128503414 209.6857484536376 -1 -1 -1 -1 -1 -1 -1 -1 1 
114 27 Car -1.000000 -1 -1 943.9015639081229 171.21351390403322 1002.2554403040823 191.75494484157156 -1 -1 -1 -1 -1 -1 -1 -1 1 
114 28 Car -1.000000 -1 -1 1001.2862402266345 154.46295137256416 1115.8082579595582 199.40100559700537 -1 -1 -1 -1 -1 -1 -1 -1 1 
115 1 Car -1.000000 -1 -1 564.9552798842465 175.78304672543806 618.7875684305102 224.29439054118566 -1 -1 -1 -1 -1 -1 -1 -1 1 
115 25 Car -1.000000 -1 -1 476.97955326996833 178.96861891105544 514.1470762757092 207.93538059983922 -1 -1 -1 -1 -1 -1 -1 -1 1 
115 27 Car -1.000000 -1 -1 959.8962741725287 168.07096659570496 1022.8353902877077 189.8135980201651 -1 -1 -1 -1 -1 -1 -1 -1 1 
115 28 Car -1.000000 -1 -1 1016.3723580489312 151.42301296163393 1143.0064876791257 200.93141892937828 -1 -1 -1 -1 -1 -1 -1 -1 1 
116 1 Car -1.000000 -1 -1 564.9978620220409 174.30944718879962 620.5642289235436 222.94945548284943 -1 -1 -1 -1 -1 -1 -1 -1 1 
116 25 Car -1.000000 -1 -1 467.3635238064734 176.5162120510342 508.04146312045015 210.2518087833065 -1 -1 -1 -1 -1 -1 -1 -1 1 
116 27 Car -1.000000 -1 -1 972.775722030369 163.90546591610382 1050.511038046054 187.95541219107582 -1 -1 -1 -1 -1 -1 -1 -1 1 
116 28 Car -1.000000 -1 -1 1062.8191772764103 147.03056819237707 1179.8459475942066 193.30373459509747 -1 -1 -1 -1 -1 -1 -1 -1 1 
117 1 Car -1.000000 -1 -1 565.3077503547954 174.17415615981352 621.392116666013 223.53271422874758 -1 -1 -1 -1 -1 -1 -1 -1 1 
117 25 Car -1.000000 -1 -1 451.68611175699965 179.36890473478496 497.2957093597573 216.44886582580384 -1 -1 -1 -1 -1 -1 -1 -1 1 
117 27 Car -1.000000 -1 -1 989.3448769355178 162.23853977525394 1072.5762602081577 188.2283930246748 -1 -1 -1 -1 -1 -1 -1 -1 1 
117 28 Car -1.000000 -1 -1 1066.2246954357488 143.06924092535021 1188.3675681613802 194.6213126015759 -1 -1 -1 -1 -1 -1 -1 -1 1 
117 29 Car -1.000000 -1 -1 526.7795614760844 176.42329303641887 549.9101833964439 192.91893653760883 -1 -1 -1 -1 -1 -1 -1 -1 1 
118 1 Car -1.000000 -1 -1 565.5400984113382 178.6632015151911 621.0432211274382 228.10950056792632 -1 -1 -1 -1 -1 -1 -1 -1 1 
118 25 Car -1.000000 -1 -1 432.7097012109489 182.8433585993294 491.9465307530686 225.37281442374498 -1 -1 -1 -1 -1 -1 -1 -1 1 
118 27 Car -1.000000 -1 -1 1011.0839345483068 162.29570655703614 1099.3646242495952 189.61538877173672 -1 -1 -1 -1 -1 -1 -1 -1 1 
118 28 Car -1.000000 -1 -1 1095.1723072589225 141.9206084386798 1236.7418052891605 197.5650571974367 -1 -1 -1 -1 -1 -1 -1 -1 1 
118 29 Car -1.000000 -1 -1 524.9917386414871 177.70310994708967 547.6501727438522 193.85714761003626 -1 -1 -1 -1 -1 -1 -1 -1 1 
119 1 Car -1.000000 -1 -1 567.6331441244201 181.32857200436027 621.3031589678379 230.32859962214195 -1 -1 -1 -1 -1 -1 -1 -1 1 
119 25 Car -1.000000 -1 -1 415.96925036865565 187.51064387772865 479.4029009974926 232.5880632111469 -1 -1 -1 -1 -1 -1 -1 -1 1 
119 27 Car -1.000000 -1 -1 1038.6351355179809 167.91929921221842 1130.7532411476386 197.83516222979293 -1 -1 -1 -1 -1 -1 -1 -1 1 
119 28 Car -1.000000 -1 -1 1119.236794627976 148.16256381470967 1241.3815665953807 206.99892905276923 -1 -1 -1 -1 -1 -1 -1 -1 1 
119 29 Car -1.000000 -1 -1 519.5983678221506 181.40072914268674 546.8821091244838 201.32711242173755 -1 -1 -1 -1 -1 -1 -1 -1 1 
120 1 Car -1.000000 -1 -1 567.7524950442676 180.85776056942967 619.4325264502576 230.87403345951648 -1 -1 -1 -1 -1 -1 -1 -1 1 
120 25 Car -1.000000 -1 -1 384.6263902970706 188.27539943971644 459.55609044828554 238.06203800189155 -1 -1 -1 -1 -1 -1 -1 -1 1 
120 27 Car -1.000000 -1 -1 1053.504411722362 167.79413684473465 1149.2118102313125 198.87561022501416 -1 -1 -1 -1 -1 -1 -1 -1 1 
120 28 Car -1.000000 -1 -1 1144.3615588699636 149.08719948306603 1257.9721088085503 204.91985843168928 -1 -1 -1 -1 -1 -1 -1 -1 1 
120 29 Car -1.000000 -1 -1 516.2178379103735 181.57148778246773 543.3128230314028 202.2599407203302 -1 -1 -1 -1 -1 -1 -1 -1 1 
121 1 Car -1.000000 -1 -1 567.9646013395811 174.29409444589885 620.6512041038625 225.08786700826366 -1 -1 -1 -1 -1 -1 -1 -1 1 
121 25 Car -1.000000 -1 -1 349.7090719512354 182.6867770484957 440.4360822949449 244.38813078485668 -1 -1 -1 -1 -1 -1 -1 -1 1 
121 28 Car -1.000000 -1 -1 1168.7200911316506 150.9425735204002 1266.6120951108965 203.40940092436972 -1 -1 -1 -1 -1 -1 -1 -1 1 
121 29 Car -1.000000 -1 -1 507.790468417084 177.83064285602364 536.4297275943482 200.0811561289231 -1 -1 -1 -1 -1 -1 -1 -1 1 
122 1 Car -1.000000 -1 -1 567.5307393716032 171.81459137601496 621.1698217953455 222.58091024217637 -1 -1 -1 -1 -1 -1 -1 -1 1 
122 25 Car -1.000000 -1 -1 295.32064872069355 183.30407716410997 412.8146397232635 256.52019147245414 -1 -1 -1 -1 -1 -1 -1 -1 1 
122 28 Car -1.000000 -1 -1 1187.685703608245 150.84007887555268 1288.136099395576 204.67828479406575 -1 -1 -1 -1 -1 -1 -1 -1 1 
122 29 Car -1.000000 -1 -1 500.51633880580584 173.8433530600322 532.4102560095762 198.75252740666383 -1 -1 -1 -1 -1 -1 -1 -1 1 
123 1 Car -1.000000 -1 -1 567.9767736040537 171.77230347706117 621.5988394660353 221.59959172476886 -1 -1 -1 -1 -1 -1 -1 -1 1 
123 25 Car -1.000000 -1 -1 219.9354719883421 187.7247536834277 374.8374614899949 282.92229494337045 -1 -1 -1 -1 -1 -1 -1 -1 1 
123 29 Car -1.000000 -1 -1 493.1711113536217 175.81768050695544 528.3782792437191 202.7849073480261 -1 -1 -1 -1 -1 -1 -1 -1 1 
123 33 Car -1.000000 -1 -1 1141.1441208472006 159.37561283235627 1240.1778998784823 200.19963439164306 -1 -1 -1 -1 -1 -1 -1 -1 1 
124 1 Car -1.000000 -1 -1 567.6877645813248 171.22068580953018 622.7537678693741 222.09387874074466 -1 -1 -1 -1 -1 -1 -1 -1 1 
124 25 Car -1.000000 -1 -1 204.82613848389155 188.16496742243524 366.1012338329722 287.2788602445889 -1 -1 -1 -1 -1 -1 -1 -1 1 
124 29 Car -1.000000 -1 -1 487.0177660979768 177.17166715720583 526.0914911548499 204.96820092947345 -1 -1 -1 -1 -1 -1 -1 -1 1 
124 33 Car -1.000000 -1 -1 1169.7478207416161 155.4781291390262 1244.0121791594822 201.5300878124025 -1 -1 -1 -1 -1 -1 -1 -1 1 
125 1 Car -1.000000 -1 -1 567.1269798176413 172.0786267546477 623.2717924045028 224.0987432900821 -1 -1 -1 -1 -1 -1 -1 -1 1 
125 29 Car -1.000000 -1 -1 472.37935778128923 180.83770215826107 518.502255363366 211.7759511921429 -1 -1 -1 -1 -1 -1 -1 -1 1 
125 33 Car -1.000000 -1 -1 1190.3159442792255 161.27983593691383 1260.159004455727 205.60603785822573 -1 -1 -1 -1 -1 -1 -1 -1 1 
126 1 Car -1.000000 -1 -1 568.837600331639 174.39509121803405 624.2231665542904 225.5684973409048 -1 -1 -1 -1 -1 -1 -1 -1 1 
126 29 Car -1.000000 -1 -1 462.9920860224716 183.3370237603286 513.9800918666044 215.9995814199296 -1 -1 -1 -1 -1 -1 -1 -1 1 
126 33 Car -1.000000 -1 -1 1204.5067210915954 160.43242586845588 1276.846052986092 206.34302738080464 -1 -1 -1 -1 -1 -1 -1 -1 1 
127 1 Car -1.000000 -1 -1 568.6485761954877 178.7510476781805 622.5893020443144 228.36499373359814 -1 -1 -1 -1 -1 -1 -1 -1 1 
127 29 Car -1.000000 -1 -1 442.5190861601836 186.83622636361912 501.8999430357006 223.28431027737213 -1 -1 -1 -1 -1 -1 -1 -1 1 
128 1 Car -1.000000 -1 -1 568.4989025501472 179.24908792073043 623.0452544459383 229.1495114869577 -1 -1 -1 -1 -1 -1 -1 -1 1 
128 29 Car -1.000000 -1 -1 424.8113221663212 187.64309775283067 489.8379652024397 229.46720377099473 -1 -1 -1 -1 -1 -1 -1 -1 1 
129 1 Car -1.000000 -1 -1 568.8005617827575 175.95967777288377 623.7666095374659 226.08963329311123 -1 -1 -1 -1 -1 -1 -1 -1 1 
129 29 Car -1.000000 -1 -1 404.1639579227278 188.40875081013002 478.3446495474884 233.6210054512343 -1 -1 -1 -1 -1 -1 -1 -1 1 
130 1 Car -1.000000 -1 -1 567.8095021559809 174.37335973740252 623.8349155663761 225.15817687769942 -1 -1 -1 -1 -1 -1 -1 -1 1 
130 29 Car -1.000000 -1 -1 372.09286685123726 187.95391782259725 457.8583558620098 239.569115580551 -1 -1 -1 -1 -1 -1 -1 -1 1 
131 1 Car -1.000000 -1 -1 566.5649812593192 173.9605101301206 623.0198617499829 224.96632532956508 -1 -1 -1 -1 -1 -1 -1 -1 1 
131 29 Car -1.000000 -1 -1 334.0204933217733 188.38801778478987 438.4917733227303 252.09874906642443 -1 -1 -1 -1 -1 -1 -1 -1 1 
132 1 Car -1.000000 -1 -1 565.9543891522472 174.03291221402148 623.680816592088 226.2883435900681 -1 -1 -1 -1 -1 -1 -1 -1 1 
132 29 Car -1.000000 -1 -1 270.19421731795524 195.2959274761666 410.6063360116466 273.73276992422456 -1 -1 -1 -1 -1 -1 -1 -1 1 
133 1 Car -1.000000 -1 -1 565.6462232055454 178.92499502584494 622.3116589764381 229.23884053942402 -1 -1 -1 -1 -1 -1 -1 -1 1 
133 29 Car -1.000000 -1 -1 175.89645960095294 201.12728639106228 374.3447835894367 298.5808502443961 -1 -1 -1 -1 -1 -1 -1 -1 1 
134 1 Car -1.000000 -1 -1 565.4191212635742 179.81644790037768 622.6987614957986 231.52385557446704 -1 -1 -1 -1 -1 -1 -1 -1 1 
134 29 Car -1.000000 -1 -1 29.778918617821006 208.57513166431585 303.1442162094644 340.50905617906704 -1 -1 -1 -1 -1 -1 -1 -1 1 
135 1 Car -1.000000 -1 -1 565.6461980891248 181.95340364181968 622.7468032757517 232.82655560875546 -1 -1 -1 -1 -1 -1 -1 -1 1 
135 29 Car -1.000000 -1 -1 -0.6287214023425776 221.49473316719502 222.029831992577 373.8927604664809 -1 -1 -1 -1 -1 -1 -1 -1 1 
136 1 Car -1.000000 -1 -1 565.2243001658384 181.9766902454196 623.3516736685995 232.7384073589087 -1 -1 -1 -1 -1 -1 -1 -1 1 
136 29 Car -1.000000 -1 -1 -21.511312192173946 223.22029863596276 209.07604153689078 381.04532286731023 -1 -1 -1 -1 -1 -1 -1 -1 1 
137 1 Car -1.000000 -1 -1 565.3123181611675 179.78415811015705 623.6944059593255 232.61265466445528 -1 -1 -1 -1 -1 -1 -1 -1 1 
138 1 Car -1.000000 -1 -1 566.4520077267421 178.73345244733832 623.5535082057812 229.73111235229797 -1 -1 -1 -1 -1 -1 -1 -1 1 
139 1 Car -1.000000 -1 -1 566.4392157856437 173.66347482886457 625.2148046943872 226.80174634020133 -1 -1 -1 -1 -1 -1 -1 -1 1 
140 1 Car -1.000000 -1 -1 567.2110675497756 173.71807700126695 625.7575523186665 225.24469881203058 -1 -1 -1 -1 -1 -1 -1 -1 1 
141 1 Car -1.000000 -1 -1 568.0997660164865 174.15676938096834 627.7383354665905 225.59323618680534 -1 -1 -1 -1 -1 -1 -1 -1 1 
142 1 Car -1.000000 -1 -1 572.3708466172806 175.98919744797456 631.3261202159271 230.10946255890582 -1 -1 -1 -1 -1 -1 -1 -1 1 
143 1 Car -1.000000 -1 -1 574.2666349025574 176.226360292956 633.0818536848723 230.8854153378211 -1 -1 -1 -1 -1 -1 -1 -1 1 
144 1 Car -1.000000 -1 -1 570.7045493108477 178.56006438790143 632.5193788687795 229.59907913374 -1 -1 -1 -1 -1 -1 -1 -1 1 
144 39 Car -1.000000 -1 -1 864.1502987975231 168.10620548337494 895.0413770291917 186.1446990061955 -1 -1 -1 -1 -1 -1 -1 -1 1 
145 1 Car -1.000000 -1 -1 573.3959709672082 179.1840832269138 636.1233080429121 230.2398586447533 -1 -1 -1 -1 -1 -1 -1 -1 1 
145 39 Car -1.000000 -1 -1 874.3959346053135 168.33946560532925 909.4913338478707 188.41182933786064 -1 -1 -1 -1 -1 -1 -1 -1 1 
146 1 Car -1.000000 -1 -1 573.1721813623725 178.6231841008212 638.479161491158 230.7436335127833 -1 -1 -1 -1 -1 -1 -1 -1 1 
146 39 Car -1.000000 -1 -1 880.7494753620601 168.842555417171 916.6850086026012 189.39542147011906 -1 -1 -1 -1 -1 -1 -1 -1 1 
147 1 Car -1.000000 -1 -1 574.780784515671 177.9875243705179 639.214561710962 231.8613183075509 -1 -1 -1 -1 -1 -1 -1 -1 1 
148 1 Car -1.000000 -1 -1 575.7950027238269 178.42307875157553 640.3011337683141 231.43183619819962 -1 -1 -1 -1 -1 -1 -1 -1 1 
149 1 Car -1.000000 -1 -1 577.2574230625903 177.9316024083832 641.0126211703167 233.13758749653383 -1 -1 -1 -1 -1 -1 -1 -1 1 
149 42 Car -1.000000 -1 -1 666.6419146537638 178.0780344807671 704.7218392191606 208.4866699299135 -1 -1 -1 -1 -1 -1 -1 -1 1 
149 43 Car -1.000000 -1 -1 851.1847970764389 168.5625031397961 877.2105541706106 187.06025566587834 -1 -1 -1 -1 -1 -1 -1 -1 1 
150 1 Car -1.000000 -1 -1 579.0999723679979 180.98904344675972 642.7555001623103 234.29495310548458 -1 -1 -1 -1 -1 -1 -1 -1 1 
150 42 Car -1.000000 -1 -1 668.8406713729661 182.26568549285315 708.5098344538119 213.37498753450237 -1 -1 -1 -1 -1 -1 -1 -1 1 
150 43 Car -1.000000 -1 -1 856.7181726384215 172.76336287143778 883.6017185773005 191.48698470158251 -1 -1 -1 -1 -1 -1 -1 -1 1 
150 44 Car -1.000000 -1 -1 925.1264799563742 176.2046247185133 965.2365836333615 193.2730611728763 -1 -1 -1 -1 -1 -1 -1 -1 1 
151 1 Car -1.000000 -1 -1 579.43991507375 179.53784738145208 643.6004873010609 232.68991274410809 -1 -1 -1 -1 -1 -1 -1 -1 1 
151 42 Car -1.000000 -1 -1 676.0713612321478 181.85696176563317 716.8935865781373 213.7740591252414 -1 -1 -1 -1 -1 -1 -1 -1 1 
151 43 Car -1.000000 -1 -1 864.6254050850689 171.52232168178085 889.2399762828788 187.85347908575963 -1 -1 -1 -1 -1 -1 -1 -1 1 
151 44 Car -1.000000 -1 -1 929.164402451716 172.93061131415485 987.1844509592047 197.94558735818873 -1 -1 -1 -1 -1 -1 -1 -1 1 
152 1 Car -1.000000 -1 -1 582.5909638762133 173.09888966900573 644.3121441729036 227.4820518698795 -1 -1 -1 -1 -1 -1 -1 -1 1 
152 42 Car -1.000000 -1 -1 677.4872119311407 175.29232543334405 722.0467881251132 211.4511624397032 -1 -1 -1 -1 -1 -1 -1 -1 1 
152 43 Car -1.000000 -1 -1 870.6741958725834 172.41968674857102 894.8664516106797 188.47064577015718 -1 -1 -1 -1 -1 -1 -1 -1 1 
152 44 Car -1.000000 -1 -1 939.0601413478597 168.9919995301414 1000.7420021968733 195.59066981141441 -1 -1 -1 -1 -1 -1 -1 -1 1 
153 1 Car -1.000000 -1 -1 584.3132256313914 172.86305156730484 646.2198727832883 227.562423905709 -1 -1 -1 -1 -1 -1 -1 -1 1 
153 42 Car -1.000000 -1 -1 678.8354799990209 177.09289670918866 724.7279621054931 213.8150529522098 -1 -1 -1 -1 -1 -1 -1 -1 1 
153 44 Car -1.000000 -1 -1 955.1627489676364 165.77644016261982 1017.3552711073207 191.41028012151176 -1 -1 -1 -1 -1 -1 -1 -1 1 
154 1 Car -1.000000 -1 -1 584.3490351584857 176.45913911674302 647.4282745474328 231.9350657308208 -1 -1 -1 -1 -1 -1 -1 -1 1 
154 42 Car -1.000000 -1 -1 683.768453022402 177.6840847055986 733.6539787291995 217.8995725285545 -1 -1 -1 -1 -1 -1 -1 -1 1 
154 44 Car -1.000000 -1 -1 964.2698373097957 164.40274510182144 1030.553544324903 191.7228386894493 -1 -1 -1 -1 -1 -1 -1 -1 1 
155 1 Car -1.000000 -1 -1 585.2771588950325 177.8040371838915 648.0362485569101 232.858610359056 -1 -1 -1 -1 -1 -1 -1 -1 1 
155 42 Car -1.000000 -1 -1 685.6654224934407 178.1645544094069 739.6426898785611 221.66550480933128 -1 -1 -1 -1 -1 -1 -1 -1 1 
155 47 Car -1.000000 -1 -1 1046.8058580058869 154.94496481643168 1141.2158162989585 201.16246038355018 -1 -1 -1 -1 -1 -1 -1 -1 1 
156 1 Car -1.000000 -1 -1 590.9237031354348 178.26933281007797 657.5319633670604 233.08763160459813 -1 -1 -1 -1 -1 -1 -1 -1 1 
156 42 Car -1.000000 -1 -1 692.3950725432587 181.90198116707845 751.2194367812916 225.9338776403003 -1 -1 -1 -1 -1 -1 -1 -1 1 
156 47 Car -1.000000 -1 -1 1057.0723694562705 154.8703884998326 1155.205710496754 202.91062970841008 -1 -1 -1 -1 -1 -1 -1 -1 1 
157 1 Car -1.000000 -1 -1 592.3352679474292 177.39857413894808 657.4613555279989 232.77643525306087 -1 -1 -1 -1 -1 -1 -1 -1 1 
157 42 Car -1.000000 -1 -1 696.8101966117504 182.4865072279845 758.1314806795019 228.44145288969014 -1 -1 -1 -1 -1 -1 -1 -1 1 
157 49 Car -1.000000 -1 -1 1012.5080349964137 168.51540253638794 1099.178783358388 198.8112526181276 -1 -1 -1 -1 -1 -1 -1 -1 1 
158 1 Car -1.000000 -1 -1 594.5543931370893 176.78859439058922 657.5863179382148 231.32337908628543 -1 -1 -1 -1 -1 -1 -1 -1 1 
158 42 Car -1.000000 -1 -1 701.7259916931664 182.20699979834794 767.4156189627683 230.85719123487922 -1 -1 -1 -1 -1 -1 -1 -1 1 
158 49 Car -1.000000 -1 -1 1028.9200375438081 166.90135985470656 1119.2117389605885 197.09718462451946 -1 -1 -1 -1 -1 -1 -1 -1 1 
159 1 Car -1.000000 -1 -1 596.2746402382664 177.14185124185283 658.0043166079101 230.42482924937036 -1 -1 -1 -1 -1 -1 -1 -1 1 
159 42 Car -1.000000 -1 -1 708.0375751707741 180.7923060659839 776.8255888237069 233.44615550084168 -1 -1 -1 -1 -1 -1 -1 -1 1 
159 49 Car -1.000000 -1 -1 1042.3199200435001 166.8729616549395 1134.8887840845139 197.83032164134625 -1 -1 -1 -1 -1 -1 -1 -1 1 
159 51 Car -1.000000 -1 -1 1148.2496425461843 149.61550496172947 1249.444128622747 209.66518517512205 -1 -1 -1 -1 -1 -1 -1 -1 1 
160 1 Car -1.000000 -1 -1 597.6529966612427 174.27887710619527 659.4563387739722 227.74700633937712 -1 -1 -1 -1 -1 -1 -1 -1 1 
160 42 Car -1.000000 -1 -1 706.9275710408317 174.24724506851527 792.3047568936614 239.98283167376997 -1 -1 -1 -1 -1 -1 -1 -1 1 
160 51 Car -1.000000 -1 -1 1176.7529598226108 151.44640219738085 1265.0644207820424 208.6131253369221 -1 -1 -1 -1 -1 -1 -1 -1 1 
161 1 Car -1.000000 -1 -1 597.3448575757542 177.92958829134759 660.7175555688266 232.95608881831757 -1 -1 -1 -1 -1 -1 -1 -1 1 
161 42 Car -1.000000 -1 -1 714.9678873156697 178.7502762933015 804.8935610053338 246.26459069060581 -1 -1 -1 -1 -1 -1 -1 -1 1 
161 51 Car -1.000000 -1 -1 1190.431005978137 150.61809671094053 1280.925635113712 209.19810219431 -1 -1 -1 -1 -1 -1 -1 -1 1 
162 1 Car -1.000000 -1 -1 599.157584541339 178.5406566252204 661.4265946317046 233.52477436901094 -1 -1 -1 -1 -1 -1 -1 -1 1 
162 42 Car -1.000000 -1 -1 728.0557846084846 177.8585625930292 828.1063306810596 250.55722062292784 -1 -1 -1 -1 -1 -1 -1 -1 1 
162 52 Car -1.000000 -1 -1 1115.0839877850826 165.12422819527987 1241.8611104702932 205.36814264013867 -1 -1 -1 -1 -1 -1 -1 -1 1 
163 1 Car -1.000000 -1 -1 600.2264996875296 177.45232460210013 663.146943276798 233.22316483231623 -1 -1 -1 -1 -1 -1 -1 -1 1 
163 42 Car -1.000000 -1 -1 737.456890497809 183.86958245362263 845.9884948445409 261.27096191960516 -1 -1 -1 -1 -1 -1 -1 -1 1 
163 52 Car -1.000000 -1 -1 1131.291329426053 163.31489035995853 1249.310256368812 206.65543737193698 -1 -1 -1 -1 -1 -1 -1 -1 1 
164 1 Car -1.000000 -1 -1 600.9818417717205 178.04812275001507 663.7016267982598 233.4576135161909 -1 -1 -1 -1 -1 -1 -1 -1 1 
164 42 Car -1.000000 -1 -1 749.4207397735819 180.79441519862542 869.7401846092779 273.5224889776031 -1 -1 -1 -1 -1 -1 -1 -1 1 
164 52 Car -1.000000 -1 -1 1156.8676214961167 163.6999601598885 1259.0356580903074 206.05113915896138 -1 -1 -1 -1 -1 -1 -1 -1 1 
165 1 Car -1.000000 -1 -1 600.7970539834361 180.2455812114536 664.4626713274394 234.13897361621846 -1 -1 -1 -1 -1 -1 -1 -1 1 
165 42 Car -1.000000 -1 -1 759.8771182499635 184.9346816559345 904.2741679406535 289.4921448422315 -1 -1 -1 -1 -1 -1 -1 -1 1 
165 52 Car -1.000000 -1 -1 1171.342313635832 163.43167063072227 1277.7484215131722 207.53967005219772 -1 -1 -1 -1 -1 -1 -1 -1 1 
166 1 Car -1.000000 -1 -1 600.7859822153407 180.81293355422557 666.6379234376114 235.55824632693083 -1 -1 -1 -1 -1 -1 -1 -1 1 
166 42 Car -1.000000 -1 -1 775.6152539075988 185.7063845405212 956.8518860920451 307.31701359163844 -1 -1 -1 -1 -1 -1 -1 -1 1 
167 1 Car -1.000000 -1 -1 600.2358341531416 180.31507458390627 666.6521271955235 235.68738606548462 -1 -1 -1 -1 -1 -1 -1 -1 1 
167 42 Car -1.000000 -1 -1 793.6277866837265 182.438426365122 1009.8664220293156 326.8838547175178 -1 -1 -1 -1 -1 -1 -1 -1 1 
168 1 Car -1.000000 -1 -1 600.8836386932985 180.29108218243826 665.9797250637216 234.17285982741603 -1 -1 -1 -1 -1 -1 -1 -1 1 
168 42 Car -1.000000 -1 -1 820.6140307586079 184.8186935059215 1103.1501675629338 362.17949028191344 -1 -1 -1 -1 -1 -1 -1 -1 1 
169 1 Car -1.000000 -1 -1 600.3371288789614 179.72273597029482 666.3813067906253 235.09795240070355 -1 -1 -1 -1 -1 -1 -1 -1 1 
169 42 Car -1.000000 -1 -1 863.9436928407704 188.81693000915362 1223.6417871006015 372.37494350729514 -1 -1 -1 -1 -1 -1 -1 -1 1 
170 1 Car -1.000000 -1 -1 601.1149382487729 180.36774691842382 666.2761711145162 235.96120141283455 -1 -1 -1 -1 -1 -1 -1 -1 1 
170 42 Car -1.000000 -1 -1 901.7514357939655 199.77296417101803 1242.8330776578364 370.99956210283926 -1 -1 -1 -1 -1 -1 -1 -1 1 
171 1 Car -1.000000 -1 -1 601.030893401967 180.9893814282326 666.5522234057912 238.28595925612018 -1 -1 -1 -1 -1 -1 -1 -1 1 
171 42 Car -1.000000 -1 -1 973.8289072519666 220.7231996256304 1247.6946746556573 374.86653200152784 -1 -1 -1 -1 -1 -1 -1 -1 1 
172 1 Car -1.000000 -1 -1 601.4819424259027 181.63611726862598 666.896207181021 238.790156222124 -1 -1 -1 -1 -1 -1 -1 -1 1 
172 42 Car -1.000000 -1 -1 987.5242435460159 222.89841298934135 1269.4823631108006 381.59563236227984 -1 -1 -1 -1 -1 -1 -1 -1 1 
173 1 Car -1.000000 -1 -1 601.4807147658436 181.90583995279547 667.1254949189744 239.35325160288065 -1 -1 -1 -1 -1 -1 -1 -1 1 
174 1 Car -1.000000 -1 -1 601.2669072647283 180.89488432917082 667.022289925687 239.78139204088706 -1 -1 -1 -1 -1 -1 -1 -1 1 
175 1 Car -1.000000 -1 -1 601.5509134680887 180.0673487490528 667.0920498399182 239.2945155350105 -1 -1 -1 -1 -1 -1 -1 -1 1 
176 1 Car -1.000000 -1 -1 601.3910431311884 179.20062738432034 667.1252089497565 238.4331253713641 -1 -1 -1 -1 -1 -1 -1 -1 1 
178 1 Car -1.000000 -1 -1 600.8164661419485 178.63887540996055 666.8200443123093 237.89680660507202 -1 -1 -1 -1 -1 -1 -1 -1 1 
179 1 Car -1.000000 -1 -1 599.7760544247171 178.54530570557168 666.3723948375272 237.62246708184307 -1 -1 -1 -1 -1 -1 -1 -1 1 
180 1 Car -1.000000 -1 -1 599.3333869960691 178.3802743911507 667.0528440981499 238.30953448065844 -1 -1 -1 -1 -1 -1 -1 -1 1 
182 1 Car -1.000000 -1 -1 598.4991963102602 177.30281958045666 666.912188882033 238.11139248895654 -1 -1 -1 -1 -1 -1 -1 -1 1 
186 1 Car -1.000000 -1 -1 595.5612529411984 174.4639449495224 663.6030536571379 234.0237258020551 -1 -1 -1 -1 -1 -1 -1 -1 1 
187 1 Car -1.000000 -1 -1 595.1721856411109 174.30240434837003 663.5534924550034 234.33458631389595 -1 -1 -1 -1 -1 -1 -1 -1 1 
188 1 Car -1.000000 -1 -1 595.0242201733156 174.55636611217548 663.0956594334405 234.6523908547126 -1 -1 -1 -1 -1 -1 -1 -1 1 
189 1 Car -1.000000 -1 -1 595.2254437629414 174.83017078113056 663.1220649840159 234.45997571012077 -1 -1 -1 -1 -1 -1 -1 -1 1 
190 1 Car -1.000000 -1 -1 595.430124796056 175.17369766199747 663.8719552709147 234.72441424533778 -1 -1 -1 -1 -1 -1 -1 -1 1 
191 1 Car -1.000000 -1 -1 595.172552113577 176.1676616561974 665.84577337909 237.12523920938287 -1 -1 -1 -1 -1 -1 -1 -1 1 
192 1 Car -1.000000 -1 -1 594.9551903268433 177.44859707555983 666.8979559732805 239.017163047194 -1 -1 -1 -1 -1 -1 -1 -1 1 
193 1 Car -1.000000 -1 -1 595.0905153956129 177.62739379813868 666.9369029063292 239.90010321071298 -1 -1 -1 -1 -1 -1 -1 -1 1 
194 1 Car -1.000000 -1 -1 595.6271597423981 177.59486093264084 666.8195709930003 239.57519018966101 -1 -1 -1 -1 -1 -1 -1 -1 1 
195 1 Car -1.000000 -1 -1 595.2322729550784 177.5633788430935 666.6340265341053 239.92981251452326 -1 -1 -1 -1 -1 -1 -1 -1 1 
196 1 Car -1.000000 -1 -1 595.7744441229743 177.56300852045143 666.9841795439097 240.4389181144807 -1 -1 -1 -1 -1 -1 -1 -1 1 
197 1 Car -1.000000 -1 -1 596.4930996537902 177.2923843508282 667.2483183679369 240.189330770482 -1 -1 -1 -1 -1 -1 -1 -1 1 
198 1 Car -1.000000 -1 -1 596.4799960053276 176.83808614482948 666.8487037457143 239.46026972759753 -1 -1 -1 -1 -1 -1 -1 -1 1 
199 1 Car -1.000000 -1 -1 596.8018516160813 176.65461520246748 667.2248976711171 238.9178999009006 -1 -1 -1 -1 -1 -1 -1 -1 1 
200 1 Car -1.000000 -1 -1 596.2293244403812 176.08954232330728 667.5511688178799 238.86083238931172 -1 -1 -1 -1 -1 -1 -1 -1 1 
201 1 Car -1.000000 -1 -1 597.41505039824 176.71986414186028 667.17873032648 239.17460240785698 -1 -1 -1 -1 -1 -1 -1 -1 1 
202 1 Car -1.000000 -1 -1 596.7676542163061 176.93443176557346 667.0660931503921 238.65456627184744 -1 -1 -1 -1 -1 -1 -1 -1 1 
203 1 Car -1.000000 -1 -1 596.3203217829206 177.49317478477454 667.3061797683716 239.0821025546898 -1 -1 -1 -1 -1 -1 -1 -1 1 
204 1 Car -1.000000 -1 -1 596.5422049121711 176.93958815906817 666.78709410566 240.55055836185304 -1 -1 -1 -1 -1 -1 -1 -1 1 
205 1 Car -1.000000 -1 -1 595.7544085740036 177.598665236719 666.5522803779913 240.30190014168355 -1 -1 -1 -1 -1 -1 -1 -1 1 
206 1 Car -1.000000 -1 -1 596.273385597408 178.13640311827507 666.7250804061987 239.13160840460364 -1 -1 -1 -1 -1 -1 -1 -1 1 
207 1 Car -1.000000 -1 -1 596.4555351271699 177.84967152999067 667.4075073627341 238.93180893842728 -1 -1 -1 -1 -1 -1 -1 -1 1 
208 1 Car -1.000000 -1 -1 595.3664654886528 177.43491926481653 666.6471357691603 239.34720971087899 -1 -1 -1 -1 -1 -1 -1 -1 1 
209 1 Car -1.000000 -1 -1 594.2215177049966 177.78251832994806 665.472499742337 239.10487968133722 -1 -1 -1 -1 -1 -1 -1 -1 1 
210 1 Car -1.000000 -1 -1 593.086740017741 177.87422906772392 665.349315456894 238.9540641614604 -1 -1 -1 -1 -1 -1 -1 -1 1 
211 1 Car -1.000000 -1 -1 591.6959148093392 177.54794910451741 662.9117829673892 238.14008446501066 -1 -1 -1 -1 -1 -1 -1 -1 1 
212 1 Car -1.000000 -1 -1 589.8883965441681 176.59995526070023 661.3185242999717 238.25194470599567 -1 -1 -1 -1 -1 -1 -1 -1 1 
213 1 Car -1.000000 -1 -1 589.36884149635 176.56682540749193 659.9315365641447 238.13689016995374 -1 -1 -1 -1 -1 -1 -1 -1 1 
214 1 Car -1.000000 -1 -1 584.6145432528976 177.7388052602849 651.2165401357086 238.27600264481237 -1 -1 -1 -1 -1 -1 -1 -1 1 
215 1 Car -1.000000 -1 -1 583.6554780177687 177.34659976354646 649.7857918172455 238.70388253522302 -1 -1 -1 -1 -1 -1 -1 -1 1 
216 1 Car -1.000000 -1 -1 582.8220208970555 177.44454857695877 648.194739229832 237.5076492296638 -1 -1 -1 -1 -1 -1 -1 -1 1 
217 1 Car -1.000000 -1 -1 580.7984561354696 177.13011535872567 647.6168851823144 236.88010731907505 -1 -1 -1 -1 -1 -1 -1 -1 1 
218 1 Car -1.000000 -1 -1 580.4156733556113 177.5939513698309 646.0354202260173 236.25798878184565 -1 -1 -1 -1 -1 -1 -1 -1 1 
219 1 Car -1.000000 -1 -1 577.8705473448317 177.84716403409584 645.3265108068794 235.86121836847724 -1 -1 -1 -1 -1 -1 -1 -1 1 
220 1 Car -1.000000 -1 -1 577.8761778980927 178.7640516416651 645.4181731526731 235.76938270212653 -1 -1 -1 -1 -1 -1 -1 -1 1 
221 1 Car -1.000000 -1 -1 577.0092308778438 178.90191058022168 643.9221618966573 235.64476497198663 -1 -1 -1 -1 -1 -1 -1 -1 1 
222 1 Car -1.000000 -1 -1 577.1772950561153 179.3513579186016 642.9300119440613 235.1538077517574 -1 -1 -1 -1 -1 -1 -1 -1 1 
223 1 Car -1.000000 -1 -1 576.6466057652646 179.53679346337222 643.1505321085581 235.61234724818465 -1 -1 -1 -1 -1 -1 -1 -1 1 
224 1 Car -1.000000 -1 -1 576.443817468322 180.95407025139846 642.475622167103 235.11537228091532 -1 -1 -1 -1 -1 -1 -1 -1 1 
225 1 Car -1.000000 -1 -1 576.6936749845648 180.43999745522743 641.2874932921642 234.7812207854335 -1 -1 -1 -1 -1 -1 -1 -1 1 
226 1 Car -1.000000 -1 -1 576.1045130059227 180.19042404782562 640.7136599326732 235.05123843149985 -1 -1 -1 -1 -1 -1 -1 -1 1 
227 1 Car -1.000000 -1 -1 575.6082383215738 180.20014459391064 640.9082775802117 234.7938107862749 -1 -1 -1 -1 -1 -1 -1 -1 1 
228 1 Car -1.000000 -1 -1 575.8809202133956 181.71844672586397 639.0581305289066 235.89358642253333 -1 -1 -1 -1 -1 -1 -1 -1 1 
229 1 Car -1.000000 -1 -1 575.4186219829046 182.00027475481457 638.6963227801606 235.75168521132144 -1 -1 -1 -1 -1 -1 -1 -1 1 
230 1 Car -1.000000 -1 -1 575.3048199913652 182.23086511644405 639.0429922319969 235.20527418635513 -1 -1 -1 -1 -1 -1 -1 -1 1 
231 1 Car -1.000000 -1 -1 573.9429444569491 182.9608233115402 638.2691125370098 234.57659186465867 -1 -1 -1 -1 -1 -1 -1 -1 1 
232 1 Car -1.000000 -1 -1 574.1528011338401 182.52649950187995 636.2030342598357 234.27710290841412 -1 -1 -1 -1 -1 -1 -1 -1 1 
233 1 Car -1.000000 -1 -1 573.4802114957041 181.9245052402208 634.1896518728233 232.17030956666727 -1 -1 -1 -1 -1 -1 -1 -1 1 
234 1 Car -1.000000 -1 -1 573.098192100192 181.65995858914204 634.3635638517421 232.49515737203387 -1 -1 -1 -1 -1 -1 -1 -1 1 
235 1 Car -1.000000 -1 -1 573.0867653376986 182.413661502528 634.558862386399 232.17683812883033 -1 -1 -1 -1 -1 -1 -1 -1 1 
236 1 Car -1.000000 -1 -1 572.5182526987919 181.8241455827184 633.9788401605136 232.05814335679543 -1 -1 -1 -1 -1 -1 -1 -1 1 
237 1 Car -1.000000 -1 -1 572.4609194532994 180.88670966991566 634.1931353996407 231.44813396156204 -1 -1 -1 -1 -1 -1 -1 -1 1 
238 1 Car -1.000000 -1 -1 572.81154472136 181.01225995521781 633.564962321931 230.6713856993252 -1 -1 -1 -1 -1 -1 -1 -1 1 
239 1 Car -1.000000 -1 -1 571.9336515882754 179.97395561312928 633.8599078092107 230.19813194607732 -1 -1 -1 -1 -1 -1 -1 -1 1 
240 1 Car -1.000000 -1 -1 571.5474475275429 179.96353197492675 634.1926751868617 229.07047988705648 -1 -1 -1 -1 -1 -1 -1 -1 1 
241 1 Car -1.000000 -1 -1 571.3570159167693 179.91416750578298 633.9630333259879 228.9918421617746 -1 -1 -1 -1 -1 -1 -1 -1 1 
242 1 Car -1.000000 -1 -1 572.7385318323579 180.52483497878904 634.9432385327034 229.20804341349478 -1 -1 -1 -1 -1 -1 -1 -1 1 
243 1 Car -1.000000 -1 -1 573.5191540966761 180.6079216578056 636.3174371952132 228.9574207260835 -1 -1 -1 -1 -1 -1 -1 -1 1 
244 1 Car -1.000000 -1 -1 573.2062947390158 179.97553245851321 637.2292277990546 227.90974131734504 -1 -1 -1 -1 -1 -1 -1 -1 1 
245 1 Car -1.000000 -1 -1 572.9696067362833 178.715049083322 638.4647189317897 228.27895900927402 -1 -1 -1 -1 -1 -1 -1 -1 1 
246 1 Car -1.000000 -1 -1 573.9586587341299 178.75103043424923 638.5069049765275 228.04000349587125 -1 -1 -1 -1 -1 -1 -1 -1 1 
247 1 Car -1.000000 -1 -1 575.7771807373423 178.99372614291855 638.8593849034726 227.77611560167963 -1 -1 -1 -1 -1 -1 -1 -1 1 
247 59 Car -1.000000 -1 -1 669.3525077049993 172.04389839788496 688.3995631188493 180.91689448171562 -1 -1 -1 -1 -1 -1 -1 -1 1 
248 1 Car -1.000000 -1 -1 576.352259515577 178.91345959318676 638.7259141894581 227.8920347202421 -1 -1 -1 -1 -1 -1 -1 -1 1 
248 59 Car -1.000000 -1 -1 666.5910215199382 172.17928818902143 685.5633258685575 181.25845823934304 -1 -1 -1 -1 -1 -1 -1 -1 1 
249 1 Car -1.000000 -1 -1 575.8416148804001 179.03964082241987 639.4501876943839 227.77457363993503 -1 -1 -1 -1 -1 -1 -1 -1 1 
249 59 Car -1.000000 -1 -1 665.4062221291058 172.39763426791183 684.4297444626935 181.50131525121986 -1 -1 -1 -1 -1 -1 -1 -1 1 
250 1 Car -1.000000 -1 -1 576.2960659330641 178.1961246476471 640.1494446203595 228.22610142537187 -1 -1 -1 -1 -1 -1 -1 -1 1 
251 1 Car -1.000000 -1 -1 579.897240699432 175.40806728001445 640.1345569223781 225.68446139518377 -1 -1 -1 -1 -1 -1 -1 -1 1 
251 60 Car -1.000000 -1 -1 645.2172653527355 172.52343660505554 665.233043331866 182.04588028225768 -1 -1 -1 -1 -1 -1 -1 -1 1 
252 1 Car -1.000000 -1 -1 582.6907062195804 175.3756649017613 640.3507095678341 225.62218404599136 -1 -1 -1 -1 -1 -1 -1 -1 1 
252 60 Car -1.000000 -1 -1 649.8446513533348 172.64964249794275 670.3183718837198 182.60446102936857 -1 -1 -1 -1 -1 -1 -1 -1 1 
253 1 Car -1.000000 -1 -1 582.3386170955489 178.42540866340593 642.531615175576 228.57056156516455 -1 -1 -1 -1 -1 -1 -1 -1 1 
253 60 Car -1.000000 -1 -1 652.3684920571468 172.71127515616095 673.22713684577 182.85325327719187 -1 -1 -1 -1 -1 -1 -1 -1 1 
254 1 Car -1.000000 -1 -1 583.7588035901011 179.45349717956464 642.993842877727 229.58854823219517 -1 -1 -1 -1 -1 -1 -1 -1 1 
255 1 Car -1.000000 -1 -1 585.1365388838367 179.4854342254909 643.7191488256228 229.4877351533809 -1 -1 -1 -1 -1 -1 -1 -1 1 
256 1 Car -1.000000 -1 -1 586.1510689484155 180.0250386354096 644.7872834368054 229.17392362155405 -1 -1 -1 -1 -1 -1 -1 -1 1 
256 62 Car -1.000000 -1 -1 638.7677852779108 175.34994302252068 660.7279881407394 189.2657651035259 -1 -1 -1 -1 -1 -1 -1 -1 1 
257 1 Car -1.000000 -1 -1 586.8715682762991 178.7835620477848 646.1890517755605 228.7901749142246 -1 -1 -1 -1 -1 -1 -1 -1 1 
257 62 Car -1.000000 -1 -1 637.136670073476 175.7671760292156 659.6285768103988 190.80926268969475 -1 -1 -1 -1 -1 -1 -1 -1 1 
258 1 Car -1.000000 -1 -1 588.3221690698393 179.9827427235217 646.7385230534373 228.9523734134737 -1 -1 -1 -1 -1 -1 -1 -1 1 
258 62 Car -1.000000 -1 -1 634.3415702245809 175.61221920177115 658.7801790366763 191.95621938654423 -1 -1 -1 -1 -1 -1 -1 -1 1 
259 1 Car -1.000000 -1 -1 594.1917218005871 178.771049083337 653.8181410055306 229.21521455808238 -1 -1 -1 -1 -1 -1 -1 -1 1 
260 1 Car -1.000000 -1 -1 594.5451040117816 177.3020234076453 654.96201656498 229.73014837221018 -1 -1 -1 -1 -1 -1 -1 -1 1 
261 1 Car -1.000000 -1 -1 596.6060417849137 177.7132004209002 654.3726704891233 229.5340955709362 -1 -1 -1 -1 -1 -1 -1 -1 1 
262 1 Car -1.000000 -1 -1 598.480251824965 177.87293916596568 654.6443702470198 228.84451302893558 -1 -1 -1 -1 -1 -1 -1 -1 1 
263 1 Car -1.000000 -1 -1 600.1456729624097 178.64315151544315 655.9233116603839 228.89646577889394 -1 -1 -1 -1 -1 -1 -1 -1 1 
264 1 Car -1.000000 -1 -1 601.1717596197595 180.14930111399752 656.6254895650015 229.18000483451448 -1 -1 -1 -1 -1 -1 -1 -1 1 
265 1 Car -1.000000 -1 -1 601.2706225830573 179.45468378655406 658.1253594618461 229.40147262406032 -1 -1 -1 -1 -1 -1 -1 -1 1 
266 1 Car -1.000000 -1 -1 601.3006610748416 178.3825748865771 658.7629722749191 229.55712387256787 -1 -1 -1 -1 -1 -1 -1 -1 1 
267 1 Car -1.000000 -1 -1 602.0912095428581 179.5794433173453 659.5697439344744 228.74516226005582 -1 -1 -1 -1 -1 -1 -1 -1 1 
267 63 Car -1.000000 -1 -1 572.1249499718192 177.81874134597848 597.446695119654 193.1152684274819 -1 -1 -1 -1 -1 -1 -1 -1 1 
268 1 Car -1.000000 -1 -1 602.7979513860678 180.40919450580913 660.5664032581356 228.31306497124515 -1 -1 -1 -1 -1 -1 -1 -1 1 
268 63 Car -1.000000 -1 -1 567.5102071701324 177.68258290578967 594.3682740801842 193.99911882882344 -1 -1 -1 -1 -1 -1 -1 -1 1 
269 1 Car -1.000000 -1 -1 604.0259158081878 180.56464745250074 660.8468980846623 228.49005537574612 -1 -1 -1 -1 -1 -1 -1 -1 1 
269 63 Car -1.000000 -1 -1 562.8731279780365 177.269404072486 590.9538803795936 194.51369065712245 -1 -1 -1 -1 -1 -1 -1 -1 1 
270 1 Car -1.000000 -1 -1 605.1541323017625 179.64956566058564 661.6871447253247 228.79474797827987 -1 -1 -1 -1 -1 -1 -1 -1 1 
270 63 Car -1.000000 -1 -1 550.5844101432309 179.1123321337995 580.3290445819531 197.94856332300128 -1 -1 -1 -1 -1 -1 -1 -1 1 
270 64 Car -1.000000 -1 -1 582.4458441293368 179.36667255440366 607.0878302126118 197.76706123406666 -1 -1 -1 -1 -1 -1 -1 -1 1 
271 1 Car -1.000000 -1 -1 605.9079618998697 179.1823366403711 662.3806417669983 228.7752902899766 -1 -1 -1 -1 -1 -1 -1 -1 1 
271 63 Car -1.000000 -1 -1 547.127271784383 179.64897808473296 576.5358696472518 198.23984102829135 -1 -1 -1 -1 -1 -1 -1 -1 1 
271 64 Car -1.000000 -1 -1 575.7023062422475 179.71018171923916 606.8759842203908 198.29660073467767 -1 -1 -1 -1 -1 -1 -1 -1 1 
272 1 Car -1.000000 -1 -1 606.2168066782466 178.90955138596934 663.0092875384548 229.116609951608 -1 -1 -1 -1 -1 -1 -1 -1 1 
272 63 Car -1.000000 -1 -1 541.3720690798931 180.31053002987716 570.6683576313758 199.9631574072654 -1 -1 -1 -1 -1 -1 -1 -1 1 
272 64 Car -1.000000 -1 -1 569.7148692908372 180.1348827864344 604.0182712462232 199.81411667478386 -1 -1 -1 -1 -1 -1 -1 -1 1 
273 1 Car -1.000000 -1 -1 606.8881422905476 179.3879447163527 663.6097591072731 229.00490716797322 -1 -1 -1 -1 -1 -1 -1 -1 1 
273 63 Car -1.000000 -1 -1 530.2021937491376 180.16134370866928 561.6843205290031 201.68351135283768 -1 -1 -1 -1 -1 -1 -1 -1 1 
273 64 Car -1.000000 -1 -1 561.9341215351712 179.81697493370257 597.9110447683088 201.99532038367113 -1 -1 -1 -1 -1 -1 -1 -1 1 
274 1 Car -1.000000 -1 -1 606.8609900989242 178.96726378296486 664.538060117603 228.91816079741187 -1 -1 -1 -1 -1 -1 -1 -1 1 
274 63 Car -1.000000 -1 -1 520.3393649819214 180.5602893791661 555.4465049451218 202.47282305122158 -1 -1 -1 -1 -1 -1 -1 -1 1 
274 64 Car -1.000000 -1 -1 551.2575256272958 179.57482995639535 589.8096235023156 203.2396462933848 -1 -1 -1 -1 -1 -1 -1 -1 1 
275 1 Car -1.000000 -1 -1 608.4775019513731 178.72582030087847 665.6330085137084 228.79085490588696 -1 -1 -1 -1 -1 -1 -1 -1 1 
275 63 Car -1.000000 -1 -1 513.1053424459162 180.38804739427795 548.0532211434701 202.5058930021209 -1 -1 -1 -1 -1 -1 -1 -1 1 
275 64 Car -1.000000 -1 -1 542.8967227346304 179.05411382736102 584.8426152176665 204.7772789083809 -1 -1 -1 -1 -1 -1 -1 -1 1 
276 1 Car -1.000000 -1 -1 609.14449944331 174.59848713140192 666.4122078915647 225.8787766556292 -1 -1 -1 -1 -1 -1 -1 -1 1 
276 63 Car -1.000000 -1 -1 496.35922858367707 179.21737495428405 536.7811171030608 204.596857444621 -1 -1 -1 -1 -1 -1 -1 -1 1 
276 64 Car -1.000000 -1 -1 532.7639796151109 178.17542773657289 580.138744240247 206.81247475224626 -1 -1 -1 -1 -1 -1 -1 -1 1 
277 1 Car -1.000000 -1 -1 609.6347551919924 173.9205806412607 666.3018700257734 225.39717188626992 -1 -1 -1 -1 -1 -1 -1 -1 1 
277 63 Car -1.000000 -1 -1 484.7045458077235 178.2376116941888 531.1164746777022 207.08210092304608 -1 -1 -1 -1 -1 -1 -1 -1 1 
277 64 Car -1.000000 -1 -1 520.7119102122183 177.32262939490357 571.5767908995829 210.99683359731984 -1 -1 -1 -1 -1 -1 -1 -1 1 
278 1 Car -1.000000 -1 -1 609.8707744389263 174.23772631700058 665.9929576265645 225.34807080624358 -1 -1 -1 -1 -1 -1 -1 -1 1 
278 63 Car -1.000000 -1 -1 467.4461182143326 181.44181348193243 513.8830357879873 211.2466090271827 -1 -1 -1 -1 -1 -1 -1 -1 1 
278 64 Car -1.000000 -1 -1 506.4883922163494 179.2688608712843 563.8270095173598 214.336903227921 -1 -1 -1 -1 -1 -1 -1 -1 1 
279 1 Car -1.000000 -1 -1 610.3618059450059 174.20659944932498 667.782761089932 225.3198909415169 -1 -1 -1 -1 -1 -1 -1 -1 1 
279 63 Car -1.000000 -1 -1 445.66083950683503 182.1490626150981 501.71291746195027 214.95347191513827 -1 -1 -1 -1 -1 -1 -1 -1 1 
279 64 Car -1.000000 -1 -1 497.1579217441993 179.6743863210378 558.6729627865391 218.61548182798361 -1 -1 -1 -1 -1 -1 -1 -1 1 
280 1 Car -1.000000 -1 -1 611.7019242979617 174.73933287779386 668.4852309826493 225.17455501053757 -1 -1 -1 -1 -1 -1 -1 -1 1 
280 63 Car -1.000000 -1 -1 425.0476771306022 183.37430544753994 486.27323649152174 217.53509425083857 -1 -1 -1 -1 -1 -1 -1 -1 1 
280 64 Car -1.000000 -1 -1 468.4875577462221 180.39910558236716 543.2087877716499 226.99764619094304 -1 -1 -1 -1 -1 -1 -1 -1 1 
281 1 Car -1.000000 -1 -1 611.4125250524086 174.5995360329004 668.8904107842119 225.85189772151443 -1 -1 -1 -1 -1 -1 -1 -1 1 
281 63 Car -1.000000 -1 -1 400.23326076911593 184.09839232619765 467.76002821157425 225.87758438283274 -1 -1 -1 -1 -1 -1 -1 -1 1 
281 64 Car -1.000000 -1 -1 446.6912054727684 182.0911698945782 529.0873055619162 234.46279897287036 -1 -1 -1 -1 -1 -1 -1 -1 1 
282 1 Car -1.000000 -1 -1 612.3737123417311 177.7939384257569 669.7930746200534 229.3057601442457 -1 -1 -1 -1 -1 -1 -1 -1 1 
282 63 Car -1.000000 -1 -1 361.1637041290695 186.34008702768165 441.16503531526024 234.25300760965192 -1 -1 -1 -1 -1 -1 -1 -1 1 
282 64 Car -1.000000 -1 -1 410.14820098895626 183.77478630844604 512.5551582458643 244.75540781808914 -1 -1 -1 -1 -1 -1 -1 -1 1 
283 1 Car -1.000000 -1 -1 612.7924033623918 177.8183398106876 670.3868540724842 229.44477304794356 -1 -1 -1 -1 -1 -1 -1 -1 1 
283 63 Car -1.000000 -1 -1 314.351941661723 186.4527855142344 403.1130162734855 243.66820086850186 -1 -1 -1 -1 -1 -1 -1 -1 1 
283 64 Car -1.000000 -1 -1 364.8213894686823 187.05954712181455 485.5171062189045 264.2851666308398 -1 -1 -1 -1 -1 -1 -1 -1 1 
284 1 Car -1.000000 -1 -1 612.8579304170345 177.6794125314436 671.3722311187666 229.34796143648597 -1 -1 -1 -1 -1 -1 -1 -1 1 
284 63 Car -1.000000 -1 -1 248.50894557660996 190.15931456244627 360.7999169981331 260.39933979321074 -1 -1 -1 -1 -1 -1 -1 -1 1 
284 64 Car -1.000000 -1 -1 285.4580323178418 193.66051507039973 454.4334104551205 283.7706286560473 -1 -1 -1 -1 -1 -1 -1 -1 1 
285 1 Car -1.000000 -1 -1 613.9747250245022 174.40524836518998 672.0914457442286 226.21422126164794 -1 -1 -1 -1 -1 -1 -1 -1 1 
285 63 Car -1.000000 -1 -1 231.4997509736149 190.74481065684816 348.4356401132227 263.8903213304285 -1 -1 -1 -1 -1 -1 -1 -1 1 
285 64 Car -1.000000 -1 -1 142.15068987563365 197.75566809497164 403.60535198672227 327.39580991058926 -1 -1 -1 -1 -1 -1 -1 -1 1 
286 1 Car -1.000000 -1 -1 614.2424590423716 174.13435588202066 672.5050342356143 225.60169386119546 -1 -1 -1 -1 -1 -1 -1 -1 1 
286 64 Car -1.000000 -1 -1 -1.9562526194045802 195.56252650372005 313.56377627198367 374.43574177865844 -1 -1 -1 -1 -1 -1 -1 -1 1 
287 1 Car -1.000000 -1 -1 616.4376145730898 174.17708441141448 673.1865442490616 225.52583079488042 -1 -1 -1 -1 -1 -1 -1 -1 1 
287 64 Car -1.000000 -1 -1 -30.18302681949956 218.9360001240987 158.27393363490344 374.88939650612787 -1 -1 -1 -1 -1 -1 -1 -1 1 
288 1 Car -1.000000 -1 -1 617.8962001206213 174.90830338274884 673.4178031524557 225.18130727013136 -1 -1 -1 -1 -1 -1 -1 -1 1 
288 64 Car -1.000000 -1 -1 -52.908358336268456 220.227477675844 142.30080293686459 381.76959708674195 -1 -1 -1 -1 -1 -1 -1 -1 1 
289 1 Car -1.000000 -1 -1 618.0170638791993 174.51700163642215 674.09013668606 225.14854343151788 -1 -1 -1 -1 -1 -1 -1 -1 1 
290 1 Car -1.000000 -1 -1 618.110659676771 174.43528779783875 673.8929736175263 225.31125363692334 -1 -1 -1 -1 -1 -1 -1 -1 1 
291 1 Car -1.000000 -1 -1 617.5182292614395 175.14985072473553 673.5597806922626 224.863163069909 -1 -1 -1 -1 -1 -1 -1 -1 1 
292 1 Car -1.000000 -1 -1 616.5742096556193 174.9942830689062 673.6675152689953 224.8495363687156 -1 -1 -1 -1 -1 -1 -1 -1 1 
293 1 Car -1.000000 -1 -1 614.6486578159147 175.12509543636938 673.1138483351066 224.97231988842506 -1 -1 -1 -1 -1 -1 -1 -1 1 
