2 1 Car -1.000000 -1 -1 932.6398782565407 225.68305110711833 1244.7388380613706 374.90082660048495 -1 -1 -1 -1 -1 -1 -1 -1 1 
3 1 Car -1.000000 -1 -1 974.830303707442 243.77427929681937 1243.9136593742232 374.8684435715152 -1 -1 -1 -1 -1 -1 -1 -1 1 
32 1 Car -1.000000 -1 -1 997.5708101896084 251.6141477882157 1250.0765087403283 374.6319074058677 -1 -1 -1 -1 -1 -1 -1 -1 1 
34 2 Car -1.000000 -1 -1 613.3926722294553 154.0695359300645 650.4685256146778 184.59023104213193 -1 -1 -1 -1 -1 -1 -1 -1 1 
35 2 Car -1.000000 -1 -1 614.1360226767501 153.7315111767811 651.2576463890052 184.29067039765707 -1 -1 -1 -1 -1 -1 -1 -1 1 
63 2 Car -1.000000 -1 -1 614.4407677303915 152.68988012880268 651.9079505890066 183.53350961991268 -1 -1 -1 -1 -1 -1 -1 -1 1 
67 4 Car -1.000000 -1 -1 564.0885422493643 154.22058183129909 618.4965143282108 196.74554540063244 -1 -1 -1 -1 -1 -1 -1 -1 1 
68 4 Car -1.000000 -1 -1 560.9417370265695 155.60000694469943 615.3148349730378 197.6788700030131 -1 -1 -1 -1 -1 -1 -1 -1 1 
69 4 Car -1.000000 -1 -1 555.0503336105007 155.97767293225508 612.9415521745092 200.2416683633289 -1 -1 -1 -1 -1 -1 -1 -1 1 
70 4 Car -1.000000 -1 -1 551.8331096507186 158.2035768188043 610.786586076595 203.47309184739333 -1 -1 -1 -1 -1 -1 -1 -1 1 
71 4 Car -1.000000 -1 -1 549.2299415551005 159.01566722066556 609.4969676841067 203.4011772572756 -1 -1 -1 -1 -1 -1 -1 -1 1 
72 4 Car -1.000000 -1 -1 538.8869153370703 156.93793231579852 599.3027088834493 203.15787849110353 -1 -1 -1 -1 -1 -1 -1 -1 1 
73 4 Car -1.000000 -1 -1 537.0358569579358 156.1407286956351 599.8590038770395 204.62150695747061 -1 -1 -1 -1 -1 -1 -1 -1 1 
74 4 Car -1.000000 -1 -1 535.1702347187011 155.55828054306164 596.8346352514955 203.4336910151935 -1 -1 -1 -1 -1 -1 -1 -1 1 
75 4 Car -1.000000 -1 -1 532.5589375362854 154.7761262210166 595.5100987137133 204.02384431397138 -1 -1 -1 -1 -1 -1 -1 -1 1 
76 4 Car -1.000000 -1 -1 528.9034025474249 154.61960774830425 596.4356350863169 204.20341163061582 -1 -1 -1 -1 -1 -1 -1 -1 1 
77 4 Car -1.000000 -1 -1 523.2177101107791 154.6796132602824 592.4496325398324 206.46666806148187 -1 -1 -1 -1 -1 -1 -1 -1 1 
78 4 Car -1.000000 -1 -1 521.5703510226324 155.28675072538604 591.3598832405341 208.54348937194527 -1 -1 -1 -1 -1 -1 -1 -1 1 
79 4 Car -1.000000 -1 -1 518.250635291819 156.39170318947455 585.954066636245 210.61826309077986 -1 -1 -1 -1 -1 -1 -1 -1 1 
80 4 Car -1.000000 -1 -1 516.5453072136171 156.3399516418561 582.9526425186938 211.7511022622022 -1 -1 -1 -1 -1 -1 -1 -1 1 
81 4 Car -1.000000 -1 -1 512.6562283531355 155.10737558404537 579.3590997145026 210.32552314784488 -1 -1 -1 -1 -1 -1 -1 -1 1 
81 5 Car -1.000000 -1 -1 469.38068075733094 177.74670115068233 501.7122887847096 201.52541551519488 -1 -1 -1 -1 -1 -1 -1 -1 1 
82 4 Car -1.000000 -1 -1 507.37349917648424 153.02797767087438 578.6051097024424 211.1450082129848 -1 -1 -1 -1 -1 -1 -1 -1 1 
82 5 Car -1.000000 -1 -1 465.49393155350793 176.9772966557394 499.60366759298637 201.0609614839538 -1 -1 -1 -1 -1 -1 -1 -1 1 
83 4 Car -1.000000 -1 -1 503.17615318330616 152.82187293175926 576.8758595060514 211.19621951559336 -1 -1 -1 -1 -1 -1 -1 -1 1 
83 5 Car -1.000000 -1 -1 452.81453056904724 176.80458297328718 488.24159684582565 201.50333013713083 -1 -1 -1 -1 -1 -1 -1 -1 1 
84 4 Car -1.000000 -1 -1 498.1487686286393 152.1917909717178 576.6268029056291 213.00045632740316 -1 -1 -1 -1 -1 -1 -1 -1 1 
84 5 Car -1.000000 -1 -1 447.1642473428496 176.58724434146487 487.12899746814503 201.70382693917884 -1 -1 -1 -1 -1 -1 -1 -1 1 
85 4 Car -1.000000 -1 -1 494.21065400668897 153.43328078209066 574.7214482397072 213.29661285551998 -1 -1 -1 -1 -1 -1 -1 -1 1 
85 5 Car -1.000000 -1 -1 441.0356249669788 177.90091894124353 485.6931193729678 203.53376615872284 -1 -1 -1 -1 -1 -1 -1 -1 1 
86 4 Car -1.000000 -1 -1 490.91891390261156 153.3578228874485 573.4531740910768 216.1286210329153 -1 -1 -1 -1 -1 -1 -1 -1 1 
86 5 Car -1.000000 -1 -1 437.52146034664855 177.90118583638574 484.32239038072896 203.0453946359064 -1 -1 -1 -1 -1 -1 -1 -1 1 
87 4 Car -1.000000 -1 -1 486.687887338004 152.6783309635998 572.278373689571 215.1134170928647 -1 -1 -1 -1 -1 -1 -1 -1 1 
87 5 Car -1.000000 -1 -1 434.945668431215 177.72452890928457 482.7481077405812 203.21277202122909 -1 -1 -1 -1 -1 -1 -1 -1 1 
88 4 Car -1.000000 -1 -1 478.3348244379533 150.16238543078725 564.1452068258136 216.92770500549662 -1 -1 -1 -1 -1 -1 -1 -1 1 
88 5 Car -1.000000 -1 -1 423.55452430069585 177.0631455655028 471.0632272929819 203.56608907434753 -1 -1 -1 -1 -1 -1 -1 -1 1 
89 4 Car -1.000000 -1 -1 471.47520000089196 149.7187470129286 559.2513007672352 216.69244634477434 -1 -1 -1 -1 -1 -1 -1 -1 1 
89 5 Car -1.000000 -1 -1 415.0942346985553 175.92681993203317 469.7550283674364 204.27555736818712 -1 -1 -1 -1 -1 -1 -1 -1 1 
90 4 Car -1.000000 -1 -1 467.4862437452624 150.08440967842148 558.5947862106597 219.20007509431633 -1 -1 -1 -1 -1 -1 -1 -1 1 
90 5 Car -1.000000 -1 -1 414.11673076285194 177.39748158563157 466.31789984366947 204.49345954726783 -1 -1 -1 -1 -1 -1 -1 -1 1 
91 4 Car -1.000000 -1 -1 461.5774540029443 149.88045399453918 554.5268627500188 220.95192482567313 -1 -1 -1 -1 -1 -1 -1 -1 1 
91 5 Car -1.000000 -1 -1 410.7711087670814 177.83147270277533 464.3831260360718 205.62318184801612 -1 -1 -1 -1 -1 -1 -1 -1 1 
92 4 Car -1.000000 -1 -1 454.7062476704759 153.74847700052533 550.1418294234999 225.4067770119204 -1 -1 -1 -1 -1 -1 -1 -1 1 
92 5 Car -1.000000 -1 -1 407.21434215799115 178.69373393329144 460.6100004446588 207.41785634810364 -1 -1 -1 -1 -1 -1 -1 -1 1 
93 4 Car -1.000000 -1 -1 448.46357608488086 152.79373577601692 548.9627707611652 228.4413429530119 -1 -1 -1 -1 -1 -1 -1 -1 1 
93 5 Car -1.000000 -1 -1 395.8999814579109 181.44027706718768 449.2464953627256 210.56781276670645 -1 -1 -1 -1 -1 -1 -1 -1 1 
94 4 Car -1.000000 -1 -1 442.9213776570657 152.8261990060756 545.5797749767434 229.21963511019553 -1 -1 -1 -1 -1 -1 -1 -1 1 
94 5 Car -1.000000 -1 -1 385.0048551441295 181.64558639258107 443.76657627779707 211.4346683350549 -1 -1 -1 -1 -1 -1 -1 -1 1 
95 4 Car -1.000000 -1 -1 436.1875927103323 151.77269365516798 543.4505613698192 230.30579458097478 -1 -1 -1 -1 -1 -1 -1 -1 1 
95 5 Car -1.000000 -1 -1 386.28953757575334 182.09449857264318 441.8668512432612 211.75620002402314 -1 -1 -1 -1 -1 -1 -1 -1 1 
96 4 Car -1.000000 -1 -1 429.53744537421335 149.5659621220085 541.9337242915354 232.71108711054572 -1 -1 -1 -1 -1 -1 -1 -1 1 
96 5 Car -1.000000 -1 -1 380.57197281455063 181.8363622718864 437.3291909667804 213.14878589550526 -1 -1 -1 -1 -1 -1 -1 -1 1 
97 4 Car -1.000000 -1 -1 425.54060479834317 148.7013310984263 538.6071425037144 234.28072123766879 -1 -1 -1 -1 -1 -1 -1 -1 1 
97 5 Car -1.000000 -1 -1 374.0738420827108 182.10886194828956 427.1739742331594 213.2041734846841 -1 -1 -1 -1 -1 -1 -1 -1 1 
98 4 Car -1.000000 -1 -1 407.5048218919136 148.1218567324499 533.5739662858915 236.45087343845796 -1 -1 -1 -1 -1 -1 -1 -1 1 
98 5 Car -1.000000 -1 -1 362.38998551781594 181.64046940904922 419.3337081495029 213.7903659493755 -1 -1 -1 -1 -1 -1 -1 -1 1 
99 4 Car -1.000000 -1 -1 403.52388571958465 147.9116269307384 527.1468341724549 238.54545100741439 -1 -1 -1 -1 -1 -1 -1 -1 1 
99 5 Car -1.000000 -1 -1 358.3841172892809 181.7547542988956 412.86744600235517 214.7661316730529 -1 -1 -1 -1 -1 -1 -1 -1 1 
100 4 Car -1.000000 -1 -1 395.2713909697203 143.86218835385202 520.2139126952408 242.0096344131252 -1 -1 -1 -1 -1 -1 -1 -1 1 
100 5 Car -1.000000 -1 -1 345.4100645361804 182.02037134280087 401.2023197949693 215.55096270051627 -1 -1 -1 -1 -1 -1 -1 -1 1 
101 4 Car -1.000000 -1 -1 386.82448337003075 139.75763564746555 518.6879882080925 241.87343715875085 -1 -1 -1 -1 -1 -1 -1 -1 1 
101 5 Car -1.000000 -1 -1 340.3823945605663 180.49357389356496 392.84591667856876 213.97256545300462 -1 -1 -1 -1 -1 -1 -1 -1 1 
102 4 Car -1.000000 -1 -1 376.1615898613501 136.6464795678409 515.6692186709089 241.8171138116272 -1 -1 -1 -1 -1 -1 -1 -1 1 
102 5 Car -1.000000 -1 -1 327.2549356797823 178.40109906545595 381.2461612364663 214.53839936499116 -1 -1 -1 -1 -1 -1 -1 -1 1 
103 4 Car -1.000000 -1 -1 365.700811142098 136.33813966847086 510.12955262675496 244.14276020854663 -1 -1 -1 -1 -1 -1 -1 -1 1 
103 5 Car -1.000000 -1 -1 318.44912427394684 177.02716393591206 372.35913897455697 215.49206527391402 -1 -1 -1 -1 -1 -1 -1 -1 1 
104 4 Car -1.000000 -1 -1 355.26055194184937 137.5814499650364 508.0173030868308 246.12035860138695 -1 -1 -1 -1 -1 -1 -1 -1 1 
104 5 Car -1.000000 -1 -1 311.3764798395083 177.7288986253332 364.16415655565083 216.69249185714773 -1 -1 -1 -1 -1 -1 -1 -1 1 
105 4 Car -1.000000 -1 -1 344.4340413471638 137.8156730143916 500.89690133571975 250.4224239317021 -1 -1 -1 -1 -1 -1 -1 -1 1 
105 5 Car -1.000000 -1 -1 298.9630521481875 180.76395898685573 349.34537978077253 219.42745103703444 -1 -1 -1 -1 -1 -1 -1 -1 1 
106 4 Car -1.000000 -1 -1 330.4553195640469 137.55654833544136 497.2862595927378 255.34571155435017 -1 -1 -1 -1 -1 -1 -1 -1 1 
106 5 Car -1.000000 -1 -1 290.6626990186186 180.83904168644193 342.0185846576819 220.24994763725593 -1 -1 -1 -1 -1 -1 -1 -1 1 
107 4 Car -1.000000 -1 -1 316.6624100838395 135.0087753583935 492.2071096654361 257.6503870891045 -1 -1 -1 -1 -1 -1 -1 -1 1 
108 4 Car -1.000000 -1 -1 298.7197053836478 130.20805854545455 485.43490107222306 260.8021713738053 -1 -1 -1 -1 -1 -1 -1 -1 1 
109 4 Car -1.000000 -1 -1 274.0568855760762 123.29860536215297 476.87155062829675 268.8935092361193 -1 -1 -1 -1 -1 -1 -1 -1 1 
110 4 Car -1.000000 -1 -1 257.78652529051317 123.352117684093 464.9396475056566 271.0061135666787 -1 -1 -1 -1 -1 -1 -1 -1 1 
111 4 Car -1.000000 -1 -1 241.01681485982147 120.64860607433265 457.62468981532356 271.826372168125 -1 -1 -1 -1 -1 -1 -1 -1 1 
112 4 Car -1.000000 -1 -1 216.6427570024032 118.24537497063231 452.5418602001291 278.04687749169614 -1 -1 -1 -1 -1 -1 -1 -1 1 
113 4 Car -1.000000 -1 -1 194.10643266390923 116.74873972804437 441.26992931611323 282.0615619598101 -1 -1 -1 -1 -1 -1 -1 -1 1 
114 4 Car -1.000000 -1 -1 165.97479342935137 116.87799008964404 431.90593177210667 294.2466000470537 -1 -1 -1 -1 -1 -1 -1 -1 1 
115 4 Car -1.000000 -1 -1 119.33212694505124 114.33649766931549 418.78826086517 303.7791631135308 -1 -1 -1 -1 -1 -1 -1 -1 1 
116 4 Car -1.000000 -1 -1 82.50542241460968 108.9972367035088 410.8687805012602 315.2925896737443 -1 -1 -1 -1 -1 -1 -1 -1 1 
117 4 Car -1.000000 -1 -1 27.131008001944934 101.0819172319191 394.91220421158414 324.1162635883934 -1 -1 -1 -1 -1 -1 -1 -1 1 
118 4 Car -1.000000 -1 -1 -2.169645590191351 91.1198730994842 393.114118294992 339.95846106963694 -1 -1 -1 -1 -1 -1 -1 -1 1 
119 4 Car -1.000000 -1 -1 -4.772262830094178 81.80639798612992 370.9146316472604 350.9646121805751 -1 -1 -1 -1 -1 -1 -1 -1 1 
120 4 Car -1.000000 -1 -1 -3.736210048219448 75.86569961650326 358.444746255097 361.9662393604959 -1 -1 -1 -1 -1 -1 -1 -1 1 
121 4 Car -1.000000 -1 -1 -13.48459115624857 61.44888274987562 345.20583297623045 371.6383682431458 -1 -1 -1 -1 -1 -1 -1 -1 1 
122 4 Car -1.000000 -1 -1 -21.160611980227912 53.85452851690269 328.37024645339864 370.6181555574418 -1 -1 -1 -1 -1 -1 -1 -1 1 
123 4 Car -1.000000 -1 -1 -23.745106617795017 39.35028912389632 297.5356479659 377.39216163544063 -1 -1 -1 -1 -1 -1 -1 -1 1 
124 4 Car -1.000000 -1 -1 -19.39319188698036 55.26410729067891 273.8201645349303 371.082767904871 -1 -1 -1 -1 -1 -1 -1 -1 1 
125 4 Car -1.000000 -1 -1 -36.876451401107786 35.924991974815896 262.23865536607696 382.27161806472054 -1 -1 -1 -1 -1 -1 -1 -1 1 
126 4 Car -1.000000 -1 -1 -31.30278568589955 50.224171601473785 231.36684907423995 394.47617730036654 -1 -1 -1 -1 -1 -1 -1 -1 1 
127 4 Car -1.000000 -1 -1 -29.749004500764997 90.61900586327599 179.3910950042253 378.067579492802 -1 -1 -1 -1 -1 -1 -1 -1 1 
128 4 Car -1.000000 -1 -1 -25.666271205490908 142.37061062777647 133.76766374221387 383.6232262823996 -1 -1 -1 -1 -1 -1 -1 -1 1 
162 4 Car -1.000000 -1 -1 -40.229927761784346 149.0362829004483 117.7478680376694 388.10008046480993 -1 -1 -1 -1 -1 -1 -1 -1 1 
164 10 Car -1.000000 -1 -1 1179.8027999725634 178.6857394286683 1239.369779854809 289.722853442296 -1 -1 -1 -1 -1 -1 -1 -1 1 
223 10 Car -1.000000 -1 -1 1193.2193468800672 175.7129682013635 1256.3993467823766 293.4849994937808 -1 -1 -1 -1 -1 -1 -1 -1 1 
