2 1 Car -1.000000 -1 -1 1.3719442886529691 94.63019684465277 261.90240009031186 371.03685512565096 -1 -1 -1 -1 -1 -1 -1 -1 1 
3 1 Car -1.000000 -1 -1 2.0262192206449186 95.4752757011336 260.82167003397933 370.0653024641025 -1 -1 -1 -1 -1 -1 -1 -1 1 
4 1 Car -1.000000 -1 -1 2.7406283226751214 96.55235720802898 260.8299244458932 369.80017267211906 -1 -1 -1 -1 -1 -1 -1 -1 1 
5 1 Car -1.000000 -1 -1 2.5055524454506894 96.7498011285029 260.99777342681944 370.0165324665252 -1 -1 -1 -1 -1 -1 -1 -1 1 
6 1 Car -1.000000 -1 -1 2.681720208976259 96.35415282500864 261.8487955964248 369.8096146270792 -1 -1 -1 -1 -1 -1 -1 -1 1 
7 1 Car -1.000000 -1 -1 1.7793110927783573 95.91312847938053 262.0018510858811 370.38817588483175 -1 -1 -1 -1 -1 -1 -1 -1 1 
8 1 Car -1.000000 -1 -1 1.648775658448045 95.81689812722385 261.5190027442261 369.86178744483743 -1 -1 -1 -1 -1 -1 -1 -1 1 
9 1 Car -1.000000 -1 -1 1.783743008870772 94.53798667349855 264.0729975031273 371.08250904153226 -1 -1 -1 -1 -1 -1 -1 -1 1 
10 1 Car -1.000000 -1 -1 2.500539063600627 94.35977961405638 264.9278243080158 370.989122846292 -1 -1 -1 -1 -1 -1 -1 -1 1 
11 1 Car -1.000000 -1 -1 1.9080793495248258 94.42803535175784 262.89727191631994 371.35061339260903 -1 -1 -1 -1 -1 -1 -1 -1 1 
12 1 Car -1.000000 -1 -1 1.4971386446260624 94.26984215006527 261.549303571016 371.78273679301094 -1 -1 -1 -1 -1 -1 -1 -1 1 
13 1 Car -1.000000 -1 -1 1.704300570561685 94.5791239656973 260.02269654789654 371.2203477913516 -1 -1 -1 -1 -1 -1 -1 -1 1 
14 1 Car -1.000000 -1 -1 3.2310204177297805 94.56943767594092 262.5852531334884 371.4134281881535 -1 -1 -1 -1 -1 -1 -1 -1 1 
15 1 Car -1.000000 -1 -1 3.5266775143675204 94.6708425576852 262.8674997012421 370.97430889758044 -1 -1 -1 -1 -1 -1 -1 -1 1 
16 1 Car -1.000000 -1 -1 3.305817380110227 95.1838600720726 262.4037114944282 370.5642651333898 -1 -1 -1 -1 -1 -1 -1 -1 1 
17 1 Car -1.000000 -1 -1 2.1970802602765787 93.50246274172855 263.6668789673939 371.8538719576904 -1 -1 -1 -1 -1 -1 -1 -1 1 
18 1 Car -1.000000 -1 -1 1.8905198809983403 94.07428774877295 261.28985303003066 371.6908340405839 -1 -1 -1 -1 -1 -1 -1 -1 1 
19 1 Car -1.000000 -1 -1 3.6405220733611827 95.776988935595 261.1745392018601 370.33772698579884 -1 -1 -1 -1 -1 -1 -1 -1 1 
20 1 Car -1.000000 -1 -1 3.108886221414224 95.65816450422517 261.1226374802933 370.45747647643844 -1 -1 -1 -1 -1 -1 -1 -1 1 
21 1 Car -1.000000 -1 -1 1.4314260070858325 94.53508165702848 260.78730416763085 371.15736944151524 -1 -1 -1 -1 -1 -1 -1 -1 1 
22 1 Car -1.000000 -1 -1 -0.38019782259257795 82.92818244143498 264.8210527028299 367.514314896782 -1 -1 -1 -1 -1 -1 -1 -1 1 
23 1 Car -1.000000 -1 -1 -3.671634277274819 92.26281240365068 260.11769220433166 376.0306903677616 -1 -1 -1 -1 -1 -1 -1 -1 1 
24 1 Car -1.000000 -1 -1 0.10290981344263628 82.75558020540169 263.2405659213361 367.8401811057506 -1 -1 -1 -1 -1 -1 -1 -1 1 
25 1 Car -1.000000 -1 -1 2.0329612873287033 93.03134409587813 258.3832158797691 370.49848001901756 -1 -1 -1 -1 -1 -1 -1 -1 1 
26 1 Car -1.000000 -1 -1 -1.7428293579297076 96.56728541539104 254.5207663597781 372.8141814688176 -1 -1 -1 -1 -1 -1 -1 -1 1 
27 1 Car -1.000000 -1 -1 2.2659533414661013 95.93097329523295 257.5610876728203 370.38597929289733 -1 -1 -1 -1 -1 -1 -1 -1 1 
28 1 Car -1.000000 -1 -1 1.9957233797138372 95.34363933793378 258.24098839157944 370.454451900993 -1 -1 -1 -1 -1 -1 -1 -1 1 
29 1 Car -1.000000 -1 -1 1.6333303416698186 95.77789968781738 257.71244968775164 370.51910273425176 -1 -1 -1 -1 -1 -1 -1 -1 1 
30 1 Car -1.000000 -1 -1 1.8228860717483713 95.69832820067862 257.8479118540231 370.4865130119049 -1 -1 -1 -1 -1 -1 -1 -1 1 
31 1 Car -1.000000 -1 -1 2.6775622594193464 96.00298209242294 259.13452123668105 370.1870947774417 -1 -1 -1 -1 -1 -1 -1 -1 1 
32 1 Car -1.000000 -1 -1 2.985275351169008 96.26602828119738 260.21773039095217 370.04181247264796 -1 -1 -1 -1 -1 -1 -1 -1 1 
33 1 Car -1.000000 -1 -1 2.4763501490313047 95.86199335050779 260.88012975892343 370.42866569365606 -1 -1 -1 -1 -1 -1 -1 -1 1 
34 1 Car -1.000000 -1 -1 2.729493832479392 96.73749214182351 260.6798929193982 369.5555112545501 -1 -1 -1 -1 -1 -1 -1 -1 1 
35 1 Car -1.000000 -1 -1 2.9101501733514397 96.50795576082558 261.80992182583213 369.40477068044174 -1 -1 -1 -1 -1 -1 -1 -1 1 
36 1 Car -1.000000 -1 -1 3.079221272288777 96.79110275148676 262.4210361072031 369.0505539083864 -1 -1 -1 -1 -1 -1 -1 -1 1 
37 1 Car -1.000000 -1 -1 2.5515668920373287 96.2130788720649 263.44141821578455 369.4410539697339 -1 -1 -1 -1 -1 -1 -1 -1 1 
38 1 Car -1.000000 -1 -1 1.9932735302539015 96.22150310318048 263.38492000494546 369.60688858925266 -1 -1 -1 -1 -1 -1 -1 -1 1 
39 1 Car -1.000000 -1 -1 1.8933939491280967 96.25518882222235 263.54662871976853 369.6419598509009 -1 -1 -1 -1 -1 -1 -1 -1 1 
40 1 Car -1.000000 -1 -1 1.9686647420101053 97.0668781478129 263.2133410438024 369.69120122022696 -1 -1 -1 -1 -1 -1 -1 -1 1 
41 1 Car -1.000000 -1 -1 2.1249444715008394 96.9994025655827 263.6911213185171 369.3692213194753 -1 -1 -1 -1 -1 -1 -1 -1 1 
42 1 Car -1.000000 -1 -1 1.8078005748060946 96.1809297351947 264.2067934945894 369.43290579808456 -1 -1 -1 -1 -1 -1 -1 -1 1 
43 1 Car -1.000000 -1 -1 1.8419614361689867 96.45198375509503 263.45386027872826 368.8995178847962 -1 -1 -1 -1 -1 -1 -1 -1 1 
44 1 Car -1.000000 -1 -1 1.172464219700771 95.57530050822785 263.87987247158685 369.5408461555818 -1 -1 -1 -1 -1 -1 -1 -1 1 
45 1 Car -1.000000 -1 -1 0.671198716192464 95.34089398429532 263.95049786166214 370.2713348187966 -1 -1 -1 -1 -1 -1 -1 -1 1 
46 1 Car -1.000000 -1 -1 1.495618349066973 95.40219952839223 264.52844440108765 370.07395880156275 -1 -1 -1 -1 -1 -1 -1 -1 1 
47 1 Car -1.000000 -1 -1 0.5210527910930978 94.0547900088375 264.73609713066514 370.8475186177036 -1 -1 -1 -1 -1 -1 -1 -1 1 
48 1 Car -1.000000 -1 -1 -3.5697013245489586 95.17588021763135 262.51326790619055 374.033537265808 -1 -1 -1 -1 -1 -1 -1 -1 1 
49 1 Car -1.000000 -1 -1 -7.263957575721321 91.06467112726656 265.06871613564 378.79889447187065 -1 -1 -1 -1 -1 -1 -1 -1 1 
50 1 Car -1.000000 -1 -1 -1.71011069212949 93.11810280276532 262.4883047148539 372.81656679216553 -1 -1 -1 -1 -1 -1 -1 -1 1 
51 1 Car -1.000000 -1 -1 1.4217061712265036 94.74021752468707 261.5235056195281 370.39034952420445 -1 -1 -1 -1 -1 -1 -1 -1 1 
52 1 Car -1.000000 -1 -1 2.0975103156544037 96.14590600063289 260.85732952035914 369.460919887159 -1 -1 -1 -1 -1 -1 -1 -1 1 
53 1 Car -1.000000 -1 -1 2.171088197270393 96.85593992312079 260.814539854057 369.6146096495453 -1 -1 -1 -1 -1 -1 -1 -1 1 
54 1 Car -1.000000 -1 -1 2.674121687542538 96.62925762173666 261.5925020493047 369.2229751182307 -1 -1 -1 -1 -1 -1 -1 -1 1 
55 1 Car -1.000000 -1 -1 2.922486621627513 97.65873343379602 260.6866253775359 367.8822147489768 -1 -1 -1 -1 -1 -1 -1 -1 1 
56 1 Car -1.000000 -1 -1 1.7050068637113611 96.48600880834138 261.1781691669197 368.9801232682146 -1 -1 -1 -1 -1 -1 -1 -1 1 
57 1 Car -1.000000 -1 -1 1.7690512381753933 95.5093616234941 262.53027434158633 369.91335675980446 -1 -1 -1 -1 -1 -1 -1 -1 1 
58 1 Car -1.000000 -1 -1 2.2112636740323524 95.77565054610133 261.6576517901632 370.42769897128665 -1 -1 -1 -1 -1 -1 -1 -1 1 
59 1 Car -1.000000 -1 -1 2.6669943121674464 95.25240206212968 262.1319806989156 370.46356392419386 -1 -1 -1 -1 -1 -1 -1 -1 1 
60 1 Car -1.000000 -1 -1 3.418543199324006 96.62933504183036 260.92498852324843 369.0965424976849 -1 -1 -1 -1 -1 -1 -1 -1 1 
61 1 Car -1.000000 -1 -1 3.0125980899220224 95.3728119602932 262.1401246244352 370.03197780900916 -1 -1 -1 -1 -1 -1 -1 -1 1 
62 1 Car -1.000000 -1 -1 2.559395543833375 95.77784517424215 261.4912285899759 369.96765891510574 -1 -1 -1 -1 -1 -1 -1 -1 1 
63 1 Car -1.000000 -1 -1 2.9668730132178496 96.50501400373264 261.152417382492 369.1844973203334 -1 -1 -1 -1 -1 -1 -1 -1 1 
64 1 Car -1.000000 -1 -1 2.701779646303521 96.89806711671872 261.2360167349859 369.315574860568 -1 -1 -1 -1 -1 -1 -1 -1 1 
65 1 Car -1.000000 -1 -1 2.4580366702593324 96.90122177042011 261.5765101841695 369.4171828450868 -1 -1 -1 -1 -1 -1 -1 -1 1 
66 1 Car -1.000000 -1 -1 2.2858972721283806 97.38097173895122 261.18214878584524 369.24387758629655 -1 -1 -1 -1 -1 -1 -1 -1 1 
67 1 Car -1.000000 -1 -1 2.390149743136476 96.90756089418468 261.7558956275064 369.17258360435255 -1 -1 -1 -1 -1 -1 -1 -1 1 
68 1 Car -1.000000 -1 -1 2.364350347942974 96.76376891896666 262.1825500365542 369.2075519922031 -1 -1 -1 -1 -1 -1 -1 -1 1 
69 1 Car -1.000000 -1 -1 2.2218829804794495 96.91781240005415 262.1226422946483 369.23655046852195 -1 -1 -1 -1 -1 -1 -1 -1 1 
70 1 Car -1.000000 -1 -1 2.1917063358448274 97.24723838656101 261.7423786604702 368.98231605916635 -1 -1 -1 -1 -1 -1 -1 -1 1 
71 1 Car -1.000000 -1 -1 1.8518104283628816 96.8246294849398 262.1390782441912 369.45089400210503 -1 -1 -1 -1 -1 -1 -1 -1 1 
72 1 Car -1.000000 -1 -1 2.1253945682266533 96.93914520060974 261.9394401800381 369.1706711441756 -1 -1 -1 -1 -1 -1 -1 -1 1 
73 1 Car -1.000000 -1 -1 2.256366982475299 96.9583531447658 261.9134133309105 368.99457496297424 -1 -1 -1 -1 -1 -1 -1 -1 1 
74 1 Car -1.000000 -1 -1 2.252603713569499 97.17363181746504 261.87532953704505 368.96178791212037 -1 -1 -1 -1 -1 -1 -1 -1 1 
75 1 Car -1.000000 -1 -1 2.253132560081042 97.11587511075592 262.1346843690393 369.2050033671344 -1 -1 -1 -1 -1 -1 -1 -1 1 
76 1 Car -1.000000 -1 -1 2.072144636903289 96.9404792958509 262.11530925656814 369.1363325171602 -1 -1 -1 -1 -1 -1 -1 -1 1 
77 1 Car -1.000000 -1 -1 1.8665944745891636 96.66081685894281 261.91696419677316 369.1762946756461 -1 -1 -1 -1 -1 -1 -1 -1 1 
78 1 Car -1.000000 -1 -1 1.8102842173979923 96.45429358583831 261.8769559216046 369.3565627656883 -1 -1 -1 -1 -1 -1 -1 -1 1 
79 1 Car -1.000000 -1 -1 2.036107335701729 96.64689453384963 261.75515747675826 369.163201715406 -1 -1 -1 -1 -1 -1 -1 -1 1 
80 1 Car -1.000000 -1 -1 2.0448541262171602 96.56305531913961 261.76886573233924 369.20207982945584 -1 -1 -1 -1 -1 -1 -1 -1 1 
81 1 Car -1.000000 -1 -1 1.96326818068016 95.95789168523038 262.2025681120484 369.39967404533667 -1 -1 -1 -1 -1 -1 -1 -1 1 
82 1 Car -1.000000 -1 -1 2.026966483351714 95.90968848268827 262.2593616043688 369.441786957473 -1 -1 -1 -1 -1 -1 -1 -1 1 
83 1 Car -1.000000 -1 -1 1.9044283155938047 95.71367197820194 262.065224684852 369.4658066250479 -1 -1 -1 -1 -1 -1 -1 -1 1 
84 1 Car -1.000000 -1 -1 2.05927011291152 95.59277943797616 262.3903689794469 369.60379138928255 -1 -1 -1 -1 -1 -1 -1 -1 1 
85 1 Car -1.000000 -1 -1 1.7103392391430532 95.43695937363543 262.1585711443645 369.98049829456767 -1 -1 -1 -1 -1 -1 -1 -1 1 
86 1 Car -1.000000 -1 -1 1.8414722392372482 95.41885580749218 262.17061122041883 370.0380948705423 -1 -1 -1 -1 -1 -1 -1 -1 1 
87 1 Car -1.000000 -1 -1 2.245827495840416 95.84008940073255 262.1707344634675 369.8030108039251 -1 -1 -1 -1 -1 -1 -1 -1 1 
88 1 Car -1.000000 -1 -1 2.2195362240496195 95.11148472681833 263.0923214458654 369.94564816396763 -1 -1 -1 -1 -1 -1 -1 -1 1 
89 1 Car -1.000000 -1 -1 2.3400356422596644 95.82698688227319 262.46329352203963 369.65182365817657 -1 -1 -1 -1 -1 -1 -1 -1 1 
90 1 Car -1.000000 -1 -1 2.290333476504486 95.9117886086919 262.59785264904264 369.62021111274004 -1 -1 -1 -1 -1 -1 -1 -1 1 
91 1 Car -1.000000 -1 -1 2.4758535583669925 96.06834094596192 262.48499085946094 369.2481234383448 -1 -1 -1 -1 -1 -1 -1 -1 1 
92 1 Car -1.000000 -1 -1 1.9828892019543503 96.27651188058454 262.42255862916954 369.97459255650153 -1 -1 -1 -1 -1 -1 -1 -1 1 
93 1 Car -1.000000 -1 -1 1.9893247655265611 95.77747560291414 262.8890204144226 369.9532227992928 -1 -1 -1 -1 -1 -1 -1 -1 1 
94 1 Car -1.000000 -1 -1 1.8813711737157064 95.4499956612294 263.04481065504007 370.2159267516223 -1 -1 -1 -1 -1 -1 -1 -1 1 
95 1 Car -1.000000 -1 -1 1.9422060674222905 95.63175254643221 262.84957175481156 370.3467725189328 -1 -1 -1 -1 -1 -1 -1 -1 1 
96 1 Car -1.000000 -1 -1 2.1562330582311517 95.78088642081326 262.7429527511259 370.3000207112246 -1 -1 -1 -1 -1 -1 -1 -1 1 
97 1 Car -1.000000 -1 -1 2.3472941589394054 95.91239585191741 262.86848625919293 370.2510502998533 -1 -1 -1 -1 -1 -1 -1 -1 1 
98 1 Car -1.000000 -1 -1 2.655506794242285 96.32027089595448 262.63922416028464 369.6732661110946 -1 -1 -1 -1 -1 -1 -1 -1 1 
99 1 Car -1.000000 -1 -1 2.332746398767796 95.86773532669665 262.8136905030252 369.77004984694486 -1 -1 -1 -1 -1 -1 -1 -1 1 
100 1 Car -1.000000 -1 -1 2.6027090683380436 96.35847279754617 262.3865722364709 369.31608015257655 -1 -1 -1 -1 -1 -1 -1 -1 1 
101 1 Car -1.000000 -1 -1 2.412318836248744 96.1190020437709 262.70004949417824 369.40626606506555 -1 -1 -1 -1 -1 -1 -1 -1 1 
102 1 Car -1.000000 -1 -1 2.2528028763193504 96.22741742874686 262.44428895356873 369.4964490184492 -1 -1 -1 -1 -1 -1 -1 -1 1 
103 1 Car -1.000000 -1 -1 2.5327928079388187 96.37355591930165 262.78567304464445 369.25311821658556 -1 -1 -1 -1 -1 -1 -1 -1 1 
104 1 Car -1.000000 -1 -1 2.3461281371323537 96.53652409861601 262.67991682528714 369.3510492924107 -1 -1 -1 -1 -1 -1 -1 -1 1 
105 1 Car -1.000000 -1 -1 1.7910459273086587 96.24208967325228 262.57021071084057 369.7469837953647 -1 -1 -1 -1 -1 -1 -1 -1 1 
106 1 Car -1.000000 -1 -1 2.351030103274013 96.89436576355445 262.5004564657894 369.25244191896974 -1 -1 -1 -1 -1 -1 -1 -1 1 
107 1 Car -1.000000 -1 -1 2.0019900195883906 96.21880122321235 263.1705658035148 369.55465644909066 -1 -1 -1 -1 -1 -1 -1 -1 1 
108 1 Car -1.000000 -1 -1 2.336269801463999 96.89728627086862 263.2583847252657 369.34267975716887 -1 -1 -1 -1 -1 -1 -1 -1 1 
109 1 Car -1.000000 -1 -1 1.810168059086152 96.61666171082095 262.9244503746028 369.37315685912495 -1 -1 -1 -1 -1 -1 -1 -1 1 
110 1 Car -1.000000 -1 -1 1.7028865808188414 96.4808218889026 262.840971506865 369.506568403385 -1 -1 -1 -1 -1 -1 -1 -1 1 
111 1 Car -1.000000 -1 -1 1.612088545229284 95.82815553465613 263.1050739650261 369.67114849161214 -1 -1 -1 -1 -1 -1 -1 -1 1 
112 1 Car -1.000000 -1 -1 2.374190721009711 97.04325055435388 262.3873167300542 368.9744761073806 -1 -1 -1 -1 -1 -1 -1 -1 1 
113 1 Car -1.000000 -1 -1 2.2359373925161776 96.63464712286725 262.4559926004565 368.87183571469296 -1 -1 -1 -1 -1 -1 -1 -1 1 
114 1 Car -1.000000 -1 -1 2.100212567108258 96.96652883267032 261.96254646839475 369.11603592335564 -1 -1 -1 -1 -1 -1 -1 -1 1 
115 1 Car -1.000000 -1 -1 2.1640531042232 96.93482094644403 261.93184065438027 369.18985528460144 -1 -1 -1 -1 -1 -1 -1 -1 1 
116 1 Car -1.000000 -1 -1 2.3269381898226698 96.81753741596708 262.1619481342944 369.14719734526716 -1 -1 -1 -1 -1 -1 -1 -1 1 
117 1 Car -1.000000 -1 -1 2.377058655249243 97.05039816336105 261.92590016533364 369.01315905597414 -1 -1 -1 -1 -1 -1 -1 -1 1 
118 1 Car -1.000000 -1 -1 2.309591461516959 97.05394165726761 261.8013293887002 369.0105527617323 -1 -1 -1 -1 -1 -1 -1 -1 1 
119 1 Car -1.000000 -1 -1 2.25890164904186 96.8650904030583 261.92928794280215 369.0416612729689 -1 -1 -1 -1 -1 -1 -1 -1 1 
120 1 Car -1.000000 -1 -1 1.812250167664331 97.05562895953489 261.58285810152677 369.6578110919244 -1 -1 -1 -1 -1 -1 -1 -1 1 
121 1 Car -1.000000 -1 -1 1.657249220139903 96.76400225872217 261.5842460019144 369.81847798376987 -1 -1 -1 -1 -1 -1 -1 -1 1 
122 1 Car -1.000000 -1 -1 1.683444683357692 96.59554707358674 261.5570074432235 369.75716354298913 -1 -1 -1 -1 -1 -1 -1 -1 1 
123 1 Car -1.000000 -1 -1 1.984637811441928 96.55483582445379 261.992069778182 369.93191774263175 -1 -1 -1 -1 -1 -1 -1 -1 1 
124 1 Car -1.000000 -1 -1 2.162323995588764 97.10160063851279 261.8373907946134 370.1966703415685 -1 -1 -1 -1 -1 -1 -1 -1 1 
125 1 Car -1.000000 -1 -1 2.2343686963829157 97.06776359174611 262.08509652180726 370.2832603079893 -1 -1 -1 -1 -1 -1 -1 -1 1 
126 1 Car -1.000000 -1 -1 2.3291774801048746 96.85566580315322 262.4777108494999 370.3439819480016 -1 -1 -1 -1 -1 -1 -1 -1 1 
127 1 Car -1.000000 -1 -1 2.122312686637372 96.6115427244024 262.51427656451375 370.5050748282044 -1 -1 -1 -1 -1 -1 -1 -1 1 
128 1 Car -1.000000 -1 -1 2.107229123940982 96.37929901622104 262.3943363635324 370.26391553598603 -1 -1 -1 -1 -1 -1 -1 -1 1 
129 1 Car -1.000000 -1 -1 2.3264429576588554 95.96505779201931 262.76765412583353 370.098429102796 -1 -1 -1 -1 -1 -1 -1 -1 1 
130 1 Car -1.000000 -1 -1 2.0824972507647033 96.29755241379641 261.56924527875276 369.6814222050276 -1 -1 -1 -1 -1 -1 -1 -1 1 
131 1 Car -1.000000 -1 -1 2.1803867468064766 96.24697316500331 261.86339167418214 369.79621042471547 -1 -1 -1 -1 -1 -1 -1 -1 1 
132 1 Car -1.000000 -1 -1 2.2862567135019276 95.9692378096058 262.44332541179193 369.91201972998454 -1 -1 -1 -1 -1 -1 -1 -1 1 
133 1 Car -1.000000 -1 -1 2.229360522455579 96.11032134711832 262.17406726988094 369.7539507786988 -1 -1 -1 -1 -1 -1 -1 -1 1 
134 1 Car -1.000000 -1 -1 2.071476609141257 95.93864963583155 262.2753017567616 369.8773876254147 -1 -1 -1 -1 -1 -1 -1 -1 1 
135 1 Car -1.000000 -1 -1 2.220342556474435 95.96458473598716 262.417452880533 369.76436838834206 -1 -1 -1 -1 -1 -1 -1 -1 1 
136 1 Car -1.000000 -1 -1 2.0921744051823055 96.14091815664867 262.3571711711895 369.93155861400714 -1 -1 -1 -1 -1 -1 -1 -1 1 
137 1 Car -1.000000 -1 -1 2.0827740579769056 96.18465941866688 262.2291229744625 369.68150972305875 -1 -1 -1 -1 -1 -1 -1 -1 1 
138 1 Car -1.000000 -1 -1 2.5840916944406445 96.51704171725112 262.79797436031697 369.591509001621 -1 -1 -1 -1 -1 -1 -1 -1 1 
139 1 Car -1.000000 -1 -1 2.0901917498174214 96.40862516074222 262.53875548049814 369.62494079899227 -1 -1 -1 -1 -1 -1 -1 -1 1 
140 1 Car -1.000000 -1 -1 2.1288873690725723 96.28194484093743 263.04588795562574 369.8069941302401 -1 -1 -1 -1 -1 -1 -1 -1 1 
141 1 Car -1.000000 -1 -1 1.7479900077079549 96.23023629272694 262.74941971900626 369.79383687335195 -1 -1 -1 -1 -1 -1 -1 -1 1 
142 1 Car -1.000000 -1 -1 1.7238686912524201 95.44565929513595 263.6783042966051 369.9445782852279 -1 -1 -1 -1 -1 -1 -1 -1 1 
143 1 Car -1.000000 -1 -1 0.903560038546857 96.230998978695 261.94208229245214 369.59279078345105 -1 -1 -1 -1 -1 -1 -1 -1 1 
144 1 Car -1.000000 -1 -1 2.0378440054770124 96.40279748051418 263.21502973564407 369.5925392609746 -1 -1 -1 -1 -1 -1 -1 -1 1 
