0 0 Car -1.000000 -1 -1 296.744956 161.752147 455.226042 292.372804 -1 -1 -1 -1 -1 -1 -1 -1 1 
1 0 Car -1.000000 -1 -1 294.898777 156.024256 452.199718 284.621269 -1 -1 -1 -1 -1 -1 -1 -1 1 
2 0 Car -1.000000 -1 -1 293.09356 150.470149 449.259225 277.10429 -1 -1 -1 -1 -1 -1 -1 -1 1 
3 0 Car -1.000000 -1 -1 291.328036 145.082168 446.40083 269.811515 -1 -1 -1 -1 -1 -1 -1 -1 1 
4 0 Car -1.000000 -1 -1 290.287584 146.641981 444.387179 269.473545 -1 -1 -1 -1 -1 -1 -1 -1 1 
5 0 Car -1.000000 -1 -1 289.271282 148.1553 442.428857 269.145082 -1 -1 -1 -1 -1 -1 -1 -1 1 
5 3 Car -1.000000 -1 -1 371.255591 156.483657 456.129203 198.946733 -1 -1 -1 -1 -1 -1 -1 -1 1 
6 0 Car -1.000000 -1 -1 288.044118 147.111524 439.326636 266.443764 -1 -1 -1 -1 -1 -1 -1 -1 1 
6 3 Car -1.000000 -1 -1 379.391627 159.14671 464.519993 201.762743 -1 -1 -1 -1 -1 -1 -1 -1 1 
7 0 Car -1.000000 -1 -1 286.85355 148.660413 436.321849 266.388627 -1 -1 -1 -1 -1 -1 -1 -1 1 
7 3 Car -1.000000 -1 -1 387.603899 161.836161 472.985524 204.626593 -1 -1 -1 -1 -1 -1 -1 -1 1 
8 0 Car -1.000000 -1 -1 285.694115 151.756923 433.403548 267.928972 -1 -1 -1 -1 -1 -1 -1 -1 1 
8 3 Car -1.000000 -1 -1 395.893214 164.552304 481.527027 207.554864 -1 -1 -1 -1 -1 -1 -1 -1 1 
9 0 Car -1.000000 -1 -1 284.544464 151.84143 430.535077 266.488128 -1 -1 -1 -1 -1 -1 -1 -1 1 
9 3 Car -1.000000 -1 -1 404.260385 167.295434 490.145757 210.511716 -1 -1 -1 -1 -1 -1 -1 -1 1 
10 0 Car -1.000000 -1 -1 283.445343 158.068578 427.781532 271.249591 -1 -1 -1 -1 -1 -1 -1 -1 1 
10 3 Car -1.000000 -1 -1 412.706242 170.065852 498.842999 213.497464 -1 -1 -1 -1 -1 -1 -1 -1 1 
11 0 Car -1.000000 -1 -1 282.442928 158.381115 425.708612 270.29996 -1 -1 -1 -1 -1 -1 -1 -1 1 
11 3 Car -1.000000 -1 -1 419.411629 169.346399 506.092277 213.068606 -1 -1 -1 -1 -1 -1 -1 -1 1 
12 0 Car -1.000000 -1 -1 281.457376 158.6868 423.678738 269.371155 -1 -1 -1 -1 -1 -1 -1 -1 1 
12 3 Car -1.000000 -1 -1 426.204758 168.617373 513.430082 212.633597 -1 -1 -1 -1 -1 -1 -1 -1 1 
13 0 Car -1.000000 -1 -1 280.48828 158.985857 421.690566 268.462499 -1 -1 -1 -1 -1 -1 -1 -1 1 
13 3 Car -1.000000 -1 -1 433.087113 167.878604 520.858255 212.192324 -1 -1 -1 -1 -1 -1 -1 -1 1 
14 0 Car -1.000000 -1 -1 279.535241 159.278498 419.742805 267.573344 -1 -1 -1 -1 -1 -1 -1 -1 1 
14 3 Car -1.000000 -1 -1 440.060207 167.129915 528.378686 211.744675 -1 -1 -1 -1 -1 -1 -1 -1 1 
15 0 Car -1.000000 -1 -1 278.597877 159.564927 417.834217 266.703068 -1 -1 -1 -1 -1 -1 -1 -1 1 
15 3 Car -1.000000 -1 -1 447.125592 166.371128 535.993321 211.290533 -1 -1 -1 -1 -1 -1 -1 -1 1 
16 0 Car -1.000000 -1 -1 278.58375 152.925649 415.326418 259.075915 -1 -1 -1 -1 -1 -1 -1 -1 1 
16 3 Car -1.000000 -1 -1 454.519594 166.663812 543.916138 211.893334 -1 -1 -1 -1 -1 -1 -1 -1 1 
17 0 Car -1.000000 -1 -1 278.625653 158.179714 412.939242 263.395357 -1 -1 -1 -1 -1 -1 -1 -1 1 
17 3 Car -1.000000 -1 -1 462.012356 166.960706 551.940416 212.504132 -1 -1 -1 -1 -1 -1 -1 -1 1 
18 0 Car -1.000000 -1 -1 279.839832 165.295773 411.847947 269.49023 -1 -1 -1 -1 -1 -1 -1 -1 1 
18 3 Car -1.000000 -1 -1 469.552166 171.462318 560.040159 217.337708 -1 -1 -1 -1 -1 -1 -1 -1 1 
19 0 Car -1.000000 -1 -1 281.035508 172.027539 410.771982 275.466081 -1 -1 -1 -1 -1 -1 -1 -1 1 
19 3 Car -1.000000 -1 -1 477.197286 176.029431 568.249016 222.24112 -1 -1 -1 -1 -1 -1 -1 -1 1 
20 0 Car -1.000000 -1 -1 282.213139 178.423531 409.710996 281.326228 -1 -1 -1 -1 -1 -1 -1 -1 1 
20 3 Car -1.000000 -1 -1 484.949656 180.131668 576.569443 227.215728 -1 -1 -1 -1 -1 -1 -1 -1 1 
21 0 Car -1.000000 -1 -1 287.104745 176.360481 410.35016 278.151904 -1 -1 -1 -1 -1 -1 -1 -1 1 
21 3 Car -1.000000 -1 -1 494.05501 178.372652 586.046884 225.505316 -1 -1 -1 -1 -1 -1 -1 -1 1 
22 0 Car -1.000000 -1 -1 291.910208 172.671777 410.939474 273.267005 -1 -1 -1 -1 -1 -1 -1 -1 1 
22 3 Car -1.000000 -1 -1 503.266894 176.591784 595.636353 223.773146 -1 -1 -1 -1 -1 -1 -1 -1 1 
23 0 Car -1.000000 -1 -1 296.639845 169.034948 411.493239 268.469247 -1 -1 -1 -1 -1 -1 -1 -1 1 
23 3 Car -1.000000 -1 -1 512.586885 174.601512 605.340112 222.018875 -1 -1 -1 -1 -1 -1 -1 -1 1 
24 0 Car -1.000000 -1 -1 301.316873 169.619277 412.045017 268.181094 -1 -1 -1 -1 -1 -1 -1 -1 1 
24 3 Car -1.000000 -1 -1 522.016591 172.530495 615.160481 220.242158 -1 -1 -1 -1 -1 -1 -1 -1 1 
25 0 Car -1.000000 -1 -1 305.921995 170.196348 412.563625 267.892887 -1 -1 -1 -1 -1 -1 -1 -1 1 
25 3 Car -1.000000 -1 -1 529.2741 170.342959 623.430721 218.578921 -1 -1 -1 -1 -1 -1 -1 -1 1 
26 0 Car -1.000000 -1 -1 313.520829 159.696804 414.780052 256.07278 -1 -1 -1 -1 -1 -1 -1 -1 1 
26 3 Car -1.000000 -1 -1 533.27026 168.114589 629.363065 217.219198 -1 -1 -1 -1 -1 -1 -1 -1 1 
27 0 Car -1.000000 -1 -1 321.009905 154.092263 416.951807 249.445133 -1 -1 -1 -1 -1 -1 -1 -1 1 
27 3 Car -1.000000 -1 -1 544.261567 165.820584 640.486473 215.138569 -1 -1 -1 -1 -1 -1 -1 -1 1 
28 0 Car -1.000000 -1 -1 328.408812 156.477727 419.104321 250.838244 -1 -1 -1 -1 -1 -1 -1 -1 1 
28 3 Car -1.000000 -1 -1 552.001124 163.482569 649.283451 213.358997 -1 -1 -1 -1 -1 -1 -1 -1 1 
29 0 Car -1.000000 -1 -1 334.340354 157.421483 422.421905 250.703104 -1 -1 -1 -1 -1 -1 -1 -1 1 
29 3 Car -1.000000 -1 -1 559.911287 161.091104 658.267901 211.538104 -1 -1 -1 -1 -1 -1 -1 -1 1 
30 0 Car -1.000000 -1 -1 338.488103 159.797883 425.655778 252.10092 -1 -1 -1 -1 -1 -1 -1 -1 1 
30 3 Car -1.000000 -1 -1 567.997366 158.644422 667.446226 209.674521 -1 -1 -1 -1 -1 -1 -1 -1 1 
31 0 Car -1.000000 -1 -1 344.926937 158.820902 431.114997 250.137348 -1 -1 -1 -1 -1 -1 -1 -1 1 
31 3 Car -1.000000 -1 -1 576.863952 158.28707 677.451142 209.924748 -1 -1 -1 -1 -1 -1 -1 -1 1 
32 0 Car -1.000000 -1 -1 351.793308 158.390273 436.929618 248.792471 -1 -1 -1 -1 -1 -1 -1 -1 1 
32 3 Car -1.000000 -1 -1 585.934568 157.921424 687.682059 210.180509 -1 -1 -1 -1 -1 -1 -1 -1 1 
33 0 Car -1.000000 -1 -1 360.278994 159.071024 448.808853 248.561671 -1 -1 -1 -1 -1 -1 -1 -1 1 
33 3 Car -1.000000 -1 -1 595.215831 157.547197 698.14716 210.441994 -1 -1 -1 -1 -1 -1 -1 -1 1 
34 0 Car -1.000000 -1 -1 368.036714 157.652925 459.610368 246.353029 -1 -1 -1 -1 -1 -1 -1 -1 1 
34 3 Car -1.000000 -1 -1 604.714649 157.164087 708.855024 210.709401 -1 -1 -1 -1 -1 -1 -1 -1 1 
35 0 Car -1.000000 -1 -1 374.644175 158.555612 472.337049 246.674395 -1 -1 -1 -1 -1 -1 -1 -1 1 
35 3 Car -1.000000 -1 -1 614.438237 156.771776 719.814657 210.982941 -1 -1 -1 -1 -1 -1 -1 -1 1 
36 0 Car -1.000000 -1 -1 385.116458 156.864333 486.458715 244.198162 -1 -1 -1 -1 -1 -1 -1 -1 1 
36 3 Car -1.000000 -1 -1 626.055175 157.018177 733.289032 212.178352 -1 -1 -1 -1 -1 -1 -1 -1 1 
37 0 Car -1.000000 -1 -1 395.509409 155.197587 500.367897 241.753236 -1 -1 -1 -1 -1 -1 -1 -1 1 
37 3 Car -1.000000 -1 -1 638.065474 157.273897 747.214863 213.415389 -1 -1 -1 -1 -1 -1 -1 -1 1 
38 0 Car -1.000000 -1 -1 408.223938 156.585778 515.121518 242.687427 -1 -1 -1 -1 -1 -1 -1 -1 1 
38 3 Car -1.000000 -1 -1 650.488237 157.539413 761.616291 214.696215 -1 -1 -1 -1 -1 -1 -1 -1 1 
39 0 Car -1.000000 -1 -1 420.865527 157.971829 529.764197 243.598106 -1 -1 -1 -1 -1 -1 -1 -1 1 
39 3 Car -1.000000 -1 -1 663.343823 157.815235 776.519199 216.023145 -1 -1 -1 -1 -1 -1 -1 -1 1 
40 0 Car -1.000000 -1 -1 433.433068 159.355012 544.299114 244.485392 -1 -1 -1 -1 -1 -1 -1 -1 1 
40 3 Car -1.000000 -1 -1 676.65396 158.101912 791.951389 217.398661 -1 -1 -1 -1 -1 -1 -1 -1 1 
41 0 Car -1.000000 -1 -1 449.158946 160.904321 561.535012 245.879202 -1 -1 -1 -1 -1 -1 -1 -1 1 
41 3 Car -1.000000 -1 -1 690.441862 158.400031 807.94275 218.825429 -1 -1 -1 -1 -1 -1 -1 -1 1 
42 0 Car -1.000000 -1 -1 464.855601 162.457394 578.744723 247.42386 -1 -1 -1 -1 -1 -1 -1 -1 1 
42 3 Car -1.000000 -1 -1 704.732333 158.710223 824.525441 220.306311 -1 -1 -1 -1 -1 -1 -1 -1 1 
43 0 Car -1.000000 -1 -1 480.519596 164.013369 595.931504 248.956022 -1 -1 -1 -1 -1 -1 -1 -1 1 
43 3 Car -1.000000 -1 -1 719.551963 159.033168 841.734163 221.844394 -1 -1 -1 -1 -1 -1 -1 -1 1 
44 0 Car -1.000000 -1 -1 499.770269 163.278934 615.417909 248.177461 -1 -1 -1 -1 -1 -1 -1 -1 1 
44 3 Car -1.000000 -1 -1 734.929218 159.369597 859.606337 223.442998 -1 -1 -1 -1 -1 -1 -1 -1 1 
45 0 Car -1.000000 -1 -1 518.945823 162.547794 634.899744 247.390869 -1 -1 -1 -1 -1 -1 -1 -1 1 
45 3 Car -1.000000 -1 -1 750.89469 159.7203 878.182463 225.105712 -1 -1 -1 -1 -1 -1 -1 -1 1 
46 0 Car -1.000000 -1 -1 539.584766 161.19968 656.135276 246.287166 -1 -1 -1 -1 -1 -1 -1 -1 1 
46 3 Car -1.000000 -1 -1 767.856968 158.129401 898.499676 225.095213 -1 -1 -1 -1 -1 -1 -1 -1 1 
47 0 Car -1.000000 -1 -1 560.277128 159.846832 677.501941 245.16769 -1 -1 -1 -1 -1 -1 -1 -1 1 
47 3 Car -1.000000 -1 -1 785.602722 156.460483 919.787505 225.082209 -1 -1 -1 -1 -1 -1 -1 -1 1 
48 0 Car -1.000000 -1 -1 581.018464 158.489775 699.004975 244.032741 -1 -1 -1 -1 -1 -1 -1 -1 1 
48 3 Car -1.000000 -1 -1 804.185045 154.7078 942.119473 225.066526 -1 -1 -1 -1 -1 -1 -1 -1 1 
49 0 Car -1.000000 -1 -1 601.804476 157.129043 720.64961 242.88265 -1 -1 -1 -1 -1 -1 -1 -1 1 
49 3 Car -1.000000 -1 -1 823.661948 152.865028 965.576695 225.047973 -1 -1 -1 -1 -1 -1 -1 -1 1 
50 0 Car -1.000000 -1 -1 622.63104 155.765177 742.441079 241.717773 -1 -1 -1 -1 -1 -1 -1 -1 1 
50 3 Car -1.000000 -1 -1 844.096954 150.925188 990.248905 225.02634 -1 -1 -1 -1 -1 -1 -1 -1 1 
51 0 Car -1.000000 -1 -1 644.316221 155.158237 765.584119 241.515087 -1 -1 -1 -1 -1 -1 -1 -1 1 
51 3 Car -1.000000 -1 -1 861.830386 150.332825 1012.607149 226.598295 -1 -1 -1 -1 -1 -1 -1 -1 1 
52 0 Car -1.000000 -1 -1 666.137741 154.549802 788.993404 241.300166 -1 -1 -1 -1 -1 -1 -1 -1 1 
52 3 Car -1.000000 -1 -1 880.545667 149.705641 1036.247592 228.2632 -1 -1 -1 -1 -1 -1 -1 -1 1 
53 0 Car -1.000000 -1 -1 688.092054 153.940099 812.678083 241.072936 -1 -1 -1 -1 -1 -1 -1 -1 1 
53 3 Car -1.000000 -1 -1 900.324413 149.040446 1061.285889 230.029552 -1 -1 -1 -1 -1 -1 -1 -1 1 
54 0 Car -1.000000 -1 -1 710.175788 153.329359 836.647436 240.833348 -1 -1 -1 -1 -1 -1 -1 -1 1 
54 3 Car -1.000000 -1 -1 921.257543 148.333652 1087.852021 231.906914 -1 -1 -1 -1 -1 -1 -1 -1 1 
55 0 Car -1.000000 -1 -1 732.385772 152.717807 860.91088 240.581375 -1 -1 -1 -1 -1 -1 -1 -1 1 
55 3 Car -1.000000 -1 -1 943.446661 147.581201 1116.092596 233.906097 -1 -1 -1 -1 -1 -1 -1 -1 1 
56 0 Car -1.000000 -1 -1 754.522069 152.319774 886.301229 240.700618 -1 -1 -1 -1 -1 -1 -1 -1 1 
56 3 Car -1.000000 -1 -1 960.969274 146.392041 1139.019393 235.343508 -1 -1 -1 -1 -1 -1 -1 -1 1 
57 0 Car -1.000000 -1 -1 776.868831 151.923077 912.114507 240.807051 -1 -1 -1 -1 -1 -1 -1 -1 1 
57 3 Car -1.000000 -1 -1 979.48762 145.128764 1163.289831 236.870186 -1 -1 -1 -1 -1 -1 -1 -1 1 
58 0 Car -1.000000 -1 -1 799.424313 151.52787 938.36658 240.900463 -1 -1 -1 -1 -1 -1 -1 -1 1 
58 3 Car -1.000000 -1 -1 999.087862 143.78423 1189.026727 238.494739 -1 -1 -1 -1 -1 -1 -1 -1 1 
59 0 Car -1.000000 -1 -1 822.187118 151.134297 965.073653 240.980677 -1 -1 -1 -1 -1 -1 -1 -1 1 
59 3 Car -1.000000 -1 -1 1019.866388 142.350355 1216.368323 240.22692 -1 -1 -1 -1 -1 -1 -1 -1 1 
60 0 Car -1.000000 -1 -1 845.156239 150.742486 992.252277 241.047557 -1 -1 -1 -1 -1 -1 -1 -1 1 
60 3 Car -1.000000 -1 -1 1041.931403 140.817941 1241.0 242.07782 -1 -1 -1 -1 -1 -1 -1 -1 1 
61 0 Car -1.000000 -1 -1 866.184807 150.558461 1016.806133 241.196235 -1 -1 -1 -1 -1 -1 -1 -1 1 
61 3 Car -1.000000 -1 -1 1055.035983 139.774187 1241.0 244.016201 -1 -1 -1 -1 -1 -1 -1 -1 1 
62 0 Car -1.000000 -1 -1 887.344384 150.377075 1041.719837 241.336234 -1 -1 -1 -1 -1 -1 -1 -1 1 
62 3 Car -1.000000 -1 -1 1068.851592 138.66719 1241.0 246.072206 -1 -1 -1 -1 -1 -1 -1 -1 1 
63 0 Car -1.000000 -1 -1 908.634643 150.198327 1067.003577 241.467511 -1 -1 -1 -1 -1 -1 -1 -1 1 
63 3 Car -1.000000 -1 -1 1083.437634 137.491023 1241.0 248.256876 -1 -1 -1 -1 -1 -1 -1 -1 1 
64 0 Car -1.000000 -1 -1 930.055522 150.022205 1092.667632 241.590039 -1 -1 -1 -1 -1 -1 -1 -1 1 
64 3 Car -1.000000 -1 -1 1098.860318 136.238994 1241.0 250.58268 -1 -1 -1 -1 -1 -1 -1 -1 1 
65 0 Car -1.000000 -1 -1 951.607253 149.848692 1118.722382 241.703815 -1 -1 -1 -1 -1 -1 -1 -1 1 
65 3 Car -1.000000 -1 -1 1115.193669 134.903519 1241.0 253.063752 -1 -1 -1 -1 -1 -1 -1 -1 1 
66 0 Car -1.000000 -1 -1 971.198382 150.674196 1141.089812 242.648143 -1 -1 -1 -1 -1 -1 -1 -1 1 
66 3 Car -1.000000 -1 -1 1121.709042 134.453568 1241.0 255.732204 -1 -1 -1 -1 -1 -1 -1 -1 1 
67 0 Car -1.000000 -1 -1 990.826921 151.503288 1163.669504 243.590651 -1 -1 -1 -1 -1 -1 -1 -1 1 
67 3 Car -1.000000 -1 -1 1128.547891 134.335812 1241.0 257.851339 -1 -1 -1 -1 -1 -1 -1 -1 1 
68 0 Car -1.000000 -1 -1 1007.269808 152.416952 1181.111262 244.488408 -1 -1 -1 -1 -1 -1 -1 -1 1 
68 3 Car -1.000000 -1 -1 1135.734386 134.407321 1241.0 259.940474 -1 -1 -1 -1 -1 -1 -1 -1 1 
69 0 Car -1.000000 -1 -1 1023.697699 153.330554 1198.613317 245.384924 -1 -1 -1 -1 -1 -1 -1 -1 1 
69 3 Car -1.000000 -1 -1 1143.295169 134.476086 1241.0 262.110527 -1 -1 -1 -1 -1 -1 -1 -1 1 
70 0 Car -1.000000 -1 -1 1040.11059 154.244054 1216.176041 246.280169 -1 -1 -1 -1 -1 -1 -1 -1 1 
70 3 Car -1.000000 -1 -1 1151.259677 134.542034 1241.0 264.366411 -1 -1 -1 -1 -1 -1 -1 -1 1 
71 0 Car -1.000000 -1 -1 1051.795876 153.460498 1227.934019 245.038559 -1 -1 -1 -1 -1 -1 -1 -1 1 
71 3 Car -1.000000 -1 -1 1152.144046 134.447239 1241.0 266.682658 -1 -1 -1 -1 -1 -1 -1 -1 1 
72 0 Car -1.000000 -1 -1 1063.372088 152.684803 1239.620828 243.808811 -1 -1 -1 -1 -1 -1 -1 -1 1 
72 3 Car -1.000000 -1 -1 1153.099442 134.346844 1241.0 269.091458 -1 -1 -1 -1 -1 -1 -1 -1 1 
73 0 Car -1.000000 -1 -1 1074.840801 151.916866 1241.0 242.590773 -1 -1 -1 -1 -1 -1 -1 -1 1 
73 3 Car -1.000000 -1 -1 1154.129835 134.240546 1241.0 271.598473 -1 -1 -1 -1 -1 -1 -1 -1 1 
74 0 Car -1.000000 -1 -1 1082.841889 153.592557 1241.0 243.443555 -1 -1 -1 -1 -1 -1 -1 -1 1 
74 3 Car -1.000000 -1 -1 1155.239526 134.128011 1241.0 274.209838 -1 -1 -1 -1 -1 -1 -1 -1 1 
75 0 Car -1.000000 -1 -1 1090.710612 155.238174 1241.0 244.280562 -1 -1 -1 -1 -1 -1 -1 -1 1 
75 3 Car -1.000000 -1 -1 1156.43319 134.008875 1241.0 276.932222 -1 -1 -1 -1 -1 -1 -1 -1 1 
76 0 Car -1.000000 -1 -1 1093.359395 157.151782 1241.0 244.835918 -1 -1 -1 -1 -1 -1 -1 -1 1 
76 3 Car -1.000000 -1 -1 1150.635451 135.282103 1241.0 281.503161 -1 -1 -1 -1 -1 -1 -1 -1 1 
77 0 Car -1.000000 -1 -1 1095.973133 159.008522 1241.0 245.371493 -1 -1 -1 -1 -1 -1 -1 -1 1 
77 3 Car -1.000000 -1 -1 1144.676123 136.62458 1241.0 286.262302 -1 -1 -1 -1 -1 -1 -1 -1 1 
78 0 Car -1.000000 -1 -1 1098.552544 160.810712 1241.0 245.888066 -1 -1 -1 -1 -1 -1 -1 -1 1 
78 3 Car -1.000000 -1 -1 1138.544188 138.040135 1241.0 291.219926 -1 -1 -1 -1 -1 -1 -1 -1 1 
79 0 Car -1.000000 -1 -1 1101.098289 162.560538 1241.0 246.386374 -1 -1 -1 -1 -1 -1 -1 -1 1 
79 3 Car -1.000000 -1 -1 1132.227811 139.53289 1241.0 296.387016 -1 -1 -1 -1 -1 -1 -1 -1 1 
80 0 Car -1.000000 -1 -1 1103.610976 164.260074 1241.0 246.867115 -1 -1 -1 -1 -1 -1 -1 -1 1 
80 3 Car -1.000000 -1 -1 1125.714259 141.107291 1241.0 301.775309 -1 -1 -1 -1 -1 -1 -1 -1 1 
81 0 Car -1.000000 -1 -1 1098.528654 165.7932 1239.07681 246.67085 -1 -1 -1 -1 -1 -1 -1 -1 1 
81 3 Car -1.000000 -1 -1 1117.640683 139.172441 1241.0 304.165893 -1 -1 -1 -1 -1 -1 -1 -1 1 
82 0 Car -1.000000 -1 -1 1093.662917 167.263913 1228.131508 246.478762 -1 -1 -1 -1 -1 -1 -1 -1 1 
82 3 Car -1.000000 -1 -1 1109.277489 137.144228 1241.0 306.639732 -1 -1 -1 -1 -1 -1 -1 -1 1 
83 0 Car -1.000000 -1 -1 1087.115233 166.434911 1215.623737 243.892289 -1 -1 -1 -1 -1 -1 -1 -1 1 
83 3 Car -1.000000 -1 -1 1100.602849 135.017059 1241.0 309.201243 -1 -1 -1 -1 -1 -1 -1 -1 1 
84 0 Car -1.000000 -1 -1 1080.848808 165.642395 1203.649708 241.414519 -1 -1 -1 -1 -1 -1 -1 -1 1 
84 3 Car -1.000000 -1 -1 1091.593085 132.784954 1241.0 311.855039 -1 -1 -1 -1 -1 -1 -1 -1 1 
85 0 Car -1.000000 -1 -1 1074.84739 164.884183 1192.174603 239.038876 -1 -1 -1 -1 -1 -1 -1 -1 1 
85 3 Car -1.000000 -1 -1 1082.222472 130.441522 1241.0 314.605933 -1 -1 -1 -1 -1 -1 -1 -1 1 
86 0 Car -1.000000 -1 -1 1063.335072 165.343128 1173.717261 237.575579 -1 -1 -1 -1 -1 -1 -1 -1 1 
86 3 Car -1.000000 -1 -1 1076.944004 128.963697 1241.0 318.745752 -1 -1 -1 -1 -1 -1 -1 -1 1 
87 0 Car -1.000000 -1 -1 1052.38863 165.780115 1156.186716 236.179681 -1 -1 -1 -1 -1 -1 -1 -1 1 
87 3 Car -1.000000 -1 -1 1071.419964 127.402135 1241.0 323.117032 -1 -1 -1 -1 -1 -1 -1 -1 1 
88 0 Car -1.000000 -1 -1 1041.970401 166.196679 1139.511878 234.846567 -1 -1 -1 -1 -1 -1 -1 -1 1 
88 3 Car -1.000000 -1 -1 1065.624454 125.749818 1241.0 327.739159 -1 -1 -1 -1 -1 -1 -1 -1 1 
89 0 Car -1.000000 -1 -1 1032.045855 166.594219 1123.628849 233.572046 -1 -1 -1 -1 -1 -1 -1 -1 1 
89 3 Car -1.000000 -1 -1 1059.52843 123.998956 1241.0 332.63366 -1 -1 -1 -1 -1 -1 -1 -1 1 
90 0 Car -1.000000 -1 -1 1022.583261 166.974008 1108.480024 232.3523 -1 -1 -1 -1 -1 -1 -1 -1 1 
90 3 Car -1.000000 -1 -1 1053.099224 122.140874 1241.0 337.824503 -1 -1 -1 -1 -1 -1 -1 -1 1 
91 0 Car -1.000000 -1 -1 1007.987936 167.53528 1088.342543 231.316644 -1 -1 -1 -1 -1 -1 -1 -1 1 
91 3 Car -1.000000 -1 -1 1054.826237 120.056671 1241.0 343.93017 -1 -1 -1 -1 -1 -1 -1 -1 1 
92 0 Car -1.000000 -1 -1 994.052754 168.071125 1069.142535 230.323601 -1 -1 -1 -1 -1 -1 -1 -1 1 
92 3 Car -1.000000 -1 -1 1048.972093 117.795385 1241.0 350.559786 -1 -1 -1 -1 -1 -1 -1 -1 1 
93 0 Car -1.000000 -1 -1 980.736953 168.583172 1050.812875 229.370534 -1 -1 -1 -1 -1 -1 -1 -1 1 
93 3 Car -1.000000 -1 -1 1037.410551 115.333497 1241.0 357.783236 -1 -1 -1 -1 -1 -1 -1 -1 1 
94 0 Car -1.000000 -1 -1 968.00293 169.072916 1033.292781 228.455029 -1 -1 -1 -1 -1 -1 -1 -1 1 
94 3 Car -1.000000 -1 -1 1025.415378 112.64304 1241.0 365.683708 -1 -1 -1 -1 -1 -1 -1 -1 1 
95 0 Car -1.000000 -1 -1 955.815916 169.54173 1016.527081 227.574872 -1 -1 -1 -1 -1 -1 -1 -1 1 
95 3 Car -1.000000 -1 -1 1012.954107 109.690493 1241.0 374.0 -1 -1 -1 -1 -1 -1 -1 -1 1 
96 0 Car -1.000000 -1 -1 941.163412 171.823091 998.784517 228.499606 -1 -1 -1 -1 -1 -1 -1 -1 1 
96 3 Car -1.000000 -1 -1 1005.866406 108.088874 1241.0 374.0 -1 -1 -1 -1 -1 -1 -1 -1 1 
97 0 Car -1.000000 -1 -1 927.136595 174.000569 983.06012 229.378477 -1 -1 -1 -1 -1 -1 -1 -1 1 
97 3 Car -1.000000 -1 -1 998.389194 106.248081 1241.0 374.0 -1 -1 -1 -1 -1 -1 -1 -1 1 
98 0 Car -1.000000 -1 -1 910.417947 173.760176 964.805288 228.055233 -1 -1 -1 -1 -1 -1 -1 -1 1 
98 3 Car -1.000000 -1 -1 990.483588 104.116461 1241.0 374.0 -1 -1 -1 -1 -1 -1 -1 -1 1 
99 0 Car -1.000000 -1 -1 894.291008 173.529444 947.22964 226.779508 -1 -1 -1 -1 -1 -1 -1 -1 1 
99 3 Car -1.000000 -1 -1 982.104896 101.626214 1241.0 374.0 -1 -1 -1 -1 -1 -1 -1 -1 1 
100 0 Car -1.000000 -1 -1 878.726892 173.307887 930.296897 225.548883 -1 -1 -1 -1 -1 -1 -1 -1 1 
100 3 Car -1.000000 -1 -1 973.201503 98.686569 1241.0 374.0 -1 -1 -1 -1 -1 -1 -1 -1 1 
101 0 Car -1.000000 -1 -1 862.773124 172.823722 913.010153 224.065749 -1 -1 -1 -1 -1 -1 -1 -1 1 
101 3 Car -1.000000 -1 -1 971.25438 92.408283 1241.0 374.0 -1 -1 -1 -1 -1 -1 -1 -1 1 
102 0 Car -1.000000 -1 -1 844.871776 172.359099 896.318335 222.631344 -1 -1 -1 -1 -1 -1 -1 -1 1 
102 3 Car -1.000000 -1 -1 969.205398 84.612989 1241.0 374.0 -1 -1 -1 -1 -1 -1 -1 -1 1 
103 0 Car -1.000000 -1 -1 827.516039 171.913206 880.191375 221.243729 -1 -1 -1 -1 -1 -1 -1 -1 1 
103 3 Car -1.000000 -1 -1 967.041981 81.686012 1241.0 374.0 -1 -1 -1 -1 -1 -1 -1 -1 1 
104 0 Car -1.000000 -1 -1 811.210616 171.473691 861.176795 220.025036 -1 -1 -1 -1 -1 -1 -1 -1 1 
104 3 Car -1.000000 -1 -1 964.748764 82.119239 1241.0 374.0 -1 -1 -1 -1 -1 -1 -1 -1 1 
105 0 Car -1.000000 -1 -1 795.339646 171.047867 842.752123 218.844098 -1 -1 -1 -1 -1 -1 -1 -1 1 
105 3 Car -1.000000 -1 -1 962.306787 81.709951 1241.0 374.0 -1 -1 -1 -1 -1 -1 -1 -1 1 
106 0 Car -1.000000 -1 -1 778.556026 171.242246 826.755092 218.400798 -1 -1 -1 -1 -1 -1 -1 -1 1 
106 3 Car -1.000000 -1 -1 969.380486 83.302724 1241.0 374.0 -1 -1 -1 -1 -1 -1 -1 -1 1 
107 0 Car -1.000000 -1 -1 762.154621 171.432636 811.142621 218.054222 -1 -1 -1 -1 -1 -1 -1 -1 1 
107 3 Car -1.000000 -1 -1 977.571195 84.02636 1241.0 374.0 -1 -1 -1 -1 -1 -1 -1 -1 1 
108 0 Car -1.000000 -1 -1 746.121391 171.619153 795.901852 217.711323 -1 -1 -1 -1 -1 -1 -1 -1 1 
108 3 Car -1.000000 -1 -1 987.146334 83.983496 1241.0 374.0 -1 -1 -1 -1 -1 -1 -1 -1 1 
109 0 Car -1.000000 -1 -1 730.44308 171.801914 781.020359 217.372028 -1 -1 -1 -1 -1 -1 -1 -1 1 
109 3 Car -1.000000 -1 -1 998.46475 83.224064 1241.0 374.0 -1 -1 -1 -1 -1 -1 -1 -1 1 
109 5 Car -1.000000 -1 -1 873.92095 187.130316 982.119251 244.218665 -1 -1 -1 -1 -1 -1 -1 -1 1 
110 0 Car -1.000000 -1 -1 714.655354 171.862232 763.789517 217.025718 -1 -1 -1 -1 -1 -1 -1 -1 1 
110 3 Car -1.000000 -1 -1 1012.01948 83.93734 1241.0 374.0 -1 -1 -1 -1 -1 -1 -1 -1 1 
110 5 Car -1.000000 -1 -1 863.38383 186.542931 971.945745 244.780494 -1 -1 -1 -1 -1 -1 -1 -1 1 
111 0 Car -1.000000 -1 -1 699.117094 171.921543 746.880836 216.684974 -1 -1 -1 -1 -1 -1 -1 -1 1 
111 3 Car -1.000000 -1 -1 1040.243001 81.206492 1241.0 374.0 -1 -1 -1 -1 -1 -1 -1 -1 1 
111 5 Car -1.000000 -1 -1 852.403904 185.936597 961.413222 245.363981 -1 -1 -1 -1 -1 -1 -1 -1 1 
112 0 Car -1.000000 -1 -1 683.82212 171.979873 730.285736 216.349663 -1 -1 -1 -1 -1 -1 -1 -1 1 
112 3 Car -1.000000 -1 -1 1075.51378 78.352973 1241.0 374.0 -1 -1 -1 -1 -1 -1 -1 -1 1 
112 5 Car -1.000000 -1 -1 840.951001 185.310324 950.503592 245.970495 -1 -1 -1 -1 -1 -1 -1 -1 1 
113 0 Car -1.000000 -1 -1 668.764462 172.037249 713.995934 216.019656 -1 -1 -1 -1 -1 -1 -1 -1 1 
113 3 Car -1.000000 -1 -1 1120.80282 75.352748 1241.0 374.0 -1 -1 -1 -1 -1 -1 -1 -1 1 
113 4 Car -1.000000 -1 -1 0.0 175.332718 251.622402 278.824334 -1 -1 -1 -1 -1 -1 -1 -1 1 
113 5 Car -1.000000 -1 -1 832.291545 184.754725 942.176599 246.709357 -1 -1 -1 -1 -1 -1 -1 -1 1 
114 0 Car -1.000000 -1 -1 653.938348 172.093696 698.003425 215.694826 -1 -1 -1 -1 -1 -1 -1 -1 1 
114 3 Car -1.000000 -1 -1 1181.020944 72.167203 1241.0 374.0 -1 -1 -1 -1 -1 -1 -1 -1 1 
114 4 Car -1.000000 -1 -1 0.0 175.050872 237.296742 285.963695 -1 -1 -1 -1 -1 -1 -1 -1 1 
114 5 Car -1.000000 -1 -1 823.247492 184.180181 933.536189 247.479467 -1 -1 -1 -1 -1 -1 -1 -1 1 
115 0 Car -1.000000 -1 -1 639.338195 172.149238 682.300476 215.375052 -1 -1 -1 -1 -1 -1 -1 -1 1 
115 4 Car -1.000000 -1 -1 0.0 174.727899 221.107551 294.052748 -1 -1 -1 -1 -1 -1 -1 -1 1 
115 5 Car -1.000000 -1 -1 815.555169 184.805206 926.916975 249.995292 -1 -1 -1 -1 -1 -1 -1 -1 1 
116 0 Car -1.000000 -1 -1 624.958603 172.203899 666.879612 215.060216 -1 -1 -1 -1 -1 -1 -1 -1 1 
116 4 Car -1.000000 -1 -1 0.0 174.353919 202.677739 303.296109 -1 -1 -1 -1 -1 -1 -1 -1 1 
116 5 Car -1.000000 -1 -1 807.440914 185.458126 919.988691 252.654286 -1 -1 -1 -1 -1 -1 -1 -1 1 
117 0 Car -1.000000 -1 -1 610.794349 172.257701 651.733605 214.750206 -1 -1 -1 -1 -1 -1 -1 -1 1 
117 4 Car -1.000000 -1 -1 0.0 173.915607 181.521077 313.961308 -1 -1 -1 -1 -1 -1 -1 -1 1 
117 5 Car -1.000000 -1 -1 798.8673 186.14087 912.730433 255.468933 -1 -1 -1 -1 -1 -1 -1 -1 1 
117 6 Car -1.000000 -1 -1 733.415259 186.048922 819.975391 238.560649 -1 -1 -1 -1 -1 -1 -1 -1 1 
118 0 Car -1.000000 -1 -1 595.280194 172.299709 636.510473 214.576056 -1 -1 -1 -1 -1 -1 -1 -1 1 
118 4 Car -1.000000 -1 -1 0.0 173.394553 156.999607 326.405006 -1 -1 -1 -1 -1 -1 -1 -1 1 
118 5 Car -1.000000 -1 -1 789.792409 186.855545 905.119315 258.453215 -1 -1 -1 -1 -1 -1 -1 -1 1 
118 6 Car -1.000000 -1 -1 723.038042 186.266361 812.047639 240.175092 -1 -1 -1 -1 -1 -1 -1 -1 1 
119 0 Car -1.000000 -1 -1 579.907008 172.341744 621.459606 214.401761 -1 -1 -1 -1 -1 -1 -1 -1 1 
119 4 Car -1.000000 -1 -1 0.0 173.77399 127.76225 341.240976 -1 -1 -1 -1 -1 -1 -1 -1 1 
119 5 Car -1.000000 -1 -1 780.169129 187.604468 897.130224 261.622839 -1 -1 -1 -1 -1 -1 -1 -1 1 
119 6 Car -1.000000 -1 -1 712.204008 186.493281 803.702466 241.874123 -1 -1 -1 -1 -1 -1 -1 -1 1 
120 0 Car -1.000000 -1 -1 564.671993 172.383805 606.578985 214.227345 -1 -1 -1 -1 -1 -1 -1 -1 1 
120 4 Car -1.000000 -1 -1 0.0 174.670596 93.35946 348.593983 -1 -1 -1 -1 -1 -1 -1 -1 1 
120 5 Car -1.000000 -1 -1 772.847692 187.513285 891.278305 263.989382 -1 -1 -1 -1 -1 -1 -1 -1 1 
120 6 Car -1.000000 -1 -1 700.88086 186.730317 794.907976 243.664551 -1 -1 -1 -1 -1 -1 -1 -1 1 
120 9 Car -1.000000 -1 -1 657.556842 181.936063 721.097946 226.374997 -1 -1 -1 -1 -1 -1 -1 -1 1 
121 0 Car -1.000000 -1 -1 549.572451 172.42589 591.866568 214.05283 -1 -1 -1 -1 -1 -1 -1 -1 1 
121 5 Car -1.000000 -1 -1 765.044311 187.417851 885.106829 266.516273 -1 -1 -1 -1 -1 -1 -1 -1 1 
121 6 Car -1.000000 -1 -1 689.033166 186.978162 785.628981 245.55394 -1 -1 -1 -1 -1 -1 -1 -1 1 
121 7 Car -1.000000 -1 -1 414.115617 180.307435 484.83061 232.6055 -1 -1 -1 -1 -1 -1 -1 -1 1 
121 9 Car -1.000000 -1 -1 645.314038 181.518993 710.209639 226.856302 -1 -1 -1 -1 -1 -1 -1 -1 1 
122 0 Car -1.000000 -1 -1 534.605795 172.467997 577.320299 213.878242 -1 -1 -1 -1 -1 -1 -1 -1 1 
122 5 Car -1.000000 -1 -1 756.707389 187.317819 878.590476 269.220433 -1 -1 -1 -1 -1 -1 -1 -1 1 
122 6 Car -1.000000 -1 -1 676.621958 187.237574 775.826559 247.550711 -1 -1 -1 -1 -1 -1 -1 -1 1 
122 7 Car -1.000000 -1 -1 395.038028 180.648635 468.805998 234.666004 -1 -1 -1 -1 -1 -1 -1 -1 1 
122 9 Car -1.000000 -1 -1 632.590707 181.022925 698.850239 227.358056 -1 -1 -1 -1 -1 -1 -1 -1 1 
123 0 Car -1.000000 -1 -1 519.76952 172.510124 562.938088 213.703606 -1 -1 -1 -1 -1 -1 -1 -1 1 
123 5 Car -1.000000 -1 -1 747.777792 187.212809 871.701107 272.121252 -1 -1 -1 -1 -1 -1 -1 -1 1 
123 6 Car -1.000000 -1 -1 665.793794 186.760508 768.183292 248.844589 -1 -1 -1 -1 -1 -1 -1 -1 1 
123 7 Car -1.000000 -1 -1 374.681924 181.011813 451.905936 236.864349 -1 -1 -1 -1 -1 -1 -1 -1 1 
123 9 Car -1.000000 -1 -1 619.356894 180.489049 686.989828 227.88163 -1 -1 -1 -1 -1 -1 -1 -1 1 
124 0 Car -1.000000 -1 -1 504.592739 172.556715 547.102858 213.640656 -1 -1 -1 -1 -1 -1 -1 -1 1 
124 5 Car -1.000000 -1 -1 738.187413 187.102394 864.407353 275.241055 -1 -1 -1 -1 -1 -1 -1 -1 1 
124 6 Car -1.000000 -1 -1 654.391035 186.25938 760.053796 250.22036 -1 -1 -1 -1 -1 -1 -1 -1 1 
124 7 Car -1.000000 -1 -1 352.34122 181.422852 433.814397 239.436744 -1 -1 -1 -1 -1 -1 -1 -1 1 
124 9 Car -1.000000 -1 -1 605.580097 179.931867 674.595919 228.42852 -1 -1 -1 -1 -1 -1 -1 -1 1 
124 10 Car -1.000000 -1 -1 577.652915 180.493082 637.740814 218.998489 -1 -1 -1 -1 -1 -1 -1 -1 1 
125 0 Car -1.000000 -1 -1 489.478364 172.603142 531.363477 213.577604 -1 -1 -1 -1 -1 -1 -1 -1 1 
125 5 Car -1.000000 -1 -1 730.896947 186.330124 860.340586 278.114595 -1 -1 -1 -1 -1 -1 -1 -1 1 
125 6 Car -1.000000 -1 -1 642.364931 185.732252 751.392617 251.686151 -1 -1 -1 -1 -1 -1 -1 -1 1 
125 7 Car -1.000000 -1 -1 328.225633 181.821431 414.566357 242.213301 -1 -1 -1 -1 -1 -1 -1 -1 1 
125 9 Car -1.000000 -1 -1 591.224979 179.349852 661.633169 229.00036 -1 -1 -1 -1 -1 -1 -1 -1 1 
125 10 Car -1.000000 -1 -1 566.200932 180.634046 627.67371 220.070483 -1 -1 -1 -1 -1 -1 -1 -1 1 
126 0 Car -1.000000 -1 -1 474.425719 172.649406 515.719407 213.514453 -1 -1 -1 -1 -1 -1 -1 -1 1 
126 5 Car -1.000000 -1 -1 722.96463 185.506314 855.990091 281.249983 -1 -1 -1 -1 -1 -1 -1 -1 1 
126 6 Car -1.000000 -1 -1 629.661031 185.176971 742.148507 253.251201 -1 -1 -1 -1 -1 -1 -1 -1 1 
126 7 Car -1.000000 -1 -1 303.60022 182.21493 394.885056 244.888353 -1 -1 -1 -1 -1 -1 -1 -1 1 
126 8 Car -1.000000 -1 -1 340.693518 177.101289 410.676627 234.429463 -1 -1 -1 -1 -1 -1 -1 -1 1 
126 9 Car -1.000000 -1 -1 579.925737 179.055387 651.777743 230.048879 -1 -1 -1 -1 -1 -1 -1 -1 1 
126 10 Car -1.000000 -1 -1 554.246335 180.781696 617.126485 221.194805 -1 -1 -1 -1 -1 -1 -1 -1 1 
126 14 Car -1.000000 -1 -1 534.679031 183.598536 578.60763 214.005758 -1 -1 -1 -1 -1 -1 -1 -1 1 
127 0 Car -1.000000 -1 -1 459.434146 172.695508 500.170107 213.451207 -1 -1 -1 -1 -1 -1 -1 -1 1 
127 5 Car -1.000000 -1 -1 714.299788 184.625548 851.326303 284.68488 -1 -1 -1 -1 -1 -1 -1 -1 1 
127 6 Car -1.000000 -1 -1 616.218325 184.59114 732.263455 254.926061 -1 -1 -1 -1 -1 -1 -1 -1 1 
127 7 Car -1.000000 -1 -1 275.615363 184.16645 374.832421 250.272099 -1 -1 -1 -1 -1 -1 -1 -1 1 
127 8 Car -1.000000 -1 -1 321.670111 177.949352 393.709911 237.107697 -1 -1 -1 -1 -1 -1 -1 -1 1 
127 9 Car -1.000000 -1 -1 568.077237 178.745318 641.391953 231.155412 -1 -1 -1 -1 -1 -1 -1 -1 1 
127 10 Car -1.000000 -1 -1 541.754514 180.936505 606.064888 222.375373 -1 -1 -1 -1 -1 -1 -1 -1 1 
127 14 Car -1.000000 -1 -1 523.601554 183.334999 567.713697 214.34823 -1 -1 -1 -1 -1 -1 -1 -1 1 
128 0 Car -1.000000 -1 -1 444.502995 172.741447 484.715031 213.38787 -1 -1 -1 -1 -1 -1 -1 -1 1 
128 5 Car -1.000000 -1 -1 712.374196 183.679578 852.205447 288.354092 -1 -1 -1 -1 -1 -1 -1 -1 1 
128 6 Car -1.000000 -1 -1 612.333747 185.067739 732.851428 258.35713 -1 -1 -1 -1 -1 -1 -1 -1 1 
128 7 Car -1.000000 -1 -1 253.596217 186.217196 359.534663 255.639984 -1 -1 -1 -1 -1 -1 -1 -1 1 
128 8 Car -1.000000 -1 -1 301.428062 178.849104 375.834289 239.957668 -1 -1 -1 -1 -1 -1 -1 -1 1 
128 9 Car -1.000000 -1 -1 555.637878 178.418376 630.4325 232.324921 -1 -1 -1 -1 -1 -1 -1 -1 1 
128 10 Car -1.000000 -1 -1 528.687595 181.098998 594.451343 223.61651 -1 -1 -1 -1 -1 -1 -1 -1 1 
128 14 Car -1.000000 -1 -1 512.09171 183.061374 556.360558 214.705396 -1 -1 -1 -1 -1 -1 -1 -1 1 
129 0 Car -1.000000 -1 -1 438.05801 172.818655 477.168328 213.287541 -1 -1 -1 -1 -1 -1 -1 -1 1 
129 5 Car -1.000000 -1 -1 710.270331 182.664764 853.13777 292.402326 -1 -1 -1 -1 -1 -1 -1 -1 1 
129 6 Car -1.000000 -1 -1 608.19227 185.574944 733.48447 262.075381 -1 -1 -1 -1 -1 -1 -1 -1 1 
129 7 Car -1.000000 -1 -1 229.647902 188.407397 343.193163 261.479099 -1 -1 -1 -1 -1 -1 -1 -1 1 
129 8 Car -1.000000 -1 -1 288.111585 181.992607 358.603504 245.222405 -1 -1 -1 -1 -1 -1 -1 -1 1 
129 9 Car -1.000000 -1 -1 549.304077 179.593299 626.433286 235.025799 -1 -1 -1 -1 -1 -1 -1 -1 1 
129 10 Car -1.000000 -1 -1 522.550562 182.033039 589.990591 225.454209 -1 -1 -1 -1 -1 -1 -1 -1 1 
129 14 Car -1.000000 -1 -1 506.285305 184.490159 551.163639 216.924088 -1 -1 -1 -1 -1 -1 -1 -1 1 
130 0 Car -1.000000 -1 -1 431.66485 172.895218 469.685126 213.188078 -1 -1 -1 -1 -1 -1 -1 -1 1 
130 5 Car -1.000000 -1 -1 713.74583 182.490351 862.614614 299.383394 -1 -1 -1 -1 -1 -1 -1 -1 1 
130 6 Car -1.000000 -1 -1 603.767361 186.115806 734.168225 266.11844 -1 -1 -1 -1 -1 -1 -1 -1 1 
130 7 Car -1.000000 -1 -1 210.068524 190.657178 330.621848 267.598768 -1 -1 -1 -1 -1 -1 -1 -1 1 
130 8 Car -1.000000 -1 -1 270.251239 186.425634 352.113171 252.516791 -1 -1 -1 -1 -1 -1 -1 -1 1 
130 9 Car -1.000000 -1 -1 542.658408 180.832155 622.210551 237.881077 -1 -1 -1 -1 -1 -1 -1 -1 1 
130 10 Car -1.000000 -1 -1 516.184562 182.989854 585.345588 227.369527 -1 -1 -1 -1 -1 -1 -1 -1 1 
130 11 Car -1.000000 -1 -1 304.790953 190.206701 355.917841 233.759676 -1 -1 -1 -1 -1 -1 -1 -1 1 
130 14 Car -1.000000 -1 -1 500.269224 185.969521 545.763447 219.231361 -1 -1 -1 -1 -1 -1 -1 -1 1 
131 0 Car -1.000000 -1 -1 424.918199 172.971143 462.264635 213.089472 -1 -1 -1 -1 -1 -1 -1 -1 1 
131 5 Car -1.000000 -1 -1 717.675906 182.298633 873.032892 307.348292 -1 -1 -1 -1 -1 -1 -1 -1 1 
131 6 Car -1.000000 -1 -1 599.028699 186.693793 734.909322 270.530802 -1 -1 -1 -1 -1 -1 -1 -1 1 
131 7 Car -1.000000 -1 -1 188.687897 193.064537 317.166382 274.282904 -1 -1 -1 -1 -1 -1 -1 -1 1 
131 8 Car -1.000000 -1 -1 257.421625 186.588189 342.693492 254.827517 -1 -1 -1 -1 -1 -1 -1 -1 1 
131 9 Car -1.000000 -1 -1 541.470239 181.326418 622.89266 240.117924 -1 -1 -1 -1 -1 -1 -1 -1 1 
131 10 Car -1.000000 -1 -1 509.576219 183.884275 580.505064 229.367454 -1 -1 -1 -1 -1 -1 -1 -1 1 
131 11 Car -1.000000 -1 -1 294.919115 190.444515 350.956958 235.138587 -1 -1 -1 -1 -1 -1 -1 -1 1 
131 14 Car -1.000000 -1 -1 494.031869 187.502199 540.147856 221.632622 -1 -1 -1 -1 -1 -1 -1 -1 1 
132 0 Car -1.000000 -1 -1 423.028963 172.928279 460.155685 212.780537 -1 -1 -1 -1 -1 -1 -1 -1 1 
132 5 Car -1.000000 -1 -1 722.155981 182.086901 884.54022 316.520757 -1 -1 -1 -1 -1 -1 -1 -1 1 
132 6 Car -1.000000 -1 -1 593.941478 187.312867 735.715601 275.365482 -1 -1 -1 -1 -1 -1 -1 -1 1 
132 7 Car -1.000000 -1 -1 171.869415 196.219158 309.369533 281.84335 -1 -1 -1 -1 -1 -1 -1 -1 1 
132 8 Car -1.000000 -1 -1 243.745414 186.759372 332.7739 257.290912 -1 -1 -1 -1 -1 -1 -1 -1 1 
132 9 Car -1.000000 -1 -1 540.219647 181.851152 623.616453 242.494703 -1 -1 -1 -1 -1 -1 -1 -1 1 
132 10 Car -1.000000 -1 -1 511.891433 183.332657 583.517995 230.014445 -1 -1 -1 -1 -1 -1 -1 -1 1 
132 11 Car -1.000000 -1 -1 284.568244 190.693194 345.76486 236.584383 -1 -1 -1 -1 -1 -1 -1 -1 1 
132 14 Car -1.000000 -1 -1 492.899571 187.953213 540.073577 222.771689 -1 -1 -1 -1 -1 -1 -1 -1 1 
133 0 Car -1.000000 -1 -1 418.959034 172.927611 456.070559 212.713464 -1 -1 -1 -1 -1 -1 -1 -1 1 
133 5 Car -1.000000 -1 -1 733.655394 181.694008 901.637717 326.545442 -1 -1 -1 -1 -1 -1 -1 -1 1 
133 6 Car -1.000000 -1 -1 596.465573 186.053718 744.913555 278.472844 -1 -1 -1 -1 -1 -1 -1 -1 1 
133 7 Car -1.000000 -1 -1 153.590473 199.581738 301.056688 290.061924 -1 -1 -1 -1 -1 -1 -1 -1 1 
133 8 Car -1.000000 -1 -1 232.723162 188.752693 327.402055 262.082393 -1 -1 -1 -1 -1 -1 -1 -1 1 
133 9 Car -1.000000 -1 -1 538.901551 182.402688 624.38591 245.024968 -1 -1 -1 -1 -1 -1 -1 -1 1 
133 10 Car -1.000000 -1 -1 514.326361 182.7539 586.697697 230.697687 -1 -1 -1 -1 -1 -1 -1 -1 1 
133 11 Car -1.000000 -1 -1 278.745289 190.904579 340.501679 238.021532 -1 -1 -1 -1 -1 -1 -1 -1 1 
133 14 Car -1.000000 -1 -1 491.729046 188.419246 539.996108 223.953778 -1 -1 -1 -1 -1 -1 -1 -1 1 
134 0 Car -1.000000 -1 -1 422.496059 172.043109 459.342794 211.573815 -1 -1 -1 -1 -1 -1 -1 -1 1 
134 5 Car -1.000000 -1 -1 746.949942 181.257106 921.067423 338.287889 -1 -1 -1 -1 -1 -1 -1 -1 1 
134 6 Car -1.000000 -1 -1 599.207132 184.6888 755.149151 281.937344 -1 -1 -1 -1 -1 -1 -1 -1 1 
134 7 Car -1.000000 -1 -1 139.532122 197.944933 296.360259 291.832339 -1 -1 -1 -1 -1 -1 -1 -1 1 
134 8 Car -1.000000 -1 -1 226.641501 187.636141 326.085298 262.982879 -1 -1 -1 -1 -1 -1 -1 -1 1 
134 9 Car -1.000000 -1 -1 541.068981 180.204161 629.445955 244.925996 -1 -1 -1 -1 -1 -1 -1 -1 1 
134 10 Car -1.000000 -1 -1 516.889827 182.072728 590.059313 231.420365 -1 -1 -1 -1 -1 -1 -1 -1 1 
134 11 Car -1.000000 -1 -1 272.61796 191.125726 334.994004 239.534867 -1 -1 -1 -1 -1 -1 -1 -1 1 
134 14 Car -1.000000 -1 -1 490.518304 188.901061 539.915267 225.18137 -1 -1 -1 -1 -1 -1 -1 -1 1 
135 0 Car -1.000000 -1 -1 425.989979 171.169266 462.575574 210.448062 -1 -1 -1 -1 -1 -1 -1 -1 1 
135 5 Car -1.000000 -1 -1 766.873724 180.28219 960.900393 353.246892 -1 -1 -1 -1 -1 -1 -1 -1 1 
135 6 Car -1.000000 -1 -1 606.026094 183.057113 771.366555 285.427106 -1 -1 -1 -1 -1 -1 -1 -1 1 
135 7 Car -1.000000 -1 -1 124.189882 196.197064 291.342699 293.764444 -1 -1 -1 -1 -1 -1 -1 -1 1 
135 8 Car -1.000000 -1 -1 221.200311 185.810542 325.598126 263.195576 -1 -1 -1 -1 -1 -1 -1 -1 1 
135 9 Car -1.000000 -1 -1 543.365265 177.844173 634.861329 244.81989 -1 -1 -1 -1 -1 -1 -1 -1 1 
135 10 Car -1.000000 -1 -1 519.591566 181.344552 593.619859 232.186047 -1 -1 -1 -1 -1 -1 -1 -1 1 
135 11 Car -1.000000 -1 -1 273.810128 191.277407 337.37912 240.794044 -1 -1 -1 -1 -1 -1 -1 -1 1 
135 14 Car -1.000000 -1 -1 496.611178 185.855709 546.760514 222.566022 -1 -1 -1 -1 -1 -1 -1 -1 1 
136 0 Car -1.000000 -1 -1 429.441578 170.30589 465.769609 209.335953 -1 -1 -1 -1 -1 -1 -1 -1 1 
136 5 Car -1.000000 -1 -1 790.840459 179.16487 1010.034124 371.696035 -1 -1 -1 -1 -1 -1 -1 -1 1 
136 6 Car -1.000000 -1 -1 613.458627 180.928325 789.582659 289.3545 -1 -1 -1 -1 -1 -1 -1 -1 1 
136 7 Car -1.000000 -1 -1 107.379244 194.326399 285.970033 295.881511 -1 -1 -1 -1 -1 -1 -1 -1 1 
136 8 Car -1.000000 -1 -1 215.387192 183.885495 325.08165 263.422236 -1 -1 -1 -1 -1 -1 -1 -1 1 
136 9 Car -1.000000 -1 -1 550.264492 175.172009 644.512253 244.527664 -1 -1 -1 -1 -1 -1 -1 -1 1 
136 10 Car -1.000000 -1 -1 524.122203 179.114605 600.175083 231.153426 -1 -1 -1 -1 -1 -1 -1 -1 1 
136 11 Car -1.000000 -1 -1 275.056643 191.434894 339.855443 242.110492 -1 -1 -1 -1 -1 -1 -1 -1 1 
136 14 Car -1.000000 -1 -1 502.958472 182.683029 553.929164 219.826699 -1 -1 -1 -1 -1 -1 -1 -1 1 
137 0 Car -1.000000 -1 -1 437.010839 169.34668 473.02732 208.101677 -1 -1 -1 -1 -1 -1 -1 -1 1 
137 5 Car -1.000000 -1 -1 820.209094 177.871348 1071.793336 374.0 -1 -1 -1 -1 -1 -1 -1 -1 1 
137 6 Car -1.000000 -1 -1 621.590968 178.212323 810.192161 293.807485 -1 -1 -1 -1 -1 -1 -1 -1 1 
137 7 Car -1.000000 -1 -1 93.779149 194.913302 284.966633 301.585796 -1 -1 -1 -1 -1 -1 -1 -1 1 
137 8 Car -1.000000 -1 -1 209.162394 181.776669 324.533354 263.664355 -1 -1 -1 -1 -1 -1 -1 -1 1 
137 9 Car -1.000000 -1 -1 557.59201 172.295613 654.891779 244.21192 -1 -1 -1 -1 -1 -1 -1 -1 1 
137 10 Car -1.000000 -1 -1 528.844488 176.773737 607.055981 230.068869 -1 -1 -1 -1 -1 -1 -1 -1 1 
137 11 Car -1.000000 -1 -1 276.361295 191.598527 342.428314 243.488207 -1 -1 -1 -1 -1 -1 -1 -1 1 
137 14 Car -1.000000 -1 -1 509.576309 179.000343 561.444896 216.954495 -1 -1 -1 -1 -1 -1 -1 -1 1 
138 0 Car -1.000000 -1 -1 444.4784 168.399604 480.191377 206.884149 -1 -1 -1 -1 -1 -1 -1 -1 1 
138 5 Car -1.000000 -1 -1 857.024268 176.098214 1152.249013 374.0 -1 -1 -1 -1 -1 -1 -1 -1 1 
138 6 Car -1.000000 -1 -1 632.972137 178.795609 836.287394 303.262171 -1 -1 -1 -1 -1 -1 -1 -1 1 
138 7 Car -1.000000 -1 -1 78.843399 195.543448 283.875628 307.857897 -1 -1 -1 -1 -1 -1 -1 -1 1 
138 8 Car -1.000000 -1 -1 207.141094 181.179243 328.061252 265.608967 -1 -1 -1 -1 -1 -1 -1 -1 1 
138 9 Car -1.000000 -1 -1 566.909339 171.831513 667.857831 246.533663 -1 -1 -1 -1 -1 -1 -1 -1 1 
138 10 Car -1.000000 -1 -1 533.770823 174.313467 614.287472 228.928371 -1 -1 -1 -1 -1 -1 -1 -1 1 
138 11 Car -1.000000 -1 -1 278.292707 191.703497 347.600398 244.927925 -1 -1 -1 -1 -1 -1 -1 -1 1 
138 13 Car -1.000000 -1 -1 307.169568 185.899998 359.746295 226.087101 -1 -1 -1 -1 -1 -1 -1 -1 1 
138 14 Car -1.000000 -1 -1 518.206903 178.283103 571.229319 217.14533 -1 -1 -1 -1 -1 -1 -1 -1 1 
139 0 Car -1.000000 -1 -1 451.846223 167.464456 487.263448 205.683056 -1 -1 -1 -1 -1 -1 -1 -1 1 
139 5 Car -1.000000 -1 -1 904.511265 172.800475 1241.0 374.0 -1 -1 -1 -1 -1 -1 -1 -1 1 
139 6 Car -1.000000 -1 -1 645.610445 179.47518 866.650257 314.274246 -1 -1 -1 -1 -1 -1 -1 -1 1 
139 7 Car -1.000000 -1 -1 62.362904 196.221804 282.686679 314.787033 -1 -1 -1 -1 -1 -1 -1 -1 1 
139 8 Car -1.000000 -1 -1 205.007594 180.542394 331.756567 267.675882 -1 -1 -1 -1 -1 -1 -1 -1 1 
139 9 Car -1.000000 -1 -1 576.831664 171.329809 681.87176 249.040661 -1 -1 -1 -1 -1 -1 -1 -1 1 
139 10 Car -1.000000 -1 -1 542.594161 175.033601 625.228136 231.377755 -1 -1 -1 -1 -1 -1 -1 -1 1 
139 11 Car -1.000000 -1 -1 280.33776 191.813357 352.984572 246.438545 -1 -1 -1 -1 -1 -1 -1 -1 1 
139 13 Car -1.000000 -1 -1 311.610619 186.464083 366.304341 227.538638 -1 -1 -1 -1 -1 -1 -1 -1 1 
139 14 Car -1.000000 -1 -1 527.21061 177.529939 581.500549 217.34518 -1 -1 -1 -1 -1 -1 -1 -1 1 
140 0 Car -1.000000 -1 -1 462.596258 168.479981 497.662221 206.42034 -1 -1 -1 -1 -1 -1 -1 -1 1 
140 5 Car -1.000000 -1 -1 965.563117 173.444209 1241.0 374.0 -1 -1 -1 -1 -1 -1 -1 -1 1 
140 6 Car -1.000000 -1 -1 659.724277 180.276809 902.425998 327.262907 -1 -1 -1 -1 -1 -1 -1 -1 1 
140 7 Car -1.000000 -1 -1 44.082422 196.954126 281.387806 322.482143 -1 -1 -1 -1 -1 -1 -1 -1 1 
140 8 Car -1.000000 -1 -1 201.581078 181.179628 335.195928 271.628664 -1 -1 -1 -1 -1 -1 -1 -1 1 
140 9 Car -1.000000 -1 -1 587.419401 170.785731 697.066762 251.756028 -1 -1 -1 -1 -1 -1 -1 -1 1 
140 10 Car -1.000000 -1 -1 551.888282 175.801189 636.876202 233.983542 -1 -1 -1 -1 -1 -1 -1 -1 1 
140 11 Car -1.000000 -1 -1 282.505605 191.928447 358.594942 248.02545 -1 -1 -1 -1 -1 -1 -1 -1 1 
140 13 Car -1.000000 -1 -1 316.239719 187.048087 373.082329 229.04603 -1 -1 -1 -1 -1 -1 -1 -1 1 
140 14 Car -1.000000 -1 -1 536.272843 180.714876 591.494325 221.456858 -1 -1 -1 -1 -1 -1 -1 -1 1 
141 0 Car -1.000000 -1 -1 473.183385 169.481233 507.910971 207.14605 -1 -1 -1 -1 -1 -1 -1 -1 1 
141 5 Car -1.000000 -1 -1 1024.855917 173.996109 1241.0 374.0 -1 -1 -1 -1 -1 -1 -1 -1 1 
141 6 Car -1.000000 -1 -1 675.585819 181.236367 945.209642 342.812622 -1 -1 -1 -1 -1 -1 -1 -1 1 
141 7 Car -1.000000 -1 -1 23.687078 197.747127 279.965044 331.077666 -1 -1 -1 -1 -1 -1 -1 -1 1 
141 8 Car -1.000000 -1 -1 197.905543 181.823122 338.832264 275.888966 -1 -1 -1 -1 -1 -1 -1 -1 1 
141 9 Car -1.000000 -1 -1 597.020507 170.992032 711.915366 255.955964 -1 -1 -1 -1 -1 -1 -1 -1 1 
141 10 Car -1.000000 -1 -1 561.691521 176.621009 649.303194 236.761136 -1 -1 -1 -1 -1 -1 -1 -1 1 
141 11 Car -1.000000 -1 -1 284.806341 192.049134 364.446937 249.694581 -1 -1 -1 -1 -1 -1 -1 -1 1 
141 13 Car -1.000000 -1 -1 321.068206 187.653125 380.0922 230.612506 -1 -1 -1 -1 -1 -1 -1 -1 1 
141 14 Car -1.000000 -1 -1 545.691565 183.781298 601.945417 225.753618 -1 -1 -1 -1 -1 -1 -1 -1 1 
142 0 Car -1.000000 -1 -1 482.684192 169.493093 517.110801 206.893323 -1 -1 -1 -1 -1 -1 -1 -1 1 
142 5 Car -1.000000 -1 -1 1085.210605 174.478338 1241.0 374.0 -1 -1 -1 -1 -1 -1 -1 -1 1 
142 6 Car -1.000000 -1 -1 693.538728 182.082957 997.290857 361.763507 -1 -1 -1 -1 -1 -1 -1 -1 1 
142 7 Car -1.000000 -1 -1 0.0 197.697781 275.082171 339.994496 -1 -1 -1 -1 -1 -1 -1 -1 1 
142 8 Car -1.000000 -1 -1 193.951242 182.360844 342.684082 280.494057 -1 -1 -1 -1 -1 -1 -1 -1 1 
142 9 Car -1.000000 -1 -1 607.399721 171.220283 728.303733 260.586483 -1 -1 -1 -1 -1 -1 -1 -1 1 
142 10 Car -1.000000 -1 -1 572.046511 177.498505 662.590569 239.728031 -1 -1 -1 -1 -1 -1 -1 -1 1 
142 11 Car -1.000000 -1 -1 287.251136 192.175821 370.557451 251.452517 -1 -1 -1 -1 -1 -1 -1 -1 1 
142 13 Car -1.000000 -1 -1 326.108306 188.280397 387.346801 232.241553 -1 -1 -1 -1 -1 -1 -1 -1 1 
142 14 Car -1.000000 -1 -1 554.107851 181.021671 611.8276 223.81892 -1 -1 -1 -1 -1 -1 -1 -1 1 
143 0 Car -1.000000 -1 -1 492.051912 169.504973 526.187368 206.643876 -1 -1 -1 -1 -1 -1 -1 -1 1 
143 5 Car -1.000000 -1 -1 1161.393382 175.042007 1241.0 374.0 -1 -1 -1 -1 -1 -1 -1 -1 1 
143 6 Car -1.000000 -1 -1 710.004219 182.708644 1058.227101 374.0 -1 -1 -1 -1 -1 -1 -1 -1 1 
143 7 Car -1.000000 -1 -1 0.0 197.644218 269.704545 349.402099 -1 -1 -1 -1 -1 -1 -1 -1 1 
143 8 Car -1.000000 -1 -1 186.735752 181.655439 344.294046 283.66458 -1 -1 -1 -1 -1 -1 -1 -1 1 
143 9 Car -1.000000 -1 -1 618.654783 171.474099 746.48598 265.717322 -1 -1 -1 -1 -1 -1 -1 -1 1 
143 10 Car -1.000000 -1 -1 583.00082 178.439903 676.831517 242.904185 -1 -1 -1 -1 -1 -1 -1 -1 1 
143 11 Car -1.000000 -1 -1 289.852378 192.30895 376.945043 253.306558 -1 -1 -1 -1 -1 -1 -1 -1 1 
143 13 Car -1.000000 -1 -1 331.373226 188.931196 394.859978 233.936939 -1 -1 -1 -1 -1 -1 -1 -1 1 
143 14 Car -1.000000 -1 -1 562.962932 181.631263 622.30558 225.630587 -1 -1 -1 -1 -1 -1 -1 -1 1 
144 0 Car -1.000000 -1 -1 501.289174 169.51687 535.14288 206.397646 -1 -1 -1 -1 -1 -1 -1 -1 1 
144 6 Car -1.000000 -1 -1 729.145084 183.436177 1136.833908 374.0 -1 -1 -1 -1 -1 -1 -1 -1 1 
144 7 Car -1.000000 -1 -1 0.0 197.585782 263.754992 360.399248 -1 -1 -1 -1 -1 -1 -1 -1 1 
144 8 Car -1.000000 -1 -1 178.914177 180.751546 345.998007 287.107315 -1 -1 -1 -1 -1 -1 -1 -1 1 
144 9 Car -1.000000 -1 -1 630.900562 171.757932 766.775313 271.434137 -1 -1 -1 -1 -1 -1 -1 -1 1 
144 10 Car -1.000000 -1 -1 591.830839 177.326996 689.228092 244.333091 -1 -1 -1 -1 -1 -1 -1 -1 1 
144 11 Car -1.000000 -1 -1 290.000108 191.216317 381.021525 253.92866 -1 -1 -1 -1 -1 -1 -1 -1 1 
144 13 Car -1.000000 -1 -1 335.572691 188.010488 400.419654 233.955241 -1 -1 -1 -1 -1 -1 -1 -1 1 
144 14 Car -1.000000 -1 -1 572.256233 182.187587 633.390322 227.545681 -1 -1 -1 -1 -1 -1 -1 -1 1 
145 0 Car -1.000000 -1 -1 509.989028 167.880735 543.617448 204.548416 -1 -1 -1 -1 -1 -1 -1 -1 1 
145 6 Car -1.000000 -1 -1 751.667392 184.292688 1241.0 374.0 -1 -1 -1 -1 -1 -1 -1 -1 1 
145 7 Car -1.000000 -1 -1 0.0 197.521676 257.139475 373.421613 -1 -1 -1 -1 -1 -1 -1 -1 1 
145 8 Car -1.000000 -1 -1 169.62496 178.902444 347.525222 290.303994 -1 -1 -1 -1 -1 -1 -1 -1 1 
145 9 Car -1.000000 -1 -1 644.27299 172.077335 789.562276 277.843326 -1 -1 -1 -1 -1 -1 -1 -1 1 
145 10 Car -1.000000 -1 -1 601.247578 176.120757 702.656033 245.878478 -1 -1 -1 -1 -1 -1 -1 -1 1 
145 11 Car -1.000000 -1 -1 290.168045 190.064279 385.313752 254.590249 -1 -1 -1 -1 -1 -1 -1 -1 1 
145 13 Car -1.000000 -1 -1 339.98184 187.050471 406.215752 233.974235 -1 -1 -1 -1 -1 -1 -1 -1 1 
145 14 Car -1.000000 -1 -1 582.020997 182.762312 645.136284 229.5733 -1 -1 -1 -1 -1 -1 -1 -1 1 
146 0 Car -1.000000 -1 -1 518.593129 166.261375 552.003437 202.719803 -1 -1 -1 -1 -1 -1 -1 -1 1 
146 6 Car -1.000000 -1 -1 778.549821 185.315889 1241.0 374.0 -1 -1 -1 -1 -1 -1 -1 -1 1 
146 7 Car -1.000000 -1 -1 0.0 197.450919 249.742217 374.0 -1 -1 -1 -1 -1 -1 -1 -1 1 
146 8 Car -1.000000 -1 -1 159.430362 176.863565 349.152376 293.816833 -1 -1 -1 -1 -1 -1 -1 -1 1 
146 9 Car -1.000000 -1 -1 655.750592 170.04058 811.762893 282.780965 -1 -1 -1 -1 -1 -1 -1 -1 1 
146 10 Car -1.000000 -1 -1 611.311055 174.808984 717.250456 247.555283 -1 -1 -1 -1 -1 -1 -1 -1 1 
146 11 Car -1.000000 -1 -1 290.358441 188.847773 389.839967 255.295331 -1 -1 -1 -1 -1 -1 -1 -1 1 
146 13 Car -1.000000 -1 -1 342.778311 185.487956 412.053064 233.377448 -1 -1 -1 -1 -1 -1 -1 -1 1 
146 14 Car -1.000000 -1 -1 592.293925 183.367349 657.604629 231.723639 -1 -1 -1 -1 -1 -1 -1 -1 1 
147 0 Car -1.000000 -1 -1 527.012219 165.761275 560.212822 202.021354 -1 -1 -1 -1 -1 -1 -1 -1 1 
147 6 Car -1.000000 -1 -1 811.189317 186.559775 1241.0 374.0 -1 -1 -1 -1 -1 -1 -1 -1 1 
147 7 Car -1.000000 -1 -1 0.0 198.375664 235.037496 374.0 -1 -1 -1 -1 -1 -1 -1 -1 1 
147 8 Car -1.000000 -1 -1 148.188937 174.60431 350.890813 297.695446 -1 -1 -1 -1 -1 -1 -1 -1 1 
147 9 Car -1.000000 -1 -1 668.415539 167.712039 837.137286 288.414453 -1 -1 -1 -1 -1 -1 -1 -1 1 
147 10 Car -1.000000 -1 -1 622.089791 173.377258 733.171105 249.381115 -1 -1 -1 -1 -1 -1 -1 -1 1 
147 11 Car -1.000000 -1 -1 286.908817 187.681196 392.035951 256.482016 -1 -1 -1 -1 -1 -1 -1 -1 1 
147 13 Car -1.000000 -1 -1 345.740393 183.852412 418.152298 232.746846 -1 -1 -1 -1 -1 -1 -1 -1 1 
147 14 Car -1.000000 -1 -1 601.285077 179.330651 668.858344 228.918203 -1 -1 -1 -1 -1 -1 -1 -1 1 
148 0 Car -1.000000 -1 -1 535.340037 165.266318 568.337518 201.330483 -1 -1 -1 -1 -1 -1 -1 -1 1 
148 6 Car -1.000000 -1 -1 843.345586 187.892185 1241.0 374.0 -1 -1 -1 -1 -1 -1 -1 -1 1 
148 7 Car -1.000000 -1 -1 0.0 199.427198 218.304083 374.0 -1 -1 -1 -1 -1 -1 -1 -1 1 
148 8 Car -1.000000 -1 -1 129.438538 175.136144 348.565972 305.79435 -1 -1 -1 -1 -1 -1 -1 -1 1 
148 9 Car -1.000000 -1 -1 682.689393 165.014429 866.729576 294.888063 -1 -1 -1 -1 -1 -1 -1 -1 1 
148 10 Car -1.000000 -1 -1 633.662374 171.808404 750.608247 251.376873 -1 -1 -1 -1 -1 -1 -1 -1 1 
148 11 Car -1.000000 -1 -1 283.187502 186.436901 394.370846 257.764658 -1 -1 -1 -1 -1 -1 -1 -1 1 
148 13 Car -1.000000 -1 -1 348.881834 182.138431 424.532493 232.079723 -1 -1 -1 -1 -1 -1 -1 -1 1 
148 14 Car -1.000000 -1 -1 610.800446 174.670112 680.893483 225.91933 -1 -1 -1 -1 -1 -1 -1 -1 1 
149 0 Car -1.000000 -1 -1 543.577974 164.776437 576.378694 200.647079 -1 -1 -1 -1 -1 -1 -1 -1 1 
149 6 Car -1.000000 -1 -1 884.67706 189.605288 1241.0 374.0 -1 -1 -1 -1 -1 -1 -1 -1 1 
149 7 Car -1.000000 -1 -1 0.0 200.633478 199.093602 374.0 -1 -1 -1 -1 -1 -1 -1 -1 1 
149 8 Car -1.000000 -1 -1 108.261983 175.738745 346.02187 314.94786 -1 -1 -1 -1 -1 -1 -1 -1 1 
149 9 Car -1.000000 -1 -1 695.368853 166.025687 897.222038 307.025832 -1 -1 -1 -1 -1 -1 -1 -1 1 
149 10 Car -1.000000 -1 -1 642.246632 172.67482 766.028824 256.490782 -1 -1 -1 -1 -1 -1 -1 -1 1 
149 11 Car -1.000000 -1 -1 277.901133 187.718367 395.157913 262.379373 -1 -1 -1 -1 -1 -1 -1 -1 1 
149 13 Car -1.000000 -1 -1 348.08425 183.333887 425.613634 234.97317 -1 -1 -1 -1 -1 -1 -1 -1 1 
149 14 Car -1.000000 -1 -1 618.095056 176.335872 690.55493 229.46085 -1 -1 -1 -1 -1 -1 -1 -1 1 
150 0 Car -1.000000 -1 -1 551.727394 164.291564 584.337498 199.971034 -1 -1 -1 -1 -1 -1 -1 -1 1 
150 6 Car -1.000000 -1 -1 939.756757 191.889486 1241.0 374.0 -1 -1 -1 -1 -1 -1 -1 -1 1 
150 7 Car -1.000000 -1 -1 0.0 202.031334 176.815126 374.0 -1 -1 -1 -1 -1 -1 -1 -1 1 
150 8 Car -1.000000 -1 -1 84.153804 176.427144 343.22701 325.376247 -1 -1 -1 -1 -1 -1 -1 -1 1 
150 9 Car -1.000000 -1 -1 709.65678 167.229106 933.479597 321.420944 -1 -1 -1 -1 -1 -1 -1 -1 1 
150 10 Car -1.000000 -1 -1 651.565818 173.639314 783.187401 262.176848 -1 -1 -1 -1 -1 -1 -1 -1 1 
150 11 Car -1.000000 -1 -1 272.163015 189.08807 395.995083 267.393665 -1 -1 -1 -1 -1 -1 -1 -1 1 
150 13 Car -1.000000 -1 -1 347.238281 184.59001 426.749627 238.042512 -1 -1 -1 -1 -1 -1 -1 -1 1 
150 14 Car -1.000000 -1 -1 625.850592 178.129107 700.949453 233.267597 -1 -1 -1 -1 -1 -1 -1 -1 1 
151 0 Car -1.000000 -1 -1 557.003184 165.677241 589.526385 201.274334 -1 -1 -1 -1 -1 -1 -1 -1 1 
151 6 Car -1.000000 -1 -1 1016.802489 196.056347 1241.0 374.0 -1 -1 -1 -1 -1 -1 -1 -1 1 
151 7 Car -1.000000 -1 -1 0.0 203.670285 150.673614 374.0 -1 -1 -1 -1 -1 -1 -1 -1 1 
151 8 Car -1.000000 -1 -1 50.898297 177.385475 336.60401 337.594017 -1 -1 -1 -1 -1 -1 -1 -1 1 
151 9 Car -1.000000 -1 -1 723.318347 167.335491 974.034627 337.083241 -1 -1 -1 -1 -1 -1 -1 -1 1 
151 10 Car -1.000000 -1 -1 661.718159 174.719469 802.396054 268.536724 -1 -1 -1 -1 -1 -1 -1 -1 1 
151 11 Car -1.000000 -1 -1 265.912027 190.555482 396.887681 272.861729 -1 -1 -1 -1 -1 -1 -1 -1 1 
151 13 Car -1.000000 -1 -1 346.339381 185.911539 427.944761 241.30429 -1 -1 -1 -1 -1 -1 -1 -1 1 
151 14 Car -1.000000 -1 -1 634.111891 180.064941 712.164217 237.370441 -1 -1 -1 -1 -1 -1 -1 -1 1 
152 0 Car -1.000000 -1 -1 562.252888 167.057029 594.690646 202.570531 -1 -1 -1 -1 -1 -1 -1 -1 1 
152 6 Car -1.000000 -1 -1 1132.211786 203.14415 1241.0 374.0 -1 -1 -1 -1 -1 -1 -1 -1 1 
152 7 Car -1.000000 -1 -1 0.0 207.677017 111.164337 374.0 -1 -1 -1 -1 -1 -1 -1 -1 1 
152 8 Car -1.000000 -1 -1 12.254783 178.50343 329.270909 351.80059 -1 -1 -1 -1 -1 -1 -1 -1 1 
152 9 Car -1.000000 -1 -1 738.918522 167.466258 1023.766541 356.249322 -1 -1 -1 -1 -1 -1 -1 -1 1 
152 10 Car -1.000000 -1 -1 670.569984 176.025958 821.081197 275.812224 -1 -1 -1 -1 -1 -1 -1 -1 1 
152 11 Car -1.000000 -1 -1 256.396586 192.432191 395.89411 279.324714 -1 -1 -1 -1 -1 -1 -1 -1 1 
152 13 Car -1.000000 -1 -1 345.382414 187.303718 429.203781 244.777187 -1 -1 -1 -1 -1 -1 -1 -1 1 
152 14 Car -1.000000 -1 -1 642.929811 181.940903 724.300748 241.805234 -1 -1 -1 -1 -1 -1 -1 -1 1 
153 0 Car -1.000000 -1 -1 567.476659 168.430941 599.830393 203.859657 -1 -1 -1 -1 -1 -1 -1 -1 1 
153 8 Car -1.000000 -1 -1 0.0 177.812504 319.844246 367.69461 -1 -1 -1 -1 -1 -1 -1 -1 1 
153 9 Car -1.000000 -1 -1 756.900536 167.630718 1086.145857 374.0 -1 -1 -1 -1 -1 -1 -1 -1 1 
153 10 Car -1.000000 -1 -1 680.294919 177.511028 842.313244 284.070033 -1 -1 -1 -1 -1 -1 -1 -1 1 
153 11 Car -1.000000 -1 -1 245.9208 194.456182 394.817829 286.444967 -1 -1 -1 -1 -1 -1 -1 -1 1 
153 13 Car -1.000000 -1 -1 344.36156 188.772369 430.531955 248.482384 -1 -1 -1 -1 -1 -1 -1 -1 1 
153 14 Car -1.000000 -1 -1 652.362288 183.789605 737.478033 246.613864 -1 -1 -1 -1 -1 -1 -1 -1 1 
