0 10 Car 0 0 -1 0.0 182.435998 111.46302 236.547266 -1 -1 -1 -1 -1 -1 -1 -1 1 
0 11 Car 0 1 -1 93.734586 170.843607 218.552416 225.196105 -1 -1 -1 -1 -1 -1 -1 -1 1 
0 12 Car 0 1 -1 202.660778 179.372227 285.077755 216.888155 -1 -1 -1 -1 -1 -1 -1 -1 1 
1 10 Car 0 0 -1 0.0 183.8582 78.18224 239.952622 -1 -1 -1 -1 -1 -1 -1 -1 1 
1 11 Car 0 1 -1 62.166895 171.102744 197.669185 228.534363 -1 -1 -1 -1 -1 -1 -1 -1 1 
1 12 Car 0 1 -1 182.713313 180.478441 270.466732 219.649015 -1 -1 -1 -1 -1 -1 -1 -1 1 
2 10 Car 2 0 -1 0.0 185.454978 40.800751 241.071002 -1 -1 -1 -1 -1 -1 -1 -1 1 
2 11 Car 0 1 -1 26.808453 171.393038 174.69656 232.273865 -1 -1 -1 -1 -1 -1 -1 -1 1 
2 12 Car 0 1 -1 161.028465 181.622749 254.726109 222.650488 -1 -1 -1 -1 -1 -1 -1 -1 1 
3 11 Car 0 1 -1 0.0 171.720468 149.304478 236.401729 -1 -1 -1 -1 -1 -1 -1 -1 1 
3 12 Car 0 1 -1 137.368913 182.859029 237.719627 225.925462 -1 -1 -1 -1 -1 -1 -1 -1 1 
4 11 Car 0 1 -1 0.0 172.092643 121.089503 240.888911 -1 -1 -1 -1 -1 -1 -1 -1 1 
4 12 Car 0 1 -1 110.086948 182.541814 218.346491 227.845806 -1 -1 -1 -1 -1 -1 -1 -1 1 
5 11 Car 1 1 -1 0.0 173.032755 89.553211 241.844527 -1 -1 -1 -1 -1 -1 -1 -1 1 
5 12 Car 0 1 -1 79.750136 182.193824 197.092362 229.981326 -1 -1 -1 -1 -1 -1 -1 -1 1 
6 11 Car 1 1 -1 0.0 173.072689 51.70883 241.685239 -1 -1 -1 -1 -1 -1 -1 -1 1 
6 12 Car 0 0 -1 45.814938 181.810351 173.669336 232.370336 -1 -1 -1 -1 -1 -1 -1 -1 1 
7 12 Car 0 0 -1 7.600721 181.385676 147.727581 235.06082 -1 -1 -1 -1 -1 -1 -1 -1 1 
8 12 Car 0 0 -1 0.0 180.91278 118.837779 237.938942 -1 -1 -1 -1 -1 -1 -1 -1 1 
9 12 Car 2 0 -1 0.0 180.382954 86.467139 238.671512 -1 -1 -1 -1 -1 -1 -1 -1 1 
10 12 Car 2 0 -1 0.0 179.779445 49.946269 238.033408 -1 -1 -1 -1 -1 -1 -1 -1 1 
25 1 Car 0 0 -1 709.845658 176.1208 727.167343 189.557584 -1 -1 -1 -1 -1 -1 -1 -1 1 
26 1 Car 0 0 -1 710.730958 178.338623 728.230669 191.976347 -1 -1 -1 -1 -1 -1 -1 -1 1 
27 1 Car 0 0 -1 711.620969 178.669392 729.303314 192.522306 -1 -1 -1 -1 -1 -1 -1 -1 1 
28 1 Car 0 0 -1 712.49594 175.363112 730.366271 189.453316 -1 -1 -1 -1 -1 -1 -1 -1 1 
29 1 Car 0 0 -1 713.419034 171.62243 731.47693 185.959613 -1 -1 -1 -1 -1 -1 -1 -1 1 
30 1 Car 0 0 -1 714.406959 170.593267 732.655724 185.173956 -1 -1 -1 -1 -1 -1 -1 -1 1 
31 1 Car 0 0 -1 715.446318 171.017179 733.889755 185.843342 -1 -1 -1 -1 -1 -1 -1 -1 1 
32 1 Car 0 0 -1 716.518017 171.159424 735.160645 186.240784 -1 -1 -1 -1 -1 -1 -1 -1 1 
33 0 Car 0 0 -1 598.036384 174.467084 620.663267 187.754028 -1 -1 -1 -1 -1 -1 -1 -1 1 
33 1 Car 0 0 -1 717.648908 173.089332 736.494595 188.427004 -1 -1 -1 -1 -1 -1 -1 -1 1 
34 0 Car 0 0 -1 595.447714 174.24071 618.56223 187.814945 -1 -1 -1 -1 -1 -1 -1 -1 1 
34 1 Car 0 0 -1 717.945749 172.478419 736.977965 188.082494 -1 -1 -1 -1 -1 -1 -1 -1 1 
35 0 Car 0 0 -1 592.745069 174.004341 616.373269 187.878544 -1 -1 -1 -1 -1 -1 -1 -1 1 
35 1 Car 0 0 -1 718.258274 172.279396 737.482264 188.157305 -1 -1 -1 -1 -1 -1 -1 -1 1 
36 0 Car 0 0 -1 588.559259 173.185285 612.888698 187.433244 -1 -1 -1 -1 -1 -1 -1 -1 1 
36 1 Car 0 0 -1 718.574397 171.444151 737.996055 187.608466 -1 -1 -1 -1 -1 -1 -1 -1 1 
37 0 Car 0 0 -1 584.144069 172.321208 609.223176 186.963523 -1 -1 -1 -1 -1 -1 -1 -1 1 
37 1 Car 0 0 -1 718.902485 170.614814 738.527711 187.0758 -1 -1 -1 -1 -1 -1 -1 -1 1 
38 0 Car 0 0 -1 579.012381 173.559517 604.915449 188.606469 -1 -1 -1 -1 -1 -1 -1 -1 1 
38 1 Car 0 0 -1 719.285196 173.264214 739.118683 190.017083 -1 -1 -1 -1 -1 -1 -1 -1 1 
39 0 Car 0 0 -1 573.878881 173.067442 600.653541 188.552 -1 -1 -1 -1 -1 -1 -1 -1 1 
39 1 Car 0 0 -1 718.870941 173.193151 738.923409 190.260966 -1 -1 -1 -1 -1 -1 -1 -1 1 
40 0 Car 0 0 -1 568.439507 172.545953 596.152165 188.49428 -1 -1 -1 -1 -1 -1 -1 -1 1 
40 1 Car 0 0 -1 718.440927 173.119368 738.721041 190.514194 -1 -1 -1 -1 -1 -1 -1 -1 1 
41 0 Car 0 0 -1 562.666075 171.992333 591.390562 188.433009 -1 -1 -1 -1 -1 -1 -1 -1 1 
41 1 Car 0 0 -1 717.99423 173.042703 738.511191 190.777314 -1 -1 -1 -1 -1 -1 -1 -1 1 
42 0 Car 0 0 -1 556.513309 172.974388 586.333142 189.931009 -1 -1 -1 -1 -1 -1 -1 -1 1 
42 1 Car 0 0 -1 717.529854 172.962985 738.293443 191.050917 -1 -1 -1 -1 -1 -1 -1 -1 1 
43 0 Car 0 0 -1 549.957746 174.020961 580.965286 191.52713 -1 -1 -1 -1 -1 -1 -1 -1 1 
43 1 Car 0 0 -1 717.046718 172.880028 738.067351 191.335642 -1 -1 -1 -1 -1 -1 -1 -1 1 
44 0 Car 0 0 -1 542.984735 174.376069 575.269776 192.477936 -1 -1 -1 -1 -1 -1 -1 -1 1 
44 1 Car 0 0 -1 717.088425 173.104121 738.379689 191.976371 -1 -1 -1 -1 -1 -1 -1 -1 1 
45 0 Car 0 0 -1 536.067607 176.041573 569.717862 194.777653 -1 -1 -1 -1 -1 -1 -1 -1 1 
45 1 Car 0 0 -1 717.032006 174.453153 738.761607 193.705341 -1 -1 -1 -1 -1 -1 -1 -1 1 
46 0 Car 0 0 -1 528.640918 177.830206 563.785257 197.246891 -1 -1 -1 -1 -1 -1 -1 -1 1 
46 1 Car 0 0 -1 716.973371 175.858658 739.159375 195.506692 -1 -1 -1 -1 -1 -1 -1 -1 1 
47 0 Car 0 0 -1 520.46919 177.653395 557.26397 197.812457 -1 -1 -1 -1 -1 -1 -1 -1 1 
47 1 Car 0 0 -1 716.601238 176.124758 739.265135 196.19474 -1 -1 -1 -1 -1 -1 -1 -1 1 
48 0 Car 0 0 -1 511.648972 177.462502 550.263677 198.422924 -1 -1 -1 -1 -1 -1 -1 -1 1 
48 1 Car 0 0 -1 716.212862 176.402583 739.375406 196.913097 -1 -1 -1 -1 -1 -1 -1 -1 1 
49 0 Car 0 0 -1 501.865887 178.191686 542.472052 200.029289 -1 -1 -1 -1 -1 -1 -1 -1 1 
49 1 Car 0 0 -1 715.807145 176.692927 739.490492 197.663809 -1 -1 -1 -1 -1 -1 -1 -1 1 
50 0 Car 0 0 -1 491.209638 177.293694 534.03783 200.094643 -1 -1 -1 -1 -1 -1 -1 -1 1 
50 1 Car 0 0 -1 714.905961 176.256627 739.121388 197.704275 -1 -1 -1 -1 -1 -1 -1 -1 1 
51 0 Car 0 0 -1 479.576151 176.313089 524.895835 200.165972 -1 -1 -1 -1 -1 -1 -1 -1 1 
51 1 Car 0 0 -1 713.96326 175.80014 738.73494 197.7466 -1 -1 -1 -1 -1 -1 -1 -1 1 
52 0 Car 0 0 -1 466.837445 176.771814 514.965934 201.769305 -1 -1 -1 -1 -1 -1 -1 -1 1 
52 1 Car 0 0 -1 712.976086 175.322033 738.329912 197.790915 -1 -1 -1 -1 -1 -1 -1 -1 1 
52 5 Car 0 1 -1 888.045334 166.86196 930.669481 182.616229 -1 -1 -1 -1 -1 -1 -1 -1 1 
53 0 Car 0 0 -1 452.811826 177.277048 504.12604 203.534722 -1 -1 -1 -1 -1 -1 -1 -1 1 
53 1 Car 0 0 -1 711.584749 175.442367 737.544944 198.454665 -1 -1 -1 -1 -1 -1 -1 -1 1 
53 5 Car 0 1 -1 887.609435 166.730214 930.85237 182.68623 -1 -1 -1 -1 -1 -1 -1 -1 1 
54 0 Car 0 0 -1 438.467322 177.546388 493.290431 205.190105 -1 -1 -1 -1 -1 -1 -1 -1 1 
54 1 Car 0 0 -1 710.000327 175.568674 736.720753 199.151369 -1 -1 -1 -1 -1 -1 -1 -1 1 
54 5 Car 0 1 -1 887.163078 166.595064 931.039342 182.758044 -1 -1 -1 -1 -1 -1 -1 -1 1 
55 0 Car 0 0 -1 422.522925 177.845886 481.369893 207.030242 -1 -1 -1 -1 -1 -1 -1 -1 1 
55 1 Car 0 0 -1 708.615522 174.785595 736.194171 198.975784 -1 -1 -1 -1 -1 -1 -1 -1 1 
55 5 Car 0 1 -1 886.70586 166.456376 931.230559 182.831743 -1 -1 -1 -1 -1 -1 -1 -1 1 
56 0 Car 0 0 -1 404.695097 178.180905 468.192953 209.087889 -1 -1 -1 -1 -1 -1 -1 -1 1 
56 1 Car 0 0 -1 707.164837 173.961395 735.639617 198.790939 -1 -1 -1 -1 -1 -1 -1 -1 1 
56 5 Car 0 1 -1 886.237359 166.314011 931.426187 182.907403 -1 -1 -1 -1 -1 -1 -1 -1 1 
57 0 Car 0 0 -1 384.775202 179.303161 453.682632 212.151581 -1 -1 -1 -1 -1 -1 -1 -1 1 
57 1 Car 0 0 -1 705.555068 174.863469 734.957098 200.359123 -1 -1 -1 -1 -1 -1 -1 -1 1 
57 5 Car 0 1 -1 885.757127 166.167818 931.626404 182.985104 -1 -1 -1 -1 -1 -1 -1 -1 1 
58 0 Car 0 0 -1 362.184861 180.429291 437.461604 215.626284 -1 -1 -1 -1 -1 -1 -1 -1 1 
58 1 Car 0 0 -1 703.864816 175.815561 734.2364 202.014396 -1 -1 -1 -1 -1 -1 -1 -1 1 
58 2 Car 0 0 -1 828.12286 171.071245 871.244515 185.881181 -1 -1 -1 -1 -1 -1 -1 -1 1 
58 5 Car 0 1 -1 885.197711 167.01023 931.768112 184.039376 -1 -1 -1 -1 -1 -1 -1 -1 1 
59 0 Car 0 0 -1 338.859 180.240071 420.616315 217.889724 -1 -1 -1 -1 -1 -1 -1 -1 1 
59 1 Car 0 0 -1 702.087866 176.821948 733.474254 203.764218 -1 -1 -1 -1 -1 -1 -1 -1 1 
59 2 Car 0 0 -1 824.442726 170.438041 868.060502 185.449988 -1 -1 -1 -1 -1 -1 -1 -1 1 
59 5 Car 0 1 -1 884.629629 168.289845 931.919243 185.529323 -1 -1 -1 -1 -1 -1 -1 -1 1 
60 0 Car 0 0 -1 311.986061 180.026295 401.571945 220.497882 -1 -1 -1 -1 -1 -1 -1 -1 1 
60 1 Car 0 0 -1 700.428303 175.879286 732.868616 203.588452 -1 -1 -1 -1 -1 -1 -1 -1 1 
60 2 Car 0 0 -1 820.666755 169.788433 864.791071 185.007235 -1 -1 -1 -1 -1 -1 -1 -1 1 
60 5 Car 0 1 -1 884.020169 167.707066 932.044867 185.197339 -1 -1 -1 -1 -1 -1 -1 -1 1 
61 0 Car 0 0 -1 280.68906 179.782829 379.868733 223.536026 -1 -1 -1 -1 -1 -1 -1 -1 1 
61 1 Car 0 0 -1 698.682361 174.881787 732.227364 203.402404 -1 -1 -1 -1 -1 -1 -1 -1 1 
61 2 Car 0 0 -1 816.791044 169.121775 861.432862 184.55245 -1 -1 -1 -1 -1 -1 -1 -1 1 
61 5 Car 0 1 -1 883.386743 166.55194 932.164757 184.310096 -1 -1 -1 -1 -1 -1 -1 -1 1 
62 0 Car 0 0 -1 245.287351 179.443065 356.429946 227.049332 -1 -1 -1 -1 -1 -1 -1 -1 1 
62 1 Car 0 0 -1 696.843091 173.824526 731.547294 203.205151 -1 -1 -1 -1 -1 -1 -1 -1 1 
62 2 Car 0 0 -1 812.761626 168.437393 857.982337 184.085138 -1 -1 -1 -1 -1 -1 -1 -1 1 
62 5 Car 0 1 -1 882.736411 165.378583 932.287487 183.41193 -1 -1 -1 -1 -1 -1 -1 -1 1 
62 7 Car 0 1 -1 1039.925727 161.260454 1097.871525 183.014679 -1 -1 -1 -1 -1 -1 -1 -1 1 
63 0 Car 0 0 -1 203.00365 179.00227 329.233918 231.246341 -1 -1 -1 -1 -1 -1 -1 -1 1 
63 1 Car 0 0 -1 696.004283 173.810192 732.066626 204.099922 -1 -1 -1 -1 -1 -1 -1 -1 1 
63 2 Car 0 0 -1 808.575979 167.73457 854.435767 183.604778 -1 -1 -1 -1 -1 -1 -1 -1 1 
63 5 Car 0 1 -1 883.517043 164.38902 933.879893 182.696875 -1 -1 -1 -1 -1 -1 -1 -1 1 
63 7 Car 0 1 -1 1043.157093 160.548111 1102.132206 182.630159 -1 -1 -1 -1 -1 -1 -1 -1 1 
64 0 Car 0 0 -1 154.353616 180.821963 299.689814 238.902876 -1 -1 -1 -1 -1 -1 -1 -1 1 
64 1 Car 0 0 -1 695.118234 173.794954 732.618682 205.051872 -1 -1 -1 -1 -1 -1 -1 -1 1 
64 2 Car 0 0 -1 804.905848 167.345274 851.269502 183.423544 -1 -1 -1 -1 -1 -1 -1 -1 1 
64 5 Car 0 1 -1 884.337973 164.645323 935.538019 183.212791 -1 -1 -1 -1 -1 -1 -1 -1 1 
64 7 Car 0 1 -1 1046.482576 159.814491 1106.519797 182.234157 -1 -1 -1 -1 -1 -1 -1 -1 1 
65 0 Car 0 0 -1 93.998141 182.827265 264.516185 248.403883 -1 -1 -1 -1 -1 -1 -1 -1 1 
65 1 Car 0 0 -1 695.013702 174.019735 734.083495 206.250543 -1 -1 -1 -1 -1 -1 -1 -1 1 
65 2 Car 0 0 -1 801.179001 169.777972 848.060114 186.027291 -1 -1 -1 -1 -1 -1 -1 -1 1 
65 5 Car 0 1 -1 885.184028 164.986484 937.246251 183.819832 -1 -1 -1 -1 -1 -1 -1 -1 1 
65 7 Car 0 1 -1 1049.906333 159.058628 1111.040072 181.826151 -1 -1 -1 -1 -1 -1 -1 -1 1 
66 0 Car 0 0 -1 23.135993 183.902548 225.743683 258.359292 -1 -1 -1 -1 -1 -1 -1 -1 1 
66 1 Car 0 0 -1 694.903582 174.25897 735.642029 207.526447 -1 -1 -1 -1 -1 -1 -1 -1 1 
66 2 Car 0 0 -1 797.31745 169.247587 844.723069 185.717825 -1 -1 -1 -1 -1 -1 -1 -1 1 
66 5 Car 0 1 -1 886.071719 166.520549 939.023805 185.606338 -1 -1 -1 -1 -1 -1 -1 -1 1 
66 7 Car 0 1 -1 1053.432771 158.279496 1115.699156 181.405587 -1 -1 -1 -1 -1 -1 -1 -1 1 
67 0 Car 0 0 -1 0.0 185.218332 178.287352 270.980688 -1 -1 -1 -1 -1 -1 -1 -1 1 
67 1 Car 0 0 -1 694.787388 174.514099 737.303611 208.887296 -1 -1 -1 -1 -1 -1 -1 -1 1 
67 2 Car 0 0 -1 793.345497 167.922024 841.285534 184.630789 -1 -1 -1 -1 -1 -1 -1 -1 1 
67 5 Car 0 1 -1 886.934246 164.379601 940.7983 183.7929 -1 -1 -1 -1 -1 -1 -1 -1 1 
67 7 Car 0 1 -1 1057.066564 157.476002 1120.503561 180.971877 -1 -1 -1 -1 -1 -1 -1 -1 1 
68 0 Car 1 0 -1 0.0 186.865479 118.863034 274.885653 -1 -1 -1 -1 -1 -1 -1 -1 1 
68 1 Car 0 0 -1 695.380711 173.316409 739.897622 208.874054 -1 -1 -1 -1 -1 -1 -1 -1 1 
68 2 Car 0 0 -1 789.266139 166.748572 837.757133 183.699511 -1 -1 -1 -1 -1 -1 -1 -1 1 
68 5 Car 0 1 -1 886.827199 162.4515 941.486381 182.171084 -1 -1 -1 -1 -1 -1 -1 -1 1 
68 7 Car 0 1 -1 1062.304011 156.098128 1126.985146 179.98562 -1 -1 -1 -1 -1 -1 -1 -1 1 
69 0 Car 1 0 -1 0.0 189.792631 47.238029 277.141224 -1 -1 -1 -1 -1 -1 -1 -1 1 
69 1 Car 0 0 -1 696.011151 172.033775 742.675222 208.859823 -1 -1 -1 -1 -1 -1 -1 -1 1 
69 2 Car 0 0 -1 784.02672 165.340929 833.116086 182.534824 -1 -1 -1 -1 -1 -1 -1 -1 1 
69 5 Car 0 1 -1 886.730533 161.416335 942.208685 181.433987 -1 -1 -1 -1 -1 -1 -1 -1 1 
69 7 Car 0 1 -1 1067.709816 155.131986 1133.685109 179.416829 -1 -1 -1 -1 -1 -1 -1 -1 1 
70 1 Car 0 0 -1 696.938849 172.527317 745.756963 210.556078 -1 -1 -1 -1 -1 -1 -1 -1 1 
70 2 Car 0 0 -1 778.657922 164.949029 828.363821 182.376366 -1 -1 -1 -1 -1 -1 -1 -1 1 
70 5 Car 0 1 -1 886.642209 161.135473 942.964006 181.445575 -1 -1 -1 -1 -1 -1 -1 -1 1 
70 7 Car 0 1 -1 1073.289247 154.433476 1140.611385 179.124023 -1 -1 -1 -1 -1 -1 -1 -1 1 
71 1 Car 0 0 -1 697.921129 173.054146 749.045992 212.367173 -1 -1 -1 -1 -1 -1 -1 -1 1 
71 2 Car 0 0 -1 773.168038 166.292079 823.50491 183.934926 -1 -1 -1 -1 -1 -1 -1 -1 1 
71 5 Car 0 1 -1 886.563514 161.709501 943.754871 182.304649 -1 -1 -1 -1 -1 -1 -1 -1 1 
71 7 Car 0 1 -1 1079.054235 154.234208 1147.779459 179.334919 -1 -1 -1 -1 -1 -1 -1 -1 1 
72 1 Car 0 0 -1 699.609668 174.11517 753.070273 214.810514 -1 -1 -1 -1 -1 -1 -1 -1 1 
72 2 Car 0 0 -1 767.52678 167.427445 818.507233 185.296261 -1 -1 -1 -1 -1 -1 -1 -1 1 
72 5 Car 0 1 -1 886.498331 163.426294 944.586757 184.293748 -1 -1 -1 -1 -1 -1 -1 -1 1 
72 7 Car 0 1 -1 1085.031624 155.628248 1155.221624 181.123359 -1 -1 -1 -1 -1 -1 -1 -1 1 
73 1 Car 0 0 -1 701.403745 175.253719 757.388611 217.432482 -1 -1 -1 -1 -1 -1 -1 -1 1 
73 2 Car 0 0 -1 761.73687 169.079426 813.375001 187.175397 -1 -1 -1 -1 -1 -1 -1 -1 1 
73 5 Car 0 1 -1 885.150724 163.929311 944.025511 185.078665 -1 -1 -1 -1 -1 -1 -1 -1 1 
73 7 Car 0 1 -1 1091.39323 155.232727 1163.07818 181.147012 -1 -1 -1 -1 -1 -1 -1 -1 1 
74 1 Car 0 0 -1 703.313568 176.478609 762.034468 220.253407 -1 -1 -1 -1 -1 -1 -1 -1 1 
74 2 Car 0 0 -1 755.788564 170.998502 808.098791 189.326971 -1 -1 -1 -1 -1 -1 -1 -1 1 
74 5 Car 0 1 -1 883.771355 164.84147 943.454086 186.273055 -1 -1 -1 -1 -1 -1 -1 -1 1 
74 7 Car 0 1 -1 1097.95827 154.82398 1171.197513 181.171445 -1 -1 -1 -1 -1 -1 -1 -1 1 
75 1 Car 0 0 -1 705.350702 177.800047 767.046586 223.296827 -1 -1 -1 -1 -1 -1 -1 -1 1 
75 2 Car 0 0 -1 749.145251 170.855316 802.755182 189.47418 -1 -1 -1 -1 -1 -1 -1 -1 1 
75 5 Car 0 1 -1 882.345969 165.248532 942.85767 186.980402 -1 -1 -1 -1 -1 -1 -1 -1 1 
75 7 Car 0 1 -1 1104.736661 154.401331 1179.593036 181.196697 -1 -1 -1 -1 -1 -1 -1 -1 1 
76 1 Car 0 0 -1 706.93988 176.582811 771.776528 223.958152 -1 -1 -1 -1 -1 -1 -1 -1 1 
76 2 Car 0 0 -1 742.299795 168.44301 797.1762 187.375462 -1 -1 -1 -1 -1 -1 -1 -1 1 
76 5 Car 0 1 -1 880.845004 163.126421 942.204359 185.216536 -1 -1 -1 -1 -1 -1 -1 -1 1 
76 7 Car 0 1 -1 1111.738968 153.964061 1188.279086 181.222812 -1 -1 -1 -1 -1 -1 -1 -1 1 
77 1 Car 0 0 -1 708.643035 175.261006 776.912929 224.676316 -1 -1 -1 -1 -1 -1 -1 -1 1 
77 2 Car 0 0 -1 735.280423 166.822816 791.393842 186.060441 -1 -1 -1 -1 -1 -1 -1 -1 1 
77 5 Car 0 1 -1 879.32307 162.551316 941.556106 184.979572 -1 -1 -1 -1 -1 -1 -1 -1 1 
77 7 Car 0 1 -1 1118.976473 153.511395 1197.271013 181.249832 -1 -1 -1 -1 -1 -1 -1 -1 1 
78 1 Car 0 0 -1 710.472871 173.820552 782.51055 225.45898 -1 -1 -1 -1 -1 -1 -1 -1 1 
78 2 Car 0 0 -1 728.07589 165.870283 785.396844 185.411745 -1 -1 -1 -1 -1 -1 -1 -1 1 
78 5 Car 0 1 -1 874.575771 161.118657 937.381282 183.853262 -1 -1 -1 -1 -1 -1 -1 -1 1 
78 7 Car 0 1 -1 1124.188767 153.949355 1203.978867 182.09468 -1 -1 -1 -1 -1 -1 -1 -1 1 
78 14 Car 0 0 -1 362.417899 176.806439 412.887909 197.281425 -1 -1 -1 -1 -1 -1 -1 -1 1 
79 1 Car 0 0 -1 712.834427 175.153031 789.065159 229.182327 -1 -1 -1 -1 -1 -1 -1 -1 1 
79 2 Car 0 0 -1 720.720081 169.330732 779.223888 189.190389 -1 -1 -1 -1 -1 -1 -1 -1 1 
79 5 Car 0 1 -1 869.752561 162.600575 933.144862 185.591165 -1 -1 -1 -1 -1 -1 -1 -1 1 
79 7 Car 0 1 -1 1129.537756 153.360927 1210.874746 181.946085 -1 -1 -1 -1 -1 -1 -1 -1 1 
79 14 Car 0 0 -1 361.752389 177.75891 414.086252 198.654981 -1 -1 -1 -1 -1 -1 -1 -1 1 
80 1 Car 0 0 -1 715.383035 176.615042 796.257227 233.267942 -1 -1 -1 -1 -1 -1 -1 -1 1 
80 2 Car 0 0 -1 711.745835 169.953767 771.431825 190.163392 -1 -1 -1 -1 -1 -1 -1 -1 1 
80 5 Car 0 1 -1 864.808771 164.067782 928.797661 187.321614 -1 -1 -1 -1 -1 -1 -1 -1 1 
80 7 Car 0 1 -1 1135.100589 155.83756 1218.047497 184.814819 -1 -1 -1 -1 -1 -1 -1 -1 1 
80 14 Car 0 0 -1 361.121462 178.748299 415.265643 200.083308 -1 -1 -1 -1 -1 -1 -1 -1 1 
81 1 Car 0 0 -1 718.169606 177.006184 803.542276 236.133583 -1 -1 -1 -1 -1 -1 -1 -1 1 
81 2 Car 0 0 -1 702.485475 170.597771 763.325188 191.174002 -1 -1 -1 -1 -1 -1 -1 -1 1 
81 5 Car 0 1 -1 859.736986 165.306664 924.332103 188.835554 -1 -1 -1 -1 -1 -1 -1 -1 1 
81 7 Car 0 1 -1 1140.804827 156.722562 1225.417742 186.137131 -1 -1 -1 -1 -1 -1 -1 -1 1 
81 14 Car 0 0 -1 360.528553 179.776751 416.424221 201.601261 -1 -1 -1 -1 -1 -1 -1 -1 1 
82 1 Car 0 0 -1 721.160004 177.433053 811.493138 239.261148 -1 -1 -1 -1 -1 -1 -1 -1 1 
82 2 Car 0 0 -1 692.921839 171.263699 754.888927 192.224353 -1 -1 -1 -1 -1 -1 -1 -1 1 
82 5 Car 0 1 -1 854.541562 166.994495 919.753856 190.796972 -1 -1 -1 -1 -1 -1 -1 -1 1 
82 7 Car 0 1 -1 1146.687414 157.712641 1233.029379 187.576702 -1 -1 -1 -1 -1 -1 -1 -1 1 
82 14 Car 0 0 -1 361.534264 179.704769 418.505285 201.940516 -1 -1 -1 -1 -1 -1 -1 -1 1 
82 16 Car 0 0 -1 600.572416 175.653422 620.879753 189.545216 -1 -1 -1 -1 -1 -1 -1 -1 1 
82 17 Car 0 0 -1 566.196337 175.599437 589.782249 189.799586 -1 -1 -1 -1 -1 -1 -1 -1 1 
83 1 Car 0 0 -1 724.377432 177.900777 820.205476 242.688264 -1 -1 -1 -1 -1 -1 -1 -1 1 
83 2 Car 0 0 -1 683.036358 171.952569 746.107044 193.31673 -1 -1 -1 -1 -1 -1 -1 -1 1 
83 5 Car 0 1 -1 848.132034 166.938174 913.785302 191.0135 -1 -1 -1 -1 -1 -1 -1 -1 1 
83 7 Car 0 1 -1 1150.056321 157.517071 1237.868013 187.814912 -1 -1 -1 -1 -1 -1 -1 -1 1 
83 14 Car 0 0 -1 362.579209 179.630092 420.66393 202.292831 -1 -1 -1 -1 -1 -1 -1 -1 1 
83 16 Car 0 0 -1 599.322949 175.622978 619.821325 189.649848 -1 -1 -1 -1 -1 -1 -1 -1 1 
83 17 Car 0 0 -1 564.738874 175.565797 588.551967 189.900992 -1 -1 -1 -1 -1 -1 -1 -1 1 
84 1 Car 0 0 -1 727.848755 178.415517 829.7942 246.460132 -1 -1 -1 -1 -1 -1 -1 -1 1 
84 2 Car 0 0 -1 672.80892 172.665478 736.962497 194.45359 -1 -1 -1 -1 -1 -1 -1 -1 1 
84 5 Car 0 1 -1 841.578665 166.880534 907.676676 191.235055 -1 -1 -1 -1 -1 -1 -1 -1 1 
84 6 Car 0 1 -1 986.483177 167.682206 1073.646288 191.147684 -1 -1 -1 -1 -1 -1 -1 -1 1 
84 7 Car 0 1 -1 1153.520652 157.334806 1241.0 188.060121 -1 -1 -1 -1 -1 -1 -1 -1 1 
84 14 Car 0 0 -1 363.665701 179.552566 422.904607 202.658975 -1 -1 -1 -1 -1 -1 -1 -1 1 
84 16 Car 0 0 -1 598.048985 175.591936 618.743154 189.756535 -1 -1 -1 -1 -1 -1 -1 -1 1 
84 17 Car 0 0 -1 563.253482 175.531511 587.299111 190.004342 -1 -1 -1 -1 -1 -1 -1 -1 1 
85 1 Car 0 0 -1 731.605251 178.984735 840.398566 250.631526 -1 -1 -1 -1 -1 -1 -1 -1 1 
85 2 Car 0 0 -1 662.425425 172.643902 727.823047 194.918071 -1 -1 -1 -1 -1 -1 -1 -1 1 
85 5 Car 0 1 -1 834.876554 166.821528 901.422994 191.461812 -1 -1 -1 -1 -1 -1 -1 -1 1 
85 6 Car 0 1 -1 982.958286 164.713524 1070.984713 188.535025 -1 -1 -1 -1 -1 -1 -1 -1 1 
85 7 Car 0 1 -1 1157.084516 157.205525 1241.0 188.312643 -1 -1 -1 -1 -1 -1 -1 -1 1 
85 14 Car 0 0 -1 364.796235 179.472023 425.232113 203.039777 -1 -1 -1 -1 -1 -1 -1 -1 1 
85 16 Car 0 0 -1 596.749794 175.560279 617.644684 189.865335 -1 -1 -1 -1 -1 -1 -1 -1 1 
85 17 Car 0 0 -1 561.73935 175.49656 586.023053 190.109694 -1 -1 -1 -1 -1 -1 -1 -1 1 
86 1 Car 0 0 -1 735.321319 179.5707 851.173945 254.87282 -1 -1 -1 -1 -1 -1 -1 -1 1 
86 2 Car 0 0 -1 651.601058 172.622135 718.251707 195.404013 -1 -1 -1 -1 -1 -1 -1 -1 1 
86 5 Car 0 1 -1 828.020575 166.761107 895.019033 191.693958 -1 -1 -1 -1 -1 -1 -1 -1 1 
86 6 Car 0 1 -1 979.423344 166.526547 1068.340848 190.59195 -1 -1 -1 -1 -1 -1 -1 -1 1 
86 7 Car 0 1 -1 1160.75226 157.072402 1241.0 188.57281 -1 -1 -1 -1 -1 -1 -1 -1 1 
86 14 Car 0 0 -1 365.97351 179.388285 427.651628 203.436137 -1 -1 -1 -1 -1 -1 -1 -1 1 
86 16 Car 0 0 -1 595.424621 175.527987 616.525335 189.976314 -1 -1 -1 -1 -1 -1 -1 -1 1 
86 17 Car 0 0 -1 560.195635 175.460924 584.723144 190.217106 -1 -1 -1 -1 -1 -1 -1 -1 1 
87 1 Car 0 0 -1 739.340096 180.206971 863.107983 259.570339 -1 -1 -1 -1 -1 -1 -1 -1 1 
87 2 Car 0 0 -1 640.302958 172.600137 708.222009 195.912923 -1 -1 -1 -1 -1 -1 -1 -1 1 
87 5 Car 0 1 -1 821.005364 166.699219 888.459313 191.931687 -1 -1 -1 -1 -1 -1 -1 -1 1 
87 6 Car 0 1 -1 975.745408 164.473312 1065.563131 188.886751 -1 -1 -1 -1 -1 -1 -1 -1 1 
87 7 Car 0 1 -1 1164.52849 156.935267 1241.0 188.840975 -1 -1 -1 -1 -1 -1 -1 -1 1 
87 14 Car 0 0 -1 368.960754 179.268589 432.265702 203.788428 -1 -1 -1 -1 -1 -1 -1 -1 1 
87 16 Car 0 0 -1 594.072676 175.495042 615.384508 190.089536 -1 -1 -1 -1 -1 -1 -1 -1 1 
87 17 Car 0 0 -1 558.621461 175.424582 583.39871 190.32664 -1 -1 -1 -1 -1 -1 -1 -1 1 
88 1 Car 0 0 -1 743.700125 180.74953 876.398204 264.80188 -1 -1 -1 -1 -1 -1 -1 -1 1 
88 2 Car 0 0 -1 628.494977 172.577867 697.705225 196.446454 -1 -1 -1 -1 -1 -1 -1 -1 1 
88 5 Car 0 1 -1 812.968387 166.691808 881.456302 192.239208 -1 -1 -1 -1 -1 -1 -1 -1 1 
88 6 Car 0 1 -1 972.002522 163.961141 1062.742133 188.691572 -1 -1 -1 -1 -1 -1 -1 -1 1 
88 7 Car 0 1 -1 1165.343056 156.746468 1241.0 189.03102 -1 -1 -1 -1 -1 -1 -1 -1 1 
88 14 Car 0 0 -1 372.448113 179.129349 436.630122 204.149152 -1 -1 -1 -1 -1 -1 -1 -1 1 
88 15 Car 0 1 -1 255.993725 181.491528 310.357433 204.788839 -1 -1 -1 -1 -1 -1 -1 -1 1 
88 16 Car 0 0 -1 592.693139 175.461424 614.221578 190.205072 -1 -1 -1 -1 -1 -1 -1 -1 1 
88 17 Car 0 0 -1 557.015915 175.387515 582.04905 190.438358 -1 -1 -1 -1 -1 -1 -1 -1 1 
89 1 Car 0 0 -1 748.446786 181.340125 891.289734 270.663992 -1 -1 -1 -1 -1 -1 -1 -1 1 
89 2 Car 0 0 -1 616.137261 172.555276 686.670098 197.006419 -1 -1 -1 -1 -1 -1 -1 -1 1 
89 5 Car 0 1 -1 804.749355 166.684841 874.260042 192.554848 -1 -1 -1 -1 -1 -1 -1 -1 1 
89 6 Car 0 1 -1 968.225311 167.294295 1059.914365 192.251433 -1 -1 -1 -1 -1 -1 -1 -1 1 
89 7 Car 0 1 -1 1166.177905 156.552861 1241.0 189.225964 -1 -1 -1 -1 -1 -1 -1 -1 1 
89 14 Car 0 0 -1 376.467431 178.975818 440.739725 204.517592 -1 -1 -1 -1 -1 -1 -1 -1 1 
89 15 Car 0 1 -1 251.630938 181.306512 307.234421 205.14465 -1 -1 -1 -1 -1 -1 -1 -1 1 
89 16 Car 0 0 -1 591.285158 175.427111 613.0359 190.322992 -1 -1 -1 -1 -1 -1 -1 -1 1 
89 17 Car 0 0 -1 555.378051 175.349699 580.673439 190.552328 -1 -1 -1 -1 -1 -1 -1 -1 1 
90 1 Car 0 0 -1 753.112443 181.678042 905.685839 276.028697 -1 -1 -1 -1 -1 -1 -1 -1 1 
90 2 Car 0 0 -1 604.673422 172.91815 676.569926 198.001695 -1 -1 -1 -1 -1 -1 -1 -1 1 
90 5 Car 0 1 -1 796.340698 166.678326 866.864115 192.878929 -1 -1 -1 -1 -1 -1 -1 -1 1 
90 6 Car 0 1 -1 962.315029 163.857472 1054.589574 189.157384 -1 -1 -1 -1 -1 -1 -1 -1 1 
90 7 Car 0 1 -1 1167.033801 156.354258 1241.0 189.425998 -1 -1 -1 -1 -1 -1 -1 -1 1 
90 14 Car 0 0 -1 381.047526 178.822256 444.593829 204.892975 -1 -1 -1 -1 -1 -1 -1 -1 1 
90 15 Car 0 1 -1 247.066748 181.112881 303.965847 205.517558 -1 -1 -1 -1 -1 -1 -1 -1 1 
90 16 Car 0 0 -1 589.84784 175.392082 611.826797 190.44337 -1 -1 -1 -1 -1 -1 -1 -1 1 
90 17 Car 0 0 -1 553.706881 175.311112 579.27112 190.668616 -1 -1 -1 -1 -1 -1 -1 -1 1 
91 1 Car 0 0 -1 758.164661 182.044013 921.758559 282.016236 -1 -1 -1 -1 -1 -1 -1 -1 1 
91 2 Car 0 0 -1 592.644438 173.29813 665.947148 199.050196 -1 -1 -1 -1 -1 -1 -1 -1 1 
91 5 Car 0 1 -1 787.73442 166.672268 859.261829 193.211788 -1 -1 -1 -1 -1 -1 -1 -1 1 
91 6 Car 0 1 -1 956.322426 162.756358 1049.194242 188.344903 -1 -1 -1 -1 -1 -1 -1 -1 1 
91 7 Car 0 1 -1 1167.911545 156.150464 1241.0 189.631326 -1 -1 -1 -1 -1 -1 -1 -1 1 
91 14 Car 0 0 -1 386.406224 178.643173 450.310898 205.128149 -1 -1 -1 -1 -1 -1 -1 -1 1 
91 15 Car 0 1 -1 244.658881 181.316251 302.669839 206.202215 -1 -1 -1 -1 -1 -1 -1 -1 1 
91 16 Car 0 1 -1 588.38026 175.356315 610.593571 190.566286 -1 -1 -1 -1 -1 -1 -1 -1 1 
91 17 Car 0 0 -1 552.00138 175.27173 577.84131 190.787296 -1 -1 -1 -1 -1 -1 -1 -1 1 
92 1 Car 0 0 -1 763.653556 182.441682 939.818902 288.74176 -1 -1 -1 -1 -1 -1 -1 -1 1 
92 2 Car 0 0 -1 580.002573 173.696398 654.765415 200.15619 -1 -1 -1 -1 -1 -1 -1 -1 1 
92 5 Car 0 1 -1 778.922064 166.666675 851.446199 193.553781 -1 -1 -1 -1 -1 -1 -1 -1 1 
92 6 Car 0 1 -1 950.229337 163.028749 1043.708086 188.876164 -1 -1 -1 -1 -1 -1 -1 -1 1 
92 7 Car 0 1 -1 1168.811979 155.941274 1241.0 189.842159 -1 -1 -1 -1 -1 -1 -1 -1 1 
92 14 Car 0 0 -1 391.95006 178.458912 456.182633 205.370757 -1 -1 -1 -1 -1 -1 -1 -1 1 
92 15 Car 0 1 -1 242.159171 181.527438 301.323915 206.914069 -1 -1 -1 -1 -1 -1 -1 -1 1 
92 16 Car 0 2 -1 586.881451 175.319785 609.335492 190.691819 -1 -1 -1 -1 -1 -1 -1 -1 1 
92 17 Car 0 0 -1 550.260475 175.231528 576.383192 190.908442 -1 -1 -1 -1 -1 -1 -1 -1 1 
93 1 Car 0 0 -1 769.638302 182.875353 960.259866 296.350666 -1 -1 -1 -1 -1 -1 -1 -1 1 
93 2 Car 0 0 -1 566.694689 174.114252 642.984804 201.324408 -1 -1 -1 -1 -1 -1 -1 -1 1 
93 5 Car 0 1 -1 770.18215 166.684379 843.795203 193.928544 -1 -1 -1 -1 -1 -1 -1 -1 1 
93 6 Car 0 1 -1 944.01667 163.635897 1038.109677 189.739111 -1 -1 -1 -1 -1 -1 -1 -1 1 
93 7 Car 0 1 -1 1166.641727 155.773231 1241.0 190.054755 -1 -1 -1 -1 -1 -1 -1 -1 1 
93 14 Car 0 0 -1 398.240824 178.234527 462.468645 205.464422 -1 -1 -1 -1 -1 -1 -1 -1 1 
93 15 Car 0 1 -1 239.562255 181.7469 299.92514 207.654774 -1 -1 -1 -1 -1 -1 -1 -1 1 
93 16 Car 0 2 -1 585.68303 174.949039 608.287838 190.409891 -1 -1 -1 -1 -1 -1 -1 -1 1 
93 17 Car 0 1 -1 548.602169 175.322862 574.95658 191.119435 -1 -1 -1 -1 -1 -1 -1 -1 1 
94 1 Car 0 0 -1 775.464108 183.273001 980.997359 304.034383 -1 -1 -1 -1 -1 -1 -1 -1 1 
94 2 Car 0 0 -1 552.661457 174.553127 630.561345 202.560109 -1 -1 -1 -1 -1 -1 -1 -1 1 
94 5 Car 0 1 -1 761.235287 166.703358 835.914048 194.313889 -1 -1 -1 -1 -1 -1 -1 -1 1 
94 6 Car 0 1 -1 937.667523 163.67555 1032.380038 190.05501 -1 -1 -1 -1 -1 -1 -1 -1 1 
94 7 Car 0 1 -1 1164.430732 155.601008 1241.0 190.271683 -1 -1 -1 -1 -1 -1 -1 -1 1 
94 14 Car 0 0 -1 404.695585 178.005478 468.875982 205.560102 -1 -1 -1 -1 -1 -1 -1 -1 1 
94 15 Car 0 1 -1 236.862345 181.975134 298.470344 208.426119 -1 -1 -1 -1 -1 -1 -1 -1 1 
94 16 Car 0 2 -1 584.470905 174.574045 607.228853 190.124737 -1 -1 -1 -1 -1 -1 -1 -1 1 
94 17 Car 0 2 -1 546.918257 175.415611 573.508979 191.333689 -1 -1 -1 -1 -1 -1 -1 -1 1 
95 1 Car 0 0 -1 781.803155 183.705761 1004.512716 312.743333 -1 -1 -1 -1 -1 -1 -1 -1 1 
95 2 Car 0 0 -1 539.095828 174.656583 618.825314 203.575238 -1 -1 -1 -1 -1 -1 -1 -1 1 
95 5 Car 0 1 -1 752.071981 166.723632 827.794982 194.710254 -1 -1 -1 -1 -1 -1 -1 -1 1 
95 6 Car 0 1 -1 931.237136 167.289261 1026.584119 193.857798 -1 -1 -1 -1 -1 -1 -1 -1 1 
95 7 Car 0 1 -1 1162.177763 155.424454 1241.0 190.493076 -1 -1 -1 -1 -1 -1 -1 -1 1 
95 14 Car 0 1 -1 411.320233 177.771617 476.112307 205.657865 -1 -1 -1 -1 -1 -1 -1 -1 1 
95 15 Car 0 1 -1 234.053183 182.212677 296.9561 209.230046 -1 -1 -1 -1 -1 -1 -1 -1 1 
95 16 Car 0 2 -1 583.244838 174.194729 606.158352 189.836299 -1 -1 -1 -1 -1 -1 -1 -1 1 
95 17 Car 0 2 -1 545.20814 175.509808 572.039923 191.55128 -1 -1 -1 -1 -1 -1 -1 -1 1 
96 1 Car 0 0 -1 788.72639 184.178499 1031.404164 322.69738 -1 -1 -1 -1 -1 -1 -1 -1 1 
96 2 Car 0 0 -1 524.658525 174.766613 606.334193 204.658614 -1 -1 -1 -1 -1 -1 -1 -1 1 
96 5 Car 0 1 -1 742.682154 166.745223 819.429918 195.118097 -1 -1 -1 -1 -1 -1 -1 -1 1 
96 6 Car 0 1 -1 923.697374 164.142782 1019.393806 191.012498 -1 -1 -1 -1 -1 -1 -1 -1 1 
96 7 Car 0 1 -1 1159.88154 155.24341 1241.0 190.719075 -1 -1 -1 -1 -1 -1 -1 -1 1 
96 14 Car 0 1 -1 420.108499 177.688314 485.130757 205.789823 -1 -1 -1 -1 -1 -1 -1 -1 1 
96 15 Car 0 1 -1 231.340971 182.213406 296.869546 209.712756 -1 -1 -1 -1 -1 -1 -1 -1 1 
96 16 Car 0 2 -1 582.004588 173.811018 605.076146 189.544522 -1 -1 -1 -1 -1 -1 -1 -1 1 
96 17 Car 0 2 -1 543.471203 175.605488 570.548931 191.772285 -1 -1 -1 -1 -1 -1 -1 -1 1 
97 1 Car 0 0 -1 796.318469 184.697021 1062.454986 334.184092 -1 -1 -1 -1 -1 -1 -1 -1 1 
97 2 Car 0 0 -1 509.254976 174.883774 593.020417 205.817271 -1 -1 -1 -1 -1 -1 -1 -1 1 
97 5 Car 0 1 -1 733.055096 166.768151 810.810404 195.537903 -1 -1 -1 -1 -1 -1 -1 -1 1 
97 6 Car 0 1 -1 916.118432 166.851609 1012.181151 193.875593 -1 -1 -1 -1 -1 -1 -1 -1 1 
97 7 Car 0 1 -1 1157.54073 155.057711 1241.0 190.949825 -1 -1 -1 -1 -1 -1 -1 -1 1 
97 14 Car 0 1 -1 427.844662 177.604822 494.183372 205.922279 -1 -1 -1 -1 -1 -1 -1 -1 1 
97 15 Car 0 1 -1 228.558157 182.214596 296.739644 210.212059 -1 -1 -1 -1 -1 -1 -1 -1 1 
97 16 Car 0 2 -1 580.749907 173.422834 603.982044 189.249347 -1 -1 -1 -1 -1 -1 -1 -1 1 
97 17 Car 0 2 -1 541.706809 175.702686 569.035509 191.996787 -1 -1 -1 -1 -1 -1 -1 -1 1 
98 1 Car 0 0 -1 803.648562 185.305385 1093.20586 345.617519 -1 -1 -1 -1 -1 -1 -1 -1 1 
98 2 Car 0 0 -1 492.776712 175.008697 578.807811 207.059245 -1 -1 -1 -1 -1 -1 -1 -1 1 
98 5 Car 0 1 -1 722.350004 167.197564 801.181689 196.421091 -1 -1 -1 -1 -1 -1 -1 -1 1 
98 6 Car 0 1 -1 908.342548 164.464314 1004.762862 191.775615 -1 -1 -1 -1 -1 -1 -1 -1 1 
98 7 Car 0 1 -1 1152.978805 155.429504 1241.0 191.73551 -1 -1 -1 -1 -1 -1 -1 -1 1 
98 14 Car 0 2 -1 437.393474 177.501714 504.937713 205.926827 -1 -1 -1 -1 -1 -1 -1 -1 1 
98 15 Car 0 1 -1 225.701244 182.216279 296.563319 210.728865 -1 -1 -1 -1 -1 -1 -1 -1 1 
98 16 Car 0 1 -1 579.051085 173.580468 602.571691 189.572782 -1 -1 -1 -1 -1 -1 -1 -1 1 
98 17 Car 0 2 -1 539.914301 175.801438 567.499146 192.224868 -1 -1 -1 -1 -1 -1 -1 -1 1 
99 1 Car 0 0 -1 811.632862 185.968247 1128.604353 358.768219 -1 -1 -1 -1 -1 -1 -1 -1 1 
99 2 Car 0 1 -1 475.098731 175.142094 563.61014 208.393753 -1 -1 -1 -1 -1 -1 -1 -1 1 
99 5 Car 0 0 -1 711.327459 167.639587 791.234762 197.334501 -1 -1 -1 -1 -1 -1 -1 -1 1 
99 6 Car 0 1 -1 900.482802 165.256078 997.271514 192.778703 -1 -1 -1 -1 -1 -1 -1 -1 1 
99 7 Car 0 1 -1 1148.32843 155.81008 1241.0 192.537164 -1 -1 -1 -1 -1 -1 -1 -1 1 
99 14 Car 0 2 -1 447.088425 177.398983 515.661497 205.929594 -1 -1 -1 -1 -1 -1 -1 -1 1 
99 15 Car 0 1 -1 222.766413 182.218485 296.337336 211.26415 -1 -1 -1 -1 -1 -1 -1 -1 1 
99 16 Car 0 1 -1 577.316157 173.741461 601.133014 189.903095 -1 -1 -1 -1 -1 -1 -1 -1 1 
99 17 Car 0 2 -1 538.093002 175.901782 565.939319 192.456614 -1 -1 -1 -1 -1 -1 -1 -1 1 
100 1 Car 0 0 -1 820.363041 186.693274 1169.790246 374.0 -1 -1 -1 -1 -1 -1 -1 -1 1 
100 2 Car 0 1 -1 457.760245 175.587205 549.263222 210.260809 -1 -1 -1 -1 -1 -1 -1 -1 1 
100 5 Car 0 0 -1 699.970454 168.094697 780.956802 198.279637 -1 -1 -1 -1 -1 -1 -1 -1 1 
100 6 Car 0 1 -1 892.510037 167.418124 989.673836 195.123612 -1 -1 -1 -1 -1 -1 -1 -1 1 
100 7 Car 0 1 -1 1143.587001 156.199732 1241.0 193.355279 -1 -1 -1 -1 -1 -1 -1 -1 1 
100 14 Car 0 2 -1 456.932537 177.296625 526.353931 205.930515 -1 -1 -1 -1 -1 -1 -1 -1 1 
100 15 Car 0 1 -1 219.749485 182.221247 296.058274 211.818968 -1 -1 -1 -1 -1 -1 -1 -1 1 
100 16 Car 0 0 -1 575.54396 173.905923 599.665149 190.240506 -1 -1 -1 -1 -1 -1 -1 -1 1 
100 17 Car 0 1 -1 536.242213 176.003756 564.355484 192.692116 -1 -1 -1 -1 -1 -1 -1 -1 1 
101 1 Car 0 0 -1 829.948735 187.48964 1217.975485 374.0 -1 -1 -1 -1 -1 -1 -1 -1 1 
101 2 Car 0 1 -1 438.943334 176.065606 533.784481 212.290811 -1 -1 -1 -1 -1 -1 -1 -1 1 
101 5 Car 0 0 -1 688.26078 168.563404 770.33426 199.258101 -1 -1 -1 -1 -1 -1 -1 -1 1 
101 6 Car 0 1 -1 884.387623 167.501621 981.995258 195.43472 -1 -1 -1 -1 -1 -1 -1 -1 1 
101 7 Car 0 1 -1 1138.751814 156.598764 1241.0 194.190369 -1 -1 -1 -1 -1 -1 -1 -1 1 
101 14 Car 0 2 -1 465.660952 177.248434 536.010467 206.128213 -1 -1 -1 -1 -1 -1 -1 -1 1 
101 15 Car 0 1 -1 220.655167 182.181398 298.175799 212.245099 -1 -1 -1 -1 -1 -1 -1 -1 1 
101 16 Car 0 0 -1 573.73328 174.073967 598.167201 190.585247 -1 -1 -1 -1 -1 -1 -1 -1 1 
101 17 Car 0 1 -1 534.36121 176.107401 562.747084 192.931465 -1 -1 -1 -1 -1 -1 -1 -1 1 
102 1 Car 0 0 -1 840.522181 188.36842 1241.0 374.0 -1 -1 -1 -1 -1 -1 -1 -1 1 
102 2 Car 0 1 -1 418.441438 176.58118 517.042278 214.505807 -1 -1 -1 -1 -1 -1 -1 -1 1 
102 5 Car 0 0 -1 676.178942 169.046244 759.352806 200.271598 -1 -1 -1 -1 -1 -1 -1 -1 1 
102 6 Car 0 1 -1 876.136038 167.58656 974.189858 195.751338 -1 -1 -1 -1 -1 -1 -1 -1 1 
102 7 Car 0 1 -1 1133.820055 157.007497 1241.0 195.042965 -1 -1 -1 -1 -1 -1 -1 -1 1 
102 14 Car 0 1 -1 474.591271 177.199999 545.755317 206.328341 -1 -1 -1 -1 -1 -1 -1 -1 1 
102 15 Car 0 1 -1 221.589128 182.140324 300.358465 212.68492 -1 -1 -1 -1 -1 -1 -1 -1 1 
102 16 Car 0 0 -1 572.745164 174.194567 597.252113 190.742871 -1 -1 -1 -1 -1 -1 -1 -1 1 
102 17 Car 0 1 -1 533.572818 176.181308 562.115197 193.100455 -1 -1 -1 -1 -1 -1 -1 -1 1 
103 1 Car 0 0 -1 850.936214 189.22092 1241.0 374.0 -1 -1 -1 -1 -1 -1 -1 -1 1 
103 2 Car 0 1 -1 396.008108 177.138454 498.883286 216.932002 -1 -1 -1 -1 -1 -1 -1 -1 1 
103 5 Car 0 0 -1 663.704014 169.543794 747.997246 201.321946 -1 -1 -1 -1 -1 -1 -1 -1 1 
103 6 Car 0 1 -1 867.751776 167.67297 966.254928 196.073612 -1 -1 -1 -1 -1 -1 -1 -1 1 
103 7 Car 0 1 -1 1126.495631 156.960246 1236.348826 195.270989 -1 -1 -1 -1 -1 -1 -1 -1 1 
103 14 Car 0 1 -1 483.729484 177.151308 555.590139 206.530928 -1 -1 -1 -1 -1 -1 -1 -1 1 
103 15 Car 0 0 -1 222.552711 182.097966 302.609328 213.139103 -1 -1 -1 -1 -1 -1 -1 -1 1 
103 16 Car 0 0 -1 571.752552 174.315717 596.333119 190.901214 -1 -1 -1 -1 -1 -1 -1 -1 1 
103 17 Car 0 2 -1 532.77544 176.25606 561.476465 193.271376 -1 -1 -1 -1 -1 -1 -1 -1 1 
104 1 Car 1 0 -1 862.405024 190.160174 1241.0 374.0 -1 -1 -1 -1 -1 -1 -1 -1 1 
104 2 Car 0 1 -1 375.76551 177.76127 483.203007 219.730061 -1 -1 -1 -1 -1 -1 -1 -1 1 
104 5 Car 0 0 -1 652.054976 169.36627 737.577116 201.735366 -1 -1 -1 -1 -1 -1 -1 -1 1 
104 6 Car 0 1 -1 859.231211 167.760882 958.187686 196.401694 -1 -1 -1 -1 -1 -1 -1 -1 1 
104 7 Car 0 1 -1 1119.07912 156.940113 1229.097833 195.50202 -1 -1 -1 -1 -1 -1 -1 -1 1 
104 14 Car 0 0 -1 492.339489 177.2053 564.277829 206.628095 -1 -1 -1 -1 -1 -1 -1 -1 1 
104 15 Car 0 0 -1 223.547343 182.054264 304.931637 213.608363 -1 -1 -1 -1 -1 -1 -1 -1 1 
104 16 Car 0 0 -1 570.755412 174.437418 595.410195 191.06028 -1 -1 -1 -1 -1 -1 -1 -1 1 
104 17 Car 0 2 -1 531.96892 176.331673 560.830777 193.444259 -1 -1 -1 -1 -1 -1 -1 -1 1 
105 1 Car 1 0 -1 875.097408 191.200135 1241.0 374.0 -1 -1 -1 -1 -1 -1 -1 -1 1 
105 2 Car 0 1 -1 353.302211 178.4421 465.981825 222.839022 -1 -1 -1 -1 -1 -1 -1 -1 1 
105 5 Car 0 0 -1 639.993159 169.183882 726.753786 202.164164 -1 -1 -1 -1 -1 -1 -1 -1 1 
105 6 Car 0 1 -1 850.570581 167.850325 949.98526 196.73574 -1 -1 -1 -1 -1 -1 -1 -1 1 
105 7 Car 0 1 -1 1111.568771 156.919711 1221.749176 195.736119 -1 -1 -1 -1 -1 -1 -1 -1 1 
105 14 Car 0 0 -1 501.027024 177.259573 572.925653 206.724426 -1 -1 -1 -1 -1 -1 -1 -1 1 
105 15 Car 0 0 -1 224.574547 182.009152 307.328855 214.093463 -1 -1 -1 -1 -1 -1 -1 -1 1 
105 16 Car 0 1 -1 569.753713 174.559675 594.483315 191.220075 -1 -1 -1 -1 -1 -1 -1 -1 1 
105 17 Car 0 2 -1 531.153102 176.408161 560.178019 193.619139 -1 -1 -1 -1 -1 -1 -1 -1 1 
106 1 Car 1 0 -1 889.220208 192.357917 1241.0 374.0 -1 -1 -1 -1 -1 -1 -1 -1 1 
106 2 Car 0 1 -1 328.215976 179.189537 446.993084 226.313267 -1 -1 -1 -1 -1 -1 -1 -1 1 
106 5 Car 0 0 -1 627.492165 168.996354 715.508163 202.609195 -1 -1 -1 -1 -1 -1 -1 -1 1 
106 6 Car 0 1 -1 842.280665 167.980854 942.172323 197.105891 -1 -1 -1 -1 -1 -1 -1 -1 1 
106 7 Car 0 1 -1 1103.962792 156.899034 1214.300872 195.973348 -1 -1 -1 -1 -1 -1 -1 -1 1 
106 14 Car 0 0 -1 511.558738 176.725314 583.149871 206.128952 -1 -1 -1 -1 -1 -1 -1 -1 1 
106 15 Car 0 0 -1 227.302997 181.194336 312.651126 213.622998 -1 -1 -1 -1 -1 -1 -1 -1 1 
106 16 Car 0 1 -1 568.747424 174.682491 593.552453 191.380604 -1 -1 -1 -1 -1 -1 -1 -1 1 
106 17 Car 0 2 -1 530.327822 176.485539 559.518074 193.796051 -1 -1 -1 -1 -1 -1 -1 -1 1 
107 1 Car 1 0 -1 901.484555 193.759412 1241.0 374.0 -1 -1 -1 -1 -1 -1 -1 -1 1 
107 2 Car 0 0 -1 300.002154 180.013983 425.96254 230.220639 -1 -1 -1 -1 -1 -1 -1 -1 1 
107 5 Car 0 0 -1 615.302396 169.495462 704.649999 203.824023 -1 -1 -1 -1 -1 -1 -1 -1 1 
107 6 Car 0 1 -1 833.858382 168.113518 934.230571 197.482695 -1 -1 -1 -1 -1 -1 -1 -1 1 
107 7 Car 0 1 -1 1096.259343 156.878076 1206.750882 196.213769 -1 -1 -1 -1 -1 -1 -1 -1 1 
107 14 Car 0 0 -1 522.106346 176.193676 593.309416 205.533585 -1 -1 -1 -1 -1 -1 -1 -1 1 
107 15 Car 0 1 -1 230.196249 180.362059 318.017707 213.138988 -1 -1 -1 -1 -1 -1 -1 -1 1 
107 16 Car 0 2 -1 568.617199 174.971739 593.549626 191.778367 -1 -1 -1 -1 -1 -1 -1 -1 1 
107 17 Car 0 2 -1 529.492914 176.563823 558.850822 193.97503 -1 -1 -1 -1 -1 -1 -1 -1 1 
108 1 Car 1 0 -1 914.885123 195.290681 1241.0 374.0 -1 -1 -1 -1 -1 -1 -1 -1 1 
108 2 Car 0 0 -1 268.018903 180.928153 402.555124 234.646892 -1 -1 -1 -1 -1 -1 -1 -1 1 
108 5 Car 0 0 -1 602.631351 170.012657 693.340195 205.092134 -1 -1 -1 -1 -1 -1 -1 -1 1 
108 6 Car 0 1 -1 825.300048 168.248358 926.157357 197.866327 -1 -1 -1 -1 -1 -1 -1 -1 1 
108 7 Car 0 1 -1 1089.669537 156.861325 1200.350441 196.443507 -1 -1 -1 -1 -1 -1 -1 -1 1 
108 14 Car 0 0 -1 532.669695 175.664632 603.40491 204.938361 -1 -1 -1 -1 -1 -1 -1 -1 1 
108 15 Car 0 1 -1 233.263767 179.511706 323.429245 212.641161 -1 -1 -1 -1 -1 -1 -1 -1 1 
108 16 Car 0 2 -1 568.485261 175.264817 593.546755 192.181391 -1 -1 -1 -1 -1 -1 -1 -1 1 
108 17 Car 0 2 -1 528.64821 176.643029 558.176144 194.156113 -1 -1 -1 -1 -1 -1 -1 -1 1 
109 1 Car 1 0 -1 929.587464 196.970627 1241.0 374.0 -1 -1 -1 -1 -1 -1 -1 -1 1 
109 2 Car 0 0 -1 235.908285 181.65248 381.259653 239.528747 -1 -1 -1 -1 -1 -1 -1 -1 1 
109 5 Car 0 0 -1 590.39025 170.380128 682.645881 206.319707 -1 -1 -1 -1 -1 -1 -1 -1 1 
109 6 Car 0 1 -1 816.601849 168.385416 917.949956 198.256973 -1 -1 -1 -1 -1 -1 -1 -1 1 
109 7 Car 0 1 -1 1083.000686 156.844357 1193.866991 196.676134 -1 -1 -1 -1 -1 -1 -1 -1 1 
109 14 Car 0 1 -1 543.2486 175.138154 613.436997 204.343317 -1 -1 -1 -1 -1 -1 -1 -1 1 
109 15 Car 0 1 -1 237.218108 179.501423 329.36743 212.917113 -1 -1 -1 -1 -1 -1 -1 -1 1 
109 16 Car 0 2 -1 568.351577 175.561803 593.543839 192.589781 -1 -1 -1 -1 -1 -1 -1 -1 1 
109 17 Car 0 2 -1 527.793535 176.723173 557.493912 194.339337 -1 -1 -1 -1 -1 -1 -1 -1 1 
110 1 Car 1 0 -1 945.790931 198.822008 1241.0 374.0 -1 -1 -1 -1 -1 -1 -1 -1 1 
110 2 Car 0 0 -1 198.587955 182.470453 357.156485 245.19832 -1 -1 -1 -1 -1 -1 -1 -1 1 
110 5 Car 0 0 -1 577.589442 170.763169 671.436131 207.608967 -1 -1 -1 -1 -1 -1 -1 -1 1 
110 6 Car 0 1 -1 807.759828 168.524736 909.605563 198.65482 -1 -1 -1 -1 -1 -1 -1 -1 1 
110 7 Car 0 1 -1 1076.251357 156.827168 1187.298906 196.911705 -1 -1 -1 -1 -1 -1 -1 -1 1 
110 14 Car 0 2 -1 553.842842 174.614214 623.406347 203.74849 -1 -1 -1 -1 -1 -1 -1 -1 1 
110 15 Car 0 2 -1 241.394407 179.492071 335.275887 213.329915 -1 -1 -1 -1 -1 -1 -1 -1 1 
110 16 Car 0 2 -1 568.216111 175.862775 593.540878 193.003644 -1 -1 -1 -1 -1 -1 -1 -1 1 
110 17 Car 0 1 -1 526.928712 176.804272 556.804002 194.524741 -1 -1 -1 -1 -1 -1 -1 -1 1 
111 1 Car 1 0 -1 963.737775 200.872478 1241.0 374.0 -1 -1 -1 -1 -1 -1 -1 -1 1 
111 2 Car 0 0 -1 154.66179 183.401589 329.661371 251.862591 -1 -1 -1 -1 -1 -1 -1 -1 1 
111 5 Car 0 0 -1 564.183737 171.162713 659.679259 208.96447 -1 -1 -1 -1 -1 -1 -1 -1 1 
111 6 Car 0 1 -1 798.289767 168.686523 900.838033 199.125075 -1 -1 -1 -1 -1 -1 -1 -1 1 
111 7 Car 0 1 -1 1069.420085 156.809752 1180.644517 197.150277 -1 -1 -1 -1 -1 -1 -1 -1 1 
111 14 Car 0 2 -1 563.858815 174.505985 632.012872 203.429488 -1 -1 -1 -1 -1 -1 -1 -1 1 
111 15 Car 0 2 -1 245.802626 179.483362 341.153743 213.751295 -1 -1 -1 -1 -1 -1 -1 -1 1 
111 16 Car 0 2 -1 568.078827 176.167813 593.537871 193.423093 -1 -1 -1 -1 -1 -1 -1 -1 1 
111 17 Car 0 1 -1 526.053558 176.886344 556.106281 194.712363 -1 -1 -1 -1 -1 -1 -1 -1 1 
112 1 Car 1 0 -1 980.337957 202.830904 1241.0 374.0 -1 -1 -1 -1 -1 -1 -1 -1 1 
112 2 Car 0 0 -1 106.224898 184.446652 301.395926 259.888378 -1 -1 -1 -1 -1 -1 -1 -1 1 
112 5 Car 0 0 -1 550.02659 171.187289 647.437987 210.002879 -1 -1 -1 -1 -1 -1 -1 -1 1 
112 6 Car 0 1 -1 788.66497 168.851741 891.869157 199.605586 -1 -1 -1 -1 -1 -1 -1 -1 1 
112 7 Car 0 1 -1 1059.226161 156.848865 1169.979282 197.313109 -1 -1 -1 -1 -1 -1 -1 -1 1 
112 14 Car 0 2 -1 573.851895 174.400038 640.416816 203.11185 -1 -1 -1 -1 -1 -1 -1 -1 1 
112 15 Car 0 1 -1 250.452778 179.45602 347.000545 214.181315 -1 -1 -1 -1 -1 -1 -1 -1 1 
112 16 Car 0 2 -1 567.939688 176.477002 593.534817 193.848239 -1 -1 -1 -1 -1 -1 -1 -1 1 
112 17 Car 0 0 -1 525.167888 176.969406 555.400618 194.902243 -1 -1 -1 -1 -1 -1 -1 -1 1 
113 1 Car 1 0 -1 998.573334 204.981893 1241.0 374.0 -1 -1 -1 -1 -1 -1 -1 -1 1 
113 2 Car 0 0 -1 47.141584 185.662912 268.431028 269.652559 -1 -1 -1 -1 -1 -1 -1 -1 1 
113 5 Car 0 0 -1 535.117127 171.201298 634.5671 211.098659 -1 -1 -1 -1 -1 -1 -1 -1 1 
113 6 Car 0 1 -1 778.879339 169.020422 882.695366 200.096636 -1 -1 -1 -1 -1 -1 -1 -1 1 
113 7 Car 0 1 -1 1048.971915 156.888227 1159.245854 197.476952 -1 -1 -1 -1 -1 -1 -1 -1 1 
113 14 Car 0 2 -1 583.820834 174.296276 648.624737 202.795627 -1 -1 -1 -1 -1 -1 -1 -1 1 
113 15 Car 0 0 -1 258.198365 179.356681 355.017106 214.384531 -1 -1 -1 -1 -1 -1 -1 -1 1 
113 16 Car 0 2 -1 567.798657 176.790425 593.531715 194.279201 -1 -1 -1 -1 -1 -1 -1 -1 1 
113 17 Car 0 1 -1 524.877123 176.955824 555.220055 194.950344 -1 -1 -1 -1 -1 -1 -1 -1 1 
114 1 Car 1 0 -1 1018.698013 207.453386 1241.0 374.0 -1 -1 -1 -1 -1 -1 -1 -1 1 
114 2 Car 0 0 -1 0.0 187.096402 229.503858 281.787799 -1 -1 -1 -1 -1 -1 -1 -1 1 
114 5 Car 0 0 -1 519.388181 171.164904 621.022183 212.256612 -1 -1 -1 -1 -1 -1 -1 -1 1 
114 6 Car 0 1 -1 768.926489 169.192602 873.313 200.598516 -1 -1 -1 -1 -1 -1 -1 -1 1 
114 7 Car 0 1 -1 1038.656812 156.927841 1148.443577 197.641816 -1 -1 -1 -1 -1 -1 -1 -1 1 
114 14 Car 0 1 -1 593.764139 174.194607 656.643173 202.480876 -1 -1 -1 -1 -1 -1 -1 -1 1 
114 15 Car 0 0 -1 266.293021 179.259008 362.863822 214.585931 -1 -1 -1 -1 -1 -1 -1 -1 1 
114 16 Car 0 2 -1 567.655693 177.108171 593.528564 194.716098 -1 -1 -1 -1 -1 -1 -1 -1 1 
114 17 Car 0 2 -1 524.584354 176.942149 555.038311 194.998776 -1 -1 -1 -1 -1 -1 -1 -1 1 
115 1 Car 1 0 -1 1041.021636 210.429633 1241.0 374.0 -1 -1 -1 -1 -1 -1 -1 -1 1 
115 2 Car 0 0 -1 0.0 188.949544 187.336261 296.05343 -1 -1 -1 -1 -1 -1 -1 -1 1 
115 5 Car 0 0 -1 504.176057 171.242522 608.092048 213.636821 -1 -1 -1 -1 -1 -1 -1 -1 1 
115 6 Car 0 1 -1 758.799736 169.368314 863.718292 201.111523 -1 -1 -1 -1 -1 -1 -1 -1 1 
115 7 Car 0 1 -1 1028.28031 156.96771 1137.571788 197.807711 -1 -1 -1 -1 -1 -1 -1 -1 1 
115 14 Car 0 0 -1 603.68009 174.08459 664.478644 202.167656 -1 -1 -1 -1 -1 -1 -1 -1 1 
115 15 Car 0 0 -1 274.743376 179.163068 370.543854 214.784925 -1 -1 -1 -1 -1 -1 -1 -1 1 
115 16 Car 0 2 -1 567.510757 177.43033 593.525363 195.159054 -1 -1 -1 -1 -1 -1 -1 -1 1 
115 17 Car 0 2 -1 524.28956 176.928379 554.855374 195.047543 -1 -1 -1 -1 -1 -1 -1 -1 1 
116 1 Car 1 0 -1 1065.925396 213.748741 1241.0 374.0 -1 -1 -1 -1 -1 -1 -1 -1 1 
116 2 Car 1 0 -1 0.0 191.211968 135.818265 298.502106 -1 -1 -1 -1 -1 -1 -1 -1 1 
116 5 Car 0 0 -1 488.052602 171.325948 594.424886 215.10259 -1 -1 -1 -1 -1 -1 -1 -1 1 
116 6 Car 0 1 -1 748.037037 169.550742 853.524484 201.663379 -1 -1 -1 -1 -1 -1 -1 -1 1 
116 7 Car 0 1 -1 1017.841857 157.007836 1126.629813 197.974645 -1 -1 -1 -1 -1 -1 -1 -1 1 
116 14 Car 0 0 -1 612.224532 173.800434 671.590389 201.610743 -1 -1 -1 -1 -1 -1 -1 -1 1 
116 15 Car 0 0 -1 283.733665 178.835097 377.923418 214.664367 -1 -1 -1 -1 -1 -1 -1 -1 1 
116 16 Car 0 2 -1 567.363807 177.756994 593.522112 195.608196 -1 -1 -1 -1 -1 -1 -1 -1 1 
116 17 Car 0 2 -1 523.992721 176.914512 554.671233 195.096648 -1 -1 -1 -1 -1 -1 -1 -1 1 
117 1 Car 1 0 -1 1093.884036 217.474031 1241.0 374.0 -1 -1 -1 -1 -1 -1 -1 -1 1 
117 2 Car 1 0 -1 0.0 194.03628 71.459361 300.357953 -1 -1 -1 -1 -1 -1 -1 -1 1 
117 5 Car 0 0 -1 470.926169 171.415794 579.962575 216.661953 -1 -1 -1 -1 -1 -1 -1 -1 1 
117 6 Car 0 1 -1 737.057228 169.737093 843.090523 202.228567 -1 -1 -1 -1 -1 -1 -1 -1 1 
117 7 Car 0 1 -1 1006.752058 157.129135 1114.859202 198.166074 -1 -1 -1 -1 -1 -1 -1 -1 1 
117 14 Car 0 0 -1 620.62501 173.521802 678.555559 201.064265 -1 -1 -1 -1 -1 -1 -1 -1 1 
117 15 Car 0 0 -1 293.081721 178.510415 385.085095 214.534258 -1 -1 -1 -1 -1 -1 -1 -1 1 
117 16 Car 0 2 -1 567.214802 178.088258 593.518809 196.063653 -1 -1 -1 -1 -1 -1 -1 -1 1 
117 17 Car 0 2 -1 523.693813 176.900549 554.485875 195.146096 -1 -1 -1 -1 -1 -1 -1 -1 1 
118 5 Car 0 0 -1 453.807179 171.508158 566.026171 218.465785 -1 -1 -1 -1 -1 -1 -1 -1 1 
118 6 Car 0 0 -1 725.851081 169.927426 832.411197 202.8075 -1 -1 -1 -1 -1 -1 -1 -1 1 
118 7 Car 0 1 -1 995.622015 157.250858 1103.047953 198.358246 -1 -1 -1 -1 -1 -1 -1 -1 1 
118 14 Car 0 0 -1 629.143991 173.235493 685.521289 200.460631 -1 -1 -1 -1 -1 -1 -1 -1 1 
118 15 Car 0 1 -1 302.737495 178.171558 393.146857 214.245774 -1 -1 -1 -1 -1 -1 -1 -1 1 
118 16 Car 0 0 -1 565.161271 175.351747 591.622753 193.367214 -1 -1 -1 -1 -1 -1 -1 -1 1 
118 17 Car 0 2 -1 523.392817 176.886487 554.299289 195.19589 -1 -1 -1 -1 -1 -1 -1 -1 1 
119 5 Car 0 0 -1 435.426394 171.608689 551.151318 220.405537 -1 -1 -1 -1 -1 -1 -1 -1 1 
119 6 Car 0 0 -1 714.408906 170.121806 821.481085 203.400609 -1 -1 -1 -1 -1 -1 -1 -1 1 
119 7 Car 0 1 -1 984.451498 157.373005 1091.195868 198.551167 -1 -1 -1 -1 -1 -1 -1 -1 1 
119 14 Car 0 0 -1 637.489359 172.955772 692.321382 199.870491 -1 -1 -1 -1 -1 -1 -1 -1 1 
119 15 Car 0 1 -1 312.617555 177.837311 402.498661 213.949094 -1 -1 -1 -1 -1 -1 -1 -1 1 
119 16 Car 0 1 -1 565.061561 175.458129 591.579086 193.512778 -1 -1 -1 -1 -1 -1 -1 -1 1 
119 17 Car 0 2 -1 523.08971 176.872326 554.111462 195.246033 -1 -1 -1 -1 -1 -1 -1 -1 1 
120 5 Car 0 1 -1 415.630162 171.718399 535.247446 222.496958 -1 -1 -1 -1 -1 -1 -1 -1 1 
120 6 Car 0 0 -1 701.670425 170.488496 809.521493 204.235465 -1 -1 -1 -1 -1 -1 -1 -1 1 
120 7 Car 0 1 -1 973.240278 157.495581 1079.302748 198.74484 -1 -1 -1 -1 -1 -1 -1 -1 1 
120 14 Car 0 0 -1 645.666372 172.682428 698.961626 199.293411 -1 -1 -1 -1 -1 -1 -1 -1 1 
120 15 Car 0 1 -1 320.192701 177.507604 411.610093 213.644032 -1 -1 -1 -1 -1 -1 -1 -1 1 
120 16 Car 0 2 -1 564.961412 175.564982 591.535238 193.658984 -1 -1 -1 -1 -1 -1 -1 -1 1 
120 17 Car 0 1 -1 522.78447 176.858065 553.922382 195.296528 -1 -1 -1 -1 -1 -1 -1 -1 1 
121 5 Car 0 1 -1 396.976031 171.849818 520.43259 224.740774 -1 -1 -1 -1 -1 -1 -1 -1 1 
121 6 Car 0 0 -1 688.594789 170.863552 797.259634 205.094571 -1 -1 -1 -1 -1 -1 -1 -1 1 
121 7 Car 0 1 -1 961.988121 157.618586 1067.36839 198.93927 -1 -1 -1 -1 -1 -1 -1 -1 1 
121 14 Car 0 1 -1 651.180631 172.600698 701.337541 198.8493 -1 -1 -1 -1 -1 -1 -1 -1 1 
121 15 Car 0 1 -1 327.741545 177.53657 420.51316 213.544298 -1 -1 -1 -1 -1 -1 -1 -1 1 
121 16 Car 0 1 -1 564.860821 175.672308 591.491208 193.805835 -1 -1 -1 -1 -1 -1 -1 -1 1 
121 17 Car 0 1 -1 522.477073 176.843703 553.732036 195.347381 -1 -1 -1 -1 -1 -1 -1 -1 1 
122 5 Car 0 1 -1 376.794732 171.993984 504.528829 227.170264 -1 -1 -1 -1 -1 -1 -1 -1 1 
122 6 Car 0 0 -1 675.166387 171.247225 784.686066 205.978925 -1 -1 -1 -1 -1 -1 -1 -1 1 
122 7 Car 0 1 -1 948.871916 157.783705 1053.665572 199.17468 -1 -1 -1 -1 -1 -1 -1 -1 1 
122 14 Car 0 1 -1 656.652232 172.522196 703.567718 198.414346 -1 -1 -1 -1 -1 -1 -1 -1 1 
122 15 Car 0 1 -1 335.582388 177.567761 428.960203 213.43221 -1 -1 -1 -1 -1 -1 -1 -1 1 
122 16 Car 0 0 -1 564.759785 175.780111 591.446995 193.953336 -1 -1 -1 -1 -1 -1 -1 -1 1 
122 17 Car 0 0 -1 522.167498 176.829238 553.540411 195.398594 -1 -1 -1 -1 -1 -1 -1 -1 1 
123 5 Car 0 1 -1 355.091912 172.366942 488.237036 230.199663 -1 -1 -1 -1 -1 -1 -1 -1 1 
123 6 Car 0 0 -1 661.3687 171.63978 771.79088 206.889579 -1 -1 -1 -1 -1 -1 -1 -1 1 
123 7 Car 0 1 -1 935.705434 157.949528 1039.922463 199.41121 -1 -1 -1 -1 -1 -1 -1 -1 1 
123 14 Car 0 2 -1 661.786941 172.499459 707.138801 197.947004 -1 -1 -1 -1 -1 -1 -1 -1 1 
123 15 Car 0 2 -1 343.719035 177.601 436.963432 213.307571 -1 -1 -1 -1 -1 -1 -1 -1 1 
123 16 Car 0 0 -1 564.658301 175.888393 591.402598 194.101491 -1 -1 -1 -1 -1 -1 -1 -1 1 
123 17 Car 0 0 -1 521.948689 176.826721 553.404115 195.441257 -1 -1 -1 -1 -1 -1 -1 -1 1 
124 5 Car 0 1 -1 331.268598 172.778763 470.582878 233.526404 -1 -1 -1 -1 -1 -1 -1 -1 1 
124 6 Car 0 0 -1 647.688127 171.903942 759.205405 207.74295 -1 -1 -1 -1 -1 -1 -1 -1 1 
124 7 Car 0 1 -1 922.487849 158.116042 1026.139506 199.648858 -1 -1 -1 -1 -1 -1 -1 -1 1 
124 14 Car 0 2 -1 666.759439 172.477546 710.590685 197.495309 -1 -1 -1 -1 -1 -1 -1 -1 1 
124 15 Car 0 2 -1 350.642009 177.644149 442.983493 213.12073 -1 -1 -1 -1 -1 -1 -1 -1 1 
124 16 Car 0 0 -1 564.556366 175.997158 591.358016 194.250306 -1 -1 -1 -1 -1 -1 -1 -1 1 
124 17 Car 0 0 -1 521.728814 176.824192 553.267188 195.484128 -1 -1 -1 -1 -1 -1 -1 -1 1 
125 5 Car 0 1 -1 304.986025 173.235464 451.396732 237.196072 -1 -1 -1 -1 -1 -1 -1 -1 1 
125 6 Car 0 0 -1 633.573819 172.175339 746.247571 208.625177 -1 -1 -1 -1 -1 -1 -1 -1 1 
125 7 Car 0 1 -1 909.218334 158.283237 1012.317138 199.887624 -1 -1 -1 -1 -1 -1 -1 -1 1 
125 14 Car 0 2 -1 671.577361 172.456419 713.929158 197.058492 -1 -1 -1 -1 -1 -1 -1 -1 1 
125 15 Car 0 2 -1 357.779818 177.68834 448.653697 212.924699 -1 -1 -1 -1 -1 -1 -1 -1 1 
125 16 Car 0 0 -1 564.453977 176.106409 591.313247 194.399783 -1 -1 -1 -1 -1 -1 -1 -1 1 
125 17 Car 0 0 -1 521.507864 176.82165 553.129628 195.527208 -1 -1 -1 -1 -1 -1 -1 -1 1 
126 5 Car 0 1 -1 277.436062 173.827943 432.604738 241.404413 -1 -1 -1 -1 -1 -1 -1 -1 1 
126 6 Car 0 0 -1 619.002273 172.454237 732.903169 209.537664 -1 -1 -1 -1 -1 -1 -1 -1 1 
126 7 Car 0 1 -1 895.89606 158.451101 998.455781 200.127506 -1 -1 -1 -1 -1 -1 -1 -1 1 
126 14 Car 0 2 -1 676.44788 172.56152 716.924293 196.818934 -1 -1 -1 -1 -1 -1 -1 -1 1 
126 15 Car 0 2 -1 365.127831 177.73344 453.988968 212.719689 -1 -1 -1 -1 -1 -1 -1 -1 1 
126 16 Car 0 0 -1 564.35113 176.21615 591.268291 194.549928 -1 -1 -1 -1 -1 -1 -1 -1 1 
126 17 Car 0 0 -1 521.285832 176.819096 552.991429 195.5705 -1 -1 -1 -1 -1 -1 -1 -1 1 
127 5 Car 0 1 -1 246.632931 174.492056 412.020226 246.109234 -1 -1 -1 -1 -1 -1 -1 -1 1 
127 6 Car 0 0 -1 603.948357 172.740918 719.157163 210.481905 -1 -1 -1 -1 -1 -1 -1 -1 1 
127 7 Car 0 1 -1 882.523885 158.702814 984.666987 200.449728 -1 -1 -1 -1 -1 -1 -1 -1 1 
127 14 Car 0 2 -1 681.202864 172.663851 719.824513 196.596604 -1 -1 -1 -1 -1 -1 -1 -1 1 
127 15 Car 0 1 -1 371.696359 177.778733 457.835535 212.396899 -1 -1 -1 -1 -1 -1 -1 -1 1 
127 16 Car 0 0 -1 564.247824 176.326384 591.223145 194.700746 -1 -1 -1 -1 -1 -1 -1 -1 1 
127 17 Car 0 0 -1 521.062709 176.81653 552.852587 195.614004 -1 -1 -1 -1 -1 -1 -1 -1 1 
128 5 Car 0 1 -1 214.856265 175.690989 391.597513 251.987676 -1 -1 -1 -1 -1 -1 -1 -1 1 
128 6 Car 0 0 -1 588.38517 173.03568 704.993615 211.45949 -1 -1 -1 -1 -1 -1 -1 -1 1 
128 7 Car 0 1 -1 869.105794 158.955497 970.832947 200.773504 -1 -1 -1 -1 -1 -1 -1 -1 1 
128 14 Car 0 1 -1 685.846251 172.763525 722.6342 196.379647 -1 -1 -1 -1 -1 -1 -1 -1 1 
128 15 Car 0 1 -1 378.424579 177.824421 461.381292 212.069123 -1 -1 -1 -1 -1 -1 -1 -1 1 
128 16 Car 0 0 -1 564.144055 176.437113 591.17781 194.852239 -1 -1 -1 -1 -1 -1 -1 -1 1 
128 17 Car 0 0 -1 520.838488 176.81395 552.713098 195.657722 -1 -1 -1 -1 -1 -1 -1 -1 1 
129 5 Car 0 1 -1 178.681067 177.058035 368.950706 258.673502 -1 -1 -1 -1 -1 -1 -1 -1 1 
129 6 Car 0 0 -1 574.002261 173.535304 692.390338 212.788079 -1 -1 -1 -1 -1 -1 -1 -1 1 
129 7 Car 0 1 -1 855.64054 159.209107 956.954674 201.09881 -1 -1 -1 -1 -1 -1 -1 -1 1 
129 14 Car 0 0 -1 689.553958 172.847823 724.440752 196.060776 -1 -1 -1 -1 -1 -1 -1 -1 1 
129 15 Car 0 1 -1 385.30151 177.87038 464.644728 211.736872 -1 -1 -1 -1 -1 -1 -1 -1 1 
129 16 Car 0 1 -1 564.039819 176.548342 591.132284 195.004414 -1 -1 -1 -1 -1 -1 -1 -1 1 
129 17 Car 0 0 -1 520.61316 176.811358 552.572957 195.701656 -1 -1 -1 -1 -1 -1 -1 -1 1 
130 5 Car 0 0 -1 138.158698 177.827788 345.777677 265.734388 -1 -1 -1 -1 -1 -1 -1 -1 1 
130 6 Car 0 0 -1 559.039444 174.051638 679.328267 214.173188 -1 -1 -1 -1 -1 -1 -1 -1 1 
130 7 Car 0 1 -1 842.126897 159.463604 943.033153 201.425621 -1 -1 -1 -1 -1 -1 -1 -1 1 
130 14 Car 0 0 -1 693.149542 172.92936 726.176112 195.752092 -1 -1 -1 -1 -1 -1 -1 -1 1 
130 15 Car 0 1 -1 392.314599 177.916484 467.644401 211.400703 -1 -1 -1 -1 -1 -1 -1 -1 1 
130 16 Car 0 2 -1 563.935114 176.660073 591.086565 195.157275 -1 -1 -1 -1 -1 -1 -1 -1 1 
130 17 Car 0 0 -1 520.386717 176.808753 552.432159 195.745808 -1 -1 -1 -1 -1 -1 -1 -1 1 
131 5 Car 0 0 -1 90.903202 178.726228 319.713061 273.964316 -1 -1 -1 -1 -1 -1 -1 -1 1 
131 6 Car 0 0 -1 543.458211 174.585523 665.784391 215.618364 -1 -1 -1 -1 -1 -1 -1 -1 1 
131 7 Car 0 1 -1 828.563646 159.718947 929.069331 201.75391 -1 -1 -1 -1 -1 -1 -1 -1 1 
131 14 Car 0 0 -1 695.306536 173.109436 727.091071 195.543393 -1 -1 -1 -1 -1 -1 -1 -1 1 
131 15 Car 0 1 -1 397.077137 177.996147 466.97554 211.043912 -1 -1 -1 -1 -1 -1 -1 -1 1 
131 16 Car 0 2 -1 563.829936 176.772311 591.040652 195.310826 -1 -1 -1 -1 -1 -1 -1 -1 1 
131 17 Car 0 1 -1 520.159152 176.806135 552.2907 195.790178 -1 -1 -1 -1 -1 -1 -1 -1 1 
132 5 Car 0 0 -1 35.317417 179.585925 292.160274 284.645055 -1 -1 -1 -1 -1 -1 -1 -1 1 
132 6 Car 0 0 -1 527.216682 175.137862 651.734032 217.127448 -1 -1 -1 -1 -1 -1 -1 -1 1 
132 7 Car 0 1 -1 815.398294 160.070698 915.733236 202.280479 -1 -1 -1 -1 -1 -1 -1 -1 1 
132 14 Car 0 0 -1 697.394855 173.28339 727.973564 195.341508 -1 -1 -1 -1 -1 -1 -1 -1 1 
132 15 Car 0 1 -1 402.128623 178.011068 466.03016 210.757605 -1 -1 -1 -1 -1 -1 -1 -1 1 
132 16 Car 0 2 -1 563.724283 176.885058 590.994544 195.465073 -1 -1 -1 -1 -1 -1 -1 -1 1 
132 17 Car 0 1 -1 519.930455 176.803504 552.148575 195.83477 -1 -1 -1 -1 -1 -1 -1 -1 1 
133 5 Car 0 0 -1 0.0 180.579006 260.249022 297.699582 -1 -1 -1 -1 -1 -1 -1 -1 1 
133 6 Car 0 0 -1 510.26922 175.709628 637.150676 218.704617 -1 -1 -1 -1 -1 -1 -1 -1 1 
133 7 Car 0 1 -1 802.117529 160.424882 902.298864 202.812285 -1 -1 -1 -1 -1 -1 -1 -1 1 
133 14 Car 0 0 -1 699.417777 173.451528 728.825219 195.146107 -1 -1 -1 -1 -1 -1 -1 -1 1 
133 15 Car 0 1 -1 407.432712 178.02787 464.841058 210.530306 -1 -1 -1 -1 -1 -1 -1 -1 1 
133 16 Car 0 2 -1 563.61815 176.998319 590.948241 195.620019 -1 -1 -1 -1 -1 -1 -1 -1 1 
133 17 Car 0 2 -1 519.684353 176.938193 551.953458 195.997542 -1 -1 -1 -1 -1 -1 -1 -1 1 
134 5 Car 0 0 -1 0.0 181.740583 222.865007 313.34533 -1 -1 -1 -1 -1 -1 -1 -1 1 
134 6 Car 0 0 -1 493.898868 176.013059 623.514447 220.206373 -1 -1 -1 -1 -1 -1 -1 -1 1 
134 7 Car 0 1 -1 788.719217 160.781499 888.765791 203.349384 -1 -1 -1 -1 -1 -1 -1 -1 1 
134 14 Car 0 0 -1 701.378371 173.614136 729.647563 194.956879 -1 -1 -1 -1 -1 -1 -1 -1 1 
134 15 Car 0 0 -1 409.91536 178.10591 462.435564 210.311715 -1 -1 -1 -1 -1 -1 -1 -1 1 
134 16 Car 0 2 -1 563.511535 177.112096 590.901739 195.77567 -1 -1 -1 -1 -1 -1 -1 -1 1 
134 17 Car 0 2 -1 519.437505 177.073293 551.757783 196.16081 -1 -1 -1 -1 -1 -1 -1 -1 1 
135 5 Car 1 0 -1 0.0 183.117722 178.478106 316.252558 -1 -1 -1 -1 -1 -1 -1 -1 1 
135 6 Car 0 0 -1 476.657838 176.329897 609.23151 221.790748 -1 -1 -1 -1 -1 -1 -1 -1 1 
135 7 Car 0 1 -1 774.415959 161.442101 874.598393 204.295209 -1 -1 -1 -1 -1 -1 -1 -1 1 
135 14 Car 0 0 -1 703.279512 173.771484 730.442025 194.773534 -1 -1 -1 -1 -1 -1 -1 -1 1 
135 15 Car 0 0 -1 412.487341 178.183411 459.974799 210.08877 -1 -1 -1 -1 -1 -1 -1 -1 1 
135 16 Car 0 2 -1 563.404434 177.226393 590.85504 195.93203 -1 -1 -1 -1 -1 -1 -1 -1 1 
135 17 Car 0 2 -1 519.189906 177.208805 551.561547 196.324574 -1 -1 -1 -1 -1 -1 -1 -1 1 
136 5 Car 1 0 -1 0.0 184.776823 124.928506 318.441324 -1 -1 -1 -1 -1 -1 -1 -1 1 
136 6 Car 0 0 -1 458.469705 176.661027 594.259158 223.464576 -1 -1 -1 -1 -1 -1 -1 -1 1 
136 7 Car 0 0 -1 759.932346 162.109322 860.249177 205.255856 -1 -1 -1 -1 -1 -1 -1 -1 1 
136 14 Car 0 0 -1 704.906807 174.114961 730.502972 194.744747 -1 -1 -1 -1 -1 -1 -1 -1 1 
136 15 Car 0 0 -1 415.233099 178.672011 458.304697 210.282837 -1 -1 -1 -1 -1 -1 -1 -1 1 
136 16 Car 0 2 -1 563.296845 177.341214 590.80814 196.089104 -1 -1 -1 -1 -1 -1 -1 -1 1 
136 17 Car 0 2 -1 518.941554 177.344732 551.364746 196.488838 -1 -1 -1 -1 -1 -1 -1 -1 1 
137 5 Car 1 0 -1 0.0 186.814701 59.06552 319.80863 -1 -1 -1 -1 -1 -1 -1 -1 1 
137 6 Car 0 0 -1 439.249057 177.007419 578.5506 225.23546 -1 -1 -1 -1 -1 -1 -1 -1 1 
137 7 Car 0 0 -1 745.262966 162.783151 845.717007 206.23154 -1 -1 -1 -1 -1 -1 -1 -1 1 
137 14 Car 0 0 -1 706.485574 174.446254 730.555261 194.716633 -1 -1 -1 -1 -1 -1 -1 -1 1 
137 15 Car 0 1 -1 416.548771 179.180737 453.91925 210.505069 -1 -1 -1 -1 -1 -1 -1 -1 1 
137 16 Car 0 2 -1 563.188763 177.456562 590.761039 196.246898 -1 -1 -1 -1 -1 -1 -1 -1 1 
137 17 Car 0 2 -1 518.692444 177.481074 551.16738 196.653603 -1 -1 -1 -1 -1 -1 -1 -1 1 
138 6 Car 0 0 -1 418.900172 177.370137 562.054476 227.111889 -1 -1 -1 -1 -1 -1 -1 -1 1 
138 7 Car 0 0 -1 730.5569 162.77497 831.600417 206.717888 -1 -1 -1 -1 -1 -1 -1 -1 1 
138 14 Car 0 0 -1 708.017909 174.765993 730.599613 194.689156 -1 -1 -1 -1 -1 -1 -1 -1 1 
138 15 Car 0 1 -1 417.96383 179.678693 452.053905 210.712679 -1 -1 -1 -1 -1 -1 -1 -1 1 
138 16 Car 0 0 -1 563.080185 177.572441 590.713736 196.405416 -1 -1 -1 -1 -1 -1 -1 -1 1 
138 17 Car 0 2 -1 518.442574 177.617834 550.969445 196.818872 -1 -1 -1 -1 -1 -1 -1 -1 1 
139 6 Car 0 0 -1 397.315374 177.750357 544.714246 229.10337 -1 -1 -1 -1 -1 -1 -1 -1 1 
139 7 Car 0 0 -1 715.535285 162.767926 817.163036 207.215153 -1 -1 -1 -1 -1 -1 -1 -1 1 
139 14 Car 0 0 -1 709.505765 175.074765 730.786993 194.662285 -1 -1 -1 -1 -1 -1 -1 -1 1 
139 15 Car 0 1 -1 414.186398 179.607871 452.663183 210.270233 -1 -1 -1 -1 -1 -1 -1 -1 1 
139 16 Car 0 0 -1 562.971108 177.688855 590.666228 196.564663 -1 -1 -1 -1 -1 -1 -1 -1 1 
139 17 Car 0 2 -1 518.19194 177.755014 550.770939 196.984647 -1 -1 -1 -1 -1 -1 -1 -1 1 
140 6 Car 0 1 -1 377.252559 178.277238 529.631394 231.572562 -1 -1 -1 -1 -1 -1 -1 -1 1 
140 7 Car 0 0 -1 699.922224 163.385564 802.026278 208.322606 -1 -1 -1 -1 -1 -1 -1 -1 1 
140 14 Car 0 0 -1 710.941854 175.373116 731.880883 194.635992 -1 -1 -1 -1 -1 -1 -1 -1 1 
140 15 Car 0 1 -1 410.020592 179.541021 453.131397 209.827873 -1 -1 -1 -1 -1 -1 -1 -1 1 
140 16 Car 0 0 -1 562.861529 177.805807 590.618516 196.724644 -1 -1 -1 -1 -1 -1 -1 -1 1 
140 17 Car 0 2 -1 517.940537 177.892615 550.571859 197.15093 -1 -1 -1 -1 -1 -1 -1 -1 1 
141 6 Car 0 1 -1 355.731289 178.834428 513.627798 234.224836 -1 -1 -1 -1 -1 -1 -1 -1 1 
141 7 Car 0 0 -1 683.990555 164.013444 786.580531 209.455849 -1 -1 -1 -1 -1 -1 -1 -1 1 
141 14 Car 0 0 -1 711.632687 175.243634 732.273299 194.179512 -1 -1 -1 -1 -1 -1 -1 -1 1 
141 15 Car 0 1 -1 406.041239 179.478138 453.448665 209.386196 -1 -1 -1 -1 -1 -1 -1 -1 1 
141 16 Car 0 0 -1 562.751444 177.923301 590.570597 196.885364 -1 -1 -1 -1 -1 -1 -1 -1 1 
141 17 Car 0 1 -1 517.688364 178.03064 550.372204 197.317725 -1 -1 -1 -1 -1 -1 -1 -1 1 
142 6 Car 0 1 -1 332.580071 179.424652 496.62128 237.08104 -1 -1 -1 -1 -1 -1 -1 -1 1 
142 7 Car 0 0 -1 667.727203 164.651697 770.82 210.615541 -1 -1 -1 -1 -1 -1 -1 -1 1 
142 14 Car 0 0 -1 712.301713 175.118497 732.652539 193.738291 -1 -1 -1 -1 -1 -1 -1 -1 1 
142 15 Car 0 1 -1 398.962017 179.498811 448.473704 209.187228 -1 -1 -1 -1 -1 -1 -1 -1 1 
142 16 Car 0 0 -1 562.640849 178.041342 590.522471 197.046829 -1 -1 -1 -1 -1 -1 -1 -1 1 
142 17 Car 0 0 -1 517.435416 178.169091 550.17197 197.485032 -1 -1 -1 -1 -1 -1 -1 -1 1 
143 6 Car 0 1 -1 307.59975 180.050982 478.519289 240.165315 -1 -1 -1 -1 -1 -1 -1 -1 1 
143 7 Car 0 0 -1 652.143399 164.718608 756.246087 211.401232 -1 -1 -1 -1 -1 -1 -1 -1 1 
143 14 Car 0 0 -1 712.949948 174.997491 733.019256 193.311577 -1 -1 -1 -1 -1 -1 -1 -1 1 
143 15 Car 0 1 -1 391.994275 179.519891 443.528464 208.987842 -1 -1 -1 -1 -1 -1 -1 -1 1 
143 16 Car 0 0 -1 562.497071 178.040602 590.402322 197.063099 -1 -1 -1 -1 -1 -1 -1 -1 1 
143 17 Car 0 0 -1 517.181689 178.30797 549.971155 197.652856 -1 -1 -1 -1 -1 -1 -1 -1 1 
144 6 Car 0 1 -1 280.557741 180.71689 459.217224 243.50576 -1 -1 -1 -1 -1 -1 -1 -1 1 
144 7 Car 0 0 -1 636.082827 164.787967 741.241747 212.211866 -1 -1 -1 -1 -1 -1 -1 -1 1 
144 14 Car 0 0 -1 713.578347 174.880415 733.374061 192.898665 -1 -1 -1 -1 -1 -1 -1 -1 1 
144 15 Car 0 1 -1 385.138206 179.541382 438.610287 208.788178 -1 -1 -1 -1 -1 -1 -1 -1 1 
144 16 Car 0 0 -1 562.353036 178.039861 590.281974 197.079397 -1 -1 -1 -1 -1 -1 -1 -1 1 
144 17 Car 0 0 -1 516.92718 178.447278 549.769757 197.821197 -1 -1 -1 -1 -1 -1 -1 -1 1 
145 6 Car 0 1 -1 251.18065 181.426322 438.596365 247.135291 -1 -1 -1 -1 -1 -1 -1 -1 1 
145 7 Car 0 0 -1 619.519537 164.816983 725.791626 213.048527 -1 -1 -1 -1 -1 -1 -1 -1 1 
145 14 Car 0 0 -1 714.187807 174.76708 733.717524 192.498896 -1 -1 -1 -1 -1 -1 -1 -1 1 
145 15 Car 0 1 -1 378.394043 179.563287 433.716633 208.588376 -1 -1 -1 -1 -1 -1 -1 -1 1 
145 16 Car 0 0 -1 562.208744 178.039118 590.161424 197.095725 -1 -1 -1 -1 -1 -1 -1 -1 1 
145 17 Car 0 0 -1 516.671886 178.581818 549.567772 197.990058 -1 -1 -1 -1 -1 -1 -1 -1 1 
146 6 Car 0 1 -1 219.64018 182.108499 417.718654 251.234531 -1 -1 -1 -1 -1 -1 -1 -1 1 
146 7 Car 0 0 -1 602.42584 164.799805 709.879469 213.912362 -1 -1 -1 -1 -1 -1 -1 -1 1 
146 14 Car 0 0 -1 714.77917 174.657309 734.05018 192.111653 -1 -1 -1 -1 -1 -1 -1 -1 1 
146 15 Car 0 1 -1 371.76205 179.585607 428.845083 208.388581 -1 -1 -1 -1 -1 -1 -1 -1 1 
146 16 Car 0 0 -1 562.064193 178.038374 590.040672 197.112082 -1 -1 -1 -1 -1 -1 -1 -1 1 
146 17 Car 0 0 -1 516.415803 178.71367 549.365199 198.159442 -1 -1 -1 -1 -1 -1 -1 -1 1 
147 6 Car 0 1 -1 184.868394 182.843025 395.192258 255.755802 -1 -1 -1 -1 -1 -1 -1 -1 1 
147 7 Car 0 0 -1 584.772155 164.782907 693.488026 214.804585 -1 -1 -1 -1 -1 -1 -1 -1 1 
147 14 Car 0 0 -1 715.101343 174.53879 734.213656 191.703704 -1 -1 -1 -1 -1 -1 -1 -1 1 
147 15 Car 0 1 -1 360.463222 179.715141 421.366598 208.307591 -1 -1 -1 -1 -1 -1 -1 -1 1 
147 16 Car 0 1 -1 561.919383 178.037629 589.919719 197.128469 -1 -1 -1 -1 -1 -1 -1 -1 1 
147 17 Car 0 0 -1 516.158926 178.845906 549.162034 198.329352 -1 -1 -1 -1 -1 -1 -1 -1 1 
148 6 Car 0 1 -1 148.391198 184.015646 372.898198 261.452176 -1 -1 -1 -1 -1 -1 -1 -1 1 
148 7 Car 0 0 -1 567.194966 165.14495 677.809255 216.377757 -1 -1 -1 -1 -1 -1 -1 -1 1 
148 14 Car 0 0 -1 715.413642 174.424172 734.371622 191.309056 -1 -1 -1 -1 -1 -1 -1 -1 1 
148 15 Car 0 1 -1 349.428404 179.845571 413.753043 208.217244 -1 -1 -1 -1 -1 -1 -1 -1 1 
148 16 Car 0 1 -1 561.774314 178.036882 589.798562 197.144885 -1 -1 -1 -1 -1 -1 -1 -1 1 
148 17 Car 0 0 -1 515.888016 178.84597 548.925376 198.346385 -1 -1 -1 -1 -1 -1 -1 -1 1 
149 6 Car 0 1 -1 107.537359 185.290623 348.599847 267.836049 -1 -1 -1 -1 -1 -1 -1 -1 1 
149 7 Car 0 0 -1 548.82766 165.525936 661.482781 218.02473 -1 -1 -1 -1 -1 -1 -1 -1 1 
149 14 Car 0 0 -1 715.716522 174.313266 734.524347 190.927069 -1 -1 -1 -1 -1 -1 -1 -1 1 
149 15 Car 0 1 -1 338.67166 179.97689 405.994793 208.11865 -1 -1 -1 -1 -1 -1 -1 -1 1 
149 16 Car 0 2 -1 561.628984 178.036134 589.677203 197.161331 -1 -1 -1 -1 -1 -1 -1 -1 1 
149 17 Car 0 0 -1 515.616632 178.846035 548.688328 198.363448 -1 -1 -1 -1 -1 -1 -1 -1 1 
150 6 Car 0 0 -1 61.458802 186.682174 322.019707 275.039171 -1 -1 -1 -1 -1 -1 -1 -1 1 
150 7 Car 0 0 -1 529.610895 165.927249 644.47227 219.750541 -1 -1 -1 -1 -1 -1 -1 -1 1 
150 14 Car 0 0 -1 716.010408 174.205896 734.672079 190.557143 -1 -1 -1 -1 -1 -1 -1 -1 1 
150 15 Car 0 1 -1 328.206529 180.109083 398.083939 208.012982 -1 -1 -1 -1 -1 -1 -1 -1 1 
150 16 Car 0 2 -1 561.483393 178.035385 589.55564 197.177806 -1 -1 -1 -1 -1 -1 -1 -1 1 
150 17 Car 0 0 -1 515.344773 178.846099 548.45089 198.380542 -1 -1 -1 -1 -1 -1 -1 -1 1 
151 6 Car 0 0 -1 11.660826 187.319807 295.303637 282.341712 -1 -1 -1 -1 -1 -1 -1 -1 1 
151 7 Car 0 0 -1 509.479488 166.3504 626.73838 221.560689 -1 -1 -1 -1 -1 -1 -1 -1 1 
151 14 Car 0 0 -1 716.295701 174.101895 734.815051 190.198716 -1 -1 -1 -1 -1 -1 -1 -1 1 
151 15 Car 0 1 -1 318.045813 180.242128 390.014247 207.901457 -1 -1 -1 -1 -1 -1 -1 -1 1 
151 16 Car 0 2 -1 561.33754 178.034635 589.433873 197.19431 -1 -1 -1 -1 -1 -1 -1 -1 1 
151 17 Car 0 0 -1 515.072436 178.846163 548.213061 198.397665 -1 -1 -1 -1 -1 -1 -1 -1 1 
152 6 Car 0 0 -1 0.0 188.026314 265.658016 290.777138 -1 -1 -1 -1 -1 -1 -1 -1 1 
152 7 Car 0 0 -1 488.361677 166.797039 608.238416 223.461188 -1 -1 -1 -1 -1 -1 -1 -1 1 
152 14 Car 0 0 -1 717.162597 174.28608 735.456525 190.139902 -1 -1 -1 -1 -1 -1 -1 -1 1 
152 15 Car 0 1 -1 307.097176 180.393524 378.736803 207.87222 -1 -1 -1 -1 -1 -1 -1 -1 1 
152 16 Car 0 2 -1 561.191424 178.033883 589.311901 197.210845 -1 -1 -1 -1 -1 -1 -1 -1 1 
152 17 Car 0 0 -1 514.799622 178.846228 547.97484 198.414818 -1 -1 -1 -1 -1 -1 -1 -1 1 
153 6 Car 0 0 -1 0.0 188.813491 232.582285 296.356992 -1 -1 -1 -1 -1 -1 -1 -1 1 
153 7 Car 0 0 -1 466.818099 166.125887 590.315219 224.668559 -1 -1 -1 -1 -1 -1 -1 -1 1 
153 14 Car 0 0 -1 718.004977 174.464784 736.0789 190.082835 -1 -1 -1 -1 -1 -1 -1 -1 1 
153 15 Car 0 1 -1 296.282493 180.542968 367.604707 207.843359 -1 -1 -1 -1 -1 -1 -1 -1 1 
153 16 Car 0 2 -1 561.045046 178.03313 589.189724 197.227409 -1 -1 -1 -1 -1 -1 -1 -1 1 
153 17 Car 0 2 -1 514.526328 178.846292 547.736225 198.432002 -1 -1 -1 -1 -1 -1 -1 -1 1 
153 18 Car 0 0 -1 578.388966 176.75329 601.336052 194.565129 -1 -1 -1 -1 -1 -1 -1 -1 1 
154 6 Car 1 0 -1 0.0 189.695998 195.45414 297.207769 -1 -1 -1 -1 -1 -1 -1 -1 1 
154 7 Car 0 0 -1 443.878272 165.409965 571.37648 225.953696 -1 -1 -1 -1 -1 -1 -1 -1 1 
154 14 Car 0 0 -1 718.823866 174.638245 736.683014 190.027436 -1 -1 -1 -1 -1 -1 -1 -1 1 
154 15 Car 0 1 -1 285.599335 180.690498 356.615152 207.814869 -1 -1 -1 -1 -1 -1 -1 -1 1 
154 16 Car 0 1 -1 560.898403 178.032375 589.067341 197.244004 -1 -1 -1 -1 -1 -1 -1 -1 1 
154 17 Car 0 2 -1 514.252554 178.846357 547.497217 198.449215 -1 -1 -1 -1 -1 -1 -1 -1 1 
154 18 Car 0 2 -1 578.330608 176.750251 601.289196 194.573968 -1 -1 -1 -1 -1 -1 -1 -1 1 
155 6 Car 1 0 -1 0.0 191.435378 154.148527 298.903532 -1 -1 -1 -1 -1 -1 -1 -1 1 
155 7 Car 0 0 -1 421.36531 165.639765 553.058519 228.540343 -1 -1 -1 -1 -1 -1 -1 -1 1 
155 14 Car 0 0 -1 719.620233 174.806692 737.269661 189.973635 -1 -1 -1 -1 -1 -1 -1 -1 1 
155 15 Car 0 1 -1 275.045328 180.836149 345.765404 207.78674 -1 -1 -1 -1 -1 -1 -1 -1 1 
155 16 Car 0 1 -1 560.751495 178.031619 588.944752 197.260628 -1 -1 -1 -1 -1 -1 -1 -1 1 
155 17 Car 0 2 -1 513.978298 178.846422 547.257813 198.46646 -1 -1 -1 -1 -1 -1 -1 -1 1 
155 18 Car 0 2 -1 578.272171 176.747208 601.24228 194.582818 -1 -1 -1 -1 -1 -1 -1 -1 1 
155 19 Car 0 0 -1 536.534917 179.568475 564.293569 196.165583 -1 -1 -1 -1 -1 -1 -1 -1 1 
156 6 Car 1 0 -1 0.0 193.436599 106.582596 300.247404 -1 -1 -1 -1 -1 -1 -1 -1 1 
156 7 Car 0 0 -1 397.163094 165.890882 533.510527 231.324479 -1 -1 -1 -1 -1 -1 -1 -1 1 
156 14 Car 0 0 -1 720.394995 174.970339 737.839587 189.921362 -1 -1 -1 -1 -1 -1 -1 -1 1 
156 15 Car 0 1 -1 264.618162 180.979959 335.052803 207.758967 -1 -1 -1 -1 -1 -1 -1 -1 1 
156 16 Car 0 0 -1 560.604323 178.030862 588.821956 197.277282 -1 -1 -1 -1 -1 -1 -1 -1 1 
156 17 Car 0 1 -1 513.703559 178.846487 547.018013 198.483734 -1 -1 -1 -1 -1 -1 -1 -1 1 
156 18 Car 0 2 -1 578.213657 176.744161 601.195305 194.59168 -1 -1 -1 -1 -1 -1 -1 -1 1 
156 19 Car 0 2 -1 536.357163 179.57066 564.135135 196.176993 -1 -1 -1 -1 -1 -1 -1 -1 1 
157 6 Car 1 0 -1 0.0 195.763781 51.221737 301.208429 -1 -1 -1 -1 -1 -1 -1 -1 1 
157 7 Car 0 1 -1 371.060327 166.16595 512.616127 234.328902 -1 -1 -1 -1 -1 -1 -1 -1 1 
157 15 Car 0 1 -1 254.31557 181.121961 324.474745 207.731542 -1 -1 -1 -1 -1 -1 -1 -1 1 
157 16 Car 0 0 -1 560.456883 178.030103 588.698953 197.293967 -1 -1 -1 -1 -1 -1 -1 -1 1 
157 17 Car 0 1 -1 513.428336 178.846552 546.777816 198.501039 -1 -1 -1 -1 -1 -1 -1 -1 1 
157 18 Car 0 2 -1 578.155066 176.741109 601.14827 194.600555 -1 -1 -1 -1 -1 -1 -1 -1 1 
157 19 Car 0 2 -1 536.179213 179.572848 563.976536 196.188416 -1 -1 -1 -1 -1 -1 -1 -1 1 
158 7 Car 0 1 -1 342.809835 166.468016 490.242911 237.580054 -1 -1 -1 -1 -1 -1 -1 -1 1 
158 15 Car 0 1 -1 244.34385 182.46422 314.422014 208.983592 -1 -1 -1 -1 -1 -1 -1 -1 1 
158 16 Car 0 0 -1 560.309178 178.029343 588.575743 197.310682 -1 -1 -1 -1 -1 -1 -1 -1 1 
158 17 Car 0 0 -1 513.272972 178.847141 546.640009 198.50984 -1 -1 -1 -1 -1 -1 -1 -1 1 
158 18 Car 0 2 -1 578.096396 176.738054 601.101175 194.609441 -1 -1 -1 -1 -1 -1 -1 -1 1 
158 19 Car 0 1 -1 536.001066 179.575038 563.817772 196.199852 -1 -1 -1 -1 -1 -1 -1 -1 1 
159 7 Car 0 1 -1 314.818504 166.584864 469.366765 241.277634 -1 -1 -1 -1 -1 -1 -1 -1 1 
159 15 Car 0 1 -1 234.461927 183.792858 304.469508 210.222661 -1 -1 -1 -1 -1 -1 -1 -1 1 
159 16 Car 0 0 -1 560.161204 178.028581 588.452324 197.327427 -1 -1 -1 -1 -1 -1 -1 -1 1 
159 17 Car 0 0 -1 513.117477 178.847731 546.502094 198.518648 -1 -1 -1 -1 -1 -1 -1 -1 1 
159 18 Car 0 2 -1 578.037649 176.734995 601.054021 194.618338 -1 -1 -1 -1 -1 -1 -1 -1 1 
159 19 Car 0 2 -1 535.822723 179.57723 563.658842 196.2113 -1 -1 -1 -1 -1 -1 -1 -1 1 
160 7 Car 0 1 -1 283.983115 166.717454 446.702198 245.349896 -1 -1 -1 -1 -1 -1 -1 -1 1 
160 15 Car 0 1 -1 224.668633 185.108082 294.615695 211.44894 -1 -1 -1 -1 -1 -1 -1 -1 1 
160 16 Car 0 0 -1 560.012962 178.027819 588.328696 197.344202 -1 -1 -1 -1 -1 -1 -1 -1 1 
160 17 Car 0 0 -1 512.961853 178.848321 546.364071 198.527463 -1 -1 -1 -1 -1 -1 -1 -1 1 
160 18 Car 0 2 -1 577.978823 176.731931 601.006807 194.627248 -1 -1 -1 -1 -1 -1 -1 -1 1 
160 19 Car 0 2 -1 535.644182 179.579424 563.499747 196.222761 -1 -1 -1 -1 -1 -1 -1 -1 1 
161 7 Car 0 1 -1 249.827896 166.868415 422.023097 249.85601 -1 -1 -1 -1 -1 -1 -1 -1 1 
161 15 Car 0 1 -1 214.96282 186.410094 284.859078 212.662621 -1 -1 -1 -1 -1 -1 -1 -1 1 
161 16 Car 0 0 -1 559.864452 178.027054 588.204858 197.361008 -1 -1 -1 -1 -1 -1 -1 -1 1 
161 17 Car 0 0 -1 512.806098 178.848912 546.225939 198.536286 -1 -1 -1 -1 -1 -1 -1 -1 1 
161 18 Car 0 2 -1 577.919918 176.728864 600.959533 194.63617 -1 -1 -1 -1 -1 -1 -1 -1 1 
161 19 Car 0 2 -1 535.465445 179.581621 563.340486 196.234235 -1 -1 -1 -1 -1 -1 -1 -1 1 
162 7 Car 0 1 -1 211.766116 167.040953 395.062322 254.868308 -1 -1 -1 -1 -1 -1 -1 -1 1 
162 15 Car 0 1 -1 205.343362 187.699095 275.198182 213.863889 -1 -1 -1 -1 -1 -1 -1 -1 1 
162 16 Car 0 0 -1 559.715671 178.026289 588.080811 197.377845 -1 -1 -1 -1 -1 -1 -1 -1 1 
162 17 Car 0 0 -1 512.650213 178.849503 546.087699 198.545116 -1 -1 -1 -1 -1 -1 -1 -1 1 
162 18 Car 0 2 -1 577.926667 176.728152 600.965261 194.636076 -1 -1 -1 -1 -1 -1 -1 -1 1 
162 19 Car 0 2 -1 535.286509 179.58382 563.181059 196.245721 -1 -1 -1 -1 -1 -1 -1 -1 1 
163 7 Car 0 1 -1 173.004286 166.968326 369.584016 260.517704 -1 -1 -1 -1 -1 -1 -1 -1 1 
163 16 Car 0 0 -1 559.56662 178.025522 587.956554 197.394712 -1 -1 -1 -1 -1 -1 -1 -1 1 
163 17 Car 0 0 -1 512.494198 178.850094 545.94935 198.553954 -1 -1 -1 -1 -1 -1 -1 -1 1 
163 18 Car 0 2 -1 577.933416 176.727441 600.970989 194.635982 -1 -1 -1 -1 -1 -1 -1 -1 1 
163 19 Car 0 2 -1 535.107376 179.586021 563.021466 196.25722 -1 -1 -1 -1 -1 -1 -1 -1 1 
164 7 Car 0 1 -1 128.910237 167.300419 341.371506 267.34304 -1 -1 -1 -1 -1 -1 -1 -1 1 
164 16 Car 0 0 -1 559.417298 178.024753 587.832085 197.41161 -1 -1 -1 -1 -1 -1 -1 -1 1 
164 17 Car 0 0 -1 512.338051 178.850687 545.810892 198.562799 -1 -1 -1 -1 -1 -1 -1 -1 1 
164 18 Car 0 2 -1 577.940166 176.72673 600.976718 194.635888 -1 -1 -1 -1 -1 -1 -1 -1 1 
164 19 Car 0 2 -1 534.928044 179.588225 562.861705 196.268732 -1 -1 -1 -1 -1 -1 -1 -1 1 
165 7 Car 0 0 -1 80.429252 167.798934 312.969723 276.056539 -1 -1 -1 -1 -1 -1 -1 -1 1 
165 16 Car 0 0 -1 559.267703 178.023984 587.707405 197.428539 -1 -1 -1 -1 -1 -1 -1 -1 1 
165 17 Car 0 0 -1 512.181774 178.851279 545.672325 198.571651 -1 -1 -1 -1 -1 -1 -1 -1 1 
165 18 Car 0 2 -1 577.946916 176.726018 600.982447 194.635795 -1 -1 -1 -1 -1 -1 -1 -1 1 
165 19 Car 0 2 -1 534.748514 179.590431 562.701778 196.280257 -1 -1 -1 -1 -1 -1 -1 -1 1 
166 7 Car 0 0 -1 23.303592 168.390681 280.787576 286.295185 -1 -1 -1 -1 -1 -1 -1 -1 1 
166 16 Car 0 0 -1 559.117836 178.023213 587.582513 197.445499 -1 -1 -1 -1 -1 -1 -1 -1 1 
166 17 Car 0 0 -1 512.025365 178.851872 545.53365 198.580511 -1 -1 -1 -1 -1 -1 -1 -1 1 
166 18 Car 0 2 -1 577.953666 176.725306 600.988176 194.635701 -1 -1 -1 -1 -1 -1 -1 -1 1 
166 19 Car 0 2 -1 534.568785 179.592639 562.541684 196.291794 -1 -1 -1 -1 -1 -1 -1 -1 1 
167 7 Car 0 0 -1 0.0 169.102415 244.037315 298.495919 -1 -1 -1 -1 -1 -1 -1 -1 1 
167 16 Car 0 2 -1 558.967696 178.02244 587.457408 197.462489 -1 -1 -1 -1 -1 -1 -1 -1 1 
167 17 Car 0 0 -1 511.868825 178.852466 545.394865 198.589379 -1 -1 -1 -1 -1 -1 -1 -1 1 
167 18 Car 0 2 -1 577.960417 176.724595 600.993906 194.635607 -1 -1 -1 -1 -1 -1 -1 -1 1 
167 19 Car 0 2 -1 534.388856 179.59485 562.381422 196.303344 -1 -1 -1 -1 -1 -1 -1 -1 1 
168 7 Car 0 0 -1 0.0 168.617309 206.589089 310.393466 -1 -1 -1 -1 -1 -1 -1 -1 1 
168 16 Car 0 2 -1 558.960995 178.022529 587.451161 197.463435 -1 -1 -1 -1 -1 -1 -1 -1 1 
168 17 Car 0 0 -1 511.863129 178.852485 545.389596 198.590081 -1 -1 -1 -1 -1 -1 -1 -1 1 
168 18 Car 0 2 -1 577.967169 176.723883 600.999636 194.635513 -1 -1 -1 -1 -1 -1 -1 -1 1 
168 19 Car 0 2 -1 534.371766 179.595006 562.36468 196.303795 -1 -1 -1 -1 -1 -1 -1 -1 1 
169 7 Car 1 0 -1 0.0 168.995742 162.400139 312.476851 -1 -1 -1 -1 -1 -1 -1 -1 1 
169 16 Car 0 2 -1 558.954293 178.022617 587.444914 197.46438 -1 -1 -1 -1 -1 -1 -1 -1 1 
169 17 Car 0 0 -1 511.857431 178.852505 545.384327 198.590783 -1 -1 -1 -1 -1 -1 -1 -1 1 
169 18 Car 0 2 -1 577.973921 176.723171 601.005366 194.635419 -1 -1 -1 -1 -1 -1 -1 -1 1 
169 19 Car 0 2 -1 534.354676 179.595162 562.347936 196.304245 -1 -1 -1 -1 -1 -1 -1 -1 1 
170 7 Car 1 0 -1 0.0 169.493932 109.486374 313.799425 -1 -1 -1 -1 -1 -1 -1 -1 1 
170 16 Car 0 2 -1 558.947591 178.022706 587.438667 197.465326 -1 -1 -1 -1 -1 -1 -1 -1 1 
170 17 Car 0 0 -1 511.851734 178.852525 545.379057 198.591485 -1 -1 -1 -1 -1 -1 -1 -1 1 
170 18 Car 0 2 -1 577.980674 176.72246 601.011097 194.635325 -1 -1 -1 -1 -1 -1 -1 -1 1 
170 19 Car 0 2 -1 534.337585 179.595318 562.331192 196.304696 -1 -1 -1 -1 -1 -1 -1 -1 1 
171 7 Car 1 0 -1 0.0 170.113033 44.999044 314.257474 -1 -1 -1 -1 -1 -1 -1 -1 1 
171 16 Car 0 2 -1 558.940888 178.022795 587.432419 197.466272 -1 -1 -1 -1 -1 -1 -1 -1 1 
171 17 Car 0 1 -1 511.846036 178.852545 545.373787 198.592187 -1 -1 -1 -1 -1 -1 -1 -1 1 
171 18 Car 0 2 -1 577.987427 176.721748 601.016828 194.635231 -1 -1 -1 -1 -1 -1 -1 -1 1 
171 19 Car 0 2 -1 534.320493 179.595474 562.314448 196.305146 -1 -1 -1 -1 -1 -1 -1 -1 1 
172 16 Car 0 2 -1 558.934185 178.022884 587.42617 197.467217 -1 -1 -1 -1 -1 -1 -1 -1 1 
172 17 Car 0 1 -1 511.840337 178.852565 545.368517 198.592889 -1 -1 -1 -1 -1 -1 -1 -1 1 
172 18 Car 0 2 -1 577.99418 176.721036 601.022559 194.635138 -1 -1 -1 -1 -1 -1 -1 -1 1 
172 19 Car 0 2 -1 534.303401 179.59563 562.297703 196.305597 -1 -1 -1 -1 -1 -1 -1 -1 1 
173 16 Car 0 2 -1 558.927481 178.022973 587.419921 197.468163 -1 -1 -1 -1 -1 -1 -1 -1 1 
173 17 Car 0 2 -1 511.834638 178.852584 545.363247 198.593592 -1 -1 -1 -1 -1 -1 -1 -1 1 
173 18 Car 0 2 -1 578.000934 176.720324 601.028291 194.635044 -1 -1 -1 -1 -1 -1 -1 -1 1 
173 19 Car 0 2 -1 534.286308 179.595786 562.280957 196.306047 -1 -1 -1 -1 -1 -1 -1 -1 1 
174 16 Car 0 2 -1 558.920776 178.023061 587.413672 197.469109 -1 -1 -1 -1 -1 -1 -1 -1 1 
174 17 Car 0 2 -1 511.828939 178.852604 545.357976 198.594294 -1 -1 -1 -1 -1 -1 -1 -1 1 
174 18 Car 0 2 -1 578.007689 176.719612 601.034023 194.63495 -1 -1 -1 -1 -1 -1 -1 -1 1 
174 19 Car 0 2 -1 534.269214 179.595942 562.264211 196.306498 -1 -1 -1 -1 -1 -1 -1 -1 1 
175 16 Car 0 2 -1 558.914071 178.02315 587.407422 197.470055 -1 -1 -1 -1 -1 -1 -1 -1 1 
175 17 Car 0 2 -1 511.82324 178.852624 545.352704 198.594996 -1 -1 -1 -1 -1 -1 -1 -1 1 
175 18 Car 0 2 -1 578.014444 176.7189 601.039755 194.634856 -1 -1 -1 -1 -1 -1 -1 -1 1 
175 19 Car 0 2 -1 534.25212 179.596098 562.247464 196.306948 -1 -1 -1 -1 -1 -1 -1 -1 1 
176 16 Car 0 2 -1 558.907365 178.023239 587.401171 197.471001 -1 -1 -1 -1 -1 -1 -1 -1 1 
176 17 Car 0 2 -1 511.81754 178.852644 545.347433 198.595699 -1 -1 -1 -1 -1 -1 -1 -1 1 
176 18 Car 0 2 -1 578.021199 176.718188 601.045488 194.634762 -1 -1 -1 -1 -1 -1 -1 -1 1 
176 19 Car 0 2 -1 534.235025 179.596254 562.230717 196.307399 -1 -1 -1 -1 -1 -1 -1 -1 1 
177 16 Car 0 2 -1 558.900659 178.023328 587.39492 197.471948 -1 -1 -1 -1 -1 -1 -1 -1 1 
177 17 Car 0 2 -1 511.811839 178.852664 545.342161 198.596401 -1 -1 -1 -1 -1 -1 -1 -1 1 
177 18 Car 0 2 -1 578.027955 176.717476 601.051221 194.634668 -1 -1 -1 -1 -1 -1 -1 -1 1 
177 19 Car 0 2 -1 534.21793 179.59641 562.213969 196.30785 -1 -1 -1 -1 -1 -1 -1 -1 1 
178 16 Car 0 2 -1 558.893952 178.023417 587.388669 197.472894 -1 -1 -1 -1 -1 -1 -1 -1 1 
178 17 Car 0 2 -1 511.806138 178.852683 545.336888 198.597104 -1 -1 -1 -1 -1 -1 -1 -1 1 
178 18 Car 0 2 -1 578.034712 176.716763 601.056954 194.634574 -1 -1 -1 -1 -1 -1 -1 -1 1 
178 19 Car 0 2 -1 534.200834 179.596567 562.197221 196.3083 -1 -1 -1 -1 -1 -1 -1 -1 1 
179 16 Car 0 2 -1 558.887245 178.023506 587.382416 197.47384 -1 -1 -1 -1 -1 -1 -1 -1 1 
179 17 Car 0 2 -1 511.800437 178.852703 545.331616 198.597806 -1 -1 -1 -1 -1 -1 -1 -1 1 
179 18 Car 0 2 -1 578.041469 176.716051 601.062688 194.63448 -1 -1 -1 -1 -1 -1 -1 -1 1 
179 19 Car 0 2 -1 534.183738 179.596723 562.180472 196.308751 -1 -1 -1 -1 -1 -1 -1 -1 1 
180 16 Car 0 2 -1 558.880537 178.023594 587.376164 197.474787 -1 -1 -1 -1 -1 -1 -1 -1 1 
180 17 Car 0 2 -1 511.794736 178.852723 545.326343 198.598509 -1 -1 -1 -1 -1 -1 -1 -1 1 
180 18 Car 0 2 -1 578.048226 176.715339 601.068422 194.634386 -1 -1 -1 -1 -1 -1 -1 -1 1 
180 19 Car 0 2 -1 534.166641 179.596879 562.163723 196.309202 -1 -1 -1 -1 -1 -1 -1 -1 1 
181 16 Car 0 2 -1 558.873828 178.023683 587.369911 197.475733 -1 -1 -1 -1 -1 -1 -1 -1 1 
181 17 Car 0 2 -1 511.789034 178.852743 545.321069 198.599212 -1 -1 -1 -1 -1 -1 -1 -1 1 
181 18 Car 0 2 -1 578.054984 176.714627 601.074157 194.634292 -1 -1 -1 -1 -1 -1 -1 -1 1 
181 19 Car 0 2 -1 534.149543 179.597035 562.146973 196.309652 -1 -1 -1 -1 -1 -1 -1 -1 1 
182 16 Car 0 2 -1 558.867119 178.023772 587.363657 197.47668 -1 -1 -1 -1 -1 -1 -1 -1 1 
182 17 Car 0 0 -1 511.783332 178.852763 545.315796 198.599914 -1 -1 -1 -1 -1 -1 -1 -1 1 
182 18 Car 0 2 -1 578.061742 176.713914 601.079892 194.634198 -1 -1 -1 -1 -1 -1 -1 -1 1 
182 19 Car 0 2 -1 534.132445 179.597191 562.130222 196.310103 -1 -1 -1 -1 -1 -1 -1 -1 1 
183 16 Car 0 2 -1 558.860409 178.023861 587.357403 197.477626 -1 -1 -1 -1 -1 -1 -1 -1 1 
183 17 Car 0 2 -1 511.777629 178.852782 545.310522 198.600617 -1 -1 -1 -1 -1 -1 -1 -1 1 
183 18 Car 0 2 -1 578.068501 176.713202 601.085627 194.634104 -1 -1 -1 -1 -1 -1 -1 -1 1 
183 19 Car 0 2 -1 534.115346 179.597347 562.113471 196.310554 -1 -1 -1 -1 -1 -1 -1 -1 1 
184 16 Car 0 2 -1 558.853699 178.02395 587.351148 197.478573 -1 -1 -1 -1 -1 -1 -1 -1 1 
184 17 Car 0 2 -1 511.771926 178.852802 545.305247 198.60132 -1 -1 -1 -1 -1 -1 -1 -1 1 
184 18 Car 0 2 -1 578.07526 176.712489 601.091362 194.63401 -1 -1 -1 -1 -1 -1 -1 -1 1 
184 19 Car 0 2 -1 534.098246 179.597503 562.09672 196.311004 -1 -1 -1 -1 -1 -1 -1 -1 1 
185 16 Car 0 2 -1 558.846988 178.024039 587.344893 197.47952 -1 -1 -1 -1 -1 -1 -1 -1 1 
185 17 Car 0 2 -1 511.766222 178.852822 545.299972 198.602023 -1 -1 -1 -1 -1 -1 -1 -1 1 
185 18 Car 0 2 -1 578.08202 176.711777 601.097098 194.633917 -1 -1 -1 -1 -1 -1 -1 -1 1 
185 19 Car 0 2 -1 534.081146 179.59766 562.079967 196.311455 -1 -1 -1 -1 -1 -1 -1 -1 1 
186 9 Car 1 1 -1 1191.372542 163.953843 1241.0 199.6014 -1 -1 -1 -1 -1 -1 -1 -1 1 
186 16 Car 0 1 -1 558.840276 178.024128 587.338637 197.480467 -1 -1 -1 -1 -1 -1 -1 -1 1 
186 17 Car 0 0 -1 511.760518 178.852842 545.294697 198.602726 -1 -1 -1 -1 -1 -1 -1 -1 1 
186 18 Car 0 2 -1 578.088781 176.711064 601.102834 194.633823 -1 -1 -1 -1 -1 -1 -1 -1 1 
186 19 Car 0 2 -1 534.064045 179.597816 562.063215 196.311906 -1 -1 -1 -1 -1 -1 -1 -1 1 
187 9 Car 1 1 -1 1175.615548 164.02104 1241.0 199.713909 -1 -1 -1 -1 -1 -1 -1 -1 1 
187 16 Car 0 2 -1 558.833564 178.024217 587.332381 197.481414 -1 -1 -1 -1 -1 -1 -1 -1 1 
187 17 Car 0 2 -1 511.754814 178.852862 545.289422 198.603429 -1 -1 -1 -1 -1 -1 -1 -1 1 
187 18 Car 0 2 -1 578.095541 176.710352 601.108571 194.633729 -1 -1 -1 -1 -1 -1 -1 -1 1 
187 19 Car 0 2 -1 534.046944 179.597972 562.046461 196.312357 -1 -1 -1 -1 -1 -1 -1 -1 1 
188 9 Car 0 1 -1 1160.009085 164.088241 1241.0 199.825287 -1 -1 -1 -1 -1 -1 -1 -1 1 
188 16 Car 0 2 -1 558.826851 178.024306 587.326124 197.482361 -1 -1 -1 -1 -1 -1 -1 -1 1 
188 17 Car 0 2 -1 511.74911 178.852881 545.284146 198.604132 -1 -1 -1 -1 -1 -1 -1 -1 1 
188 18 Car 0 2 -1 578.102303 176.709639 601.114308 194.633635 -1 -1 -1 -1 -1 -1 -1 -1 1 
188 19 Car 0 2 -1 534.029842 179.598128 562.029708 196.312807 -1 -1 -1 -1 -1 -1 -1 -1 1 
189 9 Car 0 1 -1 1144.551004 164.155445 1241.0 199.93555 -1 -1 -1 -1 -1 -1 -1 -1 1 
189 16 Car 0 2 -1 558.820138 178.024394 587.319867 197.483308 -1 -1 -1 -1 -1 -1 -1 -1 1 
189 17 Car 0 2 -1 511.743405 178.852901 545.27887 198.604835 -1 -1 -1 -1 -1 -1 -1 -1 1 
189 18 Car 0 2 -1 578.109065 176.708926 601.120045 194.633541 -1 -1 -1 -1 -1 -1 -1 -1 1 
189 19 Car 0 2 -1 534.01274 179.598284 562.012953 196.313258 -1 -1 -1 -1 -1 -1 -1 -1 1 
190 9 Car 0 1 -1 1129.239203 164.222652 1241.0 200.044715 -1 -1 -1 -1 -1 -1 -1 -1 1 
190 16 Car 0 1 -1 558.813424 178.024483 587.313609 197.484256 -1 -1 -1 -1 -1 -1 -1 -1 1 
190 17 Car 0 2 -1 511.737699 178.852921 545.273593 198.605538 -1 -1 -1 -1 -1 -1 -1 -1 1 
190 18 Car 0 2 -1 578.115827 176.708214 601.125782 194.633447 -1 -1 -1 -1 -1 -1 -1 -1 1 
190 19 Car 0 2 -1 533.995637 179.59844 561.996198 196.313709 -1 -1 -1 -1 -1 -1 -1 -1 1 
191 9 Car 0 1 -1 1114.071612 164.289862 1241.0 200.152799 -1 -1 -1 -1 -1 -1 -1 -1 1 
191 16 Car 0 1 -1 558.80671 178.024572 587.307351 197.485203 -1 -1 -1 -1 -1 -1 -1 -1 1 
191 17 Car 0 2 -1 511.731993 178.852941 545.268316 198.606241 -1 -1 -1 -1 -1 -1 -1 -1 1 
191 18 Car 0 2 -1 578.12259 176.707501 601.13152 194.633353 -1 -1 -1 -1 -1 -1 -1 -1 1 
191 19 Car 0 2 -1 533.978533 179.598597 561.979443 196.31416 -1 -1 -1 -1 -1 -1 -1 -1 1 
192 9 Car 0 1 -1 1103.300904 164.356069 1241.0 200.267514 -1 -1 -1 -1 -1 -1 -1 -1 1 
192 16 Car 0 0 -1 558.799995 178.024661 587.301092 197.48615 -1 -1 -1 -1 -1 -1 -1 -1 1 
192 17 Car 0 2 -1 511.726287 178.852961 545.263039 198.606944 -1 -1 -1 -1 -1 -1 -1 -1 1 
192 18 Car 0 2 -1 578.094999 176.707705 601.10492 194.633952 -1 -1 -1 -1 -1 -1 -1 -1 1 
192 19 Car 0 2 -1 533.961429 179.598753 561.962687 196.314611 -1 -1 -1 -1 -1 -1 -1 -1 1 
193 9 Car 0 1 -1 1092.5901 164.485765 1236.929783 200.381558 -1 -1 -1 -1 -1 -1 -1 -1 1 
193 16 Car 0 0 -1 558.817645 178.023641 587.31508 197.484573 -1 -1 -1 -1 -1 -1 -1 -1 1 
193 17 Car 0 2 -1 511.72058 178.852981 545.257761 198.607648 -1 -1 -1 -1 -1 -1 -1 -1 1 
193 18 Car 0 2 -1 578.067407 176.707909 601.078319 194.634551 -1 -1 -1 -1 -1 -1 -1 -1 1 
193 19 Car 0 2 -1 533.944324 179.598909 561.945931 196.315062 -1 -1 -1 -1 -1 -1 -1 -1 1 
194 9 Car 0 1 -1 1081.938703 164.7123 1224.85222 200.494938 -1 -1 -1 -1 -1 -1 -1 -1 1 
194 16 Car 0 0 -1 558.835294 178.02262 587.329066 197.482996 -1 -1 -1 -1 -1 -1 -1 -1 1 
194 17 Car 0 2 -1 511.714874 178.853 545.252483 198.608351 -1 -1 -1 -1 -1 -1 -1 -1 1 
194 18 Car 0 2 -1 578.039813 176.708114 601.051717 194.63515 -1 -1 -1 -1 -1 -1 -1 -1 1 
194 19 Car 0 2 -1 533.927218 179.599065 561.929174 196.315513 -1 -1 -1 -1 -1 -1 -1 -1 1 
195 9 Car 0 1 -1 1071.346217 164.937466 1212.847726 200.607658 -1 -1 -1 -1 -1 -1 -1 -1 1 
195 16 Car 0 0 -1 558.852943 178.0216 587.343052 197.48142 -1 -1 -1 -1 -1 -1 -1 -1 1 
195 17 Car 0 2 -1 511.709166 178.85302 545.247205 198.609054 -1 -1 -1 -1 -1 -1 -1 -1 1 
195 18 Car 0 2 -1 578.012219 176.708318 601.025114 194.63575 -1 -1 -1 -1 -1 -1 -1 -1 1 
195 19 Car 0 2 -1 533.910112 179.599221 561.912416 196.315963 -1 -1 -1 -1 -1 -1 -1 -1 1 
196 9 Car 0 1 -1 1060.81216 165.161274 1200.915647 200.719724 -1 -1 -1 -1 -1 -1 -1 -1 1 
196 16 Car 0 0 -1 558.87059 178.020579 587.357037 197.479843 -1 -1 -1 -1 -1 -1 -1 -1 1 
196 17 Car 0 0 -1 511.703458 178.85304 545.241927 198.609758 -1 -1 -1 -1 -1 -1 -1 -1 1 
196 18 Car 0 2 -1 577.984623 176.708522 600.99851 194.636349 -1 -1 -1 -1 -1 -1 -1 -1 1 
196 19 Car 0 1 -1 533.893006 179.599377 561.895658 196.316414 -1 -1 -1 -1 -1 -1 -1 -1 1 
197 9 Car 0 1 -1 1050.336042 165.383736 1189.055321 200.831143 -1 -1 -1 -1 -1 -1 -1 -1 1 
197 16 Car 0 0 -1 558.888237 178.019559 587.371021 197.478266 -1 -1 -1 -1 -1 -1 -1 -1 1 
197 17 Car 0 1 -1 511.69775 178.85306 545.236648 198.610461 -1 -1 -1 -1 -1 -1 -1 -1 1 
197 18 Car 0 2 -1 577.957026 176.708726 600.971905 194.636948 -1 -1 -1 -1 -1 -1 -1 -1 1 
197 19 Car 0 2 -1 533.875898 179.599534 561.878899 196.316865 -1 -1 -1 -1 -1 -1 -1 -1 1 
198 9 Car 0 1 -1 1043.096411 165.523767 1180.832759 200.887588 -1 -1 -1 -1 -1 -1 -1 -1 1 
198 16 Car 0 0 -1 558.905882 178.018539 587.385004 197.47669 -1 -1 -1 -1 -1 -1 -1 -1 1 
198 17 Car 0 2 -1 511.692042 178.85308 545.231368 198.611165 -1 -1 -1 -1 -1 -1 -1 -1 1 
198 18 Car 0 2 -1 577.929428 176.708931 600.945298 194.637548 -1 -1 -1 -1 -1 -1 -1 -1 1 
198 19 Car 0 2 -1 533.857257 179.599675 561.861492 196.317598 -1 -1 -1 -1 -1 -1 -1 -1 1 
199 9 Car 0 1 -1 1035.887188 165.663155 1172.647935 200.943784 -1 -1 -1 -1 -1 -1 -1 -1 1 
199 16 Car 0 0 -1 558.923527 178.017518 587.398986 197.475113 -1 -1 -1 -1 -1 -1 -1 -1 1 
199 17 Car 0 1 -1 511.686333 178.8531 545.226088 198.611868 -1 -1 -1 -1 -1 -1 -1 -1 1 
199 18 Car 0 2 -1 577.901828 176.709135 600.918691 194.638147 -1 -1 -1 -1 -1 -1 -1 -1 1 
199 19 Car 0 2 -1 533.838614 179.599816 561.844084 196.318331 -1 -1 -1 -1 -1 -1 -1 -1 1 
200 9 Car 0 1 -1 1028.708181 165.801906 1164.500588 200.999733 -1 -1 -1 -1 -1 -1 -1 -1 1 
200 16 Car 0 0 -1 558.94117 178.016498 587.412968 197.473537 -1 -1 -1 -1 -1 -1 -1 -1 1 
200 17 Car 0 0 -1 511.680623 178.853119 545.220808 198.612572 -1 -1 -1 -1 -1 -1 -1 -1 1 
200 18 Car 0 2 -1 577.874227 176.709339 600.892082 194.638747 -1 -1 -1 -1 -1 -1 -1 -1 1 
200 19 Car 0 2 -1 533.81997 179.599957 561.826675 196.319064 -1 -1 -1 -1 -1 -1 -1 -1 1 
201 9 Car 0 1 -1 1021.559202 165.940023 1156.390465 201.055436 -1 -1 -1 -1 -1 -1 -1 -1 1 
201 16 Car 0 0 -1 558.958812 178.015478 587.426949 197.471961 -1 -1 -1 -1 -1 -1 -1 -1 1 
201 17 Car 0 1 -1 511.674914 178.853139 545.215528 198.613276 -1 -1 -1 -1 -1 -1 -1 -1 1 
201 18 Car 0 2 -1 577.846626 176.709544 600.865473 194.639346 -1 -1 -1 -1 -1 -1 -1 -1 1 
201 19 Car 0 2 -1 533.801325 179.600098 561.809265 196.319796 -1 -1 -1 -1 -1 -1 -1 -1 1 
202 9 Car 0 1 -1 1014.440062 166.07751 1148.317309 201.110895 -1 -1 -1 -1 -1 -1 -1 -1 1 
202 16 Car 0 0 -1 558.976454 178.014458 587.440929 197.470384 -1 -1 -1 -1 -1 -1 -1 -1 1 
202 17 Car 0 1 -1 511.669204 178.853159 545.210247 198.613979 -1 -1 -1 -1 -1 -1 -1 -1 1 
202 18 Car 0 2 -1 577.819023 176.709748 600.838862 194.639946 -1 -1 -1 -1 -1 -1 -1 -1 1 
202 19 Car 0 2 -1 533.782678 179.600239 561.791854 196.320529 -1 -1 -1 -1 -1 -1 -1 -1 1 
203 9 Car 0 1 -1 1010.666908 166.060152 1144.105787 201.071028 -1 -1 -1 -1 -1 -1 -1 -1 1 
203 16 Car 0 0 -1 558.994094 178.013438 587.454908 197.468808 -1 -1 -1 -1 -1 -1 -1 -1 1 
203 17 Car 0 1 -1 511.728262 178.851327 545.263319 198.611334 -1 -1 -1 -1 -1 -1 -1 -1 1 
203 18 Car 0 2 -1 577.755145 176.710412 600.776628 194.640673 -1 -1 -1 -1 -1 -1 -1 -1 1 
203 19 Car 0 2 -1 533.718702 179.600888 561.729784 196.321303 -1 -1 -1 -1 -1 -1 -1 -1 1 
204 9 Car 0 1 -1 1006.898216 166.042834 1139.901656 201.031199 -1 -1 -1 -1 -1 -1 -1 -1 1 
204 16 Car 0 0 -1 559.011734 178.012418 587.468886 197.467232 -1 -1 -1 -1 -1 -1 -1 -1 1 
204 17 Car 0 0 -1 511.787316 178.849496 545.316387 198.60869 -1 -1 -1 -1 -1 -1 -1 -1 1 
204 18 Car 0 2 -1 577.691268 176.711076 600.714394 194.641401 -1 -1 -1 -1 -1 -1 -1 -1 1 
204 19 Car 0 2 -1 533.654725 179.601538 561.667713 196.322077 -1 -1 -1 -1 -1 -1 -1 -1 1 
205 9 Car 0 1 -1 1003.133975 166.025557 1135.704901 200.991406 -1 -1 -1 -1 -1 -1 -1 -1 1 
205 16 Car 0 0 -1 559.029372 178.011398 587.482864 197.465656 -1 -1 -1 -1 -1 -1 -1 -1 1 
205 17 Car 0 0 -1 511.846366 178.847664 545.369451 198.606045 -1 -1 -1 -1 -1 -1 -1 -1 1 
205 18 Car 0 2 -1 577.62739 176.71174 600.652159 194.642129 -1 -1 -1 -1 -1 -1 -1 -1 1 
205 19 Car 0 2 -1 533.590748 179.602187 561.605642 196.322851 -1 -1 -1 -1 -1 -1 -1 -1 1 
206 9 Car 0 1 -1 999.374174 166.008321 1131.515503 200.95165 -1 -1 -1 -1 -1 -1 -1 -1 1 
206 16 Car 0 0 -1 559.04701 178.010379 587.496841 197.464081 -1 -1 -1 -1 -1 -1 -1 -1 1 
206 17 Car 0 0 -1 511.905412 178.845833 545.422512 198.603401 -1 -1 -1 -1 -1 -1 -1 -1 1 
206 18 Car 0 2 -1 577.563512 176.712404 600.589924 194.642856 -1 -1 -1 -1 -1 -1 -1 -1 1 
206 19 Car 0 2 -1 533.526769 179.602837 561.54357 196.323625 -1 -1 -1 -1 -1 -1 -1 -1 1 
207 9 Car 0 1 -1 995.618805 165.991124 1127.333448 200.911931 -1 -1 -1 -1 -1 -1 -1 -1 1 
207 16 Car 0 0 -1 559.064646 178.009359 587.510817 197.462505 -1 -1 -1 -1 -1 -1 -1 -1 1 
207 17 Car 0 0 -1 511.964455 178.844001 545.475569 198.600756 -1 -1 -1 -1 -1 -1 -1 -1 1 
207 18 Car 0 2 -1 577.499633 176.713068 600.527689 194.643584 -1 -1 -1 -1 -1 -1 -1 -1 1 
207 19 Car 0 2 -1 533.46279 179.603486 561.481497 196.3244 -1 -1 -1 -1 -1 -1 -1 -1 1 
208 9 Car 0 1 -1 991.867855 165.973968 1123.158716 200.872248 -1 -1 -1 -1 -1 -1 -1 -1 1 
208 16 Car 0 0 -1 559.082282 178.008339 587.524792 197.460929 -1 -1 -1 -1 -1 -1 -1 -1 1 
208 17 Car 0 0 -1 512.023493 178.84217 545.528622 198.598112 -1 -1 -1 -1 -1 -1 -1 -1 1 
208 18 Car 0 2 -1 577.435753 176.713732 600.465453 194.644312 -1 -1 -1 -1 -1 -1 -1 -1 1 
208 19 Car 0 2 -1 533.39881 179.604136 561.419424 196.325174 -1 -1 -1 -1 -1 -1 -1 -1 1 
209 9 Car 0 1 -1 990.162542 166.144889 1121.222041 201.01695 -1 -1 -1 -1 -1 -1 -1 -1 1 
209 16 Car 0 0 -1 559.099916 178.007319 587.538766 197.459354 -1 -1 -1 -1 -1 -1 -1 -1 1 
209 17 Car 0 0 -1 512.082527 178.840339 545.581672 198.595468 -1 -1 -1 -1 -1 -1 -1 -1 1 
209 18 Car 0 2 -1 577.371874 176.714396 600.403217 194.64504 -1 -1 -1 -1 -1 -1 -1 -1 1 
209 19 Car 0 2 -1 533.334829 179.604786 561.35735 196.325948 -1 -1 -1 -1 -1 -1 -1 -1 1 
210 9 Car 0 1 -1 988.459214 166.315526 1119.288182 201.161516 -1 -1 -1 -1 -1 -1 -1 -1 1 
210 16 Car 0 0 -1 559.11755 178.0063 587.55274 197.457778 -1 -1 -1 -1 -1 -1 -1 -1 1 
210 17 Car 0 0 -1 512.141556 178.838508 545.634718 198.592825 -1 -1 -1 -1 -1 -1 -1 -1 1 
210 18 Car 0 2 -1 577.307993 176.71506 600.340981 194.645767 -1 -1 -1 -1 -1 -1 -1 -1 1 
210 19 Car 0 2 -1 533.270847 179.605435 561.295276 196.326722 -1 -1 -1 -1 -1 -1 -1 -1 1 
211 9 Car 0 1 -1 986.757869 166.485878 1117.357136 201.305947 -1 -1 -1 -1 -1 -1 -1 -1 1 
211 16 Car 0 0 -1 559.135182 178.00528 587.566713 197.456203 -1 -1 -1 -1 -1 -1 -1 -1 1 
211 17 Car 0 0 -1 512.200582 178.836677 545.68776 198.590181 -1 -1 -1 -1 -1 -1 -1 -1 1 
211 18 Car 0 2 -1 577.244112 176.715724 600.278745 194.646495 -1 -1 -1 -1 -1 -1 -1 -1 1 
211 19 Car 0 2 -1 533.206865 179.606085 561.233201 196.327496 -1 -1 -1 -1 -1 -1 -1 -1 1 
212 9 Car 0 1 -1 985.058501 166.655947 1115.428895 201.450243 -1 -1 -1 -1 -1 -1 -1 -1 1 
212 16 Car 0 0 -1 559.152814 178.004261 587.580684 197.454627 -1 -1 -1 -1 -1 -1 -1 -1 1 
212 17 Car 0 0 -1 512.259604 178.834847 545.740799 198.587538 -1 -1 -1 -1 -1 -1 -1 -1 1 
212 18 Car 0 2 -1 577.180231 176.716388 600.216508 194.647223 -1 -1 -1 -1 -1 -1 -1 -1 1 
212 19 Car 0 2 -1 533.142881 179.606734 561.171126 196.32827 -1 -1 -1 -1 -1 -1 -1 -1 1 
213 9 Car 0 1 -1 983.361107 166.825733 1113.503456 201.594403 -1 -1 -1 -1 -1 -1 -1 -1 1 
213 16 Car 0 0 -1 559.170445 178.003242 587.594656 197.453052 -1 -1 -1 -1 -1 -1 -1 -1 1 
213 17 Car 0 0 -1 512.318622 178.833016 545.793834 198.584895 -1 -1 -1 -1 -1 -1 -1 -1 1 
213 18 Car 0 2 -1 577.11635 176.717052 600.154271 194.64795 -1 -1 -1 -1 -1 -1 -1 -1 1 
213 19 Car 0 2 -1 533.078897 179.607384 561.10905 196.329044 -1 -1 -1 -1 -1 -1 -1 -1 1 
214 9 Car 0 1 -1 981.665683 166.995238 1111.580813 201.738429 -1 -1 -1 -1 -1 -1 -1 -1 1 
214 16 Car 0 0 -1 559.188074 178.002222 587.608626 197.451477 -1 -1 -1 -1 -1 -1 -1 -1 1 
214 17 Car 0 0 -1 512.377636 178.831186 545.846865 198.582252 -1 -1 -1 -1 -1 -1 -1 -1 1 
214 18 Car 0 2 -1 577.052468 176.717716 600.092033 194.648678 -1 -1 -1 -1 -1 -1 -1 -1 1 
214 19 Car 0 2 -1 533.014912 179.608033 561.046973 196.329818 -1 -1 -1 -1 -1 -1 -1 -1 1 
215 9 Car 0 1 -1 979.972225 167.16446 1109.660959 201.88232 -1 -1 -1 -1 -1 -1 -1 -1 1 
215 16 Car 0 0 -1 559.205703 178.001203 587.622595 197.449902 -1 -1 -1 -1 -1 -1 -1 -1 1 
215 17 Car 0 0 -1 512.436645 178.829355 545.899892 198.579609 -1 -1 -1 -1 -1 -1 -1 -1 1 
215 18 Car 0 2 -1 576.988585 176.71838 600.029796 194.649406 -1 -1 -1 -1 -1 -1 -1 -1 1 
215 19 Car 0 2 -1 532.950926 179.608683 560.984895 196.330592 -1 -1 -1 -1 -1 -1 -1 -1 1 
216 9 Car 0 1 -1 979.862919 167.134009 1109.532106 201.850172 -1 -1 -1 -1 -1 -1 -1 -1 1 
216 16 Car 0 0 -1 559.22333 178.000184 587.636564 197.448327 -1 -1 -1 -1 -1 -1 -1 -1 1 
216 17 Car 0 0 -1 512.495651 178.827525 545.952916 198.576966 -1 -1 -1 -1 -1 -1 -1 -1 1 
216 18 Car 0 2 -1 576.924702 176.719044 599.967558 194.650134 -1 -1 -1 -1 -1 -1 -1 -1 1 
216 19 Car 0 2 -1 532.88694 179.609333 560.922817 196.331367 -1 -1 -1 -1 -1 -1 -1 -1 1 
217 9 Car 0 1 -1 979.75363 167.103563 1109.403273 201.818029 -1 -1 -1 -1 -1 -1 -1 -1 1 
217 16 Car 0 0 -1 559.240957 177.999165 587.650532 197.446752 -1 -1 -1 -1 -1 -1 -1 -1 1 
217 17 Car 0 1 -1 512.554653 178.825695 546.005937 198.574324 -1 -1 -1 -1 -1 -1 -1 -1 1 
217 18 Car 0 2 -1 576.860818 176.719708 599.905319 194.650861 -1 -1 -1 -1 -1 -1 -1 -1 1 
217 19 Car 0 2 -1 532.822953 179.609982 560.860739 196.332141 -1 -1 -1 -1 -1 -1 -1 -1 1 
218 9 Car 0 1 -1 979.644355 167.073122 1109.274461 201.785891 -1 -1 -1 -1 -1 -1 -1 -1 1 
218 16 Car 0 0 -1 559.206236 177.999494 587.704218 197.449311 -1 -1 -1 -1 -1 -1 -1 -1 1 
218 17 Car 0 1 -1 512.516488 178.82597 545.970718 198.575529 -1 -1 -1 -1 -1 -1 -1 -1 1 
218 18 Car 0 2 -1 576.827741 176.719893 599.874161 194.651784 -1 -1 -1 -1 -1 -1 -1 -1 1 
218 19 Car 0 2 -1 532.78817 179.610274 560.82827 196.333143 -1 -1 -1 -1 -1 -1 -1 -1 1 
219 9 Car 0 1 -1 979.535097 167.042686 1109.145668 201.753757 -1 -1 -1 -1 -1 -1 -1 -1 1 
219 16 Car 0 0 -1 559.171557 177.999823 587.757877 197.451868 -1 -1 -1 -1 -1 -1 -1 -1 1 
219 17 Car 0 1 -1 512.47832 178.826244 545.935496 198.576734 -1 -1 -1 -1 -1 -1 -1 -1 1 
219 18 Car 0 2 -1 576.794661 176.720078 599.843001 194.652707 -1 -1 -1 -1 -1 -1 -1 -1 1 
219 19 Car 0 2 -1 532.753385 179.610566 560.795798 196.334145 -1 -1 -1 -1 -1 -1 -1 -1 1 
220 9 Car 0 1 -1 979.425855 167.012254 1109.016896 201.721629 -1 -1 -1 -1 -1 -1 -1 -1 1 
220 16 Car 0 0 -1 559.136921 178.000153 587.811511 197.454423 -1 -1 -1 -1 -1 -1 -1 -1 1 
220 17 Car 0 1 -1 512.440148 178.826519 545.900271 198.577939 -1 -1 -1 -1 -1 -1 -1 -1 1 
220 18 Car 0 2 -1 576.761579 176.720263 599.811838 194.653631 -1 -1 -1 -1 -1 -1 -1 -1 1 
220 19 Car 0 2 -1 532.718597 179.610858 560.763324 196.335148 -1 -1 -1 -1 -1 -1 -1 -1 1 
221 9 Car 0 1 -1 979.316629 166.981828 1108.888145 201.689506 -1 -1 -1 -1 -1 -1 -1 -1 1 
221 16 Car 0 0 -1 559.102328 178.000483 587.865119 197.456976 -1 -1 -1 -1 -1 -1 -1 -1 1 
221 17 Car 0 1 -1 512.401973 178.826793 545.865043 198.579144 -1 -1 -1 -1 -1 -1 -1 -1 1 
221 18 Car 0 2 -1 576.728494 176.720448 599.780673 194.654554 -1 -1 -1 -1 -1 -1 -1 -1 1 
221 19 Car 0 2 -1 532.683806 179.61115 560.730847 196.33615 -1 -1 -1 -1 -1 -1 -1 -1 1 
222 9 Car 0 1 -1 979.207418 166.951406 1108.759414 201.657387 -1 -1 -1 -1 -1 -1 -1 -1 1 
222 16 Car 0 0 -1 559.067777 178.000814 587.9187 197.459528 -1 -1 -1 -1 -1 -1 -1 -1 1 
222 17 Car 0 0 -1 512.363794 178.827068 545.829811 198.580349 -1 -1 -1 -1 -1 -1 -1 -1 1 
222 18 Car 0 2 -1 576.695406 176.720633 599.749505 194.655477 -1 -1 -1 -1 -1 -1 -1 -1 1 
222 19 Car 0 2 -1 532.649012 179.611442 560.698367 196.337152 -1 -1 -1 -1 -1 -1 -1 -1 1 
223 9 Car 0 1 -1 979.098224 166.920989 1108.630703 201.625274 -1 -1 -1 -1 -1 -1 -1 -1 1 
223 16 Car 0 0 -1 559.03327 178.001146 587.972255 197.462077 -1 -1 -1 -1 -1 -1 -1 -1 1 
223 17 Car 0 0 -1 512.325612 178.827343 545.794577 198.581555 -1 -1 -1 -1 -1 -1 -1 -1 1 
223 18 Car 0 2 -1 576.662315 176.720818 599.718335 194.6564 -1 -1 -1 -1 -1 -1 -1 -1 1 
223 19 Car 0 2 -1 532.614215 179.611734 560.665885 196.338155 -1 -1 -1 -1 -1 -1 -1 -1 1 
224 9 Car 0 1 -1 978.989045 166.890576 1108.502012 201.593165 -1 -1 -1 -1 -1 -1 -1 -1 1 
224 16 Car 0 0 -1 558.998806 178.001478 588.025783 197.464625 -1 -1 -1 -1 -1 -1 -1 -1 1 
224 17 Car 0 0 -1 512.287426 178.827617 545.75934 198.58276 -1 -1 -1 -1 -1 -1 -1 -1 1 
224 18 Car 0 2 -1 576.629221 176.721003 599.687163 194.657324 -1 -1 -1 -1 -1 -1 -1 -1 1 
224 19 Car 0 2 -1 532.579416 179.612026 560.633401 196.339158 -1 -1 -1 -1 -1 -1 -1 -1 1 
225 9 Car 0 1 -1 978.879882 166.860169 1108.373342 201.561061 -1 -1 -1 -1 -1 -1 -1 -1 1 
225 16 Car 0 0 -1 558.964386 178.00181 588.079285 197.467171 -1 -1 -1 -1 -1 -1 -1 -1 1 
225 17 Car 0 0 -1 512.249237 178.827892 545.724099 198.583966 -1 -1 -1 -1 -1 -1 -1 -1 1 
225 18 Car 0 2 -1 576.596125 176.721189 599.655988 194.658247 -1 -1 -1 -1 -1 -1 -1 -1 1 
225 19 Car 0 2 -1 532.544613 179.612319 560.600914 196.34016 -1 -1 -1 -1 -1 -1 -1 -1 1 
226 9 Car 0 1 -1 978.770735 166.829766 1108.244692 201.528962 -1 -1 -1 -1 -1 -1 -1 -1 1 
226 16 Car 0 0 -1 558.930009 178.002143 588.132759 197.469715 -1 -1 -1 -1 -1 -1 -1 -1 1 
226 17 Car 0 0 -1 512.211043 178.828167 545.688856 198.585172 -1 -1 -1 -1 -1 -1 -1 -1 1 
226 18 Car 0 2 -1 576.563026 176.721374 599.624811 194.659171 -1 -1 -1 -1 -1 -1 -1 -1 1 
226 19 Car 0 2 -1 532.509808 179.612611 560.568424 196.341163 -1 -1 -1 -1 -1 -1 -1 -1 1 
227 9 Car 0 1 -1 978.661604 166.799368 1108.116062 201.496868 -1 -1 -1 -1 -1 -1 -1 -1 1 
227 16 Car 0 0 -1 558.895676 178.002477 588.186207 197.472257 -1 -1 -1 -1 -1 -1 -1 -1 1 
227 17 Car 0 0 -1 512.172847 178.828441 545.65361 198.586377 -1 -1 -1 -1 -1 -1 -1 -1 1 
227 18 Car 0 2 -1 576.529925 176.721559 599.593631 194.660095 -1 -1 -1 -1 -1 -1 -1 -1 1 
227 19 Car 0 2 -1 532.474999 179.612903 560.535932 196.342166 -1 -1 -1 -1 -1 -1 -1 -1 1 
228 9 Car 0 1 -1 978.552489 166.768975 1107.987453 201.464779 -1 -1 -1 -1 -1 -1 -1 -1 1 
228 16 Car 0 0 -1 558.861387 178.002811 588.239628 197.474797 -1 -1 -1 -1 -1 -1 -1 -1 1 
228 17 Car 0 0 -1 512.134647 178.828716 545.61836 198.587583 -1 -1 -1 -1 -1 -1 -1 -1 1 
228 18 Car 0 2 -1 576.49682 176.721744 599.562449 194.661019 -1 -1 -1 -1 -1 -1 -1 -1 1 
228 19 Car 0 2 -1 532.440188 179.613195 560.503437 196.343169 -1 -1 -1 -1 -1 -1 -1 -1 1 
229 9 Car 0 1 -1 978.443389 166.738586 1107.858864 201.432695 -1 -1 -1 -1 -1 -1 -1 -1 1 
229 16 Car 0 0 -1 558.827142 178.003145 588.293021 197.477336 -1 -1 -1 -1 -1 -1 -1 -1 1 
229 17 Car 0 0 -1 512.096443 178.828991 545.583107 198.588789 -1 -1 -1 -1 -1 -1 -1 -1 1 
229 18 Car 0 2 -1 576.463713 176.721929 599.531265 194.661942 -1 -1 -1 -1 -1 -1 -1 -1 1 
229 19 Car 0 2 -1 532.405373 179.613487 560.47094 196.344172 -1 -1 -1 -1 -1 -1 -1 -1 1 
230 9 Car 0 1 -1 978.334306 166.708203 1107.730295 201.400616 -1 -1 -1 -1 -1 -1 -1 -1 1 
230 16 Car 0 0 -1 558.792942 178.00348 588.346388 197.479872 -1 -1 -1 -1 -1 -1 -1 -1 1 
230 17 Car 0 0 -1 512.058236 178.829266 545.547852 198.589996 -1 -1 -1 -1 -1 -1 -1 -1 1 
230 18 Car 0 2 -1 576.430604 176.722115 599.500078 194.662866 -1 -1 -1 -1 -1 -1 -1 -1 1 
230 19 Car 0 1 -1 532.370556 179.61378 560.43844 196.345175 -1 -1 -1 -1 -1 -1 -1 -1 1 
231 9 Car 0 1 -1 978.225238 166.677824 1107.601746 201.368542 -1 -1 -1 -1 -1 -1 -1 -1 1 
231 16 Car 0 0 -1 558.758786 178.003816 588.399726 197.482407 -1 -1 -1 -1 -1 -1 -1 -1 1 
231 17 Car 0 0 -1 512.020025 178.829541 545.512593 198.591202 -1 -1 -1 -1 -1 -1 -1 -1 1 
231 18 Car 0 2 -1 576.397491 176.7223 599.468888 194.66379 -1 -1 -1 -1 -1 -1 -1 -1 1 
231 19 Car 0 2 -1 532.335736 179.614072 560.405938 196.346179 -1 -1 -1 -1 -1 -1 -1 -1 1 
232 9 Car 0 1 -1 978.116186 166.64745 1107.473218 201.336472 -1 -1 -1 -1 -1 -1 -1 -1 1 
232 16 Car 0 0 -1 558.724674 178.004152 588.453037 197.48494 -1 -1 -1 -1 -1 -1 -1 -1 1 
232 17 Car 0 0 -1 511.98181 178.829815 545.477331 198.592408 -1 -1 -1 -1 -1 -1 -1 -1 1 
232 18 Car 0 2 -1 576.364376 176.722485 599.437697 194.664714 -1 -1 -1 -1 -1 -1 -1 -1 1 
232 19 Car 0 2 -1 532.300913 179.614364 560.373433 196.347182 -1 -1 -1 -1 -1 -1 -1 -1 1 
