0 0 Car 1 0 -1 894.768323 190.650299 1241.0 374.0 -1 -1 -1 -1 -1 -1 -1 -1 1 
0 2 Car 0 0 -1 292.437316 176.913677 331.777285 197.46697 -1 -1 -1 -1 -1 -1 -1 -1 1 
1 0 Car 1 0 -1 880.106634 190.173318 1241.0 374.0 -1 -1 -1 -1 -1 -1 -1 -1 1 
1 2 Car 0 0 -1 285.843327 175.734031 326.595526 196.783746 -1 -1 -1 -1 -1 -1 -1 -1 1 
2 0 Car 1 0 -1 866.581546 189.734306 1241.0 374.0 -1 -1 -1 -1 -1 -1 -1 -1 1 
2 2 Car 0 0 -1 278.933162 176.461573 321.186012 198.036447 -1 -1 -1 -1 -1 -1 -1 -1 1 
3 0 Car 1 0 -1 854.066047 189.328905 1241.0 374.0 -1 -1 -1 -1 -1 -1 -1 -1 1 
3 2 Car 0 0 -1 271.670578 177.22624 315.520329 199.353063 -1 -1 -1 -1 -1 -1 -1 -1 1 
4 0 Car 0 0 -1 842.451378 188.953397 1241.0 374.0 -1 -1 -1 -1 -1 -1 -1 -1 1 
4 2 Car 0 0 -1 264.027908 178.030947 309.57984 200.738615 -1 -1 -1 -1 -1 -1 -1 -1 1 
5 0 Car 0 0 -1 831.643863 188.604595 1241.0 374.0 -1 -1 -1 -1 -1 -1 -1 -1 1 
5 2 Car 0 0 -1 255.97451 178.878923 303.344058 202.19866 -1 -1 -1 -1 -1 -1 -1 -1 1 
6 0 Car 0 0 -1 821.333837 187.337916 1241.0 374.0 -1 -1 -1 -1 -1 -1 -1 -1 1 
6 2 Car 0 0 -1 246.346775 179.705091 295.689001 203.661121 -1 -1 -1 -1 -1 -1 -1 -1 1 
6 3 Car 0 1 -1 276.432623 179.030816 319.963003 199.372952 -1 -1 -1 -1 -1 -1 -1 -1 1 
7 0 Car 0 0 -1 811.756294 186.753052 1230.610208 374.0 -1 -1 -1 -1 -1 -1 -1 -1 1 
7 2 Car 0 0 -1 236.180418 180.577446 287.639985 205.205428 -1 -1 -1 -1 -1 -1 -1 -1 1 
7 3 Car 0 2 -1 268.118532 180.809344 313.319919 201.691683 -1 -1 -1 -1 -1 -1 -1 -1 1 
8 0 Car 0 0 -1 802.878261 189.891797 1190.147643 374.0 -1 -1 -1 -1 -1 -1 -1 -1 1 
8 2 Car 0 0 -1 225.901754 179.255363 279.596515 204.588404 -1 -1 -1 -1 -1 -1 -1 -1 1 
8 3 Car 0 2 -1 259.511322 179.65251 306.484713 201.070939 -1 -1 -1 -1 -1 -1 -1 -1 1 
9 0 Car 0 0 -1 794.48387 185.445058 1154.319055 374.0 -1 -1 -1 -1 -1 -1 -1 -1 1 
9 2 Car 0 1 -1 215.015309 177.855164 271.117588 203.93488 -1 -1 -1 -1 -1 -1 -1 -1 1 
9 3 Car 0 2 -1 250.437366 178.418814 299.306604 200.416521 -1 -1 -1 -1 -1 -1 -1 -1 1 
10 0 Car 0 0 -1 788.209778 185.668133 1131.214288 369.712004 -1 -1 -1 -1 -1 -1 -1 -1 1 
10 2 Car 0 2 -1 203.465534 176.369717 262.166859 203.241519 -1 -1 -1 -1 -1 -1 -1 -1 1 
10 3 Car 0 2 -1 240.857641 177.116362 291.759123 199.725613 -1 -1 -1 -1 -1 -1 -1 -1 1 
11 0 Car 0 0 -1 782.252432 183.442241 1098.272028 353.478189 -1 -1 -1 -1 -1 -1 -1 -1 1 
11 2 Car 0 2 -1 192.891357 177.627758 254.344016 205.332699 -1 -1 -1 -1 -1 -1 -1 -1 1 
11 3 Car 0 2 -1 230.728648 175.739243 283.813008 198.995077 -1 -1 -1 -1 -1 -1 -1 -1 1 
12 0 Car 0 0 -1 778.103109 183.280152 1076.606969 345.13395 -1 -1 -1 -1 -1 -1 -1 -1 1 
12 2 Car 0 1 -1 181.643434 178.966173 246.066814 207.557218 -1 -1 -1 -1 -1 -1 -1 -1 1 
12 3 Car 0 1 -1 222.158522 177.228977 277.446773 201.135395 -1 -1 -1 -1 -1 -1 -1 -1 1 
13 0 Car 0 0 -1 774.175909 182.388094 1056.868653 336.337349 -1 -1 -1 -1 -1 -1 -1 -1 1 
13 2 Car 0 0 -1 169.65524 180.392916 237.294494 209.928249 -1 -1 -1 -1 -1 -1 -1 -1 1 
13 3 Car 0 1 -1 213.097505 178.804366 270.744674 203.398413 -1 -1 -1 -1 -1 -1 -1 -1 1 
14 0 Car 0 0 -1 770.452133 180.770478 1038.807942 327.059544 -1 -1 -1 -1 -1 -1 -1 -1 1 
14 2 Car 0 0 -1 156.851198 181.790196 227.981275 212.460756 -1 -1 -1 -1 -1 -1 -1 -1 1 
14 3 Car 0 1 -1 203.502164 180.473014 263.679422 205.79499 -1 -1 -1 -1 -1 -1 -1 -1 1 
15 0 Car 0 0 -1 766.996705 184.755332 1022.380647 327.287381 -1 -1 -1 -1 -1 -1 -1 -1 1 
15 2 Car 0 0 -1 143.145073 183.252455 218.075549 215.171816 -1 -1 -1 -1 -1 -1 -1 -1 1 
15 3 Car 0 1 -1 193.323787 182.092349 256.220693 208.337308 -1 -1 -1 -1 -1 -1 -1 -1 1 
16 0 Car 0 0 -1 762.1666 184.018914 1004.048751 320.00188 -1 -1 -1 -1 -1 -1 -1 -1 1 
16 2 Car 0 0 -1 127.899877 183.340381 207.128768 216.410977 -1 -1 -1 -1 -1 -1 -1 -1 1 
16 3 Car 0 1 -1 182.507553 183.797888 248.334686 211.039075 -1 -1 -1 -1 -1 -1 -1 -1 1 
17 0 Car 0 0 -1 757.598223 183.322205 987.219927 313.318193 -1 -1 -1 -1 -1 -1 -1 -1 1 
17 2 Car 0 0 -1 111.530595 183.43415 195.454292 217.741592 -1 -1 -1 -1 -1 -1 -1 -1 1 
17 3 Car 0 1 -1 174.13847 183.745482 242.723974 211.843824 -1 -1 -1 -1 -1 -1 -1 -1 1 
18 0 Car 0 0 -1 753.270861 182.662079 971.716594 307.164709 -1 -1 -1 -1 -1 -1 -1 -1 1 
18 2 Car 0 0 -1 93.908079 183.534365 182.977115 219.174174 -1 -1 -1 -1 -1 -1 -1 -1 1 
18 3 Car 0 1 -1 160.144694 183.88017 232.223628 212.935396 -1 -1 -1 -1 -1 -1 -1 -1 1 
19 0 Car 0 0 -1 749.165932 182.035727 957.388089 301.480746 -1 -1 -1 -1 -1 -1 -1 -1 1 
19 2 Car 0 0 -1 74.882615 183.641712 169.611564 220.72091 -1 -1 -1 -1 -1 -1 -1 -1 1 
19 3 Car 0 1 -1 145.181023 184.023285 221.066052 214.102658 -1 -1 -1 -1 -1 -1 -1 -1 1 
20 0 Car 0 0 -1 745.266716 181.440622 944.105744 296.214541 -1 -1 -1 -1 -1 -1 -1 -1 1 
20 2 Car 0 0 -1 54.279643 183.75698 155.259315 222.396012 -1 -1 -1 -1 -1 -1 -1 -1 1 
20 3 Car 0 1 -1 129.142998 184.175644 209.18755 215.353766 -1 -1 -1 -1 -1 -1 -1 -1 1 
21 0 Car 0 0 -1 740.419976 181.936285 930.040288 292.498576 -1 -1 -1 -1 -1 -1 -1 -1 1 
21 2 Car 0 0 -1 31.614639 183.873678 139.181694 224.153299 -1 -1 -1 -1 -1 -1 -1 -1 1 
21 3 Car 0 1 -1 111.910604 184.338171 196.515921 216.698091 -1 -1 -1 -1 -1 -1 -1 -1 1 
22 0 Car 0 0 -1 735.824881 182.406141 917.021897 289.058732 -1 -1 -1 -1 -1 -1 -1 -1 1 
22 1 Car 2 0 -1 1192.179611 167.565265 1241.0 374.0 -1 -1 -1 -1 -1 -1 -1 -1 1 
22 2 Car 0 0 -1 3.687565 184.018944 119.442866 226.275202 -1 -1 -1 -1 -1 -1 -1 -1 1 
22 3 Car 0 1 -1 92.303094 186.719837 182.035971 220.644767 -1 -1 -1 -1 -1 -1 -1 -1 1 
23 0 Car 0 0 -1 731.46234 182.852153 904.937823 285.865333 -1 -1 -1 -1 -1 -1 -1 -1 1 
23 1 Car 1 0 -1 1147.132426 165.750009 1241.0 374.0 -1 -1 -1 -1 -1 -1 -1 -1 1 
23 2 Car 0 0 -1 0.0 184.162121 100.028218 228.131557 -1 -1 -1 -1 -1 -1 -1 -1 1 
23 3 Car 0 2 -1 71.863905 185.823194 167.183955 221.018626 -1 -1 -1 -1 -1 -1 -1 -1 1 
24 0 Car 0 0 -1 727.315147 183.276094 893.690943 282.892808 -1 -1 -1 -1 -1 -1 -1 -1 1 
24 1 Car 1 0 -1 1108.345956 163.931183 1241.0 374.0 -1 -1 -1 -1 -1 -1 -1 -1 1 
24 2 Car 0 0 -1 0.0 184.343243 75.798369 229.562243 -1 -1 -1 -1 -1 -1 -1 -1 1 
24 3 Car 0 2 -1 49.68563 184.859165 151.215252 221.424312 -1 -1 -1 -1 -1 -1 -1 -1 1 
25 0 Car 0 0 -1 723.367754 183.679563 883.197145 280.119007 -1 -1 -1 -1 -1 -1 -1 -1 1 
25 1 Car 1 0 -1 1074.59982 162.108327 1241.0 374.0 -1 -1 -1 -1 -1 -1 -1 -1 1 
25 2 Car 2 3 -1 0.0 184.527133 51.311306 229.507264 -1 -1 -1 -1 -1 -1 -1 -1 1 
25 3 Car 0 2 -1 25.536449 183.819859 133.999001 221.866068 -1 -1 -1 -1 -1 -1 -1 -1 1 
26 0 Car 0 0 -1 719.523371 184.223991 872.601668 277.534834 -1 -1 -1 -1 -1 -1 -1 -1 1 
26 1 Car 1 0 -1 1044.971485 160.280979 1241.0 374.0 -1 -1 -1 -1 -1 -1 -1 -1 1 
26 3 Car 0 1 -1 0.0 182.6961 115.383064 222.340425 -1 -1 -1 -1 -1 -1 -1 -1 1 
27 0 Car 0 0 -1 714.011516 184.733611 860.225031 275.128044 -1 -1 -1 -1 -1 -1 -1 -1 1 
27 1 Car 1 0 -1 1018.750578 158.448671 1241.0 374.0 -1 -1 -1 -1 -1 -1 -1 -1 1 
27 3 Car 0 1 -1 0.0 184.320965 93.002039 225.858209 -1 -1 -1 -1 -1 -1 -1 -1 1 
28 0 Car 0 0 -1 709.668553 185.222968 849.846339 272.874114 -1 -1 -1 -1 -1 -1 -1 -1 1 
28 1 Car 1 0 -1 995.857237 156.209442 1241.0 374.0 -1 -1 -1 -1 -1 -1 -1 -1 1 
28 3 Car 1 1 -1 0.0 186.093163 68.590501 228.5384 -1 -1 -1 -1 -1 -1 -1 -1 1 
29 0 Car 0 0 -1 705.528183 185.689551 840.113948 270.761085 -1 -1 -1 -1 -1 -1 -1 -1 1 
29 1 Car 1 0 -1 975.455942 161.120125 1241.0 374.0 -1 -1 -1 -1 -1 -1 -1 -1 1 
29 3 Car 2 1 -1 0.0 188.033685 41.858999 230.235718 -1 -1 -1 -1 -1 -1 -1 -1 1 
30 0 Car 0 0 -1 701.576554 186.134913 830.969308 268.776144 -1 -1 -1 -1 -1 -1 -1 -1 1 
30 1 Car 1 0 -1 957.061864 161.052075 1241.0 374.0 -1 -1 -1 -1 -1 -1 -1 -1 1 
31 0 Car 0 0 -1 694.462966 185.385887 819.135672 265.343608 -1 -1 -1 -1 -1 -1 -1 -1 1 
31 1 Car 1 0 -1 933.234272 160.673035 1241.0 374.0 -1 -1 -1 -1 -1 -1 -1 -1 1 
32 0 Car 0 0 -1 687.659741 184.670027 807.986216 262.10635 -1 -1 -1 -1 -1 -1 -1 -1 1 
32 1 Car 1 0 -1 911.388639 157.060449 1241.0 374.0 -1 -1 -1 -1 -1 -1 -1 -1 1 
33 0 Car 0 0 -1 681.147048 183.985168 797.463174 259.04818 -1 -1 -1 -1 -1 -1 -1 -1 1 
33 1 Car 1 0 -1 891.343417 158.330892 1241.0 374.0 -1 -1 -1 -1 -1 -1 -1 -1 1 
34 0 Car 0 0 -1 674.906712 183.329333 787.515106 256.154651 -1 -1 -1 -1 -1 -1 -1 -1 1 
34 1 Car 1 0 -1 872.801729 153.093748 1241.0 374.0 -1 -1 -1 -1 -1 -1 -1 -1 1 
35 0 Car 0 0 -1 668.922047 182.700706 778.096049 253.412827 -1 -1 -1 -1 -1 -1 -1 -1 1 
35 1 Car 0 0 -1 855.702671 155.547144 1241.0 374.0 -1 -1 -1 -1 -1 -1 -1 -1 1 
36 0 Car 0 0 -1 661.651564 182.575792 765.709191 251.174481 -1 -1 -1 -1 -1 -1 -1 -1 1 
36 1 Car 0 0 -1 834.788385 156.408246 1241.0 374.0 -1 -1 -1 -1 -1 -1 -1 -1 1 
37 0 Car 0 0 -1 654.708091 182.456459 754.023612 249.063919 -1 -1 -1 -1 -1 -1 -1 -1 1 
37 1 Car 0 0 -1 815.352279 157.158913 1241.0 374.0 -1 -1 -1 -1 -1 -1 -1 -1 1 
38 0 Car 0 0 -1 648.070049 182.342343 742.981397 247.070502 -1 -1 -1 -1 -1 -1 -1 -1 1 
38 1 Car 0 0 -1 797.24301 158.030293 1219.692891 374.0 -1 -1 -1 -1 -1 -1 -1 -1 1 
39 0 Car 0 0 -1 641.71772 182.233107 732.530839 245.18474 -1 -1 -1 -1 -1 -1 -1 -1 1 
39 1 Car 0 0 -1 780.329218 159.028919 1169.740749 374.0 -1 -1 -1 -1 -1 -1 -1 -1 1 
40 0 Car 0 0 -1 635.633046 182.128445 722.625625 243.398142 -1 -1 -1 -1 -1 -1 -1 -1 1 
40 1 Car 0 0 -1 764.496324 159.922862 1124.937842 374.0 -1 -1 -1 -1 -1 -1 -1 -1 1 
41 0 Car 0 0 -1 628.509286 182.543979 712.500492 242.394715 -1 -1 -1 -1 -1 -1 -1 -1 1 
41 1 Car 0 0 -1 748.347959 161.414736 1078.231726 365.685579 -1 -1 -1 -1 -1 -1 -1 -1 1 
42 0 Car 0 0 -1 621.663131 182.943195 702.867142 241.439485 -1 -1 -1 -1 -1 -1 -1 -1 1 
42 1 Car 0 0 -1 733.361784 162.741103 1036.721081 355.374997 -1 -1 -1 -1 -1 -1 -1 -1 1 
43 0 Car 0 0 -1 615.078674 183.327039 693.690576 240.529056 -1 -1 -1 -1 -1 -1 -1 -1 1 
43 1 Car 0 0 -1 719.416692 163.928058 999.584681 346.179517 -1 -1 -1 -1 -1 -1 -1 -1 1 
44 0 Car 0 0 -1 608.7412 183.696387 684.93904 239.660343 -1 -1 -1 -1 -1 -1 -1 -1 1 
44 1 Car 0 0 -1 706.407842 164.996483 966.165728 337.927521 -1 -1 -1 -1 -1 -1 -1 -1 1 
45 0 Car 0 0 -1 602.63708 184.052046 676.583653 238.830539 -1 -1 -1 -1 -1 -1 -1 -1 1 
45 1 Car 0 0 -1 694.24401 165.963289 935.932633 330.480888 -1 -1 -1 -1 -1 -1 -1 -1 1 
46 0 Car 0 0 -1 596.89594 184.432084 668.917005 238.204305 -1 -1 -1 -1 -1 -1 -1 -1 1 
46 1 Car 0 0 -1 682.188689 166.826486 908.41155 323.978835 -1 -1 -1 -1 -1 -1 -1 -1 1 
47 0 Car 0 0 -1 591.338422 184.799882 661.549967 237.602221 -1 -1 -1 -1 -1 -1 -1 -1 1 
47 1 Car 0 0 -1 670.841498 167.616622 883.224638 318.034945 -1 -1 -1 -1 -1 -1 -1 -1 1 
48 0 Car 0 0 -1 585.955864 185.156024 654.465299 237.022913 -1 -1 -1 -1 -1 -1 -1 -1 1 
48 1 Car 0 0 -1 660.14183 168.342596 860.087004 312.5803 -1 -1 -1 -1 -1 -1 -1 -1 1 
49 0 Car 0 0 -1 581.710268 183.332945 648.786503 233.824247 -1 -1 -1 -1 -1 -1 -1 -1 1 
49 1 Car 0 0 -1 650.035806 169.011918 838.758312 307.556885 -1 -1 -1 -1 -1 -1 -1 -1 1 
50 0 Car 0 0 -1 577.596028 181.566621 643.319738 230.744288 -1 -1 -1 -1 -1 -1 -1 -1 1 
50 1 Car 0 0 -1 640.47536 169.630971 819.034386 302.915504 -1 -1 -1 -1 -1 -1 -1 -1 1 
51 0 Car 0 1 -1 573.828761 180.379757 637.682119 228.627169 -1 -1 -1 -1 -1 -1 -1 -1 1 
51 1 Car 0 0 -1 632.767098 169.952115 801.57618 297.94628 -1 -1 -1 -1 -1 -1 -1 -1 1 
52 0 Car 0 1 -1 570.173894 179.207556 632.243063 226.585324 -1 -1 -1 -1 -1 -1 -1 -1 1 
52 1 Car 0 0 -1 625.487312 170.24922 785.42706 293.356968 -1 -1 -1 -1 -1 -1 -1 -1 1 
53 0 Car 0 1 -1 566.626469 178.075901 626.992261 224.614809 -1 -1 -1 -1 -1 -1 -1 -1 1 
53 1 Car 0 0 -1 618.601242 170.524887 770.445104 289.105604 -1 -1 -1 -1 -1 -1 -1 -1 1 
54 0 Car 0 1 -1 563.39554 180.447067 622.171684 226.210781 -1 -1 -1 -1 -1 -1 -1 -1 1 
54 1 Car 0 0 -1 612.077788 170.781357 756.508196 285.156184 -1 -1 -1 -1 -1 -1 -1 -1 1 
55 0 Car 0 1 -1 560.256825 182.538656 617.51228 227.752911 -1 -1 -1 -1 -1 -1 -1 -1 1 
55 1 Car 0 0 -1 605.889043 171.020566 743.510674 281.477645 -1 -1 -1 -1 -1 -1 -1 -1 1 
55 4 Car 0 0 -1 244.309392 181.670045 285.508367 201.034387 -1 -1 -1 -1 -1 -1 -1 -1 1 
56 0 Car 0 1 -1 557.881263 182.806751 613.312206 227.349763 -1 -1 -1 -1 -1 -1 -1 -1 1 
56 1 Car 0 0 -1 601.733066 171.499931 733.285629 278.03904 -1 -1 -1 -1 -1 -1 -1 -1 1 
56 4 Car 0 0 -1 239.589583 182.120653 282.009512 201.889701 -1 -1 -1 -1 -1 -1 -1 -1 1 
57 0 Car 0 1 -1 555.570418 183.067766 609.241213 226.959299 -1 -1 -1 -1 -1 -1 -1 -1 1 
57 1 Car 0 0 -1 597.79431 171.946959 723.751335 274.836531 -1 -1 -1 -1 -1 -1 -1 -1 1 
57 4 Car 0 0 -1 234.688269 182.587329 278.385693 202.777946 -1 -1 -1 -1 -1 -1 -1 -1 1 
58 0 Car 0 1 -1 554.118397 182.552159 606.211052 225.662739 -1 -1 -1 -1 -1 -1 -1 -1 1 
58 1 Car 0 0 -1 594.056178 172.364815 714.840083 271.84661 -1 -1 -1 -1 -1 -1 -1 -1 1 
58 4 Car 0 0 -1 229.493677 182.223534 274.536883 202.781294 -1 -1 -1 -1 -1 -1 -1 -1 1 
59 0 Car 0 1 -1 552.7055 182.049998 603.272261 224.406394 -1 -1 -1 -1 -1 -1 -1 -1 1 
59 1 Car 0 0 -1 590.503725 172.756266 706.492735 269.048789 -1 -1 -1 -1 -1 -1 -1 -1 1 
59 4 Car 0 0 -1 224.09132 181.846289 270.545538 202.784766 -1 -1 -1 -1 -1 -1 -1 -1 1 
60 0 Car 0 1 -1 551.330172 181.560763 600.420763 223.188424 -1 -1 -1 -1 -1 -1 -1 -1 1 
60 1 Car 0 0 -1 587.123449 173.123737 698.657407 266.42513 -1 -1 -1 -1 -1 -1 -1 -1 1 
60 4 Car 0 0 -1 218.468472 181.454835 266.403595 202.788371 -1 -1 -1 -1 -1 -1 -1 -1 1 
61 0 Car 0 1 -1 551.970692 179.909332 603.272105 223.511486 -1 -1 -1 -1 -1 -1 -1 -1 1 
61 1 Car 0 0 -1 583.112772 173.707055 690.651182 264.506884 -1 -1 -1 -1 -1 -1 -1 -1 1 
61 4 Car 0 0 -1 212.724192 180.709009 262.21258 202.473968 -1 -1 -1 -1 -1 -1 -1 -1 1 
62 0 Car 0 1 -1 550.192624 180.956094 600.002761 223.782267 -1 -1 -1 -1 -1 -1 -1 -1 1 
62 1 Car 0 0 -1 579.267676 174.260263 683.058743 262.689173 -1 -1 -1 -1 -1 -1 -1 -1 1 
62 4 Car 0 0 -1 206.72412 179.898168 257.849963 202.145546 -1 -1 -1 -1 -1 -1 -1 -1 1 
63 0 Car 0 1 -1 548.468459 181.856822 596.847058 224.04346 -1 -1 -1 -1 -1 -1 -1 -1 1 
63 1 Car 0 0 -1 575.578116 174.785634 675.848819 260.964295 -1 -1 -1 -1 -1 -1 -1 -1 1 
63 4 Car 0 0 -1 198.634296 179.67361 251.65507 202.43241 -1 -1 -1 -1 -1 -1 -1 -1 1 
64 0 Car 0 1 -1 546.795786 182.6927 593.799171 224.295563 -1 -1 -1 -1 -1 -1 -1 -1 1 
64 1 Car 0 0 -1 572.034841 175.285216 668.993215 259.325316 -1 -1 -1 -1 -1 -1 -1 -1 1 
64 4 Car 0 0 -1 190.297167 179.940798 245.314631 203.236578 -1 -1 -1 -1 -1 -1 -1 -1 1 
64 5 Car 0 3 -1 360.56207 169.402958 387.449418 193.791589 -1 -1 -1 -1 -1 -1 -1 -1 1 
65 0 Car 0 2 -1 545.172334 183.504366 590.853663 224.539041 -1 -1 -1 -1 -1 -1 -1 -1 1 
65 1 Car 0 0 -1 568.629321 175.760865 662.466437 257.765975 -1 -1 -1 -1 -1 -1 -1 -1 1 
65 4 Car 0 0 -1 181.299602 182.514424 238.462879 206.526352 -1 -1 -1 -1 -1 -1 -1 -1 1 
65 5 Car 0 3 -1 355.450028 170.02404 383.609084 195.240606 -1 -1 -1 -1 -1 -1 -1 -1 1 
66 0 Car 0 2 -1 545.423518 184.000227 589.145203 224.120248 -1 -1 -1 -1 -1 -1 -1 -1 1 
66 1 Car 0 0 -1 566.119817 179.031009 657.320542 259.255939 -1 -1 -1 -1 -1 -1 -1 -1 1 
66 4 Car 0 0 -1 172.32526 185.5429 231.732006 210.467799 -1 -1 -1 -1 -1 -1 -1 -1 1 
66 5 Car 0 3 -1 349.821776 174.032076 379.372303 200.146121 -1 -1 -1 -1 -1 -1 -1 -1 1 
67 0 Car 0 2 -1 545.37927 184.475977 587.51509 223.721276 -1 -1 -1 -1 -1 -1 -1 -1 1 
67 1 Car 0 0 -1 563.698535 181.987766 652.396017 260.681009 -1 -1 -1 -1 -1 -1 -1 -1 1 
67 4 Car 0 0 -1 162.460202 187.917062 224.299427 213.734375 -1 -1 -1 -1 -1 -1 -1 -1 1 
67 5 Car 0 3 -1 344.379967 176.046588 375.399337 203.114137 -1 -1 -1 -1 -1 -1 -1 -1 1 
68 0 Car 0 2 -1 544.784453 184.932822 585.958004 223.34074 -1 -1 -1 -1 -1 -1 -1 -1 1 
68 1 Car 0 0 -1 561.047259 178.262196 647.292112 255.053174 -1 -1 -1 -1 -1 -1 -1 -1 1 
68 4 Car 0 0 -1 152.70089 184.708052 217.068869 210.864724 -1 -1 -1 -1 -1 -1 -1 -1 1 
68 5 Car 0 3 -1 337.708927 172.067898 370.388902 200.143119 -1 -1 -1 -1 -1 -1 -1 -1 1 
69 0 Car 0 2 -1 544.169224 180.968731 584.417466 217.892592 -1 -1 -1 -1 -1 -1 -1 -1 1 
69 1 Car 0 0 -1 558.486236 174.524754 642.399207 249.660779 -1 -1 -1 -1 -1 -1 -1 -1 1 
69 4 Car 0 0 -1 142.413391 181.342031 209.484284 207.839653 -1 -1 -1 -1 -1 -1 -1 -1 1 
69 5 Car 0 3 -1 330.516122 167.778374 365.015583 196.939596 -1 -1 -1 -1 -1 -1 -1 -1 1 
70 0 Car 0 2 -1 543.892933 181.33007 583.555435 217.768396 -1 -1 -1 -1 -1 -1 -1 -1 1 
70 1 Car 0 0 -1 556.010936 170.938535 637.704485 244.489353 -1 -1 -1 -1 -1 -1 -1 -1 1 
70 4 Car 0 0 -1 131.330043 179.22217 201.320888 206.408281 -1 -1 -1 -1 -1 -1 -1 -1 1 
70 5 Car 0 3 -1 323.197868 163.388733 359.646439 193.675928 -1 -1 -1 -1 -1 -1 -1 -1 1 
71 0 Car 0 2 -1 543.625128 181.682385 582.717554 217.647755 -1 -1 -1 -1 -1 -1 -1 -1 1 
71 1 Car 0 0 -1 554.698028 172.180288 634.638464 244.396779 -1 -1 -1 -1 -1 -1 -1 -1 1 
71 4 Car 0 1 -1 120.07661 179.413865 193.207856 207.378239 -1 -1 -1 -1 -1 -1 -1 -1 1 
71 5 Car 0 3 -1 315.197105 163.925682 353.797806 195.449293 -1 -1 -1 -1 -1 -1 -1 -1 1 
72 0 Car 0 2 -1 543.36545 182.026012 581.902813 217.530515 -1 -1 -1 -1 -1 -1 -1 -1 1 
72 1 Car 0 0 -1 553.424032 173.377826 631.681723 244.307542 -1 -1 -1 -1 -1 -1 -1 -1 1 
72 4 Car 0 1 -1 108.161273 179.616862 184.665913 208.405288 -1 -1 -1 -1 -1 -1 -1 -1 1 
72 5 Car 0 3 -1 306.517553 164.508168 347.493653 197.373211 -1 -1 -1 -1 -1 -1 -1 -1 1 
73 0 Car 0 2 -1 543.395206 182.160014 581.531093 217.314515 -1 -1 -1 -1 -1 -1 -1 -1 1 
73 1 Car 0 0 -1 552.187243 174.53347 628.828523 244.221464 -1 -1 -1 -1 -1 -1 -1 -1 1 
73 4 Car 0 1 -1 95.523854 179.832191 175.660136 209.494621 -1 -1 -1 -1 -1 -1 -1 -1 1 
73 5 Car 0 3 -1 297.068991 165.14224 340.678618 199.467702 -1 -1 -1 -1 -1 -1 -1 -1 1 
74 0 Car 0 2 -1 543.424533 182.291615 581.166781 217.102976 -1 -1 -1 -1 -1 -1 -1 -1 1 
74 1 Car 0 0 -1 550.986054 175.64938 626.073518 244.138381 -1 -1 -1 -1 -1 -1 -1 -1 1 
74 4 Car 0 0 -1 81.756866 181.293558 165.853115 211.945977 -1 -1 -1 -1 -1 -1 -1 -1 1 
74 5 Car 0 3 -1 286.744467 165.835064 333.287986 201.756503 -1 -1 -1 -1 -1 -1 -1 -1 1 
75 0 Car 0 2 -1 543.453446 182.420881 580.809654 216.89576 -1 -1 -1 -1 -1 -1 -1 -1 1 
75 1 Car 0 0 -1 549.818951 176.72757 623.411724 244.058139 -1 -1 -1 -1 -1 -1 -1 -1 1 
75 4 Car 0 0 -1 67.799348 178.888498 156.092312 210.463126 -1 -1 -1 -1 -1 -1 -1 -1 1 
75 5 Car 0 3 -1 275.936982 164.82657 325.77292 202.461649 -1 -1 -1 -1 -1 -1 -1 -1 1 
76 1 Car 0 0 -1 550.200788 176.587887 622.018189 242.943635 -1 -1 -1 -1 -1 -1 -1 -1 1 
76 4 Car 0 0 -1 53.403463 178.699782 146.181489 211.290166 -1 -1 -1 -1 -1 -1 -1 -1 1 
76 5 Car 0 3 -1 264.047127 163.717005 317.57714 203.237465 -1 -1 -1 -1 -1 -1 -1 -1 1 
77 1 Car 0 0 -1 550.574448 176.452032 620.66121 241.860747 -1 -1 -1 -1 -1 -1 -1 -1 1 
77 4 Car 0 0 -1 38.051848 178.498478 135.68758 212.172153 -1 -1 -1 -1 -1 -1 -1 -1 1 
77 5 Car 0 3 -1 250.903687 162.490375 308.603807 204.095137 -1 -1 -1 -1 -1 -1 -1 -1 1 
78 1 Car 0 0 -1 550.940211 176.319852 619.339337 240.808151 -1 -1 -1 -1 -1 -1 -1 -1 1 
78 4 Car 0 0 -1 21.64602 178.283285 124.557599 213.114752 -1 -1 -1 -1 -1 -1 -1 -1 1 
78 5 Car 0 3 -1 236.297327 161.127123 298.736798 205.048344 -1 -1 -1 -1 -1 -1 -1 -1 1 
79 1 Car 0 0 -1 551.298348 176.191202 618.051198 239.784595 -1 -1 -1 -1 -1 -1 -1 -1 1 
79 4 Car 0 0 -1 4.073487 178.052714 112.731944 214.124436 -1 -1 -1 -1 -1 -1 -1 -1 1 
79 5 Car 0 3 -1 219.823543 159.081772 287.70669 205.591135 -1 -1 -1 -1 -1 -1 -1 -1 1 
80 1 Car 0 0 -1 551.649116 176.065946 616.795494 238.788895 -1 -1 -1 -1 -1 -1 -1 -1 1 
80 4 Car 0 0 -1 0.0 177.805056 100.14332 215.033958 -1 -1 -1 -1 -1 -1 -1 -1 1 
80 5 Car 0 3 -1 200.478475 157.04702 274.770494 206.467278 -1 -1 -1 -1 -1 -1 -1 -1 1 
81 1 Car 0 0 -1 553.310885 175.921291 617.246515 237.792355 -1 -1 -1 -1 -1 -1 -1 -1 1 
81 4 Car 0 0 -1 0.0 177.041544 86.137532 215.491231 -1 -1 -1 -1 -1 -1 -1 -1 1 
81 5 Car 0 3 -1 178.551148 154.740371 260.320912 207.46046 -1 -1 -1 -1 -1 -1 -1 -1 1 
82 1 Car 0 0 -1 554.586022 175.780387 617.685016 236.822418 -1 -1 -1 -1 -1 -1 -1 -1 1 
82 4 Car 0 0 -1 0.0 176.31367 71.142865 215.352891 -1 -1 -1 -1 -1 -1 -1 -1 1 
82 5 Car 0 3 -1 152.98316 152.942222 243.643194 209.440068 -1 -1 -1 -1 -1 -1 -1 -1 1 
83 1 Car 0 0 -1 555.824882 175.643092 618.11148 235.878033 -1 -1 -1 -1 -1 -1 -1 -1 1 
83 4 Car 1 0 -1 0.0 175.621957 55.050806 214.852497 -1 -1 -1 -1 -1 -1 -1 -1 1 
83 5 Car 0 3 -1 123.473226 150.866543 224.754437 211.725187 -1 -1 -1 -1 -1 -1 -1 -1 1 
84 1 Car 0 0 -1 557.032118 175.509269 618.526365 234.958206 -1 -1 -1 -1 -1 -1 -1 -1 1 
84 4 Car 2 0 -1 0.0 174.918886 37.736369 214.357637 -1 -1 -1 -1 -1 -1 -1 -1 1 
84 5 Car 0 3 -1 89.033449 148.443705 203.183834 214.392453 -1 -1 -1 -1 -1 -1 -1 -1 1 
85 1 Car 0 0 -1 558.208954 175.378791 618.930109 234.061991 -1 -1 -1 -1 -1 -1 -1 -1 1 
85 4 Car 2 0 -1 0.0 174.203546 19.054835 213.867663 -1 -1 -1 -1 -1 -1 -1 -1 1 
85 5 Car 0 3 -1 43.959199 144.99203 174.763039 217.123057 -1 -1 -1 -1 -1 -1 -1 -1 1 
86 1 Car 0 0 -1 559.120289 175.083205 619.100508 233.048727 -1 -1 -1 -1 -1 -1 -1 -1 1 
86 5 Car 0 3 -1 0.0 142.011727 141.509622 221.485321 -1 -1 -1 -1 -1 -1 -1 -1 1 
87 1 Car 0 0 -1 560.009671 174.794706 619.266817 232.05989 -1 -1 -1 -1 -1 -1 -1 -1 1 
87 5 Car 0 3 -1 0.0 139.427506 102.070133 225.218415 -1 -1 -1 -1 -1 -1 -1 -1 1 
88 1 Car 0 0 -1 560.877884 174.513041 619.429184 231.094609 -1 -1 -1 -1 -1 -1 -1 -1 1 
88 5 Car 2 3 -1 0.0 140.025989 54.541441 226.164962 -1 -1 -1 -1 -1 -1 -1 -1 1 
89 1 Car 0 0 -1 561.725676 174.23797 619.587746 230.152051 -1 -1 -1 -1 -1 -1 -1 -1 1 
90 1 Car 0 0 -1 562.553757 173.969265 619.742636 229.231424 -1 -1 -1 -1 -1 -1 -1 -1 1 
91 1 Car 0 0 -1 562.923048 174.079325 619.376016 228.629064 -1 -1 -1 -1 -1 -1 -1 -1 1 
92 1 Car 0 0 -1 563.282939 174.186596 619.018695 228.04205 -1 -1 -1 -1 -1 -1 -1 -1 1 
93 1 Car 0 0 -1 563.633783 174.291182 618.670323 227.469802 -1 -1 -1 -1 -1 -1 -1 -1 1 
94 1 Car 0 0 -1 563.975917 174.393183 618.330567 226.911771 -1 -1 -1 -1 -1 -1 -1 -1 1 
95 1 Car 0 0 -1 564.309663 174.492694 617.999113 226.367433 -1 -1 -1 -1 -1 -1 -1 -1 1 
96 1 Car 0 0 -1 564.663493 172.768261 617.628734 223.917594 -1 -1 -1 -1 -1 -1 -1 -1 1 
97 1 Car 0 0 -1 565.008427 171.089534 617.267302 221.534725 -1 -1 -1 -1 -1 -1 -1 -1 1 
98 1 Car 0 0 -1 566.176702 173.304415 617.745041 223.080623 -1 -1 -1 -1 -1 -1 -1 -1 1 
98 6 Car 0 0 -1 277.201941 168.670866 320.926451 188.123306 -1 -1 -1 -1 -1 -1 -1 -1 1 
99 1 Car 0 0 -1 567.314656 175.462193 618.209619 224.585236 -1 -1 -1 -1 -1 -1 -1 -1 1 
99 6 Car 0 0 -1 270.250441 171.906554 315.401782 191.798304 -1 -1 -1 -1 -1 -1 -1 -1 1 
99 8 Car 0 2 -1 304.988502 170.73907 341.755174 189.356439 -1 -1 -1 -1 -1 -1 -1 -1 1 
100 1 Car 0 0 -1 568.423484 177.565034 618.661543 226.050183 -1 -1 -1 -1 -1 -1 -1 -1 1 
100 6 Car 0 0 -1 263.188786 172.135141 309.833196 192.483352 -1 -1 -1 -1 -1 -1 -1 -1 1 
100 8 Car 0 1 -1 299.430532 172.121325 337.305261 191.123172 -1 -1 -1 -1 -1 -1 -1 -1 1 
101 1 Car 0 0 -1 568.978388 177.715113 618.575642 225.572198 -1 -1 -1 -1 -1 -1 -1 -1 1 
101 6 Car 0 0 -1 255.688597 173.98943 303.923316 194.817011 -1 -1 -1 -1 -1 -1 -1 -1 1 
101 8 Car 0 2 -1 293.63952 173.561545 332.681172 192.964008 -1 -1 -1 -1 -1 -1 -1 -1 1 
102 1 Car 0 0 -1 569.519842 177.861475 618.4911 225.106362 -1 -1 -1 -1 -1 -1 -1 -1 1 
102 6 Car 0 0 -1 247.827681 175.932994 297.74965 197.26295 -1 -1 -1 -1 -1 -1 -1 -1 1 
102 8 Car 0 2 -1 287.600495 175.063455 327.872479 194.883708 -1 -1 -1 -1 -1 -1 -1 -1 1 
103 1 Car 0 0 -1 570.04836 178.004257 618.407877 224.652218 -1 -1 -1 -1 -1 -1 -1 -1 1 
103 6 Car 0 1 -1 239.579368 177.972439 291.294136 199.82947 -1 -1 -1 -1 -1 -1 -1 -1 1 
103 7 Car 0 2 -1 311.32646 177.2072 348.373203 195.157305 -1 -1 -1 -1 -1 -1 -1 -1 1 
103 8 Car 0 2 -1 281.297175 176.631105 322.867902 196.887452 -1 -1 -1 -1 -1 -1 -1 -1 1 
104 1 Car 0 0 -1 570.564433 178.143587 618.325931 224.20933 -1 -1 -1 -1 -1 -1 -1 -1 1 
104 6 Car 0 2 -1 230.496562 177.757603 284.153983 200.17173 -1 -1 -1 -1 -1 -1 -1 -1 1 
104 7 Car 0 1 -1 305.813687 177.139887 343.966755 195.445711 -1 -1 -1 -1 -1 -1 -1 -1 1 
104 8 Car 0 2 -1 274.711823 178.268908 317.655223 198.980882 -1 -1 -1 -1 -1 -1 -1 -1 1 
105 1 Car 0 0 -1 571.068527 178.279589 618.245227 223.777284 -1 -1 -1 -1 -1 -1 -1 -1 1 
105 6 Car 0 2 -1 220.938756 177.531524 276.669353 200.531894 -1 -1 -1 -1 -1 -1 -1 -1 1 
105 7 Car 0 1 -1 300.078011 177.069855 339.39495 195.745782 -1 -1 -1 -1 -1 -1 -1 -1 1 
105 8 Car 0 2 -1 267.314525 178.079738 311.766197 199.280597 -1 -1 -1 -1 -1 -1 -1 -1 1 
106 1 Car 0 0 -1 571.77024 177.957744 618.320562 222.850647 -1 -1 -1 -1 -1 -1 -1 -1 1 
106 6 Car 0 1 -1 210.867689 177.293294 268.814698 200.911407 -1 -1 -1 -1 -1 -1 -1 -1 1 
106 7 Car 0 1 -1 294.105636 176.996937 334.648301 196.05824 -1 -1 -1 -1 -1 -1 -1 -1 1 
106 8 Car 0 1 -1 259.559535 177.881424 305.613538 199.594809 -1 -1 -1 -1 -1 -1 -1 -1 1 
107 1 Car 0 0 -1 572.453562 177.644331 618.393922 221.94831 -1 -1 -1 -1 -1 -1 -1 -1 1 
107 6 Car 0 1 -1 200.240877 177.041908 260.561887 201.311869 -1 -1 -1 -1 -1 -1 -1 -1 1 
107 7 Car 0 2 -1 287.881601 176.92095 329.716585 196.383868 -1 -1 -1 -1 -1 -1 -1 -1 1 
107 8 Car 0 1 -1 251.420266 177.673285 299.179139 199.924597 -1 -1 -1 -1 -1 -1 -1 -1 1 
108 1 Car 0 0 -1 573.119209 177.339024 618.465384 221.06933 -1 -1 -1 -1 -1 -1 -1 -1 1 
108 6 Car 0 1 -1 189.011012 176.776243 251.879857 201.735065 -1 -1 -1 -1 -1 -1 -1 -1 1 
108 7 Car 0 2 -1 281.389655 176.841697 324.588761 196.723516 -1 -1 -1 -1 -1 -1 -1 -1 1 
108 8 Car 0 1 -1 242.867429 177.454573 292.443197 200.271146 -1 -1 -1 -1 -1 -1 -1 -1 1 
109 1 Car 0 0 -1 573.767855 177.041512 618.535019 220.212813 -1 -1 -1 -1 -1 -1 -1 -1 1 
109 6 Car 0 0 -1 176.562837 177.401401 242.318838 203.129237 -1 -1 -1 -1 -1 -1 -1 -1 1 
109 7 Car 0 2 -1 274.568678 177.418718 319.265631 197.762531 -1 -1 -1 -1 -1 -1 -1 -1 1 
109 8 Car 0 1 -1 233.868681 177.224461 285.384003 200.63577 -1 -1 -1 -1 -1 -1 -1 -1 1 
110 1 Car 0 0 -1 574.400145 176.751501 618.602899 219.377906 -1 -1 -1 -1 -1 -1 -1 -1 1 
110 6 Car 0 0 -1 163.323971 178.06631 232.204091 204.611999 -1 -1 -1 -1 -1 -1 -1 -1 1 
110 7 Car 0 1 -1 267.424447 178.023052 313.710262 198.850802 -1 -1 -1 -1 -1 -1 -1 -1 1 
110 8 Car 0 0 -1 224.244615 177.919831 277.875501 201.965656 -1 -1 -1 -1 -1 -1 -1 -1 1 
111 1 Car 0 0 -1 575.494865 177.66676 619.199676 219.813256 -1 -1 -1 -1 -1 -1 -1 -1 1 
111 6 Car 0 0 -1 149.216606 178.774886 221.48608 206.192074 -1 -1 -1 -1 -1 -1 -1 -1 1 
111 7 Car 0 1 -1 259.933425 178.656686 307.907114 199.991917 -1 -1 -1 -1 -1 -1 -1 -1 1 
111 8 Car 0 0 -1 214.085502 178.653868 269.984286 203.369504 -1 -1 -1 -1 -1 -1 -1 -1 1 
112 1 Car 0 0 -1 576.565186 178.561625 619.783147 220.238896 -1 -1 -1 -1 -1 -1 -1 -1 1 
112 6 Car 0 0 -1 134.152383 179.531575 210.109177 207.879365 -1 -1 -1 -1 -1 -1 -1 -1 1 
112 7 Car 0 1 -1 252.069733 179.321805 301.839236 201.189821 -1 -1 -1 -1 -1 -1 -1 -1 1 
112 8 Car 0 0 -1 203.345446 179.429887 261.68033 204.853663 -1 -1 -1 -1 -1 -1 -1 -1 1 
113 1 Car 0 0 -1 577.611913 179.436769 620.353753 220.655149 -1 -1 -1 -1 -1 -1 -1 -1 1 
113 6 Car 0 0 -1 118.030529 180.341452 198.010699 209.685171 -1 -1 -1 -1 -1 -1 -1 -1 1 
113 7 Car 0 1 -1 243.80485 180.020813 295.488088 202.448862 -1 -1 -1 -1 -1 -1 -1 -1 1 
113 8 Car 0 0 -1 191.973152 180.251597 252.930387 206.425226 -1 -1 -1 -1 -1 -1 -1 -1 1 
114 1 Car 0 0 -1 578.635819 180.292837 620.911913 221.06232 -1 -1 -1 -1 -1 -1 -1 -1 1 
114 6 Car 0 0 -1 100.109316 179.894382 184.664635 210.343844 -1 -1 -1 -1 -1 -1 -1 -1 1 
114 7 Car 0 1 -1 234.811929 178.951076 288.608311 201.977801 -1 -1 -1 -1 -1 -1 -1 -1 1 
114 8 Car 0 0 -1 179.911095 181.075586 243.697533 208.092149 -1 -1 -1 -1 -1 -1 -1 -1 1 
115 1 Car 0 0 -1 579.637643 181.053345 621.458031 221.460706 -1 -1 -1 -1 -1 -1 -1 -1 1 
115 6 Car 0 0 -1 80.785061 179.412257 170.381426 211.054109 -1 -1 -1 -1 -1 -1 -1 -1 1 
115 7 Car 0 1 -1 225.323414 177.822445 281.383108 201.480768 -1 -1 -1 -1 -1 -1 -1 -1 1 
115 8 Car 0 0 -1 166.422292 179.674957 233.445876 207.534013 -1 -1 -1 -1 -1 -1 -1 -1 1 
116 1 Car 0 0 -1 580.158974 180.88375 621.572224 220.876683 -1 -1 -1 -1 -1 -1 -1 -1 1 
116 6 Car 0 0 -1 59.886281 178.890784 155.058772 211.822272 -1 -1 -1 -1 -1 -1 -1 -1 1 
116 7 Car 0 1 -1 215.297177 176.629918 273.785795 200.955555 -1 -1 -1 -1 -1 -1 -1 -1 1 
116 8 Car 0 0 -1 152.010912 178.127674 222.560007 206.937684 -1 -1 -1 -1 -1 -1 -1 -1 1 
117 1 Car 0 0 -1 580.670252 180.717073 621.684214 220.303929 -1 -1 -1 -1 -1 -1 -1 -1 1 
117 6 Car 0 0 -1 37.21237 178.324942 138.578928 212.655714 -1 -1 -1 -1 -1 -1 -1 -1 1 
117 7 Car 0 2 -1 204.686172 175.367912 265.786866 200.399695 -1 -1 -1 -1 -1 -1 -1 -1 1 
117 8 Car 0 0 -1 136.578955 176.470776 210.979199 206.299103 -1 -1 -1 -1 -1 -1 -1 -1 1 
118 1 Car 0 0 -1 581.171764 180.55324 621.794064 219.742121 -1 -1 -1 -1 -1 -1 -1 -1 1 
118 6 Car 0 0 -1 12.527121 177.708817 120.805661 213.563126 -1 -1 -1 -1 -1 -1 -1 -1 1 
118 7 Car 0 2 -1 193.633956 178.483558 257.533621 204.278403 -1 -1 -1 -1 -1 -1 -1 -1 1 
118 8 Car 0 0 -1 119.75165 178.759537 198.40415 209.688994 -1 -1 -1 -1 -1 -1 -1 -1 1 
119 1 Car 0 0 -1 581.663787 180.388218 621.901835 219.190949 -1 -1 -1 -1 -1 -1 -1 -1 1 
119 6 Car 0 0 -1 0.0 177.573111 100.567876 214.99969 -1 -1 -1 -1 -1 -1 -1 -1 1 
119 7 Car 0 2 -1 180.177657 179.082332 247.507344 205.784426 -1 -1 -1 -1 -1 -1 -1 -1 1 
119 8 Car 0 0 -1 101.639299 181.152497 184.969899 213.337887 -1 -1 -1 -1 -1 -1 -1 -1 1 
120 1 Car 0 0 -1 582.146588 180.211354 622.007585 218.650113 -1 -1 -1 -1 -1 -1 -1 -1 1 
120 6 Car 0 0 -1 0.0 177.42407 78.531946 216.440237 -1 -1 -1 -1 -1 -1 -1 -1 1 
120 7 Car 0 1 -1 165.74288 179.724583 236.826867 207.400006 -1 -1 -1 -1 -1 -1 -1 -1 1 
120 8 Car 0 1 -1 81.130458 181.174904 169.847724 214.695728 -1 -1 -1 -1 -1 -1 -1 -1 1 
121 1 Car 0 0 -1 581.889454 180.230301 621.470711 218.399339 -1 -1 -1 -1 -1 -1 -1 -1 1 
121 6 Car 1 0 -1 0.0 177.410725 54.44708 216.482239 -1 -1 -1 -1 -1 -1 -1 -1 1 
121 7 Car 0 1 -1 150.21887 180.415227 225.426001 209.137549 -1 -1 -1 -1 -1 -1 -1 -1 1 
121 8 Car 0 2 -1 58.852013 181.199024 153.568975 216.17079 -1 -1 -1 -1 -1 -1 -1 -1 1 
122 1 Car 0 0 -1 581.635901 180.248984 620.941319 218.15206 -1 -1 -1 -1 -1 -1 -1 -1 1 
122 6 Car 2 0 -1 0.0 177.396241 28.013586 216.527827 -1 -1 -1 -1 -1 -1 -1 -1 1 
122 7 Car 0 0 -1 133.477504 181.124984 213.229321 211.011406 -1 -1 -1 -1 -1 -1 -1 -1 1 
122 8 Car 0 2 -1 34.564597 181.225062 135.995692 217.778936 -1 -1 -1 -1 -1 -1 -1 -1 1 
123 1 Car 0 0 -1 581.385856 180.267409 620.419251 217.908203 -1 -1 -1 -1 -1 -1 -1 -1 1 
123 7 Car 0 0 -1 115.365558 180.739737 200.145451 211.808013 -1 -1 -1 -1 -1 -1 -1 -1 1 
123 8 Car 0 2 -1 7.983646 181.253255 116.967069 219.539029 -1 -1 -1 -1 -1 -1 -1 -1 1 
124 1 Car 0 0 -1 581.139246 180.28558 619.904358 217.667698 -1 -1 -1 -1 -1 -1 -1 -1 1 
124 7 Car 0 0 -1 96.148864 180.749211 186.265612 213.060592 -1 -1 -1 -1 -1 -1 -1 -1 1 
124 8 Car 0 0 -1 0.0 181.283883 96.294507 221.233406 -1 -1 -1 -1 -1 -1 -1 -1 1 
125 1 Car 0 0 -1 580.896 180.303504 619.396493 217.430477 -1 -1 -1 -1 -1 -1 -1 -1 1 
125 7 Car 0 0 -1 75.331145 180.759473 171.370673 214.41758 -1 -1 -1 -1 -1 -1 -1 -1 1 
125 8 Car 0 0 -1 0.0 181.239812 73.513243 222.467996 -1 -1 -1 -1 -1 -1 -1 -1 1 
126 1 Car 0 0 -1 581.398422 179.519919 619.710917 216.464828 -1 -1 -1 -1 -1 -1 -1 -1 1 
126 7 Car 0 0 -1 52.703617 180.770626 155.345047 215.892599 -1 -1 -1 -1 -1 -1 -1 -1 1 
126 8 Car 1 0 -1 0.0 181.191478 48.526774 222.404953 -1 -1 -1 -1 -1 -1 -1 -1 1 
127 1 Car 0 0 -1 581.895959 178.743951 620.022283 215.508573 -1 -1 -1 -1 -1 -1 -1 -1 1 
127 7 Car 0 1 -1 28.019553 180.782791 138.054915 217.501749 -1 -1 -1 -1 -1 -1 -1 -1 1 
127 8 Car 2 0 -1 0.0 181.13823 20.998625 222.346545 -1 -1 -1 -1 -1 -1 -1 -1 1 
128 1 Car 0 0 -1 582.38868 177.975491 620.330634 214.561576 -1 -1 -1 -1 -1 -1 -1 -1 1 
128 7 Car 0 1 -1 0.985232 180.795938 119.344464 219.264197 -1 -1 -1 -1 -1 -1 -1 -1 1 
129 1 Car 0 0 -1 582.876657 177.214429 620.636015 213.623704 -1 -1 -1 -1 -1 -1 -1 -1 1 
129 7 Car 0 1 -1 0.0 180.80493 98.790117 220.857427 -1 -1 -1 -1 -1 -1 -1 -1 1 
130 1 Car 0 0 -1 583.359958 176.46066 620.938469 212.694825 -1 -1 -1 -1 -1 -1 -1 -1 1 
130 7 Car 0 1 -1 0.0 180.81474 76.363523 222.000915 -1 -1 -1 -1 -1 -1 -1 -1 1 
131 1 Car 0 0 -1 583.884967 176.765506 621.301358 212.843383 -1 -1 -1 -1 -1 -1 -1 -1 1 
131 7 Car 1 1 -1 0.0 180.825486 51.796672 221.938796 -1 -1 -1 -1 -1 -1 -1 -1 1 
132 1 Car 0 0 -1 584.405462 177.067732 621.661127 212.990662 -1 -1 -1 -1 -1 -1 -1 -1 1 
132 7 Car 2 1 -1 0.0 180.837309 24.767846 221.883649 -1 -1 -1 -1 -1 -1 -1 -1 1 
133 1 Car 0 0 -1 584.921502 177.367371 622.017815 213.13668 -1 -1 -1 -1 -1 -1 -1 -1 1 
134 1 Car 0 0 -1 586.446059 175.940463 623.383557 211.555138 -1 -1 -1 -1 -1 -1 -1 -1 1 
135 1 Car 0 0 -1 587.957583 174.52575 624.737621 209.987122 -1 -1 -1 -1 -1 -1 -1 -1 1 
136 1 Car 0 0 -1 588.42954 173.188954 625.053189 208.498428 -1 -1 -1 -1 -1 -1 -1 -1 1 
137 1 Car 0 0 -1 588.897498 171.863482 625.366083 207.022355 -1 -1 -1 -1 -1 -1 -1 -1 1 
138 1 Car 0 0 -1 589.361508 170.549191 625.676335 205.558742 -1 -1 -1 -1 -1 -1 -1 -1 1 
139 1 Car 0 0 -1 589.59697 175.434074 625.762564 210.303075 -1 -1 -1 -1 -1 -1 -1 -1 1 
140 1 Car 0 0 -1 589.830504 180.278973 625.848087 215.008548 -1 -1 -1 -1 -1 -1 -1 -1 1 
141 1 Car 0 0 -1 589.299215 179.458514 625.21664 214.091076 -1 -1 -1 -1 -1 -1 -1 -1 1 
142 1 Car 0 0 -1 588.770868 178.642596 624.58869 213.178685 -1 -1 -1 -1 -1 -1 -1 -1 1 
143 1 Car 0 0 -1 588.245437 177.831181 623.964207 212.271334 -1 -1 -1 -1 -1 -1 -1 -1 1 
