0 0 Car 1 0 -1 870.120621 206.599316 1241.0 374.0 -1 -1 -1 -1 -1 -1 -1 -1 1 
1 0 Car 1 0 -1 893.030087 210.192647 1241.0 374.0 -1 -1 -1 -1 -1 -1 -1 -1 1 
2 0 Car 1 0 -1 922.345671 214.461531 1241.0 374.0 -1 -1 -1 -1 -1 -1 -1 -1 1 
3 0 Car 1 0 -1 959.458745 219.852695 1241.0 374.0 -1 -1 -1 -1 -1 -1 -1 -1 1 
4 0 Car 1 0 -1 1007.953857 226.963833 1241.0 374.0 -1 -1 -1 -1 -1 -1 -1 -1 1 
5 0 Car 2 0 -1 1074.010068 237.557829 1241.0 374.0 -1 -1 -1 -1 -1 -1 -1 -1 1 
6 0 Car 2 0 -1 1169.267198 252.938304 1241.0 374.0 -1 -1 -1 -1 -1 -1 -1 -1 1 
60 22 Car 0 1 -1 585.542087 157.854742 635.841134 197.306993 -1 -1 -1 -1 -1 -1 -1 -1 1 
61 22 Car 0 1 -1 581.895218 157.902446 632.990068 197.950717 -1 -1 -1 -1 -1 -1 -1 -1 1 
62 22 Car 0 1 -1 578.136186 157.951642 630.060457 198.614294 -1 -1 -1 -1 -1 -1 -1 -1 1 
63 22 Car 0 1 -1 575.424806 157.269936 628.121754 198.591624 -1 -1 -1 -1 -1 -1 -1 -1 1 
64 22 Car 0 1 -1 572.625067 156.565905 626.126492 198.568197 -1 -1 -1 -1 -1 -1 -1 -1 1 
65 22 Car 0 1 -1 569.782084 154.352501 624.116731 197.07417 -1 -1 -1 -1 -1 -1 -1 -1 1 
66 22 Car 0 1 -1 566.843313 152.064123 622.046591 195.529573 -1 -1 -1 -1 -1 -1 -1 -1 1 
67 22 Car 0 1 -1 563.635678 152.771715 619.761359 196.97202 -1 -1 -1 -1 -1 -1 -1 -1 1 
68 22 Car 0 1 -1 560.316313 153.504108 617.405495 198.464895 -1 -1 -1 -1 -1 -1 -1 -1 1 
69 22 Car 0 1 -1 557.059028 153.429244 615.1389 199.189026 -1 -1 -1 -1 -1 -1 -1 -1 1 
70 22 Car 0 1 -1 553.68382 153.35168 612.799794 199.939458 -1 -1 -1 -1 -1 -1 -1 -1 1 
71 22 Car 0 1 -1 550.18415 153.271266 610.384653 200.717651 -1 -1 -1 -1 -1 -1 -1 -1 1 
72 22 Car 0 1 -1 546.55299 153.18784 607.88972 201.525173 -1 -1 -1 -1 -1 -1 -1 -1 1 
73 22 Car 0 1 -1 542.78277 153.101229 605.310988 202.363713 -1 -1 -1 -1 -1 -1 -1 -1 1 
74 22 Car 0 1 -1 538.865328 153.011246 602.644175 203.235092 -1 -1 -1 -1 -1 -1 -1 -1 1 
75 22 Car 0 1 -1 534.791851 152.917688 599.884704 204.141277 -1 -1 -1 -1 -1 -1 -1 -1 1 
76 22 Car 0 1 -1 530.55281 152.820337 597.027673 205.084396 -1 -1 -1 -1 -1 -1 -1 -1 1 
77 22 Car 0 0 -1 526.816376 153.540244 594.688662 206.864715 -1 -1 -1 -1 -1 -1 -1 -1 1 
78 22 Car 0 0 -1 522.923775 154.290435 592.264985 208.719644 -1 -1 -1 -1 -1 -1 -1 -1 1 
79 22 Car 0 0 -1 518.864989 155.072861 589.751969 210.65397 -1 -1 -1 -1 -1 -1 -1 -1 1 
80 22 Car 0 0 -1 514.629129 155.88964 587.144596 212.672902 -1 -1 -1 -1 -1 -1 -1 -1 1 
81 22 Car 0 0 -1 510.936451 154.410889 585.258522 212.396833 -1 -1 -1 -1 -1 -1 -1 -1 1 
82 22 Car 0 0 -1 507.497363 152.105142 583.749194 211.437512 -1 -1 -1 -1 -1 -1 -1 -1 1 
83 22 Car 0 0 -1 503.273182 151.834308 581.616202 212.527784 -1 -1 -1 -1 -1 -1 -1 -1 1 
83 67 Car 0 2 -1 430.110837 176.386567 500.114476 200.547093 -1 -1 -1 -1 -1 -1 -1 -1 1 
84 22 Car 0 0 -1 498.851307 151.550628 579.397657 213.669127 -1 -1 -1 -1 -1 -1 -1 -1 1 
84 67 Car 0 0 -1 427.125993 177.134649 498.306331 201.67814 -1 -1 -1 -1 -1 -1 -1 -1 1 
85 22 Car 0 0 -1 494.217529 151.253166 577.088306 214.865214 -1 -1 -1 -1 -1 -1 -1 -1 1 
85 67 Car 0 1 -1 422.276919 178.661476 494.669814 203.574176 -1 -1 -1 -1 -1 -1 -1 -1 1 
86 22 Car 0 0 -1 489.35624 150.940892 574.682457 216.120082 -1 -1 -1 -1 -1 -1 -1 -1 1 
86 67 Car 0 1 -1 415.016713 178.072317 488.654988 203.38907 -1 -1 -1 -1 -1 -1 -1 -1 1 
87 22 Car 0 0 -1 484.08166 150.135828 571.966596 216.914844 -1 -1 -1 -1 -1 -1 -1 -1 1 
87 67 Car 0 2 -1 409.939429 177.251758 484.878047 203.008129 -1 -1 -1 -1 -1 -1 -1 -1 1 
88 22 Car 0 0 -1 478.543702 149.289973 569.136202 217.74933 -1 -1 -1 -1 -1 -1 -1 -1 1 
88 67 Car 0 2 -1 404.689366 176.403108 480.976559 202.614194 -1 -1 -1 -1 -1 -1 -1 -1 1 
89 22 Car 0 0 -1 472.722135 148.400148 566.183872 218.626595 -1 -1 -1 -1 -1 -1 -1 -1 1 
89 67 Car 0 1 -1 399.385077 176.005174 477.039895 202.667466 -1 -1 -1 -1 -1 -1 -1 -1 1 
90 22 Car 0 0 -1 466.82225 148.252891 563.326249 220.367638 -1 -1 -1 -1 -1 -1 -1 -1 1 
90 67 Car 0 0 -1 393.279021 176.779393 472.350788 203.880884 -1 -1 -1 -1 -1 -1 -1 -1 1 
91 22 Car 0 0 -1 460.598547 148.097424 560.337826 222.224716 -1 -1 -1 -1 -1 -1 -1 -1 1 
91 67 Car 0 1 -1 386.961508 177.580562 467.504855 205.136399 -1 -1 -1 -1 -1 -1 -1 -1 1 
92 22 Car 0 0 -1 454.023613 147.93304 557.209414 224.188432 -1 -1 -1 -1 -1 -1 -1 -1 1 
92 67 Car 0 2 -1 380.894613 178.581239 462.973145 206.60964 -1 -1 -1 -1 -1 -1 -1 -1 1 
93 22 Car 0 0 -1 447.945259 147.363448 554.316467 225.839716 -1 -1 -1 -1 -1 -1 -1 -1 1 
93 67 Car 0 2 -1 374.607546 179.590591 458.282782 208.136442 -1 -1 -1 -1 -1 -1 -1 -1 1 
94 22 Car 0 0 -1 441.506168 146.759746 551.283701 227.590055 -1 -1 -1 -1 -1 -1 -1 -1 1 
94 67 Car 0 1 -1 368.839053 180.025427 454.140784 209.10324 -1 -1 -1 -1 -1 -1 -1 -1 1 
95 22 Car 0 0 -1 434.673212 146.118775 548.100751 229.448637 -1 -1 -1 -1 -1 -1 -1 -1 1 
95 67 Car 0 1 -1 362.855946 180.475835 449.850147 210.106063 -1 -1 -1 -1 -1 -1 -1 -1 1 
96 22 Car 0 0 -1 427.40908 145.436973 544.756198 231.42582 -1 -1 -1 -1 -1 -1 -1 -1 1 
96 67 Car 0 1 -1 356.646009 180.942668 445.402739 211.146964 -1 -1 -1 -1 -1 -1 -1 -1 1 
97 22 Car 0 0 -1 419.671594 144.710307 541.237437 233.533331 -1 -1 -1 -1 -1 -1 -1 -1 1 
97 67 Car 0 1 -1 347.959194 180.667587 438.55851 211.431535 -1 -1 -1 -1 -1 -1 -1 -1 1 
98 22 Car 0 0 -1 411.41289 143.934199 537.530516 235.784493 -1 -1 -1 -1 -1 -1 -1 -1 1 
98 67 Car 0 1 -1 338.940314 180.38242 431.462868 211.726994 -1 -1 -1 -1 -1 -1 -1 -1 1 
99 22 Car 0 0 -1 402.578427 143.103421 533.619955 238.194509 -1 -1 -1 -1 -1 -1 -1 -1 1 
99 67 Car 0 1 -1 322.999817 182.259568 417.524036 214.204728 -1 -1 -1 -1 -1 -1 -1 -1 1 
100 22 Car 0 0 -1 393.105777 142.211984 529.488523 240.780807 -1 -1 -1 -1 -1 -1 -1 -1 1 
100 67 Car 0 1 -1 326.14693 182.019659 422.709669 214.692705 -1 -1 -1 -1 -1 -1 -1 -1 1 
101 22 Car 0 0 -1 383.382754 139.293417 525.068033 241.386394 -1 -1 -1 -1 -1 -1 -1 -1 1 
101 67 Car 0 1 -1 315.360065 180.336049 414.116213 213.614648 -1 -1 -1 -1 -1 -1 -1 -1 1 
102 22 Car 0 0 -1 372.944842 136.158601 520.398468 242.036778 -1 -1 -1 -1 -1 -1 -1 -1 1 
102 67 Car 0 1 -1 304.131905 178.558587 405.186628 212.492422 -1 -1 -1 -1 -1 -1 -1 -1 1 
103 22 Car 0 0 -1 361.847588 134.626748 515.85536 244.861067 -1 -1 -1 -1 -1 -1 -1 -1 1 
103 67 Car 0 2 -1 291.0956 175.851197 394.497404 210.512447 -1 -1 -1 -1 -1 -1 -1 -1 1 
104 22 Car 0 0 -1 349.984349 133.059896 510.880364 247.7597 -1 -1 -1 -1 -1 -1 -1 -1 1 
104 67 Car 0 2 -1 282.435256 177.711167 388.292104 213.08497 -1 -1 -1 -1 -1 -1 -1 -1 1 
105 22 Car 0 0 -1 337.129344 131.36105 505.596109 250.903021 -1 -1 -1 -1 -1 -1 -1 -1 1 
105 67 Car 0 2 -1 273.391986 179.629892 381.825327 215.771431 -1 -1 -1 -1 -1 -1 -1 -1 1 
106 22 Car 0 0 -1 323.152638 129.512793 499.972909 254.323375 -1 -1 -1 -1 -1 -1 -1 -1 1 
106 67 Car 0 2 -1 263.939792 181.55294 375.080215 218.579571 -1 -1 -1 -1 -1 -1 -1 -1 1 
107 22 Car 0 0 -1 307.900566 127.494505 493.977154 258.059067 -1 -1 -1 -1 -1 -1 -1 -1 1 
107 67 Car 0 2 -1 253.843007 180.680042 367.878562 218.546473 -1 -1 -1 -1 -1 -1 -1 -1 1 
108 22 Car 0 0 -1 291.190047 125.281586 487.570631 262.155813 -1 -1 -1 -1 -1 -1 -1 -1 1 
108 67 Car 2 1 -1 243.260026 179.767318 360.347633 218.511767 -1 -1 -1 -1 -1 -1 -1 -1 1 
109 22 Car 0 0 -1 273.261441 123.338955 481.213217 266.96534 -1 -1 -1 -1 -1 -1 -1 -1 1 
109 67 Car 2 2 -1 232.598914 179.767816 352.808869 219.438872 -1 -1 -1 -1 -1 -1 -1 -1 1 
110 22 Car 0 0 -1 253.506282 121.195075 474.401726 272.274255 -1 -1 -1 -1 -1 -1 -1 -1 1 
110 67 Car 2 1 -1 221.41562 179.768343 344.9211 220.411456 -1 -1 -1 -1 -1 -1 -1 -1 1 
111 22 Car 0 0 -1 231.63042 118.81696 467.085726 278.164594 -1 -1 -1 -1 -1 -1 -1 -1 1 
111 67 Car 2 2 -1 209.670775 179.768901 336.659558 221.432949 -1 -1 -1 -1 -1 -1 -1 -1 1 
112 22 Car 0 0 -1 207.27295 116.164003 459.207029 284.737405 -1 -1 -1 -1 -1 -1 -1 -1 1 
112 67 Car 2 2 -1 196.502636 181.467301 327.324203 224.312655 -1 -1 -1 -1 -1 -1 -1 -1 1 
113 22 Car 0 0 -1 179.986171 113.185634 450.698145 292.118585 -1 -1 -1 -1 -1 -1 -1 -1 1 
113 67 Car 2 2 -1 182.616344 183.252197 317.512079 227.349748 -1 -1 -1 -1 -1 -1 -1 -1 1 
114 22 Car 0 0 -1 149.207783 109.818063 441.480334 300.467033 -1 -1 -1 -1 -1 -1 -1 -1 1 
114 67 Car 2 2 -1 167.951418 185.13037 307.185785 230.55749 -1 -1 -1 -1 -1 -1 -1 -1 1 
115 22 Car 0 0 -1 114.221735 105.979665 431.461174 309.986209 -1 -1 -1 -1 -1 -1 -1 -1 1 
115 67 Car 2 2 -1 152.427213 183.924478 296.284695 230.60436 -1 -1 -1 -1 -1 -1 -1 -1 1 
116 22 Car 0 0 -1 74.950233 99.017486 418.301847 317.94773 -1 -1 -1 -1 -1 -1 -1 -1 1 
116 67 Car 2 2 -1 135.982261 182.652232 284.782053 230.653982 -1 -1 -1 -1 -1 -1 -1 -1 1 
117 22 Car 0 0 -1 29.413021 90.965371 403.920095 327.156782 -1 -1 -1 -1 -1 -1 -1 -1 1 
117 67 Car 2 2 -1 118.532041 181.307999 272.626742 230.706607 -1 -1 -1 -1 -1 -1 -1 -1 1 
118 22 Car 0 0 -1 0.0 81.546033 388.139275 337.931959 -1 -1 -1 -1 -1 -1 -1 -1 1 
118 67 Car 2 2 -1 99.981361 179.885487 259.761689 230.762521 -1 -1 -1 -1 -1 -1 -1 -1 1 
119 22 Car 0 0 -1 0.0 75.831606 373.871465 356.798539 -1 -1 -1 -1 -1 -1 -1 -1 1 
119 67 Car 2 2 -1 81.886312 179.883002 247.658078 232.396281 -1 -1 -1 -1 -1 -1 -1 -1 1 
120 22 Car 0 0 -1 0.0 68.91006 358.040666 374.0 -1 -1 -1 -1 -1 -1 -1 -1 1 
120 67 Car 2 2 -1 62.589715 179.880384 234.817605 234.138757 -1 -1 -1 -1 -1 -1 -1 -1 1 
121 22 Car 0 0 -1 0.0 60.353645 340.37532 374.0 -1 -1 -1 -1 -1 -1 -1 -1 1 
121 67 Car 2 2 -1 41.967587 179.877622 221.171034 236.001177 -1 -1 -1 -1 -1 -1 -1 -1 1 
122 22 Car 2 0 -1 0.0 58.65288 320.901875 374.0 -1 -1 -1 -1 -1 -1 -1 -1 1 
122 67 Car 2 2 -1 19.878284 179.874701 206.64018 237.996367 -1 -1 -1 -1 -1 -1 -1 -1 1 
123 22 Car 2 0 -1 0.0 58.093498 298.947497 374.0 -1 -1 -1 -1 -1 -1 -1 -1 1 
123 67 Car 2 3 -1 0.0 179.871606 191.136402 240.124191 -1 -1 -1 -1 -1 -1 -1 -1 1 
124 22 Car 2 0 -1 0.0 57.761936 274.006706 374.0 -1 -1 -1 -1 -1 -1 -1 -1 1 
124 67 Car 2 3 -1 0.0 179.868318 174.558799 242.32464 -1 -1 -1 -1 -1 -1 -1 -1 1 
125 22 Car 2 0 -1 0.0 57.667126 245.426676 374.0 -1 -1 -1 -1 -1 -1 -1 -1 1 
125 67 Car 2 3 -1 0.0 179.864816 156.79204 244.690541 -1 -1 -1 -1 -1 -1 -1 -1 1 
126 22 Car 1 0 -1 0.0 57.815693 212.349322 374.0 -1 -1 -1 -1 -1 -1 -1 -1 1 
126 67 Car 2 3 -1 0.0 179.859252 137.703622 247.241295 -1 -1 -1 -1 -1 -1 -1 -1 1 
127 22 Car 1 0 -1 0.0 58.211732 173.623747 374.0 -1 -1 -1 -1 -1 -1 -1 -1 1 
127 67 Car 2 3 -1 0.0 179.850526 117.140649 249.999454 -1 -1 -1 -1 -1 -1 -1 -1 1 
128 22 Car 2 0 -1 0.0 58.856641 127.669693 374.0 -1 -1 -1 -1 -1 -1 -1 -1 1 
128 67 Car 2 3 -1 0.0 179.841049 94.925637 252.991398 -1 -1 -1 -1 -1 -1 -1 -1 1 
129 67 Car 2 3 -1 0.0 179.884425 69.597277 256.385842 -1 -1 -1 -1 -1 -1 -1 -1 1 
130 67 Car 2 3 -1 0.0 179.936652 41.995763 256.335197 -1 -1 -1 -1 -1 -1 -1 -1 1 
