0 2 Car -1.000000 -1 -1 98.88307301286059 169.85661314553892 223.40222056624097 224.2472229140314 -1 -1 -1 -1 -1 -1 -1 -1 1 
0 1 Car -1.000000 -1 -1 0.7597692900043924 181.78111209283566 103.42624297806202 235.3202673016956 -1 -1 -1 -1 -1 -1 -1 -1 1 
1 2 Car -1.000000 -1 -1 66.63911437988281 170.6918487548828 198.4236297607422 226.533447265625 -1 -1 -1 -1 -1 -1 -1 -1 1 
1 1 Car -1.000000 -1 -1 0.013904571533203125 182.90147399902344 71.04832458496094 235.73626708984375 -1 -1 -1 -1 -1 -1 -1 -1 1 
2 3 Car -1.000000 -1 -1 184.27067599980677 179.8548428364429 253.46934475214636 219.83380157273677 -1 -1 -1 -1 -1 -1 -1 -1 1 
2 2 Car -1.000000 -1 -1 28.073291778564453 178.3373565673828 103.4449462890625 226.74533081054688 -1 -1 -1 -1 -1 -1 -1 -1 1 
2 1 Car -1.000000 -1 -1 -0.07383537292480469 183.80548095703125 33.52184295654297 239.13909912109375 -1 -1 -1 -1 -1 -1 -1 -1 1 
3 2 Car -1.000000 -1 -1 0.9670333862304688 174.46234130859375 145.15908813476562 237.34982299804688 -1 -1 -1 -1 -1 -1 -1 -1 1 
4 2 Car -1.000000 -1 -1 0.7090492248535156 174.38311767578125 114.65675354003906 241.84878540039062 -1 -1 -1 -1 -1 -1 -1 -1 1 
5 3 Car -1.000000 -1 -1 79.6141357421875 181.36734008789062 191.10653686523438 228.3369598388672 -1 -1 -1 -1 -1 -1 -1 -1 1 
5 2 Car -1.000000 -1 -1 0.2032928466796875 173.39601135253906 80.76438903808594 238.66754150390625 -1 -1 -1 -1 -1 -1 -1 -1 1 
6 3 Car -1.000000 -1 -1 42.629486083984375 179.7295379638672 166.05618286132812 229.51873779296875 -1 -1 -1 -1 -1 -1 -1 -1 1 
6 2 Car -1.000000 -1 -1 -0.0056400299072265625 170.17767333984375 43.253448486328125 237.3973846435547 -1 -1 -1 -1 -1 -1 -1 -1 1 
7 3 Car -1.000000 -1 -1 1.6476898193359375 178.4668426513672 139.13194274902344 231.39013671875 -1 -1 -1 -1 -1 -1 -1 -1 1 
8 3 Car -1.000000 -1 -1 0.37194061279296875 179.06854248046875 110.36845397949219 234.0482940673828 -1 -1 -1 -1 -1 -1 -1 -1 1 
14 3 Car -1.000000 -1 -1 0.16389846801757812 163.9338836669922 89.52102661132812 242.80105590820312 -1 -1 -1 -1 -1 -1 -1 -1 1 
49 4 Car -1.000000 -1 -1 714.5454711914062 175.8571014404297 740.4950561523438 197.07054138183594 -1 -1 -1 -1 -1 -1 -1 -1 1 
50 4 Car -1.000000 -1 -1 714.3047485351562 175.28805541992188 740.0216064453125 196.3258056640625 -1 -1 -1 -1 -1 -1 -1 -1 1 
51 4 Car -1.000000 -1 -1 713.8717041015625 174.26417541503906 740.8572387695312 196.1491241455078 -1 -1 -1 -1 -1 -1 -1 -1 1 
57 4 Car -1.000000 -1 -1 704.820068359375 174.7339324951172 736.69091796875 198.59396362304688 -1 -1 -1 -1 -1 -1 -1 -1 1 
58 5 Car -1.000000 -1 -1 364.1994934082031 179.8123779296875 434.9967956542969 213.38534545898438 -1 -1 -1 -1 -1 -1 -1 -1 1 
58 4 Car -1.000000 -1 -1 703.1624755859375 175.83216857910156 734.9745483398438 201.42507934570312 -1 -1 -1 -1 -1 -1 -1 -1 1 
59 5 Car -1.000000 -1 -1 340.9532470703125 180.52740478515625 417.1451110839844 216.45419311523438 -1 -1 -1 -1 -1 -1 -1 -1 1 
59 4 Car -1.000000 -1 -1 701.035888671875 176.4409637451172 734.9791870117188 202.3146514892578 -1 -1 -1 -1 -1 -1 -1 -1 1 
60 5 Car -1.000000 -1 -1 314.5533752441406 178.81727600097656 397.586181640625 218.80874633789062 -1 -1 -1 -1 -1 -1 -1 -1 1 
60 4 Car -1.000000 -1 -1 699.4685668945312 177.02783203125 735.04150390625 202.06845092773438 -1 -1 -1 -1 -1 -1 -1 -1 1 
61 5 Car -1.000000 -1 -1 283.3035583496094 177.71475219726562 376.4180908203125 221.76222229003906 -1 -1 -1 -1 -1 -1 -1 -1 1 
61 4 Car -1.000000 -1 -1 697.5736083984375 176.23654174804688 735.2218627929688 202.32884216308594 -1 -1 -1 -1 -1 -1 -1 -1 1 
62 5 Car -1.000000 -1 -1 245.8701629638672 176.99325561523438 352.936767578125 223.53994750976562 -1 -1 -1 -1 -1 -1 -1 -1 1 
62 4 Car -1.000000 -1 -1 696.7577514648438 175.03201293945312 733.9968872070312 202.19566345214844 -1 -1 -1 -1 -1 -1 -1 -1 1 
63 5 Car -1.000000 -1 -1 204.9103240966797 177.9355010986328 324.1143493652344 228.96165466308594 -1 -1 -1 -1 -1 -1 -1 -1 1 
63 4 Car -1.000000 -1 -1 695.7321166992188 175.1559600830078 734.531494140625 202.4653778076172 -1 -1 -1 -1 -1 -1 -1 -1 1 
64 5 Car -1.000000 -1 -1 156.06768798828125 179.42369079589844 293.97003173828125 236.3746795654297 -1 -1 -1 -1 -1 -1 -1 -1 1 
64 4 Car -1.000000 -1 -1 694.026611328125 174.483154296875 734.8084106445312 203.56846618652344 -1 -1 -1 -1 -1 -1 -1 -1 1 
65 5 Car -1.000000 -1 -1 95.02082061767578 182.241455078125 260.3078308105469 246.16114807128906 -1 -1 -1 -1 -1 -1 -1 -1 1 
65 4 Car -1.000000 -1 -1 694.7227172851562 175.36373901367188 735.7251586914062 206.09286499023438 -1 -1 -1 -1 -1 -1 -1 -1 1 
66 5 Car -1.000000 -1 -1 22.83507537841797 186.14686584472656 218.868408203125 260.0802917480469 -1 -1 -1 -1 -1 -1 -1 -1 1 
66 4 Car -1.000000 -1 -1 694.0816040039062 176.31939697265625 737.6271362304688 207.9350128173828 -1 -1 -1 -1 -1 -1 -1 -1 1 
67 5 Car -1.000000 -1 -1 -0.35816192626953125 187.9991455078125 169.0537109375 266.65057373046875 -1 -1 -1 -1 -1 -1 -1 -1 1 
67 4 Car -1.000000 -1 -1 694.7966918945312 174.6698760986328 738.6105346679688 208.1441650390625 -1 -1 -1 -1 -1 -1 -1 -1 1 
68 5 Car -1.000000 -1 -1 0.3949432373046875 189.3329620361328 106.25526428222656 262.2684326171875 -1 -1 -1 -1 -1 -1 -1 -1 1 
68 4 Car -1.000000 -1 -1 695.555908203125 173.54811096191406 740.8366088867188 207.19863891601562 -1 -1 -1 -1 -1 -1 -1 -1 1 
69 4 Car -1.000000 -1 -1 696.7288818359375 173.2965850830078 743.2117309570312 207.7490997314453 -1 -1 -1 -1 -1 -1 -1 -1 1 
70 4 Car -1.000000 -1 -1 697.1282958984375 173.84683227539062 746.5247802734375 209.15939331054688 -1 -1 -1 -1 -1 -1 -1 -1 1 
71 4 Car -1.000000 -1 -1 698.5673828125 172.90127563476562 749.316162109375 211.09963989257812 -1 -1 -1 -1 -1 -1 -1 -1 1 
72 4 Car -1.000000 -1 -1 699.1192626953125 174.95025634765625 752.1943359375 214.03358459472656 -1 -1 -1 -1 -1 -1 -1 -1 1 
73 4 Car -1.000000 -1 -1 701.1065063476562 177.91207885742188 756.3128051757812 217.01246643066406 -1 -1 -1 -1 -1 -1 -1 -1 1 
74 4 Car -1.000000 -1 -1 703.6865844726562 178.71286010742188 762.4965209960938 219.96734619140625 -1 -1 -1 -1 -1 -1 -1 -1 1 
75 4 Car -1.000000 -1 -1 706.0856323242188 178.90606689453125 766.0964965820312 221.3180389404297 -1 -1 -1 -1 -1 -1 -1 -1 1 
76 4 Car -1.000000 -1 -1 708.7257690429688 177.55673217773438 770.985107421875 222.02479553222656 -1 -1 -1 -1 -1 -1 -1 -1 1 
77 4 Car -1.000000 -1 -1 710.1588134765625 175.91806030273438 776.8530883789062 222.07080078125 -1 -1 -1 -1 -1 -1 -1 -1 1 
78 4 Car -1.000000 -1 -1 711.8672485351562 174.84776306152344 782.0073852539062 222.74673461914062 -1 -1 -1 -1 -1 -1 -1 -1 1 
79 4 Car -1.000000 -1 -1 717.3349609375 176.0290985107422 787.7338256835938 226.94805908203125 -1 -1 -1 -1 -1 -1 -1 -1 1 
80 4 Car -1.000000 -1 -1 716.5327758789062 179.05931091308594 794.8915405273438 230.89617919921875 -1 -1 -1 -1 -1 -1 -1 -1 1 
81 4 Car -1.000000 -1 -1 718.915283203125 180.28073120117188 801.4375 234.22628784179688 -1 -1 -1 -1 -1 -1 -1 -1 1 
82 4 Car -1.000000 -1 -1 723.9730834960938 181.0054931640625 809.195068359375 237.2411651611328 -1 -1 -1 -1 -1 -1 -1 -1 1 
83 4 Car -1.000000 -1 -1 726.2247924804688 181.28248596191406 817.8261108398438 241.05506896972656 -1 -1 -1 -1 -1 -1 -1 -1 1 
84 4 Car -1.000000 -1 -1 729.3602905273438 180.76510620117188 827.4266357421875 243.9736328125 -1 -1 -1 -1 -1 -1 -1 -1 1 
85 4 Car -1.000000 -1 -1 733.074951171875 181.8454132080078 836.8779296875 246.8171844482422 -1 -1 -1 -1 -1 -1 -1 -1 1 
86 4 Car -1.000000 -1 -1 737.6568603515625 181.50865173339844 847.9175415039062 250.3204803466797 -1 -1 -1 -1 -1 -1 -1 -1 1 
87 8 Car -1.000000 -1 -1 645.7222290039062 173.73817443847656 706.43310546875 196.77218627929688 -1 -1 -1 -1 -1 -1 -1 -1 1 
87 4 Car -1.000000 -1 -1 741.725830078125 182.34234619140625 859.2090454101562 254.60809326171875 -1 -1 -1 -1 -1 -1 -1 -1 1 
88 8 Car -1.000000 -1 -1 637.4306030273438 170.3841094970703 696.3202514648438 196.51742553710938 -1 -1 -1 -1 -1 -1 -1 -1 1 
88 4 Car -1.000000 -1 -1 746.4722900390625 182.33558654785156 871.5400390625 259.3507385253906 -1 -1 -1 -1 -1 -1 -1 -1 1 
89 8 Car -1.000000 -1 -1 623.8043212890625 171.92625427246094 685.8255615234375 196.69517517089844 -1 -1 -1 -1 -1 -1 -1 -1 1 
89 4 Car -1.000000 -1 -1 750.701416015625 182.51919555664062 884.486328125 263.25537109375 -1 -1 -1 -1 -1 -1 -1 -1 1 
90 8 Car -1.000000 -1 -1 627.3162231445312 172.79981994628906 675.1707153320312 197.1395721435547 -1 -1 -1 -1 -1 -1 -1 -1 1 
90 4 Car -1.000000 -1 -1 755.2078247070312 183.3572540283203 900.4483032226562 268.28033447265625 -1 -1 -1 -1 -1 -1 -1 -1 1 
91 10 Car -1.000000 -1 -1 387.7261047363281 180.72837829589844 447.9639587402344 204.31820678710938 -1 -1 -1 -1 -1 -1 -1 -1 1 
91 4 Car -1.000000 -1 -1 760.1240844726562 181.953369140625 913.332763671875 272.24993896484375 -1 -1 -1 -1 -1 -1 -1 -1 1 
92 10 Car -1.000000 -1 -1 394.79229736328125 178.39381408691406 457.337890625 204.76686096191406 -1 -1 -1 -1 -1 -1 -1 -1 1 
92 4 Car -1.000000 -1 -1 765.0899047851562 184.42996215820312 932.931396484375 279.8914794921875 -1 -1 -1 -1 -1 -1 -1 -1 1 
93 10 Car -1.000000 -1 -1 398.260986328125 178.34432983398438 461.6725769042969 205.06602478027344 -1 -1 -1 -1 -1 -1 -1 -1 1 
93 4 Car -1.000000 -1 -1 771.700439453125 184.9532928466797 951.3247680664062 285.8946228027344 -1 -1 -1 -1 -1 -1 -1 -1 1 
94 10 Car -1.000000 -1 -1 406.2210388183594 178.4422149658203 468.2679138183594 205.03981018066406 -1 -1 -1 -1 -1 -1 -1 -1 1 
94 4 Car -1.000000 -1 -1 778.3323364257812 185.58624267578125 971.8484497070312 292.25775146484375 -1 -1 -1 -1 -1 -1 -1 -1 1 
95 11 Car -1.000000 -1 -1 756.0870361328125 167.5692596435547 823.3350830078125 195.5423126220703 -1 -1 -1 -1 -1 -1 -1 -1 1 
95 10 Car -1.000000 -1 -1 414.7757568359375 176.5082244873047 467.70416259765625 204.81097412109375 -1 -1 -1 -1 -1 -1 -1 -1 1 
95 8 Car -1.000000 -1 -1 543.609130859375 173.61073303222656 615.9607543945312 202.6035919189453 -1 -1 -1 -1 -1 -1 -1 -1 1 
95 4 Car -1.000000 -1 -1 783.9237670898438 185.5171661376953 995.9595947265625 300.0271911621094 -1 -1 -1 -1 -1 -1 -1 -1 1 
96 11 Car -1.000000 -1 -1 745.6351928710938 167.29043579101562 815.7029418945312 195.9851531982422 -1 -1 -1 -1 -1 -1 -1 -1 1 
96 8 Car -1.000000 -1 -1 528.7697143554688 173.5159149169922 603.5895385742188 204.75196838378906 -1 -1 -1 -1 -1 -1 -1 -1 1 
96 4 Car -1.000000 -1 -1 791.6560668945312 186.98802185058594 1019.7858276367188 309.04229736328125 -1 -1 -1 -1 -1 -1 -1 -1 1 
97 11 Car -1.000000 -1 -1 736.2727661132812 167.44635009765625 807.9010620117188 196.78631591796875 -1 -1 -1 -1 -1 -1 -1 -1 1 
97 8 Car -1.000000 -1 -1 522.5037841796875 174.55555725097656 588.8275756835938 205.14651489257812 -1 -1 -1 -1 -1 -1 -1 -1 1 
97 4 Car -1.000000 -1 -1 798.8076171875 185.7825927734375 1047.56494140625 317.87237548828125 -1 -1 -1 -1 -1 -1 -1 -1 1 
98 11 Car -1.000000 -1 -1 723.4171142578125 167.06134033203125 797.1889038085938 197.363037109375 -1 -1 -1 -1 -1 -1 -1 -1 1 
98 8 Car -1.000000 -1 -1 508.70318603515625 174.55332946777344 576.1098022460938 206.36087036132812 -1 -1 -1 -1 -1 -1 -1 -1 1 
98 4 Car -1.000000 -1 -1 804.930419921875 188.24588012695312 1078.70458984375 327.7174072265625 -1 -1 -1 -1 -1 -1 -1 -1 1 
99 11 Car -1.000000 -1 -1 715.220947265625 167.62452697753906 786.867431640625 197.05519104003906 -1 -1 -1 -1 -1 -1 -1 -1 1 
99 8 Car -1.000000 -1 -1 488.84503173828125 174.0514373779297 562.0890502929688 208.56907653808594 -1 -1 -1 -1 -1 -1 -1 -1 1 
99 4 Car -1.000000 -1 -1 813.9608764648438 190.06692504882812 1112.8822021484375 340.20343017578125 -1 -1 -1 -1 -1 -1 -1 -1 1 
100 11 Car -1.000000 -1 -1 703.0567626953125 168.35621643066406 777.1055908203125 198.43472290039062 -1 -1 -1 -1 -1 -1 -1 -1 1 
100 8 Car -1.000000 -1 -1 476.0810852050781 176.23086547851562 545.676513671875 209.76026916503906 -1 -1 -1 -1 -1 -1 -1 -1 1 
100 4 Car -1.000000 -1 -1 822.346923828125 192.56639099121094 1153.57666015625 352.2586669921875 -1 -1 -1 -1 -1 -1 -1 -1 1 
101 11 Car -1.000000 -1 -1 690.1558837890625 169.3062744140625 767.2171630859375 200.09466552734375 -1 -1 -1 -1 -1 -1 -1 -1 1 
101 4 Car -1.000000 -1 -1 832.2454833984375 191.8398895263672 1197.307861328125 363.81475830078125 -1 -1 -1 -1 -1 -1 -1 -1 1 
102 11 Car -1.000000 -1 -1 680.6979370117188 168.64144897460938 757.0532836914062 200.4259033203125 -1 -1 -1 -1 -1 -1 -1 -1 1 
102 4 Car -1.000000 -1 -1 841.9013671875 191.99618530273438 1237.65673828125 371.4710693359375 -1 -1 -1 -1 -1 -1 -1 -1 1 
103 11 Car -1.000000 -1 -1 668.7494506835938 169.74147033691406 746.3906860351562 200.89224243164062 -1 -1 -1 -1 -1 -1 -1 -1 1 
103 4 Car -1.000000 -1 -1 852.8785400390625 193.41580200195312 1240.9947509765625 371.1733703613281 -1 -1 -1 -1 -1 -1 -1 -1 1 
104 12 Car -1.000000 -1 -1 224.3741912841797 181.39337158203125 300.97119140625 212.39068603515625 -1 -1 -1 -1 -1 -1 -1 -1 1 
104 11 Car -1.000000 -1 -1 657.0120239257812 170.07989501953125 734.4698486328125 201.49745178222656 -1 -1 -1 -1 -1 -1 -1 -1 1 
104 4 Car -1.000000 -1 -1 863.2683715820312 196.92007446289062 1241.5582275390625 371.4510498046875 -1 -1 -1 -1 -1 -1 -1 -1 1 
105 13 Car -1.000000 -1 -1 852.6689453125 167.2476806640625 944.9365844726562 198.6434783935547 -1 -1 -1 -1 -1 -1 -1 -1 1 
105 12 Car -1.000000 -1 -1 226.08676147460938 181.29684448242188 304.2603454589844 212.62722778320312 -1 -1 -1 -1 -1 -1 -1 -1 1 
105 11 Car -1.000000 -1 -1 643.8016357421875 169.9130096435547 724.4029541015625 202.77662658691406 -1 -1 -1 -1 -1 -1 -1 -1 1 
105 8 Car -1.000000 -1 -1 504.68536376953125 175.62429809570312 571.0303344726562 204.60276794433594 -1 -1 -1 -1 -1 -1 -1 -1 1 
105 4 Car -1.000000 -1 -1 877.13232421875 199.28311157226562 1240.126953125 371.960693359375 -1 -1 -1 -1 -1 -1 -1 -1 1 
106 13 Car -1.000000 -1 -1 850.7005615234375 165.8043670654297 938.1747436523438 198.4257049560547 -1 -1 -1 -1 -1 -1 -1 -1 1 
106 12 Car -1.000000 -1 -1 228.6184539794922 180.78895568847656 307.77410888671875 213.00360107421875 -1 -1 -1 -1 -1 -1 -1 -1 1 
106 11 Car -1.000000 -1 -1 633.782470703125 169.20306396484375 711.97900390625 203.50302124023438 -1 -1 -1 -1 -1 -1 -1 -1 1 
106 10 Car -1.000000 -1 -1 329.906494140625 179.1781768798828 444.6936950683594 227.05946350097656 -1 -1 -1 -1 -1 -1 -1 -1 1 
106 8 Car -1.000000 -1 -1 514.79443359375 176.05360412597656 582.5747680664062 203.86439514160156 -1 -1 -1 -1 -1 -1 -1 -1 1 
106 4 Car -1.000000 -1 -1 889.8155517578125 202.04849243164062 1240.7816162109375 372.8079833984375 -1 -1 -1 -1 -1 -1 -1 -1 1 
107 13 Car -1.000000 -1 -1 840.8919677734375 165.0613555908203 931.2552490234375 198.49732971191406 -1 -1 -1 -1 -1 -1 -1 -1 1 
107 11 Car -1.000000 -1 -1 620.834716796875 169.46336364746094 701.7848510742188 204.567626953125 -1 -1 -1 -1 -1 -1 -1 -1 1 
107 10 Car -1.000000 -1 -1 302.8763122558594 179.3245391845703 420.166748046875 230.81243896484375 -1 -1 -1 -1 -1 -1 -1 -1 1 
107 8 Car -1.000000 -1 -1 524.5464477539062 175.14085388183594 588.0450439453125 203.41709899902344 -1 -1 -1 -1 -1 -1 -1 -1 1 
107 4 Car -1.000000 -1 -1 905.7874145507812 202.43399047851562 1241.5054931640625 371.1632080078125 -1 -1 -1 -1 -1 -1 -1 -1 1 
108 13 Car -1.000000 -1 -1 827.960693359375 165.4574737548828 922.047119140625 199.85397338867188 -1 -1 -1 -1 -1 -1 -1 -1 1 
108 11 Car -1.000000 -1 -1 606.8991088867188 168.7786102294922 690.8450927734375 205.1215362548828 -1 -1 -1 -1 -1 -1 -1 -1 1 
108 10 Car -1.000000 -1 -1 272.0862731933594 180.81155395507812 398.3198547363281 234.50367736816406 -1 -1 -1 -1 -1 -1 -1 -1 1 
108 8 Car -1.000000 -1 -1 538.21533203125 172.2109832763672 601.6400146484375 201.85171508789062 -1 -1 -1 -1 -1 -1 -1 -1 1 
108 4 Car -1.000000 -1 -1 921.6053466796875 204.76806640625 1241.93701171875 370.35357666015625 -1 -1 -1 -1 -1 -1 -1 -1 1 
109 13 Car -1.000000 -1 -1 822.8178100585938 165.01905822753906 899.5514526367188 199.18446350097656 -1 -1 -1 -1 -1 -1 -1 -1 1 
109 11 Car -1.000000 -1 -1 594.5516967773438 169.31272888183594 678.2410888671875 206.0284423828125 -1 -1 -1 -1 -1 -1 -1 -1 1 
109 10 Car -1.000000 -1 -1 240.24403381347656 180.90106201171875 375.23248291015625 238.87957763671875 -1 -1 -1 -1 -1 -1 -1 -1 1 
109 8 Car -1.000000 -1 -1 545.0256958007812 173.56930541992188 599.947265625 202.78561401367188 -1 -1 -1 -1 -1 -1 -1 -1 1 
109 4 Car -1.000000 -1 -1 938.0798950195312 209.97677612304688 1241.555908203125 370.9020690917969 -1 -1 -1 -1 -1 -1 -1 -1 1 
110 13 Car -1.000000 -1 -1 813.5136108398438 166.02297973632812 902.6243286132812 200.4202423095703 -1 -1 -1 -1 -1 -1 -1 -1 1 
110 11 Car -1.000000 -1 -1 582.0924072265625 170.3405303955078 668.5269775390625 207.57553100585938 -1 -1 -1 -1 -1 -1 -1 -1 1 
110 10 Car -1.000000 -1 -1 201.7845458984375 181.67626953125 350.49383544921875 244.9371337890625 -1 -1 -1 -1 -1 -1 -1 -1 1 
110 4 Car -1.000000 -1 -1 955.524658203125 214.47732543945312 1241.2412109375 371.6146545410156 -1 -1 -1 -1 -1 -1 -1 -1 1 
111 13 Car -1.000000 -1 -1 802.8475952148438 163.43832397460938 900.7886352539062 200.00958251953125 -1 -1 -1 -1 -1 -1 -1 -1 1 
111 11 Car -1.000000 -1 -1 567.7029418945312 170.67660522460938 655.3491821289062 207.98577880859375 -1 -1 -1 -1 -1 -1 -1 -1 1 
111 10 Car -1.000000 -1 -1 158.53695678710938 181.67417907714844 324.9173278808594 251.8623046875 -1 -1 -1 -1 -1 -1 -1 -1 1 
111 4 Car -1.000000 -1 -1 973.6203002929688 217.30654907226562 1241.69775390625 372.2574462890625 -1 -1 -1 -1 -1 -1 -1 -1 1 
112 13 Car -1.000000 -1 -1 794.797607421875 165.2327880859375 892.6275634765625 200.07077026367188 -1 -1 -1 -1 -1 -1 -1 -1 1 
112 11 Car -1.000000 -1 -1 554.2289428710938 171.09402465820312 642.3165893554688 209.1200408935547 -1 -1 -1 -1 -1 -1 -1 -1 1 
112 10 Car -1.000000 -1 -1 108.95976257324219 186.18153381347656 292.93280029296875 261.4313659667969 -1 -1 -1 -1 -1 -1 -1 -1 1 
112 4 Car -1.000000 -1 -1 993.0730590820312 231.40606689453125 1241.231689453125 373.090087890625 -1 -1 -1 -1 -1 -1 -1 -1 1 
113 13 Car -1.000000 -1 -1 784.5885009765625 173.99996948242188 880.985107421875 200.64605712890625 -1 -1 -1 -1 -1 -1 -1 -1 1 
113 11 Car -1.000000 -1 -1 540.2820434570312 170.61300659179688 643.78466796875 210.92098999023438 -1 -1 -1 -1 -1 -1 -1 -1 1 
113 10 Car -1.000000 -1 -1 49.313323974609375 186.34640502929688 258.5732727050781 270.94830322265625 -1 -1 -1 -1 -1 -1 -1 -1 1 
113 4 Car -1.000000 -1 -1 1013.7760620117188 249.3023223876953 1241.4979248046875 372.7708740234375 -1 -1 -1 -1 -1 -1 -1 -1 1 
114 13 Car -1.000000 -1 -1 773.7691650390625 171.59872436523438 852.2611083984375 201.10520935058594 -1 -1 -1 -1 -1 -1 -1 -1 1 
114 12 Car -1.000000 -1 -1 267.0508117675781 178.71461486816406 359.11541748046875 214.70333862304688 -1 -1 -1 -1 -1 -1 -1 -1 1 
114 11 Car -1.000000 -1 -1 524.8441162109375 170.6234130859375 617.4083251953125 212.0277862548828 -1 -1 -1 -1 -1 -1 -1 -1 1 
114 10 Car -1.000000 -1 -1 1.31536865234375 188.45358276367188 218.86102294921875 281.785888671875 -1 -1 -1 -1 -1 -1 -1 -1 1 
114 4 Car -1.000000 -1 -1 1035.07373046875 280.9790344238281 1240.932373046875 372.9932556152344 -1 -1 -1 -1 -1 -1 -1 -1 1 
115 13 Car -1.000000 -1 -1 764.438232421875 169.11404418945312 854.236572265625 202.05323791503906 -1 -1 -1 -1 -1 -1 -1 -1 1 
115 12 Car -1.000000 -1 -1 276.5946044921875 179.88864135742188 367.9542236328125 214.7974395751953 -1 -1 -1 -1 -1 -1 -1 -1 1 
115 11 Car -1.000000 -1 -1 508.8512268066406 171.7871551513672 604.3306884765625 213.0503692626953 -1 -1 -1 -1 -1 -1 -1 -1 1 
115 10 Car -1.000000 -1 -1 -0.20804595947265625 190.68173217773438 173.82904052734375 293.576416015625 -1 -1 -1 -1 -1 -1 -1 -1 1 
115 4 Car -1.000000 -1 -1 1058.1378173828125 303.8473205566406 1240.362060546875 374.05078125 -1 -1 -1 -1 -1 -1 -1 -1 1 
116 13 Car -1.000000 -1 -1 754.974365234375 170.6114044189453 841.1229858398438 202.71231079101562 -1 -1 -1 -1 -1 -1 -1 -1 1 
116 12 Car -1.000000 -1 -1 283.7862548828125 179.53231811523438 377.64453125 214.74244689941406 -1 -1 -1 -1 -1 -1 -1 -1 1 
116 11 Car -1.000000 -1 -1 493.02423095703125 171.5940399169922 590.3958129882812 213.9235382080078 -1 -1 -1 -1 -1 -1 -1 -1 1 
116 10 Car -1.000000 -1 -1 0.308929443359375 194.5320281982422 117.63583374023438 286.9005432128906 -1 -1 -1 -1 -1 -1 -1 -1 1 
116 4 Car -1.000000 -1 -1 1083.3736572265625 313.05047607421875 1241.489013671875 374.0562744140625 -1 -1 -1 -1 -1 -1 -1 -1 1 
117 15 Car -1.000000 -1 -1 622.2821655273438 173.5057830810547 677.41064453125 200.62796020507812 -1 -1 -1 -1 -1 -1 -1 -1 1 
117 13 Car -1.000000 -1 -1 743.0083618164062 170.58706665039062 838.8653564453125 203.0221710205078 -1 -1 -1 -1 -1 -1 -1 -1 1 
117 12 Car -1.000000 -1 -1 292.5278625488281 179.48028564453125 386.881591796875 214.36114501953125 -1 -1 -1 -1 -1 -1 -1 -1 1 
117 11 Car -1.000000 -1 -1 475.88092041015625 170.45762634277344 576.039306640625 216.39047241210938 -1 -1 -1 -1 -1 -1 -1 -1 1 
117 10 Car -1.000000 -1 -1 0.1581268310546875 203.66873168945312 47.932106018066406 292.62017822265625 -1 -1 -1 -1 -1 -1 -1 -1 1 
118 13 Car -1.000000 -1 -1 727.3880004882812 170.57611083984375 827.7103271484375 203.50885009765625 -1 -1 -1 -1 -1 -1 -1 -1 1 
118 12 Car -1.000000 -1 -1 304.1210021972656 179.23634338378906 386.4522705078125 213.10382080078125 -1 -1 -1 -1 -1 -1 -1 -1 1 
118 11 Car -1.000000 -1 -1 459.60711669921875 170.7222137451172 562.47607421875 218.2337646484375 -1 -1 -1 -1 -1 -1 -1 -1 1 
119 13 Car -1.000000 -1 -1 717.3523559570312 169.48194885253906 817.1378784179688 204.12771606445312 -1 -1 -1 -1 -1 -1 -1 -1 1 
119 11 Car -1.000000 -1 -1 442.3974914550781 170.60763549804688 547.4637451171875 219.59503173828125 -1 -1 -1 -1 -1 -1 -1 -1 1 
120 16 Car -1.000000 -1 -1 974.2587890625 159.9442138671875 1076.0078125 199.0994873046875 -1 -1 -1 -1 -1 -1 -1 -1 1 
120 13 Car -1.000000 -1 -1 703.5330810546875 170.19674682617188 804.6842651367188 204.273681640625 -1 -1 -1 -1 -1 -1 -1 -1 1 
120 11 Car -1.000000 -1 -1 425.75384521484375 171.04132080078125 531.6685791015625 221.15252685546875 -1 -1 -1 -1 -1 -1 -1 -1 1 
121 16 Car -1.000000 -1 -1 962.2373046875 160.55967712402344 1059.722412109375 200.1225128173828 -1 -1 -1 -1 -1 -1 -1 -1 1 
121 13 Car -1.000000 -1 -1 693.76806640625 169.87567138671875 793.7733764648438 205.83416748046875 -1 -1 -1 -1 -1 -1 -1 -1 1 
121 11 Car -1.000000 -1 -1 411.37518310546875 171.95860290527344 515.3590087890625 223.10020446777344 -1 -1 -1 -1 -1 -1 -1 -1 1 
122 16 Car -1.000000 -1 -1 950.2085571289062 159.87310791015625 1050.0233154296875 199.48956298828125 -1 -1 -1 -1 -1 -1 -1 -1 1 
122 13 Car -1.000000 -1 -1 681.6680908203125 170.6063690185547 780.4512329101562 206.04669189453125 -1 -1 -1 -1 -1 -1 -1 -1 1 
122 11 Car -1.000000 -1 -1 393.11016845703125 171.6619873046875 499.2111511230469 225.38079833984375 -1 -1 -1 -1 -1 -1 -1 -1 1 
123 16 Car -1.000000 -1 -1 941.3115844726562 159.1527862548828 1037.0443115234375 199.99234008789062 -1 -1 -1 -1 -1 -1 -1 -1 1 
123 13 Car -1.000000 -1 -1 669.7861328125 171.944091796875 767.9651489257812 205.8847198486328 -1 -1 -1 -1 -1 -1 -1 -1 1 
123 11 Car -1.000000 -1 -1 361.68719482421875 171.19143676757812 485.30645751953125 225.0530548095703 -1 -1 -1 -1 -1 -1 -1 -1 1 
124 16 Car -1.000000 -1 -1 923.254150390625 159.364990234375 1023.9229736328125 200.64276123046875 -1 -1 -1 -1 -1 -1 -1 -1 1 
124 13 Car -1.000000 -1 -1 654.7442016601562 172.14662170410156 754.3607788085938 207.09654235839844 -1 -1 -1 -1 -1 -1 -1 -1 1 
124 11 Car -1.000000 -1 -1 334.86529541015625 173.9743194580078 464.8619384765625 231.0711212158203 -1 -1 -1 -1 -1 -1 -1 -1 1 
125 16 Car -1.000000 -1 -1 910.76123046875 159.52088928222656 1010.8970947265625 200.3159942626953 -1 -1 -1 -1 -1 -1 -1 -1 1 
125 13 Car -1.000000 -1 -1 639.1140747070312 171.56884765625 742.45849609375 207.43980407714844 -1 -1 -1 -1 -1 -1 -1 -1 1 
125 11 Car -1.000000 -1 -1 312.249267578125 173.87185668945312 447.3125 238.05267333984375 -1 -1 -1 -1 -1 -1 -1 -1 1 
126 16 Car -1.000000 -1 -1 899.2503662109375 160.6341094970703 996.2833862304688 200.23147583007812 -1 -1 -1 -1 -1 -1 -1 -1 1 
126 13 Car -1.000000 -1 -1 623.4502563476562 171.7407989501953 731.1227416992188 208.82635498046875 -1 -1 -1 -1 -1 -1 -1 -1 1 
126 11 Car -1.000000 -1 -1 286.60015869140625 173.52944946289062 447.5268249511719 241.04751586914062 -1 -1 -1 -1 -1 -1 -1 -1 1 
127 16 Car -1.000000 -1 -1 885.1539916992188 161.05682373046875 981.5878295898438 200.85545349121094 -1 -1 -1 -1 -1 -1 -1 -1 1 
127 13 Car -1.000000 -1 -1 610.2498779296875 171.83836364746094 718.0040893554688 210.12985229492188 -1 -1 -1 -1 -1 -1 -1 -1 1 
127 11 Car -1.000000 -1 -1 257.120849609375 175.15174865722656 413.2237548828125 245.28897094726562 -1 -1 -1 -1 -1 -1 -1 -1 1 
128 16 Car -1.000000 -1 -1 873.2506103515625 160.78456115722656 969.3573608398438 200.43463134765625 -1 -1 -1 -1 -1 -1 -1 -1 1 
128 13 Car -1.000000 -1 -1 595.1522827148438 172.06015014648438 702.983642578125 210.88197326660156 -1 -1 -1 -1 -1 -1 -1 -1 1 
128 11 Car -1.000000 -1 -1 224.60308837890625 175.13778686523438 377.84442138671875 252.03219604492188 -1 -1 -1 -1 -1 -1 -1 -1 1 
129 16 Car -1.000000 -1 -1 858.7229614257812 160.86801147460938 955.3292846679688 202.0091552734375 -1 -1 -1 -1 -1 -1 -1 -1 1 
129 13 Car -1.000000 -1 -1 578.41015625 173.32774353027344 688.765869140625 211.58602905273438 -1 -1 -1 -1 -1 -1 -1 -1 1 
129 11 Car -1.000000 -1 -1 186.77371215820312 176.48074340820312 360.802734375 256.8382568359375 -1 -1 -1 -1 -1 -1 -1 -1 1 
130 16 Car -1.000000 -1 -1 845.545166015625 160.54531860351562 941.5568237304688 202.62754821777344 -1 -1 -1 -1 -1 -1 -1 -1 1 
130 13 Car -1.000000 -1 -1 564.4739990234375 174.548583984375 674.8609008789062 211.93038940429688 -1 -1 -1 -1 -1 -1 -1 -1 1 
130 11 Car -1.000000 -1 -1 143.70059204101562 177.3195343017578 337.25054931640625 265.23291015625 -1 -1 -1 -1 -1 -1 -1 -1 1 
131 16 Car -1.000000 -1 -1 831.67138671875 160.21224975585938 928.4080200195312 203.26133728027344 -1 -1 -1 -1 -1 -1 -1 -1 1 
131 13 Car -1.000000 -1 -1 546.5291748046875 173.1845703125 660.8095703125 213.29054260253906 -1 -1 -1 -1 -1 -1 -1 -1 1 
131 11 Car -1.000000 -1 -1 97.86857604980469 178.40081787109375 309.40863037109375 271.4012451171875 -1 -1 -1 -1 -1 -1 -1 -1 1 
132 17 Car -1.000000 -1 -1 698.4126586914062 173.44302368164062 726.0693359375 194.5313720703125 -1 -1 -1 -1 -1 -1 -1 -1 1 
132 16 Car -1.000000 -1 -1 818.855712890625 160.5094451904297 917.50390625 203.91708374023438 -1 -1 -1 -1 -1 -1 -1 -1 1 
132 13 Car -1.000000 -1 -1 532.6005249023438 173.95904541015625 645.3309326171875 215.52993774414062 -1 -1 -1 -1 -1 -1 -1 -1 1 
132 11 Car -1.000000 -1 -1 41.13410949707031 180.01641845703125 278.912353515625 281.95086669921875 -1 -1 -1 -1 -1 -1 -1 -1 1 
133 17 Car -1.000000 -1 -1 700.3496704101562 173.34437561035156 728.1600341796875 194.21490478515625 -1 -1 -1 -1 -1 -1 -1 -1 1 
133 16 Car -1.000000 -1 -1 806.2789916992188 161.9580841064453 899.8837280273438 204.07464599609375 -1 -1 -1 -1 -1 -1 -1 -1 1 
133 13 Car -1.000000 -1 -1 514.7222290039062 174.47067260742188 632.376220703125 216.56491088867188 -1 -1 -1 -1 -1 -1 -1 -1 1 
133 11 Car -1.000000 -1 -1 1.3213424682617188 181.01132202148438 244.44168090820312 293.84210205078125 -1 -1 -1 -1 -1 -1 -1 -1 1 
134 17 Car -1.000000 -1 -1 700.8072509765625 173.9075164794922 728.566162109375 194.080322265625 -1 -1 -1 -1 -1 -1 -1 -1 1 
134 16 Car -1.000000 -1 -1 792.1603393554688 161.18276977539062 886.0424194335938 204.1325225830078 -1 -1 -1 -1 -1 -1 -1 -1 1 
134 13 Car -1.000000 -1 -1 500.10052490234375 174.8333740234375 617.0056762695312 217.6150360107422 -1 -1 -1 -1 -1 -1 -1 -1 1 
134 12 Car -1.000000 -1 -1 412.7747497558594 176.06158447265625 462.9860534667969 209.40872192382812 -1 -1 -1 -1 -1 -1 -1 -1 1 
134 11 Car -1.000000 -1 -1 0.176177978515625 182.2314453125 203.72039794921875 305.44830322265625 -1 -1 -1 -1 -1 -1 -1 -1 1 
135 17 Car -1.000000 -1 -1 702.2686157226562 174.7376708984375 728.6614379882812 194.03561401367188 -1 -1 -1 -1 -1 -1 -1 -1 1 
135 16 Car -1.000000 -1 -1 778.9600219726562 161.859375 871.1507568359375 204.49014282226562 -1 -1 -1 -1 -1 -1 -1 -1 1 
135 13 Car -1.000000 -1 -1 482.7325134277344 175.2512664794922 602.84423828125 219.28530883789062 -1 -1 -1 -1 -1 -1 -1 -1 1 
135 12 Car -1.000000 -1 -1 415.2765808105469 178.7248077392578 460.1614074707031 209.85635375976562 -1 -1 -1 -1 -1 -1 -1 -1 1 
135 11 Car -1.000000 -1 -1 -0.04271697998046875 184.0296630859375 157.10311889648438 295.207763671875 -1 -1 -1 -1 -1 -1 -1 -1 1 
136 17 Car -1.000000 -1 -1 706.355224609375 174.71435546875 731.8132934570312 194.258056640625 -1 -1 -1 -1 -1 -1 -1 -1 1 
136 16 Car -1.000000 -1 -1 764.3051147460938 162.2411346435547 858.7864990234375 205.92127990722656 -1 -1 -1 -1 -1 -1 -1 -1 1 
136 13 Car -1.000000 -1 -1 462.10308837890625 175.84085083007812 589.2809448242188 221.51258850097656 -1 -1 -1 -1 -1 -1 -1 -1 1 
136 12 Car -1.000000 -1 -1 416.595703125 178.5608673095703 457.4335632324219 210.57473754882812 -1 -1 -1 -1 -1 -1 -1 -1 1 
136 11 Car -1.000000 -1 -1 -0.18828201293945312 187.06898498535156 100.54388427734375 299.570068359375 -1 -1 -1 -1 -1 -1 -1 -1 1 
137 16 Car -1.000000 -1 -1 748.9791870117188 164.57589721679688 844.2616577148438 207.3048553466797 -1 -1 -1 -1 -1 -1 -1 -1 1 
137 13 Car -1.000000 -1 -1 445.3875732421875 176.88623046875 573.601318359375 224.21286010742188 -1 -1 -1 -1 -1 -1 -1 -1 1 
138 16 Car -1.000000 -1 -1 732.4949340820312 164.54779052734375 829.2462768554688 207.99476623535156 -1 -1 -1 -1 -1 -1 -1 -1 1 
138 13 Car -1.000000 -1 -1 426.0867004394531 177.78868103027344 557.25537109375 226.02517700195312 -1 -1 -1 -1 -1 -1 -1 -1 1 
139 16 Car -1.000000 -1 -1 719.5146484375 164.85308837890625 814.499267578125 208.71707153320312 -1 -1 -1 -1 -1 -1 -1 -1 1 
139 13 Car -1.000000 -1 -1 405.3910827636719 178.43272399902344 541.8206787109375 228.58489990234375 -1 -1 -1 -1 -1 -1 -1 -1 1 
140 16 Car -1.000000 -1 -1 703.4287719726562 164.04019165039062 800.3971557617188 209.45440673828125 -1 -1 -1 -1 -1 -1 -1 -1 1 
140 13 Car -1.000000 -1 -1 397.9215393066406 179.70425415039062 524.1512451171875 228.70338439941406 -1 -1 -1 -1 -1 -1 -1 -1 1 
141 16 Car -1.000000 -1 -1 688.6807250976562 163.53091430664062 786.6032104492188 210.48829650878906 -1 -1 -1 -1 -1 -1 -1 -1 1 
141 13 Car -1.000000 -1 -1 384.2987976074219 179.37771606445312 507.9287109375 229.5724639892578 -1 -1 -1 -1 -1 -1 -1 -1 1 
142 16 Car -1.000000 -1 -1 673.4197387695312 163.28329467773438 768.4498291015625 210.64315795898438 -1 -1 -1 -1 -1 -1 -1 -1 1 
142 13 Car -1.000000 -1 -1 386.6416931152344 179.0107879638672 490.1134338378906 228.90185546875 -1 -1 -1 -1 -1 -1 -1 -1 1 
143 18 Car -1.000000 -1 -1 979.8521118164062 131.11207580566406 1154.3555908203125 203.21063232421875 -1 -1 -1 -1 -1 -1 -1 -1 1 
143 16 Car -1.000000 -1 -1 657.5667724609375 164.12518310546875 754.6408081054688 211.45541381835938 -1 -1 -1 -1 -1 -1 -1 -1 1 
143 13 Car -1.000000 -1 -1 366.02288818359375 179.5892333984375 472.1134338378906 231.3529052734375 -1 -1 -1 -1 -1 -1 -1 -1 1 
144 18 Car -1.000000 -1 -1 960.4559936523438 130.65994262695312 1153.976806640625 202.5058135986328 -1 -1 -1 -1 -1 -1 -1 -1 1 
144 16 Car -1.000000 -1 -1 641.6241455078125 164.55508422851562 738.3623046875 212.349853515625 -1 -1 -1 -1 -1 -1 -1 -1 1 
144 13 Car -1.000000 -1 -1 287.287841796875 180.05502319335938 453.312255859375 241.6890869140625 -1 -1 -1 -1 -1 -1 -1 -1 1 
145 18 Car -1.000000 -1 -1 936.4337768554688 130.39431762695312 1155.671630859375 202.67105102539062 -1 -1 -1 -1 -1 -1 -1 -1 1 
145 16 Car -1.000000 -1 -1 627.2421875 164.6265106201172 728.0123291015625 213.6669158935547 -1 -1 -1 -1 -1 -1 -1 -1 1 
145 13 Car -1.000000 -1 -1 256.4073486328125 180.79141235351562 432.5123596191406 244.22438049316406 -1 -1 -1 -1 -1 -1 -1 -1 1 
146 18 Car -1.000000 -1 -1 915.272216796875 129.91571044921875 1156.931640625 203.80406188964844 -1 -1 -1 -1 -1 -1 -1 -1 1 
146 16 Car -1.000000 -1 -1 607.4441528320312 165.483642578125 707.1123657226562 215.21246337890625 -1 -1 -1 -1 -1 -1 -1 -1 1 
146 13 Car -1.000000 -1 -1 225.37399291992188 180.18951416015625 419.691162109375 251.40774536132812 -1 -1 -1 -1 -1 -1 -1 -1 1 
147 18 Car -1.000000 -1 -1 893.8226928710938 129.08338928222656 1211.9591064453125 203.22616577148438 -1 -1 -1 -1 -1 -1 -1 -1 1 
147 16 Car -1.000000 -1 -1 591.48681640625 165.38253784179688 690.1228637695312 215.53652954101562 -1 -1 -1 -1 -1 -1 -1 -1 1 
147 13 Car -1.000000 -1 -1 191.27084350585938 183.60287475585938 395.31951904296875 254.89512634277344 -1 -1 -1 -1 -1 -1 -1 -1 1 
148 18 Car -1.000000 -1 -1 876.9474487304688 129.44859313964844 1161.3134765625 204.77719116210938 -1 -1 -1 -1 -1 -1 -1 -1 1 
148 16 Car -1.000000 -1 -1 572.6259765625 166.24073791503906 673.9239501953125 216.85101318359375 -1 -1 -1 -1 -1 -1 -1 -1 1 
148 13 Car -1.000000 -1 -1 153.33135986328125 185.85394287109375 331.4874572753906 259.2167053222656 -1 -1 -1 -1 -1 -1 -1 -1 1 
149 18 Car -1.000000 -1 -1 857.647705078125 129.65499877929688 1161.38134765625 204.84678649902344 -1 -1 -1 -1 -1 -1 -1 -1 1 
149 16 Car -1.000000 -1 -1 554.114013671875 166.6132049560547 657.593017578125 218.43479919433594 -1 -1 -1 -1 -1 -1 -1 -1 1 
149 13 Car -1.000000 -1 -1 111.60032653808594 187.11434936523438 327.61492919921875 264.15850830078125 -1 -1 -1 -1 -1 -1 -1 -1 1 
150 18 Car -1.000000 -1 -1 838.600341796875 130.84727478027344 1152.0194091796875 205.35635375976562 -1 -1 -1 -1 -1 -1 -1 -1 1 
150 16 Car -1.000000 -1 -1 535.4788208007812 165.44769287109375 640.9712524414062 219.1546173095703 -1 -1 -1 -1 -1 -1 -1 -1 1 
150 13 Car -1.000000 -1 -1 65.43319702148438 187.98452758789062 312.7286376953125 270.172607421875 -1 -1 -1 -1 -1 -1 -1 -1 1 
151 18 Car -1.000000 -1 -1 821.8814086914062 131.5528106689453 1129.675048828125 206.64340209960938 -1 -1 -1 -1 -1 -1 -1 -1 1 
151 16 Car -1.000000 -1 -1 514.9804077148438 166.10191345214844 623.9766235351562 220.98458862304688 -1 -1 -1 -1 -1 -1 -1 -1 1 
151 13 Car -1.000000 -1 -1 15.009765625 188.57620239257812 285.993896484375 278.5588073730469 -1 -1 -1 -1 -1 -1 -1 -1 1 
152 18 Car -1.000000 -1 -1 804.607421875 132.02548217773438 1106.81201171875 206.8233184814453 -1 -1 -1 -1 -1 -1 -1 -1 1 
152 16 Car -1.000000 -1 -1 495.419921875 166.94215393066406 604.8905029296875 222.1394500732422 -1 -1 -1 -1 -1 -1 -1 -1 1 
152 13 Car -1.000000 -1 -1 1.3762588500976562 190.0823211669922 252.75350952148438 286.025390625 -1 -1 -1 -1 -1 -1 -1 -1 1 
153 18 Car -1.000000 -1 -1 788.5170288085938 132.12025451660156 1091.7210693359375 206.07139587402344 -1 -1 -1 -1 -1 -1 -1 -1 1 
153 16 Car -1.000000 -1 -1 473.6127624511719 167.24789428710938 586.8057861328125 223.27529907226562 -1 -1 -1 -1 -1 -1 -1 -1 1 
153 13 Car -1.000000 -1 -1 0.41054534912109375 191.04379272460938 218.64276123046875 293.55377197265625 -1 -1 -1 -1 -1 -1 -1 -1 1 
154 18 Car -1.000000 -1 -1 770.5750122070312 132.0885467529297 1071.91455078125 205.23751831054688 -1 -1 -1 -1 -1 -1 -1 -1 1 
154 16 Car -1.000000 -1 -1 451.7135009765625 166.88787841796875 567.3429565429688 225.85787963867188 -1 -1 -1 -1 -1 -1 -1 -1 1 
154 13 Car -1.000000 -1 -1 0.063385009765625 193.10633850097656 179.13656616210938 291.7098083496094 -1 -1 -1 -1 -1 -1 -1 -1 1 
155 18 Car -1.000000 -1 -1 755.5732421875 132.99847412109375 1053.2603759765625 205.69041442871094 -1 -1 -1 -1 -1 -1 -1 -1 1 
155 16 Car -1.000000 -1 -1 428.4529113769531 165.8247528076172 549.0576782226562 228.11019897460938 -1 -1 -1 -1 -1 -1 -1 -1 1 
155 13 Car -1.000000 -1 -1 0.48593902587890625 195.95248413085938 135.29421997070312 286.9506530761719 -1 -1 -1 -1 -1 -1 -1 -1 1 
156 18 Car -1.000000 -1 -1 738.683837890625 133.46759033203125 1034.142333984375 205.73814392089844 -1 -1 -1 -1 -1 -1 -1 -1 1 
156 16 Car -1.000000 -1 -1 404.6728515625 166.3512725830078 528.603271484375 230.65065002441406 -1 -1 -1 -1 -1 -1 -1 -1 1 
156 13 Car -1.000000 -1 -1 0.07599639892578125 197.117919921875 85.35767364501953 295.1242980957031 -1 -1 -1 -1 -1 -1 -1 -1 1 
157 18 Car -1.000000 -1 -1 722.7761840820312 133.6687469482422 1017.0391235351562 207.15286254882812 -1 -1 -1 -1 -1 -1 -1 -1 1 
157 16 Car -1.000000 -1 -1 378.9239501953125 167.4373779296875 507.5849609375 232.30770874023438 -1 -1 -1 -1 -1 -1 -1 -1 1 
158 18 Car -1.000000 -1 -1 706.5413818359375 135.00515747070312 999.3397216796875 208.42446899414062 -1 -1 -1 -1 -1 -1 -1 -1 1 
158 16 Car -1.000000 -1 -1 372.64056396484375 167.72328186035156 486.39556884765625 234.3245849609375 -1 -1 -1 -1 -1 -1 -1 -1 1 
159 18 Car -1.000000 -1 -1 691.6287231445312 134.9358367919922 984.96240234375 208.38560485839844 -1 -1 -1 -1 -1 -1 -1 -1 1 
159 16 Car -1.000000 -1 -1 343.88092041015625 167.00546264648438 463.857666015625 238.68490600585938 -1 -1 -1 -1 -1 -1 -1 -1 1 
160 18 Car -1.000000 -1 -1 676.8872680664062 135.56544494628906 966.0794677734375 208.6203155517578 -1 -1 -1 -1 -1 -1 -1 -1 1 
160 16 Car -1.000000 -1 -1 323.2829895019531 166.42539978027344 439.03741455078125 237.73794555664062 -1 -1 -1 -1 -1 -1 -1 -1 1 
161 18 Car -1.000000 -1 -1 661.6458129882812 136.00511169433594 949.0853271484375 208.54605102539062 -1 -1 -1 -1 -1 -1 -1 -1 1 
161 16 Car -1.000000 -1 -1 257.62554931640625 168.11705017089844 416.56158447265625 246.09291076660156 -1 -1 -1 -1 -1 -1 -1 -1 1 
162 18 Car -1.000000 -1 -1 648.1155395507812 135.77110290527344 936.019287109375 208.80540466308594 -1 -1 -1 -1 -1 -1 -1 -1 1 
162 16 Car -1.000000 -1 -1 220.72491455078125 169.09722900390625 390.06903076171875 254.73892211914062 -1 -1 -1 -1 -1 -1 -1 -1 1 
163 18 Car -1.000000 -1 -1 632.9212646484375 136.10647583007812 918.4991455078125 210.29495239257812 -1 -1 -1 -1 -1 -1 -1 -1 1 
163 16 Car -1.000000 -1 -1 181.95077514648438 167.16648864746094 373.22515869140625 260.5543212890625 -1 -1 -1 -1 -1 -1 -1 -1 1 
164 18 Car -1.000000 -1 -1 619.23193359375 136.80111694335938 899.9572143554688 210.1831512451172 -1 -1 -1 -1 -1 -1 -1 -1 1 
164 16 Car -1.000000 -1 -1 138.6051025390625 168.20095825195312 333.2456970214844 267.2130126953125 -1 -1 -1 -1 -1 -1 -1 -1 1 
165 18 Car -1.000000 -1 -1 605.7978515625 136.88592529296875 890.2449951171875 210.6105194091797 -1 -1 -1 -1 -1 -1 -1 -1 1 
165 16 Car -1.000000 -1 -1 89.7879867553711 168.49989318847656 303.8175048828125 274.09783935546875 -1 -1 -1 -1 -1 -1 -1 -1 1 
166 18 Car -1.000000 -1 -1 592.9307861328125 137.69155883789062 875.5597534179688 211.21717834472656 -1 -1 -1 -1 -1 -1 -1 -1 1 
166 16 Car -1.000000 -1 -1 34.897666931152344 169.65794372558594 274.7659912109375 282.23187255859375 -1 -1 -1 -1 -1 -1 -1 -1 1 
167 18 Car -1.000000 -1 -1 580.6226806640625 138.29605102539062 862.3984375 211.90206909179688 -1 -1 -1 -1 -1 -1 -1 -1 1 
167 16 Car -1.000000 -1 -1 0.36090850830078125 169.72149658203125 237.91012573242188 293.5245666503906 -1 -1 -1 -1 -1 -1 -1 -1 1 
168 18 Car -1.000000 -1 -1 567.0191650390625 138.5308837890625 848.0035400390625 211.73019409179688 -1 -1 -1 -1 -1 -1 -1 -1 1 
168 16 Car -1.000000 -1 -1 0.48139190673828125 169.55833435058594 195.9952392578125 304.85418701171875 -1 -1 -1 -1 -1 -1 -1 -1 1 
169 18 Car -1.000000 -1 -1 554.1334838867188 139.38278198242188 837.1361694335938 212.177001953125 -1 -1 -1 -1 -1 -1 -1 -1 1 
169 16 Car -1.000000 -1 -1 0.449951171875 171.58058166503906 148.77943420410156 291.4364929199219 -1 -1 -1 -1 -1 -1 -1 -1 1 
170 18 Car -1.000000 -1 -1 539.53515625 138.68368530273438 821.9093627929688 213.96014404296875 -1 -1 -1 -1 -1 -1 -1 -1 1 
170 16 Car -1.000000 -1 -1 0.5305595397949219 172.34478759765625 93.35414123535156 297.88092041015625 -1 -1 -1 -1 -1 -1 -1 -1 1 
171 18 Car -1.000000 -1 -1 527.096435546875 139.4364013671875 810.4292602539062 213.69419860839844 -1 -1 -1 -1 -1 -1 -1 -1 1 
172 18 Car -1.000000 -1 -1 514.4343872070312 139.1492462158203 796.386962890625 214.32388305664062 -1 -1 -1 -1 -1 -1 -1 -1 1 
173 18 Car -1.000000 -1 -1 502.0679931640625 137.98348999023438 787.7774658203125 216.00277709960938 -1 -1 -1 -1 -1 -1 -1 -1 1 
174 18 Car -1.000000 -1 -1 489.2935791015625 138.77752685546875 774.474609375 216.9892578125 -1 -1 -1 -1 -1 -1 -1 -1 1 
175 18 Car -1.000000 -1 -1 477.1629638671875 139.0089111328125 762.039306640625 217.29969787597656 -1 -1 -1 -1 -1 -1 -1 -1 1 
176 18 Car -1.000000 -1 -1 462.5076599121094 138.5966033935547 752.218505859375 217.15403747558594 -1 -1 -1 -1 -1 -1 -1 -1 1 
177 18 Car -1.000000 -1 -1 451.86102294921875 139.38360595703125 740.1002197265625 217.57470703125 -1 -1 -1 -1 -1 -1 -1 -1 1 
178 18 Car -1.000000 -1 -1 433.30596923828125 139.63648986816406 728.7483520507812 218.29949951171875 -1 -1 -1 -1 -1 -1 -1 -1 1 
179 18 Car -1.000000 -1 -1 429.7135009765625 139.35372924804688 717.03759765625 219.24005126953125 -1 -1 -1 -1 -1 -1 -1 -1 1 
180 18 Car -1.000000 -1 -1 415.8873291015625 138.95132446289062 704.3812255859375 219.51368713378906 -1 -1 -1 -1 -1 -1 -1 -1 1 
181 18 Car -1.000000 -1 -1 401.8927001953125 139.75035095214844 693.231201171875 221.1011962890625 -1 -1 -1 -1 -1 -1 -1 -1 1 
182 18 Car -1.000000 -1 -1 387.86431884765625 139.0784149169922 680.4078369140625 221.62274169921875 -1 -1 -1 -1 -1 -1 -1 -1 1 
183 18 Car -1.000000 -1 -1 372.10406494140625 137.63711547851562 668.9739990234375 221.20755004882812 -1 -1 -1 -1 -1 -1 -1 -1 1 
184 18 Car -1.000000 -1 -1 358.5106201171875 136.01730346679688 657.4345703125 224.14988708496094 -1 -1 -1 -1 -1 -1 -1 -1 1 
185 18 Car -1.000000 -1 -1 342.4509582519531 134.9412078857422 644.7025146484375 225.01004028320312 -1 -1 -1 -1 -1 -1 -1 -1 1 
186 18 Car -1.000000 -1 -1 336.9901428222656 135.61183166503906 632.597412109375 226.67166137695312 -1 -1 -1 -1 -1 -1 -1 -1 1 
187 18 Car -1.000000 -1 -1 309.83465576171875 135.7830810546875 621.171142578125 227.60797119140625 -1 -1 -1 -1 -1 -1 -1 -1 1 
188 18 Car -1.000000 -1 -1 272.69525146484375 133.4097900390625 605.8367919921875 227.28541564941406 -1 -1 -1 -1 -1 -1 -1 -1 1 
189 18 Car -1.000000 -1 -1 251.20046997070312 132.81809997558594 594.3563232421875 227.09213256835938 -1 -1 -1 -1 -1 -1 -1 -1 1 
190 18 Car -1.000000 -1 -1 227.2688446044922 134.01942443847656 580.584228515625 227.50192260742188 -1 -1 -1 -1 -1 -1 -1 -1 1 
191 18 Car -1.000000 -1 -1 207.60194396972656 134.11827087402344 568.5028076171875 227.839599609375 -1 -1 -1 -1 -1 -1 -1 -1 1 
192 18 Car -1.000000 -1 -1 184.95327758789062 131.6256561279297 554.1173095703125 232.04530334472656 -1 -1 -1 -1 -1 -1 -1 -1 1 
193 21 Car -1.000000 -1 -1 1093.477783203125 160.38943481445312 1232.574951171875 202.0353240966797 -1 -1 -1 -1 -1 -1 -1 -1 1 
193 18 Car -1.000000 -1 -1 167.7971649169922 129.30215454101562 535.1475830078125 236.05816650390625 -1 -1 -1 -1 -1 -1 -1 -1 1 
194 18 Car -1.000000 -1 -1 134.7525177001953 123.81761169433594 528.58154296875 242.18667602539062 -1 -1 -1 -1 -1 -1 -1 -1 1 
195 18 Car -1.000000 -1 -1 107.00564575195312 121.96116638183594 513.626708984375 245.89784240722656 -1 -1 -1 -1 -1 -1 -1 -1 1 
196 18 Car -1.000000 -1 -1 77.17742919921875 120.76872253417969 497.26092529296875 249.21311950683594 -1 -1 -1 -1 -1 -1 -1 -1 1 
197 18 Car -1.000000 -1 -1 42.987091064453125 117.31214904785156 483.2550354003906 255.6928253173828 -1 -1 -1 -1 -1 -1 -1 -1 1 
198 18 Car -1.000000 -1 -1 9.3828125 114.80508422851562 468.0041198730469 259.0552978515625 -1 -1 -1 -1 -1 -1 -1 -1 1 
199 18 Car -1.000000 -1 -1 0.7210235595703125 111.7808837890625 442.6783447265625 263.1011962890625 -1 -1 -1 -1 -1 -1 -1 -1 1 
200 18 Car -1.000000 -1 -1 0.644805908203125 109.29119110107422 429.1461181640625 268.6572265625 -1 -1 -1 -1 -1 -1 -1 -1 1 
201 21 Car -1.000000 -1 -1 1023.2055053710938 169.1044921875 1137.6519775390625 202.71290588378906 -1 -1 -1 -1 -1 -1 -1 -1 1 
201 18 Car -1.000000 -1 -1 0.2797698974609375 105.5766372680664 419.68255615234375 269.91876220703125 -1 -1 -1 -1 -1 -1 -1 -1 1 
202 21 Car -1.000000 -1 -1 1017.3477783203125 169.63177490234375 1129.525146484375 202.88836669921875 -1 -1 -1 -1 -1 -1 -1 -1 1 
202 18 Car -1.000000 -1 -1 -0.1106414794921875 102.422607421875 408.9639892578125 270.7900695800781 -1 -1 -1 -1 -1 -1 -1 -1 1 
203 21 Car -1.000000 -1 -1 1012.2474365234375 167.95364379882812 1131.4423828125 202.99993896484375 -1 -1 -1 -1 -1 -1 -1 -1 1 
203 18 Car -1.000000 -1 -1 0.3887481689453125 98.4189682006836 387.290283203125 274.57843017578125 -1 -1 -1 -1 -1 -1 -1 -1 1 
204 21 Car -1.000000 -1 -1 1008.4221801757812 167.51121520996094 1122.5360107421875 202.63619995117188 -1 -1 -1 -1 -1 -1 -1 -1 1 
204 18 Car -1.000000 -1 -1 0.61376953125 96.6906509399414 345.42852783203125 280.0136413574219 -1 -1 -1 -1 -1 -1 -1 -1 1 
205 21 Car -1.000000 -1 -1 1002.566162109375 167.87857055664062 1120.52978515625 202.68887329101562 -1 -1 -1 -1 -1 -1 -1 -1 1 
205 18 Car -1.000000 -1 -1 0.3846893310546875 96.24626922607422 340.81640625 282.03326416015625 -1 -1 -1 -1 -1 -1 -1 -1 1 
206 21 Car -1.000000 -1 -1 999.2830200195312 168.6937255859375 1114.234130859375 203.02928161621094 -1 -1 -1 -1 -1 -1 -1 -1 1 
206 18 Car -1.000000 -1 -1 1.1960601806640625 97.11744689941406 329.427001953125 281.3590087890625 -1 -1 -1 -1 -1 -1 -1 -1 1 
207 21 Car -1.000000 -1 -1 996.7263793945312 168.8761444091797 1120.022705078125 202.80946350097656 -1 -1 -1 -1 -1 -1 -1 -1 1 
207 18 Car -1.000000 -1 -1 0.4134521484375 106.3666763305664 313.3485107421875 276.8363342285156 -1 -1 -1 -1 -1 -1 -1 -1 1 
208 21 Car -1.000000 -1 -1 996.6825561523438 168.4865264892578 1120.3140869140625 202.99887084960938 -1 -1 -1 -1 -1 -1 -1 -1 1 
208 18 Car -1.000000 -1 -1 1.304718017578125 104.33039093017578 292.46337890625 277.74822998046875 -1 -1 -1 -1 -1 -1 -1 -1 1 
209 21 Car -1.000000 -1 -1 996.507568359375 168.75967407226562 1118.421630859375 203.08229064941406 -1 -1 -1 -1 -1 -1 -1 -1 1 
209 18 Car -1.000000 -1 -1 0.938140869140625 102.8718032836914 269.0757751464844 276.6067810058594 -1 -1 -1 -1 -1 -1 -1 -1 1 
210 21 Car -1.000000 -1 -1 994.969970703125 169.06686401367188 1116.430419921875 202.9036102294922 -1 -1 -1 -1 -1 -1 -1 -1 1 
210 18 Car -1.000000 -1 -1 0.6716995239257812 102.56074523925781 246.48648071289062 276.3238525390625 -1 -1 -1 -1 -1 -1 -1 -1 1 
211 21 Car -1.000000 -1 -1 994.4683837890625 169.44444274902344 1115.0450439453125 203.03976440429688 -1 -1 -1 -1 -1 -1 -1 -1 1 
211 18 Car -1.000000 -1 -1 0.577545166015625 102.65403747558594 220.4837646484375 276.6990966796875 -1 -1 -1 -1 -1 -1 -1 -1 1 
212 21 Car -1.000000 -1 -1 994.1491088867188 169.22265625 1114.7935791015625 203.34031677246094 -1 -1 -1 -1 -1 -1 -1 -1 1 
212 18 Car -1.000000 -1 -1 0.3812713623046875 102.8670654296875 193.5812225341797 283.2242126464844 -1 -1 -1 -1 -1 -1 -1 -1 1 
213 21 Car -1.000000 -1 -1 993.3341064453125 169.1282958984375 1114.4588623046875 203.50267028808594 -1 -1 -1 -1 -1 -1 -1 -1 1 
213 18 Car -1.000000 -1 -1 0.43675994873046875 103.87570190429688 164.51724243164062 289.62005615234375 -1 -1 -1 -1 -1 -1 -1 -1 1 
214 21 Car -1.000000 -1 -1 993.46923828125 169.68020629882812 1112.0947265625 203.2382354736328 -1 -1 -1 -1 -1 -1 -1 -1 1 
214 18 Car -1.000000 -1 -1 0.09671783447265625 102.62711334228516 130.269287109375 277.0738220214844 -1 -1 -1 -1 -1 -1 -1 -1 1 
215 21 Car -1.000000 -1 -1 992.3391723632812 169.44305419921875 1111.349609375 203.18316650390625 -1 -1 -1 -1 -1 -1 -1 -1 1 
215 18 Car -1.000000 -1 -1 0.01470184326171875 100.73345184326172 93.00237274169922 277.71209716796875 -1 -1 -1 -1 -1 -1 -1 -1 1 
216 21 Car -1.000000 -1 -1 992.21533203125 169.26649475097656 1111.7958984375 203.20370483398438 -1 -1 -1 -1 -1 -1 -1 -1 1 
216 18 Car -1.000000 -1 -1 0.029300689697265625 104.9095458984375 51.14814376831055 275.6739501953125 -1 -1 -1 -1 -1 -1 -1 -1 1 
217 21 Car -1.000000 -1 -1 992.2017822265625 169.30857849121094 1111.9752197265625 203.30612182617188 -1 -1 -1 -1 -1 -1 -1 -1 1 
218 21 Car -1.000000 -1 -1 992.2451171875 169.31192016601562 1112.06640625 203.30914306640625 -1 -1 -1 -1 -1 -1 -1 -1 1 
219 21 Car -1.000000 -1 -1 992.3126220703125 169.24598693847656 1111.8477783203125 203.27911376953125 -1 -1 -1 -1 -1 -1 -1 -1 1 
220 21 Car -1.000000 -1 -1 992.46435546875 169.15785217285156 1112.29345703125 203.30508422851562 -1 -1 -1 -1 -1 -1 -1 -1 1 
221 21 Car -1.000000 -1 -1 992.7564697265625 169.15570068359375 1112.5638427734375 203.28359985351562 -1 -1 -1 -1 -1 -1 -1 -1 1 
222 21 Car -1.000000 -1 -1 992.725341796875 169.3672332763672 1112.34765625 203.2977752685547 -1 -1 -1 -1 -1 -1 -1 -1 1 
223 21 Car -1.000000 -1 -1 992.6697998046875 169.5283203125 1112.3350830078125 203.28720092773438 -1 -1 -1 -1 -1 -1 -1 -1 1 
224 21 Car -1.000000 -1 -1 992.6802978515625 169.4735107421875 1112.3011474609375 203.30567932128906 -1 -1 -1 -1 -1 -1 -1 -1 1 
225 21 Car -1.000000 -1 -1 992.6744384765625 169.32952880859375 1112.3541259765625 203.32310485839844 -1 -1 -1 -1 -1 -1 -1 -1 1 
226 21 Car -1.000000 -1 -1 992.6271362304688 169.38973999023438 1111.934326171875 203.3424072265625 -1 -1 -1 -1 -1 -1 -1 -1 1 
227 21 Car -1.000000 -1 -1 992.6146240234375 169.44688415527344 1111.8682861328125 203.32357788085938 -1 -1 -1 -1 -1 -1 -1 -1 1 
228 21 Car -1.000000 -1 -1 992.5790405273438 169.42724609375 1112.037841796875 203.3190460205078 -1 -1 -1 -1 -1 -1 -1 -1 1 
229 21 Car -1.000000 -1 -1 992.5792846679688 169.18450927734375 1112.0625 203.3239288330078 -1 -1 -1 -1 -1 -1 -1 -1 1 
230 21 Car -1.000000 -1 -1 992.6162719726562 169.27178955078125 1111.9398193359375 203.32948303222656 -1 -1 -1 -1 -1 -1 -1 -1 1 
231 21 Car -1.000000 -1 -1 992.5995483398438 169.30313110351562 1111.8275146484375 203.33168029785156 -1 -1 -1 -1 -1 -1 -1 -1 1 
232 21 Car -1.000000 -1 -1 992.5906982421875 169.14988708496094 1111.9613037109375 203.3270263671875 -1 -1 -1 -1 -1 -1 -1 -1 1 
