0 5 Car -1.000000 -1 -1 931.1551511864516 149.55027713635448 1058.2913820166734 201.3277441038799 -1 -1 -1 -1 -1 -1 -1 -1 1 
0 4 Car -1.000000 -1 -1 1130.845338354371 163.89433310813837 1241.284056176879 219.28559853248663 -1 -1 -1 -1 -1 -1 -1 -1 1 
0 3 Car -1.000000 -1 -1 432.8437817522246 172.38792410730156 573.874632554416 219.56004342199532 -1 -1 -1 -1 -1 -1 -1 -1 1 
0 2 Car -1.000000 -1 -1 69.11468438985032 184.4684898933283 269.2463995945247 246.49351572190608 -1 -1 -1 -1 -1 -1 -1 -1 1 
0 1 Car -1.000000 -1 -1 807.7588500397475 164.62181037937842 955.9540405852525 250.88330131495752 -1 -1 -1 -1 -1 -1 -1 -1 1 
1 5 Car -1.000000 -1 -1 950.3699340820312 147.70802307128906 1058.2371826171875 200.320556640625 -1 -1 -1 -1 -1 -1 -1 -1 1 
1 4 Car -1.000000 -1 -1 1178.11572265625 158.08656311035156 1241.388427734375 219.62669372558594 -1 -1 -1 -1 -1 -1 -1 -1 1 
1 3 Car -1.000000 -1 -1 402.2477722167969 171.56300354003906 550.7816162109375 221.54531860351562 -1 -1 -1 -1 -1 -1 -1 -1 1 
1 2 Car -1.000000 -1 -1 1.2266526222229004 186.07009887695312 217.88156127929688 254.49966430664062 -1 -1 -1 -1 -1 -1 -1 -1 1 
1 1 Car -1.000000 -1 -1 830.7262573242188 163.28765869140625 985.294921875 249.7892608642578 -1 -1 -1 -1 -1 -1 -1 -1 1 
2 5 Car -1.000000 -1 -1 948.2625122070312 144.67320251464844 1053.0296630859375 198.11354064941406 -1 -1 -1 -1 -1 -1 -1 -1 1 
2 4 Car -1.000000 -1 -1 1201.5972900390625 157.2181396484375 1241.4642333984375 195.98284912109375 -1 -1 -1 -1 -1 -1 -1 -1 1 
2 3 Car -1.000000 -1 -1 366.89434814453125 170.1984405517578 525.1839599609375 222.92767333984375 -1 -1 -1 -1 -1 -1 -1 -1 1 
2 2 Car -1.000000 -1 -1 -1.1677626371383667 185.09942626953125 157.61390686035156 250.83499145507812 -1 -1 -1 -1 -1 -1 -1 -1 1 
2 1 Car -1.000000 -1 -1 857.23095703125 160.31024169921875 1019.7642211914062 249.60569763183594 -1 -1 -1 -1 -1 -1 -1 -1 1 
3 3 Car -1.000000 -1 -1 325.1907043457031 168.52987670898438 496.6610412597656 224.4418182373047 -1 -1 -1 -1 -1 -1 -1 -1 1 
3 2 Car -1.000000 -1 -1 0.4610302150249481 185.9261932373047 84.58824920654297 255.0579376220703 -1 -1 -1 -1 -1 -1 -1 -1 1 
3 1 Car -1.000000 -1 -1 883.794677734375 158.27711486816406 1053.3958740234375 249.27464294433594 -1 -1 -1 -1 -1 -1 -1 -1 1 
4 3 Car -1.000000 -1 -1 279.6084899902344 165.37091064453125 464.0414123535156 227.0133514404297 -1 -1 -1 -1 -1 -1 -1 -1 1 
4 1 Car -1.000000 -1 -1 909.9131469726562 145.7441864013672 1089.30126953125 247.18649291992188 -1 -1 -1 -1 -1 -1 -1 -1 1 
5 3 Car -1.000000 -1 -1 223.84542846679688 166.14508056640625 425.3233337402344 231.3374786376953 -1 -1 -1 -1 -1 -1 -1 -1 1 
5 1 Car -1.000000 -1 -1 938.878662109375 153.49107360839844 1125.880859375 248.12542724609375 -1 -1 -1 -1 -1 -1 -1 -1 1 
6 3 Car -1.000000 -1 -1 158.58975219726562 167.0906982421875 381.1496887207031 237.3443145751953 -1 -1 -1 -1 -1 -1 -1 -1 1 
6 1 Car -1.000000 -1 -1 967.4127197265625 155.85159301757812 1161.27294921875 249.3625030517578 -1 -1 -1 -1 -1 -1 -1 -1 1 
7 5 Car -1.000000 -1 -1 835.0745239257812 144.97708129882812 989.9740600585938 210.16595458984375 -1 -1 -1 -1 -1 -1 -1 -1 1 
7 3 Car -1.000000 -1 -1 80.24400329589844 168.6939239501953 330.65289306640625 246.65403747558594 -1 -1 -1 -1 -1 -1 -1 -1 1 
7 1 Car -1.000000 -1 -1 997.1705932617188 157.82423400878906 1197.1722412109375 253.43223571777344 -1 -1 -1 -1 -1 -1 -1 -1 1 
8 5 Car -1.000000 -1 -1 807.3221435546875 146.1082763671875 969.7070922851562 214.182861328125 -1 -1 -1 -1 -1 -1 -1 -1 1 
8 3 Car -1.000000 -1 -1 0.4564478397369385 169.940673828125 271.7724914550781 256.23345947265625 -1 -1 -1 -1 -1 -1 -1 -1 1 
8 1 Car -1.000000 -1 -1 1024.2913818359375 158.81118774414062 1230.8348388671875 257.4763488769531 -1 -1 -1 -1 -1 -1 -1 -1 1 
9 5 Car -1.000000 -1 -1 779.4680786132812 146.16537475585938 943.942138671875 215.58978271484375 -1 -1 -1 -1 -1 -1 -1 -1 1 
9 3 Car -1.000000 -1 -1 0.6203849911689758 170.10874938964844 200.07235717773438 255.8909149169922 -1 -1 -1 -1 -1 -1 -1 -1 1 
9 1 Car -1.000000 -1 -1 1050.0823974609375 159.0857696533203 1245.122802734375 259.1866760253906 -1 -1 -1 -1 -1 -1 -1 -1 1 
10 5 Car -1.000000 -1 -1 745.6590576171875 146.6636505126953 916.0438842773438 216.2979736328125 -1 -1 -1 -1 -1 -1 -1 -1 1 
10 3 Car -1.000000 -1 -1 0.3084269165992737 172.6121063232422 115.39493560791016 260.3662109375 -1 -1 -1 -1 -1 -1 -1 -1 1 
10 1 Car -1.000000 -1 -1 1075.8951416015625 156.60914611816406 1234.6546630859375 259.12689208984375 -1 -1 -1 -1 -1 -1 -1 -1 1 
11 5 Car -1.000000 -1 -1 710.4794921875 147.28163146972656 884.2449340820312 219.5552520751953 -1 -1 -1 -1 -1 -1 -1 -1 1 
11 1 Car -1.000000 -1 -1 1093.52001953125 157.3785400390625 1240.9862060546875 260.6142883300781 -1 -1 -1 -1 -1 -1 -1 -1 1 
12 5 Car -1.000000 -1 -1 667.1423950195312 150.88934326171875 845.5809936523438 226.85328674316406 -1 -1 -1 -1 -1 -1 -1 -1 1 
12 1 Car -1.000000 -1 -1 1110.482666015625 163.60235595703125 1241.3128662109375 264.0068054199219 -1 -1 -1 -1 -1 -1 -1 -1 1 
13 5 Car -1.000000 -1 -1 622.1896362304688 154.4843292236328 804.5220336914062 232.94190979003906 -1 -1 -1 -1 -1 -1 -1 -1 1 
13 1 Car -1.000000 -1 -1 1124.14990234375 169.665283203125 1240.652587890625 266.6545104980469 -1 -1 -1 -1 -1 -1 -1 -1 1 
14 5 Car -1.000000 -1 -1 570.3436889648438 157.2635955810547 759.40673828125 239.11866760253906 -1 -1 -1 -1 -1 -1 -1 -1 1 
14 1 Car -1.000000 -1 -1 1134.3760986328125 174.4173583984375 1241.7236328125 266.6176452636719 -1 -1 -1 -1 -1 -1 -1 -1 1 
15 6 Car -1.000000 -1 -1 942.0999145507812 174.52198791503906 1077.322021484375 228.172607421875 -1 -1 -1 -1 -1 -1 -1 -1 1 
15 5 Car -1.000000 -1 -1 512.13671875 157.93133544921875 712.100830078125 245.64393615722656 -1 -1 -1 -1 -1 -1 -1 -1 1 
15 1 Car -1.000000 -1 -1 1140.2435302734375 175.26406860351562 1241.506103515625 264.96197509765625 -1 -1 -1 -1 -1 -1 -1 -1 1 
16 6 Car -1.000000 -1 -1 901.6010131835938 176.40223693847656 1035.14453125 230.88096618652344 -1 -1 -1 -1 -1 -1 -1 -1 1 
16 5 Car -1.000000 -1 -1 450.6656188964844 158.43516540527344 663.294677734375 250.19020080566406 -1 -1 -1 -1 -1 -1 -1 -1 1 
16 1 Car -1.000000 -1 -1 1141.2115478515625 178.6084747314453 1241.0601806640625 266.2912292480469 -1 -1 -1 -1 -1 -1 -1 -1 1 
17 6 Car -1.000000 -1 -1 858.7540283203125 178.3881378173828 991.5385131835938 234.59751892089844 -1 -1 -1 -1 -1 -1 -1 -1 1 
17 5 Car -1.000000 -1 -1 376.4960632324219 159.44842529296875 608.5281372070312 259.4043273925781 -1 -1 -1 -1 -1 -1 -1 -1 1 
17 1 Car -1.000000 -1 -1 1140.2200927734375 180.15756225585938 1241.6456298828125 268.0999450683594 -1 -1 -1 -1 -1 -1 -1 -1 1 
18 6 Car -1.000000 -1 -1 812.9931640625 179.03395080566406 950.4075317382812 235.91259765625 -1 -1 -1 -1 -1 -1 -1 -1 1 
18 5 Car -1.000000 -1 -1 295.6891174316406 159.10008239746094 548.0405883789062 269.1055603027344 -1 -1 -1 -1 -1 -1 -1 -1 1 
18 1 Car -1.000000 -1 -1 1135.540283203125 181.52005004882812 1241.791748046875 266.93035888671875 -1 -1 -1 -1 -1 -1 -1 -1 1 
19 6 Car -1.000000 -1 -1 769.2530517578125 178.99267578125 908.4368896484375 238.66378784179688 -1 -1 -1 -1 -1 -1 -1 -1 1 
19 5 Car -1.000000 -1 -1 197.23533630371094 158.38632202148438 483.2644348144531 279.5856018066406 -1 -1 -1 -1 -1 -1 -1 -1 1 
19 1 Car -1.000000 -1 -1 1128.405029296875 181.811767578125 1239.8839111328125 265.92626953125 -1 -1 -1 -1 -1 -1 -1 -1 1 
20 7 Car -1.000000 -1 -1 948.869873046875 180.889404296875 1051.37939453125 224.114501953125 -1 -1 -1 -1 -1 -1 -1 -1 1 
20 6 Car -1.000000 -1 -1 723.5914916992188 178.19786071777344 865.391357421875 240.80235290527344 -1 -1 -1 -1 -1 -1 -1 -1 1 
20 5 Car -1.000000 -1 -1 79.4134521484375 158.68936157226562 412.39984130859375 293.4770812988281 -1 -1 -1 -1 -1 -1 -1 -1 1 
20 1 Car -1.000000 -1 -1 1119.7169189453125 179.64646911621094 1240.866455078125 264.29022216796875 -1 -1 -1 -1 -1 -1 -1 -1 1 
21 7 Car -1.000000 -1 -1 915.1959838867188 179.90650939941406 1012.3314819335938 224.6968231201172 -1 -1 -1 -1 -1 -1 -1 -1 1 
21 6 Car -1.000000 -1 -1 673.0469970703125 178.80908203125 822.9452514648438 245.68209838867188 -1 -1 -1 -1 -1 -1 -1 -1 1 
21 5 Car -1.000000 -1 -1 0.3063170909881592 159.57608032226562 329.51580810546875 311.8401184082031 -1 -1 -1 -1 -1 -1 -1 -1 1 
21 1 Car -1.000000 -1 -1 1108.48583984375 178.29220581054688 1241.6778564453125 260.4607238769531 -1 -1 -1 -1 -1 -1 -1 -1 1 
22 7 Car -1.000000 -1 -1 876.4063110351562 181.8280487060547 975.732666015625 227.33889770507812 -1 -1 -1 -1 -1 -1 -1 -1 1 
22 6 Car -1.000000 -1 -1 623.5275268554688 179.84104919433594 778.3228149414062 251.33395385742188 -1 -1 -1 -1 -1 -1 -1 -1 1 
22 5 Car -1.000000 -1 -1 0.46152621507644653 157.99838256835938 223.76930236816406 315.10906982421875 -1 -1 -1 -1 -1 -1 -1 -1 1 
22 1 Car -1.000000 -1 -1 1094.926513671875 178.8941192626953 1229.2330322265625 259.605712890625 -1 -1 -1 -1 -1 -1 -1 -1 1 
23 8 Car -1.000000 -1 -1 970.5137939453125 181.9835968017578 1042.33984375 217.0655975341797 -1 -1 -1 -1 -1 -1 -1 -1 1 
23 7 Car -1.000000 -1 -1 839.3757934570312 182.9923858642578 935.2723999023438 227.821044921875 -1 -1 -1 -1 -1 -1 -1 -1 1 
23 6 Car -1.000000 -1 -1 566.8614501953125 181.50926208496094 731.4423217773438 258.111328125 -1 -1 -1 -1 -1 -1 -1 -1 1 
23 1 Car -1.000000 -1 -1 1079.224609375 182.37283325195312 1202.9617919921875 259.41552734375 -1 -1 -1 -1 -1 -1 -1 -1 1 
24 8 Car -1.000000 -1 -1 933.2422485351562 184.51780700683594 1003.1082153320312 220.8656768798828 -1 -1 -1 -1 -1 -1 -1 -1 1 
24 7 Car -1.000000 -1 -1 798.1589965820312 186.36146545410156 896.5819702148438 233.44557189941406 -1 -1 -1 -1 -1 -1 -1 -1 1 
24 6 Car -1.000000 -1 -1 499.5511779785156 182.74810791015625 682.1529541015625 265.30029296875 -1 -1 -1 -1 -1 -1 -1 -1 1 
24 1 Car -1.000000 -1 -1 1059.4031982421875 186.29562377929688 1175.4473876953125 261.42669677734375 -1 -1 -1 -1 -1 -1 -1 -1 1 
25 8 Car -1.000000 -1 -1 894.1651611328125 185.73513793945312 965.1497802734375 221.99990844726562 -1 -1 -1 -1 -1 -1 -1 -1 1 
25 7 Car -1.000000 -1 -1 751.9796142578125 187.36988830566406 856.8923950195312 235.4864959716797 -1 -1 -1 -1 -1 -1 -1 -1 1 
25 6 Car -1.000000 -1 -1 426.79083251953125 182.8680877685547 627.5888061523438 271.8416748046875 -1 -1 -1 -1 -1 -1 -1 -1 1 
25 1 Car -1.000000 -1 -1 1036.3404541015625 187.894775390625 1144.180908203125 259.6793518066406 -1 -1 -1 -1 -1 -1 -1 -1 1 
26 8 Car -1.000000 -1 -1 856.9712524414062 183.28610229492188 925.3374633789062 219.1192626953125 -1 -1 -1 -1 -1 -1 -1 -1 1 
26 7 Car -1.000000 -1 -1 712.7398071289062 184.94468688964844 814.557373046875 234.7068328857422 -1 -1 -1 -1 -1 -1 -1 -1 1 
26 6 Car -1.000000 -1 -1 338.8604431152344 179.85696411132812 567.9129638671875 280.86712646484375 -1 -1 -1 -1 -1 -1 -1 -1 1 
26 1 Car -1.000000 -1 -1 1009.5933837890625 185.4740447998047 1106.780517578125 253.96401977539062 -1 -1 -1 -1 -1 -1 -1 -1 1 
27 8 Car -1.000000 -1 -1 815.8172607421875 182.0592498779297 883.16552734375 218.39407348632812 -1 -1 -1 -1 -1 -1 -1 -1 1 
27 7 Car -1.000000 -1 -1 666.0026245117188 183.62652587890625 774.0060424804688 232.52561950683594 -1 -1 -1 -1 -1 -1 -1 -1 1 
27 6 Car -1.000000 -1 -1 229.5748748779297 177.22708129882812 497.8740234375 294.7588195800781 -1 -1 -1 -1 -1 -1 -1 -1 1 
27 1 Car -1.000000 -1 -1 981.0023193359375 183.7333526611328 1066.2335205078125 248.49407958984375 -1 -1 -1 -1 -1 -1 -1 -1 1 
28 8 Car -1.000000 -1 -1 775.9078979492188 182.56881713867188 841.6150512695312 219.58892822265625 -1 -1 -1 -1 -1 -1 -1 -1 1 
28 7 Car -1.000000 -1 -1 616.005126953125 184.5979461669922 728.6586303710938 239.57423400878906 -1 -1 -1 -1 -1 -1 -1 -1 1 
28 6 Car -1.000000 -1 -1 85.12566375732422 177.24241638183594 417.9336242675781 315.5603332519531 -1 -1 -1 -1 -1 -1 -1 -1 1 
28 1 Car -1.000000 -1 -1 950.3917236328125 184.2916259765625 1032.6129150390625 246.8770294189453 -1 -1 -1 -1 -1 -1 -1 -1 1 
29 8 Car -1.000000 -1 -1 736.1632080078125 182.80918884277344 801.3456420898438 221.1000518798828 -1 -1 -1 -1 -1 -1 -1 -1 1 
29 7 Car -1.000000 -1 -1 562.2207641601562 183.881591796875 682.4029541015625 243.77407836914062 -1 -1 -1 -1 -1 -1 -1 -1 1 
29 6 Car -1.000000 -1 -1 0.23584149777889252 178.72640991210938 321.0459899902344 340.6958923339844 -1 -1 -1 -1 -1 -1 -1 -1 1 
29 1 Car -1.000000 -1 -1 918.4638061523438 184.1284637451172 993.2399291992188 245.4045867919922 -1 -1 -1 -1 -1 -1 -1 -1 1 
30 8 Car -1.000000 -1 -1 692.7591552734375 181.86935424804688 762.5029907226562 221.0732421875 -1 -1 -1 -1 -1 -1 -1 -1 1 
30 7 Car -1.000000 -1 -1 502.91552734375 182.78533935546875 634.2124633789062 245.9355926513672 -1 -1 -1 -1 -1 -1 -1 -1 1 
30 6 Car -1.000000 -1 -1 0.00441212672740221 177.82432556152344 196.55718994140625 333.18865966796875 -1 -1 -1 -1 -1 -1 -1 -1 1 
30 1 Car -1.000000 -1 -1 885.1907958984375 184.4171142578125 954.36181640625 243.12435913085938 -1 -1 -1 -1 -1 -1 -1 -1 1 
31 8 Car -1.000000 -1 -1 651.718994140625 181.56163024902344 723.023681640625 221.16302490234375 -1 -1 -1 -1 -1 -1 -1 -1 1 
31 7 Car -1.000000 -1 -1 437.2680969238281 182.776611328125 581.35595703125 250.28013610839844 -1 -1 -1 -1 -1 -1 -1 -1 1 
31 1 Car -1.000000 -1 -1 852.5316162109375 183.82626342773438 918.02685546875 241.27719116210938 -1 -1 -1 -1 -1 -1 -1 -1 1 
32 8 Car -1.000000 -1 -1 608.0321655273438 182.3349151611328 681.09814453125 221.77488708496094 -1 -1 -1 -1 -1 -1 -1 -1 1 
32 7 Car -1.000000 -1 -1 362.7877502441406 182.43927001953125 525.6583251953125 261.03924560546875 -1 -1 -1 -1 -1 -1 -1 -1 1 
32 1 Car -1.000000 -1 -1 819.292724609375 182.9372100830078 881.3235473632812 237.964599609375 -1 -1 -1 -1 -1 -1 -1 -1 1 
33 8 Car -1.000000 -1 -1 563.5784912109375 181.0160369873047 639.008544921875 222.61363220214844 -1 -1 -1 -1 -1 -1 -1 -1 1 
33 7 Car -1.000000 -1 -1 272.6338195800781 180.45782470703125 467.63909912109375 269.6553955078125 -1 -1 -1 -1 -1 -1 -1 -1 1 
33 1 Car -1.000000 -1 -1 784.5018310546875 181.5910186767578 842.9329833984375 234.25372314453125 -1 -1 -1 -1 -1 -1 -1 -1 1 
34 8 Car -1.000000 -1 -1 516.1088256835938 180.38563537597656 598.1771240234375 223.465087890625 -1 -1 -1 -1 -1 -1 -1 -1 1 
34 7 Car -1.000000 -1 -1 161.15994262695312 182.6282196044922 399.3641357421875 284.0845642089844 -1 -1 -1 -1 -1 -1 -1 -1 1 
35 8 Car -1.000000 -1 -1 469.15789794921875 180.9427947998047 555.2681274414062 224.6441650390625 -1 -1 -1 -1 -1 -1 -1 -1 1 
35 7 Car -1.000000 -1 -1 16.084348678588867 183.97930908203125 321.9051513671875 304.58868408203125 -1 -1 -1 -1 -1 -1 -1 -1 1 
36 8 Car -1.000000 -1 -1 421.32098388671875 181.0191192626953 513.8880615234375 226.97557067871094 -1 -1 -1 -1 -1 -1 -1 -1 1 
36 7 Car -1.000000 -1 -1 0.4864739775657654 187.52540588378906 229.8404541015625 328.4916687011719 -1 -1 -1 -1 -1 -1 -1 -1 1 
37 8 Car -1.000000 -1 -1 375.2258605957031 180.38778686523438 478.3315734863281 233.53831481933594 -1 -1 -1 -1 -1 -1 -1 -1 1 
37 7 Car -1.000000 -1 -1 -0.014135831966996193 191.81527709960938 123.76727294921875 319.3549499511719 -1 -1 -1 -1 -1 -1 -1 -1 1 
38 8 Car -1.000000 -1 -1 327.2686767578125 184.97698974609375 443.6927185058594 238.89602661132812 -1 -1 -1 -1 -1 -1 -1 -1 1 
39 8 Car -1.000000 -1 -1 279.6087951660156 184.82504272460938 409.39263916015625 245.10472106933594 -1 -1 -1 -1 -1 -1 -1 -1 1 
40 8 Car -1.000000 -1 -1 226.54579162597656 186.3394012451172 374.902587890625 252.36312866210938 -1 -1 -1 -1 -1 -1 -1 -1 1 
41 27 Car -1.000000 -1 -1 371.1462707519531 184.12225341796875 440.8328552246094 226.25782775878906 -1 -1 -1 -1 -1 -1 -1 -1 1 
41 8 Car -1.000000 -1 -1 170.40370178222656 186.94557189941406 340.8677978515625 261.1430969238281 -1 -1 -1 -1 -1 -1 -1 -1 1 
42 27 Car -1.000000 -1 -1 345.1773681640625 185.60330200195312 420.6167297363281 230.08743286132812 -1 -1 -1 -1 -1 -1 -1 -1 1 
42 23 Car -1.000000 -1 -1 580.249267578125 180.0321044921875 627.5026245117188 223.6392822265625 -1 -1 -1 -1 -1 -1 -1 -1 1 
42 8 Car -1.000000 -1 -1 107.12018585205078 189.47886657714844 305.7948913574219 270.24371337890625 -1 -1 -1 -1 -1 -1 -1 -1 1 
43 27 Car -1.000000 -1 -1 320.70703125 188.57476806640625 404.28936767578125 234.7029571533203 -1 -1 -1 -1 -1 -1 -1 -1 1 
43 23 Car -1.000000 -1 -1 573.3955078125 180.82537841796875 619.4090576171875 224.52049255371094 -1 -1 -1 -1 -1 -1 -1 -1 1 
43 8 Car -1.000000 -1 -1 35.444908142089844 192.65280151367188 273.7752380371094 284.81646728515625 -1 -1 -1 -1 -1 -1 -1 -1 1 
44 27 Car -1.000000 -1 -1 298.2917175292969 189.84597778320312 387.9793395996094 238.78579711914062 -1 -1 -1 -1 -1 -1 -1 -1 1 
44 23 Car -1.000000 -1 -1 569.2579956054688 181.4866485595703 615.04296875 223.81690979003906 -1 -1 -1 -1 -1 -1 -1 -1 1 
44 8 Car -1.000000 -1 -1 0.7160600423812866 195.33883666992188 234.62887573242188 301.1587829589844 -1 -1 -1 -1 -1 -1 -1 -1 1 
45 27 Car -1.000000 -1 -1 274.4891357421875 189.7909393310547 374.7218322753906 243.03533935546875 -1 -1 -1 -1 -1 -1 -1 -1 1 
45 23 Car -1.000000 -1 -1 566.821533203125 181.89561462402344 612.2637329101562 222.7239532470703 -1 -1 -1 -1 -1 -1 -1 -1 1 
45 8 Car -1.000000 -1 -1 0.13800480961799622 198.93887329101562 192.50721740722656 317.9986267089844 -1 -1 -1 -1 -1 -1 -1 -1 1 
46 30 Car -1.000000 -1 -1 357.8336181640625 184.3687744140625 423.98846435546875 226.8358154296875 -1 -1 -1 -1 -1 -1 -1 -1 1 
46 29 Car -1.000000 -1 -1 458.3675231933594 183.85977172851562 486.1958923339844 208.76620483398438 -1 -1 -1 -1 -1 -1 -1 -1 1 
46 28 Car -1.000000 -1 -1 423.09906005859375 182.3224639892578 460.7215270996094 214.1771240234375 -1 -1 -1 -1 -1 -1 -1 -1 1 
46 27 Car -1.000000 -1 -1 247.2036895751953 191.26585388183594 361.12786865234375 249.31793212890625 -1 -1 -1 -1 -1 -1 -1 -1 1 
46 23 Car -1.000000 -1 -1 564.9141845703125 181.47679138183594 609.683837890625 222.2100830078125 -1 -1 -1 -1 -1 -1 -1 -1 1 
46 8 Car -1.000000 -1 -1 0.40210315585136414 204.9271240234375 137.90635681152344 305.9785461425781 -1 -1 -1 -1 -1 -1 -1 -1 1 
47 28 Car -1.000000 -1 -1 414.0963439941406 183.24290466308594 459.4621276855469 216.84432983398438 -1 -1 -1 -1 -1 -1 -1 -1 1 
47 27 Car -1.000000 -1 -1 218.01528930664062 191.14566040039062 346.90045166015625 253.84315490722656 -1 -1 -1 -1 -1 -1 -1 -1 1 
47 23 Car -1.000000 -1 -1 564.1095581054688 181.26148986816406 609.0762329101562 222.2164764404297 -1 -1 -1 -1 -1 -1 -1 -1 1 
48 27 Car -1.000000 -1 -1 179.715576171875 192.33316040039062 321.3338928222656 261.28338623046875 -1 -1 -1 -1 -1 -1 -1 -1 1 
48 23 Car -1.000000 -1 -1 564.39501953125 180.8480987548828 608.3382568359375 221.4119415283203 -1 -1 -1 -1 -1 -1 -1 -1 1 
49 27 Car -1.000000 -1 -1 134.421875 193.11756896972656 299.11309814453125 267.9085998535156 -1 -1 -1 -1 -1 -1 -1 -1 1 
49 23 Car -1.000000 -1 -1 564.5343627929688 180.707763671875 608.3358764648438 219.54562377929688 -1 -1 -1 -1 -1 -1 -1 -1 1 
50 27 Car -1.000000 -1 -1 77.05012512207031 194.8284912109375 271.7345886230469 281.36468505859375 -1 -1 -1 -1 -1 -1 -1 -1 1 
50 23 Car -1.000000 -1 -1 565.728759765625 180.5505828857422 608.3431396484375 220.26187133789062 -1 -1 -1 -1 -1 -1 -1 -1 1 
51 27 Car -1.000000 -1 -1 2.4619815349578857 198.28359985351562 236.88742065429688 296.236572265625 -1 -1 -1 -1 -1 -1 -1 -1 1 
51 23 Car -1.000000 -1 -1 565.9032592773438 181.8284912109375 608.5882568359375 220.5637969970703 -1 -1 -1 -1 -1 -1 -1 -1 1 
52 30 Car -1.000000 -1 -1 252.32972717285156 189.3935546875 358.9962463378906 250.953857421875 -1 -1 -1 -1 -1 -1 -1 -1 1 
52 28 Car -1.000000 -1 -1 376.54083251953125 187.4765167236328 433.27215576171875 225.18560791015625 -1 -1 -1 -1 -1 -1 -1 -1 1 
52 27 Car -1.000000 -1 -1 0.35875919461250305 202.3801727294922 194.6387481689453 312.3184509277344 -1 -1 -1 -1 -1 -1 -1 -1 1 
52 23 Car -1.000000 -1 -1 566.8811645507812 181.96090698242188 608.2710571289062 221.14254760742188 -1 -1 -1 -1 -1 -1 -1 -1 1 
53 30 Car -1.000000 -1 -1 215.23580932617188 187.95262145996094 343.311767578125 256.01922607421875 -1 -1 -1 -1 -1 -1 -1 -1 1 
53 28 Car -1.000000 -1 -1 366.1375427246094 186.03707885742188 425.7852478027344 226.3184051513672 -1 -1 -1 -1 -1 -1 -1 -1 1 
53 27 Car -1.000000 -1 -1 0.09616363048553467 203.60726928710938 141.4644775390625 319.3297119140625 -1 -1 -1 -1 -1 -1 -1 -1 1 
53 23 Car -1.000000 -1 -1 567.1652221679688 180.95904541015625 608.4502563476562 219.14468383789062 -1 -1 -1 -1 -1 -1 -1 -1 1 
54 30 Car -1.000000 -1 -1 178.44712829589844 187.71340942382812 324.962890625 260.85302734375 -1 -1 -1 -1 -1 -1 -1 -1 1 
54 28 Car -1.000000 -1 -1 353.6842041015625 184.4261016845703 417.3401794433594 228.7184600830078 -1 -1 -1 -1 -1 -1 -1 -1 1 
54 27 Car -1.000000 -1 -1 0.034819528460502625 208.21481323242188 65.71033477783203 318.34698486328125 -1 -1 -1 -1 -1 -1 -1 -1 1 
54 23 Car -1.000000 -1 -1 568.0040283203125 180.0568084716797 608.6846923828125 217.18814086914062 -1 -1 -1 -1 -1 -1 -1 -1 1 
55 30 Car -1.000000 -1 -1 131.0684356689453 188.8627166748047 301.1512145996094 273.42144775390625 -1 -1 -1 -1 -1 -1 -1 -1 1 
55 29 Car -1.000000 -1 -1 422.3234558105469 189.58209228515625 464.6942138671875 213.15478515625 -1 -1 -1 -1 -1 -1 -1 -1 1 
55 28 Car -1.000000 -1 -1 340.51983642578125 185.48385620117188 407.7087097167969 230.42198181152344 -1 -1 -1 -1 -1 -1 -1 -1 1 
55 23 Car -1.000000 -1 -1 568.206787109375 180.4090576171875 609.2302856445312 217.51730346679688 -1 -1 -1 -1 -1 -1 -1 -1 1 
56 30 Car -1.000000 -1 -1 71.84334564208984 191.72998046875 271.0624694824219 285.9800109863281 -1 -1 -1 -1 -1 -1 -1 -1 1 
56 29 Car -1.000000 -1 -1 418.35552978515625 189.7519073486328 462.0590515136719 216.56243896484375 -1 -1 -1 -1 -1 -1 -1 -1 1 
56 28 Car -1.000000 -1 -1 325.0089416503906 184.967529296875 398.9725341796875 235.68975830078125 -1 -1 -1 -1 -1 -1 -1 -1 1 
56 23 Car -1.000000 -1 -1 569.947265625 181.7445068359375 610.3452758789062 219.7362823486328 -1 -1 -1 -1 -1 -1 -1 -1 1 
57 30 Car -1.000000 -1 -1 0.3556721806526184 194.1194610595703 236.921630859375 300.7784118652344 -1 -1 -1 -1 -1 -1 -1 -1 1 
57 29 Car -1.000000 -1 -1 410.43060302734375 192.00762939453125 458.60052490234375 219.26953125 -1 -1 -1 -1 -1 -1 -1 -1 1 
57 28 Car -1.000000 -1 -1 305.9150695800781 186.14691162109375 388.2491455078125 240.87380981445312 -1 -1 -1 -1 -1 -1 -1 -1 1 
57 23 Car -1.000000 -1 -1 570.5116577148438 184.916748046875 610.6130981445312 221.06695556640625 -1 -1 -1 -1 -1 -1 -1 -1 1 
58 30 Car -1.000000 -1 -1 0.2667337954044342 196.99948120117188 193.3504638671875 316.9234924316406 -1 -1 -1 -1 -1 -1 -1 -1 1 
58 29 Car -1.000000 -1 -1 404.12939453125 191.93621826171875 455.9281921386719 220.99205017089844 -1 -1 -1 -1 -1 -1 -1 -1 1 
58 28 Car -1.000000 -1 -1 285.71380615234375 188.74569702148438 378.8048095703125 243.79376220703125 -1 -1 -1 -1 -1 -1 -1 -1 1 
58 23 Car -1.000000 -1 -1 571.2271118164062 186.00759887695312 610.8599243164062 222.66038513183594 -1 -1 -1 -1 -1 -1 -1 -1 1 
59 30 Car -1.000000 -1 -1 0.14411219954490662 196.31170654296875 136.01182556152344 313.8200988769531 -1 -1 -1 -1 -1 -1 -1 -1 1 
59 29 Car -1.000000 -1 -1 397.6493835449219 191.0519561767578 452.8241271972656 221.3031005859375 -1 -1 -1 -1 -1 -1 -1 -1 1 
59 28 Car -1.000000 -1 -1 262.2905578613281 186.861083984375 364.5251770019531 249.3234100341797 -1 -1 -1 -1 -1 -1 -1 -1 1 
59 23 Car -1.000000 -1 -1 573.049072265625 184.66152954101562 611.42626953125 220.67083740234375 -1 -1 -1 -1 -1 -1 -1 -1 1 
60 29 Car -1.000000 -1 -1 389.25860595703125 191.07901000976562 446.8877868652344 221.51296997070312 -1 -1 -1 -1 -1 -1 -1 -1 1 
60 28 Car -1.000000 -1 -1 231.2314910888672 185.22540283203125 346.1439514160156 250.22434997558594 -1 -1 -1 -1 -1 -1 -1 -1 1 
60 23 Car -1.000000 -1 -1 574.6755981445312 182.82119750976562 612.2161254882812 218.45216369628906 -1 -1 -1 -1 -1 -1 -1 -1 1 
61 29 Car -1.000000 -1 -1 382.7716369628906 183.8468017578125 443.2706298828125 220.46937561035156 -1 -1 -1 -1 -1 -1 -1 -1 1 
61 28 Car -1.000000 -1 -1 195.99090576171875 184.53704833984375 326.8247375488281 256.9183654785156 -1 -1 -1 -1 -1 -1 -1 -1 1 
61 23 Car -1.000000 -1 -1 576.4852294921875 180.90725708007812 613.549072265625 215.9582061767578 -1 -1 -1 -1 -1 -1 -1 -1 1 
62 29 Car -1.000000 -1 -1 372.25225830078125 182.6041259765625 437.6229248046875 222.01744079589844 -1 -1 -1 -1 -1 -1 -1 -1 1 
62 28 Car -1.000000 -1 -1 151.77610778808594 183.46844482421875 304.33984375 263.7741394042969 -1 -1 -1 -1 -1 -1 -1 -1 1 
62 23 Car -1.000000 -1 -1 578.3600463867188 179.90829467773438 614.3965454101562 213.9290771484375 -1 -1 -1 -1 -1 -1 -1 -1 1 
63 29 Car -1.000000 -1 -1 360.5139465332031 183.42239379882812 432.74810791015625 223.2279510498047 -1 -1 -1 -1 -1 -1 -1 -1 1 
63 28 Car -1.000000 -1 -1 96.55406951904297 185.38330078125 273.9809265136719 272.70208740234375 -1 -1 -1 -1 -1 -1 -1 -1 1 
63 23 Car -1.000000 -1 -1 579.9051513671875 178.1470947265625 617.6976318359375 213.0431671142578 -1 -1 -1 -1 -1 -1 -1 -1 1 
64 29 Car -1.000000 -1 -1 349.37750244140625 186.40390014648438 426.70599365234375 226.05520629882812 -1 -1 -1 -1 -1 -1 -1 -1 1 
64 28 Car -1.000000 -1 -1 24.414043426513672 186.07595825195312 241.9304656982422 288.6664733886719 -1 -1 -1 -1 -1 -1 -1 -1 1 
64 23 Car -1.000000 -1 -1 581.53515625 177.93423461914062 617.8213500976562 213.44879150390625 -1 -1 -1 -1 -1 -1 -1 -1 1 
65 29 Car -1.000000 -1 -1 334.2221374511719 187.8548126220703 418.971923828125 233.1154327392578 -1 -1 -1 -1 -1 -1 -1 -1 1 
65 28 Car -1.000000 -1 -1 0.19659873843193054 190.05206298828125 197.65725708007812 310.36370849609375 -1 -1 -1 -1 -1 -1 -1 -1 1 
65 23 Car -1.000000 -1 -1 583.849853515625 179.58860778808594 618.4219970703125 214.34889221191406 -1 -1 -1 -1 -1 -1 -1 -1 1 
66 29 Car -1.000000 -1 -1 317.78515625 191.54014587402344 409.9018249511719 238.32400512695312 -1 -1 -1 -1 -1 -1 -1 -1 1 
66 28 Car -1.000000 -1 -1 0.37136632204055786 193.12918090820312 138.96990966796875 317.770751953125 -1 -1 -1 -1 -1 -1 -1 -1 1 
66 23 Car -1.000000 -1 -1 585.2515258789062 181.63890075683594 619.845458984375 214.26971435546875 -1 -1 -1 -1 -1 -1 -1 -1 1 
67 29 Car -1.000000 -1 -1 297.1885681152344 190.74314880371094 398.62933349609375 240.85667419433594 -1 -1 -1 -1 -1 -1 -1 -1 1 
67 28 Car -1.000000 -1 -1 0.24034985899925232 198.05767822265625 60.509063720703125 318.4841003417969 -1 -1 -1 -1 -1 -1 -1 -1 1 
67 23 Car -1.000000 -1 -1 587.074462890625 179.08657836914062 621.6111450195312 211.952392578125 -1 -1 -1 -1 -1 -1 -1 -1 1 
68 29 Car -1.000000 -1 -1 273.032958984375 187.70863342285156 386.7173767089844 241.59947204589844 -1 -1 -1 -1 -1 -1 -1 -1 1 
68 23 Car -1.000000 -1 -1 588.677734375 175.00518798828125 622.5389404296875 206.57907104492188 -1 -1 -1 -1 -1 -1 -1 -1 1 
69 29 Car -1.000000 -1 -1 243.34820556640625 185.58363342285156 371.521728515625 244.02520751953125 -1 -1 -1 -1 -1 -1 -1 -1 1 
69 23 Car -1.000000 -1 -1 588.6870727539062 171.79722595214844 622.8963012695312 203.98553466796875 -1 -1 -1 -1 -1 -1 -1 -1 1 
70 29 Car -1.000000 -1 -1 204.8922119140625 188.15133666992188 352.08026123046875 254.79193115234375 -1 -1 -1 -1 -1 -1 -1 -1 1 
70 23 Car -1.000000 -1 -1 589.1317749023438 172.87600708007812 623.4388427734375 204.65655517578125 -1 -1 -1 -1 -1 -1 -1 -1 1 
71 29 Car -1.000000 -1 -1 158.2709503173828 194.5100555419922 330.70428466796875 270.70062255859375 -1 -1 -1 -1 -1 -1 -1 -1 1 
71 23 Car -1.000000 -1 -1 590.1212768554688 178.70355224609375 624.0101928710938 209.09188842773438 -1 -1 -1 -1 -1 -1 -1 -1 1 
72 29 Car -1.000000 -1 -1 96.86793518066406 200.21022033691406 302.8171691894531 283.4980163574219 -1 -1 -1 -1 -1 -1 -1 -1 1 
72 23 Car -1.000000 -1 -1 589.85546875 181.14797973632812 623.1142578125 212.77850341796875 -1 -1 -1 -1 -1 -1 -1 -1 1 
73 29 Car -1.000000 -1 -1 15.514222145080566 202.51885986328125 267.5012512207031 302.92791748046875 -1 -1 -1 -1 -1 -1 -1 -1 1 
73 23 Car -1.000000 -1 -1 589.9076538085938 181.21189880371094 622.9754028320312 212.69313049316406 -1 -1 -1 -1 -1 -1 -1 -1 1 
74 29 Car -1.000000 -1 -1 0.1996709406375885 205.52716064453125 221.2866973876953 316.33709716796875 -1 -1 -1 -1 -1 -1 -1 -1 1 
74 23 Car -1.000000 -1 -1 589.2245483398438 179.97840881347656 622.532958984375 210.5946044921875 -1 -1 -1 -1 -1 -1 -1 -1 1 
75 29 Car -1.000000 -1 -1 0.11095461994409561 210.2808380126953 161.96102905273438 319.3424377441406 -1 -1 -1 -1 -1 -1 -1 -1 1 
75 23 Car -1.000000 -1 -1 588.1731567382812 178.7535858154297 620.2855224609375 205.79544067382812 -1 -1 -1 -1 -1 -1 -1 -1 1 
76 29 Car -1.000000 -1 -1 0.2743587791919708 234.66876220703125 76.63409423828125 322.3699951171875 -1 -1 -1 -1 -1 -1 -1 -1 1 
76 23 Car -1.000000 -1 -1 587.9506225585938 178.59942626953125 617.35791015625 204.3192138671875 -1 -1 -1 -1 -1 -1 -1 -1 1 
77 23 Car -1.000000 -1 -1 586.6860961914062 180.29177856445312 618.0022583007812 207.648681640625 -1 -1 -1 -1 -1 -1 -1 -1 1 
78 23 Car -1.000000 -1 -1 585.620849609375 179.3658905029297 615.1490478515625 206.9882354736328 -1 -1 -1 -1 -1 -1 -1 -1 1 
79 23 Car -1.000000 -1 -1 583.9195556640625 178.40245056152344 614.9586791992188 207.97402954101562 -1 -1 -1 -1 -1 -1 -1 -1 1 
80 23 Car -1.000000 -1 -1 582.8077392578125 178.8172149658203 612.8428955078125 207.6122589111328 -1 -1 -1 -1 -1 -1 -1 -1 1 
81 23 Car -1.000000 -1 -1 582.0634765625 175.58099365234375 611.122314453125 203.25779724121094 -1 -1 -1 -1 -1 -1 -1 -1 1 
82 23 Car -1.000000 -1 -1 579.9420776367188 171.3063507080078 610.1820068359375 199.0196075439453 -1 -1 -1 -1 -1 -1 -1 -1 1 
83 23 Car -1.000000 -1 -1 578.7291259765625 167.89801025390625 608.959228515625 197.5110321044922 -1 -1 -1 -1 -1 -1 -1 -1 1 
84 23 Car -1.000000 -1 -1 576.0618286132812 168.34197998046875 606.8796997070312 196.61497497558594 -1 -1 -1 -1 -1 -1 -1 -1 1 
85 23 Car -1.000000 -1 -1 575.83056640625 169.95111083984375 605.4492797851562 196.55581665039062 -1 -1 -1 -1 -1 -1 -1 -1 1 
86 23 Car -1.000000 -1 -1 575.767822265625 171.65235900878906 604.6536865234375 198.7259979248047 -1 -1 -1 -1 -1 -1 -1 -1 1 
87 23 Car -1.000000 -1 -1 575.2864990234375 174.72970581054688 604.4498901367188 200.57962036132812 -1 -1 -1 -1 -1 -1 -1 -1 1 
88 23 Car -1.000000 -1 -1 575.1456909179688 176.1618194580078 603.5341186523438 203.12789916992188 -1 -1 -1 -1 -1 -1 -1 -1 1 
89 31 Car -1.000000 -1 -1 381.76812744140625 165.65719604492188 446.05548095703125 201.2552032470703 -1 -1 -1 -1 -1 -1 -1 -1 1 
89 23 Car -1.000000 -1 -1 575.6480712890625 179.56472778320312 603.5892333984375 205.15252685546875 -1 -1 -1 -1 -1 -1 -1 -1 1 
90 31 Car -1.000000 -1 -1 367.1915588378906 164.0592803955078 442.6365051269531 200.26406860351562 -1 -1 -1 -1 -1 -1 -1 -1 1 
90 23 Car -1.000000 -1 -1 574.30078125 178.0451202392578 602.8247680664062 205.2956085205078 -1 -1 -1 -1 -1 -1 -1 -1 1 
91 31 Car -1.000000 -1 -1 361.9757080078125 162.8826446533203 440.1596984863281 199.88046264648438 -1 -1 -1 -1 -1 -1 -1 -1 1 
91 23 Car -1.000000 -1 -1 574.0899658203125 178.21934509277344 602.3677368164062 205.58480834960938 -1 -1 -1 -1 -1 -1 -1 -1 1 
92 31 Car -1.000000 -1 -1 350.5162353515625 163.57958984375 437.58868408203125 202.07289123535156 -1 -1 -1 -1 -1 -1 -1 -1 1 
92 23 Car -1.000000 -1 -1 574.44482421875 179.2498779296875 603.386474609375 205.60226440429688 -1 -1 -1 -1 -1 -1 -1 -1 1 
93 31 Car -1.000000 -1 -1 346.83026123046875 164.0869903564453 435.7716979980469 204.42066955566406 -1 -1 -1 -1 -1 -1 -1 -1 1 
93 23 Car -1.000000 -1 -1 574.715576171875 179.8291473388672 602.9317626953125 205.8907470703125 -1 -1 -1 -1 -1 -1 -1 -1 1 
94 31 Car -1.000000 -1 -1 338.5395812988281 165.59164428710938 434.0507507324219 208.5370330810547 -1 -1 -1 -1 -1 -1 -1 -1 1 
94 23 Car -1.000000 -1 -1 576.2794189453125 181.35543823242188 603.2194213867188 205.7379150390625 -1 -1 -1 -1 -1 -1 -1 -1 1 
95 31 Car -1.000000 -1 -1 328.2968444824219 164.5484161376953 430.3608703613281 209.15475463867188 -1 -1 -1 -1 -1 -1 -1 -1 1 
95 23 Car -1.000000 -1 -1 577.0388793945312 183.0831298828125 604.6481323242188 206.1575164794922 -1 -1 -1 -1 -1 -1 -1 -1 1 
96 31 Car -1.000000 -1 -1 316.912353515625 162.684814453125 428.079345703125 209.3666534423828 -1 -1 -1 -1 -1 -1 -1 -1 1 
97 31 Car -1.000000 -1 -1 303.64080810546875 161.06365966796875 425.64276123046875 208.7188720703125 -1 -1 -1 -1 -1 -1 -1 -1 1 
98 31 Car -1.000000 -1 -1 287.9949035644531 157.08251953125 423.3078918457031 209.004638671875 -1 -1 -1 -1 -1 -1 -1 -1 1 
99 31 Car -1.000000 -1 -1 273.5791320800781 154.16195678710938 419.3289794921875 211.5541534423828 -1 -1 -1 -1 -1 -1 -1 -1 1 
100 31 Car -1.000000 -1 -1 254.6729278564453 150.32508850097656 414.12109375 211.74107360839844 -1 -1 -1 -1 -1 -1 -1 -1 1 
101 31 Car -1.000000 -1 -1 232.05995178222656 147.24163818359375 406.3804016113281 211.05032348632812 -1 -1 -1 -1 -1 -1 -1 -1 1 
102 31 Car -1.000000 -1 -1 206.0999755859375 144.84283447265625 401.91644287109375 212.69554138183594 -1 -1 -1 -1 -1 -1 -1 -1 1 
103 31 Car -1.000000 -1 -1 168.4048614501953 142.83192443847656 409.28863525390625 215.92372131347656 -1 -1 -1 -1 -1 -1 -1 -1 1 
104 23 Car -1.000000 -1 -1 583.4058227539062 176.89602661132812 608.3499145507812 200.81825256347656 -1 -1 -1 -1 -1 -1 -1 -1 1 
108 23 Car -1.000000 -1 -1 583.6857299804688 172.5742950439453 610.9846801757812 197.2640838623047 -1 -1 -1 -1 -1 -1 -1 -1 1 
109 23 Car -1.000000 -1 -1 584.313232421875 171.42190551757812 610.748046875 196.25430297851562 -1 -1 -1 -1 -1 -1 -1 -1 1 
113 23 Car -1.000000 -1 -1 583.5321044921875 174.8627471923828 611.53369140625 199.79920959472656 -1 -1 -1 -1 -1 -1 -1 -1 1 
127 32 Car -1.000000 -1 -1 463.48211669921875 167.82620239257812 500.15020751953125 200.37628173828125 -1 -1 -1 -1 -1 -1 -1 -1 1 
128 32 Car -1.000000 -1 -1 459.12200927734375 169.0005645751953 498.50433349609375 202.4469757080078 -1 -1 -1 -1 -1 -1 -1 -1 1 
130 34 Car -1.000000 -1 -1 16.233383178710938 183.3777313232422 250.16065979003906 287.77734375 -1 -1 -1 -1 -1 -1 -1 -1 1 
131 34 Car -1.000000 -1 -1 0.6497597098350525 183.1699981689453 163.75161743164062 317.5938720703125 -1 -1 -1 -1 -1 -1 -1 -1 1 
132 35 Car -1.000000 -1 -1 82.83432006835938 167.99026489257812 244.032958984375 258.0679626464844 -1 -1 -1 -1 -1 -1 -1 -1 1 
133 35 Car -1.000000 -1 -1 -1.5003451108932495 166.78993225097656 196.15235900878906 271.4526062011719 -1 -1 -1 -1 -1 -1 -1 -1 1 
133 32 Car -1.000000 -1 -1 410.54638671875 162.70118713378906 467.61529541015625 210.92001342773438 -1 -1 -1 -1 -1 -1 -1 -1 1 
134 35 Car -1.000000 -1 -1 0.035282209515571594 169.88607788085938 127.32777404785156 277.7894592285156 -1 -1 -1 -1 -1 -1 -1 -1 1 
134 32 Car -1.000000 -1 -1 396.1648254394531 163.1602020263672 459.3277587890625 214.79449462890625 -1 -1 -1 -1 -1 -1 -1 -1 1 
135 32 Car -1.000000 -1 -1 375.7216796875 166.59066772460938 447.088134765625 221.9134979248047 -1 -1 -1 -1 -1 -1 -1 -1 1 
136 32 Car -1.000000 -1 -1 353.9365234375 167.7749481201172 434.4521179199219 228.9564971923828 -1 -1 -1 -1 -1 -1 -1 -1 1 
137 32 Car -1.000000 -1 -1 324.2298583984375 167.05224609375 418.7792663574219 234.93089294433594 -1 -1 -1 -1 -1 -1 -1 -1 1 
137 23 Car -1.000000 -1 -1 589.9025268554688 182.23770141601562 618.1678466796875 203.99960327148438 -1 -1 -1 -1 -1 -1 -1 -1 1 
138 23 Car -1.000000 -1 -1 589.194580078125 181.53782653808594 618.9849853515625 204.59580993652344 -1 -1 -1 -1 -1 -1 -1 -1 1 
139 23 Car -1.000000 -1 -1 589.0839233398438 181.4791717529297 619.0230102539062 204.6404571533203 -1 -1 -1 -1 -1 -1 -1 -1 1 
140 23 Car -1.000000 -1 -1 588.8729248046875 180.41018676757812 618.4601440429688 203.6372833251953 -1 -1 -1 -1 -1 -1 -1 -1 1 
141 23 Car -1.000000 -1 -1 589.1546020507812 180.8340606689453 617.806640625 204.32223510742188 -1 -1 -1 -1 -1 -1 -1 -1 1 
142 38 Car -1.000000 -1 -1 0.5825339555740356 148.7589111328125 244.61880493164062 306.2742614746094 -1 -1 -1 -1 -1 -1 -1 -1 1 
142 23 Car -1.000000 -1 -1 588.303955078125 180.72442626953125 617.28662109375 204.6006622314453 -1 -1 -1 -1 -1 -1 -1 -1 1 
143 38 Car -1.000000 -1 -1 0.38385501503944397 138.3889617919922 156.97000122070312 302.4085693359375 -1 -1 -1 -1 -1 -1 -1 -1 1 
143 37 Car -1.000000 -1 -1 418.84832763671875 184.92233276367188 462.0836181640625 211.18638610839844 -1 -1 -1 -1 -1 -1 -1 -1 1 
144 37 Car -1.000000 -1 -1 406.5193786621094 185.73928833007812 452.95928955078125 210.7625732421875 -1 -1 -1 -1 -1 -1 -1 -1 1 
145 37 Car -1.000000 -1 -1 391.1831970214844 183.50900268554688 440.9412841796875 212.07553100585938 -1 -1 -1 -1 -1 -1 -1 -1 1 
149 37 Car -1.000000 -1 -1 281.92724609375 189.1190948486328 375.7178039550781 236.9912872314453 -1 -1 -1 -1 -1 -1 -1 -1 1 
150 33 Car -1.000000 -1 -1 427.89544677734375 183.48623657226562 467.9179382324219 212.828125 -1 -1 -1 -1 -1 -1 -1 -1 1 
151 33 Car -1.000000 -1 -1 407.26702880859375 183.32411193847656 459.016845703125 215.20388793945312 -1 -1 -1 -1 -1 -1 -1 -1 1 
151 23 Car -1.000000 -1 -1 586.8338012695312 176.05625915527344 613.4556884765625 199.73255920410156 -1 -1 -1 -1 -1 -1 -1 -1 1 
152 32 Car -1.000000 -1 -1 75.8353500366211 193.78892517089844 265.1307373046875 274.32562255859375 -1 -1 -1 -1 -1 -1 -1 -1 1 
154 39 Car -1.000000 -1 -1 361.0028381347656 180.16128540039062 423.75537109375 217.2786407470703 -1 -1 -1 -1 -1 -1 -1 -1 1 
155 39 Car -1.000000 -1 -1 338.0364074707031 183.70944213867188 408.61846923828125 225.34674072265625 -1 -1 -1 -1 -1 -1 -1 -1 1 
156 39 Car -1.000000 -1 -1 312.4833984375 186.16571044921875 389.64599609375 232.83766174316406 -1 -1 -1 -1 -1 -1 -1 -1 1 
157 39 Car -1.000000 -1 -1 271.2242431640625 189.3563995361328 369.779541015625 242.16392517089844 -1 -1 -1 -1 -1 -1 -1 -1 1 
158 39 Car -1.000000 -1 -1 221.65103149414062 194.1537322998047 340.8363037109375 254.94139099121094 -1 -1 -1 -1 -1 -1 -1 -1 1 
159 33 Car -1.000000 -1 -1 416.4891052246094 184.97280883789062 451.6562805175781 213.07107543945312 -1 -1 -1 -1 -1 -1 -1 -1 1 
163 33 Car -1.000000 -1 -1 358.91497802734375 181.7381591796875 418.078125 222.67843627929688 -1 -1 -1 -1 -1 -1 -1 -1 1 
164 33 Car -1.000000 -1 -1 332.5945129394531 183.7950897216797 402.3370361328125 226.8402099609375 -1 -1 -1 -1 -1 -1 -1 -1 1 
165 40 Car -1.000000 -1 -1 70.07959747314453 191.8577423095703 107.80674743652344 214.0579071044922 -1 -1 -1 -1 -1 -1 -1 -1 1 
165 33 Car -1.000000 -1 -1 303.5992126464844 182.08226013183594 387.9537353515625 230.9334259033203 -1 -1 -1 -1 -1 -1 -1 -1 1 
166 40 Car -1.000000 -1 -1 57.58488082885742 191.0247802734375 97.19710540771484 214.5543975830078 -1 -1 -1 -1 -1 -1 -1 -1 1 
166 33 Car -1.000000 -1 -1 267.6536560058594 182.16932678222656 362.881103515625 237.01116943359375 -1 -1 -1 -1 -1 -1 -1 -1 1 
167 40 Car -1.000000 -1 -1 44.583831787109375 191.76480102539062 85.68548583984375 215.7744903564453 -1 -1 -1 -1 -1 -1 -1 -1 1 
167 33 Car -1.000000 -1 -1 218.209716796875 183.60008239746094 335.3263854980469 246.60726928710938 -1 -1 -1 -1 -1 -1 -1 -1 1 
167 23 Car -1.000000 -1 -1 587.434326171875 179.65199279785156 616.3987426757812 202.37709045410156 -1 -1 -1 -1 -1 -1 -1 -1 1 
168 40 Car -1.000000 -1 -1 29.861759185791016 188.18601989746094 71.85542297363281 214.50311279296875 -1 -1 -1 -1 -1 -1 -1 -1 1 
168 33 Car -1.000000 -1 -1 155.44552612304688 182.16873168945312 302.0914306640625 257.13446044921875 -1 -1 -1 -1 -1 -1 -1 -1 1 
168 23 Car -1.000000 -1 -1 586.8694458007812 177.8083038330078 615.677734375 200.23304748535156 -1 -1 -1 -1 -1 -1 -1 -1 1 
169 40 Car -1.000000 -1 -1 13.866840362548828 185.75405883789062 61.80046463012695 211.47299194335938 -1 -1 -1 -1 -1 -1 -1 -1 1 
169 23 Car -1.000000 -1 -1 587.8931884765625 175.40345764160156 613.4559326171875 196.30825805664062 -1 -1 -1 -1 -1 -1 -1 -1 1 
172 43 Car -1.000000 -1 -1 358.76629638671875 171.83473205566406 423.3638000488281 217.84800720214844 -1 -1 -1 -1 -1 -1 -1 -1 1 
172 42 Car -1.000000 -1 -1 536.7063598632812 177.45166015625 567.7572021484375 202.07965087890625 -1 -1 -1 -1 -1 -1 -1 -1 1 
173 43 Car -1.000000 -1 -1 339.6459655761719 173.95419311523438 410.8323974609375 223.8892822265625 -1 -1 -1 -1 -1 -1 -1 -1 1 
174 43 Car -1.000000 -1 -1 315.99102783203125 173.0021514892578 397.0711669921875 226.27420043945312 -1 -1 -1 -1 -1 -1 -1 -1 1 
175 43 Car -1.000000 -1 -1 286.6866149902344 171.5960693359375 378.13751220703125 229.55966186523438 -1 -1 -1 -1 -1 -1 -1 -1 1 
176 43 Car -1.000000 -1 -1 250.38629150390625 168.00889587402344 356.1408386230469 235.4802703857422 -1 -1 -1 -1 -1 -1 -1 -1 1 
177 43 Car -1.000000 -1 -1 205.56556701660156 166.93397521972656 333.2643737792969 244.31118774414062 -1 -1 -1 -1 -1 -1 -1 -1 1 
177 42 Car -1.000000 -1 -1 522.653564453125 175.56130981445312 560.2791137695312 206.83502197265625 -1 -1 -1 -1 -1 -1 -1 -1 1 
178 43 Car -1.000000 -1 -1 145.76890563964844 169.28665161132812 304.7540588378906 256.6452331542969 -1 -1 -1 -1 -1 -1 -1 -1 1 
178 42 Car -1.000000 -1 -1 519.6032104492188 176.19406127929688 558.6082763671875 207.982421875 -1 -1 -1 -1 -1 -1 -1 -1 1 
179 43 Car -1.000000 -1 -1 64.70886993408203 167.33834838867188 261.2711181640625 270.93243408203125 -1 -1 -1 -1 -1 -1 -1 -1 1 
184 42 Car -1.000000 -1 -1 494.5901184082031 183.78453063964844 548.40771484375 227.5728759765625 -1 -1 -1 -1 -1 -1 -1 -1 1 
185 46 Car -1.000000 -1 -1 286.184326171875 189.42376708984375 371.40435791015625 234.64207458496094 -1 -1 -1 -1 -1 -1 -1 -1 1 
185 42 Car -1.000000 -1 -1 488.4800720214844 180.35459899902344 547.1549682617188 227.4638671875 -1 -1 -1 -1 -1 -1 -1 -1 1 
185 23 Car -1.000000 -1 -1 578.6288452148438 180.28009033203125 606.7921752929688 204.0098114013672 -1 -1 -1 -1 -1 -1 -1 -1 1 
186 46 Car -1.000000 -1 -1 251.4689483642578 189.2388153076172 347.63739013671875 238.04359436035156 -1 -1 -1 -1 -1 -1 -1 -1 1 
186 42 Car -1.000000 -1 -1 482.44873046875 178.45021057128906 543.8748779296875 228.33078002929688 -1 -1 -1 -1 -1 -1 -1 -1 1 
187 46 Car -1.000000 -1 -1 207.49444580078125 191.06448364257812 323.7967529296875 248.90139770507812 -1 -1 -1 -1 -1 -1 -1 -1 1 
187 42 Car -1.000000 -1 -1 476.5546875 179.1243438720703 542.3533935546875 232.8061065673828 -1 -1 -1 -1 -1 -1 -1 -1 1 
188 46 Car -1.000000 -1 -1 148.91065979003906 195.20355224609375 290.74090576171875 258.9450378417969 -1 -1 -1 -1 -1 -1 -1 -1 1 
188 42 Car -1.000000 -1 -1 469.1557312011719 180.630615234375 540.422119140625 238.58973693847656 -1 -1 -1 -1 -1 -1 -1 -1 1 
189 46 Car -1.000000 -1 -1 66.64710998535156 198.49803161621094 249.13870239257812 275.01629638671875 -1 -1 -1 -1 -1 -1 -1 -1 1 
189 42 Car -1.000000 -1 -1 460.2021789550781 180.68084716796875 539.3154296875 242.92991638183594 -1 -1 -1 -1 -1 -1 -1 -1 1 
190 46 Car -1.000000 -1 -1 0.021631265059113503 199.73081970214844 192.13925170898438 294.4336242675781 -1 -1 -1 -1 -1 -1 -1 -1 1 
190 42 Car -1.000000 -1 -1 449.53729248046875 180.16940307617188 536.4414672851562 246.1515655517578 -1 -1 -1 -1 -1 -1 -1 -1 1 
191 47 Car -1.000000 -1 -1 264.6451721191406 186.33909606933594 340.1174011230469 226.9697723388672 -1 -1 -1 -1 -1 -1 -1 -1 1 
191 46 Car -1.000000 -1 -1 0.4747774004936218 197.50665283203125 112.63182830810547 294.5826416015625 -1 -1 -1 -1 -1 -1 -1 -1 1 
191 42 Car -1.000000 -1 -1 436.0347900390625 178.62530517578125 532.1657104492188 250.1483612060547 -1 -1 -1 -1 -1 -1 -1 -1 1 
192 47 Car -1.000000 -1 -1 234.9578399658203 184.34671020507812 317.9076232910156 229.93557739257812 -1 -1 -1 -1 -1 -1 -1 -1 1 
192 42 Car -1.000000 -1 -1 421.8313293457031 175.79615783691406 526.6026611328125 256.1150207519531 -1 -1 -1 -1 -1 -1 -1 -1 1 
193 47 Car -1.000000 -1 -1 191.33514404296875 185.2989959716797 290.8008117675781 237.2570343017578 -1 -1 -1 -1 -1 -1 -1 -1 1 
193 42 Car -1.000000 -1 -1 402.5813293457031 176.61680603027344 520.6930541992188 263.9820251464844 -1 -1 -1 -1 -1 -1 -1 -1 1 
194 47 Car -1.000000 -1 -1 136.80279541015625 190.496337890625 256.160888671875 250.60305786132812 -1 -1 -1 -1 -1 -1 -1 -1 1 
194 42 Car -1.000000 -1 -1 380.06854248046875 178.95436096191406 513.741455078125 277.57672119140625 -1 -1 -1 -1 -1 -1 -1 -1 1 
195 47 Car -1.000000 -1 -1 62.62925720214844 196.69778442382812 211.80514526367188 263.9906921386719 -1 -1 -1 -1 -1 -1 -1 -1 1 
195 42 Car -1.000000 -1 -1 350.27825927734375 182.59103393554688 505.8086853027344 296.4929504394531 -1 -1 -1 -1 -1 -1 -1 -1 1 
196 47 Car -1.000000 -1 -1 -0.5239030122756958 200.7198486328125 156.44851684570312 277.0044860839844 -1 -1 -1 -1 -1 -1 -1 -1 1 
196 42 Car -1.000000 -1 -1 312.09466552734375 184.03781127929688 496.2545166015625 317.771484375 -1 -1 -1 -1 -1 -1 -1 -1 1 
196 23 Car -1.000000 -1 -1 589.78076171875 176.57293701171875 615.3126831054688 203.2620086669922 -1 -1 -1 -1 -1 -1 -1 -1 1 
197 47 Car -1.000000 -1 -1 0.005781662650406361 199.93801879882812 83.25149536132812 277.7292785644531 -1 -1 -1 -1 -1 -1 -1 -1 1 
197 42 Car -1.000000 -1 -1 259.2792053222656 180.5279541015625 483.62017822265625 333.799072265625 -1 -1 -1 -1 -1 -1 -1 -1 1 
197 23 Car -1.000000 -1 -1 591.17724609375 174.4093780517578 618.62255859375 200.11727905273438 -1 -1 -1 -1 -1 -1 -1 -1 1 
198 42 Car -1.000000 -1 -1 179.2755126953125 177.75416564941406 467.52923583984375 359.0412902832031 -1 -1 -1 -1 -1 -1 -1 -1 1 
198 23 Car -1.000000 -1 -1 591.6993408203125 171.3344268798828 619.991455078125 194.3424835205078 -1 -1 -1 -1 -1 -1 -1 -1 1 
199 42 Car -1.000000 -1 -1 45.220375061035156 179.08883666992188 445.2375793457031 371.55908203125 -1 -1 -1 -1 -1 -1 -1 -1 1 
199 23 Car -1.000000 -1 -1 592.8172607421875 171.2649688720703 623.2957763671875 196.47006225585938 -1 -1 -1 -1 -1 -1 -1 -1 1 
200 42 Car -1.000000 -1 -1 -0.18298481404781342 182.33139038085938 411.1619873046875 371.70379638671875 -1 -1 -1 -1 -1 -1 -1 -1 1 
200 23 Car -1.000000 -1 -1 595.6826782226562 173.9469757080078 623.976318359375 198.88999938964844 -1 -1 -1 -1 -1 -1 -1 -1 1 
201 42 Car -1.000000 -1 -1 0.22757986187934875 192.90126037597656 363.7865905761719 370.8951416015625 -1 -1 -1 -1 -1 -1 -1 -1 1 
202 42 Car -1.000000 -1 -1 0.5604585409164429 220.06163024902344 283.03814697265625 373.4378662109375 -1 -1 -1 -1 -1 -1 -1 -1 1 
205 45 Car -1.000000 -1 -1 348.2332763671875 191.4488525390625 418.1695861816406 226.3515625 -1 -1 -1 -1 -1 -1 -1 -1 1 
206 45 Car -1.000000 -1 -1 319.41510009765625 195.9539031982422 395.69573974609375 236.3870391845703 -1 -1 -1 -1 -1 -1 -1 -1 1 
207 45 Car -1.000000 -1 -1 284.42572021484375 195.85687255859375 371.16363525390625 240.70489501953125 -1 -1 -1 -1 -1 -1 -1 -1 1 
208 45 Car -1.000000 -1 -1 313.344482421875 187.1057891845703 370.70501708984375 221.2578125 -1 -1 -1 -1 -1 -1 -1 -1 1 
208 23 Car -1.000000 -1 -1 603.12109375 180.63946533203125 629.5318603515625 203.24066162109375 -1 -1 -1 -1 -1 -1 -1 -1 1 
209 45 Car -1.000000 -1 -1 284.9642333984375 186.5527801513672 344.1626892089844 226.1575469970703 -1 -1 -1 -1 -1 -1 -1 -1 1 
210 45 Car -1.000000 -1 -1 240.8495635986328 188.18560791015625 315.4611511230469 233.17340087890625 -1 -1 -1 -1 -1 -1 -1 -1 1 
211 48 Car -1.000000 -1 -1 0.41163069009780884 200.662109375 197.13702392578125 289.3119812011719 -1 -1 -1 -1 -1 -1 -1 -1 1 
212 48 Car -1.000000 -1 -1 0.5328161120414734 205.14967346191406 105.05890655517578 295.2345886230469 -1 -1 -1 -1 -1 -1 -1 -1 1 
213 50 Car -1.000000 -1 -1 423.899658203125 181.30287170410156 462.9150695800781 208.11685180664062 -1 -1 -1 -1 -1 -1 -1 -1 1 
214 50 Car -1.000000 -1 -1 407.9159851074219 179.49742126464844 452.0301818847656 207.50267028808594 -1 -1 -1 -1 -1 -1 -1 -1 1 
215 50 Car -1.000000 -1 -1 389.112060546875 182.32899475097656 441.9440002441406 210.9302520751953 -1 -1 -1 -1 -1 -1 -1 -1 1 
216 50 Car -1.000000 -1 -1 372.00872802734375 184.5870361328125 426.6496276855469 215.52169799804688 -1 -1 -1 -1 -1 -1 -1 -1 1 
217 50 Car -1.000000 -1 -1 350.1450500488281 187.6108856201172 409.7508544921875 219.12326049804688 -1 -1 -1 -1 -1 -1 -1 -1 1 
217 23 Car -1.000000 -1 -1 599.5391235351562 178.32183837890625 626.2340087890625 203.41665649414062 -1 -1 -1 -1 -1 -1 -1 -1 1 
218 50 Car -1.000000 -1 -1 321.1846008300781 186.77333068847656 391.2132263183594 223.14015197753906 -1 -1 -1 -1 -1 -1 -1 -1 1 
218 23 Car -1.000000 -1 -1 598.6260986328125 177.94842529296875 626.7161254882812 202.55947875976562 -1 -1 -1 -1 -1 -1 -1 -1 1 
219 50 Car -1.000000 -1 -1 287.9423828125 188.29660034179688 368.7617492675781 227.44293212890625 -1 -1 -1 -1 -1 -1 -1 -1 1 
219 23 Car -1.000000 -1 -1 599.1123657226562 175.70066833496094 626.3619384765625 201.17886352539062 -1 -1 -1 -1 -1 -1 -1 -1 1 
220 50 Car -1.000000 -1 -1 245.72898864746094 185.86473083496094 342.0090637207031 231.7151336669922 -1 -1 -1 -1 -1 -1 -1 -1 1 
220 23 Car -1.000000 -1 -1 599.5597534179688 174.48072814941406 627.7280883789062 197.2086944580078 -1 -1 -1 -1 -1 -1 -1 -1 1 
221 23 Car -1.000000 -1 -1 599.5825805664062 171.67111206054688 627.71435546875 196.94512939453125 -1 -1 -1 -1 -1 -1 -1 -1 1 
222 23 Car -1.000000 -1 -1 599.3781127929688 173.94122314453125 627.5214233398438 197.70950317382812 -1 -1 -1 -1 -1 -1 -1 -1 1 
223 23 Car -1.000000 -1 -1 599.5238647460938 177.19093322753906 627.4227294921875 202.25184631347656 -1 -1 -1 -1 -1 -1 -1 -1 1 
224 23 Car -1.000000 -1 -1 598.8883666992188 180.05792236328125 627.5042724609375 205.3043212890625 -1 -1 -1 -1 -1 -1 -1 -1 1 
225 23 Car -1.000000 -1 -1 599.3384399414062 180.9593048095703 627.1780395507812 205.3565216064453 -1 -1 -1 -1 -1 -1 -1 -1 1 
226 23 Car -1.000000 -1 -1 599.0628051757812 179.43496704101562 626.7327270507812 205.305908203125 -1 -1 -1 -1 -1 -1 -1 -1 1 
227 23 Car -1.000000 -1 -1 598.6484375 179.16009521484375 626.4278564453125 204.94363403320312 -1 -1 -1 -1 -1 -1 -1 -1 1 
228 23 Car -1.000000 -1 -1 598.8063354492188 181.07577514648438 625.6127319335938 207.16009521484375 -1 -1 -1 -1 -1 -1 -1 -1 1 
229 23 Car -1.000000 -1 -1 598.6617431640625 181.10690307617188 625.6094970703125 207.22515869140625 -1 -1 -1 -1 -1 -1 -1 -1 1 
230 23 Car -1.000000 -1 -1 598.2431640625 179.7173309326172 625.1073608398438 204.26614379882812 -1 -1 -1 -1 -1 -1 -1 -1 1 
231 23 Car -1.000000 -1 -1 597.5051879882812 177.79664611816406 625.67822265625 202.26316833496094 -1 -1 -1 -1 -1 -1 -1 -1 1 
232 44 Car -1.000000 -1 -1 380.10345458984375 184.2643280029297 425.10321044921875 211.05345153808594 -1 -1 -1 -1 -1 -1 -1 -1 1 
232 23 Car -1.000000 -1 -1 597.7289428710938 177.4051513671875 625.2520751953125 201.9869384765625 -1 -1 -1 -1 -1 -1 -1 -1 1 
233 44 Car -1.000000 -1 -1 363.6098937988281 182.6322479248047 413.0039367675781 213.209716796875 -1 -1 -1 -1 -1 -1 -1 -1 1 
233 23 Car -1.000000 -1 -1 596.8390502929688 175.59312438964844 625.1869506835938 201.77500915527344 -1 -1 -1 -1 -1 -1 -1 -1 1 
234 44 Car -1.000000 -1 -1 344.5185241699219 181.01080322265625 399.46453857421875 214.67642211914062 -1 -1 -1 -1 -1 -1 -1 -1 1 
234 23 Car -1.000000 -1 -1 597.67529296875 173.0486602783203 624.6437377929688 199.43222045898438 -1 -1 -1 -1 -1 -1 -1 -1 1 
235 44 Car -1.000000 -1 -1 322.659423828125 183.6943359375 381.8394775390625 218.89381408691406 -1 -1 -1 -1 -1 -1 -1 -1 1 
235 23 Car -1.000000 -1 -1 596.7672119140625 173.86773681640625 625.480224609375 200.36863708496094 -1 -1 -1 -1 -1 -1 -1 -1 1 
236 44 Car -1.000000 -1 -1 297.4735107421875 187.56837463378906 363.458984375 224.7462615966797 -1 -1 -1 -1 -1 -1 -1 -1 1 
236 23 Car -1.000000 -1 -1 597.3339233398438 175.9164581298828 625.623291015625 202.1693878173828 -1 -1 -1 -1 -1 -1 -1 -1 1 
237 54 Car -1.000000 -1 -1 335.2078552246094 187.0955810546875 404.57904052734375 230.21923828125 -1 -1 -1 -1 -1 -1 -1 -1 1 
237 23 Car -1.000000 -1 -1 597.6766357421875 176.49685668945312 625.3863525390625 201.9339141845703 -1 -1 -1 -1 -1 -1 -1 -1 1 
238 54 Car -1.000000 -1 -1 291.2229919433594 188.68975830078125 379.08062744140625 238.52354431152344 -1 -1 -1 -1 -1 -1 -1 -1 1 
238 23 Car -1.000000 -1 -1 597.0855712890625 176.68263244628906 625.23291015625 203.0272979736328 -1 -1 -1 -1 -1 -1 -1 -1 1 
239 54 Car -1.000000 -1 -1 232.46229553222656 191.4230499267578 347.618408203125 250.16636657714844 -1 -1 -1 -1 -1 -1 -1 -1 1 
239 23 Car -1.000000 -1 -1 597.275146484375 176.16534423828125 624.8798828125 201.92941284179688 -1 -1 -1 -1 -1 -1 -1 -1 1 
240 54 Car -1.000000 -1 -1 149.21469116210938 193.28782653808594 299.3725280761719 264.7040710449219 -1 -1 -1 -1 -1 -1 -1 -1 1 
240 23 Car -1.000000 -1 -1 597.3557739257812 175.36117553710938 625.1073608398438 201.79466247558594 -1 -1 -1 -1 -1 -1 -1 -1 1 
241 54 Car -1.000000 -1 -1 23.99726104736328 196.37515258789062 235.0929718017578 289.5558166503906 -1 -1 -1 -1 -1 -1 -1 -1 1 
241 53 Car -1.000000 -1 -1 422.6670227050781 181.5897216796875 468.0657958984375 212.05166625976562 -1 -1 -1 -1 -1 -1 -1 -1 1 
241 23 Car -1.000000 -1 -1 597.6723022460938 174.20706176757812 625.7401733398438 200.32040405273438 -1 -1 -1 -1 -1 -1 -1 -1 1 
242 54 Car -1.000000 -1 -1 0.7101969122886658 200.38438415527344 132.97862243652344 307.9574279785156 -1 -1 -1 -1 -1 -1 -1 -1 1 
242 53 Car -1.000000 -1 -1 407.42547607421875 182.09219360351562 455.2759704589844 213.80624389648438 -1 -1 -1 -1 -1 -1 -1 -1 1 
242 23 Car -1.000000 -1 -1 597.3218383789062 173.879638671875 626.1458740234375 200.08526611328125 -1 -1 -1 -1 -1 -1 -1 -1 1 
243 53 Car -1.000000 -1 -1 385.6673583984375 183.56394958496094 439.6481628417969 219.95188903808594 -1 -1 -1 -1 -1 -1 -1 -1 1 
243 23 Car -1.000000 -1 -1 597.4740600585938 175.8271942138672 625.5592651367188 202.45733642578125 -1 -1 -1 -1 -1 -1 -1 -1 1 
244 53 Car -1.000000 -1 -1 360.8926696777344 187.8912811279297 424.513671875 226.48135375976562 -1 -1 -1 -1 -1 -1 -1 -1 1 
244 23 Car -1.000000 -1 -1 597.434326171875 176.823486328125 626.532958984375 203.61151123046875 -1 -1 -1 -1 -1 -1 -1 -1 1 
245 53 Car -1.000000 -1 -1 329.6882019042969 187.9979705810547 406.095458984375 231.4855194091797 -1 -1 -1 -1 -1 -1 -1 -1 1 
245 23 Car -1.000000 -1 -1 598.0135498046875 175.60520935058594 626.2321166992188 202.56797790527344 -1 -1 -1 -1 -1 -1 -1 -1 1 
246 23 Car -1.000000 -1 -1 597.7576904296875 174.619384765625 626.2542114257812 200.27987670898438 -1 -1 -1 -1 -1 -1 -1 -1 1 
250 23 Car -1.000000 -1 -1 598.3300170898438 175.34910583496094 627.4396362304688 202.58773803710938 -1 -1 -1 -1 -1 -1 -1 -1 1 
251 23 Car -1.000000 -1 -1 598.1527709960938 177.7350311279297 627.9072265625 204.57962036132812 -1 -1 -1 -1 -1 -1 -1 -1 1 
252 23 Car -1.000000 -1 -1 598.65771484375 178.95681762695312 627.7169799804688 205.21865844726562 -1 -1 -1 -1 -1 -1 -1 -1 1 
253 23 Car -1.000000 -1 -1 598.683837890625 180.51602172851562 627.5512084960938 205.43917846679688 -1 -1 -1 -1 -1 -1 -1 -1 1 
254 23 Car -1.000000 -1 -1 598.6908569335938 179.00950622558594 628.0870971679688 205.72540283203125 -1 -1 -1 -1 -1 -1 -1 -1 1 
255 23 Car -1.000000 -1 -1 598.9593505859375 179.24185180664062 628.2863159179688 205.81825256347656 -1 -1 -1 -1 -1 -1 -1 -1 1 
256 23 Car -1.000000 -1 -1 598.3892822265625 179.98519897460938 629.0834350585938 204.97445678710938 -1 -1 -1 -1 -1 -1 -1 -1 1 
257 23 Car -1.000000 -1 -1 597.7230834960938 175.6597137451172 629.0247802734375 204.12841796875 -1 -1 -1 -1 -1 -1 -1 -1 1 
258 23 Car -1.000000 -1 -1 598.428955078125 173.61251831054688 628.5841064453125 200.9253692626953 -1 -1 -1 -1 -1 -1 -1 -1 1 
259 23 Car -1.000000 -1 -1 598.1265869140625 171.5387725830078 629.1563720703125 199.77999877929688 -1 -1 -1 -1 -1 -1 -1 -1 1 
260 23 Car -1.000000 -1 -1 597.9044799804688 171.4001007080078 628.5521240234375 199.85604858398438 -1 -1 -1 -1 -1 -1 -1 -1 1 
261 23 Car -1.000000 -1 -1 596.6124877929688 175.01620483398438 628.6973876953125 201.3012237548828 -1 -1 -1 -1 -1 -1 -1 -1 1 
262 23 Car -1.000000 -1 -1 596.6292114257812 176.62139892578125 627.75634765625 204.16259765625 -1 -1 -1 -1 -1 -1 -1 -1 1 
263 23 Car -1.000000 -1 -1 596.8712768554688 176.97988891601562 628.0991821289062 204.20037841796875 -1 -1 -1 -1 -1 -1 -1 -1 1 
264 23 Car -1.000000 -1 -1 596.6044311523438 174.90069580078125 626.1819458007812 202.5543670654297 -1 -1 -1 -1 -1 -1 -1 -1 1 
265 23 Car -1.000000 -1 -1 596.2274780273438 173.2429656982422 624.7349243164062 200.18312072753906 -1 -1 -1 -1 -1 -1 -1 -1 1 
270 23 Car -1.000000 -1 -1 592.7933959960938 179.4992218017578 625.004150390625 209.87303161621094 -1 -1 -1 -1 -1 -1 -1 -1 1 
271 23 Car -1.000000 -1 -1 591.9302368164062 181.31297302246094 624.3529663085938 211.6101531982422 -1 -1 -1 -1 -1 -1 -1 -1 1 
272 23 Car -1.000000 -1 -1 591.0864868164062 180.9339599609375 624.2910766601562 210.90817260742188 -1 -1 -1 -1 -1 -1 -1 -1 1 
273 23 Car -1.000000 -1 -1 591.0308227539062 181.05142211914062 623.9830932617188 209.21646118164062 -1 -1 -1 -1 -1 -1 -1 -1 1 
274 23 Car -1.000000 -1 -1 589.8444213867188 179.9214630126953 622.8819580078125 207.0928497314453 -1 -1 -1 -1 -1 -1 -1 -1 1 
275 23 Car -1.000000 -1 -1 589.3123168945312 179.4294891357422 620.7783813476562 205.8281707763672 -1 -1 -1 -1 -1 -1 -1 -1 1 
276 23 Car -1.000000 -1 -1 588.29150390625 177.11280822753906 619.6936645507812 204.36746215820312 -1 -1 -1 -1 -1 -1 -1 -1 1 
277 23 Car -1.000000 -1 -1 587.8693237304688 175.67579650878906 618.919677734375 204.0911102294922 -1 -1 -1 -1 -1 -1 -1 -1 1 
278 23 Car -1.000000 -1 -1 586.92822265625 175.15650939941406 618.424072265625 203.89825439453125 -1 -1 -1 -1 -1 -1 -1 -1 1 
279 23 Car -1.000000 -1 -1 586.7293090820312 173.9604034423828 617.9758911132812 202.9925537109375 -1 -1 -1 -1 -1 -1 -1 -1 1 
280 23 Car -1.000000 -1 -1 586.8098754882812 172.34359741210938 617.8950805664062 201.9888458251953 -1 -1 -1 -1 -1 -1 -1 -1 1 
281 23 Car -1.000000 -1 -1 586.0187377929688 173.2017059326172 617.4560546875 202.15171813964844 -1 -1 -1 -1 -1 -1 -1 -1 1 
282 23 Car -1.000000 -1 -1 586.5853271484375 172.44174194335938 617.6737060546875 202.49435424804688 -1 -1 -1 -1 -1 -1 -1 -1 1 
283 23 Car -1.000000 -1 -1 586.1408081054688 171.2506561279297 617.5980224609375 201.37123107910156 -1 -1 -1 -1 -1 -1 -1 -1 1 
284 23 Car -1.000000 -1 -1 584.750732421875 171.1834716796875 617.7372436523438 199.9527587890625 -1 -1 -1 -1 -1 -1 -1 -1 1 
285 23 Car -1.000000 -1 -1 585.359375 171.40020751953125 617.5802612304688 201.512939453125 -1 -1 -1 -1 -1 -1 -1 -1 1 
286 23 Car -1.000000 -1 -1 585.49755859375 171.07786560058594 617.7125854492188 202.08212280273438 -1 -1 -1 -1 -1 -1 -1 -1 1 
287 23 Car -1.000000 -1 -1 585.243408203125 171.83349609375 617.6265258789062 201.85121154785156 -1 -1 -1 -1 -1 -1 -1 -1 1 
288 23 Car -1.000000 -1 -1 586.9515991210938 174.17543029785156 618.190185546875 203.4241485595703 -1 -1 -1 -1 -1 -1 -1 -1 1 
289 23 Car -1.000000 -1 -1 587.8289184570312 173.80612182617188 618.6621704101562 202.66651916503906 -1 -1 -1 -1 -1 -1 -1 -1 1 
290 60 Car -1.000000 -1 -1 19.20870018005371 168.8155517578125 132.9750213623047 215.30850219726562 -1 -1 -1 -1 -1 -1 -1 -1 1 
290 23 Car -1.000000 -1 -1 588.0529174804688 171.60166931152344 619.6707763671875 201.32003784179688 -1 -1 -1 -1 -1 -1 -1 -1 1 
291 60 Car -1.000000 -1 -1 0.5178659558296204 165.890380859375 114.2796630859375 215.79310607910156 -1 -1 -1 -1 -1 -1 -1 -1 1 
291 23 Car -1.000000 -1 -1 588.0316162109375 170.59690856933594 619.6065673828125 199.6905517578125 -1 -1 -1 -1 -1 -1 -1 -1 1 
292 60 Car -1.000000 -1 -1 0.49596449732780457 164.84120178222656 94.19010925292969 216.8984832763672 -1 -1 -1 -1 -1 -1 -1 -1 1 
292 23 Car -1.000000 -1 -1 588.15478515625 168.85992431640625 620.116455078125 199.22119140625 -1 -1 -1 -1 -1 -1 -1 -1 1 
293 60 Car -1.000000 -1 -1 0.293362021446228 166.04153442382812 75.20650482177734 219.5530242919922 -1 -1 -1 -1 -1 -1 -1 -1 1 
293 23 Car -1.000000 -1 -1 588.1929321289062 170.4390411376953 620.75537109375 200.19830322265625 -1 -1 -1 -1 -1 -1 -1 -1 1 
294 60 Car -1.000000 -1 -1 0.1390615701675415 169.29833984375 60.50816345214844 221.745849609375 -1 -1 -1 -1 -1 -1 -1 -1 1 
294 23 Car -1.000000 -1 -1 588.9652099609375 170.99916076660156 620.8285522460938 201.0228271484375 -1 -1 -1 -1 -1 -1 -1 -1 1 
295 23 Car -1.000000 -1 -1 589.2777099609375 171.48143005371094 621.7161254882812 201.9895782470703 -1 -1 -1 -1 -1 -1 -1 -1 1 
296 23 Car -1.000000 -1 -1 589.5505981445312 171.71481323242188 621.7680053710938 202.09580993652344 -1 -1 -1 -1 -1 -1 -1 -1 1 
297 23 Car -1.000000 -1 -1 589.87548828125 172.94358825683594 621.7313232421875 202.2208251953125 -1 -1 -1 -1 -1 -1 -1 -1 1 
298 23 Car -1.000000 -1 -1 589.958251953125 173.0920867919922 621.88037109375 202.1306915283203 -1 -1 -1 -1 -1 -1 -1 -1 1 
299 23 Car -1.000000 -1 -1 591.060546875 172.9202117919922 622.0487670898438 202.32786560058594 -1 -1 -1 -1 -1 -1 -1 -1 1 
300 23 Car -1.000000 -1 -1 591.793212890625 172.82737731933594 622.4120483398438 201.60325622558594 -1 -1 -1 -1 -1 -1 -1 -1 1 
301 23 Car -1.000000 -1 -1 591.3433837890625 176.07640075683594 623.3856811523438 203.28953552246094 -1 -1 -1 -1 -1 -1 -1 -1 1 
302 23 Car -1.000000 -1 -1 592.179931640625 176.53781127929688 623.2008056640625 203.2648162841797 -1 -1 -1 -1 -1 -1 -1 -1 1 
303 23 Car -1.000000 -1 -1 593.2992553710938 175.54273986816406 623.6197509765625 202.90609741210938 -1 -1 -1 -1 -1 -1 -1 -1 1 
304 23 Car -1.000000 -1 -1 593.9248657226562 176.75241088867188 624.2442626953125 204.67356872558594 -1 -1 -1 -1 -1 -1 -1 -1 1 
305 23 Car -1.000000 -1 -1 594.587158203125 176.63836669921875 624.5587768554688 205.08538818359375 -1 -1 -1 -1 -1 -1 -1 -1 1 
306 23 Car -1.000000 -1 -1 594.318359375 176.67153930664062 624.740966796875 205.26121520996094 -1 -1 -1 -1 -1 -1 -1 -1 1 
307 23 Car -1.000000 -1 -1 594.8401489257812 176.71197509765625 624.76806640625 204.5415496826172 -1 -1 -1 -1 -1 -1 -1 -1 1 
308 23 Car -1.000000 -1 -1 594.6300048828125 177.6859130859375 624.7923583984375 205.13858032226562 -1 -1 -1 -1 -1 -1 -1 -1 1 
309 23 Car -1.000000 -1 -1 593.9686279296875 179.33287048339844 624.8231811523438 207.7677001953125 -1 -1 -1 -1 -1 -1 -1 -1 1 
310 23 Car -1.000000 -1 -1 593.7140502929688 180.59376525878906 624.7583618164062 209.56118774414062 -1 -1 -1 -1 -1 -1 -1 -1 1 
311 23 Car -1.000000 -1 -1 594.0914916992188 180.47335815429688 624.1165771484375 207.76150512695312 -1 -1 -1 -1 -1 -1 -1 -1 1 
312 23 Car -1.000000 -1 -1 593.1187133789062 180.805908203125 624.4151611328125 209.1786651611328 -1 -1 -1 -1 -1 -1 -1 -1 1 
313 23 Car -1.000000 -1 -1 592.5391235351562 183.86119079589844 622.938720703125 210.7972869873047 -1 -1 -1 -1 -1 -1 -1 -1 1 
