0 3 Car -1.000000 -1 -1 280.101410390368 177.55027764503077 303.84872388697573 199.1531067543833 -1 -1 -1 -1 -1 -1 -1 -1 1 
0 2 Car -1.000000 -1 -1 256.3898623717752 174.64247109133652 285.60656707158415 200.7267000512416 -1 -1 -1 -1 -1 -1 -1 -1 1 
0 1 Car -1.000000 -1 -1 570.7915043700691 176.35168446042346 609.4307246338371 208.8505250122328 -1 -1 -1 -1 -1 -1 -1 -1 1 
1 2 Car -1.000000 -1 -1 242.34767150878906 172.54725646972656 289.3868103027344 200.79075622558594 -1 -1 -1 -1 -1 -1 -1 -1 1 
1 1 Car -1.000000 -1 -1 571.2109375 170.71868896484375 609.8568725585938 207.50515747070312 -1 -1 -1 -1 -1 -1 -1 -1 1 
2 4 Car -1.000000 -1 -1 307.2479860932634 177.71382110731273 330.6434933989241 195.82499725206227 -1 -1 -1 -1 -1 -1 -1 -1 1 
2 2 Car -1.000000 -1 -1 226.85264587402344 171.9298095703125 280.5633544921875 201.51246643066406 -1 -1 -1 -1 -1 -1 -1 -1 1 
2 1 Car -1.000000 -1 -1 571.0631103515625 171.6809844970703 610.046630859375 207.230224609375 -1 -1 -1 -1 -1 -1 -1 -1 1 
3 2 Car -1.000000 -1 -1 210.70724487304688 170.7002716064453 268.0703125 201.74339294433594 -1 -1 -1 -1 -1 -1 -1 -1 1 
3 1 Car -1.000000 -1 -1 571.2657470703125 168.81346130371094 610.2088012695312 207.56381225585938 -1 -1 -1 -1 -1 -1 -1 -1 1 
4 2 Car -1.000000 -1 -1 193.30613708496094 168.78672790527344 252.6931915283203 202.1634063720703 -1 -1 -1 -1 -1 -1 -1 -1 1 
4 1 Car -1.000000 -1 -1 571.4376831054688 170.56166076660156 609.3184814453125 207.30984497070312 -1 -1 -1 -1 -1 -1 -1 -1 1 
5 4 Car -1.000000 -1 -1 275.3438720703125 171.5979766845703 315.16351318359375 195.029296875 -1 -1 -1 -1 -1 -1 -1 -1 1 
5 2 Car -1.000000 -1 -1 172.31149291992188 167.9827423095703 238.69300842285156 202.68914794921875 -1 -1 -1 -1 -1 -1 -1 -1 1 
5 1 Car -1.000000 -1 -1 571.1183471679688 169.31675720214844 610.3735961914062 206.60792541503906 -1 -1 -1 -1 -1 -1 -1 -1 1 
6 4 Car -1.000000 -1 -1 262.2326354980469 173.65492248535156 292.1108093261719 195.63812255859375 -1 -1 -1 -1 -1 -1 -1 -1 1 
6 2 Car -1.000000 -1 -1 149.76016235351562 167.6689910888672 222.77804565429688 203.9260711669922 -1 -1 -1 -1 -1 -1 -1 -1 1 
6 1 Car -1.000000 -1 -1 571.1893920898438 169.3174285888672 611.3081665039062 206.9174346923828 -1 -1 -1 -1 -1 -1 -1 -1 1 
7 4 Car -1.000000 -1 -1 248.01358032226562 172.80438232421875 290.7403869628906 197.72531127929688 -1 -1 -1 -1 -1 -1 -1 -1 1 
7 2 Car -1.000000 -1 -1 125.42542266845703 168.7223663330078 204.21551513671875 206.8712921142578 -1 -1 -1 -1 -1 -1 -1 -1 1 
7 1 Car -1.000000 -1 -1 570.511962890625 169.10861206054688 611.0455932617188 208.4941864013672 -1 -1 -1 -1 -1 -1 -1 -1 1 
8 4 Car -1.000000 -1 -1 234.623046875 174.15621948242188 283.30352783203125 199.5042724609375 -1 -1 -1 -1 -1 -1 -1 -1 1 
8 2 Car -1.000000 -1 -1 97.19925689697266 169.98178100585938 185.73094177246094 209.43019104003906 -1 -1 -1 -1 -1 -1 -1 -1 1 
8 1 Car -1.000000 -1 -1 571.397216796875 173.2609100341797 611.862060546875 210.26502990722656 -1 -1 -1 -1 -1 -1 -1 -1 1 
9 4 Car -1.000000 -1 -1 218.26405334472656 174.4697265625 270.90838623046875 200.8710174560547 -1 -1 -1 -1 -1 -1 -1 -1 1 
9 2 Car -1.000000 -1 -1 67.33129119873047 170.65438842773438 163.27342224121094 213.07550048828125 -1 -1 -1 -1 -1 -1 -1 -1 1 
9 1 Car -1.000000 -1 -1 571.453125 173.68212890625 612.4899291992188 210.86572265625 -1 -1 -1 -1 -1 -1 -1 -1 1 
10 4 Car -1.000000 -1 -1 200.2772216796875 175.3756103515625 258.2203369140625 203.8582305908203 -1 -1 -1 -1 -1 -1 -1 -1 1 
10 2 Car -1.000000 -1 -1 31.976539611816406 172.3269805908203 138.95294189453125 216.70953369140625 -1 -1 -1 -1 -1 -1 -1 -1 1 
10 1 Car -1.000000 -1 -1 571.346923828125 175.40762329101562 613.02734375 212.24929809570312 -1 -1 -1 -1 -1 -1 -1 -1 1 
11 4 Car -1.000000 -1 -1 183.12698364257812 175.5901641845703 242.98484802246094 205.49099731445312 -1 -1 -1 -1 -1 -1 -1 -1 1 
11 2 Car -1.000000 -1 -1 0.028097696602344513 173.116455078125 110.80970001220703 219.6327362060547 -1 -1 -1 -1 -1 -1 -1 -1 1 
11 1 Car -1.000000 -1 -1 572.277587890625 175.3585205078125 612.8401489257812 212.31790161132812 -1 -1 -1 -1 -1 -1 -1 -1 1 
12 4 Car -1.000000 -1 -1 160.82962036132812 176.06719970703125 227.2688751220703 207.8892059326172 -1 -1 -1 -1 -1 -1 -1 -1 1 
12 2 Car -1.000000 -1 -1 0.20791035890579224 173.89231872558594 79.93631744384766 222.65371704101562 -1 -1 -1 -1 -1 -1 -1 -1 1 
12 1 Car -1.000000 -1 -1 572.780029296875 175.56687927246094 613.8514404296875 212.5424041748047 -1 -1 -1 -1 -1 -1 -1 -1 1 
13 4 Car -1.000000 -1 -1 137.4163360595703 175.79051208496094 208.00660705566406 208.23513793945312 -1 -1 -1 -1 -1 -1 -1 -1 1 
13 2 Car -1.000000 -1 -1 0.1395149976015091 176.55557250976562 44.078033447265625 221.50074768066406 -1 -1 -1 -1 -1 -1 -1 -1 1 
13 1 Car -1.000000 -1 -1 573.1334838867188 175.4149627685547 614.518310546875 212.4589080810547 -1 -1 -1 -1 -1 -1 -1 -1 1 
14 4 Car -1.000000 -1 -1 111.70850372314453 174.5803680419922 187.63912963867188 210.3848876953125 -1 -1 -1 -1 -1 -1 -1 -1 1 
14 1 Car -1.000000 -1 -1 571.9927368164062 173.0245819091797 613.993896484375 212.2105712890625 -1 -1 -1 -1 -1 -1 -1 -1 1 
15 4 Car -1.000000 -1 -1 81.84298706054688 173.3711700439453 167.1743621826172 211.2529754638672 -1 -1 -1 -1 -1 -1 -1 -1 1 
16 4 Car -1.000000 -1 -1 48.63112258911133 174.28404235839844 143.223388671875 212.84730529785156 -1 -1 -1 -1 -1 -1 -1 -1 1 
17 4 Car -1.000000 -1 -1 10.576615333557129 173.0289764404297 115.31356048583984 214.69459533691406 -1 -1 -1 -1 -1 -1 -1 -1 1 
18 4 Car -1.000000 -1 -1 0.00549665093421936 173.9443359375 82.68949890136719 218.3737030029297 -1 -1 -1 -1 -1 -1 -1 -1 1 
18 1 Car -1.000000 -1 -1 570.7745361328125 172.53102111816406 613.3670654296875 211.29554748535156 -1 -1 -1 -1 -1 -1 -1 -1 1 
19 4 Car -1.000000 -1 -1 0.2206285446882248 176.23606872558594 44.72449493408203 218.4119110107422 -1 -1 -1 -1 -1 -1 -1 -1 1 
19 1 Car -1.000000 -1 -1 570.480712890625 172.1223907470703 613.6284790039062 211.29635620117188 -1 -1 -1 -1 -1 -1 -1 -1 1 
20 1 Car -1.000000 -1 -1 571.1575927734375 174.51638793945312 614.2279052734375 213.0261688232422 -1 -1 -1 -1 -1 -1 -1 -1 1 
21 1 Car -1.000000 -1 -1 570.7808837890625 171.8543701171875 614.0719604492188 212.66139221191406 -1 -1 -1 -1 -1 -1 -1 -1 1 
23 3 Car -1.000000 -1 -1 260.1595153808594 172.46136474609375 308.9947509765625 196.4284210205078 -1 -1 -1 -1 -1 -1 -1 -1 1 
24 3 Car -1.000000 -1 -1 248.42037963867188 172.3909149169922 298.30535888671875 197.48385620117188 -1 -1 -1 -1 -1 -1 -1 -1 1 
25 3 Car -1.000000 -1 -1 233.3218994140625 174.0989532470703 287.4952392578125 198.66934204101562 -1 -1 -1 -1 -1 -1 -1 -1 1 
26 3 Car -1.000000 -1 -1 218.1358642578125 174.9599609375 275.4237976074219 200.12818908691406 -1 -1 -1 -1 -1 -1 -1 -1 1 
27 3 Car -1.000000 -1 -1 202.1918487548828 175.447021484375 262.67645263671875 201.9019775390625 -1 -1 -1 -1 -1 -1 -1 -1 1 
28 3 Car -1.000000 -1 -1 184.98712158203125 174.88882446289062 250.9400634765625 202.73846435546875 -1 -1 -1 -1 -1 -1 -1 -1 1 
28 1 Car -1.000000 -1 -1 568.5137329101562 169.41653442382812 613.91943359375 212.2159423828125 -1 -1 -1 -1 -1 -1 -1 -1 1 
29 3 Car -1.000000 -1 -1 166.23712158203125 174.7274169921875 236.54876708984375 203.5338592529297 -1 -1 -1 -1 -1 -1 -1 -1 1 
29 1 Car -1.000000 -1 -1 567.5225830078125 168.2223358154297 613.9876708984375 211.81272888183594 -1 -1 -1 -1 -1 -1 -1 -1 1 
30 3 Car -1.000000 -1 -1 145.70950317382812 170.69757080078125 221.2093963623047 203.6932373046875 -1 -1 -1 -1 -1 -1 -1 -1 1 
30 1 Car -1.000000 -1 -1 567.4784545898438 168.93923950195312 614.0993041992188 211.01097106933594 -1 -1 -1 -1 -1 -1 -1 -1 1 
31 3 Car -1.000000 -1 -1 125.42084503173828 169.50735473632812 204.91465759277344 204.9302978515625 -1 -1 -1 -1 -1 -1 -1 -1 1 
31 1 Car -1.000000 -1 -1 566.9684448242188 167.33079528808594 614.155029296875 210.6280517578125 -1 -1 -1 -1 -1 -1 -1 -1 1 
32 3 Car -1.000000 -1 -1 102.13723754882812 171.7747039794922 186.2333221435547 205.79566955566406 -1 -1 -1 -1 -1 -1 -1 -1 1 
32 1 Car -1.000000 -1 -1 566.9766845703125 166.825439453125 614.29248046875 210.9771728515625 -1 -1 -1 -1 -1 -1 -1 -1 1 
33 3 Car -1.000000 -1 -1 73.90985870361328 172.73765563964844 168.43540954589844 209.038330078125 -1 -1 -1 -1 -1 -1 -1 -1 1 
33 1 Car -1.000000 -1 -1 566.5665283203125 169.46084594726562 614.5327758789062 212.36993408203125 -1 -1 -1 -1 -1 -1 -1 -1 1 
34 3 Car -1.000000 -1 -1 48.24523162841797 173.55999755859375 148.68006896972656 212.79476928710938 -1 -1 -1 -1 -1 -1 -1 -1 1 
34 1 Car -1.000000 -1 -1 566.8097534179688 169.4271240234375 615.3223876953125 213.54478454589844 -1 -1 -1 -1 -1 -1 -1 -1 1 
35 3 Car -1.000000 -1 -1 16.3592472076416 176.165771484375 126.83724212646484 216.05316162109375 -1 -1 -1 -1 -1 -1 -1 -1 1 
35 1 Car -1.000000 -1 -1 566.810546875 168.8647918701172 615.5302124023438 213.71615600585938 -1 -1 -1 -1 -1 -1 -1 -1 1 
36 3 Car -1.000000 -1 -1 0.3556462824344635 177.63491821289062 103.52843475341797 217.64608764648438 -1 -1 -1 -1 -1 -1 -1 -1 1 
36 1 Car -1.000000 -1 -1 566.5745849609375 169.14505004882812 616.281982421875 213.9329071044922 -1 -1 -1 -1 -1 -1 -1 -1 1 
37 5 Car -1.000000 -1 -1 301.9288024902344 165.77146911621094 358.10638427734375 190.6136474609375 -1 -1 -1 -1 -1 -1 -1 -1 1 
37 3 Car -1.000000 -1 -1 0.17995332181453705 178.1768341064453 77.62088775634766 217.57420349121094 -1 -1 -1 -1 -1 -1 -1 -1 1 
37 1 Car -1.000000 -1 -1 566.4505004882812 168.92401123046875 616.0629272460938 213.00216674804688 -1 -1 -1 -1 -1 -1 -1 -1 1 
38 5 Car -1.000000 -1 -1 293.8099670410156 166.04254150390625 351.7436218261719 190.70265197753906 -1 -1 -1 -1 -1 -1 -1 -1 1 
38 3 Car -1.000000 -1 -1 0.069646455347538 173.45510864257812 47.76042556762695 217.53453063964844 -1 -1 -1 -1 -1 -1 -1 -1 1 
38 1 Car -1.000000 -1 -1 566.4450073242188 168.7449951171875 616.03955078125 213.18470764160156 -1 -1 -1 -1 -1 -1 -1 -1 1 
39 5 Car -1.000000 -1 -1 286.37969970703125 166.53660583496094 347.1287841796875 191.73480224609375 -1 -1 -1 -1 -1 -1 -1 -1 1 
39 1 Car -1.000000 -1 -1 566.561767578125 169.60183715820312 616.5989379882812 213.75759887695312 -1 -1 -1 -1 -1 -1 -1 -1 1 
40 5 Car -1.000000 -1 -1 278.1566162109375 165.90501403808594 341.123291015625 192.7574462890625 -1 -1 -1 -1 -1 -1 -1 -1 1 
40 1 Car -1.000000 -1 -1 566.8994140625 169.01483154296875 617.0536499023438 213.78379821777344 -1 -1 -1 -1 -1 -1 -1 -1 1 
41 5 Car -1.000000 -1 -1 271.3037414550781 167.84898376464844 326.2905578613281 194.27481079101562 -1 -1 -1 -1 -1 -1 -1 -1 1 
41 1 Car -1.000000 -1 -1 566.925048828125 169.9324951171875 617.68017578125 215.0338134765625 -1 -1 -1 -1 -1 -1 -1 -1 1 
42 1 Car -1.000000 -1 -1 566.6951904296875 170.09039306640625 618.31591796875 215.49343872070312 -1 -1 -1 -1 -1 -1 -1 -1 1 
43 1 Car -1.000000 -1 -1 567.5059204101562 170.61325073242188 618.72509765625 216.27615356445312 -1 -1 -1 -1 -1 -1 -1 -1 1 
44 1 Car -1.000000 -1 -1 567.4288940429688 170.08392333984375 618.7044067382812 216.54818725585938 -1 -1 -1 -1 -1 -1 -1 -1 1 
45 1 Car -1.000000 -1 -1 566.7020263671875 170.13211059570312 619.9948120117188 217.5145263671875 -1 -1 -1 -1 -1 -1 -1 -1 1 
46 1 Car -1.000000 -1 -1 566.9307861328125 171.16232299804688 620.7323608398438 218.48934936523438 -1 -1 -1 -1 -1 -1 -1 -1 1 
47 1 Car -1.000000 -1 -1 569.8173828125 171.86614990234375 621.3209228515625 219.59922790527344 -1 -1 -1 -1 -1 -1 -1 -1 1 
48 1 Car -1.000000 -1 -1 570.467529296875 172.0595703125 622.00732421875 221.197509765625 -1 -1 -1 -1 -1 -1 -1 -1 1 
49 1 Car -1.000000 -1 -1 570.199462890625 171.08184814453125 622.755859375 220.26632690429688 -1 -1 -1 -1 -1 -1 -1 -1 1 
50 1 Car -1.000000 -1 -1 570.6632080078125 172.123291015625 624.062255859375 219.3457489013672 -1 -1 -1 -1 -1 -1 -1 -1 1 
51 1 Car -1.000000 -1 -1 571.51953125 171.8052520751953 624.3521728515625 220.04989624023438 -1 -1 -1 -1 -1 -1 -1 -1 1 
52 1 Car -1.000000 -1 -1 571.791015625 172.66278076171875 625.1074829101562 220.96409606933594 -1 -1 -1 -1 -1 -1 -1 -1 1 
53 1 Car -1.000000 -1 -1 572.47412109375 172.303955078125 625.7752685546875 220.95884704589844 -1 -1 -1 -1 -1 -1 -1 -1 1 
54 1 Car -1.000000 -1 -1 572.7661743164062 172.72108459472656 625.8986206054688 222.1052703857422 -1 -1 -1 -1 -1 -1 -1 -1 1 
55 1 Car -1.000000 -1 -1 573.1756591796875 172.77297973632812 626.423583984375 222.5738067626953 -1 -1 -1 -1 -1 -1 -1 -1 1 
56 7 Car -1.000000 -1 -1 139.38357543945312 171.88893127441406 212.53382873535156 207.74107360839844 -1 -1 -1 -1 -1 -1 -1 -1 1 
56 1 Car -1.000000 -1 -1 573.1751708984375 172.28416442871094 626.8079223632812 221.92176818847656 -1 -1 -1 -1 -1 -1 -1 -1 1 
57 7 Car -1.000000 -1 -1 119.35489654541016 172.3216552734375 197.0657196044922 209.0352783203125 -1 -1 -1 -1 -1 -1 -1 -1 1 
57 1 Car -1.000000 -1 -1 573.715087890625 170.51272583007812 627.7066040039062 222.20816040039062 -1 -1 -1 -1 -1 -1 -1 -1 1 
58 7 Car -1.000000 -1 -1 100.13325500488281 173.77532958984375 183.83572387695312 210.70887756347656 -1 -1 -1 -1 -1 -1 -1 -1 1 
58 1 Car -1.000000 -1 -1 574.3632202148438 171.6179962158203 628.1251220703125 222.7062530517578 -1 -1 -1 -1 -1 -1 -1 -1 1 
59 7 Car -1.000000 -1 -1 74.106201171875 173.65296936035156 169.04055786132812 212.14662170410156 -1 -1 -1 -1 -1 -1 -1 -1 1 
59 1 Car -1.000000 -1 -1 574.8192749023438 169.68283081054688 629.324951171875 222.4366455078125 -1 -1 -1 -1 -1 -1 -1 -1 1 
60 8 Car -1.000000 -1 -1 0.02032465487718582 181.0408172607422 65.80592346191406 220.27374267578125 -1 -1 -1 -1 -1 -1 -1 -1 1 
60 7 Car -1.000000 -1 -1 54.528194427490234 171.57676696777344 152.747802734375 213.29824829101562 -1 -1 -1 -1 -1 -1 -1 -1 1 
60 1 Car -1.000000 -1 -1 574.8995361328125 169.46414184570312 629.7235717773438 221.7659149169922 -1 -1 -1 -1 -1 -1 -1 -1 1 
61 7 Car -1.000000 -1 -1 28.295391082763672 170.93283081054688 139.6708984375 215.38465881347656 -1 -1 -1 -1 -1 -1 -1 -1 1 
61 1 Car -1.000000 -1 -1 575.2621459960938 167.77301025390625 631.0543823242188 221.27146911621094 -1 -1 -1 -1 -1 -1 -1 -1 1 
62 7 Car -1.000000 -1 -1 4.558022975921631 170.50656127929688 122.5223617553711 216.3912811279297 -1 -1 -1 -1 -1 -1 -1 -1 1 
62 1 Car -1.000000 -1 -1 575.8990478515625 169.08705139160156 631.5989990234375 221.4700164794922 -1 -1 -1 -1 -1 -1 -1 -1 1 
63 9 Car -1.000000 -1 -1 85.40959167480469 166.1448974609375 147.04566955566406 195.8536376953125 -1 -1 -1 -1 -1 -1 -1 -1 1 
63 7 Car -1.000000 -1 -1 0.3853874206542969 169.9388885498047 100.75835418701172 217.42616271972656 -1 -1 -1 -1 -1 -1 -1 -1 1 
63 1 Car -1.000000 -1 -1 576.468994140625 168.94451904296875 632.4424438476562 222.48573303222656 -1 -1 -1 -1 -1 -1 -1 -1 1 
64 9 Car -1.000000 -1 -1 71.68185424804688 166.82418823242188 134.28553771972656 198.11033630371094 -1 -1 -1 -1 -1 -1 -1 -1 1 
64 7 Car -1.000000 -1 -1 0.3477473855018616 169.3817138671875 81.29235076904297 219.29788208007812 -1 -1 -1 -1 -1 -1 -1 -1 1 
64 1 Car -1.000000 -1 -1 576.4201049804688 170.165771484375 632.6924438476562 223.56849670410156 -1 -1 -1 -1 -1 -1 -1 -1 1 
65 9 Car -1.000000 -1 -1 52.11843490600586 167.42929077148438 120.99382781982422 200.40272521972656 -1 -1 -1 -1 -1 -1 -1 -1 1 
65 7 Car -1.000000 -1 -1 0.12842915952205658 172.23886108398438 60.34339904785156 220.17987060546875 -1 -1 -1 -1 -1 -1 -1 -1 1 
65 1 Car -1.000000 -1 -1 576.4367065429688 171.0390167236328 633.3330078125 224.5141143798828 -1 -1 -1 -1 -1 -1 -1 -1 1 
66 9 Car -1.000000 -1 -1 31.14565086364746 166.97128295898438 108.00613403320312 200.59912109375 -1 -1 -1 -1 -1 -1 -1 -1 1 
66 7 Car -1.000000 -1 -1 0.10631485283374786 175.35830688476562 39.46741485595703 220.97634887695312 -1 -1 -1 -1 -1 -1 -1 -1 1 
66 1 Car -1.000000 -1 -1 577.0364379882812 171.38385009765625 633.894287109375 224.8391876220703 -1 -1 -1 -1 -1 -1 -1 -1 1 
67 9 Car -1.000000 -1 -1 7.950433731079102 166.69509887695312 93.64191436767578 201.28851318359375 -1 -1 -1 -1 -1 -1 -1 -1 1 
67 1 Car -1.000000 -1 -1 577.3866577148438 171.3028564453125 634.50634765625 225.03741455078125 -1 -1 -1 -1 -1 -1 -1 -1 1 
68 1 Car -1.000000 -1 -1 577.6332397460938 171.7008056640625 635.1673583984375 224.8612518310547 -1 -1 -1 -1 -1 -1 -1 -1 1 
69 1 Car -1.000000 -1 -1 578.0178833007812 172.15896606445312 635.0410766601562 225.0446319580078 -1 -1 -1 -1 -1 -1 -1 -1 1 
70 1 Car -1.000000 -1 -1 577.9869995117188 172.64784240722656 635.1414794921875 225.18858337402344 -1 -1 -1 -1 -1 -1 -1 -1 1 
71 1 Car -1.000000 -1 -1 578.7151489257812 172.06443786621094 635.4881591796875 225.11854553222656 -1 -1 -1 -1 -1 -1 -1 -1 1 
72 1 Car -1.000000 -1 -1 579.4636840820312 172.39990234375 636.1240234375 225.1908721923828 -1 -1 -1 -1 -1 -1 -1 -1 1 
73 10 Car -1.000000 -1 -1 268.0524597167969 173.97735595703125 313.6257019042969 195.6111602783203 -1 -1 -1 -1 -1 -1 -1 -1 1 
73 1 Car -1.000000 -1 -1 580.0734252929688 172.59759521484375 636.7322387695312 225.37649536132812 -1 -1 -1 -1 -1 -1 -1 -1 1 
74 1 Car -1.000000 -1 -1 580.4236450195312 172.6150665283203 636.5744018554688 225.1784210205078 -1 -1 -1 -1 -1 -1 -1 -1 1 
75 1 Car -1.000000 -1 -1 580.2904052734375 172.5360870361328 636.6798706054688 224.8912353515625 -1 -1 -1 -1 -1 -1 -1 -1 1 
76 1 Car -1.000000 -1 -1 581.6336669921875 171.27236938476562 637.5405883789062 224.80337524414062 -1 -1 -1 -1 -1 -1 -1 -1 1 
77 1 Car -1.000000 -1 -1 581.8947143554688 171.28004455566406 637.8108520507812 225.09072875976562 -1 -1 -1 -1 -1 -1 -1 -1 1 
78 1 Car -1.000000 -1 -1 582.2007446289062 171.56910705566406 638.4081420898438 225.16513061523438 -1 -1 -1 -1 -1 -1 -1 -1 1 
79 10 Car -1.000000 -1 -1 222.28074645996094 173.85287475585938 278.0783996582031 200.21368408203125 -1 -1 -1 -1 -1 -1 -1 -1 1 
79 1 Car -1.000000 -1 -1 582.2827758789062 173.1360321044922 638.684326171875 225.83236694335938 -1 -1 -1 -1 -1 -1 -1 -1 1 
80 11 Car -1.000000 -1 -1 270.39361572265625 173.84165954589844 306.0586853027344 197.13925170898438 -1 -1 -1 -1 -1 -1 -1 -1 1 
80 10 Car -1.000000 -1 -1 213.28025817871094 173.06417846679688 271.2831726074219 201.21461486816406 -1 -1 -1 -1 -1 -1 -1 -1 1 
80 1 Car -1.000000 -1 -1 581.871826171875 173.31362915039062 638.5242309570312 226.04151916503906 -1 -1 -1 -1 -1 -1 -1 -1 1 
81 11 Car -1.000000 -1 -1 263.6009826660156 173.60987854003906 301.1083679199219 196.00474548339844 -1 -1 -1 -1 -1 -1 -1 -1 1 
81 10 Car -1.000000 -1 -1 203.86651611328125 173.6278076171875 264.840087890625 201.52102661132812 -1 -1 -1 -1 -1 -1 -1 -1 1 
81 1 Car -1.000000 -1 -1 581.4682006835938 173.1457977294922 639.3104248046875 225.97076416015625 -1 -1 -1 -1 -1 -1 -1 -1 1 
82 11 Car -1.000000 -1 -1 256.1359558105469 172.98892211914062 305.9006042480469 197.33609008789062 -1 -1 -1 -1 -1 -1 -1 -1 1 
82 10 Car -1.000000 -1 -1 193.05038452148438 172.560302734375 257.6402893066406 202.23960876464844 -1 -1 -1 -1 -1 -1 -1 -1 1 
82 1 Car -1.000000 -1 -1 581.66015625 172.86219787597656 639.084716796875 225.6407928466797 -1 -1 -1 -1 -1 -1 -1 -1 1 
83 11 Car -1.000000 -1 -1 250.63514709472656 171.00747680664062 301.7819519042969 197.3341827392578 -1 -1 -1 -1 -1 -1 -1 -1 1 
83 10 Car -1.000000 -1 -1 183.23904418945312 172.55165100097656 251.54067993164062 203.12820434570312 -1 -1 -1 -1 -1 -1 -1 -1 1 
83 1 Car -1.000000 -1 -1 581.353515625 172.41928100585938 639.2749633789062 225.65383911132812 -1 -1 -1 -1 -1 -1 -1 -1 1 
84 11 Car -1.000000 -1 -1 244.1730194091797 171.05416870117188 295.6248779296875 197.93441772460938 -1 -1 -1 -1 -1 -1 -1 -1 1 
84 10 Car -1.000000 -1 -1 171.63632202148438 172.0205841064453 242.841796875 203.6746063232422 -1 -1 -1 -1 -1 -1 -1 -1 1 
84 1 Car -1.000000 -1 -1 581.2899780273438 171.83401489257812 639.2633056640625 226.34030151367188 -1 -1 -1 -1 -1 -1 -1 -1 1 
85 11 Car -1.000000 -1 -1 236.46522521972656 169.78607177734375 289.2933654785156 198.45814514160156 -1 -1 -1 -1 -1 -1 -1 -1 1 
85 10 Car -1.000000 -1 -1 159.4925537109375 171.4678497314453 232.42076110839844 203.94532775878906 -1 -1 -1 -1 -1 -1 -1 -1 1 
85 1 Car -1.000000 -1 -1 581.5126342773438 172.1827850341797 639.2158813476562 225.96681213378906 -1 -1 -1 -1 -1 -1 -1 -1 1 
86 11 Car -1.000000 -1 -1 230.46510314941406 169.4071044921875 284.3365173339844 199.0 -1 -1 -1 -1 -1 -1 -1 -1 1 
86 10 Car -1.000000 -1 -1 147.32359313964844 170.4833526611328 223.99435424804688 204.01678466796875 -1 -1 -1 -1 -1 -1 -1 -1 1 
86 1 Car -1.000000 -1 -1 580.8585815429688 171.84315490722656 639.4793701171875 225.28526306152344 -1 -1 -1 -1 -1 -1 -1 -1 1 
87 11 Car -1.000000 -1 -1 218.96372985839844 169.44378662109375 269.78759765625 197.90553283691406 -1 -1 -1 -1 -1 -1 -1 -1 1 
87 10 Car -1.000000 -1 -1 134.70176696777344 171.219482421875 211.63140869140625 205.54641723632812 -1 -1 -1 -1 -1 -1 -1 -1 1 
87 1 Car -1.000000 -1 -1 580.6661376953125 170.5592041015625 639.3845825195312 224.6205596923828 -1 -1 -1 -1 -1 -1 -1 -1 1 
88 11 Car -1.000000 -1 -1 209.2205047607422 170.26734924316406 270.2305908203125 199.79092407226562 -1 -1 -1 -1 -1 -1 -1 -1 1 
88 10 Car -1.000000 -1 -1 119.67597198486328 171.2024383544922 199.89501953125 206.29234313964844 -1 -1 -1 -1 -1 -1 -1 -1 1 
88 1 Car -1.000000 -1 -1 580.3941040039062 170.53759765625 638.8599243164062 223.6751708984375 -1 -1 -1 -1 -1 -1 -1 -1 1 
89 12 Car -1.000000 -1 -1 265.79119873046875 170.1352996826172 306.77801513671875 195.43650817871094 -1 -1 -1 -1 -1 -1 -1 -1 1 
89 11 Car -1.000000 -1 -1 196.8282928466797 169.39981079101562 262.27520751953125 199.50973510742188 -1 -1 -1 -1 -1 -1 -1 -1 1 
89 10 Car -1.000000 -1 -1 105.6922607421875 170.9998779296875 192.06173706054688 206.91517639160156 -1 -1 -1 -1 -1 -1 -1 -1 1 
89 1 Car -1.000000 -1 -1 580.1865844726562 170.64613342285156 638.3784790039062 220.9827880859375 -1 -1 -1 -1 -1 -1 -1 -1 1 
90 11 Car -1.000000 -1 -1 186.76751708984375 168.91525268554688 255.04751586914062 201.54823303222656 -1 -1 -1 -1 -1 -1 -1 -1 1 
90 10 Car -1.000000 -1 -1 89.42588806152344 171.204345703125 171.77145385742188 207.67779541015625 -1 -1 -1 -1 -1 -1 -1 -1 1 
90 1 Car -1.000000 -1 -1 579.596923828125 170.19239807128906 638.9122314453125 220.87701416015625 -1 -1 -1 -1 -1 -1 -1 -1 1 
91 11 Car -1.000000 -1 -1 177.5706329345703 167.96240234375 246.35366821289062 200.83509826660156 -1 -1 -1 -1 -1 -1 -1 -1 1 
91 10 Car -1.000000 -1 -1 74.06893157958984 170.1168212890625 164.5011749267578 207.7886962890625 -1 -1 -1 -1 -1 -1 -1 -1 1 
91 1 Car -1.000000 -1 -1 578.412841796875 170.82554626464844 639.099365234375 222.40716552734375 -1 -1 -1 -1 -1 -1 -1 -1 1 
92 11 Car -1.000000 -1 -1 165.01620483398438 168.01956176757812 238.70677185058594 202.0774383544922 -1 -1 -1 -1 -1 -1 -1 -1 1 
92 10 Car -1.000000 -1 -1 55.17457962036133 171.95811462402344 154.60430908203125 211.1829833984375 -1 -1 -1 -1 -1 -1 -1 -1 1 
92 1 Car -1.000000 -1 -1 578.6880493164062 170.8091278076172 638.6897583007812 223.0382843017578 -1 -1 -1 -1 -1 -1 -1 -1 1 
93 11 Car -1.000000 -1 -1 155.5940399169922 168.56182861328125 228.88092041015625 202.8838348388672 -1 -1 -1 -1 -1 -1 -1 -1 1 
93 10 Car -1.000000 -1 -1 35.24793243408203 171.66204833984375 141.7056121826172 213.0635528564453 -1 -1 -1 -1 -1 -1 -1 -1 1 
93 1 Car -1.000000 -1 -1 577.936767578125 170.7179718017578 638.1411743164062 224.35498046875 -1 -1 -1 -1 -1 -1 -1 -1 1 
94 12 Car -1.000000 -1 -1 225.9567413330078 165.86766052246094 277.3565368652344 198.31724548339844 -1 -1 -1 -1 -1 -1 -1 -1 1 
94 11 Car -1.000000 -1 -1 144.30938720703125 168.83302307128906 218.22970581054688 204.1654510498047 -1 -1 -1 -1 -1 -1 -1 -1 1 
94 10 Car -1.000000 -1 -1 15.635851860046387 170.6774444580078 127.82767486572266 215.87583923339844 -1 -1 -1 -1 -1 -1 -1 -1 1 
94 1 Car -1.000000 -1 -1 577.3363037109375 170.77801513671875 637.8146362304688 225.33517456054688 -1 -1 -1 -1 -1 -1 -1 -1 1 
95 12 Car -1.000000 -1 -1 214.57431030273438 166.42784118652344 270.394775390625 199.3585662841797 -1 -1 -1 -1 -1 -1 -1 -1 1 
95 11 Car -1.000000 -1 -1 128.98033142089844 168.85975646972656 208.5225067138672 205.65736389160156 -1 -1 -1 -1 -1 -1 -1 -1 1 
95 10 Car -1.000000 -1 -1 0.5324385762214661 170.98104858398438 111.98751831054688 216.90533447265625 -1 -1 -1 -1 -1 -1 -1 -1 1 
95 1 Car -1.000000 -1 -1 576.58056640625 171.2836151123047 636.5200805664062 224.04249572753906 -1 -1 -1 -1 -1 -1 -1 -1 1 
96 12 Car -1.000000 -1 -1 204.38589477539062 164.4892120361328 262.4668273925781 200.04087829589844 -1 -1 -1 -1 -1 -1 -1 -1 1 
96 11 Car -1.000000 -1 -1 115.1498031616211 168.65029907226562 199.5909423828125 206.48985290527344 -1 -1 -1 -1 -1 -1 -1 -1 1 
96 10 Car -1.000000 -1 -1 0.12401333451271057 171.9358673095703 97.98714447021484 217.19528198242188 -1 -1 -1 -1 -1 -1 -1 -1 1 
96 1 Car -1.000000 -1 -1 576.0891723632812 170.72483825683594 636.0860595703125 223.99940490722656 -1 -1 -1 -1 -1 -1 -1 -1 1 
97 12 Car -1.000000 -1 -1 195.656982421875 168.4970245361328 255.95529174804688 200.69972229003906 -1 -1 -1 -1 -1 -1 -1 -1 1 
97 11 Car -1.000000 -1 -1 99.72264862060547 169.3231201171875 189.0221405029297 207.69117736816406 -1 -1 -1 -1 -1 -1 -1 -1 1 
97 1 Car -1.000000 -1 -1 575.758056640625 170.91696166992188 635.4534912109375 224.09849548339844 -1 -1 -1 -1 -1 -1 -1 -1 1 
98 12 Car -1.000000 -1 -1 185.68356323242188 165.35951232910156 249.12460327148438 202.47845458984375 -1 -1 -1 -1 -1 -1 -1 -1 1 
98 11 Car -1.000000 -1 -1 84.94442749023438 169.83326721191406 177.6734619140625 209.53773498535156 -1 -1 -1 -1 -1 -1 -1 -1 1 
98 1 Car -1.000000 -1 -1 574.68408203125 170.43435668945312 635.0297241210938 224.96803283691406 -1 -1 -1 -1 -1 -1 -1 -1 1 
99 12 Car -1.000000 -1 -1 177.7017059326172 167.50502014160156 241.18460083007812 202.56500244140625 -1 -1 -1 -1 -1 -1 -1 -1 1 
99 11 Car -1.000000 -1 -1 70.27035522460938 170.24525451660156 167.5955810546875 210.6537628173828 -1 -1 -1 -1 -1 -1 -1 -1 1 
99 1 Car -1.000000 -1 -1 573.71240234375 170.55467224121094 633.59130859375 224.70582580566406 -1 -1 -1 -1 -1 -1 -1 -1 1 
100 12 Car -1.000000 -1 -1 165.78790283203125 169.16587829589844 233.24436950683594 203.8504638671875 -1 -1 -1 -1 -1 -1 -1 -1 1 
100 11 Car -1.000000 -1 -1 54.06393814086914 170.44699096679688 156.1596221923828 211.9254913330078 -1 -1 -1 -1 -1 -1 -1 -1 1 
100 1 Car -1.000000 -1 -1 572.8534545898438 170.6634521484375 633.557373046875 225.6604461669922 -1 -1 -1 -1 -1 -1 -1 -1 1 
101 12 Car -1.000000 -1 -1 155.56568908691406 172.60987854003906 225.30465698242188 204.8840789794922 -1 -1 -1 -1 -1 -1 -1 -1 1 
101 11 Car -1.000000 -1 -1 36.925968170166016 171.49073791503906 143.4777374267578 214.57681274414062 -1 -1 -1 -1 -1 -1 -1 -1 1 
101 1 Car -1.000000 -1 -1 572.3121337890625 171.1882781982422 632.7380981445312 226.2582244873047 -1 -1 -1 -1 -1 -1 -1 -1 1 
102 12 Car -1.000000 -1 -1 144.60995483398438 170.05418395996094 218.37600708007812 206.75094604492188 -1 -1 -1 -1 -1 -1 -1 -1 1 
102 11 Car -1.000000 -1 -1 19.147335052490234 173.39198303222656 131.0401611328125 216.92117309570312 -1 -1 -1 -1 -1 -1 -1 -1 1 
102 1 Car -1.000000 -1 -1 571.436767578125 172.2528533935547 631.9894409179688 227.3455047607422 -1 -1 -1 -1 -1 -1 -1 -1 1 
103 12 Car -1.000000 -1 -1 132.69113159179688 173.53274536132812 211.9134063720703 208.8841552734375 -1 -1 -1 -1 -1 -1 -1 -1 1 
103 11 Car -1.000000 -1 -1 3.0271520614624023 174.9407958984375 117.8582534790039 219.50357055664062 -1 -1 -1 -1 -1 -1 -1 -1 1 
103 1 Car -1.000000 -1 -1 570.5917358398438 174.48193359375 631.051513671875 228.8260040283203 -1 -1 -1 -1 -1 -1 -1 -1 1 
104 12 Car -1.000000 -1 -1 120.1108627319336 178.79872131347656 195.3953399658203 211.4929962158203 -1 -1 -1 -1 -1 -1 -1 -1 1 
104 11 Car -1.000000 -1 -1 -0.039216846227645874 175.29896545410156 103.69756317138672 221.23414611816406 -1 -1 -1 -1 -1 -1 -1 -1 1 
104 1 Car -1.000000 -1 -1 568.29150390625 174.79351806640625 631.2556762695312 230.06494140625 -1 -1 -1 -1 -1 -1 -1 -1 1 
105 12 Car -1.000000 -1 -1 107.42809295654297 178.68470764160156 185.57757568359375 211.91714477539062 -1 -1 -1 -1 -1 -1 -1 -1 1 
105 11 Car -1.000000 -1 -1 0.005193132441490889 175.5373077392578 89.00817108154297 222.362548828125 -1 -1 -1 -1 -1 -1 -1 -1 1 
105 1 Car -1.000000 -1 -1 567.8605346679688 174.68641662597656 630.2222900390625 230.31634521484375 -1 -1 -1 -1 -1 -1 -1 -1 1 
106 12 Car -1.000000 -1 -1 94.5062026977539 176.70130920410156 175.8065643310547 211.80758666992188 -1 -1 -1 -1 -1 -1 -1 -1 1 
106 11 Car -1.000000 -1 -1 -0.03739573433995247 175.21725463867188 75.10230255126953 222.73150634765625 -1 -1 -1 -1 -1 -1 -1 -1 1 
106 1 Car -1.000000 -1 -1 567.367431640625 172.03831481933594 629.6546020507812 229.72369384765625 -1 -1 -1 -1 -1 -1 -1 -1 1 
107 12 Car -1.000000 -1 -1 80.21450805664062 177.28892517089844 164.71778869628906 211.68064880371094 -1 -1 -1 -1 -1 -1 -1 -1 1 
107 11 Car -1.000000 -1 -1 0.14510603249073029 175.2162322998047 57.9925651550293 219.317626953125 -1 -1 -1 -1 -1 -1 -1 -1 1 
107 1 Car -1.000000 -1 -1 565.94384765625 172.94056701660156 627.9361572265625 229.68470764160156 -1 -1 -1 -1 -1 -1 -1 -1 1 
108 12 Car -1.000000 -1 -1 65.73932647705078 176.71514892578125 154.8007049560547 213.21888732910156 -1 -1 -1 -1 -1 -1 -1 -1 1 
108 11 Car -1.000000 -1 -1 0.06022997200489044 179.0235595703125 39.68700408935547 220.5496368408203 -1 -1 -1 -1 -1 -1 -1 -1 1 
108 1 Car -1.000000 -1 -1 565.3652954101562 173.0054931640625 627.8339233398438 230.49020385742188 -1 -1 -1 -1 -1 -1 -1 -1 1 
109 12 Car -1.000000 -1 -1 49.416748046875 177.44964599609375 141.50457763671875 214.66830444335938 -1 -1 -1 -1 -1 -1 -1 -1 1 
109 11 Car -1.000000 -1 -1 -0.044299863278865814 189.37989807128906 19.93118667602539 221.21859741210938 -1 -1 -1 -1 -1 -1 -1 -1 1 
109 1 Car -1.000000 -1 -1 562.336181640625 175.1804962158203 625.60791015625 231.2589569091797 -1 -1 -1 -1 -1 -1 -1 -1 1 
110 12 Car -1.000000 -1 -1 31.67456817626953 178.56231689453125 128.71957397460938 214.8551483154297 -1 -1 -1 -1 -1 -1 -1 -1 1 
110 1 Car -1.000000 -1 -1 561.0161743164062 175.51597595214844 624.3743286132812 231.76901245117188 -1 -1 -1 -1 -1 -1 -1 -1 1 
111 12 Car -1.000000 -1 -1 15.878826141357422 177.0782470703125 115.61386108398438 215.25172424316406 -1 -1 -1 -1 -1 -1 -1 -1 1 
111 1 Car -1.000000 -1 -1 559.864501953125 174.28433227539062 622.8659057617188 231.27183532714844 -1 -1 -1 -1 -1 -1 -1 -1 1 
112 12 Car -1.000000 -1 -1 3.4895999431610107 176.96974182128906 101.67638397216797 215.2506561279297 -1 -1 -1 -1 -1 -1 -1 -1 1 
112 1 Car -1.000000 -1 -1 558.0086059570312 175.51039123535156 621.2833251953125 231.33843994140625 -1 -1 -1 -1 -1 -1 -1 -1 1 
113 12 Car -1.000000 -1 -1 0.08891619741916656 177.3267059326172 87.59539794921875 217.08135986328125 -1 -1 -1 -1 -1 -1 -1 -1 1 
113 1 Car -1.000000 -1 -1 556.9393920898438 175.6287384033203 619.293212890625 230.87991333007812 -1 -1 -1 -1 -1 -1 -1 -1 1 
114 1 Car -1.000000 -1 -1 554.7097778320312 175.5331268310547 617.4122314453125 230.9476318359375 -1 -1 -1 -1 -1 -1 -1 -1 1 
115 1 Car -1.000000 -1 -1 553.5101318359375 175.74188232421875 616.4028930664062 231.39892578125 -1 -1 -1 -1 -1 -1 -1 -1 1 
116 1 Car -1.000000 -1 -1 552.2445678710938 176.22886657714844 615.1320190429688 231.70611572265625 -1 -1 -1 -1 -1 -1 -1 -1 1 
117 1 Car -1.000000 -1 -1 550.64794921875 175.2720184326172 612.8339233398438 231.2322540283203 -1 -1 -1 -1 -1 -1 -1 -1 1 
118 1 Car -1.000000 -1 -1 549.0432739257812 175.5245361328125 611.5584106445312 231.66822814941406 -1 -1 -1 -1 -1 -1 -1 -1 1 
119 1 Car -1.000000 -1 -1 547.6939086914062 175.97286987304688 610.61572265625 231.97555541992188 -1 -1 -1 -1 -1 -1 -1 -1 1 
120 1 Car -1.000000 -1 -1 547.468994140625 175.75967407226562 610.6095581054688 231.87100219726562 -1 -1 -1 -1 -1 -1 -1 -1 1 
121 1 Car -1.000000 -1 -1 548.072509765625 174.82371520996094 611.356689453125 231.46762084960938 -1 -1 -1 -1 -1 -1 -1 -1 1 
122 1 Car -1.000000 -1 -1 549.884521484375 174.43716430664062 612.911376953125 230.8059844970703 -1 -1 -1 -1 -1 -1 -1 -1 1 
123 1 Car -1.000000 -1 -1 551.376708984375 173.82601928710938 614.4370727539062 231.08177185058594 -1 -1 -1 -1 -1 -1 -1 -1 1 
124 1 Car -1.000000 -1 -1 551.8651733398438 174.83042907714844 615.7189331054688 231.76441955566406 -1 -1 -1 -1 -1 -1 -1 -1 1 
125 1 Car -1.000000 -1 -1 552.9522094726562 175.7959747314453 616.49658203125 232.02796936035156 -1 -1 -1 -1 -1 -1 -1 -1 1 
126 1 Car -1.000000 -1 -1 553.5702514648438 176.53561401367188 616.996337890625 232.87672424316406 -1 -1 -1 -1 -1 -1 -1 -1 1 
127 1 Car -1.000000 -1 -1 553.6520385742188 177.94210815429688 617.7318725585938 233.71739196777344 -1 -1 -1 -1 -1 -1 -1 -1 1 
128 1 Car -1.000000 -1 -1 554.065673828125 178.3960723876953 618.0559692382812 235.2593231201172 -1 -1 -1 -1 -1 -1 -1 -1 1 
129 1 Car -1.000000 -1 -1 554.2653198242188 178.24578857421875 618.0388793945312 235.7766876220703 -1 -1 -1 -1 -1 -1 -1 -1 1 
130 1 Car -1.000000 -1 -1 554.4281616210938 178.6821746826172 618.1065673828125 235.5560302734375 -1 -1 -1 -1 -1 -1 -1 -1 1 
131 1 Car -1.000000 -1 -1 553.4915161132812 177.8728790283203 618.2971801757812 234.72946166992188 -1 -1 -1 -1 -1 -1 -1 -1 1 
132 1 Car -1.000000 -1 -1 553.385498046875 178.2109375 618.0887451171875 235.66993713378906 -1 -1 -1 -1 -1 -1 -1 -1 1 
133 1 Car -1.000000 -1 -1 554.07958984375 177.8757781982422 617.827880859375 235.38595581054688 -1 -1 -1 -1 -1 -1 -1 -1 1 
134 1 Car -1.000000 -1 -1 553.2457885742188 177.86207580566406 617.5068359375 235.74224853515625 -1 -1 -1 -1 -1 -1 -1 -1 1 
135 1 Car -1.000000 -1 -1 553.0677490234375 177.98037719726562 617.6962890625 236.17617797851562 -1 -1 -1 -1 -1 -1 -1 -1 1 
136 1 Car -1.000000 -1 -1 552.6372680664062 178.17291259765625 616.73486328125 235.58018493652344 -1 -1 -1 -1 -1 -1 -1 -1 1 
137 1 Car -1.000000 -1 -1 551.9194946289062 177.71145629882812 616.3395385742188 235.75009155273438 -1 -1 -1 -1 -1 -1 -1 -1 1 
138 1 Car -1.000000 -1 -1 551.3889770507812 177.42002868652344 616.4231567382812 235.5138397216797 -1 -1 -1 -1 -1 -1 -1 -1 1 
139 1 Car -1.000000 -1 -1 551.6201171875 176.81199645996094 616.4691772460938 235.9890594482422 -1 -1 -1 -1 -1 -1 -1 -1 1 
140 1 Car -1.000000 -1 -1 550.4174194335938 176.3736114501953 615.3839721679688 236.3361053466797 -1 -1 -1 -1 -1 -1 -1 -1 1 
141 1 Car -1.000000 -1 -1 550.3182373046875 177.51803588867188 614.7415771484375 236.9641876220703 -1 -1 -1 -1 -1 -1 -1 -1 1 
142 1 Car -1.000000 -1 -1 550.0591430664062 177.94635009765625 613.693359375 236.59083557128906 -1 -1 -1 -1 -1 -1 -1 -1 1 
143 1 Car -1.000000 -1 -1 549.22509765625 177.66848754882812 613.42333984375 236.29864501953125 -1 -1 -1 -1 -1 -1 -1 -1 1 
144 1 Car -1.000000 -1 -1 548.9425659179688 178.1576690673828 612.7240600585938 236.25808715820312 -1 -1 -1 -1 -1 -1 -1 -1 1 
145 1 Car -1.000000 -1 -1 547.5227661132812 176.34326171875 612.430419921875 235.34689331054688 -1 -1 -1 -1 -1 -1 -1 -1 1 
146 1 Car -1.000000 -1 -1 547.4078369140625 176.41738891601562 611.33056640625 234.72976684570312 -1 -1 -1 -1 -1 -1 -1 -1 1 
147 13 Car -1.000000 -1 -1 509.2889404296875 154.39439392089844 544.994140625 196.0040283203125 -1 -1 -1 -1 -1 -1 -1 -1 1 
147 1 Car -1.000000 -1 -1 546.4064331054688 177.5450897216797 611.1720581054688 234.70901489257812 -1 -1 -1 -1 -1 -1 -1 -1 1 
148 13 Car -1.000000 -1 -1 507.98065185546875 155.4054718017578 541.3846435546875 196.90249633789062 -1 -1 -1 -1 -1 -1 -1 -1 1 
148 1 Car -1.000000 -1 -1 545.7083129882812 177.4361572265625 609.6104736328125 235.4752960205078 -1 -1 -1 -1 -1 -1 -1 -1 1 
149 13 Car -1.000000 -1 -1 505.8896484375 155.07861328125 540.9664916992188 197.80117797851562 -1 -1 -1 -1 -1 -1 -1 -1 1 
149 1 Car -1.000000 -1 -1 545.0669555664062 177.61978149414062 609.588134765625 234.94859313964844 -1 -1 -1 -1 -1 -1 -1 -1 1 
150 13 Car -1.000000 -1 -1 504.8132019042969 155.00953674316406 539.715087890625 197.8134307861328 -1 -1 -1 -1 -1 -1 -1 -1 1 
150 1 Car -1.000000 -1 -1 545.221435546875 177.82470703125 608.53759765625 234.607421875 -1 -1 -1 -1 -1 -1 -1 -1 1 
151 13 Car -1.000000 -1 -1 501.5602111816406 154.7190399169922 538.7553100585938 199.55282592773438 -1 -1 -1 -1 -1 -1 -1 -1 1 
151 1 Car -1.000000 -1 -1 545.65673828125 178.13462829589844 608.1605834960938 234.506591796875 -1 -1 -1 -1 -1 -1 -1 -1 1 
152 13 Car -1.000000 -1 -1 497.06024169921875 153.8588104248047 538.7177124023438 201.3837127685547 -1 -1 -1 -1 -1 -1 -1 -1 1 
152 1 Car -1.000000 -1 -1 546.1949462890625 178.5601043701172 607.5825805664062 234.66542053222656 -1 -1 -1 -1 -1 -1 -1 -1 1 
153 13 Car -1.000000 -1 -1 495.0587158203125 153.30653381347656 538.4988403320312 202.77882385253906 -1 -1 -1 -1 -1 -1 -1 -1 1 
153 1 Car -1.000000 -1 -1 546.8316040039062 178.82725524902344 607.9215698242188 234.32333374023438 -1 -1 -1 -1 -1 -1 -1 -1 1 
154 13 Car -1.000000 -1 -1 490.7419738769531 152.6669158935547 537.3449096679688 205.05772399902344 -1 -1 -1 -1 -1 -1 -1 -1 1 
154 1 Car -1.000000 -1 -1 547.9804077148438 178.8122100830078 608.367919921875 233.54115295410156 -1 -1 -1 -1 -1 -1 -1 -1 1 
155 13 Car -1.000000 -1 -1 487.92041015625 150.75538635253906 535.9296264648438 206.4433135986328 -1 -1 -1 -1 -1 -1 -1 -1 1 
155 1 Car -1.000000 -1 -1 549.1910400390625 178.97076416015625 609.5105590820312 233.4689483642578 -1 -1 -1 -1 -1 -1 -1 -1 1 
156 13 Car -1.000000 -1 -1 481.714111328125 149.71559143066406 535.8128662109375 210.60006713867188 -1 -1 -1 -1 -1 -1 -1 -1 1 
156 1 Car -1.000000 -1 -1 550.1947631835938 179.08700561523438 610.3883666992188 232.87657165527344 -1 -1 -1 -1 -1 -1 -1 -1 1 
157 13 Car -1.000000 -1 -1 475.7344055175781 147.25628662109375 533.8192749023438 211.7134552001953 -1 -1 -1 -1 -1 -1 -1 -1 1 
157 1 Car -1.000000 -1 -1 551.1578369140625 178.69723510742188 610.9020385742188 232.3309783935547 -1 -1 -1 -1 -1 -1 -1 -1 1 
158 13 Car -1.000000 -1 -1 467.9318542480469 144.91932678222656 531.1821899414062 214.63308715820312 -1 -1 -1 -1 -1 -1 -1 -1 1 
158 1 Car -1.000000 -1 -1 552.1481323242188 178.8624267578125 611.7764892578125 231.87721252441406 -1 -1 -1 -1 -1 -1 -1 -1 1 
159 13 Car -1.000000 -1 -1 451.69940185546875 142.15078735351562 530.6526489257812 219.2368927001953 -1 -1 -1 -1 -1 -1 -1 -1 1 
159 1 Car -1.000000 -1 -1 553.0000610351562 177.88893127441406 612.9266967773438 232.19845581054688 -1 -1 -1 -1 -1 -1 -1 -1 1 
160 13 Car -1.000000 -1 -1 444.00286865234375 137.5591278076172 528.16015625 223.97201538085938 -1 -1 -1 -1 -1 -1 -1 -1 1 
160 1 Car -1.000000 -1 -1 554.0010375976562 178.6112060546875 613.0118408203125 232.3411407470703 -1 -1 -1 -1 -1 -1 -1 -1 1 
161 13 Car -1.000000 -1 -1 429.2080993652344 134.03427124023438 523.4244995117188 230.03370666503906 -1 -1 -1 -1 -1 -1 -1 -1 1 
161 1 Car -1.000000 -1 -1 554.4577026367188 178.9573211669922 612.6035766601562 231.60447692871094 -1 -1 -1 -1 -1 -1 -1 -1 1 
162 13 Car -1.000000 -1 -1 407.0119323730469 128.7077178955078 520.185302734375 237.5438690185547 -1 -1 -1 -1 -1 -1 -1 -1 1 
162 1 Car -1.000000 -1 -1 554.5897216796875 179.26010131835938 612.4293212890625 231.65798950195312 -1 -1 -1 -1 -1 -1 -1 -1 1 
163 13 Car -1.000000 -1 -1 361.26983642578125 122.49224090576172 516.1654052734375 248.59425354003906 -1 -1 -1 -1 -1 -1 -1 -1 1 
163 1 Car -1.000000 -1 -1 555.0812377929688 180.20126342773438 612.3556518554688 232.07484436035156 -1 -1 -1 -1 -1 -1 -1 -1 1 
164 13 Car -1.000000 -1 -1 322.49359130859375 114.31234741210938 503.5120849609375 261.82781982421875 -1 -1 -1 -1 -1 -1 -1 -1 1 
164 1 Car -1.000000 -1 -1 555.3746948242188 180.5350799560547 612.35888671875 231.80108642578125 -1 -1 -1 -1 -1 -1 -1 -1 1 
165 13 Car -1.000000 -1 -1 263.38934326171875 102.93099212646484 492.1197204589844 283.2207336425781 -1 -1 -1 -1 -1 -1 -1 -1 1 
165 1 Car -1.000000 -1 -1 556.262451171875 180.63217163085938 612.7037963867188 231.423828125 -1 -1 -1 -1 -1 -1 -1 -1 1 
166 13 Car -1.000000 -1 -1 186.00595092773438 87.63876342773438 471.9933776855469 310.3726501464844 -1 -1 -1 -1 -1 -1 -1 -1 1 
166 1 Car -1.000000 -1 -1 557.0338745117188 180.89183044433594 613.3883056640625 230.68141174316406 -1 -1 -1 -1 -1 -1 -1 -1 1 
167 13 Car -1.000000 -1 -1 9.978246688842773 56.56481170654297 449.1851806640625 364.1101989746094 -1 -1 -1 -1 -1 -1 -1 -1 1 
167 1 Car -1.000000 -1 -1 558.4050903320312 180.61422729492188 614.0707397460938 230.56494140625 -1 -1 -1 -1 -1 -1 -1 -1 1 
168 13 Car -1.000000 -1 -1 -0.19056537747383118 1.8769453763961792 407.7600402832031 373.65863037109375 -1 -1 -1 -1 -1 -1 -1 -1 1 
168 1 Car -1.000000 -1 -1 558.9918823242188 181.0169677734375 614.1707153320312 230.43907165527344 -1 -1 -1 -1 -1 -1 -1 -1 1 
169 13 Car -1.000000 -1 -1 1.6886452436447144 -0.32999154925346375 340.1336975097656 372.310791015625 -1 -1 -1 -1 -1 -1 -1 -1 1 
169 1 Car -1.000000 -1 -1 559.501708984375 180.60458374023438 614.0957641601562 229.72573852539062 -1 -1 -1 -1 -1 -1 -1 -1 1 
170 1 Car -1.000000 -1 -1 560.3021850585938 180.93714904785156 614.4134521484375 230.3943634033203 -1 -1 -1 -1 -1 -1 -1 -1 1 
171 1 Car -1.000000 -1 -1 561.2503051757812 180.72080993652344 615.173828125 228.76419067382812 -1 -1 -1 -1 -1 -1 -1 -1 1 
172 1 Car -1.000000 -1 -1 562.47607421875 180.05528259277344 615.41357421875 228.1414794921875 -1 -1 -1 -1 -1 -1 -1 -1 1 
173 1 Car -1.000000 -1 -1 562.7885131835938 179.58421325683594 617.0386962890625 228.06602478027344 -1 -1 -1 -1 -1 -1 -1 -1 1 
174 1 Car -1.000000 -1 -1 564.7459716796875 180.19122314453125 617.943115234375 228.45248413085938 -1 -1 -1 -1 -1 -1 -1 -1 1 
175 15 Car -1.000000 -1 -1 524.71044921875 181.87303161621094 549.0863647460938 204.0600128173828 -1 -1 -1 -1 -1 -1 -1 -1 1 
175 14 Car -1.000000 -1 -1 1055.9388427734375 198.31353759765625 1120.7254638671875 227.29519653320312 -1 -1 -1 -1 -1 -1 -1 -1 1 
175 1 Car -1.000000 -1 -1 566.0165405273438 179.35861206054688 619.4553833007812 228.0262908935547 -1 -1 -1 -1 -1 -1 -1 -1 1 
176 17 Car -1.000000 -1 -1 1136.4227294921875 199.41604614257812 1224.5091552734375 232.34327697753906 -1 -1 -1 -1 -1 -1 -1 -1 1 
176 15 Car -1.000000 -1 -1 520.013427734375 182.66937255859375 547.5082397460938 205.89622497558594 -1 -1 -1 -1 -1 -1 -1 -1 1 
176 14 Car -1.000000 -1 -1 1075.109375 199.03082275390625 1137.563720703125 227.7230987548828 -1 -1 -1 -1 -1 -1 -1 -1 1 
176 1 Car -1.000000 -1 -1 568.0885009765625 179.48916625976562 619.5286865234375 227.87171936035156 -1 -1 -1 -1 -1 -1 -1 -1 1 
177 17 Car -1.000000 -1 -1 1153.4969482421875 200.97280883789062 1241.2119140625 233.31471252441406 -1 -1 -1 -1 -1 -1 -1 -1 1 
177 15 Car -1.000000 -1 -1 515.1204223632812 181.5765380859375 546.3689575195312 208.1927947998047 -1 -1 -1 -1 -1 -1 -1 -1 1 
177 14 Car -1.000000 -1 -1 1099.033203125 200.48379516601562 1154.1412353515625 229.15077209472656 -1 -1 -1 -1 -1 -1 -1 -1 1 
177 1 Car -1.000000 -1 -1 567.9429321289062 180.54222106933594 621.21142578125 228.62901306152344 -1 -1 -1 -1 -1 -1 -1 -1 1 
178 17 Car -1.000000 -1 -1 1170.1407470703125 200.11572265625 1241.8349609375 234.08355712890625 -1 -1 -1 -1 -1 -1 -1 -1 1 
178 15 Car -1.000000 -1 -1 512.558837890625 182.45941162109375 543.5419311523438 209.24427795410156 -1 -1 -1 -1 -1 -1 -1 -1 1 
178 14 Car -1.000000 -1 -1 1097.2938232421875 201.6446533203125 1163.4412841796875 231.0309600830078 -1 -1 -1 -1 -1 -1 -1 -1 1 
178 1 Car -1.000000 -1 -1 568.1719970703125 180.47714233398438 621.187255859375 227.25729370117188 -1 -1 -1 -1 -1 -1 -1 -1 1 
179 17 Car -1.000000 -1 -1 1215.1597900390625 201.17210388183594 1241.6099853515625 236.7954559326172 -1 -1 -1 -1 -1 -1 -1 -1 1 
179 15 Car -1.000000 -1 -1 505.931884765625 180.7730712890625 539.36669921875 210.69618225097656 -1 -1 -1 -1 -1 -1 -1 -1 1 
179 1 Car -1.000000 -1 -1 569.0599975585938 179.90467834472656 621.0991821289062 226.51197814941406 -1 -1 -1 -1 -1 -1 -1 -1 1 
180 15 Car -1.000000 -1 -1 498.19110107421875 178.87643432617188 536.6026611328125 211.4077606201172 -1 -1 -1 -1 -1 -1 -1 -1 1 
180 1 Car -1.000000 -1 -1 568.98291015625 178.9101104736328 622.133544921875 224.99935913085938 -1 -1 -1 -1 -1 -1 -1 -1 1 
181 15 Car -1.000000 -1 -1 492.34039306640625 179.09043884277344 532.1885986328125 212.91004943847656 -1 -1 -1 -1 -1 -1 -1 -1 1 
181 1 Car -1.000000 -1 -1 570.7575073242188 177.54122924804688 621.9020385742188 223.872314453125 -1 -1 -1 -1 -1 -1 -1 -1 1 
182 18 Car -1.000000 -1 -1 204.6246337890625 178.32579040527344 263.1067199707031 205.87222290039062 -1 -1 -1 -1 -1 -1 -1 -1 1 
182 15 Car -1.000000 -1 -1 483.3573913574219 180.02731323242188 527.86376953125 216.41592407226562 -1 -1 -1 -1 -1 -1 -1 -1 1 
182 14 Car -1.000000 -1 -1 1130.342529296875 202.03958129882812 1239.88037109375 238.9290771484375 -1 -1 -1 -1 -1 -1 -1 -1 1 
183 21 Car -1.000000 -1 -1 534.6498413085938 179.75616455078125 561.2453002929688 200.3895263671875 -1 -1 -1 -1 -1 -1 -1 -1 1 
183 15 Car -1.000000 -1 -1 473.6599426269531 181.24195861816406 521.4390258789062 220.1561737060547 -1 -1 -1 -1 -1 -1 -1 -1 1 
183 14 Car -1.000000 -1 -1 1152.812255859375 202.7917938232422 1240.95654296875 242.027587890625 -1 -1 -1 -1 -1 -1 -1 -1 1 
184 21 Car -1.000000 -1 -1 530.136962890625 179.83731079101562 560.5029296875 201.87667846679688 -1 -1 -1 -1 -1 -1 -1 -1 1 
184 15 Car -1.000000 -1 -1 461.4523620605469 180.84873962402344 515.23291015625 225.928466796875 -1 -1 -1 -1 -1 -1 -1 -1 1 
185 21 Car -1.000000 -1 -1 526.8621826171875 178.6711883544922 558.5482177734375 202.44973754882812 -1 -1 -1 -1 -1 -1 -1 -1 1 
185 15 Car -1.000000 -1 -1 447.3005676269531 181.6355438232422 508.1453552246094 229.05784606933594 -1 -1 -1 -1 -1 -1 -1 -1 1 
186 21 Car -1.000000 -1 -1 522.8563842773438 178.22610473632812 557.7382202148438 203.89453125 -1 -1 -1 -1 -1 -1 -1 -1 1 
186 19 Car -1.000000 -1 -1 49.97349166870117 176.4556884765625 145.90206909179688 217.69931030273438 -1 -1 -1 -1 -1 -1 -1 -1 1 
186 15 Car -1.000000 -1 -1 425.9403076171875 181.25985717773438 498.3019104003906 237.36961364746094 -1 -1 -1 -1 -1 -1 -1 -1 1 
187 21 Car -1.000000 -1 -1 518.2156372070312 181.9853515625 553.9883422851562 206.80885314941406 -1 -1 -1 -1 -1 -1 -1 -1 1 
187 19 Car -1.000000 -1 -1 27.58339500427246 177.5865936279297 140.13388061523438 221.0669708251953 -1 -1 -1 -1 -1 -1 -1 -1 1 
187 15 Car -1.000000 -1 -1 399.5395202636719 182.8197784423828 484.0950927734375 247.2374725341797 -1 -1 -1 -1 -1 -1 -1 -1 1 
188 21 Car -1.000000 -1 -1 513.8009033203125 181.02415466308594 552.5042114257812 209.28282165527344 -1 -1 -1 -1 -1 -1 -1 -1 1 
188 19 Car -1.000000 -1 -1 7.559231281280518 178.93338012695312 122.47188568115234 222.881103515625 -1 -1 -1 -1 -1 -1 -1 -1 1 
188 18 Car -1.000000 -1 -1 123.63550567626953 181.9654541015625 208.78439331054688 213.06439208984375 -1 -1 -1 -1 -1 -1 -1 -1 1 
188 15 Car -1.000000 -1 -1 364.4934387207031 184.4604034423828 467.70587158203125 260.380615234375 -1 -1 -1 -1 -1 -1 -1 -1 1 
189 22 Car -1.000000 -1 -1 197.48487854003906 183.3473358154297 264.2174377441406 211.37396240234375 -1 -1 -1 -1 -1 -1 -1 -1 1 
189 21 Car -1.000000 -1 -1 508.3598937988281 181.27931213378906 549.5830078125 211.2338104248047 -1 -1 -1 -1 -1 -1 -1 -1 1 
189 19 Car -1.000000 -1 -1 2.4654645919799805 179.47645568847656 106.5352554321289 225.23782348632812 -1 -1 -1 -1 -1 -1 -1 -1 1 
189 18 Car -1.000000 -1 -1 109.17793273925781 182.32704162597656 197.12440490722656 215.4296112060547 -1 -1 -1 -1 -1 -1 -1 -1 1 
189 15 Car -1.000000 -1 -1 311.15667724609375 186.0196075439453 445.1645812988281 280.51593017578125 -1 -1 -1 -1 -1 -1 -1 -1 1 
190 22 Car -1.000000 -1 -1 184.96420288085938 184.67759704589844 254.046875 214.42665100097656 -1 -1 -1 -1 -1 -1 -1 -1 1 
190 21 Car -1.000000 -1 -1 500.0787353515625 182.53529357910156 546.0096435546875 215.15426635742188 -1 -1 -1 -1 -1 -1 -1 -1 1 
190 19 Car -1.000000 -1 -1 0.21353286504745483 181.8750457763672 83.785888671875 229.9205780029297 -1 -1 -1 -1 -1 -1 -1 -1 1 
190 18 Car -1.000000 -1 -1 88.59292602539062 183.63327026367188 184.7063751220703 219.0577392578125 -1 -1 -1 -1 -1 -1 -1 -1 1 
190 15 Car -1.000000 -1 -1 229.81842041015625 188.6927490234375 413.06524658203125 310.7864074707031 -1 -1 -1 -1 -1 -1 -1 -1 1 
191 22 Car -1.000000 -1 -1 174.86764526367188 185.25601196289062 242.09181213378906 212.07113647460938 -1 -1 -1 -1 -1 -1 -1 -1 1 
191 21 Car -1.000000 -1 -1 492.1641845703125 184.305908203125 541.8983154296875 219.7931671142578 -1 -1 -1 -1 -1 -1 -1 -1 1 
191 19 Car -1.000000 -1 -1 0.1395927369594574 183.9484100341797 63.66661834716797 230.4567108154297 -1 -1 -1 -1 -1 -1 -1 -1 1 
191 18 Car -1.000000 -1 -1 68.23812866210938 184.9720916748047 171.24032592773438 223.22584533691406 -1 -1 -1 -1 -1 -1 -1 -1 1 
191 1 Car -1.000000 -1 -1 580.447021484375 180.53994750976562 628.658203125 224.37083435058594 -1 -1 -1 -1 -1 -1 -1 -1 1 
192 21 Car -1.000000 -1 -1 482.71026611328125 183.2735137939453 538.0155639648438 223.80682373046875 -1 -1 -1 -1 -1 -1 -1 -1 1 
192 1 Car -1.000000 -1 -1 581.745849609375 179.39352416992188 630.0508422851562 224.57814025878906 -1 -1 -1 -1 -1 -1 -1 -1 1 
193 21 Car -1.000000 -1 -1 470.63372802734375 182.50729370117188 531.2699584960938 226.19754028320312 -1 -1 -1 -1 -1 -1 -1 -1 1 
193 1 Car -1.000000 -1 -1 582.8011474609375 179.64175415039062 630.2833251953125 224.18919372558594 -1 -1 -1 -1 -1 -1 -1 -1 1 
194 24 Car -1.000000 -1 -1 546.1398315429688 180.27378845214844 570.7778930664062 200.49819946289062 -1 -1 -1 -1 -1 -1 -1 -1 1 
194 21 Car -1.000000 -1 -1 452.88519287109375 185.38449096679688 524.7274780273438 233.4147491455078 -1 -1 -1 -1 -1 -1 -1 -1 1 
194 1 Car -1.000000 -1 -1 583.7140502929688 180.2401123046875 632.3621215820312 224.26466369628906 -1 -1 -1 -1 -1 -1 -1 -1 1 
195 24 Car -1.000000 -1 -1 543.5486450195312 179.01675415039062 569.4832153320312 201.41468811035156 -1 -1 -1 -1 -1 -1 -1 -1 1 
195 22 Car -1.000000 -1 -1 108.47168731689453 186.0624237060547 196.84967041015625 221.99755859375 -1 -1 -1 -1 -1 -1 -1 -1 1 
195 21 Car -1.000000 -1 -1 432.64361572265625 186.7470245361328 515.3985595703125 239.66311645507812 -1 -1 -1 -1 -1 -1 -1 -1 1 
195 18 Car -1.000000 -1 -1 0.297681599855423 185.2086181640625 100.6882553100586 228.7924346923828 -1 -1 -1 -1 -1 -1 -1 -1 1 
195 1 Car -1.000000 -1 -1 584.3179931640625 180.4756622314453 632.0542602539062 223.93646240234375 -1 -1 -1 -1 -1 -1 -1 -1 1 
196 24 Car -1.000000 -1 -1 541.5042114257812 178.8994140625 567.7323608398438 200.86532592773438 -1 -1 -1 -1 -1 -1 -1 -1 1 
196 22 Car -1.000000 -1 -1 88.3128662109375 184.9284210205078 182.66563415527344 221.86671447753906 -1 -1 -1 -1 -1 -1 -1 -1 1 
196 21 Car -1.000000 -1 -1 403.13128662109375 185.9352569580078 504.9176330566406 250.33177185058594 -1 -1 -1 -1 -1 -1 -1 -1 1 
196 18 Car -1.000000 -1 -1 0.03944263607263565 184.02037048339844 80.11528778076172 229.73870849609375 -1 -1 -1 -1 -1 -1 -1 -1 1 
196 1 Car -1.000000 -1 -1 584.734130859375 180.52413940429688 632.8568725585938 223.07313537597656 -1 -1 -1 -1 -1 -1 -1 -1 1 
197 24 Car -1.000000 -1 -1 536.317138671875 178.16134643554688 567.0107421875 201.72547912597656 -1 -1 -1 -1 -1 -1 -1 -1 1 
197 22 Car -1.000000 -1 -1 66.15287780761719 185.32272338867188 166.192626953125 222.2904815673828 -1 -1 -1 -1 -1 -1 -1 -1 1 
197 21 Car -1.000000 -1 -1 365.21563720703125 188.03976440429688 489.7122497558594 263.5293884277344 -1 -1 -1 -1 -1 -1 -1 -1 1 
197 18 Car -1.000000 -1 -1 0.08734678477048874 183.18521118164062 55.046207427978516 227.85861206054688 -1 -1 -1 -1 -1 -1 -1 -1 1 
197 1 Car -1.000000 -1 -1 584.6536865234375 179.5002899169922 632.8757934570312 222.4565887451172 -1 -1 -1 -1 -1 -1 -1 -1 1 
198 24 Car -1.000000 -1 -1 534.45849609375 177.93130493164062 564.5119018554688 203.11378479003906 -1 -1 -1 -1 -1 -1 -1 -1 1 
198 22 Car -1.000000 -1 -1 41.18851089477539 183.2021942138672 148.34751892089844 223.2195587158203 -1 -1 -1 -1 -1 -1 -1 -1 1 
198 21 Car -1.000000 -1 -1 306.6239318847656 188.1873779296875 467.7232360839844 282.1692810058594 -1 -1 -1 -1 -1 -1 -1 -1 1 
198 18 Car -1.000000 -1 -1 -0.018700644373893738 189.75137329101562 29.125110626220703 228.03823852539062 -1 -1 -1 -1 -1 -1 -1 -1 1 
198 1 Car -1.000000 -1 -1 585.7425537109375 179.03977966308594 632.826904296875 221.94679260253906 -1 -1 -1 -1 -1 -1 -1 -1 1 
199 24 Car -1.000000 -1 -1 529.6055908203125 178.0318145751953 561.7420654296875 204.78369140625 -1 -1 -1 -1 -1 -1 -1 -1 1 
199 22 Car -1.000000 -1 -1 13.05716323852539 183.9734649658203 129.50228881835938 226.9424285888672 -1 -1 -1 -1 -1 -1 -1 -1 1 
199 21 Car -1.000000 -1 -1 207.83201599121094 191.2093048095703 439.7157287597656 315.77496337890625 -1 -1 -1 -1 -1 -1 -1 -1 1 
199 1 Car -1.000000 -1 -1 586.8966064453125 180.27285766601562 632.7798461914062 222.18894958496094 -1 -1 -1 -1 -1 -1 -1 -1 1 
200 24 Car -1.000000 -1 -1 524.376220703125 178.8351287841797 557.7880249023438 206.76463317871094 -1 -1 -1 -1 -1 -1 -1 -1 1 
200 22 Car -1.000000 -1 -1 0.44994068145751953 185.18505859375 107.58527374267578 228.3643798828125 -1 -1 -1 -1 -1 -1 -1 -1 1 
200 1 Car -1.000000 -1 -1 587.0416870117188 180.41360473632812 632.84326171875 222.3539276123047 -1 -1 -1 -1 -1 -1 -1 -1 1 
201 24 Car -1.000000 -1 -1 518.6589965820312 178.94287109375 555.4041137695312 208.45932006835938 -1 -1 -1 -1 -1 -1 -1 -1 1 
201 1 Car -1.000000 -1 -1 586.487548828125 180.07406616210938 633.2235107421875 222.115234375 -1 -1 -1 -1 -1 -1 -1 -1 1 
202 24 Car -1.000000 -1 -1 513.2922973632812 177.61956787109375 552.5912475585938 209.56419372558594 -1 -1 -1 -1 -1 -1 -1 -1 1 
202 1 Car -1.000000 -1 -1 585.9907836914062 178.21742248535156 632.8344116210938 219.9080810546875 -1 -1 -1 -1 -1 -1 -1 -1 1 
203 24 Car -1.000000 -1 -1 503.4408874511719 176.6555938720703 549.1058959960938 210.4019775390625 -1 -1 -1 -1 -1 -1 -1 -1 1 
203 1 Car -1.000000 -1 -1 586.4569702148438 176.74705505371094 632.5820922851562 218.52536010742188 -1 -1 -1 -1 -1 -1 -1 -1 1 
204 24 Car -1.000000 -1 -1 496.4385681152344 176.04705810546875 545.7591552734375 213.24400329589844 -1 -1 -1 -1 -1 -1 -1 -1 1 
204 1 Car -1.000000 -1 -1 586.3099975585938 176.59207153320312 632.705322265625 218.68736267089844 -1 -1 -1 -1 -1 -1 -1 -1 1 
205 24 Car -1.000000 -1 -1 485.4657287597656 177.43943786621094 540.4945068359375 217.86463928222656 -1 -1 -1 -1 -1 -1 -1 -1 1 
205 1 Car -1.000000 -1 -1 586.412841796875 177.2211151123047 632.9404907226562 218.52587890625 -1 -1 -1 -1 -1 -1 -1 -1 1 
206 24 Car -1.000000 -1 -1 473.01409912109375 175.81614685058594 534.77294921875 220.24459838867188 -1 -1 -1 -1 -1 -1 -1 -1 1 
206 1 Car -1.000000 -1 -1 586.7719116210938 175.1688690185547 633.3405151367188 215.8023223876953 -1 -1 -1 -1 -1 -1 -1 -1 1 
207 24 Car -1.000000 -1 -1 457.1695251464844 174.21937561035156 526.290771484375 223.99462890625 -1 -1 -1 -1 -1 -1 -1 -1 1 
207 1 Car -1.000000 -1 -1 587.421630859375 174.21572875976562 633.5107421875 213.7129669189453 -1 -1 -1 -1 -1 -1 -1 -1 1 
208 24 Car -1.000000 -1 -1 436.59283447265625 176.4370574951172 516.31103515625 232.31729125976562 -1 -1 -1 -1 -1 -1 -1 -1 1 
208 1 Car -1.000000 -1 -1 587.1257934570312 175.43531799316406 633.381591796875 215.4121551513672 -1 -1 -1 -1 -1 -1 -1 -1 1 
209 26 Car -1.000000 -1 -1 524.4742431640625 179.49630737304688 558.1261596679688 208.18582153320312 -1 -1 -1 -1 -1 -1 -1 -1 1 
209 24 Car -1.000000 -1 -1 408.6618347167969 179.62460327148438 504.6756896972656 245.0675506591797 -1 -1 -1 -1 -1 -1 -1 -1 1 
209 1 Car -1.000000 -1 -1 587.480224609375 178.81692504882812 633.2120361328125 218.38890075683594 -1 -1 -1 -1 -1 -1 -1 -1 1 
210 26 Car -1.000000 -1 -1 518.3427124023438 181.11968994140625 555.2501220703125 211.62771606445312 -1 -1 -1 -1 -1 -1 -1 -1 1 
210 24 Car -1.000000 -1 -1 368.681640625 180.30084228515625 487.96942138671875 261.2381896972656 -1 -1 -1 -1 -1 -1 -1 -1 1 
210 1 Car -1.000000 -1 -1 586.6428833007812 179.30947875976562 634.8995971679688 220.89866638183594 -1 -1 -1 -1 -1 -1 -1 -1 1 
211 26 Car -1.000000 -1 -1 509.65997314453125 181.03208923339844 552.013427734375 214.3763427734375 -1 -1 -1 -1 -1 -1 -1 -1 1 
211 24 Car -1.000000 -1 -1 310.23370361328125 180.6358184814453 466.32794189453125 281.2346496582031 -1 -1 -1 -1 -1 -1 -1 -1 1 
211 1 Car -1.000000 -1 -1 587.4749145507812 180.4309844970703 632.84423828125 220.29730224609375 -1 -1 -1 -1 -1 -1 -1 -1 1 
212 26 Car -1.000000 -1 -1 500.6860046386719 179.65284729003906 547.7413330078125 216.3994598388672 -1 -1 -1 -1 -1 -1 -1 -1 1 
212 1 Car -1.000000 -1 -1 587.30859375 178.66758728027344 633.2765502929688 219.2577667236328 -1 -1 -1 -1 -1 -1 -1 -1 1 
213 26 Car -1.000000 -1 -1 490.1329650878906 177.70492553710938 542.0308227539062 219.83665466308594 -1 -1 -1 -1 -1 -1 -1 -1 1 
213 1 Car -1.000000 -1 -1 587.936279296875 176.4928741455078 631.6505126953125 217.16062927246094 -1 -1 -1 -1 -1 -1 -1 -1 1 
214 26 Car -1.000000 -1 -1 478.5168762207031 178.6553955078125 536.6083984375 223.98385620117188 -1 -1 -1 -1 -1 -1 -1 -1 1 
214 21 Car -1.000000 -1 -1 0.2102718949317932 186.53997802734375 274.57489013671875 371.6485900878906 -1 -1 -1 -1 -1 -1 -1 -1 1 
214 1 Car -1.000000 -1 -1 587.6740112304688 176.4272003173828 631.6741333007812 216.55007934570312 -1 -1 -1 -1 -1 -1 -1 -1 1 
215 26 Car -1.000000 -1 -1 461.0164489746094 178.82269287109375 527.347900390625 230.45123291015625 -1 -1 -1 -1 -1 -1 -1 -1 1 
215 1 Car -1.000000 -1 -1 587.0891723632812 176.31007385253906 630.9981689453125 216.42880249023438 -1 -1 -1 -1 -1 -1 -1 -1 1 
216 26 Car -1.000000 -1 -1 440.16424560546875 179.13494873046875 517.1444091796875 238.88864135742188 -1 -1 -1 -1 -1 -1 -1 -1 1 
216 1 Car -1.000000 -1 -1 587.5792236328125 179.15171813964844 631.956787109375 216.77789306640625 -1 -1 -1 -1 -1 -1 -1 -1 1 
217 28 Car -1.000000 -1 -1 373.9594421386719 175.48013305664062 404.56842041015625 196.3234100341797 -1 -1 -1 -1 -1 -1 -1 -1 1 
217 27 Car -1.000000 -1 -1 534.0332641601562 180.2674560546875 565.2086181640625 204.2662353515625 -1 -1 -1 -1 -1 -1 -1 -1 1 
217 26 Car -1.000000 -1 -1 410.454833984375 181.1322479248047 504.1099853515625 248.8757781982422 -1 -1 -1 -1 -1 -1 -1 -1 1 
217 1 Car -1.000000 -1 -1 586.9962158203125 179.30056762695312 630.9703369140625 217.106689453125 -1 -1 -1 -1 -1 -1 -1 -1 1 
218 28 Car -1.000000 -1 -1 369.6756286621094 175.70481872558594 401.57904052734375 196.25372314453125 -1 -1 -1 -1 -1 -1 -1 -1 1 
218 27 Car -1.000000 -1 -1 528.7420043945312 181.4713134765625 563.0322265625 208.08164978027344 -1 -1 -1 -1 -1 -1 -1 -1 1 
218 26 Car -1.000000 -1 -1 369.4743957519531 183.28700256347656 485.6728820800781 266.1676025390625 -1 -1 -1 -1 -1 -1 -1 -1 1 
218 1 Car -1.000000 -1 -1 587.7623291015625 180.3036346435547 631.7298583984375 218.74485778808594 -1 -1 -1 -1 -1 -1 -1 -1 1 
219 27 Car -1.000000 -1 -1 525.4296264648438 182.89212036132812 561.0196533203125 211.62860107421875 -1 -1 -1 -1 -1 -1 -1 -1 1 
219 26 Car -1.000000 -1 -1 303.8074951171875 185.7631378173828 460.837158203125 290.1410217285156 -1 -1 -1 -1 -1 -1 -1 -1 1 
220 27 Car -1.000000 -1 -1 518.635986328125 184.54757690429688 557.1401977539062 215.13392639160156 -1 -1 -1 -1 -1 -1 -1 -1 1 
221 27 Car -1.000000 -1 -1 511.60064697265625 185.078369140625 553.5625 217.8678436279297 -1 -1 -1 -1 -1 -1 -1 -1 1 
222 27 Car -1.000000 -1 -1 504.8749694824219 185.73410034179688 550.4158325195312 220.12481689453125 -1 -1 -1 -1 -1 -1 -1 -1 1 
222 1 Car -1.000000 -1 -1 588.8091430664062 180.6564178466797 631.533447265625 219.61692810058594 -1 -1 -1 -1 -1 -1 -1 -1 1 
223 28 Car -1.000000 -1 -1 343.5989685058594 176.75119018554688 379.88226318359375 200.85113525390625 -1 -1 -1 -1 -1 -1 -1 -1 1 
223 27 Car -1.000000 -1 -1 493.1319274902344 183.84280395507812 545.0704956054688 224.52655029296875 -1 -1 -1 -1 -1 -1 -1 -1 1 
223 1 Car -1.000000 -1 -1 589.5740966796875 179.92437744140625 632.598876953125 218.83670043945312 -1 -1 -1 -1 -1 -1 -1 -1 1 
224 28 Car -1.000000 -1 -1 337.085205078125 176.78379821777344 374.61676025390625 201.52810668945312 -1 -1 -1 -1 -1 -1 -1 -1 1 
224 27 Car -1.000000 -1 -1 481.1973571777344 184.23275756835938 539.7969360351562 228.67413330078125 -1 -1 -1 -1 -1 -1 -1 -1 1 
224 1 Car -1.000000 -1 -1 589.82421875 178.967529296875 632.6826171875 218.47903442382812 -1 -1 -1 -1 -1 -1 -1 -1 1 
225 28 Car -1.000000 -1 -1 330.4534606933594 175.9617919921875 369.3375549316406 201.1952362060547 -1 -1 -1 -1 -1 -1 -1 -1 1 
225 27 Car -1.000000 -1 -1 465.501220703125 185.27027893066406 533.5564575195312 234.94117736816406 -1 -1 -1 -1 -1 -1 -1 -1 1 
225 1 Car -1.000000 -1 -1 590.6094360351562 179.99444580078125 631.6073608398438 217.0348358154297 -1 -1 -1 -1 -1 -1 -1 -1 1 
226 28 Car -1.000000 -1 -1 323.6505126953125 175.207275390625 364.2954406738281 201.62521362304688 -1 -1 -1 -1 -1 -1 -1 -1 1 
226 27 Car -1.000000 -1 -1 443.9981384277344 185.48300170898438 524.6039428710938 244.17637634277344 -1 -1 -1 -1 -1 -1 -1 -1 1 
226 1 Car -1.000000 -1 -1 590.4638671875 178.40150451660156 632.5619506835938 215.98367309570312 -1 -1 -1 -1 -1 -1 -1 -1 1 
227 28 Car -1.000000 -1 -1 316.27703857421875 175.7463836669922 357.7839050292969 201.42092895507812 -1 -1 -1 -1 -1 -1 -1 -1 1 
227 27 Car -1.000000 -1 -1 415.3060302734375 185.53903198242188 513.1406860351562 255.96238708496094 -1 -1 -1 -1 -1 -1 -1 -1 1 
227 1 Car -1.000000 -1 -1 590.683349609375 178.53936767578125 631.7947387695312 215.3805694580078 -1 -1 -1 -1 -1 -1 -1 -1 1 
228 28 Car -1.000000 -1 -1 307.45233154296875 175.2473602294922 351.16986083984375 202.9027862548828 -1 -1 -1 -1 -1 -1 -1 -1 1 
228 27 Car -1.000000 -1 -1 372.655029296875 189.08929443359375 494.96533203125 273.349609375 -1 -1 -1 -1 -1 -1 -1 -1 1 
228 1 Car -1.000000 -1 -1 589.6456909179688 178.7381134033203 630.670654296875 214.93199157714844 -1 -1 -1 -1 -1 -1 -1 -1 1 
229 29 Car -1.000000 -1 -1 535.6687622070312 178.6190185546875 568.0307006835938 204.4642791748047 -1 -1 -1 -1 -1 -1 -1 -1 1 
229 28 Car -1.000000 -1 -1 298.50042724609375 175.60227966308594 343.1568298339844 203.939208984375 -1 -1 -1 -1 -1 -1 -1 -1 1 
229 27 Car -1.000000 -1 -1 305.0158386230469 193.40794372558594 470.61810302734375 301.1195373535156 -1 -1 -1 -1 -1 -1 -1 -1 1 
229 1 Car -1.000000 -1 -1 588.9763793945312 179.67660522460938 630.1942749023438 215.83555603027344 -1 -1 -1 -1 -1 -1 -1 -1 1 
230 29 Car -1.000000 -1 -1 529.927978515625 179.00494384765625 564.2044677734375 205.47979736328125 -1 -1 -1 -1 -1 -1 -1 -1 1 
230 28 Car -1.000000 -1 -1 287.68243408203125 175.17303466796875 335.4903564453125 201.76593017578125 -1 -1 -1 -1 -1 -1 -1 -1 1 
230 1 Car -1.000000 -1 -1 588.097900390625 178.3810272216797 628.952392578125 215.3274383544922 -1 -1 -1 -1 -1 -1 -1 -1 1 
231 29 Car -1.000000 -1 -1 523.5760498046875 178.3926239013672 559.7702026367188 206.87940979003906 -1 -1 -1 -1 -1 -1 -1 -1 1 
231 28 Car -1.000000 -1 -1 276.5576477050781 174.9190216064453 326.25927734375 204.80307006835938 -1 -1 -1 -1 -1 -1 -1 -1 1 
231 1 Car -1.000000 -1 -1 587.4581298828125 177.10470581054688 628.6588745117188 214.59605407714844 -1 -1 -1 -1 -1 -1 -1 -1 1 
232 29 Car -1.000000 -1 -1 516.1595458984375 179.35467529296875 553.119873046875 210.59349060058594 -1 -1 -1 -1 -1 -1 -1 -1 1 
232 28 Car -1.000000 -1 -1 264.8942565917969 175.78842163085938 317.0663146972656 206.99932861328125 -1 -1 -1 -1 -1 -1 -1 -1 1 
232 1 Car -1.000000 -1 -1 586.333740234375 178.1007537841797 627.18408203125 216.76123046875 -1 -1 -1 -1 -1 -1 -1 -1 1 
233 29 Car -1.000000 -1 -1 506.9016418457031 181.00775146484375 551.0950317382812 214.5530548095703 -1 -1 -1 -1 -1 -1 -1 -1 1 
233 28 Car -1.000000 -1 -1 252.6062774658203 176.1006622314453 307.86273193359375 207.66226196289062 -1 -1 -1 -1 -1 -1 -1 -1 1 
233 1 Car -1.000000 -1 -1 585.9410400390625 179.51788330078125 625.8165893554688 216.77122497558594 -1 -1 -1 -1 -1 -1 -1 -1 1 
234 29 Car -1.000000 -1 -1 495.67706298828125 178.86392211914062 546.56640625 215.93994140625 -1 -1 -1 -1 -1 -1 -1 -1 1 
234 28 Car -1.000000 -1 -1 240.14996337890625 174.0127716064453 295.95025634765625 206.61280822753906 -1 -1 -1 -1 -1 -1 -1 -1 1 
234 1 Car -1.000000 -1 -1 584.65869140625 176.29698181152344 625.261962890625 214.02349853515625 -1 -1 -1 -1 -1 -1 -1 -1 1 
235 30 Car -1.000000 -1 -1 541.8894653320312 150.91061401367188 578.0520629882812 195.67958068847656 -1 -1 -1 -1 -1 -1 -1 -1 1 
235 29 Car -1.000000 -1 -1 484.2164306640625 178.97857666015625 538.54833984375 218.54856872558594 -1 -1 -1 -1 -1 -1 -1 -1 1 
235 28 Car -1.000000 -1 -1 225.0972137451172 173.6770477294922 285.41900634765625 207.03553771972656 -1 -1 -1 -1 -1 -1 -1 -1 1 
235 1 Car -1.000000 -1 -1 583.541259765625 175.5333709716797 624.3551025390625 213.05006408691406 -1 -1 -1 -1 -1 -1 -1 -1 1 
236 30 Car -1.000000 -1 -1 542.5314331054688 156.69607543945312 574.8939208984375 197.2725067138672 -1 -1 -1 -1 -1 -1 -1 -1 1 
236 29 Car -1.000000 -1 -1 468.5222473144531 180.3373565673828 531.4945068359375 226.1649932861328 -1 -1 -1 -1 -1 -1 -1 -1 1 
236 28 Car -1.000000 -1 -1 210.2479248046875 173.49819946289062 274.10711669921875 208.36886596679688 -1 -1 -1 -1 -1 -1 -1 -1 1 
236 1 Car -1.000000 -1 -1 581.2297973632812 175.1787109375 624.3887329101562 214.01187133789062 -1 -1 -1 -1 -1 -1 -1 -1 1 
237 30 Car -1.000000 -1 -1 538.1937866210938 151.53103637695312 574.48583984375 197.14869689941406 -1 -1 -1 -1 -1 -1 -1 -1 1 
237 29 Car -1.000000 -1 -1 448.9197082519531 180.59304809570312 523.0866088867188 232.92990112304688 -1 -1 -1 -1 -1 -1 -1 -1 1 
237 28 Car -1.000000 -1 -1 193.23397827148438 174.28854370117188 261.85467529296875 211.00755310058594 -1 -1 -1 -1 -1 -1 -1 -1 1 
238 30 Car -1.000000 -1 -1 534.4949340820312 151.19879150390625 572.6930541992188 198.16799926757812 -1 -1 -1 -1 -1 -1 -1 -1 1 
238 29 Car -1.000000 -1 -1 423.72454833984375 181.63218688964844 510.2437438964844 239.88084411621094 -1 -1 -1 -1 -1 -1 -1 -1 1 
238 28 Car -1.000000 -1 -1 176.4751739501953 174.07168579101562 249.3380126953125 212.28274536132812 -1 -1 -1 -1 -1 -1 -1 -1 1 
239 31 Car -1.000000 -1 -1 573.2818603515625 148.18374633789062 622.4920043945312 209.011962890625 -1 -1 -1 -1 -1 -1 -1 -1 1 
239 30 Car -1.000000 -1 -1 530.2589721679688 150.3789825439453 572.39404296875 199.3485870361328 -1 -1 -1 -1 -1 -1 -1 -1 1 
239 29 Car -1.000000 -1 -1 385.7889404296875 180.92552185058594 496.1741943359375 255.9067840576172 -1 -1 -1 -1 -1 -1 -1 -1 1 
239 28 Car -1.000000 -1 -1 158.19741821289062 174.27442932128906 234.6788330078125 213.79763793945312 -1 -1 -1 -1 -1 -1 -1 -1 1 
240 31 Car -1.000000 -1 -1 570.3356323242188 147.67779541015625 622.7546997070312 210.9009246826172 -1 -1 -1 -1 -1 -1 -1 -1 1 
240 30 Car -1.000000 -1 -1 525.66943359375 150.6650390625 570.8230590820312 201.16981506347656 -1 -1 -1 -1 -1 -1 -1 -1 1 
240 29 Car -1.000000 -1 -1 332.3827819824219 181.7373046875 473.7181091308594 276.43145751953125 -1 -1 -1 -1 -1 -1 -1 -1 1 
240 28 Car -1.000000 -1 -1 137.76141357421875 174.7738800048828 220.11814880371094 216.5119171142578 -1 -1 -1 -1 -1 -1 -1 -1 1 
241 31 Car -1.000000 -1 -1 568.1024169921875 146.74673461914062 622.5672607421875 211.99339294433594 -1 -1 -1 -1 -1 -1 -1 -1 1 
241 30 Car -1.000000 -1 -1 520.3847045898438 151.3589630126953 568.4334106445312 202.5402374267578 -1 -1 -1 -1 -1 -1 -1 -1 1 
241 29 Car -1.000000 -1 -1 243.21282958984375 184.22850036621094 443.7457580566406 310.50079345703125 -1 -1 -1 -1 -1 -1 -1 -1 1 
241 28 Car -1.000000 -1 -1 115.33396911621094 174.81483459472656 204.30133056640625 219.4892578125 -1 -1 -1 -1 -1 -1 -1 -1 1 
242 31 Car -1.000000 -1 -1 567.6298217773438 147.27967834472656 622.5317993164062 212.75106811523438 -1 -1 -1 -1 -1 -1 -1 -1 1 
242 30 Car -1.000000 -1 -1 516.648681640625 151.31590270996094 567.6312866210938 204.23788452148438 -1 -1 -1 -1 -1 -1 -1 -1 1 
242 28 Car -1.000000 -1 -1 91.35986328125 175.01626586914062 186.5224151611328 221.15658569335938 -1 -1 -1 -1 -1 -1 -1 -1 1 
243 31 Car -1.000000 -1 -1 566.740478515625 147.22715759277344 622.4964599609375 213.05076599121094 -1 -1 -1 -1 -1 -1 -1 -1 1 
243 30 Car -1.000000 -1 -1 509.67626953125 149.67478942871094 564.0843505859375 206.37042236328125 -1 -1 -1 -1 -1 -1 -1 -1 1 
243 28 Car -1.000000 -1 -1 65.5474624633789 175.10728454589844 170.7393798828125 202.63475036621094 -1 -1 -1 -1 -1 -1 -1 -1 1 
244 31 Car -1.000000 -1 -1 567.470703125 146.54330444335938 622.25 213.6469268798828 -1 -1 -1 -1 -1 -1 -1 -1 1 
244 30 Car -1.000000 -1 -1 501.3609619140625 146.14666748046875 562.2673950195312 210.11767578125 -1 -1 -1 -1 -1 -1 -1 -1 1 
244 28 Car -1.000000 -1 -1 34.405399322509766 175.39404296875 145.22911071777344 226.86766052246094 -1 -1 -1 -1 -1 -1 -1 -1 1 
245 30 Car -1.000000 -1 -1 493.7840270996094 143.9855499267578 561.4576416015625 212.08497619628906 -1 -1 -1 -1 -1 -1 -1 -1 1 
245 28 Car -1.000000 -1 -1 1.842236876487732 175.78851318359375 119.76090240478516 229.94029235839844 -1 -1 -1 -1 -1 -1 -1 -1 1 
246 32 Car -1.000000 -1 -1 374.00537109375 179.8126678466797 400.2212829589844 197.05685424804688 -1 -1 -1 -1 -1 -1 -1 -1 1 
246 30 Car -1.000000 -1 -1 481.8289794921875 140.16311645507812 557.8736572265625 215.0760955810547 -1 -1 -1 -1 -1 -1 -1 -1 1 
246 28 Car -1.000000 -1 -1 0.46088215708732605 174.80125427246094 93.80824279785156 230.94085693359375 -1 -1 -1 -1 -1 -1 -1 -1 1 
247 32 Car -1.000000 -1 -1 368.4367370605469 179.67225646972656 397.281494140625 197.39334106445312 -1 -1 -1 -1 -1 -1 -1 -1 1 
247 30 Car -1.000000 -1 -1 469.05377197265625 135.6171875 553.1176147460938 218.7078094482422 -1 -1 -1 -1 -1 -1 -1 -1 1 
247 28 Car -1.000000 -1 -1 -0.14024418592453003 175.6190643310547 64.34320068359375 230.762939453125 -1 -1 -1 -1 -1 -1 -1 -1 1 
247 1 Car -1.000000 -1 -1 582.652099609375 177.35426330566406 621.9223022460938 212.67433166503906 -1 -1 -1 -1 -1 -1 -1 -1 1 
248 32 Car -1.000000 -1 -1 362.6873474121094 181.47564697265625 391.5334777832031 199.9007110595703 -1 -1 -1 -1 -1 -1 -1 -1 1 
248 30 Car -1.000000 -1 -1 452.7974853515625 133.2742919921875 546.29736328125 225.2461395263672 -1 -1 -1 -1 -1 -1 -1 -1 1 
248 1 Car -1.000000 -1 -1 581.9449462890625 178.6161651611328 621.4290161132812 214.00808715820312 -1 -1 -1 -1 -1 -1 -1 -1 1 
249 32 Car -1.000000 -1 -1 356.1549377441406 182.41598510742188 386.47900390625 200.89981079101562 -1 -1 -1 -1 -1 -1 -1 -1 1 
249 30 Car -1.000000 -1 -1 432.6151428222656 128.14337158203125 540.764404296875 231.8650360107422 -1 -1 -1 -1 -1 -1 -1 -1 1 
249 1 Car -1.000000 -1 -1 582.4630126953125 180.8733673095703 621.29931640625 215.199951171875 -1 -1 -1 -1 -1 -1 -1 -1 1 
250 34 Car -1.000000 -1 -1 542.0982055664062 182.32791137695312 571.8422241210938 201.5921173095703 -1 -1 -1 -1 -1 -1 -1 -1 1 
250 32 Car -1.000000 -1 -1 349.95086669921875 183.1127166748047 381.97369384765625 201.23622131347656 -1 -1 -1 -1 -1 -1 -1 -1 1 
250 30 Car -1.000000 -1 -1 402.3705139160156 119.77481842041016 534.7112426757812 240.6028594970703 -1 -1 -1 -1 -1 -1 -1 -1 1 
251 34 Car -1.000000 -1 -1 538.1404418945312 179.91265869140625 568.9478759765625 202.16656494140625 -1 -1 -1 -1 -1 -1 -1 -1 1 
251 32 Car -1.000000 -1 -1 343.52801513671875 183.049560546875 368.2816467285156 201.96263122558594 -1 -1 -1 -1 -1 -1 -1 -1 1 
251 31 Car -1.000000 -1 -1 567.8536987304688 146.49041748046875 621.1295166015625 212.5894775390625 -1 -1 -1 -1 -1 -1 -1 -1 1 
251 30 Car -1.000000 -1 -1 366.3000793457031 109.61871337890625 526.9185180664062 253.5957794189453 -1 -1 -1 -1 -1 -1 -1 -1 1 
252 34 Car -1.000000 -1 -1 534.5819091796875 180.32286071777344 565.1983032226562 203.48297119140625 -1 -1 -1 -1 -1 -1 -1 -1 1 
252 31 Car -1.000000 -1 -1 566.3139038085938 146.33279418945312 621.50732421875 213.3158721923828 -1 -1 -1 -1 -1 -1 -1 -1 1 
252 30 Car -1.000000 -1 -1 311.5829162597656 96.40473937988281 515.424072265625 267.9757080078125 -1 -1 -1 -1 -1 -1 -1 -1 1 
253 34 Car -1.000000 -1 -1 529.8685302734375 180.08702087402344 561.9068603515625 204.21658325195312 -1 -1 -1 -1 -1 -1 -1 -1 1 
253 31 Car -1.000000 -1 -1 565.1571655273438 145.98390197753906 621.14794921875 212.7623291015625 -1 -1 -1 -1 -1 -1 -1 -1 1 
253 30 Car -1.000000 -1 -1 211.1338653564453 73.37641906738281 499.6126403808594 295.1576843261719 -1 -1 -1 -1 -1 -1 -1 -1 1 
254 34 Car -1.000000 -1 -1 525.7259521484375 180.3541717529297 559.8348388671875 205.63616943359375 -1 -1 -1 -1 -1 -1 -1 -1 1 
254 31 Car -1.000000 -1 -1 565.983154296875 146.09210205078125 621.1359252929688 212.45375061035156 -1 -1 -1 -1 -1 -1 -1 -1 1 
254 30 Car -1.000000 -1 -1 40.767486572265625 34.410606384277344 479.55584716796875 343.0881652832031 -1 -1 -1 -1 -1 -1 -1 -1 1 
255 34 Car -1.000000 -1 -1 520.6569213867188 180.5591583251953 556.3580932617188 207.9152374267578 -1 -1 -1 -1 -1 -1 -1 -1 1 
255 30 Car -1.000000 -1 -1 0.662455677986145 2.354565382003784 450.2948303222656 371.7384033203125 -1 -1 -1 -1 -1 -1 -1 -1 1 
256 34 Car -1.000000 -1 -1 515.2721557617188 182.06655883789062 552.4136962890625 211.21188354492188 -1 -1 -1 -1 -1 -1 -1 -1 1 
256 30 Car -1.000000 -1 -1 1.5106500387191772 1.429943561553955 396.8459167480469 370.08734130859375 -1 -1 -1 -1 -1 -1 -1 -1 1 
256 1 Car -1.000000 -1 -1 583.8784790039062 178.02804565429688 621.6321411132812 214.15982055664062 -1 -1 -1 -1 -1 -1 -1 -1 1 
257 34 Car -1.000000 -1 -1 508.6191711425781 181.81597900390625 550.1770629882812 214.2953338623047 -1 -1 -1 -1 -1 -1 -1 -1 1 
257 30 Car -1.000000 -1 -1 0.8350467681884766 -0.6938439607620239 292.4089050292969 369.6433410644531 -1 -1 -1 -1 -1 -1 -1 -1 1 
257 1 Car -1.000000 -1 -1 583.6572265625 178.1140899658203 622.0405883789062 213.97146606445312 -1 -1 -1 -1 -1 -1 -1 -1 1 
258 34 Car -1.000000 -1 -1 502.1286315917969 177.13311767578125 546.3858642578125 213.07057189941406 -1 -1 -1 -1 -1 -1 -1 -1 1 
258 1 Car -1.000000 -1 -1 583.7645874023438 173.63380432128906 622.286376953125 210.44293212890625 -1 -1 -1 -1 -1 -1 -1 -1 1 
259 34 Car -1.000000 -1 -1 489.2262878417969 176.92422485351562 541.66259765625 216.16297912597656 -1 -1 -1 -1 -1 -1 -1 -1 1 
259 32 Car -1.000000 -1 -1 273.38848876953125 179.5122528076172 319.5252990722656 204.0531768798828 -1 -1 -1 -1 -1 -1 -1 -1 1 
259 1 Car -1.000000 -1 -1 584.4698486328125 172.65496826171875 622.2462158203125 208.83419799804688 -1 -1 -1 -1 -1 -1 -1 -1 1 
260 34 Car -1.000000 -1 -1 479.49700927734375 178.61277770996094 537.25537109375 222.09402465820312 -1 -1 -1 -1 -1 -1 -1 -1 1 
260 32 Car -1.000000 -1 -1 262.509521484375 181.57357788085938 310.2275695800781 207.48683166503906 -1 -1 -1 -1 -1 -1 -1 -1 1 
260 1 Car -1.000000 -1 -1 584.51611328125 174.8951873779297 622.8251953125 210.78334045410156 -1 -1 -1 -1 -1 -1 -1 -1 1 
261 34 Car -1.000000 -1 -1 464.0929260253906 180.779541015625 530.309326171875 228.65817260742188 -1 -1 -1 -1 -1 -1 -1 -1 1 
261 32 Car -1.000000 -1 -1 249.07200622558594 182.4575958251953 299.72613525390625 208.775390625 -1 -1 -1 -1 -1 -1 -1 -1 1 
261 1 Car -1.000000 -1 -1 584.6411743164062 176.76229858398438 623.37353515625 212.66952514648438 -1 -1 -1 -1 -1 -1 -1 -1 1 
262 36 Car -1.000000 -1 -1 519.8226318359375 179.33599853515625 554.9677734375 205.05511474609375 -1 -1 -1 -1 -1 -1 -1 -1 1 
262 35 Car -1.000000 -1 -1 350.0996398925781 178.71702575683594 382.08514404296875 197.1575469970703 -1 -1 -1 -1 -1 -1 -1 -1 1 
262 34 Car -1.000000 -1 -1 447.46820068359375 178.1756134033203 521.7567749023438 233.88853454589844 -1 -1 -1 -1 -1 -1 -1 -1 1 
262 32 Car -1.000000 -1 -1 235.40481567382812 180.2055206298828 288.82281494140625 207.02471923828125 -1 -1 -1 -1 -1 -1 -1 -1 1 
262 1 Car -1.000000 -1 -1 584.9713745117188 175.91497802734375 623.494873046875 211.24276733398438 -1 -1 -1 -1 -1 -1 -1 -1 1 
263 36 Car -1.000000 -1 -1 512.8114624023438 178.21841430664062 551.467041015625 205.16285705566406 -1 -1 -1 -1 -1 -1 -1 -1 1 
263 35 Car -1.000000 -1 -1 343.0850830078125 176.96299743652344 369.2870178222656 196.67250061035156 -1 -1 -1 -1 -1 -1 -1 -1 1 
263 34 Car -1.000000 -1 -1 419.2100524902344 179.2657470703125 510.2917175292969 240.0942840576172 -1 -1 -1 -1 -1 -1 -1 -1 1 
263 32 Car -1.000000 -1 -1 220.62501525878906 177.99676513671875 277.5785217285156 206.3827362060547 -1 -1 -1 -1 -1 -1 -1 -1 1 
263 1 Car -1.000000 -1 -1 584.9373168945312 175.5120849609375 623.0361938476562 210.0663604736328 -1 -1 -1 -1 -1 -1 -1 -1 1 
264 36 Car -1.000000 -1 -1 505.2497863769531 176.27542114257812 547.9371337890625 206.6834716796875 -1 -1 -1 -1 -1 -1 -1 -1 1 
264 35 Car -1.000000 -1 -1 335.4728698730469 176.8828582763672 364.5310974121094 195.708251953125 -1 -1 -1 -1 -1 -1 -1 -1 1 
264 34 Car -1.000000 -1 -1 384.3178405761719 177.4617462158203 496.77496337890625 253.85342407226562 -1 -1 -1 -1 -1 -1 -1 -1 1 
264 32 Car -1.000000 -1 -1 204.03738403320312 177.16639709472656 264.3955993652344 206.2879180908203 -1 -1 -1 -1 -1 -1 -1 -1 1 
264 1 Car -1.000000 -1 -1 584.2929077148438 173.3792724609375 622.2870483398438 208.81797790527344 -1 -1 -1 -1 -1 -1 -1 -1 1 
265 36 Car -1.000000 -1 -1 494.8037414550781 178.41632080078125 542.9609985351562 210.23696899414062 -1 -1 -1 -1 -1 -1 -1 -1 1 
265 35 Car -1.000000 -1 -1 326.5635681152344 177.68116760253906 353.8497009277344 196.0499725341797 -1 -1 -1 -1 -1 -1 -1 -1 1 
265 34 Car -1.000000 -1 -1 331.4521179199219 178.83470153808594 475.062744140625 272.9576110839844 -1 -1 -1 -1 -1 -1 -1 -1 1 
265 32 Car -1.000000 -1 -1 184.80645751953125 177.74549865722656 249.55465698242188 207.927490234375 -1 -1 -1 -1 -1 -1 -1 -1 1 
265 1 Car -1.000000 -1 -1 583.6254272460938 174.52159118652344 622.060302734375 209.25607299804688 -1 -1 -1 -1 -1 -1 -1 -1 1 
266 37 Car -1.000000 -1 -1 532.1260375976562 171.13357543945312 562.3650512695312 198.08050537109375 -1 -1 -1 -1 -1 -1 -1 -1 1 
266 36 Car -1.000000 -1 -1 483.34912109375 177.9616241455078 537.0413208007812 213.97344970703125 -1 -1 -1 -1 -1 -1 -1 -1 1 
266 32 Car -1.000000 -1 -1 165.255126953125 178.20382690429688 234.0584259033203 210.24990844726562 -1 -1 -1 -1 -1 -1 -1 -1 1 
266 31 Car -1.000000 -1 -1 573.2482299804688 139.3954620361328 622.623779296875 204.5965576171875 -1 -1 -1 -1 -1 -1 -1 -1 1 
266 1 Car -1.000000 -1 -1 583.4854125976562 173.63389587402344 621.6689453125 209.65892028808594 -1 -1 -1 -1 -1 -1 -1 -1 1 
267 37 Car -1.000000 -1 -1 525.3909912109375 159.3751983642578 559.3026733398438 200.68862915039062 -1 -1 -1 -1 -1 -1 -1 -1 1 
267 36 Car -1.000000 -1 -1 472.7570495605469 179.3084259033203 531.203125 218.90785217285156 -1 -1 -1 -1 -1 -1 -1 -1 1 
267 32 Car -1.000000 -1 -1 143.49359130859375 179.18858337402344 216.92471313476562 212.77896118164062 -1 -1 -1 -1 -1 -1 -1 -1 1 
267 31 Car -1.000000 -1 -1 576.24951171875 138.99508666992188 622.5686645507812 209.44073486328125 -1 -1 -1 -1 -1 -1 -1 -1 1 
268 37 Car -1.000000 -1 -1 521.2897338867188 156.46414184570312 555.7028198242188 201.65731811523438 -1 -1 -1 -1 -1 -1 -1 -1 1 
268 36 Car -1.000000 -1 -1 457.9623107910156 180.2136993408203 522.9751586914062 224.0147705078125 -1 -1 -1 -1 -1 -1 -1 -1 1 
268 31 Car -1.000000 -1 -1 576.4046020507812 139.0522918701172 622.568115234375 209.294921875 -1 -1 -1 -1 -1 -1 -1 -1 1 
269 37 Car -1.000000 -1 -1 517.2583618164062 172.20553588867188 553.2017211914062 202.35861206054688 -1 -1 -1 -1 -1 -1 -1 -1 1 
269 36 Car -1.000000 -1 -1 439.9295654296875 180.252685546875 514.2205810546875 230.07077026367188 -1 -1 -1 -1 -1 -1 -1 -1 1 
269 27 Car -1.000000 -1 -1 0.10026483982801437 212.80673217773438 176.2517547607422 372.8433837890625 -1 -1 -1 -1 -1 -1 -1 -1 1 
270 37 Car -1.000000 -1 -1 511.0067138671875 172.34588623046875 550.1329956054688 204.33966064453125 -1 -1 -1 -1 -1 -1 -1 -1 1 
270 36 Car -1.000000 -1 -1 414.23175048828125 181.24307250976562 502.60430908203125 238.1549835205078 -1 -1 -1 -1 -1 -1 -1 -1 1 
270 35 Car -1.000000 -1 -1 279.7270202636719 177.34378051757812 324.3512878417969 200.32298278808594 -1 -1 -1 -1 -1 -1 -1 -1 1 
270 1 Car -1.000000 -1 -1 583.5352783203125 174.08059692382812 622.1498413085938 210.35118103027344 -1 -1 -1 -1 -1 -1 -1 -1 1 
271 37 Car -1.000000 -1 -1 504.5086364746094 172.4631805419922 547.9017944335938 208.60794067382812 -1 -1 -1 -1 -1 -1 -1 -1 1 
271 36 Car -1.000000 -1 -1 381.30657958984375 183.01283264160156 490.4225769042969 250.31454467773438 -1 -1 -1 -1 -1 -1 -1 -1 1 
271 35 Car -1.000000 -1 -1 268.9232482910156 178.1043701171875 314.85821533203125 201.8611602783203 -1 -1 -1 -1 -1 -1 -1 -1 1 
271 32 Car -1.000000 -1 -1 37.04918670654297 182.03623962402344 138.36984252929688 223.32989501953125 -1 -1 -1 -1 -1 -1 -1 -1 1 
271 1 Car -1.000000 -1 -1 583.9204711914062 174.23719787597656 623.076416015625 210.97714233398438 -1 -1 -1 -1 -1 -1 -1 -1 1 
272 37 Car -1.000000 -1 -1 497.1652526855469 173.17092895507812 543.2999877929688 211.00938415527344 -1 -1 -1 -1 -1 -1 -1 -1 1 
272 36 Car -1.000000 -1 -1 331.19903564453125 184.0543212890625 470.0766906738281 267.3156433105469 -1 -1 -1 -1 -1 -1 -1 -1 1 
272 35 Car -1.000000 -1 -1 257.029052734375 178.17831420898438 306.0209045410156 203.71922302246094 -1 -1 -1 -1 -1 -1 -1 -1 1 
272 32 Car -1.000000 -1 -1 2.618575096130371 182.22328186035156 112.84223175048828 226.69728088378906 -1 -1 -1 -1 -1 -1 -1 -1 1 
272 1 Car -1.000000 -1 -1 585.6041870117188 173.41265869140625 623.76416015625 210.73655700683594 -1 -1 -1 -1 -1 -1 -1 -1 1 
273 38 Car -1.000000 -1 -1 541.4652709960938 177.11817932128906 568.13330078125 196.99444580078125 -1 -1 -1 -1 -1 -1 -1 -1 1 
273 37 Car -1.000000 -1 -1 488.34283447265625 173.4514923095703 538.6742553710938 213.34352111816406 -1 -1 -1 -1 -1 -1 -1 -1 1 
273 35 Car -1.000000 -1 -1 244.31118774414062 178.32936096191406 295.53253173828125 204.3143310546875 -1 -1 -1 -1 -1 -1 -1 -1 1 
273 32 Car -1.000000 -1 -1 0.22657306492328644 184.1800079345703 83.54678344726562 229.5768585205078 -1 -1 -1 -1 -1 -1 -1 -1 1 
273 1 Car -1.000000 -1 -1 586.2381591796875 174.81578063964844 624.5753173828125 210.79002380371094 -1 -1 -1 -1 -1 -1 -1 -1 1 
274 38 Car -1.000000 -1 -1 538.698974609375 177.62664794921875 566.2723388671875 197.31105041503906 -1 -1 -1 -1 -1 -1 -1 -1 1 
274 37 Car -1.000000 -1 -1 476.7159118652344 172.68356323242188 533.09375 218.3909149169922 -1 -1 -1 -1 -1 -1 -1 -1 1 
274 35 Car -1.000000 -1 -1 230.70303344726562 178.4966583251953 282.9245910644531 202.66749572753906 -1 -1 -1 -1 -1 -1 -1 -1 1 
274 32 Car -1.000000 -1 -1 0.07857619971036911 185.7815399169922 51.3670654296875 228.6623992919922 -1 -1 -1 -1 -1 -1 -1 -1 1 
274 1 Car -1.000000 -1 -1 586.1470336914062 174.5193634033203 624.8969116210938 210.7093048095703 -1 -1 -1 -1 -1 -1 -1 -1 1 
275 38 Car -1.000000 -1 -1 535.23583984375 178.35096740722656 564.2537841796875 200.12759399414062 -1 -1 -1 -1 -1 -1 -1 -1 1 
275 37 Car -1.000000 -1 -1 462.5966491699219 171.97930908203125 527.8421020507812 225.1338348388672 -1 -1 -1 -1 -1 -1 -1 -1 1 
275 35 Car -1.000000 -1 -1 214.4360809326172 178.72540283203125 272.9149475097656 199.7920379638672 -1 -1 -1 -1 -1 -1 -1 -1 1 
275 34 Car -1.000000 -1 -1 0.9242072701454163 194.82044982910156 337.924560546875 372.6625061035156 -1 -1 -1 -1 -1 -1 -1 -1 1 
275 1 Car -1.000000 -1 -1 586.2428588867188 175.90855407714844 624.5492553710938 210.84756469726562 -1 -1 -1 -1 -1 -1 -1 -1 1 
276 38 Car -1.000000 -1 -1 529.4027709960938 178.11961364746094 561.56787109375 201.4599151611328 -1 -1 -1 -1 -1 -1 -1 -1 1 
276 37 Car -1.000000 -1 -1 443.4180603027344 172.2244415283203 520.2609252929688 231.5734405517578 -1 -1 -1 -1 -1 -1 -1 -1 1 
276 35 Car -1.000000 -1 -1 199.5389862060547 178.4628448486328 261.1438903808594 208.42727661132812 -1 -1 -1 -1 -1 -1 -1 -1 1 
276 34 Car -1.000000 -1 -1 -0.23639671504497528 207.42462158203125 210.87098693847656 372.8376770019531 -1 -1 -1 -1 -1 -1 -1 -1 1 
276 1 Car -1.000000 -1 -1 586.2744750976562 175.59893798828125 625.1373901367188 210.8949737548828 -1 -1 -1 -1 -1 -1 -1 -1 1 
277 38 Car -1.000000 -1 -1 524.5413208007812 177.43678283691406 560.0751342773438 203.2836151123047 -1 -1 -1 -1 -1 -1 -1 -1 1 
277 37 Car -1.000000 -1 -1 419.57122802734375 171.69503784179688 508.7196350097656 240.9263458251953 -1 -1 -1 -1 -1 -1 -1 -1 1 
277 35 Car -1.000000 -1 -1 182.0059814453125 178.41232299804688 245.41807556152344 208.92095947265625 -1 -1 -1 -1 -1 -1 -1 -1 1 
277 1 Car -1.000000 -1 -1 586.4338989257812 175.46673583984375 625.5606079101562 211.02572631835938 -1 -1 -1 -1 -1 -1 -1 -1 1 
278 38 Car -1.000000 -1 -1 517.78076171875 177.5340576171875 556.0256958007812 204.70755004882812 -1 -1 -1 -1 -1 -1 -1 -1 1 
278 37 Car -1.000000 -1 -1 383.8604431152344 171.02206420898438 493.0386047363281 251.91200256347656 -1 -1 -1 -1 -1 -1 -1 -1 1 
278 35 Car -1.000000 -1 -1 162.23350524902344 178.3193359375 230.13674926757812 209.8662567138672 -1 -1 -1 -1 -1 -1 -1 -1 1 
278 1 Car -1.000000 -1 -1 586.6774291992188 175.48912048339844 625.74560546875 210.76651000976562 -1 -1 -1 -1 -1 -1 -1 -1 1 
279 38 Car -1.000000 -1 -1 510.19903564453125 177.62893676757812 552.8500366210938 207.34141540527344 -1 -1 -1 -1 -1 -1 -1 -1 1 
279 37 Car -1.000000 -1 -1 334.417236328125 169.9783935546875 475.3168640136719 270.73431396484375 -1 -1 -1 -1 -1 -1 -1 -1 1 
279 35 Car -1.000000 -1 -1 140.80709838867188 179.25755310058594 214.43116760253906 212.10781860351562 -1 -1 -1 -1 -1 -1 -1 -1 1 
279 1 Car -1.000000 -1 -1 586.6041870117188 175.38429260253906 626.1084594726562 210.84564208984375 -1 -1 -1 -1 -1 -1 -1 -1 1 
280 38 Car -1.000000 -1 -1 504.7662353515625 178.9506378173828 549.3157958984375 210.55709838867188 -1 -1 -1 -1 -1 -1 -1 -1 1 
280 35 Car -1.000000 -1 -1 116.98980712890625 180.4943084716797 197.31063842773438 214.3778533935547 -1 -1 -1 -1 -1 -1 -1 -1 1 
280 1 Car -1.000000 -1 -1 586.721435546875 174.1221466064453 626.834716796875 210.9518280029297 -1 -1 -1 -1 -1 -1 -1 -1 1 
281 38 Car -1.000000 -1 -1 492.5697937011719 180.4093780517578 544.7960815429688 215.2760772705078 -1 -1 -1 -1 -1 -1 -1 -1 1 
281 35 Car -1.000000 -1 -1 90.20642852783203 181.5109100341797 176.04763793945312 217.9016876220703 -1 -1 -1 -1 -1 -1 -1 -1 1 
281 1 Car -1.000000 -1 -1 586.8866577148438 174.42160034179688 627.3656616210938 211.6215362548828 -1 -1 -1 -1 -1 -1 -1 -1 1 
282 38 Car -1.000000 -1 -1 483.1698913574219 180.40855407714844 539.4155883789062 218.28094482421875 -1 -1 -1 -1 -1 -1 -1 -1 1 
282 1 Car -1.000000 -1 -1 587.20166015625 174.5597381591797 628.854736328125 211.48780822753906 -1 -1 -1 -1 -1 -1 -1 -1 1 
283 38 Car -1.000000 -1 -1 469.3628234863281 181.50405883789062 532.182861328125 222.65492248535156 -1 -1 -1 -1 -1 -1 -1 -1 1 
283 1 Car -1.000000 -1 -1 587.669189453125 175.44882202148438 628.306396484375 211.6190185546875 -1 -1 -1 -1 -1 -1 -1 -1 1 
284 38 Car -1.000000 -1 -1 452.0534973144531 182.7569580078125 523.6929321289062 227.51043701171875 -1 -1 -1 -1 -1 -1 -1 -1 1 
284 1 Car -1.000000 -1 -1 587.7127685546875 175.02748107910156 628.954833984375 211.53268432617188 -1 -1 -1 -1 -1 -1 -1 -1 1 
285 38 Car -1.000000 -1 -1 429.8568420410156 184.04800415039062 513.12890625 235.46530151367188 -1 -1 -1 -1 -1 -1 -1 -1 1 
285 1 Car -1.000000 -1 -1 588.0494995117188 174.5534210205078 629.4803466796875 211.6890411376953 -1 -1 -1 -1 -1 -1 -1 -1 1 
286 39 Car -1.000000 -1 -1 38.51547622680664 174.39479064941406 151.5839080810547 222.09967041015625 -1 -1 -1 -1 -1 -1 -1 -1 1 
286 38 Car -1.000000 -1 -1 398.2852478027344 184.5574188232422 500.09674072265625 247.93869018554688 -1 -1 -1 -1 -1 -1 -1 -1 1 
286 32 Car -1.000000 -1 -1 0.09065403044223785 187.66983032226562 37.983829498291016 227.9579620361328 -1 -1 -1 -1 -1 -1 -1 -1 1 
286 1 Car -1.000000 -1 -1 588.156982421875 175.22015380859375 629.0875244140625 211.66677856445312 -1 -1 -1 -1 -1 -1 -1 -1 1 
287 39 Car -1.000000 -1 -1 2.3717586994171143 176.83969116210938 117.79522705078125 224.1862030029297 -1 -1 -1 -1 -1 -1 -1 -1 1 
287 38 Car -1.000000 -1 -1 354.95574951171875 184.9816436767578 482.7374572753906 262.7851257324219 -1 -1 -1 -1 -1 -1 -1 -1 1 
287 1 Car -1.000000 -1 -1 588.1290283203125 175.12335205078125 629.4974975585938 211.39431762695312 -1 -1 -1 -1 -1 -1 -1 -1 1 
288 1 Car -1.000000 -1 -1 588.7396850585938 174.44384765625 629.8185424804688 210.7786865234375 -1 -1 -1 -1 -1 -1 -1 -1 1 
289 1 Car -1.000000 -1 -1 588.8123779296875 174.93838500976562 629.4981079101562 210.8118438720703 -1 -1 -1 -1 -1 -1 -1 -1 1 
290 1 Car -1.000000 -1 -1 589.5233154296875 174.0702667236328 630.1338500976562 210.7566375732422 -1 -1 -1 -1 -1 -1 -1 -1 1 
291 1 Car -1.000000 -1 -1 589.8746948242188 173.30421447753906 630.6702270507812 210.97540283203125 -1 -1 -1 -1 -1 -1 -1 -1 1 
292 1 Car -1.000000 -1 -1 590.0838012695312 172.9188690185547 631.4534301757812 211.00120544433594 -1 -1 -1 -1 -1 -1 -1 -1 1 
293 1 Car -1.000000 -1 -1 590.1304321289062 173.66603088378906 631.5187377929688 211.3813934326172 -1 -1 -1 -1 -1 -1 -1 -1 1 
294 1 Car -1.000000 -1 -1 590.615478515625 174.28697204589844 631.9718017578125 212.57528686523438 -1 -1 -1 -1 -1 -1 -1 -1 1 
295 1 Car -1.000000 -1 -1 590.1277465820312 174.8306121826172 632.4113159179688 213.14157104492188 -1 -1 -1 -1 -1 -1 -1 -1 1 
296 1 Car -1.000000 -1 -1 590.9505615234375 173.3010711669922 632.5682983398438 212.2615966796875 -1 -1 -1 -1 -1 -1 -1 -1 1 
