0 2 Car -1.000000 -1 -1 962.8361218096894 185.02355949606948 1062.9261462567167 220.41078193459458 -1 -1 -1 -1 -1 -1 -1 -1 1 
0 1 Car -1.000000 -1 -1 1057.1160887943547 186.42808480061245 1155.2626953853328 222.1869206925516 -1 -1 -1 -1 -1 -1 -1 -1 1 
1 2 Car -1.000000 -1 -1 962.48486328125 184.62545776367188 1062.6429443359375 220.16305541992188 -1 -1 -1 -1 -1 -1 -1 -1 1 
1 1 Car -1.000000 -1 -1 1057.1318359375 186.4727325439453 1155.2620849609375 222.30677795410156 -1 -1 -1 -1 -1 -1 -1 -1 1 
2 2 Car -1.000000 -1 -1 962.528564453125 184.64749145507812 1062.6058349609375 220.14105224609375 -1 -1 -1 -1 -1 -1 -1 -1 1 
2 1 Car -1.000000 -1 -1 1057.0994873046875 186.4272003173828 1155.254150390625 222.3074951171875 -1 -1 -1 -1 -1 -1 -1 -1 1 
3 2 Car -1.000000 -1 -1 962.4613037109375 184.71823120117188 1062.588134765625 220.1471710205078 -1 -1 -1 -1 -1 -1 -1 -1 1 
3 1 Car -1.000000 -1 -1 1057.0260009765625 186.45352172851562 1155.2452392578125 222.3395538330078 -1 -1 -1 -1 -1 -1 -1 -1 1 
4 2 Car -1.000000 -1 -1 962.3619384765625 184.71624755859375 1062.5469970703125 220.13446044921875 -1 -1 -1 -1 -1 -1 -1 -1 1 
4 1 Car -1.000000 -1 -1 1056.7486572265625 186.42251586914062 1155.2501220703125 222.365966796875 -1 -1 -1 -1 -1 -1 -1 -1 1 
5 2 Car -1.000000 -1 -1 962.5860595703125 184.56826782226562 1062.5927734375 220.11695861816406 -1 -1 -1 -1 -1 -1 -1 -1 1 
5 1 Car -1.000000 -1 -1 1056.875732421875 186.38848876953125 1155.3319091796875 222.2803192138672 -1 -1 -1 -1 -1 -1 -1 -1 1 
6 2 Car -1.000000 -1 -1 962.6311645507812 184.81161499023438 1062.5340576171875 220.04745483398438 -1 -1 -1 -1 -1 -1 -1 -1 1 
6 1 Car -1.000000 -1 -1 1056.8924560546875 186.36862182617188 1155.28955078125 222.2101287841797 -1 -1 -1 -1 -1 -1 -1 -1 1 
7 2 Car -1.000000 -1 -1 962.6609497070312 184.85028076171875 1062.589599609375 220.06381225585938 -1 -1 -1 -1 -1 -1 -1 -1 1 
7 1 Car -1.000000 -1 -1 1056.806640625 186.3289794921875 1155.21630859375 222.15988159179688 -1 -1 -1 -1 -1 -1 -1 -1 1 
8 2 Car -1.000000 -1 -1 962.6094970703125 184.91314697265625 1062.585205078125 220.05523681640625 -1 -1 -1 -1 -1 -1 -1 -1 1 
8 1 Car -1.000000 -1 -1 1056.8402099609375 186.28717041015625 1155.192138671875 222.11610412597656 -1 -1 -1 -1 -1 -1 -1 -1 1 
9 2 Car -1.000000 -1 -1 962.5944213867188 184.87844848632812 1062.7738037109375 220.0875701904297 -1 -1 -1 -1 -1 -1 -1 -1 1 
9 1 Car -1.000000 -1 -1 1056.826416015625 186.27439880371094 1155.1795654296875 222.1066436767578 -1 -1 -1 -1 -1 -1 -1 -1 1 
10 2 Car -1.000000 -1 -1 962.7808837890625 185.1735076904297 1063.1290283203125 220.51312255859375 -1 -1 -1 -1 -1 -1 -1 -1 1 
10 1 Car -1.000000 -1 -1 1056.8114013671875 186.27359008789062 1155.20458984375 222.1005859375 -1 -1 -1 -1 -1 -1 -1 -1 1 
11 2 Car -1.000000 -1 -1 962.9510498046875 185.21420288085938 1062.8045654296875 220.4894561767578 -1 -1 -1 -1 -1 -1 -1 -1 1 
11 1 Car -1.000000 -1 -1 1056.74169921875 186.25100708007812 1155.1868896484375 222.07693481445312 -1 -1 -1 -1 -1 -1 -1 -1 1 
12 2 Car -1.000000 -1 -1 963.228515625 185.16883850097656 1062.6195068359375 220.4666290283203 -1 -1 -1 -1 -1 -1 -1 -1 1 
12 1 Car -1.000000 -1 -1 1056.610595703125 186.33612060546875 1155.2469482421875 222.05050659179688 -1 -1 -1 -1 -1 -1 -1 -1 1 
13 1 Car -1.000000 -1 -1 1056.718017578125 186.3709716796875 1155.24755859375 222.08718872070312 -1 -1 -1 -1 -1 -1 -1 -1 1 
14 1 Car -1.000000 -1 -1 1056.738525390625 186.36253356933594 1155.2354736328125 222.154541015625 -1 -1 -1 -1 -1 -1 -1 -1 1 
15 1 Car -1.000000 -1 -1 1056.7342529296875 186.3297119140625 1155.2318115234375 222.17153930664062 -1 -1 -1 -1 -1 -1 -1 -1 1 
16 2 Car -1.000000 -1 -1 962.5940551757812 184.9263458251953 1063.1156005859375 220.07809448242188 -1 -1 -1 -1 -1 -1 -1 -1 1 
16 1 Car -1.000000 -1 -1 1056.710693359375 186.36126708984375 1155.1241455078125 222.02804565429688 -1 -1 -1 -1 -1 -1 -1 -1 1 
17 2 Car -1.000000 -1 -1 962.2767333984375 184.92919921875 1063.0560302734375 220.06646728515625 -1 -1 -1 -1 -1 -1 -1 -1 1 
17 1 Car -1.000000 -1 -1 1057.22900390625 186.2525634765625 1154.816650390625 221.87779235839844 -1 -1 -1 -1 -1 -1 -1 -1 1 
18 2 Car -1.000000 -1 -1 962.199951171875 184.4970245361328 1062.6512451171875 219.61399841308594 -1 -1 -1 -1 -1 -1 -1 -1 1 
18 1 Car -1.000000 -1 -1 1057.23046875 186.23715209960938 1154.8272705078125 221.87803649902344 -1 -1 -1 -1 -1 -1 -1 -1 1 
19 2 Car -1.000000 -1 -1 960.6477661132812 184.32089233398438 1062.859619140625 219.4932861328125 -1 -1 -1 -1 -1 -1 -1 -1 1 
19 1 Car -1.000000 -1 -1 1057.364501953125 186.26925659179688 1154.9141845703125 221.89334106445312 -1 -1 -1 -1 -1 -1 -1 -1 1 
20 1 Car -1.000000 -1 -1 1057.520751953125 186.2776336669922 1155.025390625 221.9493865966797 -1 -1 -1 -1 -1 -1 -1 -1 1 
21 1 Car -1.000000 -1 -1 1057.593994140625 186.2325897216797 1154.846923828125 221.78587341308594 -1 -1 -1 -1 -1 -1 -1 -1 1 
22 1 Car -1.000000 -1 -1 1057.15234375 186.23373413085938 1154.884033203125 221.86129760742188 -1 -1 -1 -1 -1 -1 -1 -1 1 
23 1 Car -1.000000 -1 -1 1057.4234619140625 186.27389526367188 1154.844482421875 221.78887939453125 -1 -1 -1 -1 -1 -1 -1 -1 1 
24 2 Car -1.000000 -1 -1 1000.0226440429688 184.22413635253906 1062.669189453125 219.38583374023438 -1 -1 -1 -1 -1 -1 -1 -1 1 
24 1 Car -1.000000 -1 -1 1056.90966796875 186.233154296875 1154.9266357421875 221.7422637939453 -1 -1 -1 -1 -1 -1 -1 -1 1 
25 2 Car -1.000000 -1 -1 1009.7822875976562 185.3975830078125 1062.5325927734375 218.50949096679688 -1 -1 -1 -1 -1 -1 -1 -1 1 
25 1 Car -1.000000 -1 -1 1056.55029296875 186.08836364746094 1155.0025634765625 221.4625244140625 -1 -1 -1 -1 -1 -1 -1 -1 1 
26 2 Car -1.000000 -1 -1 1019.7899169921875 186.81202697753906 1062.5643310546875 219.33367919921875 -1 -1 -1 -1 -1 -1 -1 -1 1 
26 1 Car -1.000000 -1 -1 1056.50732421875 186.0930633544922 1154.9090576171875 221.48382568359375 -1 -1 -1 -1 -1 -1 -1 -1 1 
27 1 Car -1.000000 -1 -1 1055.280029296875 186.10971069335938 1154.8582763671875 221.75961303710938 -1 -1 -1 -1 -1 -1 -1 -1 1 
28 1 Car -1.000000 -1 -1 1054.85009765625 186.16824340820312 1155.0318603515625 221.9065399169922 -1 -1 -1 -1 -1 -1 -1 -1 1 
29 1 Car -1.000000 -1 -1 1056.5087890625 186.13214111328125 1154.939453125 221.72935485839844 -1 -1 -1 -1 -1 -1 -1 -1 1 
30 1 Car -1.000000 -1 -1 1066.249755859375 186.64736938476562 1154.75146484375 221.03790283203125 -1 -1 -1 -1 -1 -1 -1 -1 1 
31 1 Car -1.000000 -1 -1 1076.11474609375 187.07644653320312 1154.5703125 220.33348083496094 -1 -1 -1 -1 -1 -1 -1 -1 1 
32 1 Car -1.000000 -1 -1 1094.1834716796875 187.79432678222656 1154.4097900390625 221.2072296142578 -1 -1 -1 -1 -1 -1 -1 -1 1 
33 1 Car -1.000000 -1 -1 1104.65234375 189.37252807617188 1154.4527587890625 221.94029235839844 -1 -1 -1 -1 -1 -1 -1 -1 1 
36 2 Car -1.000000 -1 -1 962.9673461914062 184.8822784423828 1064.138671875 219.68507385253906 -1 -1 -1 -1 -1 -1 -1 -1 1 
37 2 Car -1.000000 -1 -1 963.2774658203125 184.85084533691406 1063.0712890625 219.7765655517578 -1 -1 -1 -1 -1 -1 -1 -1 1 
38 2 Car -1.000000 -1 -1 963.177001953125 184.9581756591797 1062.5712890625 219.68453979492188 -1 -1 -1 -1 -1 -1 -1 -1 1 
39 2 Car -1.000000 -1 -1 963.0350341796875 184.8651885986328 1062.508056640625 219.69476318359375 -1 -1 -1 -1 -1 -1 -1 -1 1 
40 2 Car -1.000000 -1 -1 962.9305419921875 184.8749237060547 1062.450439453125 219.69146728515625 -1 -1 -1 -1 -1 -1 -1 -1 1 
41 3 Car -1.000000 -1 -1 1058.3486328125 186.4237518310547 1154.7083740234375 221.24481201171875 -1 -1 -1 -1 -1 -1 -1 -1 1 
41 2 Car -1.000000 -1 -1 962.9111938476562 184.806396484375 1062.4356689453125 219.6415557861328 -1 -1 -1 -1 -1 -1 -1 -1 1 
42 3 Car -1.000000 -1 -1 1058.01953125 186.4105224609375 1155.1602783203125 221.81439208984375 -1 -1 -1 -1 -1 -1 -1 -1 1 
42 2 Car -1.000000 -1 -1 962.9566650390625 184.7970733642578 1062.5419921875 219.73391723632812 -1 -1 -1 -1 -1 -1 -1 -1 1 
43 3 Car -1.000000 -1 -1 1057.8416748046875 186.4729461669922 1155.11767578125 222.26803588867188 -1 -1 -1 -1 -1 -1 -1 -1 1 
43 2 Car -1.000000 -1 -1 962.9910278320312 184.89024353027344 1062.605224609375 219.81639099121094 -1 -1 -1 -1 -1 -1 -1 -1 1 
44 3 Car -1.000000 -1 -1 1057.82421875 186.47344970703125 1155.3040771484375 222.3340301513672 -1 -1 -1 -1 -1 -1 -1 -1 1 
44 2 Car -1.000000 -1 -1 962.9447021484375 184.77490234375 1062.68212890625 219.924560546875 -1 -1 -1 -1 -1 -1 -1 -1 1 
45 3 Car -1.000000 -1 -1 1057.6162109375 186.430419921875 1155.508056640625 222.30026245117188 -1 -1 -1 -1 -1 -1 -1 -1 1 
45 2 Car -1.000000 -1 -1 963.074462890625 184.7991943359375 1062.7247314453125 219.8088836669922 -1 -1 -1 -1 -1 -1 -1 -1 1 
46 3 Car -1.000000 -1 -1 1057.5147705078125 186.39671325683594 1155.4986572265625 222.20654296875 -1 -1 -1 -1 -1 -1 -1 -1 1 
46 2 Car -1.000000 -1 -1 963.0770263671875 184.75782775878906 1062.73193359375 219.77098083496094 -1 -1 -1 -1 -1 -1 -1 -1 1 
47 3 Car -1.000000 -1 -1 1057.5123291015625 186.40390014648438 1155.385498046875 222.16848754882812 -1 -1 -1 -1 -1 -1 -1 -1 1 
47 2 Car -1.000000 -1 -1 963.07958984375 184.80116271972656 1062.73876953125 219.76171875 -1 -1 -1 -1 -1 -1 -1 -1 1 
48 3 Car -1.000000 -1 -1 1057.5146484375 186.3892059326172 1155.45458984375 222.16275024414062 -1 -1 -1 -1 -1 -1 -1 -1 1 
48 2 Car -1.000000 -1 -1 962.9911499023438 184.78643798828125 1062.7835693359375 219.78854370117188 -1 -1 -1 -1 -1 -1 -1 -1 1 
49 3 Car -1.000000 -1 -1 1057.5113525390625 186.34310913085938 1155.3084716796875 222.0758056640625 -1 -1 -1 -1 -1 -1 -1 -1 1 
49 2 Car -1.000000 -1 -1 962.9779052734375 184.851806640625 1062.740478515625 219.7497100830078 -1 -1 -1 -1 -1 -1 -1 -1 1 
50 3 Car -1.000000 -1 -1 1057.5758056640625 186.40719604492188 1155.300537109375 222.07962036132812 -1 -1 -1 -1 -1 -1 -1 -1 1 
50 2 Car -1.000000 -1 -1 962.9487915039062 184.8486785888672 1062.763916015625 219.7636260986328 -1 -1 -1 -1 -1 -1 -1 -1 1 
51 3 Car -1.000000 -1 -1 1057.483642578125 186.34573364257812 1155.330078125 221.99139404296875 -1 -1 -1 -1 -1 -1 -1 -1 1 
51 2 Car -1.000000 -1 -1 962.7044067382812 184.71841430664062 1062.7415771484375 219.75506591796875 -1 -1 -1 -1 -1 -1 -1 -1 1 
52 3 Car -1.000000 -1 -1 1057.335205078125 186.33062744140625 1155.3984375 221.99301147460938 -1 -1 -1 -1 -1 -1 -1 -1 1 
52 2 Car -1.000000 -1 -1 962.7412719726562 184.73574829101562 1062.8538818359375 219.7849578857422 -1 -1 -1 -1 -1 -1 -1 -1 1 
53 3 Car -1.000000 -1 -1 1057.24560546875 186.31370544433594 1155.3543701171875 221.9143829345703 -1 -1 -1 -1 -1 -1 -1 -1 1 
53 2 Car -1.000000 -1 -1 964.5993041992188 184.69667053222656 1062.87109375 219.89759826660156 -1 -1 -1 -1 -1 -1 -1 -1 1 
54 3 Car -1.000000 -1 -1 1057.448974609375 186.29885864257812 1155.3087158203125 221.8292694091797 -1 -1 -1 -1 -1 -1 -1 -1 1 
55 3 Car -1.000000 -1 -1 1057.3463134765625 186.27410888671875 1155.2724609375 221.80380249023438 -1 -1 -1 -1 -1 -1 -1 -1 1 
56 3 Car -1.000000 -1 -1 1057.788330078125 186.254638671875 1155.0374755859375 221.63682556152344 -1 -1 -1 -1 -1 -1 -1 -1 1 
57 3 Car -1.000000 -1 -1 1057.618408203125 186.19766235351562 1155.0855712890625 221.52767944335938 -1 -1 -1 -1 -1 -1 -1 -1 1 
58 3 Car -1.000000 -1 -1 1057.251953125 186.17140197753906 1155.087646484375 221.4754638671875 -1 -1 -1 -1 -1 -1 -1 -1 1 
58 2 Car -1.000000 -1 -1 1003.4524536132812 184.7236328125 1062.5660400390625 218.09353637695312 -1 -1 -1 -1 -1 -1 -1 -1 1 
59 3 Car -1.000000 -1 -1 1057.1275634765625 186.15896606445312 1155.1063232421875 221.33567810058594 -1 -1 -1 -1 -1 -1 -1 -1 1 
59 2 Car -1.000000 -1 -1 1021.7559814453125 186.47178649902344 1062.8455810546875 219.39047241210938 -1 -1 -1 -1 -1 -1 -1 -1 1 
60 3 Car -1.000000 -1 -1 1056.76953125 186.21231079101562 1155.1888427734375 221.56710815429688 -1 -1 -1 -1 -1 -1 -1 -1 1 
61 3 Car -1.000000 -1 -1 1057.3994140625 186.3169403076172 1154.9791259765625 221.72105407714844 -1 -1 -1 -1 -1 -1 -1 -1 1 
62 3 Car -1.000000 -1 -1 1071.3994140625 187.26473999023438 1154.8154296875 220.8052215576172 -1 -1 -1 -1 -1 -1 -1 -1 1 
63 3 Car -1.000000 -1 -1 1086.689208984375 187.70242309570312 1154.271728515625 222.13055419921875 -1 -1 -1 -1 -1 -1 -1 -1 1 
64 3 Car -1.000000 -1 -1 1109.6134033203125 189.184326171875 1154.1456298828125 221.8051300048828 -1 -1 -1 -1 -1 -1 -1 -1 1 
67 2 Car -1.000000 -1 -1 962.7298583984375 185.23667907714844 1062.5113525390625 219.87692260742188 -1 -1 -1 -1 -1 -1 -1 -1 1 
68 2 Car -1.000000 -1 -1 962.4938354492188 185.12362670898438 1062.576171875 219.91488647460938 -1 -1 -1 -1 -1 -1 -1 -1 1 
69 4 Car -1.000000 -1 -1 1058.2900390625 186.42416381835938 1155.28564453125 222.10678100585938 -1 -1 -1 -1 -1 -1 -1 -1 1 
69 2 Car -1.000000 -1 -1 962.6514892578125 185.13218688964844 1062.700927734375 219.9365234375 -1 -1 -1 -1 -1 -1 -1 -1 1 
70 4 Car -1.000000 -1 -1 1058.0543212890625 186.5126953125 1154.9215087890625 222.00942993164062 -1 -1 -1 -1 -1 -1 -1 -1 1 
70 2 Car -1.000000 -1 -1 962.7381591796875 185.22573852539062 1062.5810546875 219.84490966796875 -1 -1 -1 -1 -1 -1 -1 -1 1 
71 4 Car -1.000000 -1 -1 1057.7940673828125 186.4647216796875 1155.1951904296875 222.0692138671875 -1 -1 -1 -1 -1 -1 -1 -1 1 
71 2 Car -1.000000 -1 -1 962.8597412109375 185.23095703125 1062.752685546875 219.89569091796875 -1 -1 -1 -1 -1 -1 -1 -1 1 
72 4 Car -1.000000 -1 -1 1057.6163330078125 186.42376708984375 1155.2296142578125 222.0906524658203 -1 -1 -1 -1 -1 -1 -1 -1 1 
72 2 Car -1.000000 -1 -1 963.6820068359375 185.57350158691406 1063.0526123046875 220.31900024414062 -1 -1 -1 -1 -1 -1 -1 -1 1 
73 4 Car -1.000000 -1 -1 1057.685302734375 186.4190673828125 1155.203369140625 222.18106079101562 -1 -1 -1 -1 -1 -1 -1 -1 1 
73 2 Car -1.000000 -1 -1 963.7239990234375 185.558837890625 1063.0546875 220.31637573242188 -1 -1 -1 -1 -1 -1 -1 -1 1 
74 4 Car -1.000000 -1 -1 1057.6697998046875 186.4476776123047 1155.2139892578125 222.1591796875 -1 -1 -1 -1 -1 -1 -1 -1 1 
74 2 Car -1.000000 -1 -1 963.6842651367188 185.54026794433594 1062.984375 220.280029296875 -1 -1 -1 -1 -1 -1 -1 -1 1 
75 4 Car -1.000000 -1 -1 1057.7012939453125 186.43614196777344 1155.216064453125 222.1707305908203 -1 -1 -1 -1 -1 -1 -1 -1 1 
75 2 Car -1.000000 -1 -1 963.4757690429688 185.44027709960938 1063.05810546875 220.2151336669922 -1 -1 -1 -1 -1 -1 -1 -1 1 
76 4 Car -1.000000 -1 -1 1057.6968994140625 186.44509887695312 1155.2010498046875 222.18771362304688 -1 -1 -1 -1 -1 -1 -1 -1 1 
76 2 Car -1.000000 -1 -1 962.9140014648438 185.33453369140625 1063.2847900390625 220.08660888671875 -1 -1 -1 -1 -1 -1 -1 -1 1 
77 4 Car -1.000000 -1 -1 1057.584228515625 186.4445343017578 1155.2069091796875 222.2119140625 -1 -1 -1 -1 -1 -1 -1 -1 1 
77 2 Car -1.000000 -1 -1 962.5828857421875 184.996337890625 1062.7530517578125 219.81980895996094 -1 -1 -1 -1 -1 -1 -1 -1 1 
78 4 Car -1.000000 -1 -1 1057.5648193359375 186.45297241210938 1155.187744140625 222.2154541015625 -1 -1 -1 -1 -1 -1 -1 -1 1 
78 2 Car -1.000000 -1 -1 962.9818725585938 185.35984802246094 1063.2314453125 220.18142700195312 -1 -1 -1 -1 -1 -1 -1 -1 1 
79 4 Car -1.000000 -1 -1 1057.4866943359375 186.44888305664062 1155.1246337890625 222.18954467773438 -1 -1 -1 -1 -1 -1 -1 -1 1 
79 2 Car -1.000000 -1 -1 963.3171997070312 185.415283203125 1063.0849609375 220.26966857910156 -1 -1 -1 -1 -1 -1 -1 -1 1 
80 4 Car -1.000000 -1 -1 1057.49658203125 186.46994018554688 1155.094482421875 222.177978515625 -1 -1 -1 -1 -1 -1 -1 -1 1 
80 2 Car -1.000000 -1 -1 962.784423828125 185.38836669921875 1063.4190673828125 220.16885375976562 -1 -1 -1 -1 -1 -1 -1 -1 1 
81 4 Car -1.000000 -1 -1 1057.486083984375 186.40020751953125 1155.1309814453125 222.17892456054688 -1 -1 -1 -1 -1 -1 -1 -1 1 
81 2 Car -1.000000 -1 -1 962.7389526367188 185.25103759765625 1063.339111328125 220.16192626953125 -1 -1 -1 -1 -1 -1 -1 -1 1 
82 4 Car -1.000000 -1 -1 1057.5054931640625 186.41709899902344 1155.156982421875 222.18946838378906 -1 -1 -1 -1 -1 -1 -1 -1 1 
82 2 Car -1.000000 -1 -1 962.7216796875 185.32797241210938 1063.3958740234375 220.179931640625 -1 -1 -1 -1 -1 -1 -1 -1 1 
83 4 Car -1.000000 -1 -1 1057.483154296875 186.39913940429688 1155.1654052734375 222.18118286132812 -1 -1 -1 -1 -1 -1 -1 -1 1 
83 2 Car -1.000000 -1 -1 962.6360473632812 185.2664031982422 1063.3790283203125 220.17800903320312 -1 -1 -1 -1 -1 -1 -1 -1 1 
84 4 Car -1.000000 -1 -1 1057.4986572265625 186.39361572265625 1155.1571044921875 222.13063049316406 -1 -1 -1 -1 -1 -1 -1 -1 1 
84 2 Car -1.000000 -1 -1 962.5011596679688 185.2729034423828 1063.4534912109375 220.17544555664062 -1 -1 -1 -1 -1 -1 -1 -1 1 
85 4 Car -1.000000 -1 -1 1057.4742431640625 186.38284301757812 1155.1700439453125 222.1649627685547 -1 -1 -1 -1 -1 -1 -1 -1 1 
85 2 Car -1.000000 -1 -1 962.4780883789062 185.17733764648438 1063.408447265625 220.11082458496094 -1 -1 -1 -1 -1 -1 -1 -1 1 
86 4 Car -1.000000 -1 -1 1057.4930419921875 186.4080352783203 1155.1787109375 222.17730712890625 -1 -1 -1 -1 -1 -1 -1 -1 1 
86 2 Car -1.000000 -1 -1 962.685791015625 185.2447052001953 1063.3978271484375 220.1432342529297 -1 -1 -1 -1 -1 -1 -1 -1 1 
87 4 Car -1.000000 -1 -1 1057.4384765625 186.3753662109375 1155.214599609375 222.15557861328125 -1 -1 -1 -1 -1 -1 -1 -1 1 
87 2 Car -1.000000 -1 -1 962.6248779296875 185.21798706054688 1063.376220703125 220.10353088378906 -1 -1 -1 -1 -1 -1 -1 -1 1 
88 4 Car -1.000000 -1 -1 1057.4188232421875 186.380126953125 1155.243408203125 222.16748046875 -1 -1 -1 -1 -1 -1 -1 -1 1 
88 2 Car -1.000000 -1 -1 962.7123413085938 185.29991149902344 1063.3697509765625 220.15530395507812 -1 -1 -1 -1 -1 -1 -1 -1 1 
89 4 Car -1.000000 -1 -1 1057.468505859375 186.40182495117188 1155.1829833984375 222.148681640625 -1 -1 -1 -1 -1 -1 -1 -1 1 
89 2 Car -1.000000 -1 -1 962.667236328125 185.29855346679688 1063.418212890625 220.12962341308594 -1 -1 -1 -1 -1 -1 -1 -1 1 
90 4 Car -1.000000 -1 -1 1057.4544677734375 186.4214630126953 1155.186279296875 222.15542602539062 -1 -1 -1 -1 -1 -1 -1 -1 1 
90 2 Car -1.000000 -1 -1 962.7017211914062 185.27879333496094 1063.4522705078125 220.1475067138672 -1 -1 -1 -1 -1 -1 -1 -1 1 
91 4 Car -1.000000 -1 -1 1057.40185546875 186.43153381347656 1155.1427001953125 222.16519165039062 -1 -1 -1 -1 -1 -1 -1 -1 1 
91 2 Car -1.000000 -1 -1 962.717529296875 185.2980194091797 1063.4375 220.152099609375 -1 -1 -1 -1 -1 -1 -1 -1 1 
92 4 Car -1.000000 -1 -1 1057.4127197265625 186.45118713378906 1155.106201171875 222.10585021972656 -1 -1 -1 -1 -1 -1 -1 -1 1 
92 2 Car -1.000000 -1 -1 962.620849609375 185.24020385742188 1063.5155029296875 220.1265869140625 -1 -1 -1 -1 -1 -1 -1 -1 1 
93 4 Car -1.000000 -1 -1 1057.443359375 186.43324279785156 1155.156982421875 222.12973022460938 -1 -1 -1 -1 -1 -1 -1 -1 1 
93 2 Car -1.000000 -1 -1 962.7172241210938 185.2686004638672 1063.446533203125 220.19659423828125 -1 -1 -1 -1 -1 -1 -1 -1 1 
94 4 Car -1.000000 -1 -1 1057.4771728515625 186.4393310546875 1155.164306640625 222.16297912597656 -1 -1 -1 -1 -1 -1 -1 -1 1 
94 2 Car -1.000000 -1 -1 962.8111572265625 185.30441284179688 1063.4276123046875 220.2206573486328 -1 -1 -1 -1 -1 -1 -1 -1 1 
95 4 Car -1.000000 -1 -1 1057.537353515625 186.44332885742188 1155.1241455078125 222.1677703857422 -1 -1 -1 -1 -1 -1 -1 -1 1 
95 2 Car -1.000000 -1 -1 962.8145751953125 185.299560546875 1063.4605712890625 220.22303771972656 -1 -1 -1 -1 -1 -1 -1 -1 1 
96 4 Car -1.000000 -1 -1 1057.5045166015625 186.4191436767578 1155.15771484375 222.1514129638672 -1 -1 -1 -1 -1 -1 -1 -1 1 
96 2 Car -1.000000 -1 -1 963.0045166015625 185.28538513183594 1063.364013671875 220.2334442138672 -1 -1 -1 -1 -1 -1 -1 -1 1 
97 4 Car -1.000000 -1 -1 1057.5413818359375 186.40802001953125 1155.1474609375 222.07569885253906 -1 -1 -1 -1 -1 -1 -1 -1 1 
97 2 Car -1.000000 -1 -1 962.8997802734375 185.3002166748047 1063.43310546875 220.13787841796875 -1 -1 -1 -1 -1 -1 -1 -1 1 
98 4 Car -1.000000 -1 -1 1057.537109375 186.41802978515625 1155.216064453125 222.14662170410156 -1 -1 -1 -1 -1 -1 -1 -1 1 
98 2 Car -1.000000 -1 -1 962.8262939453125 185.28273010253906 1063.4755859375 220.1276092529297 -1 -1 -1 -1 -1 -1 -1 -1 1 
99 4 Car -1.000000 -1 -1 1057.5546875 186.4116668701172 1155.245361328125 222.19171142578125 -1 -1 -1 -1 -1 -1 -1 -1 1 
99 2 Car -1.000000 -1 -1 962.6480712890625 185.20626831054688 1063.492431640625 220.09524536132812 -1 -1 -1 -1 -1 -1 -1 -1 1 
100 4 Car -1.000000 -1 -1 1057.40576171875 186.3802490234375 1155.2880859375 222.17034912109375 -1 -1 -1 -1 -1 -1 -1 -1 1 
100 2 Car -1.000000 -1 -1 962.5275268554688 184.8147735595703 1062.899658203125 219.870849609375 -1 -1 -1 -1 -1 -1 -1 -1 1 
101 4 Car -1.000000 -1 -1 1057.4140625 186.36795043945312 1155.4183349609375 222.16827392578125 -1 -1 -1 -1 -1 -1 -1 -1 1 
101 2 Car -1.000000 -1 -1 962.5350952148438 185.15771484375 1063.481689453125 220.00048828125 -1 -1 -1 -1 -1 -1 -1 -1 1 
102 4 Car -1.000000 -1 -1 1057.4825439453125 186.3682861328125 1155.3739013671875 222.22544860839844 -1 -1 -1 -1 -1 -1 -1 -1 1 
102 2 Car -1.000000 -1 -1 962.5557861328125 185.23960876464844 1063.5269775390625 220.00762939453125 -1 -1 -1 -1 -1 -1 -1 -1 1 
103 4 Car -1.000000 -1 -1 1057.4739990234375 186.39112854003906 1155.3284912109375 222.19412231445312 -1 -1 -1 -1 -1 -1 -1 -1 1 
103 2 Car -1.000000 -1 -1 962.7619018554688 185.2835235595703 1063.4984130859375 220.07473754882812 -1 -1 -1 -1 -1 -1 -1 -1 1 
104 4 Car -1.000000 -1 -1 1057.505126953125 186.37234497070312 1155.26611328125 222.16275024414062 -1 -1 -1 -1 -1 -1 -1 -1 1 
104 2 Car -1.000000 -1 -1 962.7305908203125 185.2598876953125 1063.3798828125 220.17019653320312 -1 -1 -1 -1 -1 -1 -1 -1 1 
105 4 Car -1.000000 -1 -1 1057.5184326171875 186.3980255126953 1155.2684326171875 222.13510131835938 -1 -1 -1 -1 -1 -1 -1 -1 1 
105 2 Car -1.000000 -1 -1 962.6534423828125 185.27427673339844 1063.3609619140625 220.1128692626953 -1 -1 -1 -1 -1 -1 -1 -1 1 
106 4 Car -1.000000 -1 -1 1057.3262939453125 186.3397674560547 1155.3116455078125 222.1173095703125 -1 -1 -1 -1 -1 -1 -1 -1 1 
106 2 Car -1.000000 -1 -1 962.5074462890625 185.22019958496094 1063.32373046875 220.2303009033203 -1 -1 -1 -1 -1 -1 -1 -1 1 
107 4 Car -1.000000 -1 -1 1057.286376953125 186.32568359375 1155.445556640625 222.16893005371094 -1 -1 -1 -1 -1 -1 -1 -1 1 
107 2 Car -1.000000 -1 -1 962.5537719726562 185.14585876464844 1063.2430419921875 220.17495727539062 -1 -1 -1 -1 -1 -1 -1 -1 1 
108 4 Car -1.000000 -1 -1 1057.42822265625 186.34536743164062 1155.453857421875 222.17144775390625 -1 -1 -1 -1 -1 -1 -1 -1 1 
108 2 Car -1.000000 -1 -1 962.4630126953125 184.96063232421875 1063.239501953125 219.96151733398438 -1 -1 -1 -1 -1 -1 -1 -1 1 
109 4 Car -1.000000 -1 -1 1057.791748046875 186.29891967773438 1155.135009765625 221.9467010498047 -1 -1 -1 -1 -1 -1 -1 -1 1 
109 2 Car -1.000000 -1 -1 962.2718505859375 184.9661407470703 1063.27587890625 219.99559020996094 -1 -1 -1 -1 -1 -1 -1 -1 1 
110 4 Car -1.000000 -1 -1 1057.856689453125 186.32064819335938 1155.214111328125 222.0148162841797 -1 -1 -1 -1 -1 -1 -1 -1 1 
111 4 Car -1.000000 -1 -1 1057.4931640625 186.24925231933594 1155.09814453125 221.8663787841797 -1 -1 -1 -1 -1 -1 -1 -1 1 
112 4 Car -1.000000 -1 -1 1057.4771728515625 186.1893768310547 1155.1031494140625 221.7915496826172 -1 -1 -1 -1 -1 -1 -1 -1 1 
113 4 Car -1.000000 -1 -1 1056.72314453125 186.12149047851562 1155.1309814453125 221.7098846435547 -1 -1 -1 -1 -1 -1 -1 -1 1 
114 4 Car -1.000000 -1 -1 1056.0924072265625 186.07504272460938 1155.120361328125 221.43869018554688 -1 -1 -1 -1 -1 -1 -1 -1 1 
115 4 Car -1.000000 -1 -1 1054.93212890625 186.2122344970703 1155.13525390625 221.6464080810547 -1 -1 -1 -1 -1 -1 -1 -1 1 
116 4 Car -1.000000 -1 -1 1055.916015625 186.2597198486328 1155.0799560546875 221.66024780273438 -1 -1 -1 -1 -1 -1 -1 -1 1 
117 4 Car -1.000000 -1 -1 1049.968505859375 186.19418334960938 1155.53955078125 222.01644897460938 -1 -1 -1 -1 -1 -1 -1 -1 1 
118 4 Car -1.000000 -1 -1 1061.1046142578125 187.0372772216797 1155.5147705078125 221.6416778564453 -1 -1 -1 -1 -1 -1 -1 -1 1 
119 4 Car -1.000000 -1 -1 1075.7769775390625 186.79261779785156 1156.0826416015625 221.02700805664062 -1 -1 -1 -1 -1 -1 -1 -1 1 
121 4 Car -1.000000 -1 -1 1108.22998046875 182.56704711914062 1195.9600830078125 223.928955078125 -1 -1 -1 -1 -1 -1 -1 -1 1 
125 4 Car -1.000000 -1 -1 1056.721435546875 186.27516174316406 1145.1773681640625 221.09681701660156 -1 -1 -1 -1 -1 -1 -1 -1 1 
126 4 Car -1.000000 -1 -1 1056.505126953125 186.1858367919922 1155.5225830078125 221.3914031982422 -1 -1 -1 -1 -1 -1 -1 -1 1 
127 4 Car -1.000000 -1 -1 1061.023681640625 185.8296661376953 1154.623779296875 221.2713623046875 -1 -1 -1 -1 -1 -1 -1 -1 1 
128 4 Car -1.000000 -1 -1 1087.6927490234375 187.29766845703125 1155.08642578125 222.48666381835938 -1 -1 -1 -1 -1 -1 -1 -1 1 
131 4 Car -1.000000 -1 -1 1054.0401611328125 186.26806640625 1150.558837890625 221.41754150390625 -1 -1 -1 -1 -1 -1 -1 -1 1 
132 4 Car -1.000000 -1 -1 1068.3238525390625 186.97047424316406 1155.242431640625 222.37583923339844 -1 -1 -1 -1 -1 -1 -1 -1 1 
138 2 Car -1.000000 -1 -1 963.6767578125 185.53146362304688 1063.3828125 219.81622314453125 -1 -1 -1 -1 -1 -1 -1 -1 1 
139 2 Car -1.000000 -1 -1 963.7237548828125 185.36880493164062 1063.3651123046875 220.0988006591797 -1 -1 -1 -1 -1 -1 -1 -1 1 
140 2 Car -1.000000 -1 -1 963.6920166015625 185.33673095703125 1063.498291015625 220.23089599609375 -1 -1 -1 -1 -1 -1 -1 -1 1 
141 4 Car -1.000000 -1 -1 1057.69140625 186.5778350830078 1154.909912109375 222.20480346679688 -1 -1 -1 -1 -1 -1 -1 -1 1 
141 2 Car -1.000000 -1 -1 964.0914306640625 185.40655517578125 1063.5931396484375 220.27352905273438 -1 -1 -1 -1 -1 -1 -1 -1 1 
142 4 Car -1.000000 -1 -1 1057.8594970703125 186.61422729492188 1155.2373046875 222.40814208984375 -1 -1 -1 -1 -1 -1 -1 -1 1 
142 2 Car -1.000000 -1 -1 963.89208984375 185.079345703125 1063.032470703125 220.10678100585938 -1 -1 -1 -1 -1 -1 -1 -1 1 
143 4 Car -1.000000 -1 -1 1057.6363525390625 186.51083374023438 1155.52783203125 222.33859252929688 -1 -1 -1 -1 -1 -1 -1 -1 1 
143 2 Car -1.000000 -1 -1 964.0151977539062 185.01869201660156 1063.088623046875 220.12026977539062 -1 -1 -1 -1 -1 -1 -1 -1 1 
144 4 Car -1.000000 -1 -1 1057.469970703125 186.4776153564453 1155.5201416015625 222.27622985839844 -1 -1 -1 -1 -1 -1 -1 -1 1 
144 2 Car -1.000000 -1 -1 963.761962890625 185.06478881835938 1063.052001953125 220.04556274414062 -1 -1 -1 -1 -1 -1 -1 -1 1 
145 4 Car -1.000000 -1 -1 1057.3355712890625 186.4770965576172 1155.4722900390625 222.1483917236328 -1 -1 -1 -1 -1 -1 -1 -1 1 
145 2 Car -1.000000 -1 -1 964.155029296875 185.28402709960938 1063.6387939453125 220.2069549560547 -1 -1 -1 -1 -1 -1 -1 -1 1 
146 4 Car -1.000000 -1 -1 1057.3487548828125 186.47108459472656 1155.4656982421875 222.14248657226562 -1 -1 -1 -1 -1 -1 -1 -1 1 
146 2 Car -1.000000 -1 -1 964.342529296875 185.22396850585938 1063.62744140625 220.21009826660156 -1 -1 -1 -1 -1 -1 -1 -1 1 
147 4 Car -1.000000 -1 -1 1057.2938232421875 186.42477416992188 1155.5155029296875 222.1260986328125 -1 -1 -1 -1 -1 -1 -1 -1 1 
147 2 Car -1.000000 -1 -1 964.041748046875 185.28067016601562 1063.68603515625 220.22262573242188 -1 -1 -1 -1 -1 -1 -1 -1 1 
148 4 Car -1.000000 -1 -1 1057.1158447265625 186.37722778320312 1155.4716796875 222.06153869628906 -1 -1 -1 -1 -1 -1 -1 -1 1 
148 2 Car -1.000000 -1 -1 963.7720947265625 185.13523864746094 1063.630126953125 220.10308837890625 -1 -1 -1 -1 -1 -1 -1 -1 1 
149 4 Car -1.000000 -1 -1 1057.2398681640625 186.3993682861328 1155.47216796875 222.13845825195312 -1 -1 -1 -1 -1 -1 -1 -1 1 
149 2 Car -1.000000 -1 -1 963.74560546875 184.73385620117188 1063.2420654296875 220.0742950439453 -1 -1 -1 -1 -1 -1 -1 -1 1 
150 4 Car -1.000000 -1 -1 1057.419677734375 186.42831420898438 1155.5032958984375 222.25303649902344 -1 -1 -1 -1 -1 -1 -1 -1 1 
150 2 Car -1.000000 -1 -1 965.3546142578125 184.7482452392578 1063.3326416015625 219.82237243652344 -1 -1 -1 -1 -1 -1 -1 -1 1 
151 4 Car -1.000000 -1 -1 1057.7171630859375 186.31727600097656 1155.27490234375 222.12225341796875 -1 -1 -1 -1 -1 -1 -1 -1 1 
151 2 Car -1.000000 -1 -1 967.1918334960938 184.04312133789062 1063.180908203125 219.75323486328125 -1 -1 -1 -1 -1 -1 -1 -1 1 
152 4 Car -1.000000 -1 -1 1057.5372314453125 186.3134307861328 1155.177490234375 221.96438598632812 -1 -1 -1 -1 -1 -1 -1 -1 1 
152 2 Car -1.000000 -1 -1 995.26806640625 184.4217987060547 1063.0732421875 219.21397399902344 -1 -1 -1 -1 -1 -1 -1 -1 1 
153 4 Car -1.000000 -1 -1 1057.58642578125 186.32626342773438 1155.2296142578125 221.9217987060547 -1 -1 -1 -1 -1 -1 -1 -1 1 
153 2 Car -1.000000 -1 -1 1002.7861938476562 184.92935180664062 1062.881103515625 219.0516357421875 -1 -1 -1 -1 -1 -1 -1 -1 1 
154 4 Car -1.000000 -1 -1 1056.8734130859375 186.2742462158203 1155.552490234375 221.51551818847656 -1 -1 -1 -1 -1 -1 -1 -1 1 
154 2 Car -1.000000 -1 -1 1019.0162353515625 186.14537048339844 1062.3519287109375 218.4001007080078 -1 -1 -1 -1 -1 -1 -1 -1 1 
155 4 Car -1.000000 -1 -1 1056.700439453125 186.35997009277344 1155.1390380859375 221.73536682128906 -1 -1 -1 -1 -1 -1 -1 -1 1 
156 4 Car -1.000000 -1 -1 1054.9578857421875 186.28720092773438 1155.2603759765625 221.9518585205078 -1 -1 -1 -1 -1 -1 -1 -1 1 
157 4 Car -1.000000 -1 -1 1057.48828125 186.62747192382812 1155.338134765625 222.0450439453125 -1 -1 -1 -1 -1 -1 -1 -1 1 
158 4 Car -1.000000 -1 -1 1069.6705322265625 187.3995361328125 1155.0169677734375 221.07891845703125 -1 -1 -1 -1 -1 -1 -1 -1 1 
159 4 Car -1.000000 -1 -1 1100.3056640625 188.59010314941406 1154.434814453125 221.2696075439453 -1 -1 -1 -1 -1 -1 -1 -1 1 
180 4 Car -1.000000 -1 -1 1080.110107421875 186.91213989257812 1155.9683837890625 224.07125854492188 -1 -1 -1 -1 -1 -1 -1 -1 1 
189 4 Car -1.000000 -1 -1 1054.3348388671875 185.1495361328125 1154.4697265625 220.43106079101562 -1 -1 -1 -1 -1 -1 -1 -1 1 
189 2 Car -1.000000 -1 -1 963.191162109375 185.41250610351562 1063.748046875 219.60520935058594 -1 -1 -1 -1 -1 -1 -1 -1 1 
190 4 Car -1.000000 -1 -1 1054.8995361328125 185.88720703125 1155.0587158203125 220.72610473632812 -1 -1 -1 -1 -1 -1 -1 -1 1 
190 2 Car -1.000000 -1 -1 963.3372192382812 185.1759490966797 1062.9200439453125 219.6460418701172 -1 -1 -1 -1 -1 -1 -1 -1 1 
191 5 Car -1.000000 -1 -1 596.36376953125 172.93777465820312 636.5420532226562 206.20101928710938 -1 -1 -1 -1 -1 -1 -1 -1 1 
191 4 Car -1.000000 -1 -1 1055.7684326171875 186.08782958984375 1132.5780029296875 220.9121551513672 -1 -1 -1 -1 -1 -1 -1 -1 1 
191 2 Car -1.000000 -1 -1 963.3523559570312 185.14886474609375 1063.3477783203125 219.79891967773438 -1 -1 -1 -1 -1 -1 -1 -1 1 
192 5 Car -1.000000 -1 -1 596.6367797851562 172.9771728515625 636.5299682617188 205.98289489746094 -1 -1 -1 -1 -1 -1 -1 -1 1 
192 4 Car -1.000000 -1 -1 1056.3984375 186.3664093017578 1144.4337158203125 221.0316619873047 -1 -1 -1 -1 -1 -1 -1 -1 1 
192 2 Car -1.000000 -1 -1 963.3499145507812 185.04782104492188 1063.1478271484375 219.78231811523438 -1 -1 -1 -1 -1 -1 -1 -1 1 
193 5 Car -1.000000 -1 -1 596.3751220703125 172.88754272460938 636.5148315429688 205.95388793945312 -1 -1 -1 -1 -1 -1 -1 -1 1 
193 4 Car -1.000000 -1 -1 1056.846435546875 186.31295776367188 1154.015380859375 221.31459045410156 -1 -1 -1 -1 -1 -1 -1 -1 1 
193 2 Car -1.000000 -1 -1 963.2999267578125 184.91000366210938 1063.3343505859375 219.8262481689453 -1 -1 -1 -1 -1 -1 -1 -1 1 
194 5 Car -1.000000 -1 -1 596.5763549804688 172.88059997558594 636.5314331054688 205.96041870117188 -1 -1 -1 -1 -1 -1 -1 -1 1 
194 4 Car -1.000000 -1 -1 1056.5849609375 186.28713989257812 1154.3743896484375 221.239501953125 -1 -1 -1 -1 -1 -1 -1 -1 1 
194 2 Car -1.000000 -1 -1 963.4222412109375 184.9956817626953 1063.3697509765625 219.8190155029297 -1 -1 -1 -1 -1 -1 -1 -1 1 
195 5 Car -1.000000 -1 -1 596.6670532226562 172.90444946289062 636.5113525390625 205.9828643798828 -1 -1 -1 -1 -1 -1 -1 -1 1 
195 4 Car -1.000000 -1 -1 1056.8421630859375 186.20086669921875 1154.737060546875 221.4455108642578 -1 -1 -1 -1 -1 -1 -1 -1 1 
195 2 Car -1.000000 -1 -1 963.3251953125 185.2410430908203 1063.2052001953125 219.90660095214844 -1 -1 -1 -1 -1 -1 -1 -1 1 
196 5 Car -1.000000 -1 -1 596.77490234375 172.9630889892578 636.578369140625 205.9609832763672 -1 -1 -1 -1 -1 -1 -1 -1 1 
196 4 Car -1.000000 -1 -1 1056.7960205078125 186.3113555908203 1155.065185546875 221.71250915527344 -1 -1 -1 -1 -1 -1 -1 -1 1 
196 2 Car -1.000000 -1 -1 963.3565673828125 185.2530059814453 1063.10546875 219.82838439941406 -1 -1 -1 -1 -1 -1 -1 -1 1 
197 5 Car -1.000000 -1 -1 596.625 172.99681091308594 636.537841796875 205.9846649169922 -1 -1 -1 -1 -1 -1 -1 -1 1 
197 4 Car -1.000000 -1 -1 1056.5408935546875 186.32864379882812 1155.0904541015625 221.7705078125 -1 -1 -1 -1 -1 -1 -1 -1 1 
197 2 Car -1.000000 -1 -1 963.3944702148438 185.21170043945312 1063.1314697265625 219.85655212402344 -1 -1 -1 -1 -1 -1 -1 -1 1 
198 5 Car -1.000000 -1 -1 596.8326416015625 173.05455017089844 636.4898071289062 205.9842071533203 -1 -1 -1 -1 -1 -1 -1 -1 1 
198 4 Car -1.000000 -1 -1 1056.619140625 186.35423278808594 1155.24365234375 221.99436950683594 -1 -1 -1 -1 -1 -1 -1 -1 1 
198 2 Car -1.000000 -1 -1 963.41552734375 185.12271118164062 1063.2213134765625 219.85568237304688 -1 -1 -1 -1 -1 -1 -1 -1 1 
199 5 Car -1.000000 -1 -1 596.6961669921875 173.0669708251953 636.4798583984375 206.0771942138672 -1 -1 -1 -1 -1 -1 -1 -1 1 
199 4 Car -1.000000 -1 -1 1057.1539306640625 186.41445922851562 1155.373779296875 222.18170166015625 -1 -1 -1 -1 -1 -1 -1 -1 1 
199 2 Car -1.000000 -1 -1 963.4279174804688 185.0445098876953 1063.262451171875 219.88369750976562 -1 -1 -1 -1 -1 -1 -1 -1 1 
200 5 Car -1.000000 -1 -1 596.5496215820312 173.0455780029297 636.475830078125 206.08132934570312 -1 -1 -1 -1 -1 -1 -1 -1 1 
200 4 Car -1.000000 -1 -1 1056.697021484375 186.40036010742188 1155.343994140625 222.25108337402344 -1 -1 -1 -1 -1 -1 -1 -1 1 
200 2 Car -1.000000 -1 -1 963.3504638671875 185.1590118408203 1063.367431640625 219.928466796875 -1 -1 -1 -1 -1 -1 -1 -1 1 
201 5 Car -1.000000 -1 -1 596.2403564453125 173.15538024902344 636.4635620117188 206.15045166015625 -1 -1 -1 -1 -1 -1 -1 -1 1 
201 4 Car -1.000000 -1 -1 1056.8026123046875 186.39756774902344 1155.396240234375 222.2405548095703 -1 -1 -1 -1 -1 -1 -1 -1 1 
201 2 Car -1.000000 -1 -1 963.3570556640625 185.11920166015625 1063.34619140625 219.91702270507812 -1 -1 -1 -1 -1 -1 -1 -1 1 
202 5 Car -1.000000 -1 -1 596.1265869140625 173.00538635253906 636.460205078125 206.033447265625 -1 -1 -1 -1 -1 -1 -1 -1 1 
202 4 Car -1.000000 -1 -1 1056.7542724609375 186.3953094482422 1155.33349609375 222.18685913085938 -1 -1 -1 -1 -1 -1 -1 -1 1 
202 2 Car -1.000000 -1 -1 963.0067749023438 185.1199188232422 1063.09423828125 220.0362091064453 -1 -1 -1 -1 -1 -1 -1 -1 1 
203 5 Car -1.000000 -1 -1 595.5581665039062 172.872802734375 636.4390258789062 206.0462646484375 -1 -1 -1 -1 -1 -1 -1 -1 1 
203 4 Car -1.000000 -1 -1 1056.784912109375 186.3826446533203 1155.394287109375 222.25466918945312 -1 -1 -1 -1 -1 -1 -1 -1 1 
203 2 Car -1.000000 -1 -1 962.9700927734375 185.0644989013672 1063.1864013671875 220.05914306640625 -1 -1 -1 -1 -1 -1 -1 -1 1 
204 5 Car -1.000000 -1 -1 595.8115234375 172.90989685058594 636.4646606445312 206.04876708984375 -1 -1 -1 -1 -1 -1 -1 -1 1 
204 4 Car -1.000000 -1 -1 1056.64453125 186.39797973632812 1155.3857421875 222.28054809570312 -1 -1 -1 -1 -1 -1 -1 -1 1 
204 2 Car -1.000000 -1 -1 963.0264892578125 185.0843505859375 1063.159423828125 220.07272338867188 -1 -1 -1 -1 -1 -1 -1 -1 1 
205 5 Car -1.000000 -1 -1 595.161376953125 172.794677734375 636.4776000976562 206.1605682373047 -1 -1 -1 -1 -1 -1 -1 -1 1 
205 4 Car -1.000000 -1 -1 1056.7496337890625 186.3893585205078 1155.379150390625 222.3102569580078 -1 -1 -1 -1 -1 -1 -1 -1 1 
205 2 Car -1.000000 -1 -1 963.0526123046875 185.10009765625 1063.1392822265625 220.06048583984375 -1 -1 -1 -1 -1 -1 -1 -1 1 
206 5 Car -1.000000 -1 -1 594.7577514648438 172.81716918945312 636.50390625 206.1870880126953 -1 -1 -1 -1 -1 -1 -1 -1 1 
206 4 Car -1.000000 -1 -1 1056.73681640625 186.4298553466797 1155.068115234375 222.31674194335938 -1 -1 -1 -1 -1 -1 -1 -1 1 
206 2 Car -1.000000 -1 -1 963.144287109375 185.22482299804688 1063.055419921875 220.06951904296875 -1 -1 -1 -1 -1 -1 -1 -1 1 
207 5 Car -1.000000 -1 -1 594.8905639648438 172.7853546142578 636.5291748046875 206.13888549804688 -1 -1 -1 -1 -1 -1 -1 -1 1 
207 4 Car -1.000000 -1 -1 1056.8138427734375 186.36044311523438 1154.2965087890625 222.40896606445312 -1 -1 -1 -1 -1 -1 -1 -1 1 
207 2 Car -1.000000 -1 -1 963.4537963867188 185.1868438720703 1063.3096923828125 220.0198516845703 -1 -1 -1 -1 -1 -1 -1 -1 1 
208 5 Car -1.000000 -1 -1 595.0180053710938 172.8866424560547 636.5181274414062 206.10386657714844 -1 -1 -1 -1 -1 -1 -1 -1 1 
208 4 Car -1.000000 -1 -1 1056.0166015625 186.2564697265625 1154.763427734375 223.208740234375 -1 -1 -1 -1 -1 -1 -1 -1 1 
208 2 Car -1.000000 -1 -1 963.3104858398438 185.1085205078125 1063.3397216796875 220.00164794921875 -1 -1 -1 -1 -1 -1 -1 -1 1 
