2 1 Car -1.000000 -1 -1 286.1785643982907 158.73519974901018 443.41016652926726 270.668623611915 -1 -1 -1 -1 -1 -1 -1 -1 1 
3 1 Car -1.000000 -1 -1 285.32840745512027 151.3876145574894 443.1884335663055 263.8303968967142 -1 -1 -1 -1 -1 -1 -1 -1 1 
4 1 Car -1.000000 -1 -1 285.5299902775619 149.8388955292159 443.4134521327294 262.2915270225399 -1 -1 -1 -1 -1 -1 -1 -1 1 
5 1 Car -1.000000 -1 -1 288.8715227487924 146.98391675161716 439.3089884254426 252.63215840224177 -1 -1 -1 -1 -1 -1 -1 -1 1 
6 1 Car -1.000000 -1 -1 293.7824071168093 149.45952799323788 439.15477090193764 249.1196990427115 -1 -1 -1 -1 -1 -1 -1 -1 1 
7 1 Car -1.000000 -1 -1 285.8389860551895 157.37214367061836 436.8713637582379 260.5660793847684 -1 -1 -1 -1 -1 -1 -1 -1 1 
8 1 Car -1.000000 -1 -1 281.7069163398449 159.30658736699914 432.7542600957259 262.80009448575674 -1 -1 -1 -1 -1 -1 -1 -1 1 
9 1 Car -1.000000 -1 -1 279.1596467755922 157.3879027264093 427.4486412110964 261.6569947696917 -1 -1 -1 -1 -1 -1 -1 -1 1 
10 1 Car -1.000000 -1 -1 279.8110239522902 163.9848255416355 428.05252140999346 269.4756515372115 -1 -1 -1 -1 -1 -1 -1 -1 1 
11 1 Car -1.000000 -1 -1 281.1019637799629 166.23215013913278 426.48376061257096 268.721227414715 -1 -1 -1 -1 -1 -1 -1 -1 1 
12 1 Car -1.000000 -1 -1 276.1789163030652 147.63507485223505 423.62234525630333 252.2959929630744 -1 -1 -1 -1 -1 -1 -1 -1 1 
13 1 Car -1.000000 -1 -1 272.9399695555718 146.53897568106248 425.1150837341938 253.09655596742277 -1 -1 -1 -1 -1 -1 -1 -1 1 
14 1 Car -1.000000 -1 -1 274.73781168932305 147.20323294923526 421.8915452237388 251.0585132492259 -1 -1 -1 -1 -1 -1 -1 -1 1 
15 1 Car -1.000000 -1 -1 275.54434342078594 145.7111408563843 426.109992512663 252.24353460096458 -1 -1 -1 -1 -1 -1 -1 -1 1 
16 1 Car -1.000000 -1 -1 277.4970972714905 149.03361909009826 423.3594341145311 250.69802360489678 -1 -1 -1 -1 -1 -1 -1 -1 1 
17 1 Car -1.000000 -1 -1 276.09945092474635 146.96095733925702 423.20665846597024 251.16186465442107 -1 -1 -1 -1 -1 -1 -1 -1 1 
18 1 Car -1.000000 -1 -1 281.4655677382051 163.22998742896823 421.31889028785525 262.71828772307737 -1 -1 -1 -1 -1 -1 -1 -1 1 
19 1 Car -1.000000 -1 -1 285.05594768613037 164.93592391237934 423.04093421917446 263.1424686666138 -1 -1 -1 -1 -1 -1 -1 -1 1 
20 1 Car -1.000000 -1 -1 288.25197618523066 177.6959544851771 420.9354572660326 273.6025372624728 -1 -1 -1 -1 -1 -1 -1 -1 1 
20 4 Car -1.000000 -1 -1 508.26213339480506 182.042917274928 556.204216391541 218.81853706878982 -1 -1 -1 -1 -1 -1 -1 -1 1 
21 1 Car -1.000000 -1 -1 292.3705486307417 179.4748728495677 418.49026091176586 270.96739721743074 -1 -1 -1 -1 -1 -1 -1 -1 1 
21 4 Car -1.000000 -1 -1 514.8321651653674 183.27780223491732 559.8591867736836 217.17310977913795 -1 -1 -1 -1 -1 -1 -1 -1 1 
22 1 Car -1.000000 -1 -1 293.25839096800615 182.00469216108888 417.3099084558999 271.9969104661999 -1 -1 -1 -1 -1 -1 -1 -1 1 
22 4 Car -1.000000 -1 -1 515.7215324812556 180.29586395494306 563.3705487258317 217.5682200477831 -1 -1 -1 -1 -1 -1 -1 -1 1 
23 4 Car -1.000000 -1 -1 524.9698734468468 175.07612188936142 580.5179727530899 217.1606302181428 -1 -1 -1 -1 -1 -1 -1 -1 1 
24 1 Car -1.000000 -1 -1 297.3274798906923 172.75075789831607 421.16611301935114 264.99302711195344 -1 -1 -1 -1 -1 -1 -1 -1 1 
24 4 Car -1.000000 -1 -1 530.5621682535325 174.74951068164387 591.116357746663 218.52318842070932 -1 -1 -1 -1 -1 -1 -1 -1 1 
25 1 Car -1.000000 -1 -1 301.412572192451 174.61142312566543 414.72099278969597 261.94424233040115 -1 -1 -1 -1 -1 -1 -1 -1 1 
25 4 Car -1.000000 -1 -1 538.3769782703743 174.75745540466943 597.8470129189989 215.92697092211102 -1 -1 -1 -1 -1 -1 -1 -1 1 
26 1 Car -1.000000 -1 -1 307.1634448670752 153.33517259134885 427.61789940200924 248.94564206788777 -1 -1 -1 -1 -1 -1 -1 -1 1 
26 4 Car -1.000000 -1 -1 554.0543424628271 169.9474385249293 609.3454486394079 210.02846102820513 -1 -1 -1 -1 -1 -1 -1 -1 1 
27 1 Car -1.000000 -1 -1 316.01265887007725 156.9680458370322 428.1152985481805 249.6552711889108 -1 -1 -1 -1 -1 -1 -1 -1 1 
27 4 Car -1.000000 -1 -1 556.2123294508524 162.51427187272049 618.3284492315244 204.10391412185874 -1 -1 -1 -1 -1 -1 -1 -1 1 
28 1 Car -1.000000 -1 -1 321.5889336475935 154.61613984219736 426.2251956012727 244.95405454197154 -1 -1 -1 -1 -1 -1 -1 -1 1 
28 4 Car -1.000000 -1 -1 559.7829355073641 160.87718248863925 625.7817170870151 203.02044029498168 -1 -1 -1 -1 -1 -1 -1 -1 1 
29 1 Car -1.000000 -1 -1 330.82384301568595 156.87188727942296 423.0216489978647 242.20257685837103 -1 -1 -1 -1 -1 -1 -1 -1 1 
29 4 Car -1.000000 -1 -1 566.6359309860707 161.09924514776478 637.4901649333177 206.1212473083681 -1 -1 -1 -1 -1 -1 -1 -1 1 
30 1 Car -1.000000 -1 -1 334.8344131158867 159.16927112078776 421.8064797299062 238.3365217960638 -1 -1 -1 -1 -1 -1 -1 -1 1 
30 4 Car -1.000000 -1 -1 577.0395573911715 162.25845311217182 647.8418362214228 206.60414627278237 -1 -1 -1 -1 -1 -1 -1 -1 1 
31 1 Car -1.000000 -1 -1 332.4296447810794 162.1116084485865 427.58224874806916 248.22687388089102 -1 -1 -1 -1 -1 -1 -1 -1 1 
31 4 Car -1.000000 -1 -1 584.4460401444597 160.7013259326712 656.419411310616 205.7804633288373 -1 -1 -1 -1 -1 -1 -1 -1 1 
32 1 Car -1.000000 -1 -1 347.91348769713966 158.44228789610963 441.0035119412048 242.04443390213123 -1 -1 -1 -1 -1 -1 -1 -1 1 
33 1 Car -1.000000 -1 -1 356.8309472674851 161.46937355125812 445.05561123248094 236.8171466381824 -1 -1 -1 -1 -1 -1 -1 -1 1 
34 1 Car -1.000000 -1 -1 354.00663144887415 152.60857067765235 461.85156454028186 244.88296738949322 -1 -1 -1 -1 -1 -1 -1 -1 1 
35 1 Car -1.000000 -1 -1 371.08704721841525 159.9657378413558 469.88907936247114 247.22756660816424 -1 -1 -1 -1 -1 -1 -1 -1 1 
37 1 Car -1.000000 -1 -1 392.5146640268635 156.6654432543893 486.2718111232306 238.19406483919923 -1 -1 -1 -1 -1 -1 -1 -1 1 
38 1 Car -1.000000 -1 -1 397.7684033878833 158.49047522440873 502.90998988790597 236.5265013764856 -1 -1 -1 -1 -1 -1 -1 -1 1 
39 1 Car -1.000000 -1 -1 414.46890418010344 159.06041409788196 520.7123295934182 247.2975025275426 -1 -1 -1 -1 -1 -1 -1 -1 1 
40 1 Car -1.000000 -1 -1 425.1266018441178 161.2612080613598 524.8166427976977 245.9752146810849 -1 -1 -1 -1 -1 -1 -1 -1 1 
41 1 Car -1.000000 -1 -1 448.85382006073945 160.55187842943207 542.3355629847074 238.8733467076102 -1 -1 -1 -1 -1 -1 -1 -1 1 
42 1 Car -1.000000 -1 -1 464.33533950987396 159.08264618233574 560.1249497716677 240.8710095623479 -1 -1 -1 -1 -1 -1 -1 -1 1 
43 1 Car -1.000000 -1 -1 475.0160896508685 158.77803222403222 570.9020512563673 240.64904969599758 -1 -1 -1 -1 -1 -1 -1 -1 1 
46 9 Car -1.000000 -1 -1 531.99860057267 167.24633950822832 637.5170410856223 243.84050449985446 -1 -1 -1 -1 -1 -1 -1 -1 1 
47 9 Car -1.000000 -1 -1 548.9613240967024 160.724547195374 656.0327742567968 240.12734859646912 -1 -1 -1 -1 -1 -1 -1 -1 1 
47 10 Car -1.000000 -1 -1 783.2306206157995 163.2005019404824 884.6855866964318 220.52940065266168 -1 -1 -1 -1 -1 -1 -1 -1 1 
48 9 Car -1.000000 -1 -1 566.8899077666405 152.39412070361416 713.5849090941841 246.07731259954073 -1 -1 -1 -1 -1 -1 -1 -1 1 
48 10 Car -1.000000 -1 -1 783.9658248185553 163.23797129768968 884.3693701920988 219.97274669506245 -1 -1 -1 -1 -1 -1 -1 -1 1 
49 9 Car -1.000000 -1 -1 586.0306361975918 153.31828468729537 723.599205424396 240.39964439612666 -1 -1 -1 -1 -1 -1 -1 -1 1 
50 9 Car -1.000000 -1 -1 628.9725605183155 161.11081551772526 737.3148111375431 228.522004522792 -1 -1 -1 -1 -1 -1 -1 -1 1 
51 9 Car -1.000000 -1 -1 651.112583959895 160.38038007246683 756.6608104898655 226.05308510698947 -1 -1 -1 -1 -1 -1 -1 -1 1 
51 11 Car -1.000000 -1 -1 863.2313841284082 160.0690689848792 979.6885802972231 224.29605528147292 -1 -1 -1 -1 -1 -1 -1 -1 1 
52 11 Car -1.000000 -1 -1 877.3358372539619 159.6071543025017 994.8812873410906 225.9813171655768 -1 -1 -1 -1 -1 -1 -1 -1 1 
53 11 Car -1.000000 -1 -1 910.2488624050766 159.03121851694482 1027.790227479458 227.31359512371475 -1 -1 -1 -1 -1 -1 -1 -1 1 
54 11 Car -1.000000 -1 -1 925.966871405011 159.1117885066576 1044.5039810042122 231.86347233843384 -1 -1 -1 -1 -1 -1 -1 -1 1 
54 13 Car -1.000000 -1 -1 675.8030477842118 150.7938148224867 829.243672139396 240.88027904451997 -1 -1 -1 -1 -1 -1 -1 -1 1 
55 11 Car -1.000000 -1 -1 954.4662211742923 154.0644744276055 1097.4596865178198 235.4784780249584 -1 -1 -1 -1 -1 -1 -1 -1 1 
55 13 Car -1.000000 -1 -1 727.7381218427398 156.66492790008937 848.2575622526304 236.56734048546988 -1 -1 -1 -1 -1 -1 -1 -1 1 
56 11 Car -1.000000 -1 -1 972.9949900456833 153.3745741297332 1119.0349078755817 238.16961306729507 -1 -1 -1 -1 -1 -1 -1 -1 1 
56 13 Car -1.000000 -1 -1 737.9889828833647 149.0631040017819 876.2230337612496 240.8308736125482 -1 -1 -1 -1 -1 -1 -1 -1 1 
57 11 Car -1.000000 -1 -1 1002.6085842198463 152.70615439126396 1154.3260025733757 238.3685062268879 -1 -1 -1 -1 -1 -1 -1 -1 1 
57 13 Car -1.000000 -1 -1 764.4569233614079 148.91404591488416 901.6034819634427 239.45237017549624 -1 -1 -1 -1 -1 -1 -1 -1 1 
58 11 Car -1.000000 -1 -1 1013.4764010082315 151.2026402081313 1164.0610703748723 240.2796690496548 -1 -1 -1 -1 -1 -1 -1 -1 1 
58 13 Car -1.000000 -1 -1 796.1890101446023 152.43635418160787 930.4205420893801 237.46346977682964 -1 -1 -1 -1 -1 -1 -1 -1 1 
59 11 Car -1.000000 -1 -1 1032.4481650965072 150.1430179919843 1188.1007475802 242.2179514951417 -1 -1 -1 -1 -1 -1 -1 -1 1 
59 13 Car -1.000000 -1 -1 811.3805775072195 151.63017470285268 956.0438535548013 237.10497991080754 -1 -1 -1 -1 -1 -1 -1 -1 1 
60 13 Car -1.000000 -1 -1 842.0660247045694 154.01658115991123 987.7636008494518 237.41527950964127 -1 -1 -1 -1 -1 -1 -1 -1 1 
61 13 Car -1.000000 -1 -1 859.5074937999998 152.49419527950428 1011.6404009122158 238.2747629823846 -1 -1 -1 -1 -1 -1 -1 -1 1 
62 11 Car -1.000000 -1 -1 1080.2326159049935 152.58683048994067 1227.0280228559864 241.62066147407472 -1 -1 -1 -1 -1 -1 -1 -1 1 
62 13 Car -1.000000 -1 -1 885.9830052051111 153.60968398045884 1036.8954967332852 236.60110736983867 -1 -1 -1 -1 -1 -1 -1 -1 1 
63 11 Car -1.000000 -1 -1 1093.9951027106797 155.09509419671554 1235.6847901816773 251.4007901975467 -1 -1 -1 -1 -1 -1 -1 -1 1 
63 13 Car -1.000000 -1 -1 905.1598403873201 152.2425653078579 1067.1331337308127 239.4407862671898 -1 -1 -1 -1 -1 -1 -1 -1 1 
64 11 Car -1.000000 -1 -1 1108.2147025832567 152.6708960646448 1238.0327344218801 255.34398152922688 -1 -1 -1 -1 -1 -1 -1 -1 1 
64 13 Car -1.000000 -1 -1 923.3634338765601 150.951418673713 1096.8713685456405 241.87051916586796 -1 -1 -1 -1 -1 -1 -1 -1 1 
65 11 Car -1.000000 -1 -1 1121.5111535535443 153.16026483229408 1233.359810775655 256.35755841159767 -1 -1 -1 -1 -1 -1 -1 -1 1 
65 13 Car -1.000000 -1 -1 940.8280604870212 151.13589782314574 1115.8449338562205 243.64106557808952 -1 -1 -1 -1 -1 -1 -1 -1 1 
66 11 Car -1.000000 -1 -1 1134.5485102963544 150.8877452304044 1240.402923648819 259.6753395699814 -1 -1 -1 -1 -1 -1 -1 -1 1 
66 13 Car -1.000000 -1 -1 970.384173441208 154.09535170950417 1140.4610609749489 241.64496220088336 -1 -1 -1 -1 -1 -1 -1 -1 1 
67 11 Car -1.000000 -1 -1 1146.9671615640136 153.29016003473424 1249.6560717353887 264.64241852835664 -1 -1 -1 -1 -1 -1 -1 -1 1 
67 13 Car -1.000000 -1 -1 983.3285250914763 153.27647812627754 1162.6838838974236 244.92598519853462 -1 -1 -1 -1 -1 -1 -1 -1 1 
68 11 Car -1.000000 -1 -1 1154.1634045181956 157.23847241509577 1248.3344503633261 261.11052765079415 -1 -1 -1 -1 -1 -1 -1 -1 1 
68 13 Car -1.000000 -1 -1 1003.0277910683229 160.88286283407245 1170.9317478747303 245.04400542216334 -1 -1 -1 -1 -1 -1 -1 -1 1 
69 11 Car -1.000000 -1 -1 1162.8333855018793 158.03714818126357 1249.9483245106187 261.3899912964869 -1 -1 -1 -1 -1 -1 -1 -1 1 
69 13 Car -1.000000 -1 -1 1017.7066704503253 160.04606709307802 1190.884432819417 247.12087163169184 -1 -1 -1 -1 -1 -1 -1 -1 1 
70 11 Car -1.000000 -1 -1 1175.164528888836 158.25034384346893 1263.7259010264163 263.3209139393514 -1 -1 -1 -1 -1 -1 -1 -1 1 
70 13 Car -1.000000 -1 -1 1023.0192184921556 158.78205373151033 1200.6498040310503 250.6998602256389 -1 -1 -1 -1 -1 -1 -1 -1 1 
71 13 Car -1.000000 -1 -1 1041.9691108866743 154.48638208257594 1205.4880223460275 242.2980835499374 -1 -1 -1 -1 -1 -1 -1 -1 1 
72 13 Car -1.000000 -1 -1 1058.8798206297813 153.53702244614803 1220.680736812122 242.43887552272338 -1 -1 -1 -1 -1 -1 -1 -1 1 
74 13 Car -1.000000 -1 -1 1073.2716279835781 148.9677526246303 1242.0481158202592 245.71722858106574 -1 -1 -1 -1 -1 -1 -1 -1 1 
75 13 Car -1.000000 -1 -1 1079.3326369861566 152.75520781953628 1256.0465932304874 259.70838947288485 -1 -1 -1 -1 -1 -1 -1 -1 1 
76 13 Car -1.000000 -1 -1 1086.698673215155 156.60101573991815 1247.9601515398738 259.26397666664263 -1 -1 -1 -1 -1 -1 -1 -1 1 
78 13 Car -1.000000 -1 -1 1090.6636127608658 157.05432242000956 1272.6715686352995 291.05335444065906 -1 -1 -1 -1 -1 -1 -1 -1 1 
79 13 Car -1.000000 -1 -1 1093.6186649933272 153.56634225506008 1277.1233855118537 299.11907325568563 -1 -1 -1 -1 -1 -1 -1 -1 1 
80 13 Car -1.000000 -1 -1 1105.7795999537882 153.73893125465446 1265.4732096636812 299.0047324413443 -1 -1 -1 -1 -1 -1 -1 -1 1 
81 13 Car -1.000000 -1 -1 1104.0993451079878 153.37352798989838 1251.325676945742 297.1417050982146 -1 -1 -1 -1 -1 -1 -1 -1 1 
82 13 Car -1.000000 -1 -1 1104.2419530798777 157.8810977577541 1241.948807530378 292.98905818201706 -1 -1 -1 -1 -1 -1 -1 -1 1 
83 13 Car -1.000000 -1 -1 1097.7724469663767 157.81778065278763 1239.4843151071418 293.23753185800683 -1 -1 -1 -1 -1 -1 -1 -1 1 
84 13 Car -1.000000 -1 -1 1083.9973665297714 154.49668755342842 1236.7437765406964 297.76090981309244 -1 -1 -1 -1 -1 -1 -1 -1 1 
85 13 Car -1.000000 -1 -1 1081.5645696662873 150.84810453173637 1241.0213481391165 300.4974226265449 -1 -1 -1 -1 -1 -1 -1 -1 1 
86 13 Car -1.000000 -1 -1 1076.7434045820498 147.6087596755951 1243.3655168091984 303.6113255027916 -1 -1 -1 -1 -1 -1 -1 -1 1 
87 13 Car -1.000000 -1 -1 1060.175360806873 148.24055548820021 1248.1895307274208 326.33867021119715 -1 -1 -1 -1 -1 -1 -1 -1 1 
87 19 Car -1.000000 -1 -1 1006.7988749283429 181.99957543250258 1058.2339151362971 217.03699894033213 -1 -1 -1 -1 -1 -1 -1 -1 1 
88 13 Car -1.000000 -1 -1 1057.5369997829462 148.7649750950803 1245.2595125288667 326.28737671127953 -1 -1 -1 -1 -1 -1 -1 -1 1 
88 19 Car -1.000000 -1 -1 985.0084043115253 184.07963185892757 1037.3798857931522 216.1277378912814 -1 -1 -1 -1 -1 -1 -1 -1 1 
89 13 Car -1.000000 -1 -1 1046.6034718676412 149.97530842605124 1238.7200886914948 322.5365802153667 -1 -1 -1 -1 -1 -1 -1 -1 1 
89 19 Car -1.000000 -1 -1 964.4080028495764 182.24533119512657 1023.4803952911693 216.73343240543852 -1 -1 -1 -1 -1 -1 -1 -1 1 
90 13 Car -1.000000 -1 -1 1037.4291239450076 145.51112875557018 1244.8195394545828 330.50447408719674 -1 -1 -1 -1 -1 -1 -1 -1 1 
90 19 Car -1.000000 -1 -1 946.7400309671068 181.66151363249062 1001.3812573332174 215.78941356901458 -1 -1 -1 -1 -1 -1 -1 -1 1 
91 13 Car -1.000000 -1 -1 1045.5165047596024 145.65573397640094 1228.7420554308055 304.3320127054391 -1 -1 -1 -1 -1 -1 -1 -1 1 
91 19 Car -1.000000 -1 -1 936.3023384801048 182.25276343962125 984.4977683803322 214.0817298339294 -1 -1 -1 -1 -1 -1 -1 -1 1 
92 13 Car -1.000000 -1 -1 1006.9525955389879 136.11246321938188 1248.6866920698772 366.4566047577066 -1 -1 -1 -1 -1 -1 -1 -1 1 
92 19 Car -1.000000 -1 -1 919.3450424761736 182.53393419350033 964.724294697485 213.91182353440496 -1 -1 -1 -1 -1 -1 -1 -1 1 
93 13 Car -1.000000 -1 -1 1010.8718139907631 133.5524410019213 1242.7161462263027 372.38872205971813 -1 -1 -1 -1 -1 -1 -1 -1 1 
93 19 Car -1.000000 -1 -1 904.0625980643229 182.54329761346222 948.7860368872351 213.46773857009205 -1 -1 -1 -1 -1 -1 -1 -1 1 
93 22 Car -1.000000 -1 -1 987.1804113743761 171.7092344484921 1047.674342721161 228.03247765326304 -1 -1 -1 -1 -1 -1 -1 -1 1 
94 13 Car -1.000000 -1 -1 1006.3649026991073 135.89519045530665 1245.6759097195418 371.9888158176989 -1 -1 -1 -1 -1 -1 -1 -1 1 
94 22 Car -1.000000 -1 -1 959.0111666531315 171.2013555630998 1022.5931228324272 225.63119991903554 -1 -1 -1 -1 -1 -1 -1 -1 1 
95 13 Car -1.000000 -1 -1 995.7984709246907 135.60724182457255 1245.280085113754 372.062939481782 -1 -1 -1 -1 -1 -1 -1 -1 1 
95 22 Car -1.000000 -1 -1 952.2238548009675 175.57802041294678 1020.7940519635863 224.77007748107567 -1 -1 -1 -1 -1 -1 -1 -1 1 
96 13 Car -1.000000 -1 -1 996.5828673278832 140.68260855505588 1243.708647607583 369.672867050552 -1 -1 -1 -1 -1 -1 -1 -1 1 
96 22 Car -1.000000 -1 -1 941.0054388766116 176.00872562148362 1002.6094014454184 224.65239786130903 -1 -1 -1 -1 -1 -1 -1 -1 1 
97 13 Car -1.000000 -1 -1 997.6362399475515 141.69552738834017 1242.0842986451871 369.52708356178596 -1 -1 -1 -1 -1 -1 -1 -1 1 
97 22 Car -1.000000 -1 -1 917.6625460570197 177.0556659400711 984.6879434815627 224.69750120353086 -1 -1 -1 -1 -1 -1 -1 -1 1 
97 23 Car -1.000000 -1 -1 827.3406410318509 182.3104076970793 868.3420417492349 216.93435041635271 -1 -1 -1 -1 -1 -1 -1 -1 1 
97 24 Car -1.000000 -1 -1 19.534335494589882 184.67554120618368 98.50886137118341 206.7270778343094 -1 -1 -1 -1 -1 -1 -1 -1 1 
98 13 Car -1.000000 -1 -1 997.7638143169205 151.63132272141058 1247.5745488340456 375.5081348388809 -1 -1 -1 -1 -1 -1 -1 -1 1 
98 22 Car -1.000000 -1 -1 898.8915408306136 179.59836842154604 967.9784073623827 228.36014270899105 -1 -1 -1 -1 -1 -1 -1 -1 1 
98 23 Car -1.000000 -1 -1 807.8610051811079 182.798301554741 850.3720584735161 216.92623941277506 -1 -1 -1 -1 -1 -1 -1 -1 1 
98 24 Car -1.000000 -1 -1 -10.22676052946565 180.96948272070952 72.40825497850176 205.34149927964387 -1 -1 -1 -1 -1 -1 -1 -1 1 
99 13 Car -1.000000 -1 -1 994.4905242704202 153.25533660604145 1251.4869982443279 372.71416288327134 -1 -1 -1 -1 -1 -1 -1 -1 1 
99 22 Car -1.000000 -1 -1 886.9555168483162 177.87897563771804 951.8358720609323 222.75552873459233 -1 -1 -1 -1 -1 -1 -1 -1 1 
99 23 Car -1.000000 -1 -1 788.71980017797 183.11403322804193 830.1883937286121 216.1898419028271 -1 -1 -1 -1 -1 -1 -1 -1 1 
99 24 Car -1.000000 -1 -1 -34.99502248042616 179.5811567004686 49.55358042618367 204.5175604244776 -1 -1 -1 -1 -1 -1 -1 -1 1 
100 13 Car -1.000000 -1 -1 990.057913902282 150.97697051124118 1253.5248597378127 373.78157418090325 -1 -1 -1 -1 -1 -1 -1 -1 1 
100 22 Car -1.000000 -1 -1 870.1744113564473 175.32881177824032 936.6503377684452 221.13422567837688 -1 -1 -1 -1 -1 -1 -1 -1 1 
100 23 Car -1.000000 -1 -1 774.0164689978379 181.63826245384817 816.1649338743902 215.732088004081 -1 -1 -1 -1 -1 -1 -1 -1 1 
101 13 Car -1.000000 -1 -1 988.3578761872584 151.39233546891847 1256.728327954246 373.2970194777579 -1 -1 -1 -1 -1 -1 -1 -1 1 
101 22 Car -1.000000 -1 -1 855.9884185240467 175.62988466700864 920.7472057548612 220.25205426868717 -1 -1 -1 -1 -1 -1 -1 -1 1 
101 23 Car -1.000000 -1 -1 754.1836532902805 180.47789305035744 798.1947740940735 217.07010332185422 -1 -1 -1 -1 -1 -1 -1 -1 1 
101 25 Car -1.000000 -1 -1 928.0437543008927 184.2113520189173 961.1430396889896 215.70788852627157 -1 -1 -1 -1 -1 -1 -1 -1 1 
102 13 Car -1.000000 -1 -1 960.6467933778938 97.39863497545333 1259.7926854961545 351.2580424109967 -1 -1 -1 -1 -1 -1 -1 -1 1 
102 23 Car -1.000000 -1 -1 734.871692568214 179.41799266196344 780.6905346420793 218.0447978562502 -1 -1 -1 -1 -1 -1 -1 -1 1 
102 25 Car -1.000000 -1 -1 908.4073730980847 184.02663799865178 943.2930364296691 214.40226578745455 -1 -1 -1 -1 -1 -1 -1 -1 1 
103 13 Car -1.000000 -1 -1 964.5461919192396 112.83656711245342 1258.4564924247536 389.4801952632264 -1 -1 -1 -1 -1 -1 -1 -1 1 
103 23 Car -1.000000 -1 -1 722.5781231825923 179.06271263821813 765.5719791317402 215.2920258440025 -1 -1 -1 -1 -1 -1 -1 -1 1 
103 25 Car -1.000000 -1 -1 896.9955679166262 182.9889894471933 936.4484135926141 216.89326927313516 -1 -1 -1 -1 -1 -1 -1 -1 1 
104 13 Car -1.000000 -1 -1 984.4678109916051 119.16380238118848 1240.615426161147 385.0069906448145 -1 -1 -1 -1 -1 -1 -1 -1 1 
104 23 Car -1.000000 -1 -1 704.9487125708622 178.55280309415878 748.1159985816475 216.30356904418852 -1 -1 -1 -1 -1 -1 -1 -1 1 
104 25 Car -1.000000 -1 -1 878.6867339441884 183.30652531000638 919.960530375617 217.27389823074367 -1 -1 -1 -1 -1 -1 -1 -1 1 
105 13 Car -1.000000 -1 -1 975.1935839132293 89.79911578403261 1235.757418541356 358.83541572757014 -1 -1 -1 -1 -1 -1 -1 -1 1 
105 23 Car -1.000000 -1 -1 686.2577754054023 179.9587220066259 730.9296558430777 218.31873223004112 -1 -1 -1 -1 -1 -1 -1 -1 1 
105 25 Car -1.000000 -1 -1 866.7078227174538 182.53625732850105 908.9145582970382 217.3540748199781 -1 -1 -1 -1 -1 -1 -1 -1 1 
105 28 Car -1.000000 -1 -1 896.1884437721357 188.67524259390987 970.1066089849987 232.36838434946026 -1 -1 -1 -1 -1 -1 -1 -1 1 
106 13 Car -1.000000 -1 -1 982.3422486135249 114.97447511528452 1237.361118950392 377.7066073930751 -1 -1 -1 -1 -1 -1 -1 -1 1 
106 22 Car -1.000000 -1 -1 767.0480956007607 173.999183418704 832.0403483911882 220.43819829720405 -1 -1 -1 -1 -1 -1 -1 -1 1 
106 23 Car -1.000000 -1 -1 669.1135710491623 181.5363122353229 711.3349622051375 217.41078884722646 -1 -1 -1 -1 -1 -1 -1 -1 1 
106 25 Car -1.000000 -1 -1 855.2630574110276 182.18468919614696 898.4293287382877 217.79404825178338 -1 -1 -1 -1 -1 -1 -1 -1 1 
106 28 Car -1.000000 -1 -1 892.4571409760467 190.03294832070594 969.1293019081456 235.23754260808187 -1 -1 -1 -1 -1 -1 -1 -1 1 
107 13 Car -1.000000 -1 -1 982.9380825850508 117.07861347916625 1240.8579388380094 383.79051709286716 -1 -1 -1 -1 -1 -1 -1 -1 1 
107 22 Car -1.000000 -1 -1 752.8115268952362 175.3436115015797 817.3230522325005 219.65755089145276 -1 -1 -1 -1 -1 -1 -1 -1 1 
107 23 Car -1.000000 -1 -1 657.6662747009051 179.59013319574498 699.2112047601031 217.53522263579288 -1 -1 -1 -1 -1 -1 -1 -1 1 
107 28 Car -1.000000 -1 -1 886.5122389255596 189.93829531427247 977.1613780310364 239.10880764900247 -1 -1 -1 -1 -1 -1 -1 -1 1 
107 34 Car -1.000000 -1 -1 862.6201669541548 188.13070840207558 918.247139138821 226.50137408588282 -1 -1 -1 -1 -1 -1 -1 -1 1 
108 13 Car -1.000000 -1 -1 979.9597663759052 114.90711196844396 1242.8109314566059 386.7242729660977 -1 -1 -1 -1 -1 -1 -1 -1 1 
108 22 Car -1.000000 -1 -1 743.6556222305369 176.31856991063594 800.3636350258603 218.2119774057417 -1 -1 -1 -1 -1 -1 -1 -1 1 
108 23 Car -1.000000 -1 -1 637.4003758189616 181.28893944257993 681.2076837703434 218.52816775752635 -1 -1 -1 -1 -1 -1 -1 -1 1 
108 28 Car -1.000000 -1 -1 876.5566714773369 189.08242091091742 979.7498882886119 240.89332912238905 -1 -1 -1 -1 -1 -1 -1 -1 1 
108 34 Car -1.000000 -1 -1 853.1291062856969 188.00906523105832 904.6449344768002 228.23386103724422 -1 -1 -1 -1 -1 -1 -1 -1 1 
109 22 Car -1.000000 -1 -1 725.8301213040088 177.83820993941285 778.8271628522888 216.5652881219318 -1 -1 -1 -1 -1 -1 -1 -1 1 
109 23 Car -1.000000 -1 -1 620.2105496334494 180.50826946025208 664.2644793901561 218.51735008991034 -1 -1 -1 -1 -1 -1 -1 -1 1 
109 28 Car -1.000000 -1 -1 872.3428156786164 188.54687268958543 975.2906148771269 240.87607805276076 -1 -1 -1 -1 -1 -1 -1 -1 1 
109 34 Car -1.000000 -1 -1 846.3302604717734 188.63291685925464 892.2965970738268 224.98457900555402 -1 -1 -1 -1 -1 -1 -1 -1 1 
110 22 Car -1.000000 -1 -1 710.1029777183363 171.36006462694053 764.441267222574 214.71927283656896 -1 -1 -1 -1 -1 -1 -1 -1 1 
110 23 Car -1.000000 -1 -1 607.4809874675486 177.77691017743786 653.0220954892932 218.06981811283106 -1 -1 -1 -1 -1 -1 -1 -1 1 
110 28 Car -1.000000 -1 -1 869.4989397499146 186.72303325985334 958.1509269480648 241.90822553945705 -1 -1 -1 -1 -1 -1 -1 -1 1 
110 34 Car -1.000000 -1 -1 837.0496245662837 188.7521692225696 882.9009822014291 225.01291388419284 -1 -1 -1 -1 -1 -1 -1 -1 1 
110 37 Car -1.000000 -1 -1 785.8547785967485 183.5244939793898 818.5888811158873 215.27141514044683 -1 -1 -1 -1 -1 -1 -1 -1 1 
111 22 Car -1.000000 -1 -1 696.1928892669596 171.8483515475949 748.9291234935661 213.38444740667273 -1 -1 -1 -1 -1 -1 -1 -1 1 
111 23 Car -1.000000 -1 -1 587.2542204948314 180.1886224312145 635.2514362690509 219.24406485534053 -1 -1 -1 -1 -1 -1 -1 -1 1 
111 28 Car -1.000000 -1 -1 851.966361173085 187.1021809287821 946.2634598161226 240.39965607068223 -1 -1 -1 -1 -1 -1 -1 -1 1 
111 37 Car -1.000000 -1 -1 776.2283647008475 182.1613191395697 817.2311586052073 216.43885427845493 -1 -1 -1 -1 -1 -1 -1 -1 1 
111 39 Car -1.000000 -1 -1 999.4709517385736 111.27365680103557 1261.4910135995165 376.72611941879575 -1 -1 -1 -1 -1 -1 -1 -1 1 
112 22 Car -1.000000 -1 -1 680.3487823288169 171.7170816346688 731.715235629016 211.9124092857093 -1 -1 -1 -1 -1 -1 -1 -1 1 
112 23 Car -1.000000 -1 -1 568.2580255822529 170.20488695004605 630.8089276432665 221.46203277862273 -1 -1 -1 -1 -1 -1 -1 -1 1 
112 28 Car -1.000000 -1 -1 844.4644354120834 186.00649223776765 938.9072089221787 241.66451263252333 -1 -1 -1 -1 -1 -1 -1 -1 1 
112 37 Car -1.000000 -1 -1 773.2525992143115 181.2201071279922 816.6724324568845 217.5182271498565 -1 -1 -1 -1 -1 -1 -1 -1 1 
112 39 Car -1.000000 -1 -1 1004.9130433746644 111.60620698435247 1264.960531781152 375.06027104517966 -1 -1 -1 -1 -1 -1 -1 -1 1 
112 41 Car -1.000000 -1 -1 759.7578566424974 181.9026434838868 802.5318418591507 216.0054044143514 -1 -1 -1 -1 -1 -1 -1 -1 1 
113 22 Car -1.000000 -1 -1 662.886520497998 168.92334337242258 716.6048331626506 213.75912581609683 -1 -1 -1 -1 -1 -1 -1 -1 1 
113 23 Car -1.000000 -1 -1 556.0439670735468 176.6216673975989 607.3656099072763 218.0472225215869 -1 -1 -1 -1 -1 -1 -1 -1 1 
113 28 Car -1.000000 -1 -1 825.4275668554477 186.17485867491527 929.3597685422864 242.54848495717158 -1 -1 -1 -1 -1 -1 -1 -1 1 
113 41 Car -1.000000 -1 -1 753.6531573055411 180.85285311504484 797.9002562588522 216.1691915280445 -1 -1 -1 -1 -1 -1 -1 -1 1 
113 43 Car -1.000000 -1 -1 74.0849206548312 194.0946740781167 232.6468233117356 276.3483986494871 -1 -1 -1 -1 -1 -1 -1 -1 1 
113 44 Car -1.000000 -1 -1 734.3930095425111 180.6523806436782 765.1184658839478 213.31921539316085 -1 -1 -1 -1 -1 -1 -1 -1 1 
114 22 Car -1.000000 -1 -1 651.6806449929514 170.29694910084612 702.0109158782535 211.94953571081382 -1 -1 -1 -1 -1 -1 -1 -1 1 
114 23 Car -1.000000 -1 -1 537.3781104700273 178.33126279555867 589.4282885555182 220.49771885228347 -1 -1 -1 -1 -1 -1 -1 -1 1 
114 28 Car -1.000000 -1 -1 815.7555311756826 184.06794356936638 922.7835512708835 245.4519392111494 -1 -1 -1 -1 -1 -1 -1 -1 1 
114 41 Car -1.000000 -1 -1 752.2364758716825 179.99404703808395 798.7591078457153 217.12662503051055 -1 -1 -1 -1 -1 -1 -1 -1 1 
114 43 Car -1.000000 -1 -1 2.0935950733445594 182.35371816171715 210.2388700451096 287.9652976138402 -1 -1 -1 -1 -1 -1 -1 -1 1 
114 44 Car -1.000000 -1 -1 735.4682582819476 181.22262647724224 775.2086044253787 215.60808273748808 -1 -1 -1 -1 -1 -1 -1 -1 1 
115 22 Car -1.000000 -1 -1 637.5190607758847 169.6920383023707 688.6021663473455 212.24113810828894 -1 -1 -1 -1 -1 -1 -1 -1 1 
115 23 Car -1.000000 -1 -1 522.5878513216044 170.26228999590663 586.5835159105008 224.429871507899 -1 -1 -1 -1 -1 -1 -1 -1 1 
115 28 Car -1.000000 -1 -1 810.6006043686893 185.40058721498127 919.8143218092202 250.98244292034647 -1 -1 -1 -1 -1 -1 -1 -1 1 
115 43 Car -1.000000 -1 -1 -4.680642228659465 182.77948965991573 208.7203845137472 292.85637886427025 -1 -1 -1 -1 -1 -1 -1 -1 1 
115 44 Car -1.000000 -1 -1 730.9507878863329 181.752442314472 771.9015333601067 217.09673945111697 -1 -1 -1 -1 -1 -1 -1 -1 1 
115 46 Car -1.000000 -1 -1 708.9195364597913 181.90274782026393 746.587146777282 214.77850131994134 -1 -1 -1 -1 -1 -1 -1 -1 1 
116 22 Car -1.000000 -1 -1 623.4268487628318 171.16678564274284 675.2152014276866 211.71701526775342 -1 -1 -1 -1 -1 -1 -1 -1 1 
116 23 Car -1.000000 -1 -1 506.25947923290056 170.95762755061588 566.2216520259913 224.06844554912365 -1 -1 -1 -1 -1 -1 -1 -1 1 
116 28 Car -1.000000 -1 -1 799.8402126170593 186.93654584391726 904.5408789198104 251.2672203638892 -1 -1 -1 -1 -1 -1 -1 -1 1 
116 43 Car -1.000000 -1 -1 10.620531732689969 202.77774277319045 191.3065385154058 297.37645158052214 -1 -1 -1 -1 -1 -1 -1 -1 1 
116 44 Car -1.000000 -1 -1 728.9590052969197 181.58084129530124 771.7205825485865 218.48803931957363 -1 -1 -1 -1 -1 -1 -1 -1 1 
116 46 Car -1.000000 -1 -1 710.1267326205353 181.55257766543173 754.8657361464901 218.77194264554288 -1 -1 -1 -1 -1 -1 -1 -1 1 
117 22 Car -1.000000 -1 -1 608.6513584496759 172.0467706316036 660.8397543129184 212.72756206580547 -1 -1 -1 -1 -1 -1 -1 -1 1 
117 23 Car -1.000000 -1 -1 487.9279201731624 168.73770133719512 552.7069487643453 227.2225924469863 -1 -1 -1 -1 -1 -1 -1 -1 1 
117 28 Car -1.000000 -1 -1 785.3701216409584 190.6272189409955 901.497217887761 253.1326925857296 -1 -1 -1 -1 -1 -1 -1 -1 1 
117 43 Car -1.000000 -1 -1 -18.604098522565323 199.53230051873626 180.0925548998912 303.56054345783764 -1 -1 -1 -1 -1 -1 -1 -1 1 
117 46 Car -1.000000 -1 -1 704.6320676259319 181.9990716984444 748.5675450571155 219.01434192417244 -1 -1 -1 -1 -1 -1 -1 -1 1 
117 50 Car -1.000000 -1 -1 668.5311548188693 181.9592787391772 700.53628006668 212.2493398234537 -1 -1 -1 -1 -1 -1 -1 -1 1 
118 22 Car -1.000000 -1 -1 592.773231896845 171.40205040197938 643.1315112296779 212.52899757347203 -1 -1 -1 -1 -1 -1 -1 -1 1 
118 23 Car -1.000000 -1 -1 474.77308971275517 178.64782548586297 535.8601580049324 230.82613839315619 -1 -1 -1 -1 -1 -1 -1 -1 1 
118 28 Car -1.000000 -1 -1 777.8271359556969 190.8912350203603 888.6885911877617 252.99430463636247 -1 -1 -1 -1 -1 -1 -1 -1 1 
118 46 Car -1.000000 -1 -1 687.2066705436898 182.3390228102204 731.6664661963003 218.91071025497934 -1 -1 -1 -1 -1 -1 -1 -1 1 
118 50 Car -1.000000 -1 -1 660.3537154649749 182.94658493799614 694.8815947478411 215.32229314308339 -1 -1 -1 -1 -1 -1 -1 -1 1 
119 22 Car -1.000000 -1 -1 580.1461338359234 173.86187781444792 628.2425793284041 211.43694469539446 -1 -1 -1 -1 -1 -1 -1 -1 1 
119 23 Car -1.000000 -1 -1 460.67474986863687 171.88923764401193 522.4429241729604 225.64437953234534 -1 -1 -1 -1 -1 -1 -1 -1 1 
119 28 Car -1.000000 -1 -1 774.3927368279003 192.44941929985382 887.6533511197866 255.79828942340134 -1 -1 -1 -1 -1 -1 -1 -1 1 
119 46 Car -1.000000 -1 -1 682.5558181276554 183.05173530394308 725.2121425664664 217.71811419555596 -1 -1 -1 -1 -1 -1 -1 -1 1 
119 50 Car -1.000000 -1 -1 662.7773967814765 181.92300717458718 715.3872807742737 225.96667988003315 -1 -1 -1 -1 -1 -1 -1 -1 1 
120 22 Car -1.000000 -1 -1 561.1510653702088 172.60763082729068 614.6385219020314 212.9491188609433 -1 -1 -1 -1 -1 -1 -1 -1 1 
120 23 Car -1.000000 -1 -1 435.6741983586909 178.8123825535069 503.8411162434538 232.28229301156716 -1 -1 -1 -1 -1 -1 -1 -1 1 
120 28 Car -1.000000 -1 -1 769.6108739808539 191.50816739180826 884.7462518718291 260.3259869730073 -1 -1 -1 -1 -1 -1 -1 -1 1 
120 46 Car -1.000000 -1 -1 662.3223523286731 182.4822991946567 706.9091455173431 218.75021018513354 -1 -1 -1 -1 -1 -1 -1 -1 1 
120 50 Car -1.000000 -1 -1 665.5703182486412 182.14293939391223 721.1388843909925 226.5363821385587 -1 -1 -1 -1 -1 -1 -1 -1 1 
120 51 Car -1.000000 -1 -1 -21.443606708794377 243.02798302801202 96.07536605098512 349.03007058620193 -1 -1 -1 -1 -1 -1 -1 -1 1 
120 52 Car -1.000000 -1 -1 637.7039347609877 183.346466562109 670.4438504644745 215.27171621191385 -1 -1 -1 -1 -1 -1 -1 -1 1 
121 22 Car -1.000000 -1 -1 543.8908126783058 169.93818591789983 597.7100282946835 213.0064355481885 -1 -1 -1 -1 -1 -1 -1 -1 1 
121 23 Car -1.000000 -1 -1 416.3467521699091 181.19509734541276 488.3979428401903 232.11556205872685 -1 -1 -1 -1 -1 -1 -1 -1 1 
121 28 Car -1.000000 -1 -1 760.9033336659796 192.98695678914942 879.4999436945617 260.5254908693038 -1 -1 -1 -1 -1 -1 -1 -1 1 
121 46 Car -1.000000 -1 -1 655.6944656322183 183.05772183328784 705.1245722850866 224.68025029511736 -1 -1 -1 -1 -1 -1 -1 -1 1 
121 50 Car -1.000000 -1 -1 657.3642785418195 180.96322189556452 722.5140485794335 233.9627928917269 -1 -1 -1 -1 -1 -1 -1 -1 1 
121 51 Car -1.000000 -1 -1 -30.30396493460763 247.5784965728266 83.96237891746561 350.64672908456004 -1 -1 -1 -1 -1 -1 -1 -1 1 
121 52 Car -1.000000 -1 -1 635.5597416432864 183.8320655292395 668.8406007217767 216.28479539265595 -1 -1 -1 -1 -1 -1 -1 -1 1 
122 22 Car -1.000000 -1 -1 534.3512638651669 172.2638704272463 583.3191444952888 210.63406462546962 -1 -1 -1 -1 -1 -1 -1 -1 1 
122 23 Car -1.000000 -1 -1 405.4832233923988 172.6130555435535 474.45290457979974 227.53404086181564 -1 -1 -1 -1 -1 -1 -1 -1 1 
122 28 Car -1.000000 -1 -1 757.4589823750091 191.80808701580207 876.7986523051845 263.86192407673735 -1 -1 -1 -1 -1 -1 -1 -1 1 
122 46 Car -1.000000 -1 -1 641.0313072459115 183.06982452570082 683.0040079039787 218.10001280935353 -1 -1 -1 -1 -1 -1 -1 -1 1 
122 50 Car -1.000000 -1 -1 652.0971486466261 180.82022093819592 721.8112287990871 237.5328516363544 -1 -1 -1 -1 -1 -1 -1 -1 1 
122 54 Car -1.000000 -1 -1 612.0361236087016 183.41599184349957 646.6888148519936 215.8864100294876 -1 -1 -1 -1 -1 -1 -1 -1 1 
123 22 Car -1.000000 -1 -1 517.2479269479944 171.17398790527474 566.4068502878971 211.2724012976642 -1 -1 -1 -1 -1 -1 -1 -1 1 
123 23 Car -1.000000 -1 -1 374.43750254180213 177.61156025555098 452.9877635782474 235.05106357674453 -1 -1 -1 -1 -1 -1 -1 -1 1 
123 28 Car -1.000000 -1 -1 745.8773402963019 192.65622242289976 860.0640755900854 264.761265278727 -1 -1 -1 -1 -1 -1 -1 -1 1 
123 46 Car -1.000000 -1 -1 623.090449307254 181.99302046895303 683.8848831913538 227.8268742408791 -1 -1 -1 -1 -1 -1 -1 -1 1 
123 54 Car -1.000000 -1 -1 609.872162566297 183.7980031979573 644.8148776016577 216.54018044629834 -1 -1 -1 -1 -1 -1 -1 -1 1 
123 56 Car -1.000000 -1 -1 590.9184225526279 182.83144440296348 625.891441688103 214.8593017548061 -1 -1 -1 -1 -1 -1 -1 -1 1 
124 22 Car -1.000000 -1 -1 505.1548302240217 171.75063059835804 552.8069463918719 209.52558472804716 -1 -1 -1 -1 -1 -1 -1 -1 1 
124 23 Car -1.000000 -1 -1 352.714930378134 181.12406610198806 442.1084362377845 234.6551931621593 -1 -1 -1 -1 -1 -1 -1 -1 1 
124 28 Car -1.000000 -1 -1 741.493799345724 191.29573972657045 854.677547269071 265.5780153703096 -1 -1 -1 -1 -1 -1 -1 -1 1 
124 46 Car -1.000000 -1 -1 613.9632861135344 180.94676041399833 682.1270130597809 229.97148782738662 -1 -1 -1 -1 -1 -1 -1 -1 1 
124 56 Car -1.000000 -1 -1 586.1783650466656 182.65887935535198 622.9068658757341 216.5179616887509 -1 -1 -1 -1 -1 -1 -1 -1 1 
125 22 Car -1.000000 -1 -1 487.86508092152656 172.7032990943949 531.09478195136 208.24701295600985 -1 -1 -1 -1 -1 -1 -1 -1 1 
125 23 Car -1.000000 -1 -1 329.4684659941911 182.05126528145635 416.61805618850747 238.89779578265816 -1 -1 -1 -1 -1 -1 -1 -1 1 
125 28 Car -1.000000 -1 -1 732.7469776033304 191.63847090231576 860.8487446221716 277.6186692590811 -1 -1 -1 -1 -1 -1 -1 -1 1 
125 46 Car -1.000000 -1 -1 603.7790607038764 182.98565079304262 672.5298547120005 233.68833366569308 -1 -1 -1 -1 -1 -1 -1 -1 1 
125 56 Car -1.000000 -1 -1 583.6800270446709 183.04706943167025 622.0565692334962 218.42543182933056 -1 -1 -1 -1 -1 -1 -1 -1 1 
125 58 Car -1.000000 -1 -1 652.8002282720224 188.78143613312955 738.8966145586317 255.99542905769243 -1 -1 -1 -1 -1 -1 -1 -1 1 
125 59 Car -1.000000 -1 -1 564.0590275483003 182.8729377293986 602.6817557901581 215.91776684755206 -1 -1 -1 -1 -1 -1 -1 -1 1 
126 22 Car -1.000000 -1 -1 468.6193323386166 169.60696021407125 513.8681329173559 209.5033159441307 -1 -1 -1 -1 -1 -1 -1 -1 1 
126 23 Car -1.000000 -1 -1 305.1670993504565 183.1400267650569 407.11292927037636 239.7892553388684 -1 -1 -1 -1 -1 -1 -1 -1 1 
126 28 Car -1.000000 -1 -1 720.1892476158288 190.77038276256079 855.9388653109013 281.4712377001524 -1 -1 -1 -1 -1 -1 -1 -1 1 
126 46 Car -1.000000 -1 -1 594.6514092755874 183.03563184128663 666.5558055990929 236.06399877498527 -1 -1 -1 -1 -1 -1 -1 -1 1 
126 58 Car -1.000000 -1 -1 629.7341652923651 191.05656831774627 734.6774750253304 254.26691482884473 -1 -1 -1 -1 -1 -1 -1 -1 1 
126 59 Car -1.000000 -1 -1 562.2933966484399 183.297395748569 602.747040730241 217.90872324369732 -1 -1 -1 -1 -1 -1 -1 -1 1 
126 60 Car -1.000000 -1 -1 584.9731066329825 181.30747582821377 632.7978360978234 228.5137148983547 -1 -1 -1 -1 -1 -1 -1 -1 1 
126 61 Car -1.000000 -1 -1 545.030071221603 182.16489569899983 578.493704512027 214.51197189969906 -1 -1 -1 -1 -1 -1 -1 -1 1 
127 22 Car -1.000000 -1 -1 461.6798814621326 172.97947763782497 501.42315889893456 207.95070824782817 -1 -1 -1 -1 -1 -1 -1 -1 1 
127 23 Car -1.000000 -1 -1 280.37806887959215 184.35273204046382 381.01748130676134 243.26669038268025 -1 -1 -1 -1 -1 -1 -1 -1 1 
127 28 Car -1.000000 -1 -1 711.0381479089983 188.8953210056006 851.2136800066312 285.0918989383445 -1 -1 -1 -1 -1 -1 -1 -1 1 
127 58 Car -1.000000 -1 -1 618.2729632723322 187.35868229018482 731.4366157468996 252.29344863646074 -1 -1 -1 -1 -1 -1 -1 -1 1 
127 60 Car -1.000000 -1 -1 576.9170368863707 181.65619710392673 627.1808555275408 230.0311049208102 -1 -1 -1 -1 -1 -1 -1 -1 1 
127 61 Car -1.000000 -1 -1 541.1322663155022 182.87385878056307 578.5568468825256 216.3041389992777 -1 -1 -1 -1 -1 -1 -1 -1 1 
128 22 Car -1.000000 -1 -1 444.3148161194608 171.6086835444197 486.279004763545 209.45174473912408 -1 -1 -1 -1 -1 -1 -1 -1 1 
128 23 Car -1.000000 -1 -1 267.48666294799017 183.3649715983019 373.9392529468662 245.44077902184642 -1 -1 -1 -1 -1 -1 -1 -1 1 
128 28 Car -1.000000 -1 -1 709.3436493891209 187.00568821037132 844.9991270932921 286.2943778306561 -1 -1 -1 -1 -1 -1 -1 -1 1 
128 58 Car -1.000000 -1 -1 619.2247563905468 187.4539262559432 724.3795465674013 255.78447066456513 -1 -1 -1 -1 -1 -1 -1 -1 1 
128 60 Car -1.000000 -1 -1 569.9843073060237 183.32742954009294 630.3231230968437 236.24873739499674 -1 -1 -1 -1 -1 -1 -1 -1 1 
128 61 Car -1.000000 -1 -1 541.2470021899775 186.65467476261918 580.8210159304084 222.59168664028044 -1 -1 -1 -1 -1 -1 -1 -1 1 
128 62 Car -1.000000 -1 -1 518.8748603670459 182.9599311994024 557.8762799822638 215.50292891057086 -1 -1 -1 -1 -1 -1 -1 -1 1 
129 22 Car -1.000000 -1 -1 441.5288549438132 174.80620339220525 478.13606372224467 209.244264499164 -1 -1 -1 -1 -1 -1 -1 -1 1 
129 23 Car -1.000000 -1 -1 239.67090918849277 189.92595940239673 356.65407440594197 257.8138651836168 -1 -1 -1 -1 -1 -1 -1 -1 1 
129 28 Car -1.000000 -1 -1 707.6577995766011 188.0695774359022 847.3615600946049 289.52366573848025 -1 -1 -1 -1 -1 -1 -1 -1 1 
129 58 Car -1.000000 -1 -1 606.7433606630935 190.13026013972706 717.1760192975069 255.0394064226272 -1 -1 -1 -1 -1 -1 -1 -1 1 
129 60 Car -1.000000 -1 -1 558.2932843344487 184.3624327341914 617.8718336492765 234.35665852779525 -1 -1 -1 -1 -1 -1 -1 -1 1 
129 61 Car -1.000000 -1 -1 521.5244135274836 182.2878421613035 572.8361763482806 226.6433427026797 -1 -1 -1 -1 -1 -1 -1 -1 1 
129 62 Car -1.000000 -1 -1 515.1971249014571 183.10760276976663 557.6739356286746 217.50432237156744 -1 -1 -1 -1 -1 -1 -1 -1 1 
129 63 Car -1.000000 -1 -1 499.8564459027992 182.64997590706844 532.033762442622 212.95874219934018 -1 -1 -1 -1 -1 -1 -1 -1 1 
130 22 Car -1.000000 -1 -1 427.04262383548615 173.02322974841084 465.8302265050726 210.38442253111253 -1 -1 -1 -1 -1 -1 -1 -1 1 
130 23 Car -1.000000 -1 -1 216.04008251299615 192.36217145618625 344.162926888931 263.9582347594272 -1 -1 -1 -1 -1 -1 -1 -1 1 
130 28 Car -1.000000 -1 -1 710.602982033409 188.62849921650792 855.11757830883 292.7630923216757 -1 -1 -1 -1 -1 -1 -1 -1 1 
130 58 Car -1.000000 -1 -1 603.6161898375037 188.6564443978513 718.7746114688332 258.9247201320843 -1 -1 -1 -1 -1 -1 -1 -1 1 
130 60 Car -1.000000 -1 -1 552.1902412568571 184.78443734436087 613.4738451038791 234.78109032912457 -1 -1 -1 -1 -1 -1 -1 -1 1 
130 61 Car -1.000000 -1 -1 518.6245585829159 181.67018325301558 574.872956970816 229.69558873526938 -1 -1 -1 -1 -1 -1 -1 -1 1 
130 62 Car -1.000000 -1 -1 514.4635912121565 186.00806211077509 558.8205342282123 223.8868969187643 -1 -1 -1 -1 -1 -1 -1 -1 1 
130 63 Car -1.000000 -1 -1 496.5776684146661 184.4563091345355 531.5803695680617 213.86660327289925 -1 -1 -1 -1 -1 -1 -1 -1 1 
130 66 Car -1.000000 -1 -1 476.07740382509525 180.1130605006698 499.68841900346723 204.91524092434852 -1 -1 -1 -1 -1 -1 -1 -1 1 
131 22 Car -1.000000 -1 -1 424.3733816217762 175.6582721613574 460.518992069559 210.38873572537204 -1 -1 -1 -1 -1 -1 -1 -1 1 
131 23 Car -1.000000 -1 -1 199.98267319851618 194.62577717498317 339.27103825983215 276.3735820052686 -1 -1 -1 -1 -1 -1 -1 -1 1 
131 28 Car -1.000000 -1 -1 718.9711809662814 188.22173207928356 871.0599785343395 295.5701218258613 -1 -1 -1 -1 -1 -1 -1 -1 1 
131 58 Car -1.000000 -1 -1 601.5152735453562 190.14276189823283 721.9952203357226 265.41721315332734 -1 -1 -1 -1 -1 -1 -1 -1 1 
131 60 Car -1.000000 -1 -1 553.9496004679228 186.258244013585 617.3430599771501 235.43622267924334 -1 -1 -1 -1 -1 -1 -1 -1 1 
131 61 Car -1.000000 -1 -1 513.8319930392203 181.98869064041668 573.5353703191992 232.963968685778 -1 -1 -1 -1 -1 -1 -1 -1 1 
131 62 Car -1.000000 -1 -1 512.9428571024298 187.19879741661615 559.4699017815365 226.93079644208132 -1 -1 -1 -1 -1 -1 -1 -1 1 
131 63 Car -1.000000 -1 -1 493.82393453474504 184.6785850715543 529.4539358741511 214.24911927395928 -1 -1 -1 -1 -1 -1 -1 -1 1 
131 66 Car -1.000000 -1 -1 478.1731082088435 182.10767847623364 504.9132157850096 211.13125644485913 -1 -1 -1 -1 -1 -1 -1 -1 1 
132 22 Car -1.000000 -1 -1 420.60716570506787 177.2153011722438 459.9146991161089 215.5126476580865 -1 -1 -1 -1 -1 -1 -1 -1 1 
132 23 Car -1.000000 -1 -1 181.8086844737258 198.13654742749216 332.8419408931578 281.0985400640342 -1 -1 -1 -1 -1 -1 -1 -1 1 
132 28 Car -1.000000 -1 -1 729.730617715004 188.05097798905607 875.111486682781 313.3263829970982 -1 -1 -1 -1 -1 -1 -1 -1 1 
132 58 Car -1.000000 -1 -1 604.5784409667776 191.5379949610654 726.1610919940078 275.1810610301593 -1 -1 -1 -1 -1 -1 -1 -1 1 
132 60 Car -1.000000 -1 -1 546.8286926789362 185.4144417161341 623.743455199859 239.59044649127634 -1 -1 -1 -1 -1 -1 -1 -1 1 
132 63 Car -1.000000 -1 -1 498.3593950184579 188.09067374278294 532.6878822612337 221.86921409422737 -1 -1 -1 -1 -1 -1 -1 -1 1 
132 66 Car -1.000000 -1 -1 475.2483354135146 183.89369273744055 501.0526845266994 213.2237733851795 -1 -1 -1 -1 -1 -1 -1 -1 1 
133 22 Car -1.000000 -1 -1 420.58587756045887 177.69180703851944 458.7685777632135 216.4887399127225 -1 -1 -1 -1 -1 -1 -1 -1 1 
133 23 Car -1.000000 -1 -1 169.37700875075387 199.86225700783143 321.597323019451 284.5538971938304 -1 -1 -1 -1 -1 -1 -1 -1 1 
133 28 Car -1.000000 -1 -1 727.99226718519 183.1902883619002 906.9967687914043 325.05405617603424 -1 -1 -1 -1 -1 -1 -1 -1 1 
133 58 Car -1.000000 -1 -1 605.7755821964575 191.07626610026014 741.5500866651516 281.15524261841676 -1 -1 -1 -1 -1 -1 -1 -1 1 
133 60 Car -1.000000 -1 -1 543.6975883942804 187.3303932178879 622.9242231218785 249.04789224647033 -1 -1 -1 -1 -1 -1 -1 -1 1 
133 63 Car -1.000000 -1 -1 499.6525246634535 188.53079533073563 530.7174088649322 221.8197888729514 -1 -1 -1 -1 -1 -1 -1 -1 1 
133 66 Car -1.000000 -1 -1 475.15610439176396 184.46041198447722 499.43564455091285 213.66242382402137 -1 -1 -1 -1 -1 -1 -1 -1 1 
134 22 Car -1.000000 -1 -1 410.0815114942579 178.11658969947192 448.53932702513424 217.19352340804667 -1 -1 -1 -1 -1 -1 -1 -1 1 
134 23 Car -1.000000 -1 -1 151.63323301348515 201.22906314980494 298.03989366183976 294.2319673460323 -1 -1 -1 -1 -1 -1 -1 -1 1 
134 28 Car -1.000000 -1 -1 763.5376931524751 185.57403819800703 903.2205208051539 294.05552806618283 -1 -1 -1 -1 -1 -1 -1 -1 1 
134 58 Car -1.000000 -1 -1 608.369126932808 188.47172111897322 752.9704494188401 284.06475486843397 -1 -1 -1 -1 -1 -1 -1 -1 1 
134 60 Car -1.000000 -1 -1 544.2642041365763 183.6240121070546 630.6139554786143 245.2500376443251 -1 -1 -1 -1 -1 -1 -1 -1 1 
134 63 Car -1.000000 -1 -1 493.3796240750185 183.35275567341307 525.8820911047208 215.988611023042 -1 -1 -1 -1 -1 -1 -1 -1 1 
134 66 Car -1.000000 -1 -1 478.3496226296419 182.54226248758945 503.89319437825 212.44983264484856 -1 -1 -1 -1 -1 -1 -1 -1 1 
134 69 Car -1.000000 -1 -1 254.165692177923 192.00197306768587 337.7156422492194 250.11723308479955 -1 -1 -1 -1 -1 -1 -1 -1 1 
135 23 Car -1.000000 -1 -1 131.50655396167474 200.6339750158735 296.9900858111371 296.5911780306966 -1 -1 -1 -1 -1 -1 -1 -1 1 
135 28 Car -1.000000 -1 -1 775.105224139216 183.16437870355634 937.0553336292479 291.1265352658995 -1 -1 -1 -1 -1 -1 -1 -1 1 
135 58 Car -1.000000 -1 -1 615.7350589227441 187.19736365895636 776.1300931185264 285.4006608654237 -1 -1 -1 -1 -1 -1 -1 -1 1 
135 60 Car -1.000000 -1 -1 543.8344190775487 181.2260312964393 635.6707304240724 245.54453150183403 -1 -1 -1 -1 -1 -1 -1 -1 1 
135 63 Car -1.000000 -1 -1 493.73183460245036 181.68008704371118 527.9580863937721 216.53799969169043 -1 -1 -1 -1 -1 -1 -1 -1 1 
135 66 Car -1.000000 -1 -1 476.57984220879337 179.46782976183056 500.1433958344524 204.91447653792997 -1 -1 -1 -1 -1 -1 -1 -1 1 
135 69 Car -1.000000 -1 -1 250.11368474150672 187.5461720873639 336.2780543129735 238.8545860410586 -1 -1 -1 -1 -1 -1 -1 -1 1 
136 23 Car -1.000000 -1 -1 122.08765766943553 199.28102926307156 292.7622550783168 298.4087388080094 -1 -1 -1 -1 -1 -1 -1 -1 1 
136 28 Car -1.000000 -1 -1 795.0733697739824 181.86573132604138 996.3197471943254 318.3026621457759 -1 -1 -1 -1 -1 -1 -1 -1 1 
136 58 Car -1.000000 -1 -1 621.0522398601493 183.8460561023472 786.1198859880566 286.66242214109906 -1 -1 -1 -1 -1 -1 -1 -1 1 
136 60 Car -1.000000 -1 -1 544.1500433872591 179.37919282524393 636.9308089213602 242.7198630179654 -1 -1 -1 -1 -1 -1 -1 -1 1 
136 63 Car -1.000000 -1 -1 499.16638593570127 180.98728495504483 533.9964488704992 217.06987297822445 -1 -1 -1 -1 -1 -1 -1 -1 1 
136 66 Car -1.000000 -1 -1 477.3582016320971 176.9227844427456 503.18443724397093 203.17191565380878 -1 -1 -1 -1 -1 -1 -1 -1 1 
136 69 Car -1.000000 -1 -1 242.52954185992047 183.82886191943112 346.39763508108837 241.88484555058093 -1 -1 -1 -1 -1 -1 -1 -1 1 
137 23 Car -1.000000 -1 -1 111.6574172969062 198.82438249421833 287.3535738897531 302.25234096245345 -1 -1 -1 -1 -1 -1 -1 -1 1 
137 28 Car -1.000000 -1 -1 821.5318859398434 182.7312702875428 1047.1771922910266 318.47465315844363 -1 -1 -1 -1 -1 -1 -1 -1 1 
137 58 Car -1.000000 -1 -1 636.083688856024 183.72574456359885 808.5910099600836 290.6369899057247 -1 -1 -1 -1 -1 -1 -1 -1 1 
137 60 Car -1.000000 -1 -1 554.7014738135305 178.5124667074168 643.3845741891321 239.19019211900198 -1 -1 -1 -1 -1 -1 -1 -1 1 
137 63 Car -1.000000 -1 -1 499.24384660183784 181.30209546520243 535.3522859627093 218.7090606972588 -1 -1 -1 -1 -1 -1 -1 -1 1 
137 66 Car -1.000000 -1 -1 479.29977224447913 172.82186225847707 505.5050332270725 198.81379536674277 -1 -1 -1 -1 -1 -1 -1 -1 1 
137 69 Car -1.000000 -1 -1 243.51178956639166 182.79893221301026 346.0834939670889 243.65153418382187 -1 -1 -1 -1 -1 -1 -1 -1 1 
137 73 Car -1.000000 -1 -1 438.65003467044767 170.2159193301738 477.2238333700683 207.40904624099488 -1 -1 -1 -1 -1 -1 -1 -1 1 
138 23 Car -1.000000 -1 -1 104.13015334380913 197.61718413137555 288.89811576651346 306.3521182643754 -1 -1 -1 -1 -1 -1 -1 -1 1 
138 28 Car -1.000000 -1 -1 826.617173987091 182.28653256066377 1060.5740823234205 323.0298230925549 -1 -1 -1 -1 -1 -1 -1 -1 1 
138 58 Car -1.000000 -1 -1 648.6313629083807 181.50658071672188 832.7039090041167 292.53873921826937 -1 -1 -1 -1 -1 -1 -1 -1 1 
138 60 Car -1.000000 -1 -1 560.7564891169885 175.8068393505181 659.373340803061 241.7038451161482 -1 -1 -1 -1 -1 -1 -1 -1 1 
138 66 Car -1.000000 -1 -1 479.53539025004864 171.9184680984282 505.8126177967703 197.98175464397437 -1 -1 -1 -1 -1 -1 -1 -1 1 
138 69 Car -1.000000 -1 -1 245.61722738787282 180.87926335712666 349.4529567734978 245.85086796841162 -1 -1 -1 -1 -1 -1 -1 -1 1 
138 73 Car -1.000000 -1 -1 447.1772299524883 168.54646808127976 482.09726774420795 201.86464550798325 -1 -1 -1 -1 -1 -1 -1 -1 1 
138 74 Car -1.000000 -1 -1 496.1261287752696 173.39898203317864 529.5876264207745 198.37360257179142 -1 -1 -1 -1 -1 -1 -1 -1 1 
138 75 Car -1.000000 -1 -1 849.4975353820546 176.93431567756485 1167.3212781407128 371.8606510979246 -1 -1 -1 -1 -1 -1 -1 -1 1 
139 23 Car -1.000000 -1 -1 72.99021319891052 196.57992151019243 283.1190292338585 312.63323813274565 -1 -1 -1 -1 -1 -1 -1 -1 1 
139 58 Car -1.000000 -1 -1 654.4807803623904 182.9570380581234 862.7939636872135 301.28424146281566 -1 -1 -1 -1 -1 -1 -1 -1 1 
139 60 Car -1.000000 -1 -1 565.2463317989681 177.8594060365047 662.7100888042295 241.36017392156194 -1 -1 -1 -1 -1 -1 -1 -1 1 
139 69 Car -1.000000 -1 -1 247.25021799194576 182.50241111365588 352.3871697725316 244.28139098266968 -1 -1 -1 -1 -1 -1 -1 -1 1 
139 73 Car -1.000000 -1 -1 452.56437448539293 167.16299724586978 488.28457433361274 201.57841510388556 -1 -1 -1 -1 -1 -1 -1 -1 1 
139 74 Car -1.000000 -1 -1 496.54787470325505 172.64822302294266 529.8201840552122 197.79198317479785 -1 -1 -1 -1 -1 -1 -1 -1 1 
139 75 Car -1.000000 -1 -1 894.9029446058233 176.37703167069628 1197.1883433216178 375.63360591015976 -1 -1 -1 -1 -1 -1 -1 -1 1 
140 23 Car -1.000000 -1 -1 47.397805489661536 196.23664992081513 279.4081272601363 316.0185575488092 -1 -1 -1 -1 -1 -1 -1 -1 1 
140 58 Car -1.000000 -1 -1 667.2719328284979 184.8645097920394 903.2182821011792 319.08317525109146 -1 -1 -1 -1 -1 -1 -1 -1 1 
140 60 Car -1.000000 -1 -1 548.9836719977998 177.02728972886501 636.4306963880407 240.0310890937543 -1 -1 -1 -1 -1 -1 -1 -1 1 
140 69 Car -1.000000 -1 -1 246.16631734794962 180.69982931244414 353.55999922627154 246.52479751100688 -1 -1 -1 -1 -1 -1 -1 -1 1 
140 73 Car -1.000000 -1 -1 469.1825253847102 169.82216072659213 500.9607313791577 200.806781141748 -1 -1 -1 -1 -1 -1 -1 -1 1 
140 74 Car -1.000000 -1 -1 497.30410183230276 171.74727412781667 529.2481569431133 195.88727739745127 -1 -1 -1 -1 -1 -1 -1 -1 1 
140 75 Car -1.000000 -1 -1 951.7981545204905 177.29546260448427 1249.4783403452286 377.95189517571225 -1 -1 -1 -1 -1 -1 -1 -1 1 
140 76 Car -1.000000 -1 -1 318.7362592164846 186.7220998378535 374.3826938688731 235.18008197579326 -1 -1 -1 -1 -1 -1 -1 -1 1 
141 23 Car -1.000000 -1 -1 27.056016579684794 199.58198024539115 281.76595913918806 331.5240195121812 -1 -1 -1 -1 -1 -1 -1 -1 1 
141 58 Car -1.000000 -1 -1 679.8664702412576 180.15982137528758 934.4157782931154 333.5878536311186 -1 -1 -1 -1 -1 -1 -1 -1 1 
141 60 Car -1.000000 -1 -1 553.0565850150595 177.54304942485675 626.7960969268349 236.08951651816716 -1 -1 -1 -1 -1 -1 -1 -1 1 
141 69 Car -1.000000 -1 -1 227.2430942826432 182.57737200484775 363.5327662527576 261.8611119545885 -1 -1 -1 -1 -1 -1 -1 -1 1 
141 73 Car -1.000000 -1 -1 477.86044575960403 169.67763583949582 508.14672596586416 199.20759002279578 -1 -1 -1 -1 -1 -1 -1 -1 1 
141 75 Car -1.000000 -1 -1 1002.0352700557157 173.04594124833443 1243.646509367689 377.1651419598686 -1 -1 -1 -1 -1 -1 -1 -1 1 
141 76 Car -1.000000 -1 -1 323.4313029571197 187.14087107802413 380.5442165359 237.4829751984925 -1 -1 -1 -1 -1 -1 -1 -1 1 
142 23 Car -1.000000 -1 -1 7.81440859674791 201.36612274285534 265.864625534898 339.3067974207686 -1 -1 -1 -1 -1 -1 -1 -1 1 
142 58 Car -1.000000 -1 -1 700.0622380898135 187.44566352532132 986.9364718707079 344.8805779361558 -1 -1 -1 -1 -1 -1 -1 -1 1 
142 60 Car -1.000000 -1 -1 561.0572949519392 180.53776540537046 639.1410141505003 237.40447359790878 -1 -1 -1 -1 -1 -1 -1 -1 1 
142 69 Car -1.000000 -1 -1 220.3655672134218 187.03899185230992 340.15479331975047 265.9087569840698 -1 -1 -1 -1 -1 -1 -1 -1 1 
142 75 Car -1.000000 -1 -1 1046.2445211350193 148.48694198458088 1270.8136705429495 387.04761764528826 -1 -1 -1 -1 -1 -1 -1 -1 1 
142 76 Car -1.000000 -1 -1 325.23293960500655 187.91729669114721 381.8710642045303 238.07274521829598 -1 -1 -1 -1 -1 -1 -1 -1 1 
142 78 Car -1.000000 -1 -1 600.4646089964839 175.68708795632583 721.8924358444091 264.1830409599832 -1 -1 -1 -1 -1 -1 -1 -1 1 
143 23 Car -1.000000 -1 -1 -6.170429088737478 202.2674012922436 271.61175329821776 359.0628243124862 -1 -1 -1 -1 -1 -1 -1 -1 1 
143 58 Car -1.000000 -1 -1 721.8329873438392 182.73176915369407 1059.3299431383803 365.6028269968391 -1 -1 -1 -1 -1 -1 -1 -1 1 
143 60 Car -1.000000 -1 -1 569.6614081831158 181.44909817167635 642.2204769612291 233.66664477077353 -1 -1 -1 -1 -1 -1 -1 -1 1 
143 69 Car -1.000000 -1 -1 211.46447133188497 186.22770147896517 343.4190958583947 279.33587661507147 -1 -1 -1 -1 -1 -1 -1 -1 1 
143 75 Car -1.000000 -1 -1 1079.7611304725935 144.055863806153 1311.3524280768243 390.0769857347348 -1 -1 -1 -1 -1 -1 -1 -1 1 
143 76 Car -1.000000 -1 -1 333.7398361862205 187.382356127691 392.2470288569923 239.01635046463053 -1 -1 -1 -1 -1 -1 -1 -1 1 
143 78 Car -1.000000 -1 -1 617.5732043728207 177.54331203140117 740.5036333899827 268.4114048650779 -1 -1 -1 -1 -1 -1 -1 -1 1 
144 23 Car -1.000000 -1 -1 -9.239255367577016 200.96900303847946 265.4110457000989 363.60113888368636 -1 -1 -1 -1 -1 -1 -1 -1 1 
144 58 Car -1.000000 -1 -1 755.7856632507733 183.72767436097416 1121.8098212167206 380.4425941551166 -1 -1 -1 -1 -1 -1 -1 -1 1 
144 60 Car -1.000000 -1 -1 572.7990470990502 179.91862490481287 643.3720871531915 232.82631589689416 -1 -1 -1 -1 -1 -1 -1 -1 1 
144 69 Car -1.000000 -1 -1 213.2644429572273 185.12934633145375 344.36844396631716 282.5374528665355 -1 -1 -1 -1 -1 -1 -1 -1 1 
144 76 Car -1.000000 -1 -1 336.50832584363724 186.57309369549876 398.8942615795306 239.9907124987404 -1 -1 -1 -1 -1 -1 -1 -1 1 
144 78 Car -1.000000 -1 -1 623.3137888126619 177.2841707971262 762.6474137286427 274.40850759145036 -1 -1 -1 -1 -1 -1 -1 -1 1 
145 23 Car -1.000000 -1 -1 -4.165879625683502 197.09494930138146 257.64602943538983 366.4002718974176 -1 -1 -1 -1 -1 -1 -1 -1 1 
145 58 Car -1.000000 -1 -1 769.1428402922978 184.3431319028195 1209.8867793856223 380.8610854235455 -1 -1 -1 -1 -1 -1 -1 -1 1 
145 60 Car -1.000000 -1 -1 574.7009436512052 178.31694177467023 645.7250207773551 232.74187297124357 -1 -1 -1 -1 -1 -1 -1 -1 1 
145 69 Car -1.000000 -1 -1 217.83653044246378 184.69717748384005 339.2964363384508 284.9889973918204 -1 -1 -1 -1 -1 -1 -1 -1 1 
145 76 Car -1.000000 -1 -1 337.96491845621085 186.70241575673398 403.3344244257555 240.35342590012627 -1 -1 -1 -1 -1 -1 -1 -1 1 
145 78 Car -1.000000 -1 -1 633.2414780403094 175.12013160614708 784.1098623027568 275.9914765925686 -1 -1 -1 -1 -1 -1 -1 -1 1 
146 23 Car -1.000000 -1 -1 -20.33342717925686 196.92542135544966 251.19764279932835 366.83050447605785 -1 -1 -1 -1 -1 -1 -1 -1 1 
146 58 Car -1.000000 -1 -1 791.8895534038373 183.05846359189837 1234.8346606761274 381.23621139680046 -1 -1 -1 -1 -1 -1 -1 -1 1 
146 60 Car -1.000000 -1 -1 575.5000209787538 178.05674796324055 646.4856330489231 232.45221885082128 -1 -1 -1 -1 -1 -1 -1 -1 1 
146 69 Car -1.000000 -1 -1 207.74046853540796 183.9329117303949 339.6455075341531 287.98313448973323 -1 -1 -1 -1 -1 -1 -1 -1 1 
146 76 Car -1.000000 -1 -1 336.7544195408457 185.9550169766907 406.4650190478021 240.53731257728379 -1 -1 -1 -1 -1 -1 -1 -1 1 
146 78 Car -1.000000 -1 -1 658.970804415496 175.49741822414023 805.1317736330981 279.34224850824205 -1 -1 -1 -1 -1 -1 -1 -1 1 
146 82 Car -1.000000 -1 -1 599.1514634005819 180.20821852384108 682.0408856348445 237.45564639477908 -1 -1 -1 -1 -1 -1 -1 -1 1 
147 23 Car -1.000000 -1 -1 -12.246802431497983 198.93343929975876 235.00222346223762 366.3948106509322 -1 -1 -1 -1 -1 -1 -1 -1 1 
147 58 Car -1.000000 -1 -1 798.218898050924 184.75938359045284 1249.0225043004025 379.6619745239301 -1 -1 -1 -1 -1 -1 -1 -1 1 
147 69 Car -1.000000 -1 -1 189.85366364744763 180.2037225524354 344.5566856310404 288.2266055742641 -1 -1 -1 -1 -1 -1 -1 -1 1 
147 76 Car -1.000000 -1 -1 336.330217960475 184.67142997030288 412.22744008988883 241.5717863009959 -1 -1 -1 -1 -1 -1 -1 -1 1 
147 78 Car -1.000000 -1 -1 663.7133834361297 173.64619884405965 830.7353754315043 278.07284326027707 -1 -1 -1 -1 -1 -1 -1 -1 1 
147 82 Car -1.000000 -1 -1 606.5680447132935 178.4282842980752 688.2254010142956 236.86419394082046 -1 -1 -1 -1 -1 -1 -1 -1 1 
148 23 Car -1.000000 -1 -1 0.3915723197800389 201.5081884676285 209.78835243215573 365.5072489614398 -1 -1 -1 -1 -1 -1 -1 -1 1 
148 58 Car -1.000000 -1 -1 824.6495343457009 181.05852457440335 1254.9377884069604 385.0007220219853 -1 -1 -1 -1 -1 -1 -1 -1 1 
148 69 Car -1.000000 -1 -1 167.18436710667248 177.28095333127715 344.23106000656 294.68462547026263 -1 -1 -1 -1 -1 -1 -1 -1 1 
148 73 Car -1.000000 -1 -1 541.2080480730134 164.74894544864296 571.8171855919991 193.14327395171915 -1 -1 -1 -1 -1 -1 -1 -1 1 
148 76 Car -1.000000 -1 -1 336.07126333370456 185.59247970985095 409.4595768329146 240.52937264781934 -1 -1 -1 -1 -1 -1 -1 -1 1 
148 78 Car -1.000000 -1 -1 662.667143994544 170.90687486579992 847.5558530321225 281.4899330098152 -1 -1 -1 -1 -1 -1 -1 -1 1 
148 82 Car -1.000000 -1 -1 621.6517413091799 176.6003194492901 696.1246263383994 236.9336508099796 -1 -1 -1 -1 -1 -1 -1 -1 1 
149 23 Car -1.000000 -1 -1 1.2256222141150772 202.05284272549784 198.847877366115 362.6718035210331 -1 -1 -1 -1 -1 -1 -1 -1 1 
149 58 Car -1.000000 -1 -1 890.1140437973913 210.5732900989691 1237.1599280519931 376.578882167199 -1 -1 -1 -1 -1 -1 -1 -1 1 
149 69 Car -1.000000 -1 -1 149.30577398377721 175.30461316928242 345.7902601009027 303.54457254635577 -1 -1 -1 -1 -1 -1 -1 -1 1 
149 73 Car -1.000000 -1 -1 550.2448437041269 164.2002712323114 580.2921230829551 192.07338747640637 -1 -1 -1 -1 -1 -1 -1 -1 1 
149 76 Car -1.000000 -1 -1 355.34991196661616 185.4130419407403 425.04049812991013 234.51498760204623 -1 -1 -1 -1 -1 -1 -1 -1 1 
149 78 Car -1.000000 -1 -1 698.3036840882903 173.3048962015956 885.6813278209371 299.1072377548428 -1 -1 -1 -1 -1 -1 -1 -1 1 
149 82 Car -1.000000 -1 -1 621.0203801939011 174.5370435590033 695.9185288580378 240.74871931052036 -1 -1 -1 -1 -1 -1 -1 -1 1 
149 87 Car -1.000000 -1 -1 597.37283384472 169.46578833675713 624.2422044129313 200.74105036808905 -1 -1 -1 -1 -1 -1 -1 -1 1 
150 23 Car -1.000000 -1 -1 5.5340743597819255 207.45175616233973 168.26335271217596 377.7873309500126 -1 -1 -1 -1 -1 -1 -1 -1 1 
150 58 Car -1.000000 -1 -1 948.5976788806709 237.61081471364534 1238.7372355973628 376.3376264342363 -1 -1 -1 -1 -1 -1 -1 -1 1 
150 69 Car -1.000000 -1 -1 124.17008482863767 178.23097402017868 326.7366262617577 306.0477883073072 -1 -1 -1 -1 -1 -1 -1 -1 1 
150 76 Car -1.000000 -1 -1 356.49808082978154 185.56413103545694 427.7277602559004 237.86703822008047 -1 -1 -1 -1 -1 -1 -1 -1 1 
150 78 Car -1.000000 -1 -1 712.8089209259813 177.99546567444062 924.1146203241003 305.77127004344607 -1 -1 -1 -1 -1 -1 -1 -1 1 
150 82 Car -1.000000 -1 -1 619.8381816332121 172.5562945990606 679.3806330499724 219.18544314779044 -1 -1 -1 -1 -1 -1 -1 -1 1 
150 87 Car -1.000000 -1 -1 599.3346272657585 170.35264864081762 626.591316790593 200.5331649266891 -1 -1 -1 -1 -1 -1 -1 -1 1 
150 88 Car -1.000000 -1 -1 637.3013187551752 178.40440666481996 741.7582454178219 246.99320890187875 -1 -1 -1 -1 -1 -1 -1 -1 1 
151 23 Car -1.000000 -1 -1 0.9483549680887222 216.4823405898287 132.32533535240339 370.85930505032184 -1 -1 -1 -1 -1 -1 -1 -1 1 
151 58 Car -1.000000 -1 -1 969.0664472067274 243.11494083988248 1255.6440140895552 380.1379687354472 -1 -1 -1 -1 -1 -1 -1 -1 1 
151 69 Car -1.000000 -1 -1 84.5276526785812 177.6042064022638 331.75970647027935 322.06531323660994 -1 -1 -1 -1 -1 -1 -1 -1 1 
151 76 Car -1.000000 -1 -1 355.7502649180643 187.6004459078985 431.2633065143552 238.4489316296402 -1 -1 -1 -1 -1 -1 -1 -1 1 
151 78 Car -1.000000 -1 -1 731.9145200137834 177.68066754867166 953.101024635091 329.23259247764327 -1 -1 -1 -1 -1 -1 -1 -1 1 
151 82 Car -1.000000 -1 -1 623.1037640239458 173.94988107341547 681.9811659808634 219.5288982527598 -1 -1 -1 -1 -1 -1 -1 -1 1 
151 87 Car -1.000000 -1 -1 601.9835427889345 170.4336457877895 628.5263645828352 199.82371528018453 -1 -1 -1 -1 -1 -1 -1 -1 1 
151 88 Car -1.000000 -1 -1 653.3757101573229 181.5645562453352 743.538082504912 244.3105139104306 -1 -1 -1 -1 -1 -1 -1 -1 1 
151 92 Car -1.000000 -1 -1 614.6894903812447 174.6737000514603 653.2405397756406 208.54437029825675 -1 -1 -1 -1 -1 -1 -1 -1 1 
151 93 Car -1.000000 -1 -1 321.34813616025116 194.35560546301923 406.24763983561866 257.4367064802123 -1 -1 -1 -1 -1 -1 -1 -1 1 
152 23 Car -1.000000 -1 -1 -6.937768606135229 216.4700826032963 112.52505372766132 373.36129343497214 -1 -1 -1 -1 -1 -1 -1 -1 1 
152 69 Car -1.000000 -1 -1 26.68906761065702 175.39747034784352 327.3505479035433 357.39138695304723 -1 -1 -1 -1 -1 -1 -1 -1 1 
152 76 Car -1.000000 -1 -1 353.45543488215145 191.62452470319434 429.9906512401042 247.94219131317263 -1 -1 -1 -1 -1 -1 -1 -1 1 
152 78 Car -1.000000 -1 -1 753.0122845863059 180.8867886759737 997.3571502683801 349.5737442068762 -1 -1 -1 -1 -1 -1 -1 -1 1 
152 82 Car -1.000000 -1 -1 633.9972506878958 179.1722301277302 680.5934232585523 215.17477441020054 -1 -1 -1 -1 -1 -1 -1 -1 1 
152 88 Car -1.000000 -1 -1 643.9455954358915 180.80758185218113 729.6619842284244 241.3715495063736 -1 -1 -1 -1 -1 -1 -1 -1 1 
152 92 Car -1.000000 -1 -1 614.7336388824086 176.3370658192465 652.7876110136315 208.76601474303587 -1 -1 -1 -1 -1 -1 -1 -1 1 
152 93 Car -1.000000 -1 -1 303.0981190305965 198.42908768579156 394.2471706670405 271.4043348228359 -1 -1 -1 -1 -1 -1 -1 -1 1 
153 23 Car -1.000000 -1 -1 -19.567035039812986 218.14485455220805 101.39931934317488 377.0184544870232 -1 -1 -1 -1 -1 -1 -1 -1 1 
153 69 Car -1.000000 -1 -1 -0.9827648659409363 179.57227769145322 318.42997131206823 354.99256207098574 -1 -1 -1 -1 -1 -1 -1 -1 1 
153 76 Car -1.000000 -1 -1 353.5143245081126 190.12308716313095 432.35728705618214 249.81915756679308 -1 -1 -1 -1 -1 -1 -1 -1 1 
153 78 Car -1.000000 -1 -1 768.0991672086077 173.2333394727671 1065.7158145761534 373.6437103736961 -1 -1 -1 -1 -1 -1 -1 -1 1 
153 82 Car -1.000000 -1 -1 631.3003677242563 177.27926039902616 672.7684743032175 208.89611731106672 -1 -1 -1 -1 -1 -1 -1 -1 1 
153 88 Car -1.000000 -1 -1 651.5113002352394 182.69005563166536 727.5830625999996 238.02503335629436 -1 -1 -1 -1 -1 -1 -1 -1 1 
153 92 Car -1.000000 -1 -1 618.9031221841107 176.9682197323056 655.1802048109842 206.68450127314335 -1 -1 -1 -1 -1 -1 -1 -1 1 
153 93 Car -1.000000 -1 -1 294.94968522048225 199.39062737770163 392.40589469059756 276.69008087484485 -1 -1 -1 -1 -1 -1 -1 -1 1 
153 98 Car -1.000000 -1 -1 675.920967238143 187.03609263765486 798.4130132715081 282.8480734835274 -1 -1 -1 -1 -1 -1 -1 -1 1 
