2 1 Car -1.000000 -1 -1 363.5212824961593 170.48912491952413 523.0281725844245 221.95278240094348 -1 -1 -1 -1 -1 -1 -1 -1 1 
2 2 Car -1.000000 -1 -1 -2.943224791545319 186.5064418429518 158.93455284185052 250.6355402930493 -1 -1 -1 -1 -1 -1 -1 -1 1 
2 3 Car -1.000000 -1 -1 1176.5395272379767 145.88195610818678 1258.3995388231115 213.00234915253085 -1 -1 -1 -1 -1 -1 -1 -1 1 
2 4 Car -1.000000 -1 -1 863.2630758701911 165.65697835744083 1016.2254005110916 244.29267358825143 -1 -1 -1 -1 -1 -1 -1 -1 1 
3 1 Car -1.000000 -1 -1 312.80853784108905 168.9543404149582 498.47279223148246 222.75351829070604 -1 -1 -1 -1 -1 -1 -1 -1 1 
3 2 Car -1.000000 -1 -1 1.4476553141180162 185.113995995762 85.37697309773807 257.43872180358375 -1 -1 -1 -1 -1 -1 -1 -1 1 
3 3 Car -1.000000 -1 -1 1181.0094381336025 135.61045314070572 1271.426279359421 209.74697282219833 -1 -1 -1 -1 -1 -1 -1 -1 1 
3 4 Car -1.000000 -1 -1 888.4439900009111 163.67165000408423 1050.3369195924117 243.87347929350554 -1 -1 -1 -1 -1 -1 -1 -1 1 
4 1 Car -1.000000 -1 -1 274.86034890585665 167.79623285099717 461.1032698793181 224.63113110286017 -1 -1 -1 -1 -1 -1 -1 -1 1 
4 2 Car -1.000000 -1 -1 -28.185681795577317 184.6420172818769 59.11101932013022 259.8688867693714 -1 -1 -1 -1 -1 -1 -1 -1 1 
4 4 Car -1.000000 -1 -1 901.4114376797082 151.99134584342008 1069.6990236118327 241.38390379746497 -1 -1 -1 -1 -1 -1 -1 -1 1 
5 1 Car -1.000000 -1 -1 221.54374137852074 167.7002038557945 423.6678817304147 229.93111970960035 -1 -1 -1 -1 -1 -1 -1 -1 1 
5 4 Car -1.000000 -1 -1 939.6658504994041 156.48673150975182 1125.7903450918568 242.14234227196908 -1 -1 -1 -1 -1 -1 -1 -1 1 
5 6 Car -1.000000 -1 -1 1191.7055757917253 142.2836557595321 1240.9298294173875 196.314257880626 -1 -1 -1 -1 -1 -1 -1 -1 1 
6 1 Car -1.000000 -1 -1 150.1811129794064 171.00967826896118 393.79476434301125 236.05766002116948 -1 -1 -1 -1 -1 -1 -1 -1 1 
6 4 Car -1.000000 -1 -1 961.7786304252921 163.31575748957576 1164.4203190573182 243.92408690266498 -1 -1 -1 -1 -1 -1 -1 -1 1 
6 6 Car -1.000000 -1 -1 1183.6936538709124 151.9039552946013 1235.8251910397141 200.06300470548834 -1 -1 -1 -1 -1 -1 -1 -1 1 
6 7 Car -1.000000 -1 -1 841.5345536244597 145.80244858597385 1019.6232622820685 204.57117849266274 -1 -1 -1 -1 -1 -1 -1 -1 1 
7 1 Car -1.000000 -1 -1 73.9899331877775 171.1243225023996 333.7443430538515 242.84047320160545 -1 -1 -1 -1 -1 -1 -1 -1 1 
7 4 Car -1.000000 -1 -1 998.8004781230943 163.62177264074975 1207.2550495395503 247.15471983477744 -1 -1 -1 -1 -1 -1 -1 -1 1 
7 6 Car -1.000000 -1 -1 1178.4998147715123 156.9211932986347 1234.6798173400932 202.41400101269986 -1 -1 -1 -1 -1 -1 -1 -1 1 
7 7 Car -1.000000 -1 -1 815.4945676022454 135.2313969426616 1015.8345132888447 208.09788997784847 -1 -1 -1 -1 -1 -1 -1 -1 1 
8 1 Car -1.000000 -1 -1 -3.622915202944313 173.82363510084895 271.76088612508454 255.10154755535652 -1 -1 -1 -1 -1 -1 -1 -1 1 
8 4 Car -1.000000 -1 -1 1017.97925618654 160.7125435519721 1235.5644108464112 253.2547542453052 -1 -1 -1 -1 -1 -1 -1 -1 1 
8 6 Car -1.000000 -1 -1 1176.19591891131 160.0746194933494 1230.9823105245475 204.43889576690037 -1 -1 -1 -1 -1 -1 -1 -1 1 
8 7 Car -1.000000 -1 -1 797.2012199483821 142.91914119200408 979.4313546923127 212.2277145405912 -1 -1 -1 -1 -1 -1 -1 -1 1 
9 1 Car -1.000000 -1 -1 -7.042920269000348 172.2266827045672 214.72071681707175 263.9847441452909 -1 -1 -1 -1 -1 -1 -1 -1 1 
9 4 Car -1.000000 -1 -1 1038.593394299953 162.67153425677142 1243.9528761327406 252.68649698231053 -1 -1 -1 -1 -1 -1 -1 -1 1 
9 7 Car -1.000000 -1 -1 776.3810840576496 146.377658260459 952.6285665751818 213.08209378564726 -1 -1 -1 -1 -1 -1 -1 -1 1 
10 1 Car -1.000000 -1 -1 -2.954090273923832 171.27786868047892 129.23111746442206 266.902349386712 -1 -1 -1 -1 -1 -1 -1 -1 1 
10 4 Car -1.000000 -1 -1 1072.5564355464335 158.46402970398074 1229.2376560073064 254.18271021763476 -1 -1 -1 -1 -1 -1 -1 -1 1 
10 7 Car -1.000000 -1 -1 735.1417869098543 146.43027352326038 921.4647590610101 218.18977937382056 -1 -1 -1 -1 -1 -1 -1 -1 1 
11 1 Car -1.000000 -1 -1 -46.34641583735698 171.01863942187077 92.17752867097968 271.22999608834766 -1 -1 -1 -1 -1 -1 -1 -1 1 
11 4 Car -1.000000 -1 -1 1087.1867385901423 156.70800081216174 1244.314765689837 257.2099790062159 -1 -1 -1 -1 -1 -1 -1 -1 1 
11 7 Car -1.000000 -1 -1 704.0967232361454 148.89717837175803 890.0263295980953 220.45040515576108 -1 -1 -1 -1 -1 -1 -1 -1 1 
12 4 Car -1.000000 -1 -1 1111.863045565615 166.8691317106223 1241.9416724912217 261.08593105145167 -1 -1 -1 -1 -1 -1 -1 -1 1 
12 7 Car -1.000000 -1 -1 662.8525336000204 151.5258570133047 852.67228579043 227.14997986705242 -1 -1 -1 -1 -1 -1 -1 -1 1 
13 4 Car -1.000000 -1 -1 1122.218656239463 169.32765413533573 1243.5180226866191 258.8607813533102 -1 -1 -1 -1 -1 -1 -1 -1 1 
13 7 Car -1.000000 -1 -1 616.6202884006015 155.1525438061338 813.0098807716331 233.25936740972443 -1 -1 -1 -1 -1 -1 -1 -1 1 
14 4 Car -1.000000 -1 -1 1134.252585435478 171.0854994675572 1243.3805247950097 266.5141024160662 -1 -1 -1 -1 -1 -1 -1 -1 1 
14 7 Car -1.000000 -1 -1 559.399941200732 162.95309078215092 765.4907245187278 243.65601914410732 -1 -1 -1 -1 -1 -1 -1 -1 1 
14 8 Car -1.000000 -1 -1 979.229261691877 172.39053994358997 1116.1324525557231 224.75921791094748 -1 -1 -1 -1 -1 -1 -1 -1 1 
15 4 Car -1.000000 -1 -1 1137.291020672149 172.8497074405174 1243.8867735566869 265.93411703653584 -1 -1 -1 -1 -1 -1 -1 -1 1 
15 7 Car -1.000000 -1 -1 502.1486104587969 161.8531072643822 716.7256309013985 247.36271447641948 -1 -1 -1 -1 -1 -1 -1 -1 1 
15 8 Car -1.000000 -1 -1 937.1473447541713 170.9816020843554 1082.0784656438286 229.22835236699407 -1 -1 -1 -1 -1 -1 -1 -1 1 
16 4 Car -1.000000 -1 -1 1136.681510402193 176.2648902736202 1241.4820366454362 266.7251495636698 -1 -1 -1 -1 -1 -1 -1 -1 1 
16 7 Car -1.000000 -1 -1 432.1016896908123 149.9956589515284 674.2435816899849 249.93743133480584 -1 -1 -1 -1 -1 -1 -1 -1 1 
16 8 Car -1.000000 -1 -1 896.6055408158785 173.63691176687684 1038.5465586284924 228.21011851506967 -1 -1 -1 -1 -1 -1 -1 -1 1 
17 4 Car -1.000000 -1 -1 1137.1102979327056 179.88826149342043 1239.751287043437 266.84556514854796 -1 -1 -1 -1 -1 -1 -1 -1 1 
17 7 Car -1.000000 -1 -1 376.4968352008724 171.9091326566768 608.6287680083875 262.427316346357 -1 -1 -1 -1 -1 -1 -1 -1 1 
17 8 Car -1.000000 -1 -1 854.6085265461882 178.35946347417226 993.1494011116482 231.95673862199203 -1 -1 -1 -1 -1 -1 -1 -1 1 
18 4 Car -1.000000 -1 -1 1134.8254147531457 181.18542651798546 1238.8101229318204 267.4766012693673 -1 -1 -1 -1 -1 -1 -1 -1 1 
18 7 Car -1.000000 -1 -1 304.63705581349603 160.38251944103337 570.7479052097099 266.2559314701356 -1 -1 -1 -1 -1 -1 -1 -1 1 
18 8 Car -1.000000 -1 -1 804.853338593503 179.00632128200542 951.4308733718651 235.45374569860928 -1 -1 -1 -1 -1 -1 -1 -1 1 
19 4 Car -1.000000 -1 -1 1131.9319031442544 178.95829171045548 1239.001769895096 263.5004512151869 -1 -1 -1 -1 -1 -1 -1 -1 1 
19 7 Car -1.000000 -1 -1 204.75210450567783 160.2310053460913 504.489878756165 278.84809213493554 -1 -1 -1 -1 -1 -1 -1 -1 1 
19 8 Car -1.000000 -1 -1 757.5099858987853 180.543489665333 911.2231155571255 237.21447322804303 -1 -1 -1 -1 -1 -1 -1 -1 1 
19 10 Car -1.000000 -1 -1 983.5794341718654 182.27807914568837 1094.5847340779703 224.41116491030212 -1 -1 -1 -1 -1 -1 -1 -1 1 
20 4 Car -1.000000 -1 -1 1121.50670238569 176.59392191388318 1239.2810824144383 261.0342631732044 -1 -1 -1 -1 -1 -1 -1 -1 1 
20 7 Car -1.000000 -1 -1 78.34452516724122 153.30036545616548 422.7186153716235 296.058100682095 -1 -1 -1 -1 -1 -1 -1 -1 1 
20 8 Car -1.000000 -1 -1 710.5576601259664 180.3767148676852 870.9300010602252 238.22981625155643 -1 -1 -1 -1 -1 -1 -1 -1 1 
20 10 Car -1.000000 -1 -1 945.7967412658917 182.0172497741548 1051.543277793783 224.28667537088523 -1 -1 -1 -1 -1 -1 -1 -1 1 
21 4 Car -1.000000 -1 -1 1111.0557394542548 176.7274851927407 1230.806332389848 259.74869476056773 -1 -1 -1 -1 -1 -1 -1 -1 1 
21 7 Car -1.000000 -1 -1 -3.579025922465462 162.8470147534833 342.2723610137857 313.4933219951496 -1 -1 -1 -1 -1 -1 -1 -1 1 
21 8 Car -1.000000 -1 -1 665.9094531856023 181.04138680807588 826.7619130038242 242.50725346783483 -1 -1 -1 -1 -1 -1 -1 -1 1 
21 10 Car -1.000000 -1 -1 917.8080236261266 178.00231538709502 1015.0949708725609 223.12812008333646 -1 -1 -1 -1 -1 -1 -1 -1 1 
22 4 Car -1.000000 -1 -1 1096.5858891757932 179.75910823815747 1211.7736336731364 256.9543823909919 -1 -1 -1 -1 -1 -1 -1 -1 1 
22 7 Car -1.000000 -1 -1 1.6823093041648178 160.82634999111428 230.53088066305412 317.3633720550919 -1 -1 -1 -1 -1 -1 -1 -1 1 
22 8 Car -1.000000 -1 -1 616.3836010346766 183.35983328119755 782.2056352340707 251.24503892274655 -1 -1 -1 -1 -1 -1 -1 -1 1 
22 10 Car -1.000000 -1 -1 875.619093795841 181.91100857418127 976.2165768551226 226.23822424633485 -1 -1 -1 -1 -1 -1 -1 -1 1 
23 4 Car -1.000000 -1 -1 1073.0449443606842 182.20190430422463 1190.8507523311812 255.27865331398223 -1 -1 -1 -1 -1 -1 -1 -1 1 
23 7 Car -1.000000 -1 -1 -72.80403649138226 135.3700512031748 188.50459511905956 342.8007034293885 -1 -1 -1 -1 -1 -1 -1 -1 1 
23 8 Car -1.000000 -1 -1 563.1168220233376 183.00454231746477 735.1866491406313 255.33970173351798 -1 -1 -1 -1 -1 -1 -1 -1 1 
23 10 Car -1.000000 -1 -1 829.5155805101634 182.720009769561 941.7378518426561 228.68596060596656 -1 -1 -1 -1 -1 -1 -1 -1 1 
24 4 Car -1.000000 -1 -1 1059.1498243719852 189.0421742753232 1169.091825863671 255.1245932744949 -1 -1 -1 -1 -1 -1 -1 -1 1 
24 7 Car -1.000000 -1 -1 -127.57698982828367 133.7699892157641 145.47500936891447 350.5268312743908 -1 -1 -1 -1 -1 -1 -1 -1 1 
24 8 Car -1.000000 -1 -1 490.90046402078445 182.27212446787917 690.6202591374898 265.5069330082506 -1 -1 -1 -1 -1 -1 -1 -1 1 
24 10 Car -1.000000 -1 -1 791.9329357928497 185.8558072377976 900.2514714117701 231.75339307172936 -1 -1 -1 -1 -1 -1 -1 -1 1 
25 4 Car -1.000000 -1 -1 1028.3671204216569 188.50153160469654 1140.3902006658802 254.54486980264466 -1 -1 -1 -1 -1 -1 -1 -1 1 
25 8 Car -1.000000 -1 -1 420.0136019208872 181.14752040700307 622.3461600631936 274.0311249332568 -1 -1 -1 -1 -1 -1 -1 -1 1 
25 10 Car -1.000000 -1 -1 751.0813107133202 186.40163806286284 859.0289955503766 234.71682609712713 -1 -1 -1 -1 -1 -1 -1 -1 1 
26 4 Car -1.000000 -1 -1 999.7194342170015 186.79270871290564 1097.641587347638 251.8571323615915 -1 -1 -1 -1 -1 -1 -1 -1 1 
26 8 Car -1.000000 -1 -1 337.69507003837424 182.67964800894617 564.4285348809113 281.904418103278 -1 -1 -1 -1 -1 -1 -1 -1 1 
26 10 Car -1.000000 -1 -1 710.7197691249305 184.1198000675475 811.1816004798185 233.11783515571062 -1 -1 -1 -1 -1 -1 -1 -1 1 
27 4 Car -1.000000 -1 -1 973.309152807205 184.31588685766076 1071.8959860627483 251.56551488412728 -1 -1 -1 -1 -1 -1 -1 -1 1 
27 8 Car -1.000000 -1 -1 226.45633030484547 180.26011965832606 519.3176530524968 297.10050398910613 -1 -1 -1 -1 -1 -1 -1 -1 1 
27 10 Car -1.000000 -1 -1 669.0548814346889 182.75602379064722 773.814523650278 235.60393892916147 -1 -1 -1 -1 -1 -1 -1 -1 1 
27 17 Car -1.000000 -1 -1 919.0714686975367 180.427139315638 964.0853954935405 205.4553127930433 -1 -1 -1 -1 -1 -1 -1 -1 1 
28 4 Car -1.000000 -1 -1 945.6592837474824 186.90332545838973 1033.2546591373264 248.60091812984172 -1 -1 -1 -1 -1 -1 -1 -1 1 
28 8 Car -1.000000 -1 -1 78.0723109421424 181.56076610107647 424.05151323367943 307.215841162586 -1 -1 -1 -1 -1 -1 -1 -1 1 
28 10 Car -1.000000 -1 -1 614.9024788298462 184.12301928408368 731.7423105926077 239.88402779883756 -1 -1 -1 -1 -1 -1 -1 -1 1 
28 17 Car -1.000000 -1 -1 917.7086262504083 176.6646795928239 960.2394697006569 200.3122379837604 -1 -1 -1 -1 -1 -1 -1 -1 1 
29 4 Car -1.000000 -1 -1 922.2163913893032 186.24798547519572 1000.5499257663141 240.8036750708349 -1 -1 -1 -1 -1 -1 -1 -1 1 
29 8 Car -1.000000 -1 -1 -3.41633112738441 178.04240660305396 336.1948897669992 334.19133746544804 -1 -1 -1 -1 -1 -1 -1 -1 1 
29 10 Car -1.000000 -1 -1 556.0736780791275 183.67170062946792 692.317458189164 245.48819000354186 -1 -1 -1 -1 -1 -1 -1 -1 1 
30 4 Car -1.000000 -1 -1 886.4408114358373 185.728960450905 962.0414874754254 239.95603812193596 -1 -1 -1 -1 -1 -1 -1 -1 1 
30 8 Car -1.000000 -1 -1 -6.932170554124369 180.38744843152625 208.87875895863743 327.6166950653312 -1 -1 -1 -1 -1 -1 -1 -1 1 
30 10 Car -1.000000 -1 -1 498.22462074539493 185.933940526194 633.8080947675498 249.1786869091343 -1 -1 -1 -1 -1 -1 -1 -1 1 
31 4 Car -1.000000 -1 -1 847.2804141818236 182.4726936553007 926.7097733895562 239.9303568151753 -1 -1 -1 -1 -1 -1 -1 -1 1 
31 8 Car -1.000000 -1 -1 -65.98553340352224 180.90761076891653 158.24544840930656 333.88309928504407 -1 -1 -1 -1 -1 -1 -1 -1 1 
31 10 Car -1.000000 -1 -1 431.55081174395497 184.9244811519895 588.2574164591906 251.38053738932047 -1 -1 -1 -1 -1 -1 -1 -1 1 
32 4 Car -1.000000 -1 -1 823.7831895876142 182.23866458084456 901.3686182337672 238.36275735947257 -1 -1 -1 -1 -1 -1 -1 -1 1 
32 10 Car -1.000000 -1 -1 362.6951575318368 182.60853307883548 533.181509500743 259.6966467016469 -1 -1 -1 -1 -1 -1 -1 -1 1 
32 28 Car -1.000000 -1 -1 731.4658052032111 179.91562110206476 772.4264502972025 204.41283629219424 -1 -1 -1 -1 -1 -1 -1 -1 1 
33 10 Car -1.000000 -1 -1 271.80836199225126 181.05685353971577 465.87440435454585 270.69098591787525 -1 -1 -1 -1 -1 -1 -1 -1 1 
33 28 Car -1.000000 -1 -1 740.5174859037794 177.37191988702972 776.7053907344762 199.01471760275666 -1 -1 -1 -1 -1 -1 -1 -1 1 
33 31 Car -1.000000 -1 -1 684.2256615414025 178.66753115844625 725.2901886815743 204.8295851043054 -1 -1 -1 -1 -1 -1 -1 -1 1 
34 10 Car -1.000000 -1 -1 164.95909599740793 182.94247234391656 393.66996408090864 286.71840829069487 -1 -1 -1 -1 -1 -1 -1 -1 1 
34 31 Car -1.000000 -1 -1 686.9474701863708 175.60700126940037 725.052201748528 199.88338247137983 -1 -1 -1 -1 -1 -1 -1 -1 1 
35 10 Car -1.000000 -1 -1 27.206307380913785 188.04885974672587 321.2988182041282 303.9565825432368 -1 -1 -1 -1 -1 -1 -1 -1 1 
36 10 Car -1.000000 -1 -1 -33.725676112780874 186.0356253230415 267.7077589389709 320.6343404274103 -1 -1 -1 -1 -1 -1 -1 -1 1 
36 38 Car -1.000000 -1 -1 419.2635072939762 184.6773765092817 516.4296302456014 227.79996718389765 -1 -1 -1 -1 -1 -1 -1 -1 1 
37 10 Car -1.000000 -1 -1 -33.81430608747473 185.26043586836147 161.04356952340243 326.25328243612205 -1 -1 -1 -1 -1 -1 -1 -1 1 
37 38 Car -1.000000 -1 -1 370.80756724516283 185.32347197341795 477.4259808715164 232.84087634284327 -1 -1 -1 -1 -1 -1 -1 -1 1 
37 40 Car -1.000000 -1 -1 574.1418468731551 182.54283722485746 601.1889562517819 200.4390333961228 -1 -1 -1 -1 -1 -1 -1 -1 1 
38 10 Car -1.000000 -1 -1 -89.70800233343641 185.3357481647889 112.34516812470565 331.53672626334026 -1 -1 -1 -1 -1 -1 -1 -1 1 
38 38 Car -1.000000 -1 -1 317.8397664007849 186.58585821579157 439.86581968621505 237.84408875715255 -1 -1 -1 -1 -1 -1 -1 -1 1 
38 40 Car -1.000000 -1 -1 579.4587358573191 184.3107078741811 599.1946171955458 197.36930272286642 -1 -1 -1 -1 -1 -1 -1 -1 1 
38 41 Car -1.000000 -1 -1 550.9555865427849 182.47348116283248 577.7044213337617 201.80613489768984 -1 -1 -1 -1 -1 -1 -1 -1 1 
39 38 Car -1.000000 -1 -1 276.0494752599144 187.80509910090677 411.70380342136025 249.5098320607543 -1 -1 -1 -1 -1 -1 -1 -1 1 
39 41 Car -1.000000 -1 -1 557.3467777840527 184.16529744467215 578.0067005553823 199.09720883252845 -1 -1 -1 -1 -1 -1 -1 -1 1 
40 38 Car -1.000000 -1 -1 227.97296046519483 188.91426295987316 372.59075301644947 251.1490014070858 -1 -1 -1 -1 -1 -1 -1 -1 1 
40 46 Car -1.000000 -1 -1 461.60651788733935 181.87584611159292 509.4341643131179 210.43164431716562 -1 -1 -1 -1 -1 -1 -1 -1 1 
41 38 Car -1.000000 -1 -1 171.45631187722444 187.30921199375146 344.7665517408142 262.22724898341306 -1 -1 -1 -1 -1 -1 -1 -1 1 
41 46 Car -1.000000 -1 -1 472.8019241597901 180.57656212531168 511.3566655799133 204.4829165451641 -1 -1 -1 -1 -1 -1 -1 -1 1 
41 48 Car -1.000000 -1 -1 369.6682635917725 185.3470849660308 437.37076026294955 224.70538183623609 -1 -1 -1 -1 -1 -1 -1 -1 1 
42 38 Car -1.000000 -1 -1 111.13696579282676 191.5280982113419 308.9037383811787 272.9727615638046 -1 -1 -1 -1 -1 -1 -1 -1 1 
42 46 Car -1.000000 -1 -1 474.0801728895569 179.39884687487378 510.05919470441177 201.70809665462903 -1 -1 -1 -1 -1 -1 -1 -1 1 
42 48 Car -1.000000 -1 -1 341.8008806746356 183.731065345209 418.737296594055 229.37325335823624 -1 -1 -1 -1 -1 -1 -1 -1 1 
43 4 Car -1.000000 -1 -1 567.1785215594685 183.32571167372004 619.9404860437669 223.53262307527214 -1 -1 -1 -1 -1 -1 -1 -1 1 
43 38 Car -1.000000 -1 -1 41.23966340264256 195.74589710889018 271.51903005220674 283.6075810020385 -1 -1 -1 -1 -1 -1 -1 -1 1 
43 48 Car -1.000000 -1 -1 328.71950561743904 185.73040520802994 409.50949294351204 231.99626089593082 -1 -1 -1 -1 -1 -1 -1 -1 1 
43 50 Car -1.000000 -1 -1 397.687473897873 181.79390410362308 449.2446622737425 218.5119629122829 -1 -1 -1 -1 -1 -1 -1 -1 1 
44 4 Car -1.000000 -1 -1 562.1281179766329 183.0484275851351 615.3755634962624 223.53502918989216 -1 -1 -1 -1 -1 -1 -1 -1 1 
44 38 Car -1.000000 -1 -1 1.7855731278311424 194.922219811574 242.63337467918467 301.59493181040676 -1 -1 -1 -1 -1 -1 -1 -1 1 
44 48 Car -1.000000 -1 -1 304.48368000187133 188.10906467243638 388.70056290444734 236.71911556500046 -1 -1 -1 -1 -1 -1 -1 -1 1 
44 50 Car -1.000000 -1 -1 386.90580383373685 184.9649206659485 438.1632994984756 221.81719144101314 -1 -1 -1 -1 -1 -1 -1 -1 1 
45 4 Car -1.000000 -1 -1 560.6855450426763 183.37751900340677 613.1112183967366 223.32690079081368 -1 -1 -1 -1 -1 -1 -1 -1 1 
45 38 Car -1.000000 -1 -1 -6.604038241634456 199.43363856978436 203.5661666964172 327.35522703104976 -1 -1 -1 -1 -1 -1 -1 -1 1 
45 48 Car -1.000000 -1 -1 271.5284956363061 191.70383526947606 366.9908145630958 243.77407561911565 -1 -1 -1 -1 -1 -1 -1 -1 1 
45 50 Car -1.000000 -1 -1 373.5854042420597 186.7098651769907 427.1756420291417 224.50800167869855 -1 -1 -1 -1 -1 -1 -1 -1 1 
46 4 Car -1.000000 -1 -1 543.3126962526834 183.40729015051033 594.3765726086516 222.31924646139765 -1 -1 -1 -1 -1 -1 -1 -1 1 
46 38 Car -1.000000 -1 -1 -16.682117423138735 202.1828113339987 151.60827422792227 333.4656215664812 -1 -1 -1 -1 -1 -1 -1 -1 1 
46 48 Car -1.000000 -1 -1 249.35545364762064 192.26837103249443 355.15424263282375 246.61905294920362 -1 -1 -1 -1 -1 -1 -1 -1 1 
46 50 Car -1.000000 -1 -1 362.44774266080316 186.39113359128856 418.6118232639358 226.0877548112316 -1 -1 -1 -1 -1 -1 -1 -1 1 
47 38 Car -1.000000 -1 -1 -58.33086083353472 203.05359513221424 118.78481327555207 341.22222405843934 -1 -1 -1 -1 -1 -1 -1 -1 1 
47 48 Car -1.000000 -1 -1 216.52815625140238 192.30094728058742 343.31468535738315 251.73005671987414 -1 -1 -1 -1 -1 -1 -1 -1 1 
47 50 Car -1.000000 -1 -1 350.50978581829713 187.3061074871214 408.8125138319884 228.51432168099004 -1 -1 -1 -1 -1 -1 -1 -1 1 
48 48 Car -1.000000 -1 -1 191.4392081100257 195.4354844296589 322.0986572997681 255.68248360366024 -1 -1 -1 -1 -1 -1 -1 -1 1 
49 48 Car -1.000000 -1 -1 131.837418352921 196.01857010367246 295.4989451027309 267.94126743185933 -1 -1 -1 -1 -1 -1 -1 -1 1 
50 48 Car -1.000000 -1 -1 81.31492174949193 194.47845408920097 266.20400653385497 280.9592512528719 -1 -1 -1 -1 -1 -1 -1 -1 1 
50 56 Car -1.000000 -1 -1 442.0849268451256 186.73708333896874 478.9736955207623 209.68582071664343 -1 -1 -1 -1 -1 -1 -1 -1 1 
50 57 Car -1.000000 -1 -1 304.3866439508872 184.33845465881643 392.92007486521254 237.78388990653255 -1 -1 -1 -1 -1 -1 -1 -1 1 
51 48 Car -1.000000 -1 -1 11.083031721503929 198.39752552456636 234.78639830519643 298.48082472956435 -1 -1 -1 -1 -1 -1 -1 -1 1 
51 56 Car -1.000000 -1 -1 442.03810104007835 188.60740345057192 477.95751988629587 210.02880681139294 -1 -1 -1 -1 -1 -1 -1 -1 1 
51 57 Car -1.000000 -1 -1 277.174200751127 190.40553643407645 378.85542000186865 245.25531786919237 -1 -1 -1 -1 -1 -1 -1 -1 1 
52 48 Car -1.000000 -1 -1 -7.051498607490032 200.33509005486627 207.79212168776456 312.10937561008717 -1 -1 -1 -1 -1 -1 -1 -1 1 
52 56 Car -1.000000 -1 -1 442.2275649457976 189.52104037792148 477.0120323105633 210.26558683219073 -1 -1 -1 -1 -1 -1 -1 -1 1 
52 57 Car -1.000000 -1 -1 256.7097636291238 192.68023376550246 361.1465032675674 248.3860709402789 -1 -1 -1 -1 -1 -1 -1 -1 1 
52 59 Car -1.000000 -1 -1 566.7315143838141 180.85224683426836 610.4197135606944 220.07322494215674 -1 -1 -1 -1 -1 -1 -1 -1 1 
53 48 Car -1.000000 -1 -1 -3.619606752992155 199.46563013709593 146.82866535960406 331.09666293352245 -1 -1 -1 -1 -1 -1 -1 -1 1 
53 57 Car -1.000000 -1 -1 223.30503129600274 192.8851902236276 338.38223149939614 254.73090172144305 -1 -1 -1 -1 -1 -1 -1 -1 1 
53 59 Car -1.000000 -1 -1 567.1297912234592 180.90301754267665 611.4873043744651 220.72487071991435 -1 -1 -1 -1 -1 -1 -1 -1 1 
54 48 Car -1.000000 -1 -1 -17.831348138770196 205.09769605525193 101.17382263682889 330.49406625564285 -1 -1 -1 -1 -1 -1 -1 -1 1 
54 57 Car -1.000000 -1 -1 189.26235793929044 190.54992997305308 315.59750774956643 259.50284302562306 -1 -1 -1 -1 -1 -1 -1 -1 1 
54 59 Car -1.000000 -1 -1 565.882165502849 178.92151020461998 608.558340193213 216.5705584827743 -1 -1 -1 -1 -1 -1 -1 -1 1 
55 48 Car -1.000000 -1 -1 -45.50282005227044 206.2911157277279 78.57130935394568 337.0305825493906 -1 -1 -1 -1 -1 -1 -1 -1 1 
55 57 Car -1.000000 -1 -1 139.92543736368037 193.85490101432248 291.4509610411738 270.0523124721018 -1 -1 -1 -1 -1 -1 -1 -1 1 
55 59 Car -1.000000 -1 -1 567.7812670035095 179.3849141023606 609.2501728596873 215.89331652565795 -1 -1 -1 -1 -1 -1 -1 -1 1 
56 57 Car -1.000000 -1 -1 76.55885316857372 193.26058684493694 266.4674562636877 284.04386776762 -1 -1 -1 -1 -1 -1 -1 -1 1 
56 59 Car -1.000000 -1 -1 567.7097864772402 180.85732819523528 609.6368152976731 218.16208323585812 -1 -1 -1 -1 -1 -1 -1 -1 1 
56 61 Car -1.000000 -1 -1 420.91855869222434 194.22739038670315 458.5964784319407 216.7123161638132 -1 -1 -1 -1 -1 -1 -1 -1 1 
57 57 Car -1.000000 -1 -1 7.433764388004761 196.35489404898945 235.29593842978005 302.376425183632 -1 -1 -1 -1 -1 -1 -1 -1 1 
57 59 Car -1.000000 -1 -1 568.048220723312 180.96339458807842 609.838010231692 218.14604020302602 -1 -1 -1 -1 -1 -1 -1 -1 1 
57 61 Car -1.000000 -1 -1 412.5384408059165 193.49405605626077 457.4278079306337 219.40796524091587 -1 -1 -1 -1 -1 -1 -1 -1 1 
57 62 Car -1.000000 -1 -1 308.0140885086438 183.50087973873752 392.166693043576 239.57598826275182 -1 -1 -1 -1 -1 -1 -1 -1 1 
58 57 Car -1.000000 -1 -1 -6.841971789757608 201.59079694269843 209.51580323319877 325.2425491060137 -1 -1 -1 -1 -1 -1 -1 -1 1 
58 61 Car -1.000000 -1 -1 402.0131957487311 199.579220540151 448.3918685754594 222.3845085534761 -1 -1 -1 -1 -1 -1 -1 -1 1 
58 62 Car -1.000000 -1 -1 283.4771073800504 190.69880688751584 372.9432995968783 246.17323989128363 -1 -1 -1 -1 -1 -1 -1 -1 1 
59 57 Car -1.000000 -1 -1 -6.038075766250472 193.72825419200242 145.5634834994886 338.7300103867242 -1 -1 -1 -1 -1 -1 -1 -1 1 
59 61 Car -1.000000 -1 -1 393.0434378037672 191.53896907274975 453.7345878755224 222.431574925546 -1 -1 -1 -1 -1 -1 -1 -1 1 
59 62 Car -1.000000 -1 -1 261.08119696633463 189.63425532737182 357.8188229285741 247.78505698564462 -1 -1 -1 -1 -1 -1 -1 -1 1 
60 57 Car -1.000000 -1 -1 -27.76423154808988 202.69278365396102 95.62187213469416 329.2512800679355 -1 -1 -1 -1 -1 -1 -1 -1 1 
60 61 Car -1.000000 -1 -1 390.01058926787414 190.57620267659644 443.98326228152285 221.14333004501796 -1 -1 -1 -1 -1 -1 -1 -1 1 
60 62 Car -1.000000 -1 -1 225.1539966426459 188.48149017512753 337.7754103071627 251.6046536714544 -1 -1 -1 -1 -1 -1 -1 -1 1 
60 63 Car -1.000000 -1 -1 572.1111765028594 181.58240225364565 609.5446647409691 217.2514997664951 -1 -1 -1 -1 -1 -1 -1 -1 1 
61 57 Car -1.000000 -1 -1 -56.01996283186395 204.26034693758203 72.80534541482518 336.39923653441565 -1 -1 -1 -1 -1 -1 -1 -1 1 
61 61 Car -1.000000 -1 -1 385.29964760867733 190.88168514933983 439.37858569144504 221.62305935334587 -1 -1 -1 -1 -1 -1 -1 -1 1 
61 62 Car -1.000000 -1 -1 199.2982340757575 188.31911966106713 318.39689658456905 253.89654837004184 -1 -1 -1 -1 -1 -1 -1 -1 1 
61 63 Car -1.000000 -1 -1 573.5871195400028 180.02583712154834 611.0166643938378 215.85807908775664 -1 -1 -1 -1 -1 -1 -1 -1 1 
62 61 Car -1.000000 -1 -1 369.78370484270334 187.98523759190533 432.8031993839799 223.3234076265448 -1 -1 -1 -1 -1 -1 -1 -1 1 
62 62 Car -1.000000 -1 -1 152.73612622322892 184.08091383286683 304.93254218824325 264.7218142676179 -1 -1 -1 -1 -1 -1 -1 -1 1 
62 63 Car -1.000000 -1 -1 580.7711179595256 179.0441879362656 618.2619231177671 214.2591526714818 -1 -1 -1 -1 -1 -1 -1 -1 1 
63 61 Car -1.000000 -1 -1 360.8138997400851 186.11108264089577 427.81471793949913 224.48019499918715 -1 -1 -1 -1 -1 -1 -1 -1 1 
63 62 Car -1.000000 -1 -1 92.34933302324269 186.83813007521084 276.91662183929435 278.3892947274825 -1 -1 -1 -1 -1 -1 -1 -1 1 
63 63 Car -1.000000 -1 -1 576.9530897366707 179.60153604810242 613.3631693027455 212.83398446725158 -1 -1 -1 -1 -1 -1 -1 -1 1 
64 61 Car -1.000000 -1 -1 354.0352657573467 185.33616713635632 424.3181084028863 225.58479369641023 -1 -1 -1 -1 -1 -1 -1 -1 1 
64 62 Car -1.000000 -1 -1 21.594756123997115 186.16867586291949 237.1358242344985 292.64874715226756 -1 -1 -1 -1 -1 -1 -1 -1 1 
64 63 Car -1.000000 -1 -1 578.1382326157172 178.90638686578103 613.884967726989 211.53337841422646 -1 -1 -1 -1 -1 -1 -1 -1 1 
65 62 Car -1.000000 -1 -1 -11.859070511855279 191.42301594762242 196.67550068306934 313.90960321018764 -1 -1 -1 -1 -1 -1 -1 -1 1 
66 62 Car -1.000000 -1 -1 -0.053478940133558694 192.72185257228287 145.07235007479915 342.64760158995307 -1 -1 -1 -1 -1 -1 -1 -1 1 
67 62 Car -1.000000 -1 -1 -16.456059893392272 203.5731058041385 82.25442346701075 330.03277704997964 -1 -1 -1 -1 -1 -1 -1 -1 1 
67 63 Car -1.000000 -1 -1 587.0174569313589 176.7441626124416 622.1625953326101 208.39023852948654 -1 -1 -1 -1 -1 -1 -1 -1 1 
67 65 Car -1.000000 -1 -1 293.93884124044433 194.28922022249873 401.096158250118 241.23048182945112 -1 -1 -1 -1 -1 -1 -1 -1 1 
68 62 Car -1.000000 -1 -1 -44.12110824096888 204.64421598687298 59.11702413419569 336.9061311849141 -1 -1 -1 -1 -1 -1 -1 -1 1 
68 63 Car -1.000000 -1 -1 586.7295425809305 174.21541333517632 622.3570144568791 205.51857977545876 -1 -1 -1 -1 -1 -1 -1 -1 1 
68 65 Car -1.000000 -1 -1 266.8389764368941 186.7392833948668 391.6540782463127 240.29876603551222 -1 -1 -1 -1 -1 -1 -1 -1 1 
69 63 Car -1.000000 -1 -1 588.4320475054527 173.23428056311576 623.5292779898942 204.07155250748738 -1 -1 -1 -1 -1 -1 -1 -1 1 
69 65 Car -1.000000 -1 -1 240.28717636392383 182.946661193065 376.9869370834423 242.27925548678994 -1 -1 -1 -1 -1 -1 -1 -1 1 
70 65 Car -1.000000 -1 -1 221.70315455691247 179.97375497477006 368.47705740425704 243.67888921375845 -1 -1 -1 -1 -1 -1 -1 -1 1 
70 69 Car -1.000000 -1 -1 509.2547187682972 172.53415167441145 526.964465783446 180.23933202948854 -1 -1 -1 -1 -1 -1 -1 -1 1 
71 69 Car -1.000000 -1 -1 508.97127226574224 172.93646362427802 526.8754071234913 180.7262183711353 -1 -1 -1 -1 -1 -1 -1 -1 1 
72 70 Car -1.000000 -1 -1 583.9861745537386 181.73769987088397 626.3878883367402 212.05731314044058 -1 -1 -1 -1 -1 -1 -1 -1 1 
73 70 Car -1.000000 -1 -1 583.5060882236493 182.49135271584353 623.7556736122116 211.79892078946284 -1 -1 -1 -1 -1 -1 -1 -1 1 
74 70 Car -1.000000 -1 -1 585.7690425109654 179.93333933874158 623.5321361840636 207.70817927477094 -1 -1 -1 -1 -1 -1 -1 -1 1 
74 71 Car -1.000000 -1 -1 -24.20286489085146 205.4403092683075 240.05624548239848 321.8749322248882 -1 -1 -1 -1 -1 -1 -1 -1 1 
74 72 Car -1.000000 -1 -1 510.4056447067482 180.95612134385865 527.6368320459427 188.0577935699617 -1 -1 -1 -1 -1 -1 -1 -1 1 
75 70 Car -1.000000 -1 -1 586.6941628613321 178.66223776577272 621.7258997530148 204.72816852192582 -1 -1 -1 -1 -1 -1 -1 -1 1 
75 71 Car -1.000000 -1 -1 -31.589999090408682 195.6851614125012 191.5367587599925 341.64164830097775 -1 -1 -1 -1 -1 -1 -1 -1 1 
75 72 Car -1.000000 -1 -1 510.0657762186176 178.9878278500863 526.6748980884911 185.9469300312163 -1 -1 -1 -1 -1 -1 -1 -1 1 
76 70 Car -1.000000 -1 -1 586.7411198376429 178.87350385419484 620.7698095705657 204.1931044548187 -1 -1 -1 -1 -1 -1 -1 -1 1 
76 71 Car -1.000000 -1 -1 -64.99773514376791 194.0440696988787 182.07475651319464 355.6646789375611 -1 -1 -1 -1 -1 -1 -1 -1 1 
76 72 Car -1.000000 -1 -1 509.9189850355684 177.89699024978057 526.7844784384464 184.963510485079 -1 -1 -1 -1 -1 -1 -1 -1 1 
80 75 Car -1.000000 -1 -1 506.3842435422423 178.06051807957138 522.5197786569681 185.12657482913053 -1 -1 -1 -1 -1 -1 -1 -1 1 
80 76 Car -1.000000 -1 -1 421.99468477764907 165.13204801200033 466.782378691277 192.40875964050434 -1 -1 -1 -1 -1 -1 -1 -1 1 
81 75 Car -1.000000 -1 -1 507.23217935308486 178.09668016490787 522.1042826123421 184.60945626786787 -1 -1 -1 -1 -1 -1 -1 -1 1 
81 76 Car -1.000000 -1 -1 419.0240859681118 162.70601269365744 465.51116662978603 190.23506893360036 -1 -1 -1 -1 -1 -1 -1 -1 1 
84 76 Car -1.000000 -1 -1 417.03377713801706 161.77131794138373 463.46822535534767 189.26920307164283 -1 -1 -1 -1 -1 -1 -1 -1 1 
86 77 Car -1.000000 -1 -1 574.3686736013182 171.80569965382318 602.144184518275 199.65071152858314 -1 -1 -1 -1 -1 -1 -1 -1 1 
87 77 Car -1.000000 -1 -1 573.1917708092283 173.01076368181654 600.9961056406944 200.8846699501738 -1 -1 -1 -1 -1 -1 -1 -1 1 
94 70 Car -1.000000 -1 -1 570.0756987154876 183.07567913215553 603.5513212907134 208.90014239631904 -1 -1 -1 -1 -1 -1 -1 -1 1 
100 70 Car -1.000000 -1 -1 568.9221627394313 183.38450061048107 602.3170174818723 209.14667021198926 -1 -1 -1 -1 -1 -1 -1 -1 1 
122 85 Car -1.000000 -1 -1 395.5786062067066 180.0261201419122 454.67902837130754 212.59459738964813 -1 -1 -1 -1 -1 -1 -1 -1 1 
123 85 Car -1.000000 -1 -1 381.37646495655304 175.98023651683525 444.6213814206388 211.20164369386862 -1 -1 -1 -1 -1 -1 -1 -1 1 
124 85 Car -1.000000 -1 -1 359.3454209997101 168.3899455265456 438.4813064280742 216.22910816860053 -1 -1 -1 -1 -1 -1 -1 -1 1 
125 85 Car -1.000000 -1 -1 341.15045982475965 175.50451758255323 419.757839452254 222.36546805751942 -1 -1 -1 -1 -1 -1 -1 -1 1 
127 85 Car -1.000000 -1 -1 281.2621744759854 175.41449729414364 383.1699930101785 235.96551441432803 -1 -1 -1 -1 -1 -1 -1 -1 1 
128 85 Car -1.000000 -1 -1 227.3832272260667 171.52555502910113 361.27277613110084 249.47057922718167 -1 -1 -1 -1 -1 -1 -1 -1 1 
129 85 Car -1.000000 -1 -1 143.55285730623626 165.03128054722848 322.345251405465 262.458777215204 -1 -1 -1 -1 -1 -1 -1 -1 1 
130 85 Car -1.000000 -1 -1 24.89324751804665 184.9627788250341 241.50880094240975 284.42628936537574 -1 -1 -1 -1 -1 -1 -1 -1 1 
131 85 Car -1.000000 -1 -1 -15.090435905903377 182.4168527412955 185.69780419108363 322.0256936003517 -1 -1 -1 -1 -1 -1 -1 -1 1 
131 87 Car -1.000000 -1 -1 504.47019481225055 178.62628926189424 522.1069662388792 188.93931291121996 -1 -1 -1 -1 -1 -1 -1 -1 1 
131 88 Car -1.000000 -1 -1 429.3527867219976 165.51674576771973 474.2601462247735 203.48061628508006 -1 -1 -1 -1 -1 -1 -1 -1 1 
132 85 Car -1.000000 -1 -1 -44.912588091843304 181.39110230160088 167.386316316735 329.00367114675765 -1 -1 -1 -1 -1 -1 -1 -1 1 
132 87 Car -1.000000 -1 -1 504.93801046894697 179.11931020955254 521.5391923850989 188.6245304815976 -1 -1 -1 -1 -1 -1 -1 -1 1 
132 88 Car -1.000000 -1 -1 424.026051363204 165.50865234662277 469.7551161153666 203.19838884243146 -1 -1 -1 -1 -1 -1 -1 -1 1 
132 89 Car -1.000000 -1 -1 78.65776107533485 170.06994141776096 247.9941390419513 265.8232137534094 -1 -1 -1 -1 -1 -1 -1 -1 1 
133 87 Car -1.000000 -1 -1 505.2502394113165 179.43633907243643 520.687962678445 188.27540528125667 -1 -1 -1 -1 -1 -1 -1 -1 1 
133 88 Car -1.000000 -1 -1 414.17175100218515 164.52702229479 467.837496142968 207.0967236044401 -1 -1 -1 -1 -1 -1 -1 -1 1 
133 89 Car -1.000000 -1 -1 3.0364210679361037 161.37823213647533 200.57167078740366 267.5860016343294 -1 -1 -1 -1 -1 -1 -1 -1 1 
134 88 Car -1.000000 -1 -1 406.5292001334223 163.82418687747452 462.7098883891315 208.38882992610127 -1 -1 -1 -1 -1 -1 -1 -1 1 
134 89 Car -1.000000 -1 -1 -40.550425622459244 165.71941449023825 168.73432834641744 287.3807311121025 -1 -1 -1 -1 -1 -1 -1 -1 1 
135 89 Car -1.000000 -1 -1 -90.35825684854854 163.99544487916208 141.5172213714593 298.78920763698613 -1 -1 -1 -1 -1 -1 -1 -1 1 
137 93 Car -1.000000 -1 -1 327.2928266989878 170.02600699129604 406.68884737660585 224.5789346619697 -1 -1 -1 -1 -1 -1 -1 -1 1 
138 93 Car -1.000000 -1 -1 282.03776205721533 167.06026157896054 398.74518651232006 238.87892395151624 -1 -1 -1 -1 -1 -1 -1 -1 1 
139 93 Car -1.000000 -1 -1 236.15591236209423 163.22736677910316 381.9730066334298 251.3444185191094 -1 -1 -1 -1 -1 -1 -1 -1 1 
139 95 Car -1.000000 -1 -1 501.806309165645 185.23038868609453 523.5328825068585 197.54591200444702 -1 -1 -1 -1 -1 -1 -1 -1 1 
139 96 Car -1.000000 -1 -1 587.6180516925646 181.54552017299716 621.5171216529039 203.71317393390578 -1 -1 -1 -1 -1 -1 -1 -1 1 
140 93 Car -1.000000 -1 -1 167.44215608383112 155.77861520499357 351.4499220350531 263.37878669385896 -1 -1 -1 -1 -1 -1 -1 -1 1 
140 95 Car -1.000000 -1 -1 502.36897449334924 185.81843738466688 520.9291717888138 196.6420366715555 -1 -1 -1 -1 -1 -1 -1 -1 1 
140 96 Car -1.000000 -1 -1 586.2112351297267 180.3309906746616 620.2289658698389 203.0423911277576 -1 -1 -1 -1 -1 -1 -1 -1 1 
141 93 Car -1.000000 -1 -1 64.73130461339653 157.55081433651344 300.8313561092227 280.2655579138187 -1 -1 -1 -1 -1 -1 -1 -1 1 
141 95 Car -1.000000 -1 -1 502.4060134014987 185.69318554057926 520.7853789888788 196.28525625342093 -1 -1 -1 -1 -1 -1 -1 -1 1 
141 96 Car -1.000000 -1 -1 586.8928091852952 180.4473419530822 620.8867185128171 203.50761446585943 -1 -1 -1 -1 -1 -1 -1 -1 1 
142 93 Car -1.000000 -1 -1 -27.947311133824925 146.78465992134232 261.2858483622298 305.97219996850055 -1 -1 -1 -1 -1 -1 -1 -1 1 
142 95 Car -1.000000 -1 -1 502.4491630617206 185.8878610153054 520.056040744667 196.0347450226488 -1 -1 -1 -1 -1 -1 -1 -1 1 
142 96 Car -1.000000 -1 -1 586.7224294822963 180.56025024545397 620.8446647979503 203.6434773208708 -1 -1 -1 -1 -1 -1 -1 -1 1 
143 93 Car -1.000000 -1 -1 -80.80801193469408 129.26825461553113 242.58800924664104 324.66411802025164 -1 -1 -1 -1 -1 -1 -1 -1 1 
143 96 Car -1.000000 -1 -1 586.2882351562714 178.7256404709542 620.9046506920535 202.1934870046317 -1 -1 -1 -1 -1 -1 -1 -1 1 
143 98 Car -1.000000 -1 -1 421.1232667660106 186.52440886043345 459.7009865831866 209.87898762240968 -1 -1 -1 -1 -1 -1 -1 -1 1 
144 93 Car -1.000000 -1 -1 -123.17241762385899 126.4965054217785 221.3393648927935 334.6505210637914 -1 -1 -1 -1 -1 -1 -1 -1 1 
144 96 Car -1.000000 -1 -1 585.5402173624287 176.22481226976103 621.4713859293178 200.83340608339617 -1 -1 -1 -1 -1 -1 -1 -1 1 
144 98 Car -1.000000 -1 -1 407.26848163809143 182.67726422685902 457.1753490129099 209.40558711867513 -1 -1 -1 -1 -1 -1 -1 -1 1 
145 96 Car -1.000000 -1 -1 586.9707410367698 173.68251579612638 621.3420735691367 197.69652574135412 -1 -1 -1 -1 -1 -1 -1 -1 1 
145 98 Car -1.000000 -1 -1 391.4643947674814 181.97629716836147 443.04973828785955 210.75636923436022 -1 -1 -1 -1 -1 -1 -1 -1 1 
146 96 Car -1.000000 -1 -1 586.5802508040983 173.69524765451078 620.2491066715415 197.26615372874727 -1 -1 -1 -1 -1 -1 -1 -1 1 
146 98 Car -1.000000 -1 -1 370.08883637456756 183.3518902235715 423.77438311562736 214.8315954954315 -1 -1 -1 -1 -1 -1 -1 -1 1 
147 96 Car -1.000000 -1 -1 585.622732473189 173.05989676462735 619.7849722381952 196.9233483737634 -1 -1 -1 -1 -1 -1 -1 -1 1 
147 98 Car -1.000000 -1 -1 347.56650954310834 188.45006181141136 404.73935638563086 220.89376626499174 -1 -1 -1 -1 -1 -1 -1 -1 1 
148 96 Car -1.000000 -1 -1 585.3616150199515 172.18372358481622 619.7324530026724 196.19289392382348 -1 -1 -1 -1 -1 -1 -1 -1 1 
148 98 Car -1.000000 -1 -1 324.0934643013982 187.95995860922693 399.33891500448135 226.49245900414564 -1 -1 -1 -1 -1 -1 -1 -1 1 
149 98 Car -1.000000 -1 -1 285.4517835245593 193.15329207114974 370.0976700104047 234.8570032834589 -1 -1 -1 -1 -1 -1 -1 -1 1 
150 98 Car -1.000000 -1 -1 233.76379628745346 198.68364265966383 334.00070177186905 246.28082201858913 -1 -1 -1 -1 -1 -1 -1 -1 1 
150 103 Car -1.000000 -1 -1 426.33414129775014 184.73624838605645 468.1818991766401 210.56862976873091 -1 -1 -1 -1 -1 -1 -1 -1 1 
151 98 Car -1.000000 -1 -1 166.00429354979613 197.3296546829726 307.75520812195 257.48351896973253 -1 -1 -1 -1 -1 -1 -1 -1 1 
151 103 Car -1.000000 -1 -1 414.5996570471932 184.92537660103764 459.16011406637836 211.12033763068186 -1 -1 -1 -1 -1 -1 -1 -1 1 
152 98 Car -1.000000 -1 -1 79.9546649260136 194.71940346545324 267.9713804776951 273.87012976985625 -1 -1 -1 -1 -1 -1 -1 -1 1 
152 103 Car -1.000000 -1 -1 397.82829648529344 183.520455041497 441.3773330086879 210.1482232934827 -1 -1 -1 -1 -1 -1 -1 -1 1 
153 98 Car -1.000000 -1 -1 -6.739529805834366 196.9676108047749 208.69192884241073 301.3194163225423 -1 -1 -1 -1 -1 -1 -1 -1 1 
153 103 Car -1.000000 -1 -1 380.38308072403646 180.9711794623482 436.81867588529826 211.52135313949927 -1 -1 -1 -1 -1 -1 -1 -1 1 
154 98 Car -1.000000 -1 -1 -18.570636880253033 196.72289534171566 124.6057030931988 312.37987758028703 -1 -1 -1 -1 -1 -1 -1 -1 1 
154 103 Car -1.000000 -1 -1 361.2923900319032 180.4878140052345 421.5309494554297 214.75579072382033 -1 -1 -1 -1 -1 -1 -1 -1 1 
155 98 Car -1.000000 -1 -1 -45.09956784086029 197.37188295265895 104.2324838627137 318.0023340012178 -1 -1 -1 -1 -1 -1 -1 -1 1 
155 103 Car -1.000000 -1 -1 340.3630060368544 184.94332020732153 404.4209735086335 222.3817106975764 -1 -1 -1 -1 -1 -1 -1 -1 1 
156 103 Car -1.000000 -1 -1 313.2320852667704 187.46099679225682 386.1090638211967 230.11642867646492 -1 -1 -1 -1 -1 -1 -1 -1 1 
156 107 Car -1.000000 -1 -1 441.4560290627602 178.93710374819764 475.3271449848709 201.56675212158672 -1 -1 -1 -1 -1 -1 -1 -1 1 
157 103 Car -1.000000 -1 -1 276.27107662571655 192.6134273208717 357.63550415156357 236.987936279803 -1 -1 -1 -1 -1 -1 -1 -1 1 
157 107 Car -1.000000 -1 -1 430.50559697651283 180.00906836615172 467.6562691090045 206.05183824047478 -1 -1 -1 -1 -1 -1 -1 -1 1 
158 103 Car -1.000000 -1 -1 229.55981365319343 195.98700616146016 335.3480864410374 252.50515391942398 -1 -1 -1 -1 -1 -1 -1 -1 1 
158 107 Car -1.000000 -1 -1 422.8755951873385 184.81873859173783 462.2253544470296 210.44144909181907 -1 -1 -1 -1 -1 -1 -1 -1 1 
159 103 Car -1.000000 -1 -1 151.04875581755397 198.03889366421924 303.7794100322746 266.8270482551898 -1 -1 -1 -1 -1 -1 -1 -1 1 
159 107 Car -1.000000 -1 -1 413.7392906623371 183.92015749231382 457.4495519242981 211.3915991530699 -1 -1 -1 -1 -1 -1 -1 -1 1 
160 103 Car -1.000000 -1 -1 54.78800667904255 196.60474635118314 260.5838343632788 285.45718999044556 -1 -1 -1 -1 -1 -1 -1 -1 1 
160 107 Car -1.000000 -1 -1 402.2999865449369 182.0022719202107 445.5576342473256 212.81385115016212 -1 -1 -1 -1 -1 -1 -1 -1 1 
160 109 Car -1.000000 -1 -1 583.9589600779254 179.51854122393613 619.4054415378627 201.0452395727359 -1 -1 -1 -1 -1 -1 -1 -1 1 
161 103 Car -1.000000 -1 -1 -3.3760496420207744 199.1792711065649 185.1382731104384 307.9944363519601 -1 -1 -1 -1 -1 -1 -1 -1 1 
161 107 Car -1.000000 -1 -1 387.03546156191294 180.35995139715396 439.41736507817706 213.70978002918432 -1 -1 -1 -1 -1 -1 -1 -1 1 
161 109 Car -1.000000 -1 -1 582.0930986783451 177.7344156638549 620.8404507359644 201.26573735244762 -1 -1 -1 -1 -1 -1 -1 -1 1 
162 103 Car -1.000000 -1 -1 -22.01489049280464 201.7185584420552 111.471552362478 330.32897471454544 -1 -1 -1 -1 -1 -1 -1 -1 1 
162 107 Car -1.000000 -1 -1 375.0267887172048 180.39127966125264 426.9064646174918 217.7722181687579 -1 -1 -1 -1 -1 -1 -1 -1 1 
163 103 Car -1.000000 -1 -1 -47.33316978353875 202.9768290611293 91.57123279776579 336.8087570667926 -1 -1 -1 -1 -1 -1 -1 -1 1 
163 107 Car -1.000000 -1 -1 356.98644069278345 186.50070634954648 415.06466046818355 223.1101189251555 -1 -1 -1 -1 -1 -1 -1 -1 1 
164 107 Car -1.000000 -1 -1 333.3108440697117 185.38315384334138 410.11756208146073 225.72745690547356 -1 -1 -1 -1 -1 -1 -1 -1 1 
165 107 Car -1.000000 -1 -1 301.8050220323298 184.87587813726321 382.6453371122276 230.15102927727892 -1 -1 -1 -1 -1 -1 -1 -1 1 
166 107 Car -1.000000 -1 -1 266.9948143320641 184.3296091732659 363.381556947344 235.30170747763088 -1 -1 -1 -1 -1 -1 -1 -1 1 
166 112 Car -1.000000 -1 -1 55.510348734267545 192.37712578852498 96.92577291180532 213.12728121022516 -1 -1 -1 -1 -1 -1 -1 -1 1 
167 107 Car -1.000000 -1 -1 216.3414036811948 187.39593322054017 336.44316102156927 247.89134413934798 -1 -1 -1 -1 -1 -1 -1 -1 1 
167 112 Car -1.000000 -1 -1 42.530935834711094 191.50511834273863 87.25417279315388 214.89235889455318 -1 -1 -1 -1 -1 -1 -1 -1 1 
167 113 Car -1.000000 -1 -1 421.9632973319143 174.9845906646933 463.80069838887493 206.80568639383665 -1 -1 -1 -1 -1 -1 -1 -1 1 
167 115 Car -1.000000 -1 -1 586.8296960205168 179.143331976342 624.585997323739 202.33480566162936 -1 -1 -1 -1 -1 -1 -1 -1 1 
168 107 Car -1.000000 -1 -1 152.81263481394618 183.76602321905807 309.10031382069644 256.25003492560654 -1 -1 -1 -1 -1 -1 -1 -1 1 
168 112 Car -1.000000 -1 -1 30.155818837742903 189.8425364586687 72.43231316879425 210.9861134529518 -1 -1 -1 -1 -1 -1 -1 -1 1 
168 113 Car -1.000000 -1 -1 413.37643942810035 172.03966044638443 458.7223356842795 206.61124187423476 -1 -1 -1 -1 -1 -1 -1 -1 1 
168 115 Car -1.000000 -1 -1 587.3183240273653 174.3551125734433 626.3262508786682 198.69016842388848 -1 -1 -1 -1 -1 -1 -1 -1 1 
169 107 Car -1.000000 -1 -1 58.276537080571686 179.9665337663389 253.8006880931382 272.82376120824347 -1 -1 -1 -1 -1 -1 -1 -1 1 
169 112 Car -1.000000 -1 -1 13.935917510712546 187.39407130679956 59.68329155644858 210.26371583514594 -1 -1 -1 -1 -1 -1 -1 -1 1 
169 113 Car -1.000000 -1 -1 401.68881971153763 171.92494092568433 447.8263128488557 205.91443642135258 -1 -1 -1 -1 -1 -1 -1 -1 1 
169 115 Car -1.000000 -1 -1 587.4130389244808 172.63610329704022 627.1763034330097 197.442376732061 -1 -1 -1 -1 -1 -1 -1 -1 1 
169 116 Car -1.000000 -1 -1 535.6652278165687 172.7650509926271 574.0209745299022 196.69059236078527 -1 -1 -1 -1 -1 -1 -1 -1 1 
170 107 Car -1.000000 -1 -1 -2.6767043203599314 182.8441695375751 182.015921415746 299.14379414910013 -1 -1 -1 -1 -1 -1 -1 -1 1 
170 112 Car -1.000000 -1 -1 2.4996888576762615 186.6555571812651 49.03972320408724 209.92146077825885 -1 -1 -1 -1 -1 -1 -1 -1 1 
170 113 Car -1.000000 -1 -1 387.5780925921634 171.37536012162423 436.2645606477182 206.52376261579093 -1 -1 -1 -1 -1 -1 -1 -1 1 
170 116 Car -1.000000 -1 -1 538.3732332140762 172.85014384732045 576.3000627781818 196.1974100051113 -1 -1 -1 -1 -1 -1 -1 -1 1 
171 107 Car -1.000000 -1 -1 -21.24719222910535 181.37862508906932 111.92461384880393 318.92282394885297 -1 -1 -1 -1 -1 -1 -1 -1 1 
171 113 Car -1.000000 -1 -1 373.82628417628047 170.05405526011202 429.14379661395793 209.30885574508838 -1 -1 -1 -1 -1 -1 -1 -1 1 
171 116 Car -1.000000 -1 -1 538.361745748144 172.03676757203638 576.2694704025438 195.372272873589 -1 -1 -1 -1 -1 -1 -1 -1 1 
172 107 Car -1.000000 -1 -1 -42.98719615955723 180.91129025045015 95.79639695745702 324.25332265413226 -1 -1 -1 -1 -1 -1 -1 -1 1 
172 113 Car -1.000000 -1 -1 356.30298219041526 172.1550262340679 422.79244149323034 216.356563892766 -1 -1 -1 -1 -1 -1 -1 -1 1 
173 113 Car -1.000000 -1 -1 343.8085633917676 172.9818899518038 426.5421177733322 221.93362410050247 -1 -1 -1 -1 -1 -1 -1 -1 1 
174 113 Car -1.000000 -1 -1 316.3486310090066 174.22060678557668 401.3191858720135 223.6202853480798 -1 -1 -1 -1 -1 -1 -1 -1 1 
174 119 Car -1.000000 -1 -1 520.8866733805945 178.60184834421256 562.5726248276906 205.82061793190667 -1 -1 -1 -1 -1 -1 -1 -1 1 
175 113 Car -1.000000 -1 -1 287.1153365685971 171.6253443984575 389.6947247600336 227.5370991053029 -1 -1 -1 -1 -1 -1 -1 -1 1 
175 119 Car -1.000000 -1 -1 520.7375911145508 177.02036039860508 559.8431700600505 204.66300747930575 -1 -1 -1 -1 -1 -1 -1 -1 1 
176 113 Car -1.000000 -1 -1 242.9300573588592 169.1247260739148 359.8361096409284 231.4594339093523 -1 -1 -1 -1 -1 -1 -1 -1 1 
176 119 Car -1.000000 -1 -1 518.9429487497897 177.04210520055318 558.6221837275311 204.97907847529214 -1 -1 -1 -1 -1 -1 -1 -1 1 
177 113 Car -1.000000 -1 -1 203.5555395351072 172.8142488896307 332.4667561712864 241.62588838573942 -1 -1 -1 -1 -1 -1 -1 -1 1 
177 119 Car -1.000000 -1 -1 516.5994393666956 176.08915524520572 559.0081946076137 206.36968029342972 -1 -1 -1 -1 -1 -1 -1 -1 1 
178 113 Car -1.000000 -1 -1 145.63743973212206 178.10451320962875 308.2263628820908 256.0537231136628 -1 -1 -1 -1 -1 -1 -1 -1 1 
178 119 Car -1.000000 -1 -1 512.1003221869049 175.45769680419477 559.1528420975653 209.40727438102596 -1 -1 -1 -1 -1 -1 -1 -1 1 
178 122 Car -1.000000 -1 -1 418.7529470325549 181.11028692328827 454.80351950068246 204.6783506625433 -1 -1 -1 -1 -1 -1 -1 -1 1 
179 113 Car -1.000000 -1 -1 66.39015705251762 170.89230459471935 269.23488568250235 269.37155316261806 -1 -1 -1 -1 -1 -1 -1 -1 1 
179 119 Car -1.000000 -1 -1 512.1804344647795 176.21105008056654 558.1673430563438 210.58886327934246 -1 -1 -1 -1 -1 -1 -1 -1 1 
179 122 Car -1.000000 -1 -1 404.4553647790647 183.40203677484118 445.58325731304484 209.48227288675588 -1 -1 -1 -1 -1 -1 -1 -1 1 
180 113 Car -1.000000 -1 -1 -11.89889668929527 164.35926536857997 232.2674133626702 288.61541690264414 -1 -1 -1 -1 -1 -1 -1 -1 1 
180 119 Car -1.000000 -1 -1 506.50122825071423 180.3934807351218 552.9519633818021 215.11174297105802 -1 -1 -1 -1 -1 -1 -1 -1 1 
180 122 Car -1.000000 -1 -1 393.4837364401737 185.40620375164818 438.01151639607673 213.55595808954203 -1 -1 -1 -1 -1 -1 -1 -1 1 
181 113 Car -1.000000 -1 -1 -61.655313903025615 161.09655348871922 210.55152660158825 317.4072001878304 -1 -1 -1 -1 -1 -1 -1 -1 1 
181 119 Car -1.000000 -1 -1 494.43373197121144 186.10626580231497 549.5183373911627 222.48724269898133 -1 -1 -1 -1 -1 -1 -1 -1 1 
181 122 Car -1.000000 -1 -1 377.0544718970782 189.9377157963089 424.5245473673913 221.60089613439845 -1 -1 -1 -1 -1 -1 -1 -1 1 
182 113 Car -1.000000 -1 -1 -88.04649147813542 160.2823336140518 195.66461888618642 323.19905557594745 -1 -1 -1 -1 -1 -1 -1 -1 1 
182 119 Car -1.000000 -1 -1 491.20241933683195 185.17211066272856 552.8572355165622 226.84553595435062 -1 -1 -1 -1 -1 -1 -1 -1 1 
182 122 Car -1.000000 -1 -1 360.45273848542763 193.77509665975617 411.90196428497916 227.14079929089047 -1 -1 -1 -1 -1 -1 -1 -1 1 
183 119 Car -1.000000 -1 -1 491.73636172977126 192.08499112758733 546.5921857166786 229.53169885345778 -1 -1 -1 -1 -1 -1 -1 -1 1 
183 122 Car -1.000000 -1 -1 339.03473522556874 195.0251628216853 395.3057368569452 229.8683421613854 -1 -1 -1 -1 -1 -1 -1 -1 1 
184 119 Car -1.000000 -1 -1 487.5593284094049 184.73170779257376 547.7020497048628 227.90000559716648 -1 -1 -1 -1 -1 -1 -1 -1 1 
184 122 Car -1.000000 -1 -1 318.68973237332074 192.98063940205 381.28466577474313 231.5042583134557 -1 -1 -1 -1 -1 -1 -1 -1 1 
185 119 Car -1.000000 -1 -1 482.58951754091487 183.7788145474702 543.7382690761067 227.5162966402197 -1 -1 -1 -1 -1 -1 -1 -1 1 
185 122 Car -1.000000 -1 -1 295.31873097779203 194.6913457286749 364.701598926101 233.17488043351796 -1 -1 -1 -1 -1 -1 -1 -1 1 
186 119 Car -1.000000 -1 -1 479.8147845038243 182.08169312634178 543.5769185147178 228.20523076722444 -1 -1 -1 -1 -1 -1 -1 -1 1 
186 122 Car -1.000000 -1 -1 254.99740660728992 189.6280313737684 344.487639766763 237.62362395531505 -1 -1 -1 -1 -1 -1 -1 -1 1 
187 119 Car -1.000000 -1 -1 472.44061153754694 181.19724235617076 541.9647756940341 232.8608517230756 -1 -1 -1 -1 -1 -1 -1 -1 1 
187 122 Car -1.000000 -1 -1 212.24299964902303 190.94840846024425 319.8392308357128 246.37237755021442 -1 -1 -1 -1 -1 -1 -1 -1 1 
188 119 Car -1.000000 -1 -1 463.1052083733377 181.21452027260497 539.4180904250584 238.11913372121458 -1 -1 -1 -1 -1 -1 -1 -1 1 
188 122 Car -1.000000 -1 -1 154.397682601344 194.41041287723928 282.6501718502208 256.9615248964701 -1 -1 -1 -1 -1 -1 -1 -1 1 
188 124 Car -1.000000 -1 -1 340.85052246018046 186.467482239576 388.0077832031835 214.4349700032468 -1 -1 -1 -1 -1 -1 -1 -1 1 
189 119 Car -1.000000 -1 -1 454.35451445840255 180.88037389883388 534.7262191992077 240.94694208804708 -1 -1 -1 -1 -1 -1 -1 -1 1 
189 122 Car -1.000000 -1 -1 58.67247713803671 198.90634796792438 253.7211050658983 278.38868355950865 -1 -1 -1 -1 -1 -1 -1 -1 1 
189 124 Car -1.000000 -1 -1 318.6550180300889 187.35650409610625 374.1402532585407 220.9090288423766 -1 -1 -1 -1 -1 -1 -1 -1 1 
190 119 Car -1.000000 -1 -1 446.3102721023698 180.59000407882922 531.1095552566768 243.59549305718608 -1 -1 -1 -1 -1 -1 -1 -1 1 
190 122 Car -1.000000 -1 -1 -7.718531757979221 198.7874862155257 182.07526548469633 299.7583062972556 -1 -1 -1 -1 -1 -1 -1 -1 1 
190 124 Car -1.000000 -1 -1 296.2146915342681 187.06327188211546 361.5448237342575 223.79837726573976 -1 -1 -1 -1 -1 -1 -1 -1 1 
191 119 Car -1.000000 -1 -1 441.4548468458069 180.44828276018717 529.428750973305 245.81256023644005 -1 -1 -1 -1 -1 -1 -1 -1 1 
191 122 Car -1.000000 -1 -1 -5.852490233904838 197.87701398665516 119.96890151990283 309.9599332477877 -1 -1 -1 -1 -1 -1 -1 -1 1 
191 124 Car -1.000000 -1 -1 268.2912721474217 186.00846504126338 335.55223671575624 224.28028126067662 -1 -1 -1 -1 -1 -1 -1 -1 1 
192 122 Car -1.000000 -1 -1 -30.612007794931507 199.0974296291081 100.52697170390024 315.91831899597264 -1 -1 -1 -1 -1 -1 -1 -1 1 
192 124 Car -1.000000 -1 -1 239.11879060521903 183.80466485262986 315.1310353103663 227.09941242752288 -1 -1 -1 -1 -1 -1 -1 -1 1 
193 124 Car -1.000000 -1 -1 186.64078942764405 186.04049016059216 282.5574864035244 236.46014078255536 -1 -1 -1 -1 -1 -1 -1 -1 1 
194 124 Car -1.000000 -1 -1 132.67001950772294 193.34442276578272 242.72871897396777 248.5021337760589 -1 -1 -1 -1 -1 -1 -1 -1 1 
195 124 Car -1.000000 -1 -1 76.599357179312 197.83378850593522 200.33398864434326 257.3121150123303 -1 -1 -1 -1 -1 -1 -1 -1 1 
195 126 Car -1.000000 -1 -1 348.2060914520905 183.40429590263847 501.3828796242069 294.36559836669085 -1 -1 -1 -1 -1 -1 -1 -1 1 
196 124 Car -1.000000 -1 -1 5.403726448750291 198.23506350098452 160.84764489111325 281.79963806211947 -1 -1 -1 -1 -1 -1 -1 -1 1 
196 126 Car -1.000000 -1 -1 294.07201500426004 186.90381373876014 500.8958619163143 311.13557443874055 -1 -1 -1 -1 -1 -1 -1 -1 1 
197 124 Car -1.000000 -1 -1 -3.5398833828701015 196.1232257455071 86.08995081042727 283.22178632326563 -1 -1 -1 -1 -1 -1 -1 -1 1 
197 126 Car -1.000000 -1 -1 252.89948238361328 183.28049356718222 478.3407514352458 341.62814840135275 -1 -1 -1 -1 -1 -1 -1 -1 1 
198 124 Car -1.000000 -1 -1 -31.82874013162125 196.98899979514556 62.68439580106532 288.8337173701836 -1 -1 -1 -1 -1 -1 -1 -1 1 
198 126 Car -1.000000 -1 -1 169.40395115397376 174.85359567525705 471.39482224217016 370.01046378655565 -1 -1 -1 -1 -1 -1 -1 -1 1 
199 126 Car -1.000000 -1 -1 33.2642681932231 177.59807877762228 444.6425723069933 375.38921909819135 -1 -1 -1 -1 -1 -1 -1 -1 1 
200 126 Car -1.000000 -1 -1 -1.7025966159534676 178.98790843896916 420.32836482716993 377.7379029638888 -1 -1 -1 -1 -1 -1 -1 -1 1 
201 126 Car -1.000000 -1 -1 -30.15835230609548 182.2840637719448 380.4972626656593 377.536168539413 -1 -1 -1 -1 -1 -1 -1 -1 1 
202 126 Car -1.000000 -1 -1 -24.12821108061587 181.39810502066854 323.0331887700798 372.44228167614295 -1 -1 -1 -1 -1 -1 -1 -1 1 
202 129 Car -1.000000 -1 -1 401.57949576949335 182.03463660067467 451.24449307626816 213.15685241626815 -1 -1 -1 -1 -1 -1 -1 -1 1 
203 126 Car -1.000000 -1 -1 -60.14816037551009 182.09554571125236 307.5997958792997 384.4684201136638 -1 -1 -1 -1 -1 -1 -1 -1 1 
203 129 Car -1.000000 -1 -1 393.1290684197651 183.05459413780977 441.4973813814632 213.23092803224586 -1 -1 -1 -1 -1 -1 -1 -1 1 
204 129 Car -1.000000 -1 -1 372.1532640520285 185.88342682305353 431.4527813657536 221.7882654163241 -1 -1 -1 -1 -1 -1 -1 -1 1 
205 129 Car -1.000000 -1 -1 347.95281488211145 193.5169103224518 410.6975322857039 229.52003715943522 -1 -1 -1 -1 -1 -1 -1 -1 1 
206 129 Car -1.000000 -1 -1 324.51275795544814 191.47606367180714 402.317866031931 235.5449168845861 -1 -1 -1 -1 -1 -1 -1 -1 1 
206 131 Car -1.000000 -1 -1 491.4014044202304 187.50617483459445 519.5818659268444 204.609213073202 -1 -1 -1 -1 -1 -1 -1 -1 1 
207 129 Car -1.000000 -1 -1 280.5823593848536 198.96288551477383 367.7547301008859 239.2012334733397 -1 -1 -1 -1 -1 -1 -1 -1 1 
207 131 Car -1.000000 -1 -1 483.69143532620683 188.6912695319136 508.40920977989634 204.4818358485469 -1 -1 -1 -1 -1 -1 -1 -1 1 
208 129 Car -1.000000 -1 -1 231.7563590284253 196.52545559642974 330.99268385189 244.91448797054775 -1 -1 -1 -1 -1 -1 -1 -1 1 
208 131 Car -1.000000 -1 -1 475.7431291301686 182.98905769367798 504.9208066077979 199.97696126153954 -1 -1 -1 -1 -1 -1 -1 -1 1 
209 129 Car -1.000000 -1 -1 177.49757551048077 207.62368103494032 307.90594021666806 256.6096689033792 -1 -1 -1 -1 -1 -1 -1 -1 1 
209 131 Car -1.000000 -1 -1 469.30002188959776 183.19580806438177 499.9425886480023 199.65683544514707 -1 -1 -1 -1 -1 -1 -1 -1 1 
210 129 Car -1.000000 -1 -1 90.62801175554212 197.35355146239175 278.4880103405431 269.7795809462057 -1 -1 -1 -1 -1 -1 -1 -1 1 
210 131 Car -1.000000 -1 -1 456.37734081194236 181.6199210687828 488.9925514030238 202.16860495120727 -1 -1 -1 -1 -1 -1 -1 -1 1 
211 129 Car -1.000000 -1 -1 -1.892740886676549 199.98102187661405 204.00548982643073 285.3000480811466 -1 -1 -1 -1 -1 -1 -1 -1 1 
211 131 Car -1.000000 -1 -1 447.683814285807 181.2697830620987 482.55435346889607 203.14341680191694 -1 -1 -1 -1 -1 -1 -1 -1 1 
211 133 Car -1.000000 -1 -1 176.83230038884867 188.11840589926456 278.8431302305352 240.36444479229485 -1 -1 -1 -1 -1 -1 -1 -1 1 
212 129 Car -1.000000 -1 -1 -49.972248045246076 191.59864730980766 160.27533066181525 312.8203249726263 -1 -1 -1 -1 -1 -1 -1 -1 1 
212 131 Car -1.000000 -1 -1 437.56329481413246 180.69183706096797 475.68709238210033 203.9019567381075 -1 -1 -1 -1 -1 -1 -1 -1 1 
212 133 Car -1.000000 -1 -1 96.22021673405123 187.83815827196534 225.26872258397435 251.69233253703243 -1 -1 -1 -1 -1 -1 -1 -1 1 
213 129 Car -1.000000 -1 -1 -82.40162741454901 191.93958485291336 139.1754335689571 319.6936826392806 -1 -1 -1 -1 -1 -1 -1 -1 1 
213 131 Car -1.000000 -1 -1 423.2035428873568 181.67450390081618 462.2254206311364 205.40144119545607 -1 -1 -1 -1 -1 -1 -1 -1 1 
213 133 Car -1.000000 -1 -1 1.410417899229742 189.3233896327494 178.28339219939352 276.4322877104369 -1 -1 -1 -1 -1 -1 -1 -1 1 
214 131 Car -1.000000 -1 -1 406.77338018893596 179.74253103709805 456.56671587739976 206.2978161616654 -1 -1 -1 -1 -1 -1 -1 -1 1 
214 133 Car -1.000000 -1 -1 -40.92814847140564 191.11404621959966 129.50713083816083 278.7502550617891 -1 -1 -1 -1 -1 -1 -1 -1 1 
215 131 Car -1.000000 -1 -1 390.45194128358656 182.33356732357757 442.677697371685 211.3866858485779 -1 -1 -1 -1 -1 -1 -1 -1 1 
215 133 Car -1.000000 -1 -1 -91.80003470309802 191.48756994967138 93.17955506670023 286.60232551474445 -1 -1 -1 -1 -1 -1 -1 -1 1 
216 131 Car -1.000000 -1 -1 373.53985408823326 184.65256216948353 427.44062928304197 214.6895609729937 -1 -1 -1 -1 -1 -1 -1 -1 1 
217 131 Car -1.000000 -1 -1 349.4903431182073 188.14397808448655 409.54427791719144 220.38465770506767 -1 -1 -1 -1 -1 -1 -1 -1 1 
218 131 Car -1.000000 -1 -1 321.5724619703126 188.15087734618075 389.5121266432426 222.68204256010654 -1 -1 -1 -1 -1 -1 -1 -1 1 
219 131 Car -1.000000 -1 -1 290.72449204671256 188.22046530920016 367.2389446534295 227.44894030422967 -1 -1 -1 -1 -1 -1 -1 -1 1 
220 131 Car -1.000000 -1 -1 235.81905432203985 188.19100692785145 331.72637165168476 229.88658380856594 -1 -1 -1 -1 -1 -1 -1 -1 1 
221 131 Car -1.000000 -1 -1 189.17801255467197 188.44298848526407 308.66768023255764 239.30840129953057 -1 -1 -1 -1 -1 -1 -1 -1 1 
222 131 Car -1.000000 -1 -1 110.84970510848176 194.69453673029886 261.63326791960986 254.03906437947253 -1 -1 -1 -1 -1 -1 -1 -1 1 
223 131 Car -1.000000 -1 -1 17.933551097115924 198.80012620097963 215.55404526385888 275.58214539781676 -1 -1 -1 -1 -1 -1 -1 -1 1 
224 131 Car -1.000000 -1 -1 -4.00679223929847 209.30156571806282 130.57910348501005 297.24802541781946 -1 -1 -1 -1 -1 -1 -1 -1 1 
228 131 Car -1.000000 -1 -1 -28.30317169684207 210.29500897946667 111.82390570617184 301.86279510516846 -1 -1 -1 -1 -1 -1 -1 -1 1 
231 139 Car -1.000000 -1 -1 396.72649462928473 185.79379128041455 433.5242788340578 209.6678152149946 -1 -1 -1 -1 -1 -1 -1 -1 1 
232 139 Car -1.000000 -1 -1 380.7312198947327 184.68188276043335 424.21316675523065 212.67699241516755 -1 -1 -1 -1 -1 -1 -1 -1 1 
233 139 Car -1.000000 -1 -1 367.6999905994131 185.43945129703297 413.15508473773974 212.50241389935633 -1 -1 -1 -1 -1 -1 -1 -1 1 
234 139 Car -1.000000 -1 -1 343.02295920914844 182.4102504168161 395.67122523718575 214.58169583177397 -1 -1 -1 -1 -1 -1 -1 -1 1 
234 142 Car -1.000000 -1 -1 593.2711736738115 173.42102629947678 625.7056954709255 198.1731268725509 -1 -1 -1 -1 -1 -1 -1 -1 1 
235 139 Car -1.000000 -1 -1 323.0264533167438 183.09315656091712 378.29278572775496 216.86333186135994 -1 -1 -1 -1 -1 -1 -1 -1 1 
235 142 Car -1.000000 -1 -1 593.2731923536305 173.55540675862682 625.3137128081389 197.9982608535219 -1 -1 -1 -1 -1 -1 -1 -1 1 
236 139 Car -1.000000 -1 -1 297.6340081257826 185.24580437570924 361.5618644997502 222.7145450005291 -1 -1 -1 -1 -1 -1 -1 -1 1 
236 142 Car -1.000000 -1 -1 592.8866803348463 172.43421585042202 624.8649997146322 196.82961839676543 -1 -1 -1 -1 -1 -1 -1 -1 1 
237 139 Car -1.000000 -1 -1 261.9621168715985 188.00242569075536 350.5049356114721 230.4127349938327 -1 -1 -1 -1 -1 -1 -1 -1 1 
238 139 Car -1.000000 -1 -1 218.5465965758347 189.8500898536136 314.61879921581937 235.42612803258086 -1 -1 -1 -1 -1 -1 -1 -1 1 
238 144 Car -1.000000 -1 -1 569.9866443813327 179.28735016124222 597.4302529436693 189.90979322140498 -1 -1 -1 -1 -1 -1 -1 -1 1 
238 145 Car -1.000000 -1 -1 254.129304120041 187.0289384835121 398.3177592913269 236.46418698989555 -1 -1 -1 -1 -1 -1 -1 -1 1 
239 139 Car -1.000000 -1 -1 172.1816307922199 193.06280774399625 277.5024717794116 243.42685901588158 -1 -1 -1 -1 -1 -1 -1 -1 1 
239 144 Car -1.000000 -1 -1 570.1264416219458 180.02294969775264 594.1022121632129 189.15805275577907 -1 -1 -1 -1 -1 -1 -1 -1 1 
239 145 Car -1.000000 -1 -1 179.69324754005635 189.75593207591524 346.8758213316768 247.94556048727563 -1 -1 -1 -1 -1 -1 -1 -1 1 
240 139 Car -1.000000 -1 -1 150.87268067279007 193.36718642977416 261.73965865120294 246.38330377674902 -1 -1 -1 -1 -1 -1 -1 -1 1 
240 144 Car -1.000000 -1 -1 569.660700615604 180.02916606452376 594.5796845886498 189.52364651368464 -1 -1 -1 -1 -1 -1 -1 -1 1 
240 145 Car -1.000000 -1 -1 113.16533445004315 193.6093512863191 297.9826386504692 259.2872574389228 -1 -1 -1 -1 -1 -1 -1 -1 1 
241 145 Car -1.000000 -1 -1 30.255768243679782 198.05690725007483 224.16922957008444 288.07427386557026 -1 -1 -1 -1 -1 -1 -1 -1 1 
242 145 Car -1.000000 -1 -1 -18.34341897839458 195.62867066884962 152.85433636578273 315.0730272126676 -1 -1 -1 -1 -1 -1 -1 -1 1 
242 148 Car -1.000000 -1 -1 402.861447905507 180.8742695320789 452.90292582904885 214.6875001559193 -1 -1 -1 -1 -1 -1 -1 -1 1 
243 145 Car -1.000000 -1 -1 -67.98070975250663 197.401861208909 116.49485235832451 326.110850750711 -1 -1 -1 -1 -1 -1 -1 -1 1 
243 148 Car -1.000000 -1 -1 388.60973443013984 186.72663998005552 439.4138480081825 219.9376193820431 -1 -1 -1 -1 -1 -1 -1 -1 1 
244 148 Car -1.000000 -1 -1 365.48922079298984 188.5508142631453 420.46820766584665 225.05388116636124 -1 -1 -1 -1 -1 -1 -1 -1 1 
245 148 Car -1.000000 -1 -1 333.41458468012934 187.3596662914224 404.5739549164764 230.38787597540843 -1 -1 -1 -1 -1 -1 -1 -1 1 
246 148 Car -1.000000 -1 -1 286.2629714761749 186.19093805268324 376.4541903285797 237.89916517889205 -1 -1 -1 -1 -1 -1 -1 -1 1 
247 148 Car -1.000000 -1 -1 234.28303167073486 193.93633507154797 349.1046359743979 247.55101680761035 -1 -1 -1 -1 -1 -1 -1 -1 1 
248 148 Car -1.000000 -1 -1 157.51615412450926 196.780942967433 309.777011997293 268.01300468650084 -1 -1 -1 -1 -1 -1 -1 -1 1 
249 148 Car -1.000000 -1 -1 48.04378727098923 203.75788230669377 253.18633451840253 289.1977095619511 -1 -1 -1 -1 -1 -1 -1 -1 1 
250 148 Car -1.000000 -1 -1 -0.24085516382487526 203.77175775269356 174.52780728546392 309.917815134949 -1 -1 -1 -1 -1 -1 -1 -1 1 
251 148 Car -1.000000 -1 -1 -32.344218658680475 205.212231561251 152.25016113208363 317.32604996398436 -1 -1 -1 -1 -1 -1 -1 -1 1 
253 153 Car -1.000000 -1 -1 594.1562375694846 178.70332481831502 624.1559557707633 205.64349636934926 -1 -1 -1 -1 -1 -1 -1 -1 1 
254 153 Car -1.000000 -1 -1 593.5695365413648 178.06916331207375 624.7114148589455 206.3121189190946 -1 -1 -1 -1 -1 -1 -1 -1 1 
255 153 Car -1.000000 -1 -1 593.8024076725758 177.63571871950583 625.753349821355 207.08495527405466 -1 -1 -1 -1 -1 -1 -1 -1 1 
256 153 Car -1.000000 -1 -1 594.9468763452948 177.926817829297 625.2693097258671 206.08181082192866 -1 -1 -1 -1 -1 -1 -1 -1 1 
257 153 Car -1.000000 -1 -1 594.8436811565481 176.03354598875853 626.0904386692249 205.39553926258952 -1 -1 -1 -1 -1 -1 -1 -1 1 
261 153 Car -1.000000 -1 -1 596.6512210715515 177.54070268679416 625.2241073235846 202.04078559594373 -1 -1 -1 -1 -1 -1 -1 -1 1 
262 153 Car -1.000000 -1 -1 593.3205939435226 177.7658883490101 626.7943036843525 204.77475600393518 -1 -1 -1 -1 -1 -1 -1 -1 1 
263 153 Car -1.000000 -1 -1 591.3574700339269 177.547132416165 626.7912586338676 205.11932896756863 -1 -1 -1 -1 -1 -1 -1 -1 1 
264 153 Car -1.000000 -1 -1 590.5792686525165 176.37675183261555 626.945132046142 204.13597724264594 -1 -1 -1 -1 -1 -1 -1 -1 1 
270 153 Car -1.000000 -1 -1 588.1291218022599 177.58283932867838 625.804610162995 207.35400413771734 -1 -1 -1 -1 -1 -1 -1 -1 1 
271 153 Car -1.000000 -1 -1 587.9348629210028 177.7309283427246 626.3475597080611 208.5244762231217 -1 -1 -1 -1 -1 -1 -1 -1 1 
273 153 Car -1.000000 -1 -1 586.9381783998286 178.07224515527543 624.1210776919221 208.42975554819304 -1 -1 -1 -1 -1 -1 -1 -1 1 
274 153 Car -1.000000 -1 -1 588.5076574969867 178.58434285920174 623.3874708592567 206.93325942375816 -1 -1 -1 -1 -1 -1 -1 -1 1 
275 153 Car -1.000000 -1 -1 587.218067285449 177.5117543685947 622.7627454068369 206.36238785987896 -1 -1 -1 -1 -1 -1 -1 -1 1 
280 153 Car -1.000000 -1 -1 586.6713706016827 177.45939984878717 622.4279861531877 206.48204630387065 -1 -1 -1 -1 -1 -1 -1 -1 1 
284 155 Car -1.000000 -1 -1 10.511718163958733 164.62755570429061 222.63520977507406 205.21248066022656 -1 -1 -1 -1 -1 -1 -1 -1 1 
285 155 Car -1.000000 -1 -1 -19.446691985684424 160.79184516283584 227.03629885258147 210.0542846872794 -1 -1 -1 -1 -1 -1 -1 -1 1 
286 155 Car -1.000000 -1 -1 4.815527650497771 168.4401941878604 197.9925758808301 210.80275754127433 -1 -1 -1 -1 -1 -1 -1 -1 1 
287 155 Car -1.000000 -1 -1 -5.5392781034367715 171.12092629527808 176.72592438877874 212.8635315184976 -1 -1 -1 -1 -1 -1 -1 -1 1 
288 155 Car -1.000000 -1 -1 -11.756103003423533 171.8686145274498 161.23239514459675 216.06992463555116 -1 -1 -1 -1 -1 -1 -1 -1 1 
289 155 Car -1.000000 -1 -1 -9.881829976861326 173.2916408806209 152.58329873151536 215.20126058428772 -1 -1 -1 -1 -1 -1 -1 -1 1 
290 155 Car -1.000000 -1 -1 -7.144265990598015 170.54674167824746 153.98153403261563 213.3949054656766 -1 -1 -1 -1 -1 -1 -1 -1 1 
291 155 Car -1.000000 -1 -1 5.179764700848054 167.57857503658897 116.13437773918832 213.91862976556558 -1 -1 -1 -1 -1 -1 -1 -1 1 
292 155 Car -1.000000 -1 -1 -1.0650686484305254 164.61252250381784 101.84706570686956 217.9054020776061 -1 -1 -1 -1 -1 -1 -1 -1 1 
293 155 Car -1.000000 -1 -1 -7.45012841842653 160.9403193515261 86.54480047212232 222.50846907943907 -1 -1 -1 -1 -1 -1 -1 -1 1 
294 155 Car -1.000000 -1 -1 -13.615887476668071 160.7282653162965 73.96495721208538 223.31460363265677 -1 -1 -1 -1 -1 -1 -1 -1 1 
300 155 Car -1.000000 -1 -1 -23.884676527952763 159.92150670361735 66.9984585211896 224.8689372948746 -1 -1 -1 -1 -1 -1 -1 -1 1 
302 157 Car -1.000000 -1 -1 583.3273723454613 177.36221158090393 624.2360461284746 202.59651851186928 -1 -1 -1 -1 -1 -1 -1 -1 1 
303 157 Car -1.000000 -1 -1 583.012450084411 176.53313298064973 626.0595700195474 203.45158515588076 -1 -1 -1 -1 -1 -1 -1 -1 1 
305 157 Car -1.000000 -1 -1 582.1637708318619 177.70023125713195 625.6162829116275 205.49431532802896 -1 -1 -1 -1 -1 -1 -1 -1 1 
306 157 Car -1.000000 -1 -1 583.5659536630593 177.44387615950103 626.6987302493759 205.93214883252242 -1 -1 -1 -1 -1 -1 -1 -1 1 
307 157 Car -1.000000 -1 -1 584.4326988552835 177.27241568159894 625.3249217348687 205.2970240141949 -1 -1 -1 -1 -1 -1 -1 -1 1 
308 157 Car -1.000000 -1 -1 585.9569367248996 177.99882211888132 624.4452272229529 205.70420341167028 -1 -1 -1 -1 -1 -1 -1 -1 1 
309 157 Car -1.000000 -1 -1 587.347460212172 178.74052273038558 624.9036259054556 206.39927415974773 -1 -1 -1 -1 -1 -1 -1 -1 1 
310 157 Car -1.000000 -1 -1 587.2549872361141 183.31536567223435 623.5383338896448 209.4628721831718 -1 -1 -1 -1 -1 -1 -1 -1 1 
311 153 Car -1.000000 -1 -1 589.7181642528192 179.09777491062363 623.8638537485147 206.5759551930059 -1 -1 -1 -1 -1 -1 -1 -1 1 
311 157 Car -1.000000 -1 -1 587.3641858271036 184.21050934263243 623.6087305870764 210.33006724144985 -1 -1 -1 -1 -1 -1 -1 -1 1 
312 153 Car -1.000000 -1 -1 589.8742391128792 179.17205225256993 623.9291848980782 206.57719187742072 -1 -1 -1 -1 -1 -1 -1 -1 1 
312 157 Car -1.000000 -1 -1 585.3260560208453 182.66448863680588 623.0180570179758 209.9225199412385 -1 -1 -1 -1 -1 -1 -1 -1 1 
313 157 Car -1.000000 -1 -1 585.7933870137226 183.64238171635284 623.1039354453319 210.91832792825684 -1 -1 -1 -1 -1 -1 -1 -1 1 
