2 1 Car -1.000000 -1 -1 401.4552091220622 181.33982096448528 447.01341875455046 211.40658572986177 -1 -1 -1 -1 -1 -1 -1 -1 1 
2 2 Car -1.000000 -1 -1 323.34005397501505 182.32501836380672 372.3017914838296 211.75363339693553 -1 -1 -1 -1 -1 -1 -1 -1 1 
3 1 Car -1.000000 -1 -1 392.1336242849373 181.93459048762458 442.22265863886514 215.81546036742571 -1 -1 -1 -1 -1 -1 -1 -1 1 
3 2 Car -1.000000 -1 -1 311.89768676724805 183.2746426543032 367.3592346859927 216.1670461288274 -1 -1 -1 -1 -1 -1 -1 -1 1 
4 1 Car -1.000000 -1 -1 375.50680457461317 181.790993866438 429.81245425264075 219.85845898832284 -1 -1 -1 -1 -1 -1 -1 -1 1 
4 2 Car -1.000000 -1 -1 296.79827662076354 182.90863723242734 356.40006738549886 219.14743525702715 -1 -1 -1 -1 -1 -1 -1 -1 1 
5 1 Car -1.000000 -1 -1 354.2169081876212 181.94457994025092 421.6154728333704 224.13843261713032 -1 -1 -1 -1 -1 -1 -1 -1 1 
5 2 Car -1.000000 -1 -1 274.2800910237982 183.45945296066026 339.3991887088125 222.82346141006582 -1 -1 -1 -1 -1 -1 -1 -1 1 
5 4 Car -1.000000 -1 -1 588.5046232272624 178.82152297920226 651.4281046353738 236.56344539273456 -1 -1 -1 -1 -1 -1 -1 -1 1 
6 1 Car -1.000000 -1 -1 327.10798404266444 183.42562928594774 404.9674251067367 227.03610311123145 -1 -1 -1 -1 -1 -1 -1 -1 1 
6 2 Car -1.000000 -1 -1 244.02837016841147 185.72096918152715 324.63275091372657 224.83562584587816 -1 -1 -1 -1 -1 -1 -1 -1 1 
6 4 Car -1.000000 -1 -1 587.7588811664262 178.39749476870352 650.314624466171 236.50705188467012 -1 -1 -1 -1 -1 -1 -1 -1 1 
7 1 Car -1.000000 -1 -1 302.0702926929657 189.06056073751787 384.8627279892807 235.75696803800014 -1 -1 -1 -1 -1 -1 -1 -1 1 
7 2 Car -1.000000 -1 -1 226.3545352958048 188.31015371381815 310.74825963853107 229.9936810786943 -1 -1 -1 -1 -1 -1 -1 -1 1 
7 4 Car -1.000000 -1 -1 586.4668188535782 179.34985751942082 649.1400287068218 238.10765307819352 -1 -1 -1 -1 -1 -1 -1 -1 1 
8 1 Car -1.000000 -1 -1 250.83219244650255 189.83218220388937 372.4185186579011 247.89149587012182 -1 -1 -1 -1 -1 -1 -1 -1 1 
8 2 Car -1.000000 -1 -1 184.82803729854606 187.56342582112563 279.463620987165 234.8746066770975 -1 -1 -1 -1 -1 -1 -1 -1 1 
8 4 Car -1.000000 -1 -1 585.3322085786668 181.33813416258806 646.4373154731421 238.06741995205255 -1 -1 -1 -1 -1 -1 -1 -1 1 
9 1 Car -1.000000 -1 -1 184.29889910827006 191.83700931011106 340.33547438420356 256.4183000403568 -1 -1 -1 -1 -1 -1 -1 -1 1 
9 2 Car -1.000000 -1 -1 145.24617556611352 186.73275274866145 251.44226511498977 242.0573387879657 -1 -1 -1 -1 -1 -1 -1 -1 1 
9 4 Car -1.000000 -1 -1 584.4877620043941 180.8282881409297 645.4646051255606 237.93206639529478 -1 -1 -1 -1 -1 -1 -1 -1 1 
10 1 Car -1.000000 -1 -1 97.4673532301847 192.0376940073108 295.5795044266137 271.6961526383617 -1 -1 -1 -1 -1 -1 -1 -1 1 
10 2 Car -1.000000 -1 -1 125.62959598737028 187.37316391371317 237.16088137854126 245.47717530469737 -1 -1 -1 -1 -1 -1 -1 -1 1 
10 4 Car -1.000000 -1 -1 582.1698540826674 180.15026085659335 642.4282923550546 237.02291590937668 -1 -1 -1 -1 -1 -1 -1 -1 1 
11 1 Car -1.000000 -1 -1 -8.964660797087419 191.66582328754492 230.12789839138966 302.955953775107 -1 -1 -1 -1 -1 -1 -1 -1 1 
11 4 Car -1.000000 -1 -1 577.4401573204822 179.21571299350572 638.8980605097544 237.4642697984051 -1 -1 -1 -1 -1 -1 -1 -1 1 
12 1 Car -1.000000 -1 -1 -0.1913945664332033 193.8331542607511 126.07724993270287 318.4615178239114 -1 -1 -1 -1 -1 -1 -1 -1 1 
12 4 Car -1.000000 -1 -1 574.3197671330594 178.03219664182893 636.2788919292342 237.41503821671532 -1 -1 -1 -1 -1 -1 -1 -1 1 
13 1 Car -1.000000 -1 -1 -26.73714522128394 194.99193802661415 105.74203719975385 325.7513987346837 -1 -1 -1 -1 -1 -1 -1 -1 1 
13 4 Car -1.000000 -1 -1 571.362592398585 177.7629192048694 633.6465429255567 237.45709085139686 -1 -1 -1 -1 -1 -1 -1 -1 1 
59 4 Car -1.000000 -1 -1 568.2393676500111 182.69554207222666 617.3286339145329 231.18325232617468 -1 -1 -1 -1 -1 -1 -1 -1 1 
61 4 Car -1.000000 -1 -1 567.0573924547055 183.52895487573747 614.1239419097697 230.04408350797922 -1 -1 -1 -1 -1 -1 -1 -1 1 
63 4 Car -1.000000 -1 -1 566.3682899549977 175.94290075765528 612.8090773889987 219.02113690898332 -1 -1 -1 -1 -1 -1 -1 -1 1 
64 4 Car -1.000000 -1 -1 564.9543776472724 175.7399529676997 613.2821009818397 219.9430800484855 -1 -1 -1 -1 -1 -1 -1 -1 1 
66 4 Car -1.000000 -1 -1 563.3804240758459 174.94027283400465 610.5634658267055 218.09639517567985 -1 -1 -1 -1 -1 -1 -1 -1 1 
72 9 Car -1.000000 -1 -1 544.9072426603138 178.3304052558056 568.1534104246894 193.097794285227 -1 -1 -1 -1 -1 -1 -1 -1 1 
73 9 Car -1.000000 -1 -1 543.1849550712362 177.96073096432934 566.8825002041729 193.1057159203472 -1 -1 -1 -1 -1 -1 -1 -1 1 
74 9 Car -1.000000 -1 -1 541.6192766169933 178.43135205434623 566.0663673875109 194.05536812494194 -1 -1 -1 -1 -1 -1 -1 -1 1 
75 11 Car -1.000000 -1 -1 449.8070917340066 185.0611446988716 490.60553892163045 210.72420318688253 -1 -1 -1 -1 -1 -1 -1 -1 1 
76 11 Car -1.000000 -1 -1 439.18630092068787 184.08726209268616 483.09897951835137 213.67566978583562 -1 -1 -1 -1 -1 -1 -1 -1 1 
77 11 Car -1.000000 -1 -1 420.515398174561 182.62745753026692 473.66024634451855 219.10119561535578 -1 -1 -1 -1 -1 -1 -1 -1 1 
77 12 Car -1.000000 -1 -1 517.2269152983245 178.54050858632675 551.8417186051756 203.1499499876973 -1 -1 -1 -1 -1 -1 -1 -1 1 
78 11 Car -1.000000 -1 -1 407.08471226888395 188.15232475896636 461.0584445254034 225.48818775569248 -1 -1 -1 -1 -1 -1 -1 -1 1 
78 12 Car -1.000000 -1 -1 514.076283424601 181.688011128919 550.3371549026425 209.2925953491778 -1 -1 -1 -1 -1 -1 -1 -1 1 
79 11 Car -1.000000 -1 -1 395.8570715928275 189.36670750133493 453.4150130418493 229.1819243984043 -1 -1 -1 -1 -1 -1 -1 -1 1 
79 12 Car -1.000000 -1 -1 499.9494195884813 187.19975494802978 543.0381714754462 220.44807743373696 -1 -1 -1 -1 -1 -1 -1 -1 1 
80 12 Car -1.000000 -1 -1 490.7955346766616 187.8511682707349 539.9579666595122 225.83722134173064 -1 -1 -1 -1 -1 -1 -1 -1 1 
81 12 Car -1.000000 -1 -1 477.18632561754066 185.83595116143326 535.0002686902525 228.7408144419927 -1 -1 -1 -1 -1 -1 -1 -1 1 
82 12 Car -1.000000 -1 -1 468.58841116494887 185.4188911316444 529.3304263703125 233.38797358849766 -1 -1 -1 -1 -1 -1 -1 -1 1 
82 14 Car -1.000000 -1 -1 236.02813338612583 202.8099576718157 371.57712699042133 267.9731610813866 -1 -1 -1 -1 -1 -1 -1 -1 1 
82 15 Car -1.000000 -1 -1 568.600126354498 182.7324155802949 618.0085696997717 231.85164400039292 -1 -1 -1 -1 -1 -1 -1 -1 1 
83 12 Car -1.000000 -1 -1 445.4182740061665 188.10734734443363 515.3136637993044 236.98053603256633 -1 -1 -1 -1 -1 -1 -1 -1 1 
83 14 Car -1.000000 -1 -1 139.87323105322199 205.66039536714823 326.2343657750647 292.5481926348392 -1 -1 -1 -1 -1 -1 -1 -1 1 
83 15 Car -1.000000 -1 -1 569.8320442014002 182.5570900823932 616.693117339441 229.914487524227 -1 -1 -1 -1 -1 -1 -1 -1 1 
84 12 Car -1.000000 -1 -1 410.5366257631167 188.61230470195378 494.36703683267797 247.1888756639414 -1 -1 -1 -1 -1 -1 -1 -1 1 
84 14 Car -1.000000 -1 -1 -5.104960897839419 213.3565857824665 267.2487314785767 326.42564398374645 -1 -1 -1 -1 -1 -1 -1 -1 1 
84 15 Car -1.000000 -1 -1 570.1059051192219 181.9529100540798 617.0554333815106 229.3997040313489 -1 -1 -1 -1 -1 -1 -1 -1 1 
85 12 Car -1.000000 -1 -1 369.9139049171705 185.32162611272128 481.0541275638294 263.69416438501537 -1 -1 -1 -1 -1 -1 -1 -1 1 
85 14 Car -1.000000 -1 -1 -4.562573241676148 217.4848502340187 149.20797634767544 349.7758913061815 -1 -1 -1 -1 -1 -1 -1 -1 1 
86 12 Car -1.000000 -1 -1 284.1162463781669 195.0454734399101 449.758790288034 297.50498575808905 -1 -1 -1 -1 -1 -1 -1 -1 1 
86 14 Car -1.000000 -1 -1 -60.60609361076381 219.96623836287682 108.78953018555735 365.7003324317644 -1 -1 -1 -1 -1 -1 -1 -1 1 
87 12 Car -1.000000 -1 -1 156.8722558255481 195.4033178346078 396.6708812054002 341.29310637401295 -1 -1 -1 -1 -1 -1 -1 -1 1 
88 12 Car -1.000000 -1 -1 20.214342391087 203.97331739593696 309.89508405051026 376.439169615947 -1 -1 -1 -1 -1 -1 -1 -1 1 
90 12 Car -1.000000 -1 -1 -1.2453256808463777 205.26752051332994 300.21277267516246 384.744845291111 -1 -1 -1 -1 -1 -1 -1 -1 1 
92 15 Car -1.000000 -1 -1 569.6162895767383 176.8898278203933 616.0609864983869 223.6096009857574 -1 -1 -1 -1 -1 -1 -1 -1 1 
105 15 Car -1.000000 -1 -1 569.6672285302121 176.12730260125718 616.0624927134744 222.79735336544113 -1 -1 -1 -1 -1 -1 -1 -1 1 
107 18 Car -1.000000 -1 -1 887.9906848455646 157.776782507114 951.1055068508865 185.50486019376268 -1 -1 -1 -1 -1 -1 -1 -1 1 
108 18 Car -1.000000 -1 -1 890.8675391423965 157.6619286740353 955.3137541930676 185.97492332662088 -1 -1 -1 -1 -1 -1 -1 -1 1 
113 20 Car -1.000000 -1 -1 927.138000889102 168.9357935185671 994.135066176263 188.62488656166488 -1 -1 -1 -1 -1 -1 -1 -1 1 
114 20 Car -1.000000 -1 -1 942.3773836034063 169.81217227489606 1008.7195874179338 189.12581149378195 -1 -1 -1 -1 -1 -1 -1 -1 1 
114 21 Car -1.000000 -1 -1 488.28172484487254 179.65554781489686 520.4309664439213 206.94037747432537 -1 -1 -1 -1 -1 -1 -1 -1 1 
115 20 Car -1.000000 -1 -1 957.9434643695467 168.3338692183533 1025.936023598179 187.6867526173727 -1 -1 -1 -1 -1 -1 -1 -1 1 
115 21 Car -1.000000 -1 -1 477.8499207192378 178.28341904440822 510.45291856992765 207.9173260126118 -1 -1 -1 -1 -1 -1 -1 -1 1 
116 20 Car -1.000000 -1 -1 971.3765863370965 163.05358285355607 1054.9604034565314 186.7601428326271 -1 -1 -1 -1 -1 -1 -1 -1 1 
116 21 Car -1.000000 -1 -1 469.0567875185535 176.2212254886761 504.6828307693307 209.7017810922663 -1 -1 -1 -1 -1 -1 -1 -1 1 
117 15 Car -1.000000 -1 -1 566.4774197359209 175.61986739746123 617.2224787514994 222.50054365257176 -1 -1 -1 -1 -1 -1 -1 -1 1 
117 20 Car -1.000000 -1 -1 987.5423800942672 162.08503718374791 1075.9528985350203 185.8892577818215 -1 -1 -1 -1 -1 -1 -1 -1 1 
117 21 Car -1.000000 -1 -1 449.8118742039918 178.76163541328876 493.21491786094697 215.83362403031734 -1 -1 -1 -1 -1 -1 -1 -1 1 
118 15 Car -1.000000 -1 -1 566.4112205547183 175.36884218138508 617.1575680327473 222.25066346046054 -1 -1 -1 -1 -1 -1 -1 -1 1 
118 20 Car -1.000000 -1 -1 1006.737926046722 161.72832273160205 1104.5356506887695 188.3627931770056 -1 -1 -1 -1 -1 -1 -1 -1 1 
118 21 Car -1.000000 -1 -1 440.93241705671755 178.53335616191634 486.84606236548484 217.74972799904535 -1 -1 -1 -1 -1 -1 -1 -1 1 
119 20 Car -1.000000 -1 -1 1038.3822594544356 168.69840610029922 1129.4741080978592 196.17100463598976 -1 -1 -1 -1 -1 -1 -1 -1 1 
119 24 Car -1.000000 -1 -1 519.0034925225214 181.2181571035218 549.6947318595855 199.94001753477335 -1 -1 -1 -1 -1 -1 -1 -1 1 
119 25 Car -1.000000 -1 -1 1088.0106347505348 147.76978722074043 1269.5995100540065 203.60421638868237 -1 -1 -1 -1 -1 -1 -1 -1 1 
120 20 Car -1.000000 -1 -1 1057.0984170184654 170.2030427814881 1160.3773964390446 200.39265156793755 -1 -1 -1 -1 -1 -1 -1 -1 1 
120 24 Car -1.000000 -1 -1 516.5220838965747 183.10156279680754 549.538386354944 203.24172799145765 -1 -1 -1 -1 -1 -1 -1 -1 1 
120 25 Car -1.000000 -1 -1 1092.4439074056988 149.11582081156652 1290.2260157257003 209.92930652719082 -1 -1 -1 -1 -1 -1 -1 -1 1 
121 20 Car -1.000000 -1 -1 1076.5530564927635 167.1915531095262 1188.020524611303 199.40728096329224 -1 -1 -1 -1 -1 -1 -1 -1 1 
121 26 Car -1.000000 -1 -1 353.8760530506256 182.60244010328333 438.02677607167317 241.6028106661659 -1 -1 -1 -1 -1 -1 -1 -1 1 
122 15 Car -1.000000 -1 -1 564.6839747315327 170.3774023253044 621.4742392520802 222.47587988327058 -1 -1 -1 -1 -1 -1 -1 -1 1 
122 20 Car -1.000000 -1 -1 1099.9806329854307 163.78430097313085 1236.9011951997386 201.76618306798616 -1 -1 -1 -1 -1 -1 -1 -1 1 
122 26 Car -1.000000 -1 -1 295.33419615941654 183.91395665215 406.9548139715975 253.57700587627872 -1 -1 -1 -1 -1 -1 -1 -1 1 
123 15 Car -1.000000 -1 -1 563.8895199133519 170.58776365144467 620.8932190321484 221.69808856587733 -1 -1 -1 -1 -1 -1 -1 -1 1 
123 20 Car -1.000000 -1 -1 1127.4760337210103 158.01389906661868 1250.0614294094587 200.58854723814366 -1 -1 -1 -1 -1 -1 -1 -1 1 
123 26 Car -1.000000 -1 -1 213.47672560933643 187.40393023376168 372.5564736402523 278.41243910710784 -1 -1 -1 -1 -1 -1 -1 -1 1 
124 15 Car -1.000000 -1 -1 563.7000046883919 170.03786439345694 621.0987645830538 221.5023263977943 -1 -1 -1 -1 -1 -1 -1 -1 1 
124 20 Car -1.000000 -1 -1 1159.4547836500424 154.59296551720595 1243.4819655884821 199.9556160705554 -1 -1 -1 -1 -1 -1 -1 -1 1 
124 26 Car -1.000000 -1 -1 69.2303023936229 198.65653178323709 325.01230490450257 313.61066546925707 -1 -1 -1 -1 -1 -1 -1 -1 1 
124 27 Car -1.000000 -1 -1 487.26278436429595 177.28011756051671 521.8220826546336 203.50765565561503 -1 -1 -1 -1 -1 -1 -1 -1 1 
125 20 Car -1.000000 -1 -1 1177.7858843536549 153.63842421606026 1265.5867876986229 201.038840783299 -1 -1 -1 -1 -1 -1 -1 -1 1 
125 26 Car -1.000000 -1 -1 -12.234602946642141 211.89367108292436 220.60721450191522 358.91625715574753 -1 -1 -1 -1 -1 -1 -1 -1 1 
125 27 Car -1.000000 -1 -1 469.4121158481095 181.57341417970514 514.1204453733247 210.53746477506883 -1 -1 -1 -1 -1 -1 -1 -1 1 
126 26 Car -1.000000 -1 -1 -63.16519556648237 213.7336716627307 188.3506158968702 372.54754581471923 -1 -1 -1 -1 -1 -1 -1 -1 1 
126 27 Car -1.000000 -1 -1 463.5618282933117 183.66504409168874 510.28909668955856 214.04545643967646 -1 -1 -1 -1 -1 -1 -1 -1 1 
127 27 Car -1.000000 -1 -1 443.31598049578326 185.8604467873445 498.55375150899846 222.92247735378638 -1 -1 -1 -1 -1 -1 -1 -1 1 
128 27 Car -1.000000 -1 -1 428.96739485197645 186.63481817479507 487.39713251389253 225.30131778548017 -1 -1 -1 -1 -1 -1 -1 -1 1 
129 27 Car -1.000000 -1 -1 404.72345670846784 187.56153700481212 471.79433269834647 232.76568752048726 -1 -1 -1 -1 -1 -1 -1 -1 1 
130 27 Car -1.000000 -1 -1 377.64228166402313 185.16893105039384 457.36740234623744 239.41049458737874 -1 -1 -1 -1 -1 -1 -1 -1 1 
131 27 Car -1.000000 -1 -1 333.82933716699523 191.25929623504334 427.12233522223414 250.5703717584178 -1 -1 -1 -1 -1 -1 -1 -1 1 
132 15 Car -1.000000 -1 -1 564.3447690997444 178.19556435037057 621.5554680988458 227.9441961268396 -1 -1 -1 -1 -1 -1 -1 -1 1 
132 27 Car -1.000000 -1 -1 269.47267248556807 197.91255985587713 410.329028730514 267.82821260742537 -1 -1 -1 -1 -1 -1 -1 -1 1 
133 15 Car -1.000000 -1 -1 564.3770397052871 178.56834156276747 621.6107400977843 228.3368567631761 -1 -1 -1 -1 -1 -1 -1 -1 1 
133 27 Car -1.000000 -1 -1 183.1692936794652 201.26820526294816 376.71372296145273 298.6569276333154 -1 -1 -1 -1 -1 -1 -1 -1 1 
134 27 Car -1.000000 -1 -1 36.848960618206604 212.33229874515567 310.33629670466274 346.3700898665969 -1 -1 -1 -1 -1 -1 -1 -1 1 
135 27 Car -1.000000 -1 -1 -6.100785137563776 222.80866466989744 216.7417926160098 372.89843789050394 -1 -1 -1 -1 -1 -1 -1 -1 1 
140 27 Car -1.000000 -1 -1 -31.69938207038497 225.54351223071876 200.84514358951265 382.1680131926205 -1 -1 -1 -1 -1 -1 -1 -1 1 
143 30 Car -1.000000 -1 -1 887.9295625646716 162.48579124638673 939.3017006578103 186.20186871398576 -1 -1 -1 -1 -1 -1 -1 -1 1 
145 30 Car -1.000000 -1 -1 911.0706536657951 163.397338281755 966.6230679896405 188.6891443479736 -1 -1 -1 -1 -1 -1 -1 -1 1 
150 30 Car -1.000000 -1 -1 921.2926036234661 174.8803886983239 969.6899518678663 194.18207554546083 -1 -1 -1 -1 -1 -1 -1 -1 1 
152 30 Car -1.000000 -1 -1 935.8310621897892 178.82117163302993 981.0966144610127 196.8738391395221 -1 -1 -1 -1 -1 -1 -1 -1 1 
157 15 Car -1.000000 -1 -1 594.6492533642044 176.7815913934782 655.3405584123891 231.48008743907377 -1 -1 -1 -1 -1 -1 -1 -1 1 
158 15 Car -1.000000 -1 -1 596.1186302393005 175.0137750755121 656.8150124159008 232.25476807060593 -1 -1 -1 -1 -1 -1 -1 -1 1 
159 15 Car -1.000000 -1 -1 597.2282181471475 175.31075009634228 656.6262327928958 231.2790020116437 -1 -1 -1 -1 -1 -1 -1 -1 1 
159 38 Car -1.000000 -1 -1 1112.775017386043 151.3920739873732 1259.960854609359 206.11010564002754 -1 -1 -1 -1 -1 -1 -1 -1 1 
165 15 Car -1.000000 -1 -1 598.9711801820511 175.15275009433688 658.7764527810576 231.5047807419513 -1 -1 -1 -1 -1 -1 -1 -1 1 
165 38 Car -1.000000 -1 -1 1116.9454980017304 150.02799800589483 1269.4926753113402 206.73917631213305 -1 -1 -1 -1 -1 -1 -1 -1 1 
167 15 Car -1.000000 -1 -1 604.6587986347467 179.5244042959091 662.6397666926564 233.89512208211158 -1 -1 -1 -1 -1 -1 -1 -1 1 
168 15 Car -1.000000 -1 -1 603.4510664649857 179.41909325087997 662.5946424275783 233.40021580598375 -1 -1 -1 -1 -1 -1 -1 -1 1 
169 15 Car -1.000000 -1 -1 602.7862198082187 179.3274945499509 663.2472343659177 233.65367100101307 -1 -1 -1 -1 -1 -1 -1 -1 1 
171 15 Car -1.000000 -1 -1 602.6545064229166 180.9361450924228 662.4449493397909 235.1870209236768 -1 -1 -1 -1 -1 -1 -1 -1 1 
192 15 Car -1.000000 -1 -1 597.9826714118485 176.68640260974294 664.0711550840664 238.22857132362094 -1 -1 -1 -1 -1 -1 -1 -1 1 
196 15 Car -1.000000 -1 -1 598.1519336205972 176.0704541194626 664.9568381701044 239.71849292861222 -1 -1 -1 -1 -1 -1 -1 -1 1 
199 15 Car -1.000000 -1 -1 599.3659708759576 175.51801010790533 664.6363854721981 238.46424324273065 -1 -1 -1 -1 -1 -1 -1 -1 1 
200 15 Car -1.000000 -1 -1 599.8857825881668 175.27904870414807 666.0749593297293 239.11146331257052 -1 -1 -1 -1 -1 -1 -1 -1 1 
201 43 Car -1.000000 -1 -1 888.0556684287385 6.156534416763179 1230.2023147388604 202.378268271355 -1 -1 -1 -1 -1 -1 -1 -1 1 
202 43 Car -1.000000 -1 -1 870.732524156907 7.920478926796463 1202.0728797104944 196.79512169658523 -1 -1 -1 -1 -1 -1 -1 -1 1 
203 43 Car -1.000000 -1 -1 860.7742828710794 2.271761772316438 1206.0597007039535 208.3334604711701 -1 -1 -1 -1 -1 -1 -1 -1 1 
206 15 Car -1.000000 -1 -1 601.2400849863616 176.64021055253747 660.8307808471977 237.91393333372628 -1 -1 -1 -1 -1 -1 -1 -1 1 
206 43 Car -1.000000 -1 -1 864.6259716888762 1.6081395419922018 1212.9717483041677 209.49622765923692 -1 -1 -1 -1 -1 -1 -1 -1 1 
208 15 Car -1.000000 -1 -1 600.6043592580954 175.62087284709315 659.8761431514494 237.99970724422633 -1 -1 -1 -1 -1 -1 -1 -1 1 
209 15 Car -1.000000 -1 -1 600.8585689179855 176.67185428418617 658.3504266605479 237.7256592451769 -1 -1 -1 -1 -1 -1 -1 -1 1 
210 15 Car -1.000000 -1 -1 599.869341393619 177.2971885936562 657.45667632606 237.8698232801485 -1 -1 -1 -1 -1 -1 -1 -1 1 
212 15 Car -1.000000 -1 -1 596.6706810808176 176.96136354084175 653.7440939456721 236.96728138232334 -1 -1 -1 -1 -1 -1 -1 -1 1 
213 15 Car -1.000000 -1 -1 595.4197444912828 177.00045865313734 652.3471816826134 236.00577908696098 -1 -1 -1 -1 -1 -1 -1 -1 1 
214 15 Car -1.000000 -1 -1 594.8915401092985 178.4339555623883 651.5719731711253 236.33659367712443 -1 -1 -1 -1 -1 -1 -1 -1 1 
215 15 Car -1.000000 -1 -1 589.5372019340716 179.70805938561142 646.4295910101686 237.47492964117663 -1 -1 -1 -1 -1 -1 -1 -1 1 
217 15 Car -1.000000 -1 -1 579.5369988572369 177.74770939147265 642.9648726680277 236.82768734019993 -1 -1 -1 -1 -1 -1 -1 -1 1 
218 15 Car -1.000000 -1 -1 578.6103371921204 177.82907041620473 642.0540429376077 237.06535879671742 -1 -1 -1 -1 -1 -1 -1 -1 1 
219 15 Car -1.000000 -1 -1 577.4714325074644 178.37301833622314 641.2675140683144 237.75355286921945 -1 -1 -1 -1 -1 -1 -1 -1 1 
220 15 Car -1.000000 -1 -1 578.9999158219547 179.6040829692286 640.2993187583335 237.2633428233636 -1 -1 -1 -1 -1 -1 -1 -1 1 
221 15 Car -1.000000 -1 -1 576.6203402271551 179.6346856201424 637.7508104385626 236.3322236778034 -1 -1 -1 -1 -1 -1 -1 -1 1 
222 15 Car -1.000000 -1 -1 576.6413863967167 179.90190826291817 637.3221668243534 236.36680438745313 -1 -1 -1 -1 -1 -1 -1 -1 1 
223 15 Car -1.000000 -1 -1 576.0318612220815 179.65712370101068 637.7528978348968 237.0976868173868 -1 -1 -1 -1 -1 -1 -1 -1 1 
224 15 Car -1.000000 -1 -1 575.9146921064795 180.18814457178303 638.158096415445 237.87109784221695 -1 -1 -1 -1 -1 -1 -1 -1 1 
225 15 Car -1.000000 -1 -1 575.2012527516583 180.6614902765416 638.3881971405272 237.49209797109984 -1 -1 -1 -1 -1 -1 -1 -1 1 
226 15 Car -1.000000 -1 -1 574.5264982064626 181.16728500473536 636.713833128051 236.89213455885388 -1 -1 -1 -1 -1 -1 -1 -1 1 
227 15 Car -1.000000 -1 -1 573.1582531010279 181.12296987298438 636.3465164991286 236.8140143474704 -1 -1 -1 -1 -1 -1 -1 -1 1 
227 44 Car -1.000000 -1 -1 639.8324102831045 -8.264133176726574 1258.8504673883494 340.96195799342 -1 -1 -1 -1 -1 -1 -1 -1 1 
228 15 Car -1.000000 -1 -1 572.2326643007643 180.93581635714176 637.1585905040924 237.9185660920969 -1 -1 -1 -1 -1 -1 -1 -1 1 
228 44 Car -1.000000 -1 -1 638.383250853875 -8.599493828357936 1262.091891462847 343.2728352617197 -1 -1 -1 -1 -1 -1 -1 -1 1 
229 15 Car -1.000000 -1 -1 573.9929089293936 182.4316997415119 636.7077998468435 237.34580472333008 -1 -1 -1 -1 -1 -1 -1 -1 1 
230 15 Car -1.000000 -1 -1 571.7148094038906 181.02993232699276 635.4534723050385 238.14769795725965 -1 -1 -1 -1 -1 -1 -1 -1 1 
231 15 Car -1.000000 -1 -1 573.3375056137 181.6633607646923 634.3212498878454 236.58780178201258 -1 -1 -1 -1 -1 -1 -1 -1 1 
235 15 Car -1.000000 -1 -1 572.77910481073 181.8396563852307 633.503623220165 236.53043708661943 -1 -1 -1 -1 -1 -1 -1 -1 1 
235 44 Car -1.000000 -1 -1 641.6957712664943 -0.8683036616856441 1247.1462166034762 338.1421958797995 -1 -1 -1 -1 -1 -1 -1 -1 1 
237 15 Car -1.000000 -1 -1 570.6338756815012 179.68366229192787 631.2476677471025 234.66206651066574 -1 -1 -1 -1 -1 -1 -1 -1 1 
237 44 Car -1.000000 -1 -1 641.9567534067569 0.155229482350137 1245.8613142956451 338.3001213377532 -1 -1 -1 -1 -1 -1 -1 -1 1 
239 15 Car -1.000000 -1 -1 570.6146357503269 179.65374809369882 629.735090880576 233.20804667583224 -1 -1 -1 -1 -1 -1 -1 -1 1 
240 15 Car -1.000000 -1 -1 568.4684132077973 179.98061108352914 631.5814636067761 232.80057568327075 -1 -1 -1 -1 -1 -1 -1 -1 1 
241 15 Car -1.000000 -1 -1 566.9735272847524 179.31898485691866 630.7598358030424 232.63496035648333 -1 -1 -1 -1 -1 -1 -1 -1 1 
242 15 Car -1.000000 -1 -1 571.6731768821032 179.78507059260335 632.6232120407054 232.52937540305092 -1 -1 -1 -1 -1 -1 -1 -1 1 
243 15 Car -1.000000 -1 -1 572.0475453049343 180.30629749981995 632.1237213040631 232.21140671350258 -1 -1 -1 -1 -1 -1 -1 -1 1 
244 15 Car -1.000000 -1 -1 572.8444763193473 178.74981261186957 633.6851256508785 229.98731520999007 -1 -1 -1 -1 -1 -1 -1 -1 1 
244 46 Car -1.000000 -1 -1 669.4051357552405 171.41907089315487 692.6278349458187 180.034518195559 -1 -1 -1 -1 -1 -1 -1 -1 1 
245 15 Car -1.000000 -1 -1 573.4123944710103 178.35228957067685 633.3813158827297 229.61044047885355 -1 -1 -1 -1 -1 -1 -1 -1 1 
245 46 Car -1.000000 -1 -1 668.0438719759725 171.92704222121324 690.4301409073614 180.25623113430532 -1 -1 -1 -1 -1 -1 -1 -1 1 
246 15 Car -1.000000 -1 -1 574.9096723555473 178.7680525706082 633.9656673133572 229.7792995226018 -1 -1 -1 -1 -1 -1 -1 -1 1 
246 46 Car -1.000000 -1 -1 667.6722799386646 171.8789916274509 689.3986462663714 180.16799461920823 -1 -1 -1 -1 -1 -1 -1 -1 1 
247 15 Car -1.000000 -1 -1 577.3320856458184 179.41842934258347 634.6943269216064 228.76286795997194 -1 -1 -1 -1 -1 -1 -1 -1 1 
247 46 Car -1.000000 -1 -1 666.6269904450219 172.5307642716408 687.6381712551596 180.47034773523234 -1 -1 -1 -1 -1 -1 -1 -1 1 
248 15 Car -1.000000 -1 -1 577.084553789316 178.7282402171212 634.8815308696205 229.62570554551695 -1 -1 -1 -1 -1 -1 -1 -1 1 
248 46 Car -1.000000 -1 -1 663.7141462769937 172.41993951166117 685.6049676396847 180.90599889524213 -1 -1 -1 -1 -1 -1 -1 -1 1 
249 15 Car -1.000000 -1 -1 577.7477290507662 179.9507396981824 634.7735738559769 229.97066339803757 -1 -1 -1 -1 -1 -1 -1 -1 1 
249 46 Car -1.000000 -1 -1 662.1960287380259 172.40807871813698 684.3017952955458 180.97746374408382 -1 -1 -1 -1 -1 -1 -1 -1 1 
250 15 Car -1.000000 -1 -1 578.0431762005418 180.7730195975259 634.8592243000916 229.02660922568975 -1 -1 -1 -1 -1 -1 -1 -1 1 
251 15 Car -1.000000 -1 -1 577.5429869916197 180.7064851676368 635.7735349895277 228.35113411278712 -1 -1 -1 -1 -1 -1 -1 -1 1 
251 47 Car -1.000000 -1 -1 643.7390133836586 173.09972521884546 668.9044250067955 181.7908162956355 -1 -1 -1 -1 -1 -1 -1 -1 1 
252 15 Car -1.000000 -1 -1 586.8641281687571 177.70471066568157 640.4365779173098 221.74709651951656 -1 -1 -1 -1 -1 -1 -1 -1 1 
252 47 Car -1.000000 -1 -1 643.2300484926901 172.77168841221697 668.2107770413926 181.90156650370645 -1 -1 -1 -1 -1 -1 -1 -1 1 
254 15 Car -1.000000 -1 -1 586.5931097572877 181.21273962798264 643.5476061566691 228.52793492234707 -1 -1 -1 -1 -1 -1 -1 -1 1 
254 47 Car -1.000000 -1 -1 639.2009751992078 173.2516918171452 667.2853497220499 183.80590030371306 -1 -1 -1 -1 -1 -1 -1 -1 1 
255 15 Car -1.000000 -1 -1 587.926677963066 181.4605307904339 644.5007506180469 228.4592055503329 -1 -1 -1 -1 -1 -1 -1 -1 1 
255 47 Car -1.000000 -1 -1 634.0098880809566 175.9971142601367 664.6011136815616 188.11134227538003 -1 -1 -1 -1 -1 -1 -1 -1 1 
259 47 Car -1.000000 -1 -1 631.5517531871187 176.53404527289408 663.897929159163 189.34324459399153 -1 -1 -1 -1 -1 -1 -1 -1 1 
261 48 Car -1.000000 -1 -1 600.220484553055 180.48005133369458 650.454661036381 226.5569001719349 -1 -1 -1 -1 -1 -1 -1 -1 1 
262 15 Car -1.000000 -1 -1 598.0397047674375 180.79888628043474 652.7241931575426 227.1563532017337 -1 -1 -1 -1 -1 -1 -1 -1 1 
262 48 Car -1.000000 -1 -1 600.051054378711 182.28341739574333 650.3774357481792 228.44483995012627 -1 -1 -1 -1 -1 -1 -1 -1 1 
264 15 Car -1.000000 -1 -1 601.056639038204 181.38120143459952 654.8380839763192 227.52443739301563 -1 -1 -1 -1 -1 -1 -1 -1 1 
265 15 Car -1.000000 -1 -1 605.6668870687947 177.8437714386986 655.9507420268366 221.28208478738054 -1 -1 -1 -1 -1 -1 -1 -1 1 
266 15 Car -1.000000 -1 -1 607.8212196113064 177.55155995970685 657.4752743933782 220.44553324511918 -1 -1 -1 -1 -1 -1 -1 -1 1 
266 48 Car -1.000000 -1 -1 599.9333438238281 179.60540627519543 651.0514896841793 226.61508073763721 -1 -1 -1 -1 -1 -1 -1 -1 1 
267 48 Car -1.000000 -1 -1 599.8217853665299 179.97113178809064 651.1468083937987 227.17105627437 -1 -1 -1 -1 -1 -1 -1 -1 1 
267 49 Car -1.000000 -1 -1 575.8149756185879 178.65944313292718 598.588986376452 192.54361727232768 -1 -1 -1 -1 -1 -1 -1 -1 1 
268 48 Car -1.000000 -1 -1 600.1825209599474 179.6837538456145 652.1376019341019 227.18056910539457 -1 -1 -1 -1 -1 -1 -1 -1 1 
268 49 Car -1.000000 -1 -1 570.4944533206983 178.11517560743448 594.5323067337605 193.54421714942941 -1 -1 -1 -1 -1 -1 -1 -1 1 
269 48 Car -1.000000 -1 -1 600.0406683490899 179.51613070013943 651.2676265098307 227.2230287000149 -1 -1 -1 -1 -1 -1 -1 -1 1 
269 49 Car -1.000000 -1 -1 568.780289968486 178.25917564337757 592.7763465934053 193.80783849726788 -1 -1 -1 -1 -1 -1 -1 -1 1 
270 48 Car -1.000000 -1 -1 601.055723256155 180.45156517984572 651.0955423674006 226.40087891963503 -1 -1 -1 -1 -1 -1 -1 -1 1 
270 49 Car -1.000000 -1 -1 565.3178906836567 178.01140440418365 590.2222401623061 194.14861259378662 -1 -1 -1 -1 -1 -1 -1 -1 1 
271 48 Car -1.000000 -1 -1 601.9879958984869 180.4610362951932 651.7655421348435 226.07807920277384 -1 -1 -1 -1 -1 -1 -1 -1 1 
272 48 Car -1.000000 -1 -1 608.9633785255103 182.47752873203567 658.1385985671158 226.13194741101603 -1 -1 -1 -1 -1 -1 -1 -1 1 
272 51 Car -1.000000 -1 -1 564.2717725311406 178.5060992179414 600.1857827743195 199.12319819999294 -1 -1 -1 -1 -1 -1 -1 -1 1 
273 48 Car -1.000000 -1 -1 610.2482548423302 183.04335904648082 659.6579740718195 225.71129231467836 -1 -1 -1 -1 -1 -1 -1 -1 1 
273 51 Car -1.000000 -1 -1 560.8839867614173 179.0856576613676 597.9626943978717 201.2587031442393 -1 -1 -1 -1 -1 -1 -1 -1 1 
274 48 Car -1.000000 -1 -1 609.0251841481887 182.67449388560536 660.9243754545943 226.1023863636004 -1 -1 -1 -1 -1 -1 -1 -1 1 
274 51 Car -1.000000 -1 -1 550.7327955008658 179.62364840209094 590.9130608327657 204.99243717755004 -1 -1 -1 -1 -1 -1 -1 -1 1 
275 15 Car -1.000000 -1 -1 608.5984747286593 181.16526693801552 660.5608503225063 226.2682629199962 -1 -1 -1 -1 -1 -1 -1 -1 1 
275 48 Car -1.000000 -1 -1 610.1316169052232 183.06025017016262 661.7081907743435 226.21814355060388 -1 -1 -1 -1 -1 -1 -1 -1 1 
275 51 Car -1.000000 -1 -1 541.6408935906605 178.39238288694062 583.4153658006808 205.82987591319252 -1 -1 -1 -1 -1 -1 -1 -1 1 
275 54 Car -1.000000 -1 -1 510.86018507634236 178.93113057680125 546.5544563534035 204.0004349247597 -1 -1 -1 -1 -1 -1 -1 -1 1 
276 15 Car -1.000000 -1 -1 609.4325266526253 176.65905784405055 661.7859435993741 222.68808977999817 -1 -1 -1 -1 -1 -1 -1 -1 1 
276 51 Car -1.000000 -1 -1 534.3200641256842 177.54211730445516 575.9711648139627 206.82055503326808 -1 -1 -1 -1 -1 -1 -1 -1 1 
276 54 Car -1.000000 -1 -1 496.8671822667723 178.85090472128195 533.9950715991253 205.23866928557158 -1 -1 -1 -1 -1 -1 -1 -1 1 
277 15 Car -1.000000 -1 -1 609.2384094362617 175.0740385435044 663.0820109154037 224.68963912046672 -1 -1 -1 -1 -1 -1 -1 -1 1 
277 51 Car -1.000000 -1 -1 521.4152171211989 176.5288740706779 570.8612597342966 210.22470357569316 -1 -1 -1 -1 -1 -1 -1 -1 1 
277 54 Car -1.000000 -1 -1 484.08537824552093 177.7372121957892 524.9925598462258 207.69777175047773 -1 -1 -1 -1 -1 -1 -1 -1 1 
278 15 Car -1.000000 -1 -1 610.0616777199913 172.58500370001002 663.4790657468066 226.69354973423728 -1 -1 -1 -1 -1 -1 -1 -1 1 
278 51 Car -1.000000 -1 -1 506.1018595816063 176.7908382408561 562.8212685618114 215.6210134009964 -1 -1 -1 -1 -1 -1 -1 -1 1 
278 54 Car -1.000000 -1 -1 465.3191795642464 181.34086159590865 511.96454153324134 210.77345014929497 -1 -1 -1 -1 -1 -1 -1 -1 1 
279 15 Car -1.000000 -1 -1 610.3739401950012 171.9648542105847 664.606605152262 226.8999173437866 -1 -1 -1 -1 -1 -1 -1 -1 1 
279 48 Car -1.000000 -1 -1 606.7802416227742 176.2151223634046 663.6166848925673 223.21107667703748 -1 -1 -1 -1 -1 -1 -1 -1 1 
279 51 Car -1.000000 -1 -1 491.6001316925869 178.47002530899422 553.1358317410122 218.98253572034332 -1 -1 -1 -1 -1 -1 -1 -1 1 
279 54 Car -1.000000 -1 -1 444.9957728905075 181.5080681392605 500.7501138198487 215.58602464141347 -1 -1 -1 -1 -1 -1 -1 -1 1 
280 48 Car -1.000000 -1 -1 608.7391591531107 176.02709900765123 663.8998426448238 223.6566056119394 -1 -1 -1 -1 -1 -1 -1 -1 1 
280 51 Car -1.000000 -1 -1 468.54035291159767 182.78289752508653 538.603408465901 225.00295600615817 -1 -1 -1 -1 -1 -1 -1 -1 1 
280 54 Car -1.000000 -1 -1 428.9053358250947 181.54961743133748 485.462019404606 216.88526944400135 -1 -1 -1 -1 -1 -1 -1 -1 1 
281 15 Car -1.000000 -1 -1 612.3917316968025 175.4529541400104 662.6922164216181 224.77425427856534 -1 -1 -1 -1 -1 -1 -1 -1 1 
281 48 Car -1.000000 -1 -1 609.1454834534247 175.6009720241837 664.6134217628492 223.49576458783045 -1 -1 -1 -1 -1 -1 -1 -1 1 
281 51 Car -1.000000 -1 -1 445.04728936219794 182.3773416519981 524.806144735399 232.4636823748431 -1 -1 -1 -1 -1 -1 -1 -1 1 
281 54 Car -1.000000 -1 -1 393.79594001380906 183.13707505679662 464.03228067586804 227.89744184611993 -1 -1 -1 -1 -1 -1 -1 -1 1 
282 15 Car -1.000000 -1 -1 612.8761984279436 175.21194413304 663.4249461125471 224.77708427835483 -1 -1 -1 -1 -1 -1 -1 -1 1 
282 51 Car -1.000000 -1 -1 400.6077945035572 184.75447882848255 506.6916666256131 242.45276365712348 -1 -1 -1 -1 -1 -1 -1 -1 1 
282 54 Car -1.000000 -1 -1 363.0131328053152 186.0694292228659 442.59647448386613 237.63856354822357 -1 -1 -1 -1 -1 -1 -1 -1 1 
283 51 Car -1.000000 -1 -1 348.21059074901603 186.75559770089393 488.1204580478407 260.331253018836 -1 -1 -1 -1 -1 -1 -1 -1 1 
283 54 Car -1.000000 -1 -1 316.06907369497077 186.9102372782782 402.43478114850427 243.48681579179174 -1 -1 -1 -1 -1 -1 -1 -1 1 
284 51 Car -1.000000 -1 -1 272.8809333602208 190.07401585608915 459.66655613037045 279.6911434160971 -1 -1 -1 -1 -1 -1 -1 -1 1 
284 54 Car -1.000000 -1 -1 297.8753933310102 187.35026552664283 389.0265207844103 247.06167390386602 -1 -1 -1 -1 -1 -1 -1 -1 1 
285 51 Car -1.000000 -1 -1 145.90128939062927 192.93752157555343 411.1071388277328 320.2314225145658 -1 -1 -1 -1 -1 -1 -1 -1 1 
286 51 Car -1.000000 -1 -1 -16.386328448588984 200.01622917442884 332.28304527645435 381.05961597325916 -1 -1 -1 -1 -1 -1 -1 -1 1 
287 51 Car -1.000000 -1 -1 -12.300316914162352 220.27436464187696 155.06661785541735 369.7099762862861 -1 -1 -1 -1 -1 -1 -1 -1 1 
