2 1 Car -1.000000 -1 -1 476.56319795260066 166.11363639585517 528.8048953746638 192.82549728753938 -1 -1 -1 -1 -1 -1 -1 -1 1 
2 2 Car -1.000000 -1 -1 1055.0650001711886 157.24196960171014 1165.7850712400532 206.59978120400865 -1 -1 -1 -1 -1 -1 -1 -1 1 
3 1 Car -1.000000 -1 -1 477.63955215449704 165.98924005554196 528.1880661688313 193.2662778824473 -1 -1 -1 -1 -1 -1 -1 -1 1 
3 2 Car -1.000000 -1 -1 1056.8248017705573 157.1546199941498 1167.205337693373 206.72010718279392 -1 -1 -1 -1 -1 -1 -1 -1 1 
4 1 Car -1.000000 -1 -1 478.0913737834705 165.65208826200356 528.5397871094904 193.71329800522696 -1 -1 -1 -1 -1 -1 -1 -1 1 
4 2 Car -1.000000 -1 -1 1058.677296919555 156.76954715994293 1169.7214903197105 206.7448806206175 -1 -1 -1 -1 -1 -1 -1 -1 1 
5 1 Car -1.000000 -1 -1 477.1564404235485 165.3831447141461 528.3561379357054 193.23904646184857 -1 -1 -1 -1 -1 -1 -1 -1 1 
5 2 Car -1.000000 -1 -1 1062.8799157763 157.19265568960705 1174.2465443358908 207.50485956492497 -1 -1 -1 -1 -1 -1 -1 -1 1 
6 1 Car -1.000000 -1 -1 476.76397810514607 166.75526701041056 527.7221469504157 192.94573334192387 -1 -1 -1 -1 -1 -1 -1 -1 1 
6 2 Car -1.000000 -1 -1 1062.9288442322465 157.92938601577467 1173.5761111059326 207.79587344795254 -1 -1 -1 -1 -1 -1 -1 -1 1 
7 1 Car -1.000000 -1 -1 476.8455815112006 166.37939477501195 527.8334553611862 194.68967306944742 -1 -1 -1 -1 -1 -1 -1 -1 1 
7 2 Car -1.000000 -1 -1 1063.3474093884645 157.77758828273045 1177.6560546956316 209.1484777809909 -1 -1 -1 -1 -1 -1 -1 -1 1 
8 1 Car -1.000000 -1 -1 479.2638853823181 167.94804743152116 526.9166976934074 195.57520523822845 -1 -1 -1 -1 -1 -1 -1 -1 1 
8 2 Car -1.000000 -1 -1 1075.2822240002595 159.1521310800262 1207.9478964277419 213.57233836542596 -1 -1 -1 -1 -1 -1 -1 -1 1 
9 1 Car -1.000000 -1 -1 480.78456435529273 168.92656241344034 528.5988504707692 195.8818579755163 -1 -1 -1 -1 -1 -1 -1 -1 1 
9 2 Car -1.000000 -1 -1 1079.5121051356616 161.5169017857409 1210.9371114201222 212.09640540520869 -1 -1 -1 -1 -1 -1 -1 -1 1 
10 1 Car -1.000000 -1 -1 480.2222183254292 168.68733342650867 527.9111950026634 196.54515433039222 -1 -1 -1 -1 -1 -1 -1 -1 1 
10 2 Car -1.000000 -1 -1 1081.9131118890366 161.31421161186483 1217.7761353480446 212.66071673117312 -1 -1 -1 -1 -1 -1 -1 -1 1 
11 1 Car -1.000000 -1 -1 481.6977938376032 167.76351357154124 529.2181057742391 195.98151889102235 -1 -1 -1 -1 -1 -1 -1 -1 1 
11 2 Car -1.000000 -1 -1 1081.3309201515601 160.44421387226606 1221.6778380207193 213.20908978336462 -1 -1 -1 -1 -1 -1 -1 -1 1 
12 1 Car -1.000000 -1 -1 483.02190593858563 167.67107437987343 531.8476491010074 194.73651038423947 -1 -1 -1 -1 -1 -1 -1 -1 1 
12 2 Car -1.000000 -1 -1 1084.5857263096545 158.26213716780302 1221.0192834546958 209.23042914151716 -1 -1 -1 -1 -1 -1 -1 -1 1 
13 1 Car -1.000000 -1 -1 485.11712863251006 167.43267220544405 533.0414830140456 195.53878263347644 -1 -1 -1 -1 -1 -1 -1 -1 1 
13 2 Car -1.000000 -1 -1 1097.0886162040624 157.81027068603422 1222.2948685745557 208.3908255628794 -1 -1 -1 -1 -1 -1 -1 -1 1 
14 1 Car -1.000000 -1 -1 484.7517163495643 167.4902361155942 534.0758342091723 195.9372476142921 -1 -1 -1 -1 -1 -1 -1 -1 1 
14 2 Car -1.000000 -1 -1 1105.6486108026188 157.45142691386917 1225.389356836804 208.0431923557937 -1 -1 -1 -1 -1 -1 -1 -1 1 
15 1 Car -1.000000 -1 -1 486.54058811659166 166.72018703647754 539.0952585289302 197.09711918406302 -1 -1 -1 -1 -1 -1 -1 -1 1 
15 2 Car -1.000000 -1 -1 1110.3764710118933 155.39386133426046 1230.3177054561338 208.89197639721436 -1 -1 -1 -1 -1 -1 -1 -1 1 
16 1 Car -1.000000 -1 -1 495.1367099877183 167.1512911206432 544.8240584563937 195.04296631384733 -1 -1 -1 -1 -1 -1 -1 -1 1 
16 2 Car -1.000000 -1 -1 1128.0170062205232 154.97754291370927 1234.9046133190686 207.0959091038488 -1 -1 -1 -1 -1 -1 -1 -1 1 
17 1 Car -1.000000 -1 -1 495.6354376294998 166.39088560804097 544.7666358184829 196.20484763937822 -1 -1 -1 -1 -1 -1 -1 -1 1 
17 2 Car -1.000000 -1 -1 1137.8540186117766 155.63940977807067 1235.6067998090316 205.47136571087884 -1 -1 -1 -1 -1 -1 -1 -1 1 
18 1 Car -1.000000 -1 -1 495.6437791139872 165.0591927777162 545.9194355263542 196.66205620440738 -1 -1 -1 -1 -1 -1 -1 -1 1 
18 2 Car -1.000000 -1 -1 1143.049964895772 155.39032603217703 1240.6300569767275 205.13439177584158 -1 -1 -1 -1 -1 -1 -1 -1 1 
19 1 Car -1.000000 -1 -1 499.7584249753625 165.37017556401034 551.1377639811902 196.10882040973354 -1 -1 -1 -1 -1 -1 -1 -1 1 
20 1 Car -1.000000 -1 -1 502.6185535892798 163.9259793751983 555.050486060999 195.69267937658955 -1 -1 -1 -1 -1 -1 -1 -1 1 
21 1 Car -1.000000 -1 -1 505.78284084512984 163.22169454145416 555.7978275419066 195.23908011898587 -1 -1 -1 -1 -1 -1 -1 -1 1 
22 1 Car -1.000000 -1 -1 509.6526435535096 160.6853614529677 564.3793750687408 194.08420097897422 -1 -1 -1 -1 -1 -1 -1 -1 1 
23 1 Car -1.000000 -1 -1 512.4022338878843 160.4080129651312 565.4576595239782 194.41816494711026 -1 -1 -1 -1 -1 -1 -1 -1 1 
24 1 Car -1.000000 -1 -1 516.5352037570959 163.5893912792513 570.039684613417 196.88077787260877 -1 -1 -1 -1 -1 -1 -1 -1 1 
24 6 Car -1.000000 -1 -1 1148.8504614984479 167.0904129303275 1237.040885763758 217.70171234851608 -1 -1 -1 -1 -1 -1 -1 -1 1 
25 1 Car -1.000000 -1 -1 518.5213239022065 164.01096648360402 571.8653637575236 198.51196143971126 -1 -1 -1 -1 -1 -1 -1 -1 1 
25 6 Car -1.000000 -1 -1 1172.393427380842 176.32588522193134 1236.3071021341138 215.49810151046125 -1 -1 -1 -1 -1 -1 -1 -1 1 
26 1 Car -1.000000 -1 -1 521.4370843122922 163.57421807821422 574.9040428697112 198.32357986660753 -1 -1 -1 -1 -1 -1 -1 -1 1 
26 6 Car -1.000000 -1 -1 1181.4297863507907 178.8187845497885 1241.0444011213388 215.35614570224791 -1 -1 -1 -1 -1 -1 -1 -1 1 
27 1 Car -1.000000 -1 -1 524.5298948278576 162.74637802373374 579.1394334712445 198.14474310785062 -1 -1 -1 -1 -1 -1 -1 -1 1 
28 1 Car -1.000000 -1 -1 525.1275856242008 162.31619916340614 580.1071678023737 198.14923132389828 -1 -1 -1 -1 -1 -1 -1 -1 1 
29 1 Car -1.000000 -1 -1 525.1744083859381 163.81931658943475 578.4395630530631 199.94013203299963 -1 -1 -1 -1 -1 -1 -1 -1 1 
30 1 Car -1.000000 -1 -1 523.3196409925617 166.03341495112917 577.3747699449082 201.56348809138603 -1 -1 -1 -1 -1 -1 -1 -1 1 
31 1 Car -1.000000 -1 -1 520.7077154479896 167.37352217417273 572.1301468298971 201.07711368762088 -1 -1 -1 -1 -1 -1 -1 -1 1 
32 1 Car -1.000000 -1 -1 510.2677212001095 165.8942477603776 567.899723788251 202.78524863024327 -1 -1 -1 -1 -1 -1 -1 -1 1 
33 1 Car -1.000000 -1 -1 503.6895177299995 164.65552777959886 564.3433563129415 203.9870885638646 -1 -1 -1 -1 -1 -1 -1 -1 1 
34 1 Car -1.000000 -1 -1 484.3761592055883 167.6213388016789 547.210260672657 205.37153091740865 -1 -1 -1 -1 -1 -1 -1 -1 1 
35 1 Car -1.000000 -1 -1 480.0820681152095 164.2253687230589 542.6611139591663 203.73920816227414 -1 -1 -1 -1 -1 -1 -1 -1 1 
36 1 Car -1.000000 -1 -1 461.19558430107423 166.570926161287 529.6286285969899 209.61515437693959 -1 -1 -1 -1 -1 -1 -1 -1 1 
37 1 Car -1.000000 -1 -1 446.61599344170963 166.80513078023392 517.8997782996264 212.52953377375968 -1 -1 -1 -1 -1 -1 -1 -1 1 
38 1 Car -1.000000 -1 -1 427.51399494508286 166.18084939182725 501.0095374628313 212.9398051320074 -1 -1 -1 -1 -1 -1 -1 -1 1 
39 1 Car -1.000000 -1 -1 407.16930581268804 163.47996410578662 485.03538186223835 213.32708259876006 -1 -1 -1 -1 -1 -1 -1 -1 1 
40 1 Car -1.000000 -1 -1 393.93964253676666 157.93705304277768 469.6206229297364 209.64888040604558 -1 -1 -1 -1 -1 -1 -1 -1 1 
40 8 Car -1.000000 -1 -1 1146.907545440047 156.13759005082682 1223.4159996560682 226.30752118916624 -1 -1 -1 -1 -1 -1 -1 -1 1 
41 1 Car -1.000000 -1 -1 364.99794285438793 164.38525598446603 441.49301457109334 216.68603773922092 -1 -1 -1 -1 -1 -1 -1 -1 1 
41 8 Car -1.000000 -1 -1 1139.4296919614644 156.93007645974328 1223.9330010154276 228.493599094532 -1 -1 -1 -1 -1 -1 -1 -1 1 
42 1 Car -1.000000 -1 -1 334.90379439520507 166.4406732870747 416.9276617812213 220.29360692300472 -1 -1 -1 -1 -1 -1 -1 -1 1 
42 8 Car -1.000000 -1 -1 1119.6040117299087 159.69039824500555 1218.8983034737885 228.49047888269797 -1 -1 -1 -1 -1 -1 -1 -1 1 
43 1 Car -1.000000 -1 -1 310.649847060317 166.7608209774627 399.3484976151973 225.3985715255426 -1 -1 -1 -1 -1 -1 -1 -1 1 
43 8 Car -1.000000 -1 -1 1100.1110425890945 161.0759882826212 1212.4352751971828 227.77572499371644 -1 -1 -1 -1 -1 -1 -1 -1 1 
44 1 Car -1.000000 -1 -1 278.176980488997 166.15264818291118 372.6198923727717 228.3349862751697 -1 -1 -1 -1 -1 -1 -1 -1 1 
44 8 Car -1.000000 -1 -1 1062.750935439028 161.85283685347395 1215.1111415136666 231.55327243112006 -1 -1 -1 -1 -1 -1 -1 -1 1 
45 1 Car -1.000000 -1 -1 237.9345096995809 167.56988413293055 336.9981991791035 237.57867931137204 -1 -1 -1 -1 -1 -1 -1 -1 1 
45 8 Car -1.000000 -1 -1 1042.1011665073675 163.10592186610867 1201.923155673718 233.14310369371415 -1 -1 -1 -1 -1 -1 -1 -1 1 
46 1 Car -1.000000 -1 -1 199.88922097406615 170.4691858050144 301.34500857590837 243.16732449685347 -1 -1 -1 -1 -1 -1 -1 -1 1 
46 8 Car -1.000000 -1 -1 1005.4112067111238 168.73070559520727 1174.1747196582733 232.1540952428483 -1 -1 -1 -1 -1 -1 -1 -1 1 
47 1 Car -1.000000 -1 -1 141.7735313159326 169.81988648739784 254.49536267167142 251.70012353565627 -1 -1 -1 -1 -1 -1 -1 -1 1 
47 8 Car -1.000000 -1 -1 960.628077755258 169.69114974079304 1138.1046914590136 232.78111190636253 -1 -1 -1 -1 -1 -1 -1 -1 1 
48 1 Car -1.000000 -1 -1 79.66491247399873 174.2216280196525 196.78921056323537 258.9231791539558 -1 -1 -1 -1 -1 -1 -1 -1 1 
48 8 Car -1.000000 -1 -1 920.7543582158577 169.2646020835424 1097.9039275359326 233.36878472099707 -1 -1 -1 -1 -1 -1 -1 -1 1 
49 1 Car -1.000000 -1 -1 10.308857989675474 174.83222309549117 154.64403847428986 269.77492371847546 -1 -1 -1 -1 -1 -1 -1 -1 1 
49 8 Car -1.000000 -1 -1 884.3243047036715 167.13652804485434 1056.7220400295162 233.87809157579025 -1 -1 -1 -1 -1 -1 -1 -1 1 
50 1 Car -1.000000 -1 -1 -1.0019387447889727 176.37039657958493 100.69483429771059 284.4165918164142 -1 -1 -1 -1 -1 -1 -1 -1 1 
50 8 Car -1.000000 -1 -1 846.8110911538055 163.85823601815122 1018.9937049907548 230.9979514403514 -1 -1 -1 -1 -1 -1 -1 -1 1 
51 1 Car -1.000000 -1 -1 -27.700760424699883 177.0185490151771 77.67747991937892 288.9801213378602 -1 -1 -1 -1 -1 -1 -1 -1 1 
51 8 Car -1.000000 -1 -1 815.6079996853515 162.56743624258993 980.0353931283037 227.839283342692 -1 -1 -1 -1 -1 -1 -1 -1 1 
52 8 Car -1.000000 -1 -1 776.0604853490213 160.34518412210352 936.5330982305143 224.7336388544736 -1 -1 -1 -1 -1 -1 -1 -1 1 
53 8 Car -1.000000 -1 -1 747.0683888945248 160.76349063058467 899.239892271799 222.71118498422916 -1 -1 -1 -1 -1 -1 -1 -1 1 
54 8 Car -1.000000 -1 -1 712.0992986480437 160.26350665475164 862.018328725386 222.98596891786437 -1 -1 -1 -1 -1 -1 -1 -1 1 
55 8 Car -1.000000 -1 -1 674.1303002539644 160.95341403303726 820.3554553386297 223.69298188216007 -1 -1 -1 -1 -1 -1 -1 -1 1 
56 8 Car -1.000000 -1 -1 628.8720275534808 161.27926967366184 777.4085321474697 224.9427321093998 -1 -1 -1 -1 -1 -1 -1 -1 1 
57 8 Car -1.000000 -1 -1 589.8150617766643 162.75901271090072 741.8971834884551 230.92057169546214 -1 -1 -1 -1 -1 -1 -1 -1 1 
58 8 Car -1.000000 -1 -1 549.8345978916459 162.94626849859603 704.9654469510343 233.13385592202587 -1 -1 -1 -1 -1 -1 -1 -1 1 
59 8 Car -1.000000 -1 -1 514.1062534561165 167.4542431348772 666.2246118612037 235.2941415624399 -1 -1 -1 -1 -1 -1 -1 -1 1 
60 8 Car -1.000000 -1 -1 457.4172861010326 159.3987940191027 626.7649371900511 236.87157273565825 -1 -1 -1 -1 -1 -1 -1 -1 1 
61 8 Car -1.000000 -1 -1 408.1752125252372 162.1436727264126 584.8681580793624 242.43114810860604 -1 -1 -1 -1 -1 -1 -1 -1 1 
62 8 Car -1.000000 -1 -1 348.0001650622211 153.07045325081003 544.737273318431 242.73678056583384 -1 -1 -1 -1 -1 -1 -1 -1 1 
63 8 Car -1.000000 -1 -1 283.5766292043402 147.05563486994137 500.1100173872325 247.70260438406842 -1 -1 -1 -1 -1 -1 -1 -1 1 
64 8 Car -1.000000 -1 -1 227.50076674483475 161.7008404215731 446.3818840777309 253.19062895627417 -1 -1 -1 -1 -1 -1 -1 -1 1 
65 8 Car -1.000000 -1 -1 146.98469788724324 158.15606531339628 404.94326505840115 260.9797242951139 -1 -1 -1 -1 -1 -1 -1 -1 1 
66 8 Car -1.000000 -1 -1 73.62869425835783 156.5458343051504 348.3294815227598 268.4007241576904 -1 -1 -1 -1 -1 -1 -1 -1 1 
67 8 Car -1.000000 -1 -1 15.379779192568066 157.58472605898493 296.3766349647192 276.4014829809323 -1 -1 -1 -1 -1 -1 -1 -1 1 
67 17 Car -1.000000 -1 -1 893.4599247517756 191.71838874669209 1045.4323154326512 297.15001961546614 -1 -1 -1 -1 -1 -1 -1 -1 1 
68 8 Car -1.000000 -1 -1 -15.672614168425952 151.40068811128518 252.7362959202578 272.95091967271344 -1 -1 -1 -1 -1 -1 -1 -1 1 
68 17 Car -1.000000 -1 -1 873.8852493138097 192.04579346942685 1029.7764347194577 296.4112941428997 -1 -1 -1 -1 -1 -1 -1 -1 1 
69 8 Car -1.000000 -1 -1 -8.447769790161686 154.59097361086822 204.09648878933038 280.0479844606573 -1 -1 -1 -1 -1 -1 -1 -1 1 
69 17 Car -1.000000 -1 -1 842.1341657610127 183.59553475207989 1009.9078580472284 292.5704638325652 -1 -1 -1 -1 -1 -1 -1 -1 1 
69 21 Car -1.000000 -1 -1 821.4750166048237 178.3745208062073 930.9983489179967 235.43078194643027 -1 -1 -1 -1 -1 -1 -1 -1 1 
70 8 Car -1.000000 -1 -1 -39.78033941466049 147.1913860769838 167.43889732056076 275.7310128017567 -1 -1 -1 -1 -1 -1 -1 -1 1 
70 17 Car -1.000000 -1 -1 831.0546803006251 186.30960345569483 1020.4092825384203 304.05180283586037 -1 -1 -1 -1 -1 -1 -1 -1 1 
70 21 Car -1.000000 -1 -1 804.4510584636442 177.83456387296684 917.7145196468082 239.42216608480703 -1 -1 -1 -1 -1 -1 -1 -1 1 
71 8 Car -1.000000 -1 -1 -81.25709900673525 139.70431241193202 154.3559168181533 297.6601373167009 -1 -1 -1 -1 -1 -1 -1 -1 1 
71 17 Car -1.000000 -1 -1 823.3917121166506 187.62414220457012 1008.0066811060483 301.99095085198246 -1 -1 -1 -1 -1 -1 -1 -1 1 
71 21 Car -1.000000 -1 -1 796.3171140913703 175.83224294088535 910.2343617597959 241.80974479196783 -1 -1 -1 -1 -1 -1 -1 -1 1 
71 26 Car -1.000000 -1 -1 469.41520745724495 167.26448603817892 525.7203601384274 197.8253620289916 -1 -1 -1 -1 -1 -1 -1 -1 1 
72 8 Car -1.000000 -1 -1 -126.08705099322412 137.99261038174006 118.16562903922195 301.7429417067202 -1 -1 -1 -1 -1 -1 -1 -1 1 
72 17 Car -1.000000 -1 -1 816.3171047794746 187.1172011799799 1013.3875846250327 309.17480578585594 -1 -1 -1 -1 -1 -1 -1 -1 1 
72 21 Car -1.000000 -1 -1 784.3985172027658 176.32891811963776 891.4532330577617 243.30549928115724 -1 -1 -1 -1 -1 -1 -1 -1 1 
72 26 Car -1.000000 -1 -1 443.0960793035193 170.58503712177935 503.8764539963038 203.37453666708652 -1 -1 -1 -1 -1 -1 -1 -1 1 
73 17 Car -1.000000 -1 -1 816.2441167636035 191.78600400420945 1024.0641802339637 313.43920772983483 -1 -1 -1 -1 -1 -1 -1 -1 1 
73 21 Car -1.000000 -1 -1 781.0601449745368 179.10171836605434 879.3670764801155 254.56243204617212 -1 -1 -1 -1 -1 -1 -1 -1 1 
73 26 Car -1.000000 -1 -1 412.9900336208149 172.6701931945063 477.5636870522847 208.63516360118444 -1 -1 -1 -1 -1 -1 -1 -1 1 
74 17 Car -1.000000 -1 -1 817.4434321599495 194.10309594047465 1043.4536039235627 331.6525621473097 -1 -1 -1 -1 -1 -1 -1 -1 1 
74 21 Car -1.000000 -1 -1 776.3545582348029 182.3684918437681 879.5222743841236 259.7767039820021 -1 -1 -1 -1 -1 -1 -1 -1 1 
74 26 Car -1.000000 -1 -1 394.87447834685355 174.95992993370734 458.7551427125667 211.0460927635387 -1 -1 -1 -1 -1 -1 -1 -1 1 
75 17 Car -1.000000 -1 -1 826.3571660788202 191.71833818048938 1131.6978278255333 363.37123183935364 -1 -1 -1 -1 -1 -1 -1 -1 1 
75 21 Car -1.000000 -1 -1 773.382601667478 180.01855473731675 901.183636253525 264.06855825419683 -1 -1 -1 -1 -1 -1 -1 -1 1 
75 26 Car -1.000000 -1 -1 369.2039143958445 172.16220715249128 439.83411809495783 211.7722790490862 -1 -1 -1 -1 -1 -1 -1 -1 1 
76 17 Car -1.000000 -1 -1 832.2966666518532 192.35515526774458 1148.3295548573947 370.6068234001983 -1 -1 -1 -1 -1 -1 -1 -1 1 
76 21 Car -1.000000 -1 -1 767.6290330373989 182.16329915921446 912.4050850863707 278.5736624986864 -1 -1 -1 -1 -1 -1 -1 -1 1 
76 26 Car -1.000000 -1 -1 347.4243869356776 172.3603554878767 421.743252259635 212.69050892855927 -1 -1 -1 -1 -1 -1 -1 -1 1 
77 17 Car -1.000000 -1 -1 842.8594145300362 201.98118028128337 1188.0951916745107 371.85515482212554 -1 -1 -1 -1 -1 -1 -1 -1 1 
77 21 Car -1.000000 -1 -1 765.5070615647494 181.98334860445024 915.1894555292021 282.2874386965119 -1 -1 -1 -1 -1 -1 -1 -1 1 
77 26 Car -1.000000 -1 -1 318.92090640146336 171.58302433986097 400.98743754425294 216.6629598202423 -1 -1 -1 -1 -1 -1 -1 -1 1 
77 31 Car -1.000000 -1 -1 694.7214574814941 178.87182251386065 765.6858702137615 227.74810175346508 -1 -1 -1 -1 -1 -1 -1 -1 1 
78 17 Car -1.000000 -1 -1 845.2090530663166 203.06975469094743 1206.643893026582 372.6699405755811 -1 -1 -1 -1 -1 -1 -1 -1 1 
78 21 Car -1.000000 -1 -1 769.7442013470846 182.44559352963796 945.1676616207371 289.0456656980346 -1 -1 -1 -1 -1 -1 -1 -1 1 
78 26 Car -1.000000 -1 -1 283.9310063366846 172.67213950572113 373.5911201909276 221.40150499273688 -1 -1 -1 -1 -1 -1 -1 -1 1 
78 31 Car -1.000000 -1 -1 697.2138953009086 183.36576675274506 766.448802890237 231.05086069786412 -1 -1 -1 -1 -1 -1 -1 -1 1 
78 32 Car -1.000000 -1 -1 517.468006489336 177.76047489028832 546.6388039233805 195.0068820147701 -1 -1 -1 -1 -1 -1 -1 -1 1 
79 17 Car -1.000000 -1 -1 873.5146951110489 204.20947329951954 1215.539867343084 371.9177525469057 -1 -1 -1 -1 -1 -1 -1 -1 1 
79 21 Car -1.000000 -1 -1 770.6796504116612 182.74454652345773 960.2910503110938 292.3881773612027 -1 -1 -1 -1 -1 -1 -1 -1 1 
79 26 Car -1.000000 -1 -1 263.604315899677 172.16116581856875 357.7110359293505 223.24242084896923 -1 -1 -1 -1 -1 -1 -1 -1 1 
79 32 Car -1.000000 -1 -1 510.6044403085666 177.6508507201542 540.1184805635173 195.35149007326572 -1 -1 -1 -1 -1 -1 -1 -1 1 
80 17 Car -1.000000 -1 -1 891.4400148744571 205.9315720376975 1220.5281921405576 374.2557835915212 -1 -1 -1 -1 -1 -1 -1 -1 1 
80 21 Car -1.000000 -1 -1 775.8588298431883 182.5625370078169 971.7228341322825 295.6243224779316 -1 -1 -1 -1 -1 -1 -1 -1 1 
80 26 Car -1.000000 -1 -1 240.99854350423976 173.46802672999817 341.2097706137378 226.76084677724538 -1 -1 -1 -1 -1 -1 -1 -1 1 
80 32 Car -1.000000 -1 -1 503.2789152663441 177.6902440891963 532.7758198869445 195.3806067819755 -1 -1 -1 -1 -1 -1 -1 -1 1 
81 17 Car -1.000000 -1 -1 917.5370380475608 210.90397687371623 1227.3112849780616 371.18429709079965 -1 -1 -1 -1 -1 -1 -1 -1 1 
81 21 Car -1.000000 -1 -1 778.1068361405555 180.5669498425264 997.2803619875117 313.7098166354335 -1 -1 -1 -1 -1 -1 -1 -1 1 
81 26 Car -1.000000 -1 -1 208.4236918451858 171.51227088454476 319.8016548595971 229.18001522808763 -1 -1 -1 -1 -1 -1 -1 -1 1 
82 17 Car -1.000000 -1 -1 942.4686063472991 230.31974163560122 1221.6521364540931 369.476080743435 -1 -1 -1 -1 -1 -1 -1 -1 1 
82 21 Car -1.000000 -1 -1 780.3204637767428 180.03542867928704 1059.282148356127 319.60203781466305 -1 -1 -1 -1 -1 -1 -1 -1 1 
82 26 Car -1.000000 -1 -1 170.8768888262619 170.16099611886517 293.6727367125583 230.91004798430978 -1 -1 -1 -1 -1 -1 -1 -1 1 
83 17 Car -1.000000 -1 -1 947.4245776559243 233.49122137876859 1227.7656351078695 373.22419772918363 -1 -1 -1 -1 -1 -1 -1 -1 1 
83 21 Car -1.000000 -1 -1 796.258850958425 183.36193493878187 1125.472789922057 349.2108323494492 -1 -1 -1 -1 -1 -1 -1 -1 1 
83 26 Car -1.000000 -1 -1 140.33719528805017 170.40509853811668 270.7174683953449 232.55456489692043 -1 -1 -1 -1 -1 -1 -1 -1 1 
84 21 Car -1.000000 -1 -1 820.2305780406061 180.64959757754065 1142.8208482802395 359.33184438666905 -1 -1 -1 -1 -1 -1 -1 -1 1 
84 26 Car -1.000000 -1 -1 99.8116758358865 169.4433578644165 245.86974381811882 238.1983002702316 -1 -1 -1 -1 -1 -1 -1 -1 1 
85 21 Car -1.000000 -1 -1 832.9050998133434 178.5206555953314 1215.8147871993738 369.0875016210847 -1 -1 -1 -1 -1 -1 -1 -1 1 
85 26 Car -1.000000 -1 -1 57.47422938273844 172.41398809292917 233.06154580224364 244.2045705062249 -1 -1 -1 -1 -1 -1 -1 -1 1 
86 21 Car -1.000000 -1 -1 856.1172746390861 179.50861404478036 1233.5578424624118 373.25415123707654 -1 -1 -1 -1 -1 -1 -1 -1 1 
86 26 Car -1.000000 -1 -1 -0.3895418316319166 172.14077049367842 195.4866169731079 258.7533531666292 -1 -1 -1 -1 -1 -1 -1 -1 1 
86 35 Car -1.000000 -1 -1 440.79480430151784 175.16624179391636 490.264683426123 199.5341204079284 -1 -1 -1 -1 -1 -1 -1 -1 1 
87 21 Car -1.000000 -1 -1 877.8564182010156 184.95298512643447 1228.9067762073091 375.0237441601615 -1 -1 -1 -1 -1 -1 -1 -1 1 
87 26 Car -1.000000 -1 -1 -25.024998044367678 173.1582940565717 171.71199861528385 268.7868588253673 -1 -1 -1 -1 -1 -1 -1 -1 1 
87 35 Car -1.000000 -1 -1 434.5195301249295 176.6661393195201 481.8862524671557 200.60824966185234 -1 -1 -1 -1 -1 -1 -1 -1 1 
88 21 Car -1.000000 -1 -1 921.388349796065 180.25006866395938 1217.1088493424463 375.4570251566622 -1 -1 -1 -1 -1 -1 -1 -1 1 
88 26 Car -1.000000 -1 -1 -54.93395146643647 173.5592071754248 149.93329132219608 273.1395880444391 -1 -1 -1 -1 -1 -1 -1 -1 1 
88 35 Car -1.000000 -1 -1 427.48756710313614 177.8978868177889 475.1225333945964 203.60109031686744 -1 -1 -1 -1 -1 -1 -1 -1 1 
88 36 Car -1.000000 -1 -1 692.7175629272865 178.81301957425137 777.5564634572871 236.63438108409647 -1 -1 -1 -1 -1 -1 -1 -1 1 
89 21 Car -1.000000 -1 -1 953.6963555416758 203.8857850307904 1224.144297160393 371.31428956625984 -1 -1 -1 -1 -1 -1 -1 -1 1 
89 35 Car -1.000000 -1 -1 418.02021569834477 178.67903672950945 468.8627832694908 202.578914572036 -1 -1 -1 -1 -1 -1 -1 -1 1 
89 36 Car -1.000000 -1 -1 690.0787145942827 177.67494265710158 776.2280304651247 235.52692066069196 -1 -1 -1 -1 -1 -1 -1 -1 1 
90 21 Car -1.000000 -1 -1 1007.8973671503114 223.92871892214956 1232.185511600918 380.86036435706694 -1 -1 -1 -1 -1 -1 -1 -1 1 
90 35 Car -1.000000 -1 -1 406.52434711992186 179.62182337085605 463.529950517573 207.02930591425144 -1 -1 -1 -1 -1 -1 -1 -1 1 
90 36 Car -1.000000 -1 -1 692.9525334413744 176.53541706924878 771.1363900742849 233.22213578145727 -1 -1 -1 -1 -1 -1 -1 -1 1 
90 37 Car -1.000000 -1 -1 715.2880236499537 178.327992963548 822.158310611339 261.29485253707384 -1 -1 -1 -1 -1 -1 -1 -1 1 
90 38 Car -1.000000 -1 -1 666.4718638380012 176.81882527198164 720.971267691152 216.00878751394305 -1 -1 -1 -1 -1 -1 -1 -1 1 
90 39 Car -1.000000 -1 -1 652.9439170981947 176.0062827884661 688.2212788947458 213.2593101278272 -1 -1 -1 -1 -1 -1 -1 -1 1 
91 21 Car -1.000000 -1 -1 1018.2963889051643 228.0247205395247 1245.5219325140893 387.01231106797513 -1 -1 -1 -1 -1 -1 -1 -1 1 
91 35 Car -1.000000 -1 -1 399.76104961273694 179.64318383122006 455.0757719997548 208.0381988761647 -1 -1 -1 -1 -1 -1 -1 -1 1 
91 36 Car -1.000000 -1 -1 694.1018152889707 175.78591780148435 762.6025057704676 235.04642290145793 -1 -1 -1 -1 -1 -1 -1 -1 1 
91 37 Car -1.000000 -1 -1 719.1854141065548 177.0557386808979 844.6735896971923 271.03854331144765 -1 -1 -1 -1 -1 -1 -1 -1 1 
91 38 Car -1.000000 -1 -1 668.016502409535 177.6512949594833 719.0612127173742 216.67115720402404 -1 -1 -1 -1 -1 -1 -1 -1 1 
91 39 Car -1.000000 -1 -1 652.8852686019947 176.3181571555486 686.7370841762554 213.1750588297324 -1 -1 -1 -1 -1 -1 -1 -1 1 
92 35 Car -1.000000 -1 -1 384.71241770576046 180.43596172299354 443.41503291785637 210.0163288922619 -1 -1 -1 -1 -1 -1 -1 -1 1 
92 36 Car -1.000000 -1 -1 691.8716725961904 177.2480473673695 766.9490583793503 234.71228482772318 -1 -1 -1 -1 -1 -1 -1 -1 1 
92 37 Car -1.000000 -1 -1 720.4540070091408 176.411732447325 844.2449872704271 269.9499384527278 -1 -1 -1 -1 -1 -1 -1 -1 1 
92 38 Car -1.000000 -1 -1 668.8764343972006 178.03660207707824 720.0750060037152 217.1740866638246 -1 -1 -1 -1 -1 -1 -1 -1 1 
92 39 Car -1.000000 -1 -1 652.8949293661781 176.72349916305518 686.498815781325 213.6382850893067 -1 -1 -1 -1 -1 -1 -1 -1 1 
93 35 Car -1.000000 -1 -1 372.4379905709425 180.66203402147994 437.13463840192975 211.43121795287126 -1 -1 -1 -1 -1 -1 -1 -1 1 
93 36 Car -1.000000 -1 -1 694.0280086520006 177.9355348340757 771.3136295332285 231.56701141547194 -1 -1 -1 -1 -1 -1 -1 -1 1 
93 37 Car -1.000000 -1 -1 729.3121553335634 176.31988678682063 852.6667848932414 268.9632555433607 -1 -1 -1 -1 -1 -1 -1 -1 1 
93 39 Car -1.000000 -1 -1 654.0300881490102 176.91996800347923 687.8531582061803 214.66586328048902 -1 -1 -1 -1 -1 -1 -1 -1 1 
94 35 Car -1.000000 -1 -1 360.92942384547786 180.21275884495296 428.2409407876545 214.08447178456797 -1 -1 -1 -1 -1 -1 -1 -1 1 
94 36 Car -1.000000 -1 -1 696.3690118228602 178.58586042783566 777.3452998458528 233.67786423952955 -1 -1 -1 -1 -1 -1 -1 -1 1 
94 37 Car -1.000000 -1 -1 748.9346091211273 179.43032885697016 889.6312837092873 285.82318112148585 -1 -1 -1 -1 -1 -1 -1 -1 1 
94 39 Car -1.000000 -1 -1 655.7712732368261 177.08503644808928 690.0343819950334 215.09880522809345 -1 -1 -1 -1 -1 -1 -1 -1 1 
95 35 Car -1.000000 -1 -1 349.31125159177355 180.44922833933896 415.1201389724796 213.91450239517658 -1 -1 -1 -1 -1 -1 -1 -1 1 
95 36 Car -1.000000 -1 -1 690.2690462436648 178.08412848430038 767.4609318213899 237.2857586638941 -1 -1 -1 -1 -1 -1 -1 -1 1 
95 37 Car -1.000000 -1 -1 753.106424333628 179.71993067257966 882.0719028184295 262.99884670692245 -1 -1 -1 -1 -1 -1 -1 -1 1 
95 39 Car -1.000000 -1 -1 655.5636332732699 177.38836601610393 690.4314111580844 215.7601371085287 -1 -1 -1 -1 -1 -1 -1 -1 1 
95 43 Car -1.000000 -1 -1 664.1112021651012 178.13957828995805 734.5820539559473 224.4876018880806 -1 -1 -1 -1 -1 -1 -1 -1 1 
96 35 Car -1.000000 -1 -1 330.69053700860695 182.5061066721834 402.1443844081484 218.4979585840981 -1 -1 -1 -1 -1 -1 -1 -1 1 
96 36 Car -1.000000 -1 -1 684.2670167594755 178.2318387883578 751.9044597639681 232.48522733264065 -1 -1 -1 -1 -1 -1 -1 -1 1 
96 37 Car -1.000000 -1 -1 780.8005765110082 180.63345505638358 944.9306405567511 287.6256944291522 -1 -1 -1 -1 -1 -1 -1 -1 1 
96 39 Car -1.000000 -1 -1 654.6379898714332 176.77722290974722 690.9931157830338 216.21571720520035 -1 -1 -1 -1 -1 -1 -1 -1 1 
96 43 Car -1.000000 -1 -1 658.7094217839567 175.01804460156586 726.6090421186027 219.39853211971533 -1 -1 -1 -1 -1 -1 -1 -1 1 
96 44 Car -1.000000 -1 -1 725.7453886974549 175.2854426316194 816.0418617991579 261.9027552665104 -1 -1 -1 -1 -1 -1 -1 -1 1 
97 35 Car -1.000000 -1 -1 305.73197920697453 183.45315433997308 393.35464831798913 220.11562616575787 -1 -1 -1 -1 -1 -1 -1 -1 1 
97 36 Car -1.000000 -1 -1 681.7981495965845 178.350725035782 749.0249509220768 234.76623834057594 -1 -1 -1 -1 -1 -1 -1 -1 1 
97 37 Car -1.000000 -1 -1 786.756009206797 178.20222953759043 983.305829940748 320.3156763024018 -1 -1 -1 -1 -1 -1 -1 -1 1 
97 39 Car -1.000000 -1 -1 654.423918776178 177.90503192655677 688.3997276008809 214.3493781346876 -1 -1 -1 -1 -1 -1 -1 -1 1 
97 43 Car -1.000000 -1 -1 660.1566795839124 175.18038689105458 729.0383732061656 220.2027760237037 -1 -1 -1 -1 -1 -1 -1 -1 1 
97 44 Car -1.000000 -1 -1 727.1186507727137 178.2980356382018 828.5025522166411 261.9268005200769 -1 -1 -1 -1 -1 -1 -1 -1 1 
98 35 Car -1.000000 -1 -1 287.7952835074604 180.9605039768909 380.38133304320456 223.36631390812383 -1 -1 -1 -1 -1 -1 -1 -1 1 
98 36 Car -1.000000 -1 -1 691.0291108691157 181.7990889083286 761.2437386149068 237.0858266181536 -1 -1 -1 -1 -1 -1 -1 -1 1 
98 37 Car -1.000000 -1 -1 815.3508157361281 182.7650707398521 1035.8315460551923 341.53322162929726 -1 -1 -1 -1 -1 -1 -1 -1 1 
98 39 Car -1.000000 -1 -1 655.0309467868319 177.89463656219982 689.7735453913347 215.19015756107774 -1 -1 -1 -1 -1 -1 -1 -1 1 
98 44 Car -1.000000 -1 -1 736.7452245569351 178.59947601667253 853.7433176312592 269.04411939861745 -1 -1 -1 -1 -1 -1 -1 -1 1 
99 35 Car -1.000000 -1 -1 265.8023805895218 180.29532958010992 360.7558110223317 226.10476718135655 -1 -1 -1 -1 -1 -1 -1 -1 1 
99 36 Car -1.000000 -1 -1 696.2771328024392 181.07846147874844 773.591271417727 238.08605563941296 -1 -1 -1 -1 -1 -1 -1 -1 1 
99 37 Car -1.000000 -1 -1 826.7006317930426 183.25917479098752 1059.9737200020895 351.2390877015243 -1 -1 -1 -1 -1 -1 -1 -1 1 
99 39 Car -1.000000 -1 -1 656.2827888725039 178.6557714728092 689.2361596926461 213.39760833002182 -1 -1 -1 -1 -1 -1 -1 -1 1 
99 44 Car -1.000000 -1 -1 746.6457131873815 178.85241925161944 876.8998673876013 285.34004881331816 -1 -1 -1 -1 -1 -1 -1 -1 1 
100 35 Car -1.000000 -1 -1 240.81272513938546 179.46928970742826 340.22749332552934 227.96185405860626 -1 -1 -1 -1 -1 -1 -1 -1 1 
100 36 Car -1.000000 -1 -1 694.6915112128335 181.93284857685413 776.002014563908 237.56037829482835 -1 -1 -1 -1 -1 -1 -1 -1 1 
100 39 Car -1.000000 -1 -1 656.5754718744579 178.94850006983228 689.2449081596158 213.39098501722043 -1 -1 -1 -1 -1 -1 -1 -1 1 
100 44 Car -1.000000 -1 -1 752.2880596801796 180.20781038420628 911.2729556424205 290.3281050663275 -1 -1 -1 -1 -1 -1 -1 -1 1 
100 45 Car -1.000000 -1 -1 858.3741528832362 178.93300534474807 1186.681298802756 372.83206008088985 -1 -1 -1 -1 -1 -1 -1 -1 1 
101 35 Car -1.000000 -1 -1 206.4121357976367 179.49822676002105 324.1741043255164 230.48457330778032 -1 -1 -1 -1 -1 -1 -1 -1 1 
101 36 Car -1.000000 -1 -1 687.0080620023064 179.843765513192 766.4287242800673 237.77648874979093 -1 -1 -1 -1 -1 -1 -1 -1 1 
101 44 Car -1.000000 -1 -1 771.5679174717886 175.2179431651556 961.11406591436 319.2095131528773 -1 -1 -1 -1 -1 -1 -1 -1 1 
101 45 Car -1.000000 -1 -1 913.6177127397416 180.98252611768015 1217.547534730956 374.5479550030387 -1 -1 -1 -1 -1 -1 -1 -1 1 
102 35 Car -1.000000 -1 -1 163.13760442581219 179.3879994659812 300.73545878508895 233.087643678459 -1 -1 -1 -1 -1 -1 -1 -1 1 
102 36 Car -1.000000 -1 -1 682.5490732823675 178.1161275718933 760.9416663310345 238.32838833427064 -1 -1 -1 -1 -1 -1 -1 -1 1 
102 44 Car -1.000000 -1 -1 778.6913538491386 169.8925035196625 1027.0231056726768 334.4734160611065 -1 -1 -1 -1 -1 -1 -1 -1 1 
102 45 Car -1.000000 -1 -1 962.9371011373129 180.04288703685063 1216.2931237272637 379.6783344624689 -1 -1 -1 -1 -1 -1 -1 -1 1 
103 35 Car -1.000000 -1 -1 126.3798726995311 181.42253173125886 273.94116882487356 240.3002655266077 -1 -1 -1 -1 -1 -1 -1 -1 1 
103 36 Car -1.000000 -1 -1 694.2387194090745 178.93778482119524 764.4956007053524 235.04960948850567 -1 -1 -1 -1 -1 -1 -1 -1 1 
103 39 Car -1.000000 -1 -1 655.1550130547863 177.16777995270283 687.8295697637585 211.95383035140617 -1 -1 -1 -1 -1 -1 -1 -1 1 
103 44 Car -1.000000 -1 -1 795.1857338189027 180.74621297474613 1111.6280808894398 356.6873177642982 -1 -1 -1 -1 -1 -1 -1 -1 1 
103 45 Car -1.000000 -1 -1 1042.7910330476143 208.77669874857017 1227.746742820722 374.7691130452183 -1 -1 -1 -1 -1 -1 -1 -1 1 
103 47 Car -1.000000 -1 -1 726.6129375294036 183.81183190008645 827.7161557995067 259.55134353788463 -1 -1 -1 -1 -1 -1 -1 -1 1 
104 35 Car -1.000000 -1 -1 72.63702225753552 186.75775216811994 249.63503559497445 246.88564125317123 -1 -1 -1 -1 -1 -1 -1 -1 1 
104 36 Car -1.000000 -1 -1 693.8216297486199 180.60765330731812 770.1112422876415 237.4380069794318 -1 -1 -1 -1 -1 -1 -1 -1 1 
104 39 Car -1.000000 -1 -1 654.9806794736733 178.58431017469374 685.9977041491894 211.98079844656903 -1 -1 -1 -1 -1 -1 -1 -1 1 
104 44 Car -1.000000 -1 -1 832.6023870582051 175.70595235432552 1202.0081403493373 368.1553598166289 -1 -1 -1 -1 -1 -1 -1 -1 1 
104 45 Car -1.000000 -1 -1 1076.8007264871558 215.4451053678182 1255.1199496549953 375.48175148612927 -1 -1 -1 -1 -1 -1 -1 -1 1 
104 47 Car -1.000000 -1 -1 721.5982077573105 184.16005073029027 820.8987283151858 259.2652995092646 -1 -1 -1 -1 -1 -1 -1 -1 1 
105 35 Car -1.000000 -1 -1 13.276441022831634 185.38551758464288 209.31818992803483 261.8535480005713 -1 -1 -1 -1 -1 -1 -1 -1 1 
105 36 Car -1.000000 -1 -1 692.5043815669824 179.87477791523534 776.5889237776204 240.75046216780572 -1 -1 -1 -1 -1 -1 -1 -1 1 
105 39 Car -1.000000 -1 -1 654.9471694562787 178.75280041546662 685.674809757466 211.83770508032842 -1 -1 -1 -1 -1 -1 -1 -1 1 
105 44 Car -1.000000 -1 -1 857.6222401137311 179.31259675829 1230.0610981928203 372.3887067173175 -1 -1 -1 -1 -1 -1 -1 -1 1 
105 47 Car -1.000000 -1 -1 723.4095883740678 184.3916636150492 824.2834860383242 260.68692867498044 -1 -1 -1 -1 -1 -1 -1 -1 1 
