2 1 Car -1.000000 -1 -1 974.7992749025022 186.19533982083223 1067.84957441291 221.4393780769058 -1 -1 -1 -1 -1 -1 -1 -1 1 
2 2 Car -1.000000 -1 -1 1060.5223898979248 186.93712898090467 1164.1977057266906 225.72155140104226 -1 -1 -1 -1 -1 -1 -1 -1 1 
3 1 Car -1.000000 -1 -1 975.5128935424088 185.99399014163373 1067.883445455456 221.57849112903202 -1 -1 -1 -1 -1 -1 -1 -1 1 
3 2 Car -1.000000 -1 -1 1060.7377368316459 186.92992703109735 1163.9863808542211 225.6167421843491 -1 -1 -1 -1 -1 -1 -1 -1 1 
4 1 Car -1.000000 -1 -1 975.7340297808405 186.04519143605108 1067.742109919135 221.51763817985776 -1 -1 -1 -1 -1 -1 -1 -1 1 
4 2 Car -1.000000 -1 -1 1060.8690721721161 186.9736068421434 1163.7338803164353 225.5611478700746 -1 -1 -1 -1 -1 -1 -1 -1 1 
5 1 Car -1.000000 -1 -1 975.0488506035737 186.27732212338017 1067.729175496205 221.37913534376912 -1 -1 -1 -1 -1 -1 -1 -1 1 
5 2 Car -1.000000 -1 -1 1061.177180000022 186.9997013606069 1164.016761704451 225.81797698418274 -1 -1 -1 -1 -1 -1 -1 -1 1 
6 1 Car -1.000000 -1 -1 974.5642509694007 186.31275830170122 1067.7267794689772 221.60064738074573 -1 -1 -1 -1 -1 -1 -1 -1 1 
6 2 Car -1.000000 -1 -1 1061.2012082952665 187.13075935044617 1163.9574023550263 225.932516153453 -1 -1 -1 -1 -1 -1 -1 -1 1 
7 1 Car -1.000000 -1 -1 974.3920899931892 186.33506571390748 1067.514645993444 221.53295464401705 -1 -1 -1 -1 -1 -1 -1 -1 1 
7 2 Car -1.000000 -1 -1 1061.163543586065 187.15204564980158 1164.049898743543 225.93607998009156 -1 -1 -1 -1 -1 -1 -1 -1 1 
8 1 Car -1.000000 -1 -1 975.636972220411 186.0918421556887 1067.6582758363445 221.94442973757793 -1 -1 -1 -1 -1 -1 -1 -1 1 
8 2 Car -1.000000 -1 -1 1061.2633621401847 187.1210337919433 1163.7998728671632 225.8313551562256 -1 -1 -1 -1 -1 -1 -1 -1 1 
9 1 Car -1.000000 -1 -1 977.1110392378707 185.9364722124268 1068.2584869093062 221.83737055852652 -1 -1 -1 -1 -1 -1 -1 -1 1 
9 2 Car -1.000000 -1 -1 1061.308758296294 187.02218894507698 1163.8808382958691 225.78801941357466 -1 -1 -1 -1 -1 -1 -1 -1 1 
10 1 Car -1.000000 -1 -1 976.3018622010667 186.0833390510956 1067.2605326590242 222.2946445908225 -1 -1 -1 -1 -1 -1 -1 -1 1 
10 2 Car -1.000000 -1 -1 1061.258289700982 187.10881918744124 1163.996025286036 225.63964573605602 -1 -1 -1 -1 -1 -1 -1 -1 1 
11 1 Car -1.000000 -1 -1 977.1342240288227 186.07030832508573 1066.826935755897 222.38343724798278 -1 -1 -1 -1 -1 -1 -1 -1 1 
11 2 Car -1.000000 -1 -1 1061.0031219790867 187.1203015217164 1164.1745738953198 225.7262490429858 -1 -1 -1 -1 -1 -1 -1 -1 1 
12 1 Car -1.000000 -1 -1 978.9831613394954 185.93421972128243 1066.9745082907434 221.95633677548727 -1 -1 -1 -1 -1 -1 -1 -1 1 
12 2 Car -1.000000 -1 -1 1060.8137878302098 187.1784827288735 1163.739668480306 225.80728087192452 -1 -1 -1 -1 -1 -1 -1 -1 1 
13 1 Car -1.000000 -1 -1 977.663901127774 185.99333135300225 1066.4876145802314 222.2489935319885 -1 -1 -1 -1 -1 -1 -1 -1 1 
13 2 Car -1.000000 -1 -1 1060.906235142219 187.18396700267422 1163.686522455175 225.68056263454025 -1 -1 -1 -1 -1 -1 -1 -1 1 
14 1 Car -1.000000 -1 -1 975.6869953433927 185.8704127558783 1066.1000566201385 222.85606869527626 -1 -1 -1 -1 -1 -1 -1 -1 1 
14 2 Car -1.000000 -1 -1 1061.1145691002107 187.26873652691768 1163.4965501749434 225.54829148930787 -1 -1 -1 -1 -1 -1 -1 -1 1 
15 1 Car -1.000000 -1 -1 974.1225372044593 186.12274032524752 1064.5017086937903 222.8946417114615 -1 -1 -1 -1 -1 -1 -1 -1 1 
15 2 Car -1.000000 -1 -1 1060.9786016329099 187.2551821899622 1163.6341830726026 225.62956558105967 -1 -1 -1 -1 -1 -1 -1 -1 1 
16 1 Car -1.000000 -1 -1 957.3485722137793 186.47446786173074 1056.4852453530052 222.05903679470657 -1 -1 -1 -1 -1 -1 -1 -1 1 
16 2 Car -1.000000 -1 -1 1060.9895341740178 187.2663717772739 1163.136738987524 225.10456871010624 -1 -1 -1 -1 -1 -1 -1 -1 1 
17 1 Car -1.000000 -1 -1 967.3860457238699 185.85021306496094 1065.4966844559547 222.13583541164553 -1 -1 -1 -1 -1 -1 -1 -1 1 
17 2 Car -1.000000 -1 -1 1060.9495470805036 187.22278901378195 1163.5076229262638 225.03045574527894 -1 -1 -1 -1 -1 -1 -1 -1 1 
18 1 Car -1.000000 -1 -1 969.2784550216874 185.7535167783139 1065.7532581050498 222.00881746002966 -1 -1 -1 -1 -1 -1 -1 -1 1 
18 2 Car -1.000000 -1 -1 1061.0630919965506 187.13403071669413 1163.6662517888415 224.91464914093888 -1 -1 -1 -1 -1 -1 -1 -1 1 
19 1 Car -1.000000 -1 -1 978.0599889641367 186.22101471922662 1069.43690861192 221.44343811365894 -1 -1 -1 -1 -1 -1 -1 -1 1 
19 2 Car -1.000000 -1 -1 1062.5016938843219 187.17662355067566 1163.8304893397801 224.8828627250782 -1 -1 -1 -1 -1 -1 -1 -1 1 
20 1 Car -1.000000 -1 -1 977.8938874047926 186.16123041748187 1070.359922264137 221.50881200434995 -1 -1 -1 -1 -1 -1 -1 -1 1 
20 2 Car -1.000000 -1 -1 1063.4619237517309 186.98558643084235 1164.0867131107934 224.55172489386757 -1 -1 -1 -1 -1 -1 -1 -1 1 
21 1 Car -1.000000 -1 -1 981.3005328485451 186.03236416790529 1072.0019110038056 222.7276837534846 -1 -1 -1 -1 -1 -1 -1 -1 1 
21 2 Car -1.000000 -1 -1 1064.1841074124864 187.02027140728933 1163.7929985158432 224.55713145560662 -1 -1 -1 -1 -1 -1 -1 -1 1 
22 1 Car -1.000000 -1 -1 986.0199838386006 185.63094103143223 1072.5350955912404 223.01283833807895 -1 -1 -1 -1 -1 -1 -1 -1 1 
22 2 Car -1.000000 -1 -1 1065.0430305139669 187.00520407193173 1163.8650130797637 224.57132269576218 -1 -1 -1 -1 -1 -1 -1 -1 1 
23 1 Car -1.000000 -1 -1 1002.7048033105307 187.0586974188239 1074.490300381361 220.9293675953499 -1 -1 -1 -1 -1 -1 -1 -1 1 
23 2 Car -1.000000 -1 -1 1064.6860649333944 187.03632331245643 1163.6120156788845 224.77643577962175 -1 -1 -1 -1 -1 -1 -1 -1 1 
24 1 Car -1.000000 -1 -1 1006.2997237732911 187.37317646919163 1070.8007697966464 220.93935466653448 -1 -1 -1 -1 -1 -1 -1 -1 1 
24 2 Car -1.000000 -1 -1 1064.4268303598017 186.7700223734895 1163.946132274037 225.37635922946382 -1 -1 -1 -1 -1 -1 -1 -1 1 
25 1 Car -1.000000 -1 -1 1009.3973984620037 187.09615253081023 1068.0287837375965 220.00444381506446 -1 -1 -1 -1 -1 -1 -1 -1 1 
25 2 Car -1.000000 -1 -1 1064.9954113997155 186.92987815414 1161.9622423761296 225.19799037033354 -1 -1 -1 -1 -1 -1 -1 -1 1 
26 1 Car -1.000000 -1 -1 1014.3259742520233 187.15274307094876 1070.6926132462631 220.1802522493179 -1 -1 -1 -1 -1 -1 -1 -1 1 
26 2 Car -1.000000 -1 -1 1060.1994223269264 186.8958445990343 1157.7985802651028 225.62194183773792 -1 -1 -1 -1 -1 -1 -1 -1 1 
27 1 Car -1.000000 -1 -1 1020.4975442390867 189.06179403535833 1070.3989805414337 219.34002224663365 -1 -1 -1 -1 -1 -1 -1 -1 1 
27 2 Car -1.000000 -1 -1 1060.9994065700691 187.2385798042459 1159.2274003463945 225.2051940569203 -1 -1 -1 -1 -1 -1 -1 -1 1 
28 1 Car -1.000000 -1 -1 1022.893841212488 189.37302081741572 1071.8758819962186 219.09377726238944 -1 -1 -1 -1 -1 -1 -1 -1 1 
28 2 Car -1.000000 -1 -1 1061.7169825685562 187.640616570751 1159.3025648903492 225.08522761743342 -1 -1 -1 -1 -1 -1 -1 -1 1 
29 2 Car -1.000000 -1 -1 1065.6554907634727 186.97422354680324 1163.7914218553387 225.35370440036348 -1 -1 -1 -1 -1 -1 -1 -1 1 
30 2 Car -1.000000 -1 -1 1070.4389159426557 186.31942082512364 1167.3463690870703 227.17854365905887 -1 -1 -1 -1 -1 -1 -1 -1 1 
32 2 Car -1.000000 -1 -1 1101.9719091145653 187.0290039809736 1196.739128986554 227.27130747822187 -1 -1 -1 -1 -1 -1 -1 -1 1 
33 2 Car -1.000000 -1 -1 1105.545450559516 187.01814401194164 1200.8459543580539 227.48705098676163 -1 -1 -1 -1 -1 -1 -1 -1 1 
38 5 Car -1.000000 -1 -1 979.8346684921069 185.05570513574833 1066.415799494693 221.09109387034175 -1 -1 -1 -1 -1 -1 -1 -1 1 
39 5 Car -1.000000 -1 -1 976.5862546355826 185.28428840758954 1063.4551378323656 221.92865300002998 -1 -1 -1 -1 -1 -1 -1 -1 1 
40 5 Car -1.000000 -1 -1 975.2952128752272 185.67345101509522 1062.4726284195979 221.69266728218744 -1 -1 -1 -1 -1 -1 -1 -1 1 
41 5 Car -1.000000 -1 -1 974.9591414515712 185.68291821584992 1062.314271015835 222.03345196461106 -1 -1 -1 -1 -1 -1 -1 -1 1 
41 6 Car -1.000000 -1 -1 1059.5182090825178 185.99196321398284 1156.8853887097232 225.863031717688 -1 -1 -1 -1 -1 -1 -1 -1 1 
42 5 Car -1.000000 -1 -1 974.2759113622936 186.20994566758088 1063.1060034214079 222.07515845213604 -1 -1 -1 -1 -1 -1 -1 -1 1 
42 6 Car -1.000000 -1 -1 1064.4774762946313 186.4555497348614 1167.0498900057257 225.9065469477005 -1 -1 -1 -1 -1 -1 -1 -1 1 
43 5 Car -1.000000 -1 -1 975.8478250046381 186.14325898806115 1065.5563557705057 222.0889046294118 -1 -1 -1 -1 -1 -1 -1 -1 1 
43 6 Car -1.000000 -1 -1 1061.3245367009824 186.32847725522328 1177.6760142233832 224.8916322463422 -1 -1 -1 -1 -1 -1 -1 -1 1 
44 5 Car -1.000000 -1 -1 974.9019576743591 186.11569537379887 1065.0755847728308 221.95764228296525 -1 -1 -1 -1 -1 -1 -1 -1 1 
44 6 Car -1.000000 -1 -1 1056.7821736037733 186.22438069709943 1180.1807077576643 225.02102958735315 -1 -1 -1 -1 -1 -1 -1 -1 1 
45 5 Car -1.000000 -1 -1 974.5394223238935 186.17197897182234 1065.5382060454697 221.89767328159093 -1 -1 -1 -1 -1 -1 -1 -1 1 
45 6 Car -1.000000 -1 -1 1054.8357555782122 186.74841646670336 1170.6796194715748 226.2101626467249 -1 -1 -1 -1 -1 -1 -1 -1 1 
46 5 Car -1.000000 -1 -1 974.4658541763671 186.1235782281779 1066.2642403726961 221.55726473906634 -1 -1 -1 -1 -1 -1 -1 -1 1 
46 6 Car -1.000000 -1 -1 1058.4549804850265 186.87944595924193 1166.612090704244 225.77272497656605 -1 -1 -1 -1 -1 -1 -1 -1 1 
47 5 Car -1.000000 -1 -1 973.521563413161 186.18129982984453 1065.3809012199745 221.54554828021747 -1 -1 -1 -1 -1 -1 -1 -1 1 
47 6 Car -1.000000 -1 -1 1059.6941725043637 186.8753590286946 1165.1153090031364 225.56808921087966 -1 -1 -1 -1 -1 -1 -1 -1 1 
48 5 Car -1.000000 -1 -1 973.1974833698015 186.1001129617696 1065.6400500202367 221.7084536087097 -1 -1 -1 -1 -1 -1 -1 -1 1 
48 6 Car -1.000000 -1 -1 1060.3059127364004 186.94602959597296 1164.4909218855983 225.448484438655 -1 -1 -1 -1 -1 -1 -1 -1 1 
49 5 Car -1.000000 -1 -1 972.7242898758522 186.17183028396047 1065.4499515457812 222.06417404427788 -1 -1 -1 -1 -1 -1 -1 -1 1 
49 6 Car -1.000000 -1 -1 1060.3999597139198 186.97033885760072 1164.4322129854083 225.5889468783221 -1 -1 -1 -1 -1 -1 -1 -1 1 
50 5 Car -1.000000 -1 -1 973.6949916394519 186.05599011447 1065.4622950343542 221.82216332765842 -1 -1 -1 -1 -1 -1 -1 -1 1 
50 6 Car -1.000000 -1 -1 1058.028138670813 186.89078056316384 1176.5359851203486 224.57162717031002 -1 -1 -1 -1 -1 -1 -1 -1 1 
51 5 Car -1.000000 -1 -1 975.5520026996486 186.22209631554153 1065.8245832155512 222.009981074955 -1 -1 -1 -1 -1 -1 -1 -1 1 
51 6 Car -1.000000 -1 -1 1056.5442723630786 187.07393445269054 1167.9994417140495 225.41965695863954 -1 -1 -1 -1 -1 -1 -1 -1 1 
52 5 Car -1.000000 -1 -1 976.6687030841089 185.91435279215642 1065.6465056748739 221.57347261053343 -1 -1 -1 -1 -1 -1 -1 -1 1 
52 6 Car -1.000000 -1 -1 1058.8571625976658 187.07689303184827 1165.510036312993 225.225172258686 -1 -1 -1 -1 -1 -1 -1 -1 1 
53 5 Car -1.000000 -1 -1 972.8519091363413 185.7621100402945 1062.289817609335 221.44960160316572 -1 -1 -1 -1 -1 -1 -1 -1 1 
53 6 Car -1.000000 -1 -1 1059.8199561959623 187.02084267475124 1164.4955292260483 224.96631642365116 -1 -1 -1 -1 -1 -1 -1 -1 1 
54 5 Car -1.000000 -1 -1 976.7281609496725 186.47195086310563 1065.2913362445056 221.25215211295603 -1 -1 -1 -1 -1 -1 -1 -1 1 
54 6 Car -1.000000 -1 -1 1061.0432920083113 187.0782637796375 1164.320287528267 225.00008258896975 -1 -1 -1 -1 -1 -1 -1 -1 1 
55 5 Car -1.000000 -1 -1 980.9998147230656 186.2693101488354 1069.863251557251 221.88339214345297 -1 -1 -1 -1 -1 -1 -1 -1 1 
55 6 Car -1.000000 -1 -1 1060.3616828123352 186.94291514624945 1163.9559728886763 225.12850781662118 -1 -1 -1 -1 -1 -1 -1 -1 1 
56 5 Car -1.000000 -1 -1 995.1061650814098 186.46065443820692 1067.843529909855 220.16959443931563 -1 -1 -1 -1 -1 -1 -1 -1 1 
56 6 Car -1.000000 -1 -1 1061.9032693145089 186.93191717542265 1163.5779841784174 225.05536883002827 -1 -1 -1 -1 -1 -1 -1 -1 1 
57 5 Car -1.000000 -1 -1 1004.5402032582359 187.58898237329186 1071.8359027534361 220.2034290575938 -1 -1 -1 -1 -1 -1 -1 -1 1 
57 6 Car -1.000000 -1 -1 1062.785105112589 186.65027209475596 1163.234506715877 224.73272534222065 -1 -1 -1 -1 -1 -1 -1 -1 1 
58 5 Car -1.000000 -1 -1 1006.667922514635 187.32813405199528 1071.570673827013 220.5340730837406 -1 -1 -1 -1 -1 -1 -1 -1 1 
58 6 Car -1.000000 -1 -1 1061.5900623528166 186.9979442274677 1172.7085047438052 223.84588391093303 -1 -1 -1 -1 -1 -1 -1 -1 1 
59 5 Car -1.000000 -1 -1 1008.6803809126411 187.4677182829016 1073.1605476545749 220.4576313527847 -1 -1 -1 -1 -1 -1 -1 -1 1 
59 6 Car -1.000000 -1 -1 1057.5548128250591 187.07038879914614 1164.7404907279915 225.2202531758543 -1 -1 -1 -1 -1 -1 -1 -1 1 
60 6 Car -1.000000 -1 -1 1058.8722251236522 187.15038245810445 1162.6465794517608 225.25818755693203 -1 -1 -1 -1 -1 -1 -1 -1 1 
61 6 Car -1.000000 -1 -1 1061.5262506731733 186.10343829409194 1165.764709385898 225.8197173542126 -1 -1 -1 -1 -1 -1 -1 -1 1 
62 6 Car -1.000000 -1 -1 1009.7980233076306 185.84337851300245 1125.7498267365895 223.9663701825805 -1 -1 -1 -1 -1 -1 -1 -1 1 
63 6 Car -1.000000 -1 -1 1008.3124304497394 186.27197168629553 1129.1464865311802 222.67826762458856 -1 -1 -1 -1 -1 -1 -1 -1 1 
64 6 Car -1.000000 -1 -1 966.8603851673553 185.02320096690846 1081.6033561951533 221.17103428925398 -1 -1 -1 -1 -1 -1 -1 -1 1 
65 6 Car -1.000000 -1 -1 969.2602414282316 184.75875208655498 1076.1382023748433 221.03277694337157 -1 -1 -1 -1 -1 -1 -1 -1 1 
66 6 Car -1.000000 -1 -1 971.2999771812853 184.70836995093285 1071.3600831837953 221.75579078138867 -1 -1 -1 -1 -1 -1 -1 -1 1 
67 6 Car -1.000000 -1 -1 973.955550581945 185.08390180170622 1066.6346926971646 221.66468433031082 -1 -1 -1 -1 -1 -1 -1 -1 1 
68 6 Car -1.000000 -1 -1 972.7366721137564 185.47049912270114 1063.4816543463476 221.8296281598508 -1 -1 -1 -1 -1 -1 -1 -1 1 
69 6 Car -1.000000 -1 -1 973.8379285345156 185.54427484246753 1064.3392366067644 222.1622655444788 -1 -1 -1 -1 -1 -1 -1 -1 1 
69 8 Car -1.000000 -1 -1 1057.4817268068516 186.01518678159312 1171.7443325137822 224.2842261418738 -1 -1 -1 -1 -1 -1 -1 -1 1 
70 6 Car -1.000000 -1 -1 975.1238749421547 185.6372268071744 1065.7826578437825 221.95393985441754 -1 -1 -1 -1 -1 -1 -1 -1 1 
70 8 Car -1.000000 -1 -1 1057.5361535361062 186.02478186797165 1180.4501794021726 224.3167698294194 -1 -1 -1 -1 -1 -1 -1 -1 1 
71 6 Car -1.000000 -1 -1 974.7946587685253 185.57910261052703 1065.9472188864324 221.92925984445412 -1 -1 -1 -1 -1 -1 -1 -1 1 
71 8 Car -1.000000 -1 -1 1055.985311078669 186.54929511157653 1180.7084350303285 224.01687819455933 -1 -1 -1 -1 -1 -1 -1 -1 1 
72 6 Car -1.000000 -1 -1 974.6860881982825 185.67839019976424 1065.6985218260184 221.7025776894614 -1 -1 -1 -1 -1 -1 -1 -1 1 
72 8 Car -1.000000 -1 -1 1054.4777354411478 186.69411687140195 1171.1032534291762 225.1470546111868 -1 -1 -1 -1 -1 -1 -1 -1 1 
73 6 Car -1.000000 -1 -1 974.2243237806009 185.616289588022 1065.6498708338065 221.65089607112714 -1 -1 -1 -1 -1 -1 -1 -1 1 
73 8 Car -1.000000 -1 -1 1057.609784691125 186.76279614314714 1167.6248093649367 225.17123782473786 -1 -1 -1 -1 -1 -1 -1 -1 1 
74 6 Car -1.000000 -1 -1 974.3831712011703 185.69649924849992 1065.541230682968 221.5897292170239 -1 -1 -1 -1 -1 -1 -1 -1 1 
74 8 Car -1.000000 -1 -1 1059.3246949013324 186.86598483448944 1165.7138036603114 225.0979361836961 -1 -1 -1 -1 -1 -1 -1 -1 1 
75 6 Car -1.000000 -1 -1 974.5195096812776 185.5661234382553 1065.6379157917866 221.58552096820677 -1 -1 -1 -1 -1 -1 -1 -1 1 
75 8 Car -1.000000 -1 -1 1060.1473396237807 186.83991294021854 1164.9557582350228 225.07731624859952 -1 -1 -1 -1 -1 -1 -1 -1 1 
76 6 Car -1.000000 -1 -1 974.4613389501427 185.58710998009514 1065.4502227756159 221.53908217320054 -1 -1 -1 -1 -1 -1 -1 -1 1 
76 8 Car -1.000000 -1 -1 1060.717059892682 186.89201878596214 1164.5415971802865 225.05992886970273 -1 -1 -1 -1 -1 -1 -1 -1 1 
77 6 Car -1.000000 -1 -1 974.2598362313543 185.72620260206 1065.3293404730514 221.60196818194643 -1 -1 -1 -1 -1 -1 -1 -1 1 
77 8 Car -1.000000 -1 -1 1060.7620577235884 186.92651075041704 1164.3182760036798 225.07210649817472 -1 -1 -1 -1 -1 -1 -1 -1 1 
78 6 Car -1.000000 -1 -1 974.0865441196347 185.6956538566798 1065.3637607904761 221.65488703277143 -1 -1 -1 -1 -1 -1 -1 -1 1 
78 8 Car -1.000000 -1 -1 1060.7833229830578 186.90424728634216 1164.1924815396317 225.03056856892448 -1 -1 -1 -1 -1 -1 -1 -1 1 
79 6 Car -1.000000 -1 -1 973.9161633259497 185.77902341266946 1065.1703902957843 221.61447895628365 -1 -1 -1 -1 -1 -1 -1 -1 1 
79 8 Car -1.000000 -1 -1 1060.7274606142935 186.90317262645843 1164.1311915960696 224.98169552780047 -1 -1 -1 -1 -1 -1 -1 -1 1 
80 6 Car -1.000000 -1 -1 974.7013178311797 185.54293571593445 1065.7274273324017 221.54153293460263 -1 -1 -1 -1 -1 -1 -1 -1 1 
80 8 Car -1.000000 -1 -1 1060.8214230191843 186.85654827841972 1164.031796000404 224.97017563500148 -1 -1 -1 -1 -1 -1 -1 -1 1 
81 6 Car -1.000000 -1 -1 975.0582341302969 185.60806491184857 1065.3636792039367 221.7340019713092 -1 -1 -1 -1 -1 -1 -1 -1 1 
81 8 Car -1.000000 -1 -1 1060.8111362303391 186.93646515099076 1163.8162276410546 224.99413893928678 -1 -1 -1 -1 -1 -1 -1 -1 1 
82 6 Car -1.000000 -1 -1 974.999521738638 185.59200056212978 1065.0268107748914 221.69910542628054 -1 -1 -1 -1 -1 -1 -1 -1 1 
82 8 Car -1.000000 -1 -1 1060.8194218626622 186.89993786763927 1163.8469810456802 224.93752155433506 -1 -1 -1 -1 -1 -1 -1 -1 1 
83 6 Car -1.000000 -1 -1 974.4734909773566 185.708323797966 1064.8969616123272 221.78916524305686 -1 -1 -1 -1 -1 -1 -1 -1 1 
83 8 Car -1.000000 -1 -1 1060.640960629155 186.90856269458592 1163.9812611479988 225.00242140839703 -1 -1 -1 -1 -1 -1 -1 -1 1 
84 6 Car -1.000000 -1 -1 974.8531204763862 185.58412237487747 1064.8099995259583 221.7125698713858 -1 -1 -1 -1 -1 -1 -1 -1 1 
84 8 Car -1.000000 -1 -1 1060.534907362639 186.78278236651738 1164.092154499782 225.05018522703133 -1 -1 -1 -1 -1 -1 -1 -1 1 
85 6 Car -1.000000 -1 -1 975.056062772494 185.70255486217982 1064.927366397027 221.65567312385025 -1 -1 -1 -1 -1 -1 -1 -1 1 
85 8 Car -1.000000 -1 -1 1060.7711078221564 186.8228795946111 1163.9798353468718 225.02455728592997 -1 -1 -1 -1 -1 -1 -1 -1 1 
86 6 Car -1.000000 -1 -1 975.063143125751 185.80091582604348 1065.0497328256165 221.63289631012466 -1 -1 -1 -1 -1 -1 -1 -1 1 
86 8 Car -1.000000 -1 -1 1060.7872371049425 186.86991373142948 1163.7228780196574 225.0444433413521 -1 -1 -1 -1 -1 -1 -1 -1 1 
87 6 Car -1.000000 -1 -1 975.1105212140371 185.77635199071392 1065.128442870875 221.53583304174572 -1 -1 -1 -1 -1 -1 -1 -1 1 
87 8 Car -1.000000 -1 -1 1060.86614248864 186.8637294128278 1163.5968023704322 225.05161361660566 -1 -1 -1 -1 -1 -1 -1 -1 1 
88 6 Car -1.000000 -1 -1 974.4881479027138 185.78196458835362 1064.9496066174115 221.68080996883504 -1 -1 -1 -1 -1 -1 -1 -1 1 
88 8 Car -1.000000 -1 -1 1060.6061661574986 186.86527989343043 1163.5003842922617 225.0670060460302 -1 -1 -1 -1 -1 -1 -1 -1 1 
89 6 Car -1.000000 -1 -1 974.0964081029866 185.78628568653983 1064.77909326327 221.7223850428379 -1 -1 -1 -1 -1 -1 -1 -1 1 
89 8 Car -1.000000 -1 -1 1060.5693167713086 186.86550142136673 1163.6459343239414 225.13256657116966 -1 -1 -1 -1 -1 -1 -1 -1 1 
90 6 Car -1.000000 -1 -1 974.9539986015541 185.8856637724679 1065.0317878876929 221.72213269557037 -1 -1 -1 -1 -1 -1 -1 -1 1 
90 8 Car -1.000000 -1 -1 1060.6500349878622 186.87563368847043 1163.5886467975813 225.1030408732098 -1 -1 -1 -1 -1 -1 -1 -1 1 
91 6 Car -1.000000 -1 -1 975.757470567951 185.87341868646962 1065.2284167675757 221.53527952689808 -1 -1 -1 -1 -1 -1 -1 -1 1 
91 8 Car -1.000000 -1 -1 1060.673610012455 186.8521163053386 1163.5227674079224 225.06046161409242 -1 -1 -1 -1 -1 -1 -1 -1 1 
92 6 Car -1.000000 -1 -1 975.7034213000094 185.8807211204316 1065.3691271157784 221.51540617576555 -1 -1 -1 -1 -1 -1 -1 -1 1 
92 8 Car -1.000000 -1 -1 1060.7994102622074 186.82703182431288 1163.5746600644293 225.02291208244378 -1 -1 -1 -1 -1 -1 -1 -1 1 
93 6 Car -1.000000 -1 -1 975.7955699073283 185.95582212048112 1065.5828160109643 221.390911428787 -1 -1 -1 -1 -1 -1 -1 -1 1 
93 8 Car -1.000000 -1 -1 1060.802230082242 186.78909555671737 1163.5050180478281 225.08391264947971 -1 -1 -1 -1 -1 -1 -1 -1 1 
94 6 Car -1.000000 -1 -1 975.8183475054929 185.95522707215545 1065.6979835317434 221.5902430535652 -1 -1 -1 -1 -1 -1 -1 -1 1 
94 8 Car -1.000000 -1 -1 1060.3402468279742 186.96800110709623 1174.2147842092754 224.0571879796767 -1 -1 -1 -1 -1 -1 -1 -1 1 
95 6 Car -1.000000 -1 -1 976.2302849710123 185.90404116624072 1065.9246652299132 221.5295375849587 -1 -1 -1 -1 -1 -1 -1 -1 1 
95 8 Car -1.000000 -1 -1 1057.7380377602328 186.809568204992 1166.6531464805282 225.17003580935 -1 -1 -1 -1 -1 -1 -1 -1 1 
96 6 Car -1.000000 -1 -1 976.0384626393225 185.90587325776693 1065.7843536454461 221.60792994941005 -1 -1 -1 -1 -1 -1 -1 -1 1 
96 8 Car -1.000000 -1 -1 1059.400623214463 186.87902544193489 1164.3522976953282 225.13933762896337 -1 -1 -1 -1 -1 -1 -1 -1 1 
97 6 Car -1.000000 -1 -1 975.8952028655494 185.85716459414525 1065.770439098224 221.7509407234549 -1 -1 -1 -1 -1 -1 -1 -1 1 
97 8 Car -1.000000 -1 -1 1060.2414284201063 186.87015225696803 1163.8662400670173 225.31007873047204 -1 -1 -1 -1 -1 -1 -1 -1 1 
98 6 Car -1.000000 -1 -1 975.2859949256966 185.84045608554894 1065.1678768345184 221.62977389850872 -1 -1 -1 -1 -1 -1 -1 -1 1 
98 8 Car -1.000000 -1 -1 1060.642152150771 186.91543894054195 1163.4607704483328 225.17786046263504 -1 -1 -1 -1 -1 -1 -1 -1 1 
99 6 Car -1.000000 -1 -1 974.8675246327867 185.91822844898607 1064.7979118200983 221.63121925589883 -1 -1 -1 -1 -1 -1 -1 -1 1 
99 8 Car -1.000000 -1 -1 1060.7477904445047 186.9894099763152 1163.2430504671604 225.11495552105418 -1 -1 -1 -1 -1 -1 -1 -1 1 
100 6 Car -1.000000 -1 -1 974.8622952280488 185.99282285975372 1065.1329346506623 221.92918950529017 -1 -1 -1 -1 -1 -1 -1 -1 1 
100 8 Car -1.000000 -1 -1 1060.579129416434 187.03165920736512 1163.3153359280284 225.21004977645225 -1 -1 -1 -1 -1 -1 -1 -1 1 
101 6 Car -1.000000 -1 -1 975.5063030297533 185.82225858273299 1065.6981731627397 222.31821089297458 -1 -1 -1 -1 -1 -1 -1 -1 1 
101 8 Car -1.000000 -1 -1 1060.770563012963 187.04724348822919 1163.4125022521296 225.2873071473411 -1 -1 -1 -1 -1 -1 -1 -1 1 
102 6 Car -1.000000 -1 -1 976.2862595942013 185.745168876386 1066.012013896201 222.20288761068787 -1 -1 -1 -1 -1 -1 -1 -1 1 
102 8 Car -1.000000 -1 -1 1059.1799921125576 187.15530871471114 1175.286433475554 224.2296929131911 -1 -1 -1 -1 -1 -1 -1 -1 1 
103 6 Car -1.000000 -1 -1 975.4094075998985 185.87789768454124 1065.3897859404249 222.27839706786662 -1 -1 -1 -1 -1 -1 -1 -1 1 
103 8 Car -1.000000 -1 -1 1055.7714177120947 187.25879512880834 1178.7012273635983 224.31469035214326 -1 -1 -1 -1 -1 -1 -1 -1 1 
104 6 Car -1.000000 -1 -1 977.010037674986 185.638675965099 1065.0429369966746 221.80263279650418 -1 -1 -1 -1 -1 -1 -1 -1 1 
104 8 Car -1.000000 -1 -1 1055.3870468423327 186.96267601109477 1168.8827177784176 225.2052105105147 -1 -1 -1 -1 -1 -1 -1 -1 1 
105 6 Car -1.000000 -1 -1 976.7769923417026 185.76409854389937 1065.0237312843938 222.28173162021088 -1 -1 -1 -1 -1 -1 -1 -1 1 
105 8 Car -1.000000 -1 -1 1058.2363776284192 186.91201769937794 1165.8664564068158 225.43095810465744 -1 -1 -1 -1 -1 -1 -1 -1 1 
106 6 Car -1.000000 -1 -1 979.0370403954265 185.88241378361562 1065.7450834574906 222.9137602657313 -1 -1 -1 -1 -1 -1 -1 -1 1 
106 8 Car -1.000000 -1 -1 1059.9096236273328 186.9825909043838 1164.2235982699729 225.7179284743686 -1 -1 -1 -1 -1 -1 -1 -1 1 
107 6 Car -1.000000 -1 -1 979.2859359905824 185.94579155150922 1065.0353928454047 222.79281365794216 -1 -1 -1 -1 -1 -1 -1 -1 1 
107 8 Car -1.000000 -1 -1 1060.5726246513348 187.01079762027268 1163.5497109615433 225.44771848138015 -1 -1 -1 -1 -1 -1 -1 -1 1 
108 6 Car -1.000000 -1 -1 976.4855739502216 185.91344025199365 1063.161757464603 222.95299264664203 -1 -1 -1 -1 -1 -1 -1 -1 1 
108 8 Car -1.000000 -1 -1 1059.61971397364 187.11138908233178 1175.6524891797574 224.32740574238036 -1 -1 -1 -1 -1 -1 -1 -1 1 
109 6 Car -1.000000 -1 -1 978.6509250283316 186.32256400553052 1063.5892607965047 222.15161088226887 -1 -1 -1 -1 -1 -1 -1 -1 1 
109 8 Car -1.000000 -1 -1 1058.0878791744044 186.97987224584466 1167.3147589784082 225.07091844181977 -1 -1 -1 -1 -1 -1 -1 -1 1 
110 6 Car -1.000000 -1 -1 982.292532962317 186.52909454559068 1066.5234472924615 221.16138425606223 -1 -1 -1 -1 -1 -1 -1 -1 1 
110 8 Car -1.000000 -1 -1 1061.036770286484 186.72811415233537 1165.1425710012752 225.00574258910777 -1 -1 -1 -1 -1 -1 -1 -1 1 
111 6 Car -1.000000 -1 -1 994.1876772396232 186.18928153927334 1068.6837409641173 219.16118863323922 -1 -1 -1 -1 -1 -1 -1 -1 1 
111 8 Car -1.000000 -1 -1 1064.325699842483 187.01773861461558 1163.9179258602132 225.07350858054622 -1 -1 -1 -1 -1 -1 -1 -1 1 
112 6 Car -1.000000 -1 -1 1006.6287588404518 186.8661430414955 1072.354467463436 218.9349170869323 -1 -1 -1 -1 -1 -1 -1 -1 1 
112 8 Car -1.000000 -1 -1 1061.9124385653233 186.85827154142558 1161.5688132306434 225.2747030735002 -1 -1 -1 -1 -1 -1 -1 -1 1 
113 6 Car -1.000000 -1 -1 1008.6944062947538 187.05656693474253 1070.9295739758722 220.4393674076254 -1 -1 -1 -1 -1 -1 -1 -1 1 
113 8 Car -1.000000 -1 -1 1064.1447349565797 186.89175776825104 1161.6064042092084 224.5102975490298 -1 -1 -1 -1 -1 -1 -1 -1 1 
114 6 Car -1.000000 -1 -1 1010.8561362360094 186.5347048617083 1071.4184495316579 221.1843123036669 -1 -1 -1 -1 -1 -1 -1 -1 1 
114 8 Car -1.000000 -1 -1 1062.1346259376328 186.48988028794759 1161.0139397701837 224.68801041959085 -1 -1 -1 -1 -1 -1 -1 -1 1 
115 6 Car -1.000000 -1 -1 1012.7229989346692 186.57540727055365 1073.2386745306671 221.19953655700633 -1 -1 -1 -1 -1 -1 -1 -1 1 
115 8 Car -1.000000 -1 -1 1055.1319606652976 187.21469690962584 1167.6783499422968 224.17392863301603 -1 -1 -1 -1 -1 -1 -1 -1 1 
116 8 Car -1.000000 -1 -1 1057.3251128852658 187.22208505335317 1162.910491491954 224.63049639419606 -1 -1 -1 -1 -1 -1 -1 -1 1 
117 8 Car -1.000000 -1 -1 1058.9441848500153 187.75809122527235 1159.4319362394908 225.19349134278156 -1 -1 -1 -1 -1 -1 -1 -1 1 
118 8 Car -1.000000 -1 -1 1064.6525775855148 187.11670660928962 1166.5289141121089 227.27708274282523 -1 -1 -1 -1 -1 -1 -1 -1 1 
119 8 Car -1.000000 -1 -1 1080.7156662767177 187.67675186435622 1168.5896381319217 223.48420870406784 -1 -1 -1 -1 -1 -1 -1 -1 1 
121 8 Car -1.000000 -1 -1 1082.260170689124 187.73980792855235 1169.6457626418683 223.34849072941594 -1 -1 -1 -1 -1 -1 -1 -1 1 
127 11 Car -1.000000 -1 -1 1079.187944607394 186.88011516173063 1163.0860770882596 225.26618366108 -1 -1 -1 -1 -1 -1 -1 -1 1 
131 11 Car -1.000000 -1 -1 1064.4535121021431 186.31206744759226 1153.3637518520493 224.6153551160473 -1 -1 -1 -1 -1 -1 -1 -1 1 
132 8 Car -1.000000 -1 -1 1071.6038436740791 187.09762784524915 1166.258592066965 224.61204427175863 -1 -1 -1 -1 -1 -1 -1 -1 1 
132 11 Car -1.000000 -1 -1 1065.7303465944249 186.4378463900748 1152.8736894432877 223.97993369552424 -1 -1 -1 -1 -1 -1 -1 -1 1 
133 8 Car -1.000000 -1 -1 1080.877548733643 189.33059821561451 1168.4059948773934 224.55586016670935 -1 -1 -1 -1 -1 -1 -1 -1 1 
134 8 Car -1.000000 -1 -1 1107.5869345781653 187.41217002151438 1207.4359222790981 228.27023373283905 -1 -1 -1 -1 -1 -1 -1 -1 1 
135 8 Car -1.000000 -1 -1 1057.4322619727805 188.96040296031563 1161.150992108418 224.15922683447403 -1 -1 -1 -1 -1 -1 -1 -1 1 
138 8 Car -1.000000 -1 -1 1043.1890492790133 186.78861332216397 1142.9382317327254 222.56183064098983 -1 -1 -1 -1 -1 -1 -1 -1 1 
139 8 Car -1.000000 -1 -1 1056.8646263767823 185.67308521410712 1149.8927251166322 226.02212720140298 -1 -1 -1 -1 -1 -1 -1 -1 1 
140 8 Car -1.000000 -1 -1 1063.4746748204582 186.03043852763466 1161.3985731355788 225.53918927465546 -1 -1 -1 -1 -1 -1 -1 -1 1 
140 12 Car -1.000000 -1 -1 973.7470697750833 185.24105341248548 1063.5893428493891 223.083732577338 -1 -1 -1 -1 -1 -1 -1 -1 1 
141 8 Car -1.000000 -1 -1 1066.3851889194825 186.180953264168 1168.6999154821385 225.96664110011068 -1 -1 -1 -1 -1 -1 -1 -1 1 
141 12 Car -1.000000 -1 -1 975.2547746554555 185.60178777291324 1065.4438202229114 223.03830910117082 -1 -1 -1 -1 -1 -1 -1 -1 1 
142 8 Car -1.000000 -1 -1 1062.9611592473993 186.34994826403786 1165.0869632415756 226.3358789480199 -1 -1 -1 -1 -1 -1 -1 -1 1 
142 12 Car -1.000000 -1 -1 975.0533909364444 185.81075503774093 1066.3883370402623 222.96369679848704 -1 -1 -1 -1 -1 -1 -1 -1 1 
143 8 Car -1.000000 -1 -1 1061.4863968411144 186.7952481091025 1163.4063362004447 226.67914932857855 -1 -1 -1 -1 -1 -1 -1 -1 1 
143 12 Car -1.000000 -1 -1 977.0652687379378 185.62728991233925 1067.2481193773447 222.64062638837586 -1 -1 -1 -1 -1 -1 -1 -1 1 
144 8 Car -1.000000 -1 -1 1061.7346226171562 187.0506311506961 1163.0912233068734 226.35591099301007 -1 -1 -1 -1 -1 -1 -1 -1 1 
144 12 Car -1.000000 -1 -1 976.1244192975729 185.7744898144984 1067.529875216908 223.10559697161509 -1 -1 -1 -1 -1 -1 -1 -1 1 
145 8 Car -1.000000 -1 -1 1061.337602468424 187.1713362297508 1162.875460258517 226.18743707274666 -1 -1 -1 -1 -1 -1 -1 -1 1 
145 12 Car -1.000000 -1 -1 978.6869646993189 185.7466450412299 1067.2952084536023 222.90840198365078 -1 -1 -1 -1 -1 -1 -1 -1 1 
146 8 Car -1.000000 -1 -1 1061.3630284147323 187.19468939704348 1163.1849251303206 226.1333970520301 -1 -1 -1 -1 -1 -1 -1 -1 1 
146 12 Car -1.000000 -1 -1 978.8472807345377 185.91957019030104 1067.029572377795 222.62881296687553 -1 -1 -1 -1 -1 -1 -1 -1 1 
147 8 Car -1.000000 -1 -1 1061.6193153964925 187.25087093069845 1163.7557268054456 225.90884850930104 -1 -1 -1 -1 -1 -1 -1 -1 1 
147 12 Car -1.000000 -1 -1 975.7666009377932 186.14999013805812 1064.7450794045499 222.63631056926903 -1 -1 -1 -1 -1 -1 -1 -1 1 
148 8 Car -1.000000 -1 -1 1061.684782114906 187.18362030505375 1163.9422586843573 225.85479053197852 -1 -1 -1 -1 -1 -1 -1 -1 1 
148 12 Car -1.000000 -1 -1 951.8262417937799 186.80446502073607 1056.5545663536263 222.3603785368639 -1 -1 -1 -1 -1 -1 -1 -1 1 
149 8 Car -1.000000 -1 -1 1062.1261696931388 187.19001253470245 1164.044284677303 225.95612874720052 -1 -1 -1 -1 -1 -1 -1 -1 1 
149 12 Car -1.000000 -1 -1 967.1273040691678 186.7214036849857 1070.1759530116915 223.3085206927746 -1 -1 -1 -1 -1 -1 -1 -1 1 
150 8 Car -1.000000 -1 -1 1062.730004257942 187.0468315329127 1162.9715715033265 226.0629501201537 -1 -1 -1 -1 -1 -1 -1 -1 1 
150 12 Car -1.000000 -1 -1 978.3142317866373 187.2729654695789 1072.6315512458796 222.2553660778683 -1 -1 -1 -1 -1 -1 -1 -1 1 
151 8 Car -1.000000 -1 -1 1063.554902232733 187.2477629369072 1162.1953637774664 225.42336404144038 -1 -1 -1 -1 -1 -1 -1 -1 1 
151 12 Car -1.000000 -1 -1 980.0331381317751 186.59597346589476 1074.838384502596 224.17741273828497 -1 -1 -1 -1 -1 -1 -1 -1 1 
151 14 Car -1.000000 -1 -1 1153.0272731673851 186.8145514961007 1219.8090572661586 227.86715127418927 -1 -1 -1 -1 -1 -1 -1 -1 1 
152 8 Car -1.000000 -1 -1 1063.9222847405154 187.26480310079504 1161.806393510641 225.53605433666502 -1 -1 -1 -1 -1 -1 -1 -1 1 
152 12 Car -1.000000 -1 -1 1000.5019814067281 187.57305037842707 1076.5744146718994 221.06782688615675 -1 -1 -1 -1 -1 -1 -1 -1 1 
152 14 Car -1.000000 -1 -1 1152.3927422720208 187.01699643659498 1219.482388532035 227.97759792861393 -1 -1 -1 -1 -1 -1 -1 -1 1 
153 8 Car -1.000000 -1 -1 1063.623914528802 187.2174259599472 1160.7704490670187 225.39593202364216 -1 -1 -1 -1 -1 -1 -1 -1 1 
153 12 Car -1.000000 -1 -1 1008.0944918118395 186.4740466333385 1067.934677691766 221.04909810407807 -1 -1 -1 -1 -1 -1 -1 -1 1 
153 14 Car -1.000000 -1 -1 1152.404634854046 187.13308313823754 1219.487490662389 227.63031728221233 -1 -1 -1 -1 -1 -1 -1 -1 1 
154 8 Car -1.000000 -1 -1 1063.3015072485057 187.14063738269897 1159.3401549668765 225.45334734753214 -1 -1 -1 -1 -1 -1 -1 -1 1 
154 12 Car -1.000000 -1 -1 1014.7420275533448 186.86260284325124 1069.1576315703417 219.68966520117527 -1 -1 -1 -1 -1 -1 -1 -1 1 
154 14 Car -1.000000 -1 -1 1152.1416484721574 187.1121078395838 1220.2144493126077 228.04971173554603 -1 -1 -1 -1 -1 -1 -1 -1 1 
155 8 Car -1.000000 -1 -1 1059.9918787213014 187.73200080422646 1157.474450761714 225.29881065824276 -1 -1 -1 -1 -1 -1 -1 -1 1 
155 12 Car -1.000000 -1 -1 1019.724746313372 187.9888082137092 1071.5585113968398 219.78093312646774 -1 -1 -1 -1 -1 -1 -1 -1 1 
155 14 Car -1.000000 -1 -1 1151.5407234434283 186.25896025094 1221.081703569164 228.06734988000576 -1 -1 -1 -1 -1 -1 -1 -1 1 
156 8 Car -1.000000 -1 -1 1061.1235098862342 187.45520883199265 1161.8153304834545 226.17124325447384 -1 -1 -1 -1 -1 -1 -1 -1 1 
156 12 Car -1.000000 -1 -1 1022.4607269304894 188.19161138568708 1073.5446538399408 219.52405167376205 -1 -1 -1 -1 -1 -1 -1 -1 1 
156 14 Car -1.000000 -1 -1 1151.1990641643429 185.77238751105793 1221.1630679751722 227.89206154371348 -1 -1 -1 -1 -1 -1 -1 -1 1 
157 8 Car -1.000000 -1 -1 1067.3025246846487 186.94301521629737 1165.114696730807 226.7270178503395 -1 -1 -1 -1 -1 -1 -1 -1 1 
157 14 Car -1.000000 -1 -1 1151.0670004655308 185.64329075663022 1221.199439213138 227.86436389787798 -1 -1 -1 -1 -1 -1 -1 -1 1 
158 8 Car -1.000000 -1 -1 1070.5054437256135 187.18521228081627 1164.9758170016412 227.61103526829655 -1 -1 -1 -1 -1 -1 -1 -1 1 
159 8 Car -1.000000 -1 -1 1101.208088542172 187.5148738224904 1195.711918926795 228.56630808068488 -1 -1 -1 -1 -1 -1 -1 -1 1 
160 8 Car -1.000000 -1 -1 1108.8187419381093 186.0344485957446 1211.1993702223144 231.75913278220787 -1 -1 -1 -1 -1 -1 -1 -1 1 
168 8 Car -1.000000 -1 -1 1096.962665475216 187.2428986781425 1200.3931340619772 227.25102757513835 -1 -1 -1 -1 -1 -1 -1 -1 1 
174 8 Car -1.000000 -1 -1 1108.7823407032397 185.22848561172137 1214.905875633614 228.9784625073663 -1 -1 -1 -1 -1 -1 -1 -1 1 
175 8 Car -1.000000 -1 -1 1112.4541489311616 184.98775817985015 1219.9473930894349 229.30279084222505 -1 -1 -1 -1 -1 -1 -1 -1 1 
175 14 Car -1.000000 -1 -1 1148.2425679671248 184.91863681493336 1218.4888875183951 225.78874690989812 -1 -1 -1 -1 -1 -1 -1 -1 1 
178 14 Car -1.000000 -1 -1 1097.8723606704864 187.05266199406134 1204.145505620436 224.83278463659488 -1 -1 -1 -1 -1 -1 -1 -1 1 
179 14 Car -1.000000 -1 -1 1057.447060359768 185.95558483515023 1168.785661227654 228.4313053833624 -1 -1 -1 -1 -1 -1 -1 -1 1 
180 14 Car -1.000000 -1 -1 1067.529252065701 186.80904145638462 1170.53563254958 228.21811807256876 -1 -1 -1 -1 -1 -1 -1 -1 1 
182 14 Car -1.000000 -1 -1 1060.073932588167 186.88602295079664 1163.4026006581107 228.42453927202723 -1 -1 -1 -1 -1 -1 -1 -1 1 
186 16 Car -1.000000 -1 -1 1045.7002746464875 186.0977677722961 1179.0260548187377 224.98344072876634 -1 -1 -1 -1 -1 -1 -1 -1 1 
187 16 Car -1.000000 -1 -1 1056.1655430655646 186.27673406756807 1175.3009455358572 225.24429261739948 -1 -1 -1 -1 -1 -1 -1 -1 1 
188 16 Car -1.000000 -1 -1 1057.0796415923073 186.3160616140443 1177.3567574420676 225.6570714901648 -1 -1 -1 -1 -1 -1 -1 -1 1 
189 17 Car -1.000000 -1 -1 977.8758650632797 185.3632259475763 1066.5503045405212 222.1362289180866 -1 -1 -1 -1 -1 -1 -1 -1 1 
190 17 Car -1.000000 -1 -1 977.8891751149782 185.3163323083402 1067.0644591560956 221.8895290001583 -1 -1 -1 -1 -1 -1 -1 -1 1 
191 17 Car -1.000000 -1 -1 978.2238354732497 185.44359687360821 1067.4983053488859 222.20851274327217 -1 -1 -1 -1 -1 -1 -1 -1 1 
191 18 Car -1.000000 -1 -1 1073.951776253666 185.46233905709582 1169.1392169926398 224.75208756577467 -1 -1 -1 -1 -1 -1 -1 -1 1 
192 17 Car -1.000000 -1 -1 975.8951519467847 185.2984731501663 1064.4430200588295 222.01729901143324 -1 -1 -1 -1 -1 -1 -1 -1 1 
192 18 Car -1.000000 -1 -1 1058.8152485316127 185.59564488365714 1178.7575992850423 223.98320306615068 -1 -1 -1 -1 -1 -1 -1 -1 1 
193 17 Car -1.000000 -1 -1 977.9098542938231 185.16818384407847 1065.7924124934013 222.56922717389108 -1 -1 -1 -1 -1 -1 -1 -1 1 
193 18 Car -1.000000 -1 -1 1056.75254369754 185.83039364114492 1165.972983655722 225.30485827501263 -1 -1 -1 -1 -1 -1 -1 -1 1 
194 17 Car -1.000000 -1 -1 978.5083628184709 185.4262559234079 1065.10792984228 222.3944200882556 -1 -1 -1 -1 -1 -1 -1 -1 1 
194 18 Car -1.000000 -1 -1 1063.81294871641 186.35975417756543 1165.77902864875 223.92414925298579 -1 -1 -1 -1 -1 -1 -1 -1 1 
195 17 Car -1.000000 -1 -1 979.1028957046193 185.46733406736027 1065.644761063887 222.55594613219228 -1 -1 -1 -1 -1 -1 -1 -1 1 
195 18 Car -1.000000 -1 -1 1065.8913345949022 186.2959684843081 1168.726642648517 225.5668021739184 -1 -1 -1 -1 -1 -1 -1 -1 1 
196 17 Car -1.000000 -1 -1 977.2117989788139 185.5367586969195 1065.1012978161284 222.47177467398757 -1 -1 -1 -1 -1 -1 -1 -1 1 
196 18 Car -1.000000 -1 -1 1065.373284086947 186.41498816785025 1166.617830759228 225.28486870798585 -1 -1 -1 -1 -1 -1 -1 -1 1 
197 17 Car -1.000000 -1 -1 976.6393161376254 185.37708500095098 1065.2875845975564 222.46045571361802 -1 -1 -1 -1 -1 -1 -1 -1 1 
197 18 Car -1.000000 -1 -1 1063.4504919014043 186.33561322240212 1164.36653424859 224.97163448134174 -1 -1 -1 -1 -1 -1 -1 -1 1 
198 17 Car -1.000000 -1 -1 976.0852164467777 185.2657715823369 1065.5149966320512 222.27820918017952 -1 -1 -1 -1 -1 -1 -1 -1 1 
198 18 Car -1.000000 -1 -1 1062.2226514041245 186.32600838152047 1164.2284391717938 225.2738691925293 -1 -1 -1 -1 -1 -1 -1 -1 1 
199 17 Car -1.000000 -1 -1 976.1982859930281 185.05475198697664 1065.3830606216907 222.34297602255592 -1 -1 -1 -1 -1 -1 -1 -1 1 
199 18 Car -1.000000 -1 -1 1061.5814445014028 186.47914908984853 1163.5607163250327 225.09746427512545 -1 -1 -1 -1 -1 -1 -1 -1 1 
200 17 Car -1.000000 -1 -1 976.8105255499215 185.11963996244515 1065.3964762065093 222.33906543392825 -1 -1 -1 -1 -1 -1 -1 -1 1 
200 18 Car -1.000000 -1 -1 1061.498560981661 186.53489201057317 1163.680186208877 225.0748736554951 -1 -1 -1 -1 -1 -1 -1 -1 1 
201 17 Car -1.000000 -1 -1 977.6418803956174 185.19209369934669 1065.6583025504117 222.39529441485962 -1 -1 -1 -1 -1 -1 -1 -1 1 
201 18 Car -1.000000 -1 -1 1061.7511356262307 186.6072080689245 1163.6111819655785 225.0037627259007 -1 -1 -1 -1 -1 -1 -1 -1 1 
202 17 Car -1.000000 -1 -1 978.3148221410969 185.14119088225215 1065.5704555696775 222.4222185317443 -1 -1 -1 -1 -1 -1 -1 -1 1 
202 18 Car -1.000000 -1 -1 1061.6056900806566 186.52335170917834 1163.8812570898444 225.15074605756683 -1 -1 -1 -1 -1 -1 -1 -1 1 
203 17 Car -1.000000 -1 -1 978.5963054773628 185.04949102494575 1065.6474786463225 222.36037910491345 -1 -1 -1 -1 -1 -1 -1 -1 1 
203 18 Car -1.000000 -1 -1 1061.9018399292631 186.5344715436902 1163.5812330205777 224.9712109273337 -1 -1 -1 -1 -1 -1 -1 -1 1 
204 17 Car -1.000000 -1 -1 978.3724482611385 185.13574464292904 1065.6029231802772 222.32433506520934 -1 -1 -1 -1 -1 -1 -1 -1 1 
204 18 Car -1.000000 -1 -1 1061.8637107896293 186.54249418462052 1163.4218614770461 224.9034308265979 -1 -1 -1 -1 -1 -1 -1 -1 1 
205 17 Car -1.000000 -1 -1 978.4645944199106 185.06867417375565 1066.0080613306022 222.29166872805135 -1 -1 -1 -1 -1 -1 -1 -1 1 
205 18 Car -1.000000 -1 -1 1061.9049969583739 186.4655056568719 1163.8655172800559 224.91967200307553 -1 -1 -1 -1 -1 -1 -1 -1 1 
206 17 Car -1.000000 -1 -1 978.1060222874007 185.09030491084172 1066.3217954509719 222.42465572081312 -1 -1 -1 -1 -1 -1 -1 -1 1 
206 18 Car -1.000000 -1 -1 1062.6469888769007 186.11540254865642 1164.608011530394 224.96802269179204 -1 -1 -1 -1 -1 -1 -1 -1 1 
207 17 Car -1.000000 -1 -1 978.8030171286978 185.2714715863745 1066.3904188654753 222.458704522224 -1 -1 -1 -1 -1 -1 -1 -1 1 
207 18 Car -1.000000 -1 -1 1066.1138205221896 186.12843172861085 1166.982983055785 224.19233942238765 -1 -1 -1 -1 -1 -1 -1 -1 1 
208 17 Car -1.000000 -1 -1 978.4566069080091 185.15167589991142 1065.51681715351 222.94952542471862 -1 -1 -1 -1 -1 -1 -1 -1 1 
208 18 Car -1.000000 -1 -1 1061.643122833054 185.97021456306916 1163.4425349303397 224.89395488951578 -1 -1 -1 -1 -1 -1 -1 -1 1 
