2 1 Car -1.000000 -1 -1 294.5418209602495 151.57786727233378 448.75780317210973 278.60349635948756 -1 -1 -1 -1 -1 -1 -1 -1 1 
3 1 Car -1.000000 -1 -1 293.2622944487398 145.916225838068 445.1848411354139 270.94051081933475 -1 -1 -1 -1 -1 -1 -1 -1 1 
4 1 Car -1.000000 -1 -1 292.53154452225954 145.48402951075042 442.26425180006606 268.52589760958716 -1 -1 -1 -1 -1 -1 -1 -1 1 
5 1 Car -1.000000 -1 -1 291.9508576942916 146.63910696581257 439.66699951464693 267.76911956819197 -1 -1 -1 -1 -1 -1 -1 -1 1 
6 1 Car -1.000000 -1 -1 290.85502795443483 146.42425843531478 436.7762177763957 265.80536403647284 -1 -1 -1 -1 -1 -1 -1 -1 1 
7 1 Car -1.000000 -1 -1 289.6050410218782 147.52448124804158 433.8633428153657 265.2525904393401 -1 -1 -1 -1 -1 -1 -1 -1 1 
7 2 Car -1.000000 -1 -1 385.8587300008292 161.2843969407063 471.30930749923107 204.03872446724878 -1 -1 -1 -1 -1 -1 -1 -1 1 
8 1 Car -1.000000 -1 -1 288.3240288665879 150.12995350449404 431.00923971860897 266.27220994664293 -1 -1 -1 -1 -1 -1 -1 -1 1 
8 2 Car -1.000000 -1 -1 394.3649801646756 164.0947843311281 480.22168267973376 207.05814811380048 -1 -1 -1 -1 -1 -1 -1 -1 1 
9 1 Car -1.000000 -1 -1 287.0431667860443 151.16497662075088 428.21174686535267 265.7660019017975 -1 -1 -1 -1 -1 -1 -1 -1 1 
9 2 Car -1.000000 -1 -1 402.9650023795638 166.93919036592507 489.2390860135868 210.12218374824448 -1 -1 -1 -1 -1 -1 -1 -1 1 
10 1 Car -1.000000 -1 -1 285.7985343938725 155.81687009326467 425.51553730536585 268.93273776449246 -1 -1 -1 -1 -1 -1 -1 -1 1 
10 2 Car -1.000000 -1 -1 411.5505430761393 169.77945015920247 498.23323534896446 213.1835491205249 -1 -1 -1 -1 -1 -1 -1 -1 1 
11 1 Car -1.000000 -1 -1 284.7377916381834 157.72156446725438 423.2169166902921 269.5102050153243 -1 -1 -1 -1 -1 -1 -1 -1 1 
11 2 Car -1.000000 -1 -1 418.92500455123854 170.17174312615342 506.1149698771861 213.84853930246456 -1 -1 -1 -1 -1 -1 -1 -1 1 
12 1 Car -1.000000 -1 -1 283.74889216781844 158.59984050225376 421.09743444567107 269.1358057276113 -1 -1 -1 -1 -1 -1 -1 -1 1 
12 2 Car -1.000000 -1 -1 425.92018477994503 169.71161318545606 513.6516918630185 213.6803295504512 -1 -1 -1 -1 -1 -1 -1 -1 1 
13 1 Car -1.000000 -1 -1 282.7911589278585 159.09367941951197 419.0743406981219 268.42034488685266 -1 -1 -1 -1 -1 -1 -1 -1 1 
13 2 Car -1.000000 -1 -1 432.83704531975013 168.96056448430502 521.1226272637291 213.22941313604034 -1 -1 -1 -1 -1 -1 -1 -1 1 
14 1 Car -1.000000 -1 -1 281.8502718866637 159.4423982230017 417.115290452633 267.591186384438 -1 -1 -1 -1 -1 -1 -1 -1 1 
14 2 Car -1.000000 -1 -1 439.7860930132438 168.11651153637902 528.6311573210766 212.6900251510607 -1 -1 -1 -1 -1 -1 -1 -1 1 
15 1 Car -1.000000 -1 -1 280.92156361072193 159.73528805438286 415.2068281998897 266.73279857489035 -1 -1 -1 -1 -1 -1 -1 -1 1 
15 2 Car -1.000000 -1 -1 446.80862993753345 167.247529706007 536.2165244558823 212.12911738671076 -1 -1 -1 -1 -1 -1 -1 -1 1 
16 1 Car -1.000000 -1 -1 280.1109397914278 155.3459893360672 413.4178751655081 261.3139761914863 -1 -1 -1 -1 -1 -1 -1 -1 1 
16 2 Car -1.000000 -1 -1 454.0688568196906 167.08094781852606 544.0428834060759 212.27497785739226 -1 -1 -1 -1 -1 -1 -1 -1 1 
17 1 Car -1.000000 -1 -1 279.42226898380864 157.24312240492418 411.7091681399048 262.260311549465 -1 -1 -1 -1 -1 -1 -1 -1 1 
17 2 Car -1.000000 -1 -1 461.4830831050075 167.189267349302 552.0253450755635 212.69944130404028 -1 -1 -1 -1 -1 -1 -1 -1 1 
18 1 Car -1.000000 -1 -1 279.67145970979414 162.72125260385343 410.7903658947556 266.75645748858875 -1 -1 -1 -1 -1 -1 -1 -1 1 
18 2 Car -1.000000 -1 -1 468.9840130336586 170.18323970271558 560.1149189737757 216.02250590353134 -1 -1 -1 -1 -1 -1 -1 -1 1 
19 1 Car -1.000000 -1 -1 280.19518618327015 169.24954232561916 410.22620150918436 272.46740439629286 -1 -1 -1 -1 -1 -1 -1 -1 1 
19 2 Car -1.000000 -1 -1 476.5851692628342 174.30837559733564 568.3142029180605 220.4841369404882 -1 -1 -1 -1 -1 -1 -1 -1 1 
20 1 Car -1.000000 -1 -1 280.76600113284474 175.90957166747097 409.8302285131354 278.5162985738921 -1 -1 -1 -1 -1 -1 -1 -1 1 
20 2 Car -1.000000 -1 -1 483.9914002513541 178.5427455118743 576.9272201183643 225.41038683972553 -1 -1 -1 -1 -1 -1 -1 -1 1 
21 1 Car -1.000000 -1 -1 283.50043943041163 176.9273423792573 410.9589686723471 278.61127969247866 -1 -1 -1 -1 -1 -1 -1 -1 1 
21 2 Car -1.000000 -1 -1 492.6446816475979 178.95289992040932 586.0133167703887 226.10498929442807 -1 -1 -1 -1 -1 -1 -1 -1 1 
22 1 Car -1.000000 -1 -1 287.08305460879905 174.74802224096072 412.50704593579553 275.3347909376671 -1 -1 -1 -1 -1 -1 -1 -1 1 
22 2 Car -1.000000 -1 -1 501.8373301507233 177.88164025324377 595.3642284201069 225.16196701190384 -1 -1 -1 -1 -1 -1 -1 -1 1 
23 1 Car -1.000000 -1 -1 290.9692022326247 171.4245423025879 414.11719002053565 270.87210970392306 -1 -1 -1 -1 -1 -1 -1 -1 1 
23 2 Car -1.000000 -1 -1 511.1867775945132 176.1124433985184 604.9978452707174 223.58463015672046 -1 -1 -1 -1 -1 -1 -1 -1 1 
24 1 Car -1.000000 -1 -1 294.8767405437115 170.52803252002246 415.7713934011742 269.01408064405246 -1 -1 -1 -1 -1 -1 -1 -1 1 
24 2 Car -1.000000 -1 -1 520.6272398277158 174.03899549086447 614.8380534550981 221.7665080836482 -1 -1 -1 -1 -1 -1 -1 -1 1 
25 1 Car -1.000000 -1 -1 298.78940803089864 170.5469397257329 417.34094394747405 268.1419041044503 -1 -1 -1 -1 -1 -1 -1 -1 1 
25 2 Car -1.000000 -1 -1 528.7183699517831 171.78577921033454 623.6820190988655 219.94415115967033 -1 -1 -1 -1 -1 -1 -1 -1 1 
26 1 Car -1.000000 -1 -1 304.5312030350974 163.4954830807554 420.168586653141 259.9198260394686 -1 -1 -1 -1 -1 -1 -1 -1 1 
26 2 Car -1.000000 -1 -1 534.2204243212585 169.45162856660974 630.5418219117674 218.3331162987168 -1 -1 -1 -1 -1 -1 -1 -1 1 
27 1 Car -1.000000 -1 -1 310.843086676435 157.10415083102592 423.45121868401395 252.45280210762135 -1 -1 -1 -1 -1 -1 -1 -1 1 
27 2 Car -1.000000 -1 -1 543.1665824276197 167.0576429089437 640.1954032681072 216.34342005015236 -1 -1 -1 -1 -1 -1 -1 -1 1 
28 1 Car -1.000000 -1 -1 317.35509181412755 156.35521660999393 426.7973888610956 250.68437051954652 -1 -1 -1 -1 -1 -1 -1 -1 1 
28 2 Car -1.000000 -1 -1 551.3834152361829 164.61259589904734 649.3262457048835 214.40583552532092 -1 -1 -1 -1 -1 -1 -1 -1 1 
29 1 Car -1.000000 -1 -1 323.7808657692938 156.75047401958622 430.08951786610936 250.0228223749204 -1 -1 -1 -1 -1 -1 -1 -1 1 
29 2 Car -1.000000 -1 -1 559.4240771269624 162.12702188947344 658.375433193965 212.47455606534112 -1 -1 -1 -1 -1 -1 -1 -1 1 
30 1 Car -1.000000 -1 -1 329.3993500771959 158.5277223131273 432.85524129016585 250.7964462260194 -1 -1 -1 -1 -1 -1 -1 -1 1 
30 2 Car -1.000000 -1 -1 567.5086276529025 159.59786837904713 667.5200779673418 210.52514326699907 -1 -1 -1 -1 -1 -1 -1 -1 1 
31 1 Car -1.000000 -1 -1 336.1672876843589 158.5602651020628 436.97776297844 249.83952301866867 -1 -1 -1 -1 -1 -1 -1 -1 1 
31 2 Car -1.000000 -1 -1 576.1180220887775 158.4235755858126 677.2399619408416 209.95560915911653 -1 -1 -1 -1 -1 -1 -1 -1 1 
32 1 Car -1.000000 -1 -1 343.5428332135759 158.30320251869944 441.92470217199593 248.64638910540404 -1 -1 -1 -1 -1 -1 -1 -1 1 
32 2 Car -1.000000 -1 -1 585.0585330423445 157.7680297888374 687.3267022611999 209.92268607750495 -1 -1 -1 -1 -1 -1 -1 -1 1 
33 1 Car -1.000000 -1 -1 353.45031291843145 158.68157698556 449.9889689831795 248.1098279102955 -1 -1 -1 -1 -1 -1 -1 -1 1 
33 2 Car -1.000000 -1 -1 594.259041830021 157.30614543649708 697.7039342050119 210.09886286132175 -1 -1 -1 -1 -1 -1 -1 -1 1 
34 1 Car -1.000000 -1 -1 363.50280581442934 157.88721320168682 458.7524064929331 246.48885931471256 -1 -1 -1 -1 -1 -1 -1 -1 1 
34 2 Car -1.000000 -1 -1 603.6962707945838 156.91151529018174 708.346844575618 210.35714292525486 -1 -1 -1 -1 -1 -1 -1 -1 1 
35 1 Car -1.000000 -1 -1 373.50904763219086 158.21099067131013 468.33564799728697 246.15810853774258 -1 -1 -1 -1 -1 -1 -1 -1 1 
35 2 Car -1.000000 -1 -1 613.3657675585918 156.53499845345314 719.2509749671291 210.64852472684814 -1 -1 -1 -1 -1 -1 -1 -1 1 
36 1 Car -1.000000 -1 -1 385.2304985089114 157.21328152838763 479.9525944901986 244.4319758450386 -1 -1 -1 -1 -1 -1 -1 -1 1 
36 2 Car -1.000000 -1 -1 624.3724258345228 156.57996285416976 731.8694024853469 211.5509901811772 -1 -1 -1 -1 -1 -1 -1 -1 1 
37 1 Car -1.000000 -1 -1 397.3686165962582 155.74029995036608 492.3040341740535 242.2064009063884 -1 -1 -1 -1 -1 -1 -1 -1 1 
37 2 Car -1.000000 -1 -1 636.1361861742525 156.78978876946803 745.4307888343596 212.7108501968417 -1 -1 -1 -1 -1 -1 -1 -1 1 
38 1 Car -1.000000 -1 -1 410.56825812732154 156.1385964464579 506.07709989228346 242.05894613769448 -1 -1 -1 -1 -1 -1 -1 -1 1 
38 2 Car -1.000000 -1 -1 648.4474870801926 157.06646818742152 759.6540404596016 213.99394708240777 -1 -1 -1 -1 -1 -1 -1 -1 1 
39 1 Car -1.000000 -1 -1 424.03544401022583 157.2314154628313 520.3066228701555 242.66700390295526 -1 -1 -1 -1 -1 -1 -1 -1 1 
39 2 Car -1.000000 -1 -1 661.2383083804965 157.37248888529797 774.4454743187447 215.34989769571064 -1 -1 -1 -1 -1 -1 -1 -1 1 
40 1 Car -1.000000 -1 -1 437.4883297888688 158.5752969632604 534.6391202414698 243.53341183710626 -1 -1 -1 -1 -1 -1 -1 -1 1 
40 2 Car -1.000000 -1 -1 674.4963726770619 157.69382583031825 789.7852353853096 216.76091192822534 -1 -1 -1 -1 -1 -1 -1 -1 1 
41 1 Car -1.000000 -1 -1 452.7467706355092 160.1165587895536 551.0541216253107 244.8254067374176 -1 -1 -1 -1 -1 -1 -1 -1 1 
41 2 Car -1.000000 -1 -1 688.2322583598656 158.02566516175546 805.6837513446712 218.22207170586677 -1 -1 -1 -1 -1 -1 -1 -1 1 
42 1 Car -1.000000 -1 -1 468.56910348264233 161.72486557003276 568.2446410703645 246.36493511802163 -1 -1 -1 -1 -1 -1 -1 -1 1 
42 2 Car -1.000000 -1 -1 702.466564204161 158.3668072197881 822.1647375208643 219.73360108470206 -1 -1 -1 -1 -1 -1 -1 -1 1 
43 1 Car -1.000000 -1 -1 484.553493252097 163.3527634929732 585.6693390913885 247.97821308036504 -1 -1 -1 -1 -1 -1 -1 -1 1 
43 2 Car -1.000000 -1 -1 717.2249587587014 158.717467373612 839.2586484689876 221.29784118021905 -1 -1 -1 -1 -1 -1 -1 -1 1 
44 1 Car -1.000000 -1 -1 502.59267572755937 163.46000771558835 605.042674533334 248.07481105973372 -1 -1 -1 -1 -1 -1 -1 -1 1 
44 2 Car -1.000000 -1 -1 732.5362922799146 159.07841549972574 857.0001855624419 222.91806813556536 -1 -1 -1 -1 -1 -1 -1 -1 1 
45 1 Car -1.000000 -1 -1 521.3768177744142 162.99719854925445 625.0582013808012 247.59267029195712 -1 -1 -1 -1 -1 -1 -1 -1 1 
45 2 Car -1.000000 -1 -1 748.4320197311374 159.4506472780146 875.4275373342799 224.59805662207924 -1 -1 -1 -1 -1 -1 -1 -1 1 
46 1 Car -1.000000 -1 -1 541.3829060565349 161.9137624645455 646.4402467256956 246.6832108678901 -1 -1 -1 -1 -1 -1 -1 -1 1 
46 2 Car -1.000000 -1 -1 765.2433890684739 158.5705197465161 895.1697985567815 225.2164915842508 -1 -1 -1 -1 -1 -1 -1 -1 1 
47 1 Car -1.000000 -1 -1 561.8927709054739 160.60042999326575 668.3316081858544 245.60610402698006 -1 -1 -1 -1 -1 -1 -1 -1 1 
47 2 Car -1.000000 -1 -1 782.9003190436499 157.15491154624954 916.0218179942722 225.42009398987742 -1 -1 -1 -1 -1 -1 -1 -1 1 
48 1 Car -1.000000 -1 -1 582.6417164521648 159.2038603673376 690.4244860396888 244.45913039449553 -1 -1 -1 -1 -1 -1 -1 -1 1 
48 2 Car -1.000000 -1 -1 801.4147223229294 155.48062265294598 937.9523461977234 225.4621901044917 -1 -1 -1 -1 -1 -1 -1 -1 1 
49 1 Car -1.000000 -1 -1 603.5276262818127 157.7795703170846 712.6094743169008 243.2793954037072 -1 -1 -1 -1 -1 -1 -1 -1 1 
49 2 Car -1.000000 -1 -1 820.829439253485 153.65198251330588 960.9973130516911 225.44175896805544 -1 -1 -1 -1 -1 -1 -1 -1 1 
50 1 Car -1.000000 -1 -1 624.5101797543888 156.3484608225604 734.8525029311412 242.0809694191626 -1 -1 -1 -1 -1 -1 -1 -1 1 
50 2 Car -1.000000 -1 -1 841.20309053184 151.7053949837299 985.2240621964517 225.39734467295207 -1 -1 -1 -1 -1 -1 -1 -1 1 
51 1 Car -1.000000 -1 -1 646.1438484612456 155.41981670303153 757.9122996894524 241.51410150572838 -1 -1 -1 -1 -1 -1 -1 -1 1 
51 2 Car -1.000000 -1 -1 860.1570389101607 150.58391376800176 1008.4349719543599 226.37055837237983 -1 -1 -1 -1 -1 -1 -1 -1 1 
52 1 Car -1.000000 -1 -1 668.1274377437746 154.68401031950322 781.3881561682718 241.17949662747588 -1 -1 -1 -1 -1 -1 -1 -1 1 
52 2 Car -1.000000 -1 -1 879.1737452985425 149.76545921695808 1032.0409750537956 227.80102540678632 -1 -1 -1 -1 -1 -1 -1 -1 1 
53 1 Car -1.000000 -1 -1 690.3498812002737 154.02187689846 805.1392934945183 240.92418147089612 -1 -1 -1 -1 -1 -1 -1 -1 1 
53 2 Car -1.000000 -1 -1 898.8921996182378 149.04189730938066 1056.6708166166552 229.47328954577864 -1 -1 -1 -1 -1 -1 -1 -1 1 
54 1 Car -1.000000 -1 -1 712.7680378817109 153.38784157315987 829.1192847521162 240.6897121200825 -1 -1 -1 -1 -1 -1 -1 -1 1 
54 2 Car -1.000000 -1 -1 919.6224480186441 148.32899659039737 1082.6500669294983 231.30845299603206 -1 -1 -1 -1 -1 -1 -1 -1 1 
55 1 Car -1.000000 -1 -1 735.3647307122923 152.7644956574937 853.3178867244677 240.45382914847855 -1 -1 -1 -1 -1 -1 -1 -1 1 
55 2 Car -1.000000 -1 -1 941.5519763806476 147.59104409204494 1110.1948314185831 233.28218610934016 -1 -1 -1 -1 -1 -1 -1 -1 1 
56 1 Car -1.000000 -1 -1 758.2267365363949 152.28621210005394 878.0573506590853 240.46073759934234 -1 -1 -1 -1 -1 -1 -1 -1 1 
56 2 Car -1.000000 -1 -1 960.8299694407948 146.5640665684217 1135.0545610123243 234.94772859076951 -1 -1 -1 -1 -1 -1 -1 -1 1 
57 1 Car -1.000000 -1 -1 781.3350058966139 151.86393715796598 903.2331762800243 240.54977979448682 -1 -1 -1 -1 -1 -1 -1 -1 1 
57 2 Car -1.000000 -1 -1 979.6969788056829 145.37632283655333 1159.694970777923 236.54687561764374 -1 -1 -1 -1 -1 -1 -1 -1 1 
58 1 Car -1.000000 -1 -1 804.6871934175922 151.46357438614893 928.8163204605647 240.6595850406482 -1 -1 -1 -1 -1 -1 -1 -1 1 
58 2 Car -1.000000 -1 -1 999.092747342739 144.07457101157053 1185.1648141165267 238.18031531183703 -1 -1 -1 -1 -1 -1 -1 -1 1 
59 1 Car -1.000000 -1 -1 828.2844805326991 151.07214937397302 954.8041210453133 240.76670057656708 -1 -1 -1 -1 -1 -1 -1 -1 1 
59 2 Car -1.000000 -1 -1 1019.4501337635172 142.67238770902588 1211.964638756378 239.89420215902382 -1 -1 -1 -1 -1 -1 -1 -1 1 
60 1 Car -1.000000 -1 -1 852.1293512964237 150.68479599326827 981.2045010667238 240.8622646076266 -1 -1 -1 -1 -1 -1 -1 -1 1 
60 2 Car -1.000000 -1 -1 1039.7925878287874 141.16942811082578 1238.7500489324698 241.71377973680484 -1 -1 -1 -1 -1 -1 -1 -1 1 
61 1 Car -1.000000 -1 -1 874.5868460153874 150.4350713988274 1006.2117982921487 241.00562902961101 -1 -1 -1 -1 -1 -1 -1 -1 1 
61 2 Car -1.000000 -1 -1 1050.4792131358129 139.94012561100692 1253.7364859421186 243.62893148845362 -1 -1 -1 -1 -1 -1 -1 -1 1 
62 1 Car -1.000000 -1 -1 896.6283507091206 150.23892850705002 1030.8743739259066 241.16016376383598 -1 -1 -1 -1 -1 -1 -1 -1 1 
62 2 Car -1.000000 -1 -1 1057.995914802725 138.77948458535496 1263.8659159292863 245.65581463601035 -1 -1 -1 -1 -1 -1 -1 -1 1 
63 1 Car -1.000000 -1 -1 918.6276098236062 150.06391669792612 1055.6032603335327 241.31176458945637 -1 -1 -1 -1 -1 -1 -1 -1 1 
63 2 Car -1.000000 -1 -1 1064.9444321181334 137.6026725006708 1271.9408889630256 247.80661211635984 -1 -1 -1 -1 -1 -1 -1 -1 1 
64 1 Car -1.000000 -1 -1 940.7284326825434 149.89761335477542 1080.5640178260767 241.4551851070095 -1 -1 -1 -1 -1 -1 -1 -1 1 
64 2 Car -1.000000 -1 -1 1072.3726829970599 136.3716951910004 1279.1027484216256 250.0939653788522 -1 -1 -1 -1 -1 -1 -1 -1 1 
65 1 Car -1.000000 -1 -1 962.9858078210411 149.73532983549865 1105.827197029537 241.5885923365246 -1 -1 -1 -1 -1 -1 -1 -1 1 
65 2 Car -1.000000 -1 -1 1080.7126765355008 135.06677140138748 1285.8265845334276 252.5317377365607 -1 -1 -1 -1 -1 -1 -1 -1 1 
66 1 Car -1.000000 -1 -1 983.5508594202488 150.23078047744053 1129.2309478872562 242.26352497757324 -1 -1 -1 -1 -1 -1 -1 -1 1 
66 2 Car -1.000000 -1 -1 1086.6690998967415 134.2980153514074 1288.9186165454666 255.14565025675523 -1 -1 -1 -1 -1 -1 -1 -1 1 
67 1 Car -1.000000 -1 -1 1003.5436359563406 150.97747329197418 1152.0129618887877 243.1420199933365 -1 -1 -1 -1 -1 -1 -1 -1 1 
67 2 Car -1.000000 -1 -1 1092.3652008687222 133.9537768566891 1290.120336781691 257.47741897337113 -1 -1 -1 -1 -1 -1 -1 -1 1 
68 1 Car -1.000000 -1 -1 1020.7257298287079 151.87164632447204 1171.6757468064752 244.065218602767 -1 -1 -1 -1 -1 -1 -1 -1 1 
68 2 Car -1.000000 -1 -1 1098.2765376870248 133.89870254775252 1290.5121996702972 259.6763877004694 -1 -1 -1 -1 -1 -1 -1 -1 1 
69 1 Car -1.000000 -1 -1 1036.8972957510073 152.81793114293342 1190.1383161596598 245.00133887039425 -1 -1 -1 -1 -1 -1 -1 -1 1 
69 2 Car -1.000000 -1 -1 1104.4751949752936 133.95391886772808 1290.6936611046585 261.8727954585059 -1 -1 -1 -1 -1 -1 -1 -1 1 
70 1 Car -1.000000 -1 -1 1052.7472222956821 153.77957752114975 1208.1474906776907 245.93817759376705 -1 -1 -1 -1 -1 -1 -1 -1 1 
70 2 Car -1.000000 -1 -1 1111.0113771026079 134.04753014000545 1290.9004181604048 264.1217823061544 -1 -1 -1 -1 -1 -1 -1 -1 1 
71 1 Car -1.000000 -1 -1 1065.3066598786359 153.62351135344034 1222.2431129591425 245.46265089744801 -1 -1 -1 -1 -1 -1 -1 -1 1 
71 2 Car -1.000000 -1 -1 1115.092221533711 134.04975959352532 1289.207270440303 266.4288630102711 -1 -1 -1 -1 -1 -1 -1 -1 1 
72 1 Car -1.000000 -1 -1 1076.6057477965992 153.0458461274717 1234.7737257416481 244.45709297014216 -1 -1 -1 -1 -1 -1 -1 -1 1 
72 2 Car -1.000000 -1 -1 1118.1460846501107 134.00987622475293 1286.944952097307 268.8167923502087 -1 -1 -1 -1 -1 -1 -1 -1 1 
73 1 Car -1.000000 -1 -1 1084.5328722349318 152.31535395395372 1242.784895778567 243.2625793174951 -1 -1 -1 -1 -1 -1 -1 -1 1 
73 2 Car -1.000000 -1 -1 1120.7456005383256 133.94764251274296 1284.623751770996 271.29814266578137 -1 -1 -1 -1 -1 -1 -1 -1 1 
74 1 Car -1.000000 -1 -1 1089.9854502829733 153.14854830443102 1247.1565886271117 243.37365739625238 -1 -1 -1 -1 -1 -1 -1 -1 1 
74 2 Car -1.000000 -1 -1 1123.1270623360072 133.87081590743918 1282.4330732514263 273.88159911479875 -1 -1 -1 -1 -1 -1 -1 -1 1 
75 1 Car -1.000000 -1 -1 1094.6699570809546 154.55497528105312 1249.9744642139297 243.97176565406642 -1 -1 -1 -1 -1 -1 -1 -1 1 
75 2 Car -1.000000 -1 -1 1125.3931193227165 133.78238676226675 1280.436282802283 276.57464246121793 -1 -1 -1 -1 -1 -1 -1 -1 1 
76 1 Car -1.000000 -1 -1 1097.5760858799842 156.3510877116695 1250.3483713068836 244.56527632749763 -1 -1 -1 -1 -1 -1 -1 -1 1 
76 2 Car -1.000000 -1 -1 1124.8722421146183 134.58576117345444 1276.8027940738389 280.5003501278205 -1 -1 -1 -1 -1 -1 -1 -1 1 
77 1 Car -1.000000 -1 -1 1099.8111480144455 158.25204959476866 1249.857474969668 245.1419641852316 -1 -1 -1 -1 -1 -1 -1 -1 1 
77 2 Car -1.000000 -1 -1 1123.0057827955811 135.77822596170327 1272.7506197001635 285.0231639889063 -1 -1 -1 -1 -1 -1 -1 -1 1 
78 1 Car -1.000000 -1 -1 1101.8214509822935 160.14797389031952 1249.1266367062412 245.69699052710143 -1 -1 -1 -1 -1 -1 -1 -1 1 
78 2 Car -1.000000 -1 -1 1120.3595687740585 137.16510410451883 1268.7365891959419 289.90029354180706 -1 -1 -1 -1 -1 -1 -1 -1 1 
79 1 Car -1.000000 -1 -1 1103.7711560876821 161.99972160089138 1248.382545190216 246.22951529523255 -1 -1 -1 -1 -1 -1 -1 -1 1 
79 2 Car -1.000000 -1 -1 1117.1610300274785 138.6725305240974 1264.9243613118658 295.04309541651065 -1 -1 -1 -1 -1 -1 -1 -1 1 
80 1 Car -1.000000 -1 -1 1105.717097591317 163.79507753111477 1247.7006985908101 246.74009744712828 -1 -1 -1 -1 -1 -1 -1 -1 1 
80 2 Car -1.000000 -1 -1 1113.5030453198278 140.2744118137964 1261.3627972722077 300.4240910061943 -1 -1 -1 -1 -1 -1 -1 -1 1 
81 1 Car -1.000000 -1 -1 1104.4936119647073 165.45256451991415 1243.9236200740897 246.7870579684144 -1 -1 -1 -1 -1 -1 -1 -1 1 
81 2 Car -1.000000 -1 -1 1108.8325797099121 139.65087911651742 1257.779533089482 303.9619147455444 -1 -1 -1 -1 -1 -1 -1 -1 1 
82 1 Car -1.000000 -1 -1 1099.4037103292849 167.0135807826275 1235.820471691065 246.66336054770898 -1 -1 -1 -1 -1 -1 -1 -1 1 
82 2 Car -1.000000 -1 -1 1103.4778421885962 138.09674188827574 1254.345232535381 306.82788154764586 -1 -1 -1 -1 -1 -1 -1 -1 1 
83 1 Car -1.000000 -1 -1 1091.973483802791 166.98575190846947 1224.9616415298813 244.86467399880394 -1 -1 -1 -1 -1 -1 -1 -1 1 
83 2 Car -1.000000 -1 -1 1097.55890356377 136.1191812960225 1251.1092329254154 309.48739260137836 -1 -1 -1 -1 -1 -1 -1 -1 1 
84 1 Car -1.000000 -1 -1 1084.0391985606898 166.39401571197578 1213.4113675344065 242.52339794910952 -1 -1 -1 -1 -1 -1 -1 -1 1 
84 2 Car -1.000000 -1 -1 1091.1180903323043 133.9143103165973 1248.078182328899 312.1266275994726 -1 -1 -1 -1 -1 -1 -1 -1 1 
85 1 Car -1.000000 -1 -1 1076.2657213950213 165.62457058281672 1201.9353675477976 240.06277148447114 -1 -1 -1 -1 -1 -1 -1 -1 1 
85 2 Car -1.000000 -1 -1 1084.165364897581 131.5553185414443 1245.2424116635848 314.821777103567 -1 -1 -1 -1 -1 -1 -1 -1 1 
86 1 Car -1.000000 -1 -1 1064.659569285593 165.62229200118924 1186.0642432782854 238.18827369358013 -1 -1 -1 -1 -1 -1 -1 -1 1 
86 2 Car -1.000000 -1 -1 1078.2713380867806 129.69705765205646 1243.8829348743018 318.4304791530807 -1 -1 -1 -1 -1 -1 -1 -1 1 
87 1 Car -1.000000 -1 -1 1052.2039691424648 165.89293883004507 1169.1359047230758 236.5834177239321 -1 -1 -1 -1 -1 -1 -1 -1 1 
87 2 Car -1.000000 -1 -1 1072.6311335348225 127.98729519330544 1243.1388860210034 322.54534802820524 -1 -1 -1 -1 -1 -1 -1 -1 1 
88 1 Car -1.000000 -1 -1 1039.9838506696346 166.25262108274498 1152.383584351666 235.12700019097724 -1 -1 -1 -1 -1 -1 -1 -1 1 
88 2 Car -1.000000 -1 -1 1066.9094591569863 126.28135133843247 1242.664432590969 327.0169397666896 -1 -1 -1 -1 -1 -1 -1 -1 1 
89 1 Car -1.000000 -1 -1 1028.349210596086 166.63304098846064 1136.2224812345507 233.76917688036104 -1 -1 -1 -1 -1 -1 -1 -1 1 
89 2 Car -1.000000 -1 -1 1060.9573337715406 124.51696030137012 1242.3194400979057 331.7992825793783 -1 -1 -1 -1 -1 -1 -1 -1 1 
90 1 Car -1.000000 -1 -1 1017.3804338166293 167.00954538080146 1120.7647786963792 232.48766703191475 -1 -1 -1 -1 -1 -1 -1 -1 1 
90 2 Car -1.000000 -1 -1 1054.6973542009341 122.66395613180116 1242.0452925788202 336.88888947456064 -1 -1 -1 -1 -1 -1 -1 -1 1 
91 1 Car -1.000000 -1 -1 1003.2722114130596 167.50872820329906 1102.1517204933373 231.36148174361995 -1 -1 -1 -1 -1 -1 -1 -1 1 
91 2 Car -1.000000 -1 -1 1051.0344551256305 120.63457055526709 1244.300633000326 342.67851369189066 -1 -1 -1 -1 -1 -1 -1 -1 1 
92 1 Car -1.000000 -1 -1 988.586738866626 168.0353012403017 1083.0120082356386 230.32200093944851 -1 -1 -1 -1 -1 -1 -1 -1 1 
92 2 Car -1.000000 -1 -1 1045.689472586295 118.42655615175892 1245.431056484611 349.07021374405605 -1 -1 -1 -1 -1 -1 -1 -1 1 
93 1 Car -1.000000 -1 -1 974.2260253946029 168.55520029350308 1064.2758992640245 229.3415896961517 -1 -1 -1 -1 -1 -1 -1 -1 1 
93 2 Car -1.000000 -1 -1 1037.4507687684593 116.02366847563859 1244.720678342916 356.0697895483682 -1 -1 -1 -1 -1 -1 -1 -1 1 
94 1 Car -1.000000 -1 -1 960.4760482156536 169.0570511035068 1046.2420308035244 228.40805052668236 -1 -1 -1 -1 -1 -1 -1 -1 1 
94 2 Car -1.000000 -1 -1 1027.6151956890078 113.40211055958919 1243.4761881483666 363.7309921937215 -1 -1 -1 -1 -1 -1 -1 -1 1 
95 1 Car -1.000000 -1 -1 947.3993210963883 169.5377949154932 1028.9787864094524 227.51513894874856 -1 -1 -1 -1 -1 -1 -1 -1 1 
95 2 Car -1.000000 -1 -1 1016.7552519126515 110.53167309201544 1242.139985866033 371.9079180384525 -1 -1 -1 -1 -1 -1 -1 -1 1 
96 1 Car -1.000000 -1 -1 933.3547417069884 171.24685367520254 1010.9203389992421 227.8671546302436 -1 -1 -1 -1 -1 -1 -1 -1 1 
96 2 Car -1.000000 -1 -1 1009.6282806230565 108.4216965073091 1240.0532251178283 375.0141884250044 -1 -1 -1 -1 -1 -1 -1 -1 1 
97 1 Car -1.000000 -1 -1 919.757378001065 173.32724449555144 993.6294778597373 228.63541671267336 -1 -1 -1 -1 -1 -1 -1 -1 1 
97 2 Car -1.000000 -1 -1 1003.6507626650568 106.46170904634951 1237.740866634556 376.07182152755365 -1 -1 -1 -1 -1 -1 -1 -1 1 
98 1 Car -1.000000 -1 -1 904.4058368980641 173.8850746259496 975.020584368806 228.0437460845645 -1 -1 -1 -1 -1 -1 -1 -1 1 
98 2 Car -1.000000 -1 -1 997.784760925997 104.37810602247322 1235.437202900201 376.32003953873436 -1 -1 -1 -1 -1 -1 -1 -1 1 
99 1 Car -1.000000 -1 -1 888.8073965927761 173.89466689138555 956.4660771229808 226.98699268693096 -1 -1 -1 -1 -1 -1 -1 -1 1 
99 2 Car -1.000000 -1 -1 991.5785994286628 102.01636616502361 1233.2312060686784 376.2644303314794 -1 -1 -1 -1 -1 -1 -1 -1 1 
100 1 Car -1.000000 -1 -1 873.488449478719 173.71493857172527 938.4310726503228 225.79371553487903 -1 -1 -1 -1 -1 -1 -1 -1 1 
100 2 Car -1.000000 -1 -1 984.8170896607166 99.2572038773601 1231.1572971950854 376.1038414506186 -1 -1 -1 -1 -1 -1 -1 -1 1 
101 1 Car -1.000000 -1 -1 857.9893226120695 173.2925875654403 920.4006822415129 224.3818919367132 -1 -1 -1 -1 -1 -1 -1 -1 1 
101 2 Car -1.000000 -1 -1 979.4932764772254 94.18619291494974 1231.9898378791438 375.91531721154115 -1 -1 -1 -1 -1 -1 -1 -1 1 
102 1 Car -1.000000 -1 -1 841.8107942431137 172.8006137773623 902.0992317862123 222.92714959640884 -1 -1 -1 -1 -1 -1 -1 -1 1 
102 2 Car -1.000000 -1 -1 974.4492547457157 87.25166070619602 1234.1649986066213 375.73627847224896 -1 -1 -1 -1 -1 -1 -1 -1 1 
103 1 Car -1.000000 -1 -1 825.6706045076502 172.30160616946347 884.2009187140603 221.4923319326508 -1 -1 -1 -1 -1 -1 -1 -1 1 
103 2 Car -1.000000 -1 -1 970.8272448334388 82.74659924649524 1235.464834382619 375.5720641435382 -1 -1 -1 -1 -1 -1 -1 -1 1 
104 1 Car -1.000000 -1 -1 808.9791895505532 171.80939059937614 865.7960279189768 220.18280194633087 -1 -1 -1 -1 -1 -1 -1 -1 1 
104 2 Car -1.000000 -1 -1 968.5909492791643 81.36220014143467 1235.5133758599732 375.4100035310465 -1 -1 -1 -1 -1 -1 -1 -1 1 
105 1 Car -1.000000 -1 -1 792.4620436631418 171.3337690486212 847.5577179386352 218.9471443892871 -1 -1 -1 -1 -1 -1 -1 -1 1 
105 2 Car -1.000000 -1 -1 966.5929743991526 80.66430546568549 1235.2742651151718 375.25392868053984 -1 -1 -1 -1 -1 -1 -1 -1 1 
106 1 Car -1.000000 -1 -1 776.3571351385799 171.28805093607 830.0824678245074 218.239789605958 -1 -1 -1 -1 -1 -1 -1 -1 1 
106 2 Car -1.000000 -1 -1 968.7101611513483 81.52984285639593 1237.082753616101 375.11382597142256 -1 -1 -1 -1 -1 -1 -1 -1 1 
107 1 Car -1.000000 -1 -1 760.577483643164 171.39831277619157 813.248029929963 217.79001020003457 -1 -1 -1 -1 -1 -1 -1 -1 1 
107 2 Car -1.000000 -1 -1 972.7881188956014 82.42951818800148 1240.0479863357812 374.98559526251256 -1 -1 -1 -1 -1 -1 -1 -1 1 
108 1 Car -1.000000 -1 -1 745.1182200945739 171.56291305657913 796.9552645224296 217.43413027003365 -1 -1 -1 -1 -1 -1 -1 -1 1 
108 2 Car -1.000000 -1 -1 978.113728461488 82.82426590310325 1243.8308852084447 374.87172284116264 -1 -1 -1 -1 -1 -1 -1 -1 1 
109 1 Car -1.000000 -1 -1 729.9708917551808 171.74437586612612 781.1508996232375 217.11215564850613 -1 -1 -1 -1 -1 -1 -1 -1 1 
109 2 Car -1.000000 -1 -1 984.5902529771777 82.54297548964533 1248.3492816529708 374.7713084253694 -1 -1 -1 -1 -1 -1 -1 -1 1 
110 1 Car -1.000000 -1 -1 714.136742443607 171.84888085855272 764.6680932669577 216.79500161935445 -1 -1 -1 -1 -1 -1 -1 -1 1 
110 2 Car -1.000000 -1 -1 992.9651382181479 82.96245013963036 1253.107291638771 374.6827886579706 -1 -1 -1 -1 -1 -1 -1 -1 1 
111 1 Car -1.000000 -1 -1 698.2610843974544 171.92403845366232 748.1104930830465 216.4804431820673 -1 -1 -1 -1 -1 -1 -1 -1 1 
111 2 Car -1.000000 -1 -1 1006.9640332614429 81.3810666996946 1262.6755917879857 374.60254576601244 -1 -1 -1 -1 -1 -1 -1 -1 1 
111 3 Car -1.000000 -1 -1 853.157233066848 186.06383704787712 965.176489450169 245.24147784959422 -1 -1 -1 -1 -1 -1 -1 -1 1 
112 1 Car -1.000000 -1 -1 682.5734214349071 171.9876852888661 731.7001787085445 216.16827189380763 -1 -1 -1 -1 -1 -1 -1 -1 1 
112 2 Car -1.000000 -1 -1 1026.357461107856 78.95249317755983 1275.3211712126563 374.5341489790982 -1 -1 -1 -1 -1 -1 -1 -1 1 
112 3 Car -1.000000 -1 -1 840.6262964539809 185.42217565403428 954.8382719279671 245.86174336526912 -1 -1 -1 -1 -1 -1 -1 -1 1 
113 1 Car -1.000000 -1 -1 667.1494991658843 172.0464989255715 715.5169278265272 215.85856718208086 -1 -1 -1 -1 -1 -1 -1 -1 1 
113 2 Car -1.000000 -1 -1 1052.3108603012543 76.10811795705536 1291.108576325732 374.4741291693651 -1 -1 -1 -1 -1 -1 -1 -1 1 
113 3 Car -1.000000 -1 -1 829.8941950118141 184.8238188638998 946.2829108061044 246.5866356879331 -1 -1 -1 -1 -1 -1 -1 -1 1 
114 1 Car -1.000000 -1 -1 652.0084568678999 172.10299056678843 699.5873734272152 215.55149560081477 -1 -1 -1 -1 -1 -1 -1 -1 1 
114 2 Car -1.000000 -1 -1 1056.6356047346449 74.54846878830685 1297.2583522830544 375.2205037496807 -1 -1 -1 -1 -1 -1 -1 -1 1 
114 3 Car -1.000000 -1 -1 819.6563385498735 184.2334723433941 938.1434761701556 247.35875241694205 -1 -1 -1 -1 -1 -1 -1 -1 1 
115 1 Car -1.000000 -1 -1 637.1489816351611 172.15811024540128 683.9182660703525 215.24724327695745 -1 -1 -1 -1 -1 -1 -1 -1 1 
115 3 Car -1.000000 -1 -1 810.493348470036 184.47078232466518 931.6100976502316 249.3389839609256 -1 -1 -1 -1 -1 -1 -1 -1 1 
115 4 Car -1.000000 -1 -1 -29.08690372528723 174.80051318622515 253.83073824163938 292.23551915017083 -1 -1 -1 -1 -1 -1 -1 -1 1 
116 1 Car -1.000000 -1 -1 622.5627897329588 172.21222259889538 668.50893700382 214.94598060678575 -1 -1 -1 -1 -1 -1 -1 -1 1 
116 3 Car -1.000000 -1 -1 801.4748848767391 185.01697086440018 925.4042652802999 251.83335707698694 -1 -1 -1 -1 -1 -1 -1 -1 1 
116 4 Car -1.000000 -1 -1 -47.55563599184825 174.43431541986376 254.1668403240152 301.32029221829396 -1 -1 -1 -1 -1 -1 -1 -1 1 
117 1 Car -1.000000 -1 -1 608.2396122788483 172.26547179059696 653.3559742505319 214.6478513114309 -1 -1 -1 -1 -1 -1 -1 -1 1 
117 3 Car -1.000000 -1 -1 792.241167489801 185.68908165498735 919.0549650009596 254.60592462904506 -1 -1 -1 -1 -1 -1 -1 -1 1 
117 4 Car -1.000000 -1 -1 -67.49235842218056 174.00738011529387 253.34920728999307 311.7646103779066 -1 -1 -1 -1 -1 -1 -1 -1 1 
118 1 Car -1.000000 -1 -1 593.4297599331629 172.3105830091023 637.9184833776386 214.44078446735062 -1 -1 -1 -1 -1 -1 -1 -1 1 
118 3 Car -1.000000 -1 -1 782.6342521622529 186.4226647397151 912.3773043976103 257.5815098716608 -1 -1 -1 -1 -1 -1 -1 -1 1 
118 4 Car -1.000000 -1 -1 -88.73854877365261 173.50922947845524 250.92943165377483 323.74459992167283 -1 -1 -1 -1 -1 -1 -1 -1 1 
119 1 Car -1.000000 -1 -1 578.5149209609639 172.35280245706682 622.5017559511093 214.26601544148113 -1 -1 -1 -1 -1 -1 -1 -1 1 
119 3 Car -1.000000 -1 -1 772.5657615856676 187.19631347944875 905.2894021830145 260.74404593846725 -1 -1 -1 -1 -1 -1 -1 -1 1 
119 4 Car -1.000000 -1 -1 -111.1252740404443 173.57056220136542 245.67474237325303 337.76241372181084 -1 -1 -1 -1 -1 -1 -1 -1 1 
119 6 Car -1.000000 -1 -1 714.5920171977109 186.44523797945814 805.3762739989747 241.51417715508177 -1 -1 -1 -1 -1 -1 -1 -1 1 
120 1 Car -1.000000 -1 -1 563.6383128585345 172.39406608668085 607.2179574317435 214.1019157502295 -1 -1 -1 -1 -1 -1 -1 -1 1 
120 3 Car -1.000000 -1 -1 763.8132304051909 187.43674014364632 899.4283179775022 263.448860484212 -1 -1 -1 -1 -1 -1 -1 -1 1 
120 4 Car -1.000000 -1 -1 -129.24567471137104 173.31398917417107 246.76041917384097 346.34412214325585 -1 -1 -1 -1 -1 -1 -1 -1 1 
120 6 Car -1.000000 -1 -1 703.0420945876809 186.68695318336668 796.4362987186694 243.33528469934024 -1 -1 -1 -1 -1 -1 -1 -1 1 
121 1 Car -1.000000 -1 -1 548.8529693027679 172.4350896619154 592.1058448265971 213.94050004119734 -1 -1 -1 -1 -1 -1 -1 -1 1 
121 3 Car -1.000000 -1 -1 755.2885422577506 187.46543320972236 893.8074237607167 266.0732272310888 -1 -1 -1 -1 -1 -1 -1 -1 1 
121 6 Car -1.000000 -1 -1 690.8829516007312 186.94028276295185 787.0342188019775 245.26026129640175 -1 -1 -1 -1 -1 -1 -1 -1 1 
122 1 Car -1.000000 -1 -1 534.1779864270044 172.4761304960243 577.176763638735 213.7789113419173 -1 -1 -1 -1 -1 -1 -1 -1 1 
122 3 Car -1.000000 -1 -1 746.5332180083109 187.40849268276492 888.0266465732498 268.77588576874535 -1 -1 -1 -1 -1 -1 -1 -1 1 
122 6 Car -1.000000 -1 -1 678.2413941078987 187.20246363138816 777.2634426533028 247.27104952302517 -1 -1 -1 -1 -1 -1 -1 -1 1 
122 7 Car -1.000000 -1 -1 635.2728791524752 181.12810480399406 701.2257475315388 227.2526707900879 -1 -1 -1 -1 -1 -1 -1 -1 1 
123 1 Car -1.000000 -1 -1 519.6196325469533 172.51727302167055 562.4319300918728 213.6162258089139 -1 -1 -1 -1 -1 -1 -1 -1 1 
123 3 Car -1.000000 -1 -1 737.3309173722698 187.31539704095348 881.9141700231028 271.6317618347878 -1 -1 -1 -1 -1 -1 -1 -1 1 
123 6 Car -1.000000 -1 -1 666.7476170441778 186.96502775553645 768.7203632940559 248.82196818819364 -1 -1 -1 -1 -1 -1 -1 -1 1 
123 7 Car -1.000000 -1 -1 621.6897418566717 180.5891889374909 689.1727573169778 227.78733071231244 -1 -1 -1 -1 -1 -1 -1 -1 1 
123 9 Car -1.000000 -1 -1 379.746435856642 180.93421337145384 454.8001667945067 236.3945502186843 -1 -1 -1 -1 -1 -1 -1 -1 1 
124 1 Car -1.000000 -1 -1 504.5074042364201 172.56150123951474 547.1519557847238 213.52670655818523 -1 -1 -1 -1 -1 -1 -1 -1 1 
124 3 Car -1.000000 -1 -1 727.5551934446244 187.20534423533024 875.3851344006869 274.68445758833724 -1 -1 -1 -1 -1 -1 -1 -1 1 
124 6 Car -1.000000 -1 -1 655.285433050559 186.53310196829003 760.3512793153812 250.2577289806044 -1 -1 -1 -1 -1 -1 -1 -1 1 
124 7 Car -1.000000 -1 -1 607.4957755927243 180.0200662987745 676.5779045844076 228.34683432920502 -1 -1 -1 -1 -1 -1 -1 -1 1 
124 9 Car -1.000000 -1 -1 357.87686325212763 181.34397281176547 435.9275102990238 238.93773623452313 -1 -1 -1 -1 -1 -1 -1 -1 1 
125 1 Car -1.000000 -1 -1 489.25266166717324 172.6068346450928 531.7098410281542 213.46336265987537 -1 -1 -1 -1 -1 -1 -1 -1 1 
125 3 Car -1.000000 -1 -1 719.142913443498 186.66702591547136 870.6298882731077 277.6540093224251 -1 -1 -1 -1 -1 -1 -1 -1 1 
125 6 Car -1.000000 -1 -1 643.4060925758458 186.01639846133645 751.7385511781674 251.71034091132293 -1 -1 -1 -1 -1 -1 -1 -1 1 
125 7 Car -1.000000 -1 -1 592.8526068779573 179.4308816492202 663.5742069313408 228.92519608719897 -1 -1 -1 -1 -1 -1 -1 -1 1 
125 9 Car -1.000000 -1 -1 334.2516234930783 181.75819664675592 415.7227360710776 241.7270419202045 -1 -1 -1 -1 -1 -1 -1 -1 1 
126 1 Car -1.000000 -1 -1 474.0081526882526 172.65251004977887 516.2485282587561 213.40872421743495 -1 -1 -1 -1 -1 -1 -1 -1 1 
126 3 Car -1.000000 -1 -1 710.864856635387 185.92878147399173 866.3827112149245 280.75401084759835 -1 -1 -1 -1 -1 -1 -1 -1 1 
126 6 Car -1.000000 -1 -1 630.9029152940301 185.45348377572986 742.6942794991953 253.23477152448052 -1 -1 -1 -1 -1 -1 -1 -1 1 
126 7 Car -1.000000 -1 -1 580.1636951309991 179.03498666906984 652.6891764792467 229.83310203920425 -1 -1 -1 -1 -1 -1 -1 -1 1 
126 9 Car -1.000000 -1 -1 309.9981559607399 182.16533977379063 394.9932314184656 244.4930926748672 -1 -1 -1 -1 -1 -1 -1 -1 1 
126 10 Car -1.000000 -1 -1 556.693464423036 180.7505204218778 619.429893516407 220.95738595628987 -1 -1 -1 -1 -1 -1 -1 -1 1 
127 1 Car -1.000000 -1 -1 458.82881514057976 172.69823622750977 500.8233662916099 213.35629519776617 -1 -1 -1 -1 -1 -1 -1 -1 1 
127 3 Car -1.000000 -1 -1 702.1776345555268 185.07763066822065 862.1248998630738 284.0929963347203 -1 -1 -1 -1 -1 -1 -1 -1 1 
127 6 Car -1.000000 -1 -1 617.6561573498947 184.85656400180002 733.1126443475099 254.85813495784768 -1 -1 -1 -1 -1 -1 -1 -1 1 
127 7 Car -1.000000 -1 -1 567.8263717647338 178.69860316443928 642.2498382065679 230.89385181462907 -1 -1 -1 -1 -1 -1 -1 -1 1 
127 9 Car -1.000000 -1 -1 283.7743689179701 183.6190145222378 373.54556497112685 249.06304163663643 -1 -1 -1 -1 -1 -1 -1 -1 1 
127 10 Car -1.000000 -1 -1 543.876345307532 180.9082976197753 608.2302602510352 222.16007956468587 -1 -1 -1 -1 -1 -1 -1 -1 1 
128 1 Car -1.000000 -1 -1 443.7327823844442 172.74389946702593 485.45639139543454 213.30372656793935 -1 -1 -1 -1 -1 -1 -1 -1 1 
128 3 Car -1.000000 -1 -1 697.1939837080338 184.1429038824732 861.7740349492863 287.67202776980685 -1 -1 -1 -1 -1 -1 -1 -1 1 
128 6 Car -1.000000 -1 -1 610.2563678518779 184.93649573537954 730.1652790944441 257.65497212026867 -1 -1 -1 -1 -1 -1 -1 -1 1 
128 7 Car -1.000000 -1 -1 555.2226063422368 178.37228890289836 631.6147513953782 232.0480615554049 -1 -1 -1 -1 -1 -1 -1 -1 1 
128 9 Car -1.000000 -1 -1 260.49176580559765 185.5078601684253 355.468977546914 254.2505774481487 -1 -1 -1 -1 -1 -1 -1 -1 1 
128 10 Car -1.000000 -1 -1 530.4227365162129 181.07421445525202 596.4683202790206 223.4266700102551 -1 -1 -1 -1 -1 -1 -1 -1 1 
128 11 Car -1.000000 -1 -1 513.8913119919698 183.11880608918744 559.3605641948609 214.6304035415958 -1 -1 -1 -1 -1 -1 -1 -1 1 
128 12 Car -1.000000 -1 -1 305.65674662743896 178.65712494260492 379.7376661213466 239.34943620490105 -1 -1 -1 -1 -1 -1 -1 -1 1 
129 1 Car -1.000000 -1 -1 434.16904573843027 172.81033828174492 475.50317624318626 213.2257186868912 -1 -1 -1 -1 -1 -1 -1 -1 1 
129 3 Car -1.000000 -1 -1 693.5197724767959 183.1337613358683 863.0353440887559 291.5828908270376 -1 -1 -1 -1 -1 -1 -1 -1 1 
129 6 Car -1.000000 -1 -1 604.9271876881501 185.2988641315444 729.8260679664111 261.08578730745427 -1 -1 -1 -1 -1 -1 -1 -1 1 
129 7 Car -1.000000 -1 -1 546.7919877096242 179.03599055914444 625.2297815889912 234.23954284500843 -1 -1 -1 -1 -1 -1 -1 -1 1 
129 9 Car -1.000000 -1 -1 237.1591451664015 187.64318342328815 337.9362942603643 259.9607629403058 -1 -1 -1 -1 -1 -1 -1 -1 1 
129 10 Car -1.000000 -1 -1 521.9352454599241 181.78034141298693 589.4999350582193 225.11604732004685 -1 -1 -1 -1 -1 -1 -1 -1 1 
129 11 Car -1.000000 -1 -1 506.0277372338367 184.11909379528086 552.5390994211898 216.40236715892985 -1 -1 -1 -1 -1 -1 -1 -1 1 
129 12 Car -1.000000 -1 -1 287.6747065865978 181.26200342272165 364.11554202346684 244.09080950023787 -1 -1 -1 -1 -1 -1 -1 -1 1 
130 1 Car -1.000000 -1 -1 426.72929954828544 172.88413295083416 467.593747096498 213.138123524412 -1 -1 -1 -1 -1 -1 -1 -1 1 
130 3 Car -1.000000 -1 -1 693.8834918636171 182.62833324039067 870.306780486844 297.4739521151555 -1 -1 -1 -1 -1 -1 -1 -1 1 
130 6 Car -1.000000 -1 -1 600.1777419179791 185.79124005794833 730.5370235251013 264.96498136871116 -1 -1 -1 -1 -1 -1 -1 -1 1 
130 7 Car -1.000000 -1 -1 539.7243341939791 180.11479591784607 620.3228588705077 236.92029321366624 -1 -1 -1 -1 -1 -1 -1 -1 1 
130 9 Car -1.000000 -1 -1 216.31649348923096 189.90159357906623 323.37487306191997 266.0326489913467 -1 -1 -1 -1 -1 -1 -1 -1 1 
130 10 Car -1.000000 -1 -1 515.0255413464715 182.68448349292896 584.1090490916157 226.9955288215933 -1 -1 -1 -1 -1 -1 -1 -1 1 
130 11 Car -1.000000 -1 -1 499.22656314347523 185.52847482685527 546.8355428693178 218.64937331276406 -1 -1 -1 -1 -1 -1 -1 -1 1 
130 12 Car -1.000000 -1 -1 272.0966829753548 185.29700520907485 351.91367602247846 250.8472988605909 -1 -1 -1 -1 -1 -1 -1 -1 1 
131 1 Car -1.000000 -1 -1 419.958652276765 172.96017890708455 460.33041692760327 213.04697628832997 -1 -1 -1 -1 -1 -1 -1 -1 1 
131 3 Car -1.000000 -1 -1 695.9243250516042 182.31399403140574 880.6528839983141 304.75186698045536 -1 -1 -1 -1 -1 -1 -1 -1 1 
131 6 Car -1.000000 -1 -1 595.4031301045155 186.3561436066525 731.6994228020692 269.2477615860879 -1 -1 -1 -1 -1 -1 -1 -1 1 
131 7 Car -1.000000 -1 -1 536.4896801396061 180.86249061512402 619.3553493776183 239.37769267747373 -1 -1 -1 -1 -1 -1 -1 -1 1 
131 9 Car -1.000000 -1 -1 195.35996532520042 192.30072391548427 309.35029299524524 272.59000455629723 -1 -1 -1 -1 -1 -1 -1 -1 1 
131 10 Car -1.000000 -1 -1 508.4390486504357 183.61022733226162 579.188573197677 228.98914097355058 -1 -1 -1 -1 -1 -1 -1 -1 1 
131 11 Car -1.000000 -1 -1 492.64718218059073 187.07872404006176 541.3630514813864 221.07635034963732 -1 -1 -1 -1 -1 -1 -1 -1 1 
131 12 Car -1.000000 -1 -1 258.51804563712597 186.780313073725 341.35294695456014 254.7158633722477 -1 -1 -1 -1 -1 -1 -1 -1 1 
132 1 Car -1.000000 -1 -1 416.79612353826275 172.95802414225332 456.6478251944841 212.8142897143451 -1 -1 -1 -1 -1 -1 -1 -1 1 
132 3 Car -1.000000 -1 -1 698.739861283363 182.06317583543947 893.0854427793437 313.32675413268953 -1 -1 -1 -1 -1 -1 -1 -1 1 
132 6 Car -1.000000 -1 -1 590.3404453310117 186.97350727852464 733.0911645891523 273.9495803381163 -1 -1 -1 -1 -1 -1 -1 -1 1 
132 7 Car -1.000000 -1 -1 534.6648682617347 181.49591507463379 619.9034005420034 241.83066481750893 -1 -1 -1 -1 -1 -1 -1 -1 1 
132 9 Car -1.000000 -1 -1 177.4602887260171 195.2221822281747 298.91109431425934 279.8789995595645 -1 -1 -1 -1 -1 -1 -1 -1 1 
132 10 Car -1.000000 -1 -1 507.5116804066551 183.57709605761107 579.9953953766567 230.11932820376782 -1 -1 -1 -1 -1 -1 -1 -1 1 
132 11 Car -1.000000 -1 -1 489.8693926320577 187.9212534258443 539.5172023455575 222.6802957260929 -1 -1 -1 -1 -1 -1 -1 -1 1 
132 12 Car -1.000000 -1 -1 245.12131395950166 187.35797627153272 331.0019343119377 257.6462921773146 -1 -1 -1 -1 -1 -1 -1 -1 1 
132 13 Car -1.000000 -1 -1 289.88503948082376 190.64056229713853 343.73818656628976 236.27832430348883 -1 -1 -1 -1 -1 -1 -1 -1 1 
133 1 Car -1.000000 -1 -1 413.49896123250625 172.95458316851622 452.97371019589235 212.6891584922799 -1 -1 -1 -1 -1 -1 -1 -1 1 
133 3 Car -1.000000 -1 -1 705.5942779045181 181.72485883929667 910.4146076095105 322.9380782626116 -1 -1 -1 -1 -1 -1 -1 -1 1 
133 6 Car -1.000000 -1 -1 590.135680822477 186.4208059463237 739.6890928878076 277.7155383186253 -1 -1 -1 -1 -1 -1 -1 -1 1 
133 7 Car -1.000000 -1 -1 533.3037207481468 182.09866152049074 621.0333999502348 244.37474488578178 -1 -1 -1 -1 -1 -1 -1 -1 1 
133 9 Car -1.000000 -1 -1 159.86324269716448 198.47663653493865 289.538093007484 287.86229153546054 -1 -1 -1 -1 -1 -1 -1 -1 1 
133 10 Car -1.000000 -1 -1 508.75881078447526 183.16621813350613 583.0042829916034 230.94734579041815 -1 -1 -1 -1 -1 -1 -1 -1 1 
133 11 Car -1.000000 -1 -1 488.41502075606735 188.51349326528108 538.9551116147816 224.00900767162238 -1 -1 -1 -1 -1 -1 -1 -1 1 
133 12 Car -1.000000 -1 -1 233.914410609951 188.82469097085317 323.3817479934145 261.78272219311066 -1 -1 -1 -1 -1 -1 -1 -1 1 
133 13 Car -1.000000 -1 -1 282.6841192068844 190.8691511609017 338.2486824972274 237.76346857555842 -1 -1 -1 -1 -1 -1 -1 -1 1 
134 1 Car -1.000000 -1 -1 415.1267133738197 172.3637241662056 454.1638917088239 211.89172490857084 -1 -1 -1 -1 -1 -1 -1 -1 1 
134 3 Car -1.000000 -1 -1 714.8610026689907 181.32408569448984 931.4254482736369 334.02046743164414 -1 -1 -1 -1 -1 -1 -1 -1 1 
134 6 Car -1.000000 -1 -1 592.0088608265268 185.33632427188496 748.9598057340788 281.32995501124674 -1 -1 -1 -1 -1 -1 -1 -1 1 
134 7 Car -1.000000 -1 -1 534.5211975172184 180.91955971177813 624.9177023403282 245.25953344685445 -1 -1 -1 -1 -1 -1 -1 -1 1 
134 9 Car -1.000000 -1 -1 145.36456383786907 198.70790613500395 282.5105934511385 292.0465739600783 -1 -1 -1 -1 -1 -1 -1 -1 1 
134 10 Car -1.000000 -1 -1 510.8435190213736 182.5490719843283 586.9309714339265 231.68859413153402 -1 -1 -1 -1 -1 -1 -1 -1 1 
134 11 Car -1.000000 -1 -1 487.3794908005021 189.02427767228804 538.8256892082487 225.2657628696044 -1 -1 -1 -1 -1 -1 -1 -1 1 
134 12 Car -1.000000 -1 -1 226.71869484280387 188.5922937620221 319.45542366344614 263.81994137220556 -1 -1 -1 -1 -1 -1 -1 -1 1 
134 13 Car -1.000000 -1 -1 275.68460448379875 191.09828117976122 333.03825521431065 239.31203430073114 -1 -1 -1 -1 -1 -1 -1 -1 1 
135 1 Car -1.000000 -1 -1 418.5380319198435 171.56016870956904 457.13013917371495 210.851659952194 -1 -1 -1 -1 -1 -1 -1 -1 1 
135 3 Car -1.000000 -1 -1 731.658254313464 180.56572999323225 963.9767566737793 347.6655557846243 -1 -1 -1 -1 -1 -1 -1 -1 1 
135 6 Car -1.000000 -1 -1 597.6414959436956 183.8749037769398 762.6291477131249 284.89593313191347 -1 -1 -1 -1 -1 -1 -1 -1 1 
135 7 Car -1.000000 -1 -1 536.7972672146863 178.94123623933348 630.0685247540208 245.48938454583322 -1 -1 -1 -1 -1 -1 -1 -1 1 
135 9 Car -1.000000 -1 -1 131.37288908908243 197.64717667285072 276.1696730936442 294.7979629436075 -1 -1 -1 -1 -1 -1 -1 -1 1 
135 10 Car -1.000000 -1 -1 513.2967999657133 181.82756234831942 591.2721604488713 232.42759956125738 -1 -1 -1 -1 -1 -1 -1 -1 1 
135 11 Car -1.000000 -1 -1 491.30479153813 187.17869125164398 543.3741392810732 223.96068995125268 -1 -1 -1 -1 -1 -1 -1 -1 1 
135 12 Car -1.000000 -1 -1 221.4543191132157 187.25008533667472 317.4737479001756 264.6055899445377 -1 -1 -1 -1 -1 -1 -1 -1 1 
135 13 Car -1.000000 -1 -1 274.19110256317856 191.27668897395395 333.21014782465903 240.68580777462552 -1 -1 -1 -1 -1 -1 -1 -1 1 
136 1 Car -1.000000 -1 -1 422.5260434550389 170.6869289387759 460.684259261366 209.73280885599794 -1 -1 -1 -1 -1 -1 -1 -1 1 
136 3 Car -1.000000 -1 -1 754.0136488292402 179.57729291902004 1006.6426439285324 364.4497757861933 -1 -1 -1 -1 -1 -1 -1 -1 1 
136 6 Car -1.000000 -1 -1 605.06346628713 181.9536055407502 779.3401035687763 288.71528295069646 -1 -1 -1 -1 -1 -1 -1 -1 1 
136 7 Car -1.000000 -1 -1 542.2452911171146 176.455930338378 638.5375871464336 245.34672201714756 -1 -1 -1 -1 -1 -1 -1 -1 1 
136 9 Car -1.000000 -1 -1 116.70632047729435 195.99632051013126 269.7695553024759 297.0927321493625 -1 -1 -1 -1 -1 -1 -1 -1 1 
136 10 Car -1.000000 -1 -1 517.526952825081 180.0985125667519 597.1738423927321 232.00437879020654 -1 -1 -1 -1 -1 -1 -1 -1 1 
136 11 Car -1.000000 -1 -1 497.27468399468694 184.3563662915914 549.8772583577154 221.60277391634204 -1 -1 -1 -1 -1 -1 -1 -1 1 
136 12 Car -1.000000 -1 -1 216.65293424789053 185.4283360334692 316.17840503929574 264.9292494944136 -1 -1 -1 -1 -1 -1 -1 -1 1 
136 13 Car -1.000000 -1 -1 274.6190202409043 191.4408915159792 335.2994377667658 242.03175396394664 -1 -1 -1 -1 -1 -1 -1 -1 1 
137 1 Car -1.000000 -1 -1 415.84040704211577 170.48451573417933 453.78423384602735 209.3126303206938 -1 -1 -1 -1 -1 -1 -1 -1 1 
137 3 Car -1.000000 -1 -1 789.4982073594751 178.38971463982784 1053.3739431568274 372.6192899016753 -1 -1 -1 -1 -1 -1 -1 -1 1 
137 6 Car -1.000000 -1 -1 613.5311883688925 179.48630370750334 798.7586326997673 292.96173231573925 -1 -1 -1 -1 -1 -1 -1 -1 1 
137 7 Car -1.000000 -1 -1 549.2011776066279 173.6482585734499 648.7104464823947 245.04721677669326 -1 -1 -1 -1 -1 -1 -1 -1 1 
137 9 Car -1.000000 -1 -1 103.51450633374053 195.67054246821485 266.3361552708438 301.47644751360656 -1 -1 -1 -1 -1 -1 -1 -1 1 
137 10 Car -1.000000 -1 -1 522.5507838651625 177.9093703587703 603.8642173423024 231.09782035636178 -1 -1 -1 -1 -1 -1 -1 -1 1 
137 11 Car -1.000000 -1 -1 504.00719954151214 180.84421707597195 557.4368785398449 218.77435128785768 -1 -1 -1 -1 -1 -1 -1 -1 1 
137 12 Car -1.000000 -1 -1 211.69980784096245 183.3181221905974 315.1070268606097 265.0996877074471 -1 -1 -1 -1 -1 -1 -1 -1 1 
137 13 Car -1.000000 -1 -1 275.7134639448876 191.60416340970573 338.0921458934112 243.406231347407 -1 -1 -1 -1 -1 -1 -1 -1 1 
138 3 Car -1.000000 -1 -1 838.4672488939855 176.80770633575816 1111.3373735375312 375.8110310475209 -1 -1 -1 -1 -1 -1 -1 -1 1 
138 6 Car -1.000000 -1 -1 624.2366542191598 178.87052773583343 822.7901303573102 300.5016907727056 -1 -1 -1 -1 -1 -1 -1 -1 1 
138 7 Car -1.000000 -1 -1 558.0648511390511 172.26016656108789 661.0703131390395 246.37304228142958 -1 -1 -1 -1 -1 -1 -1 -1 1 
138 9 Car -1.000000 -1 -1 90.06022854690843 195.91015552827585 263.9752307754948 307.05520347568194 -1 -1 -1 -1 -1 -1 -1 -1 1 
138 10 Car -1.000000 -1 -1 527.9776196159534 175.4729596085381 611.0418722795466 229.9747834812621 -1 -1 -1 -1 -1 -1 -1 -1 1 
138 11 Car -1.000000 -1 -1 512.3091590663767 179.03214479033392 566.7690186847976 217.7941399571213 -1 -1 -1 -1 -1 -1 -1 -1 1 
138 12 Car -1.000000 -1 -1 209.19764040092807 182.08463818724664 316.87644301030144 266.3220534804587 -1 -1 -1 -1 -1 -1 -1 -1 1 
138 13 Car -1.000000 -1 -1 277.96809550603984 191.7282711346127 342.2723813931596 244.8308027854763 -1 -1 -1 -1 -1 -1 -1 -1 1 
139 3 Car -1.000000 -1 -1 897.3823795300466 174.10796669343023 1181.2283352322772 376.89461708918986 -1 -1 -1 -1 -1 -1 -1 -1 1 
139 6 Car -1.000000 -1 -1 636.7259280915671 179.05784143018963 851.0820152380284 310.31432547534473 -1 -1 -1 -1 -1 -1 -1 -1 1 
139 7 Car -1.000000 -1 -1 568.0610505399782 171.41314386213108 674.8735871286714 248.45961735133406 -1 -1 -1 -1 -1 -1 -1 -1 1 
139 9 Car -1.000000 -1 -1 75.54236043118031 196.4079615064388 261.9304095895202 313.5216881452574 -1 -1 -1 -1 -1 -1 -1 -1 1 
139 10 Car -1.000000 -1 -1 535.7990777040663 174.998837702847 621.0004657217007 231.0890806736931 -1 -1 -1 -1 -1 -1 -1 -1 1 
139 11 Car -1.000000 -1 -1 521.4257051063546 177.8595948623343 577.0350473782935 217.53884810636222 -1 -1 -1 -1 -1 -1 -1 -1 1 
139 12 Car -1.000000 -1 -1 207.52159842927483 181.17894024554045 319.8560494334072 268.0433787866891 -1 -1 -1 -1 -1 -1 -1 -1 1 
139 13 Car -1.000000 -1 -1 280.6575793778114 191.84111672782876 347.102903928204 246.3193886762486 -1 -1 -1 -1 -1 -1 -1 -1 1 
139 14 Car -1.000000 -1 -1 450.3144899967818 167.6533526763361 485.8784946490674 205.9256545365544 -1 -1 -1 -1 -1 -1 -1 -1 1 
140 3 Car -1.000000 -1 -1 941.7991043959456 173.44939965370577 1226.40073342274 377.14038123484045 -1 -1 -1 -1 -1 -1 -1 -1 1 
140 6 Car -1.000000 -1 -1 651.0267867817823 179.6420534488095 884.1615729961536 322.24943461488476 -1 -1 -1 -1 -1 -1 -1 -1 1 
140 7 Car -1.000000 -1 -1 578.9299720603689 170.75424465067556 689.9071945488658 250.97693944248653 -1 -1 -1 -1 -1 -1 -1 -1 1 
140 9 Car -1.000000 -1 -1 59.4936637141374 197.04409846672064 259.88287525016756 320.81918874744446 -1 -1 -1 -1 -1 -1 -1 -1 1 
140 10 Car -1.000000 -1 -1 544.8384495185127 175.32489257982493 632.4180472204725 233.17895052331494 -1 -1 -1 -1 -1 -1 -1 -1 1 
140 11 Car -1.000000 -1 -1 530.7698968513839 179.49158051341763 587.5238062439421 220.10302602167636 -1 -1 -1 -1 -1 -1 -1 -1 1 
140 12 Car -1.000000 -1 -1 205.33048598115363 181.22461187797109 323.0860841919841 271.1738015792908 -1 -1 -1 -1 -1 -1 -1 -1 1 
140 13 Car -1.000000 -1 -1 283.5240787047678 191.95343452002743 352.32481068282186 247.8807942296622 -1 -1 -1 -1 -1 -1 -1 -1 1 
140 14 Car -1.000000 -1 -1 460.5332438888529 168.1759503465338 495.8243009445082 206.16214041598954 -1 -1 -1 -1 -1 -1 -1 -1 1 
140 15 Car -1.000000 -1 -1 316.0785953938521 186.92520706371334 370.8429749069884 228.72878565100078 -1 -1 -1 -1 -1 -1 -1 -1 1 
141 3 Car -1.000000 -1 -1 981.317708479858 173.56172360082167 1259.5069156670213 377.0381853211268 -1 -1 -1 -1 -1 -1 -1 -1 1 
141 6 Car -1.000000 -1 -1 667.3990164391296 180.48133961524695 923.1192888672558 336.60003132535655 -1 -1 -1 -1 -1 -1 -1 -1 1 
141 7 Car -1.000000 -1 -1 589.3697023211453 170.64613456328598 705.270261811161 254.6031422192347 -1 -1 -1 -1 -1 -1 -1 -1 1 
141 9 Car -1.000000 -1 -1 41.54577293769552 197.7742943782447 257.68653118806776 329.0067262897545 -1 -1 -1 -1 -1 -1 -1 -1 1 
141 10 Car -1.000000 -1 -1 554.6788387932512 175.99519916215473 644.8379065176864 235.75647081051068 -1 -1 -1 -1 -1 -1 -1 -1 1 
141 11 Car -1.000000 -1 -1 540.315158013433 182.13045130490937 598.4429158615291 223.87543408013005 -1 -1 -1 -1 -1 -1 -1 -1 1 
141 12 Car -1.000000 -1 -1 202.7048305431168 181.64998349175968 326.5352587515018 275.05245993721644 -1 -1 -1 -1 -1 -1 -1 -1 1 
141 13 Car -1.000000 -1 -1 286.483079526907 192.06948429737258 357.85557535152 249.52215846025348 -1 -1 -1 -1 -1 -1 -1 -1 1 
141 14 Car -1.000000 -1 -1 471.3783986740845 169.11208637827872 506.3907778893433 206.8112083811156 -1 -1 -1 -1 -1 -1 -1 -1 1 
141 15 Car -1.000000 -1 -1 321.4377496834862 187.5443002334955 377.59104368241356 230.33020972652363 -1 -1 -1 -1 -1 -1 -1 -1 1 
142 3 Car -1.000000 -1 -1 1020.5247958108997 173.9382423109219 1286.5973813032056 376.8138879356651 -1 -1 -1 -1 -1 -1 -1 -1 1 
142 6 Car -1.000000 -1 -1 686.1466905000159 181.35142862982838 969.7802196434567 353.9901564697303 -1 -1 -1 -1 -1 -1 -1 -1 1 
142 7 Car -1.000000 -1 -1 600.1404982432721 170.76805811291763 721.6218183423939 258.9320565387883 -1 -1 -1 -1 -1 -1 -1 -1 1 
142 9 Car -1.000000 -1 -1 20.08733228610147 198.01614992378586 253.93551130190588 337.74357303887166 -1 -1 -1 -1 -1 -1 -1 -1 1 
142 10 Car -1.000000 -1 -1 565.1876914472215 176.83393054080847 658.130412102511 238.64071287464722 -1 -1 -1 -1 -1 -1 -1 -1 1 
142 11 Car -1.000000 -1 -1 549.5390199358781 181.38561267201538 608.8201493948604 224.07869979861277 -1 -1 -1 -1 -1 -1 -1 -1 1 
142 12 Car -1.000000 -1 -1 199.6319207170638 182.1566078758317 330.25729608639847 279.4407765740743 -1 -1 -1 -1 -1 -1 -1 -1 1 
142 13 Car -1.000000 -1 -1 289.5153959995164 192.19108653889128 363.678729186997 251.25038013059876 -1 -1 -1 -1 -1 -1 -1 -1 1 
142 14 Car -1.000000 -1 -1 481.483671924236 169.43533971982504 516.2237608817265 206.85863838429077 -1 -1 -1 -1 -1 -1 -1 -1 1 
142 15 Car -1.000000 -1 -1 326.9869755828229 188.18775950934622 384.64606570278806 231.9994802423021 -1 -1 -1 -1 -1 -1 -1 -1 1 
143 3 Car -1.000000 -1 -1 1034.8041170821489 173.42878862104578 1307.3029759834928 381.2054893585812 -1 -1 -1 -1 -1 -1 -1 -1 1 
143 6 Car -1.000000 -1 -1 710.2081664186153 182.09551203754074 1019.5471176243584 368.4815131707296 -1 -1 -1 -1 -1 -1 -1 -1 1 
143 7 Car -1.000000 -1 -1 611.6362560958632 170.99534013304873 739.3910940018144 263.84803693990193 -1 -1 -1 -1 -1 -1 -1 -1 1 
143 9 Car -1.000000 -1 -1 5.259358935925363 198.06005717027438 255.95983317565918 346.9962695383923 -1 -1 -1 -1 -1 -1 -1 -1 1 
143 10 Car -1.000000 -1 -1 576.3476641263426 177.77573150413994 672.3005533394602 241.77280445231108 -1 -1 -1 -1 -1 -1 -1 -1 1 
143 11 Car -1.000000 -1 -1 558.7980423250126 181.49146320671707 619.4749228719653 225.30321997625336 -1 -1 -1 -1 -1 -1 -1 -1 1 
143 12 Car -1.000000 -1 -1 194.59259621354596 181.9034278772442 332.33108373157086 283.1113095679705 -1 -1 -1 -1 -1 -1 -1 -1 1 
143 13 Car -1.000000 -1 -1 292.62654006405336 192.3191619837756 369.8027796551043 253.0727220381232 -1 -1 -1 -1 -1 -1 -1 -1 1 
143 14 Car -1.000000 -1 -1 491.18845280491416 169.54600058371085 525.6593790274846 206.700872577268 -1 -1 -1 -1 -1 -1 -1 -1 1 
143 15 Car -1.000000 -1 -1 332.6569301335211 188.8479354633522 391.9298219944744 233.71729476809926 -1 -1 -1 -1 -1 -1 -1 -1 1 
144 6 Car -1.000000 -1 -1 746.7859035651895 182.85791937437284 1073.2587672794807 374.33904477848375 -1 -1 -1 -1 -1 -1 -1 -1 1 
144 7 Car -1.000000 -1 -1 624.1013238800982 171.28117546005274 758.9265136673139 269.3578614855894 -1 -1 -1 -1 -1 -1 -1 -1 1 
144 9 Car -1.000000 -1 -1 -7.173633196718441 198.02206510727672 260.2255307535587 357.4397651288199 -1 -1 -1 -1 -1 -1 -1 -1 1 
144 10 Car -1.000000 -1 -1 586.3246705216288 177.44308013762625 685.6555894277167 243.88071966378882 -1 -1 -1 -1 -1 -1 -1 -1 1 
144 11 Car -1.000000 -1 -1 568.2993390868104 181.89575684826283 630.6024531106948 226.9919755616288 -1 -1 -1 -1 -1 -1 -1 -1 1 
144 12 Car -1.000000 -1 -1 188.3290331166477 181.22328558394673 333.8520280529393 286.66748609594606 -1 -1 -1 -1 -1 -1 -1 -1 1 
144 13 Car -1.000000 -1 -1 294.1816784753498 191.6601642769371 374.5248426312866 254.13628118548863 -1 -1 -1 -1 -1 -1 -1 -1 1 
144 14 Car -1.000000 -1 -1 500.6398519205899 169.58350883198625 534.8434297604964 206.4753491400491 -1 -1 -1 -1 -1 -1 -1 -1 1 
144 15 Car -1.000000 -1 -1 337.35037786629897 188.4350858178818 398.1749681964271 234.29505157906667 -1 -1 -1 -1 -1 -1 -1 -1 1 
145 6 Car -1.000000 -1 -1 795.6894811234512 183.71667798215412 1140.358801647908 376.5170002139048 -1 -1 -1 -1 -1 -1 -1 -1 1 
145 7 Car -1.000000 -1 -1 637.7391736593779 171.6103855545956 780.5862279496786 275.5296526918047 -1 -1 -1 -1 -1 -1 -1 -1 1 
145 9 Car -1.000000 -1 -1 -19.081367418456395 197.94976417175172 265.37312139771717 369.606550294133 -1 -1 -1 -1 -1 -1 -1 -1 1 
145 10 Car -1.000000 -1 -1 596.2171965872681 176.5477455940998 699.2731976879688 245.6546712044523 -1 -1 -1 -1 -1 -1 -1 -1 1 
145 11 Car -1.000000 -1 -1 578.1912212080069 182.42650128949043 642.297313168272 228.93061063776872 -1 -1 -1 -1 -1 -1 -1 -1 1 
145 12 Car -1.000000 -1 -1 180.6635800710157 179.77676243589795 335.00440443177195 290.0189354700399 -1 -1 -1 -1 -1 -1 -1 -1 1 
145 13 Car -1.000000 -1 -1 295.11887661578254 190.65689730408255 378.83772525228846 254.92859520656938 -1 -1 -1 -1 -1 -1 -1 -1 1 
145 14 Car -1.000000 -1 -1 509.62305750787186 168.46375296110023 543.5881700186324 205.12575917512163 -1 -1 -1 -1 -1 -1 -1 -1 1 
145 15 Car -1.000000 -1 -1 341.8093670681828 187.61432254916036 404.20434090591755 234.46498359894233 -1 -1 -1 -1 -1 -1 -1 -1 1 
146 6 Car -1.000000 -1 -1 821.5025703983526 184.7143450152484 1177.633826789554 377.16522449099085 -1 -1 -1 -1 -1 -1 -1 -1 1 
146 7 Car -1.000000 -1 -1 650.6245640708202 170.47856081392953 802.6890330914928 281.0334433707609 -1 -1 -1 -1 -1 -1 -1 -1 1 
146 9 Car -1.000000 -1 -1 -24.765289549070218 197.86165405631155 264.327610195696 374.75462191421923 -1 -1 -1 -1 -1 -1 -1 -1 1 
146 10 Car -1.000000 -1 -1 606.5104199917822 175.36499260070264 713.666155504173 247.37873060168928 -1 -1 -1 -1 -1 -1 -1 -1 1 
146 11 Car -1.000000 -1 -1 588.5650340684917 183.02418986631125 654.6338811390344 231.04195794561147 -1 -1 -1 -1 -1 -1 -1 -1 1 
146 12 Car -1.000000 -1 -1 171.87382614834894 177.91107410465435 336.05624062429285 293.4869631141181 -1 -1 -1 -1 -1 -1 -1 -1 1 
146 13 Car -1.000000 -1 -1 295.8116173607165 189.48118847062773 383.1437526493712 255.6446234191809 -1 -1 -1 -1 -1 -1 -1 -1 1 
146 14 Car -1.000000 -1 -1 518.3674498613822 166.94771495025307 552.1063028179365 203.3944621018599 -1 -1 -1 -1 -1 -1 -1 -1 1 
146 15 Car -1.000000 -1 -1 345.6017887964041 186.25229777387528 409.68157991651333 234.0832124067144 -1 -1 -1 -1 -1 -1 -1 -1 1 
147 6 Car -1.000000 -1 -1 840.9898137546401 185.90504178880667 1203.02640907272 377.2107900844909 -1 -1 -1 -1 -1 -1 -1 -1 1 
147 7 Car -1.000000 -1 -1 664.0584183955756 168.57999865373822 826.7707042105458 286.6947174405216 -1 -1 -1 -1 -1 -1 -1 -1 1 
147 9 Car -1.000000 -1 -1 -28.915569368816435 198.38220964514431 257.4066963752575 376.62448955721084 -1 -1 -1 -1 -1 -1 -1 -1 1 
147 10 Car -1.000000 -1 -1 617.4477798556737 173.995187502556 729.13057915215 249.17660215221397 -1 -1 -1 -1 -1 -1 -1 -1 1 
147 11 Car -1.000000 -1 -1 598.4213261138464 180.67361398549494 666.2898305949602 230.04343717295805 -1 -1 -1 -1 -1 -1 -1 -1 1 
147 12 Car -1.000000 -1 -1 161.98910559247696 175.74477219921442 337.12106327235267 297.2306440769632 -1 -1 -1 -1 -1 -1 -1 -1 1 
147 13 Car -1.000000 -1 -1 294.2451474913336 188.27407616687296 385.7715760621685 256.64200183680686 -1 -1 -1 -1 -1 -1 -1 -1 1 
147 14 Car -1.000000 -1 -1 526.8972809404585 166.05788134105813 560.4203730584293 202.3018953130566 -1 -1 -1 -1 -1 -1 -1 -1 1 
147 15 Car -1.000000 -1 -1 349.2265337860009 184.64939871152285 415.1532925519471 233.48148702004622 -1 -1 -1 -1 -1 -1 -1 -1 1 
148 6 Car -1.000000 -1 -1 858.8180117375384 187.22727743080816 1222.405055332825 377.02868479498886 -1 -1 -1 -1 -1 -1 -1 -1 1 
148 7 Car -1.000000 -1 -1 678.8943635224799 166.14712000654717 854.0276196856478 292.93458285966034 -1 -1 -1 -1 -1 -1 -1 -1 1 
148 9 Car -1.000000 -1 -1 -32.772163123001974 199.23943583119703 247.01840621964107 377.1385027249577 -1 -1 -1 -1 -1 -1 -1 -1 1 
148 10 Car -1.000000 -1 -1 629.184898819773 172.46755856071115 745.8931501973916 251.1103435108909 -1 -1 -1 -1 -1 -1 -1 -1 1 
148 11 Car -1.000000 -1 -1 608.2935026313145 176.7629716346738 678.2778836383126 227.69619658101885 -1 -1 -1 -1 -1 -1 -1 -1 1 
148 12 Car -1.000000 -1 -1 147.23656075299837 175.2227853675331 335.33117460097935 303.7408230432645 -1 -1 -1 -1 -1 -1 -1 -1 1 
148 13 Car -1.000000 -1 -1 291.62244855171474 187.00993063261336 387.8290948307886 257.8129636477413 -1 -1 -1 -1 -1 -1 -1 -1 1 
148 14 Car -1.000000 -1 -1 535.2884403248838 165.4085722770492 568.6008660414363 201.4558618271155 -1 -1 -1 -1 -1 -1 -1 -1 1 
148 15 Car -1.000000 -1 -1 352.881124398409 182.9143351990535 420.8379361119867 232.78221216457598 -1 -1 -1 -1 -1 -1 -1 -1 1 
149 6 Car -1.000000 -1 -1 880.5048825428676 188.84526777169066 1240.7943007619238 376.76859232576555 -1 -1 -1 -1 -1 -1 -1 -1 1 
149 7 Car -1.000000 -1 -1 693.1560847668671 165.80615434726644 883.1988831351359 302.9149251093054 -1 -1 -1 -1 -1 -1 -1 -1 1 
149 9 Car -1.000000 -1 -1 -36.94004325088105 200.33200110861907 234.01634593959483 377.1261080104424 -1 -1 -1 -1 -1 -1 -1 -1 1 
149 10 Car -1.000000 -1 -1 639.3010701068384 172.42080782876914 761.8970846844841 255.06877535358143 -1 -1 -1 -1 -1 -1 -1 -1 1 
149 11 Car -1.000000 -1 -1 616.5986629592186 176.30359898836582 688.98008984969 229.01761771996226 -1 -1 -1 -1 -1 -1 -1 -1 1 
149 12 Car -1.000000 -1 -1 129.13057617821084 175.4028473927578 332.1813494930576 312.0036062840884 -1 -1 -1 -1 -1 -1 -1 -1 1 
149 13 Car -1.000000 -1 -1 287.2490766061946 187.33974656673456 389.01983789594965 261.18056739172056 -1 -1 -1 -1 -1 -1 -1 -1 1 
149 14 Car -1.000000 -1 -1 543.5704925900458 164.85441257133095 576.6756894102617 200.70856550665192 -1 -1 -1 -1 -1 -1 -1 -1 1 
149 15 Car -1.000000 -1 -1 353.29353771649113 183.03856947399086 423.8275017562316 234.38002959372722 -1 -1 -1 -1 -1 -1 -1 -1 1 
150 6 Car -1.000000 -1 -1 910.1721942166337 190.94843243989345 1261.2602085442886 376.4886963028743 -1 -1 -1 -1 -1 -1 -1 -1 1 
150 7 Car -1.000000 -1 -1 708.428865074744 166.42804034696871 916.3675445656585 315.77903046014984 -1 -1 -1 -1 -1 -1 -1 -1 1 
150 9 Car -1.000000 -1 -1 -41.76144614054827 201.64076358478925 218.50295000934472 376.9212476105704 -1 -1 -1 -1 -1 -1 -1 -1 1 
150 10 Car -1.000000 -1 -1 649.282829080205 173.02400224047034 778.5999171658868 260.18490387500714 -1 -1 -1 -1 -1 -1 -1 -1 1 
150 11 Car -1.000000 -1 -1 624.6006173779599 177.28432869386376 699.6049710184764 231.95006824328198 -1 -1 -1 -1 -1 -1 -1 -1 1 
150 12 Car -1.000000 -1 -1 107.98441466113407 175.91583216101407 328.2270660084754 321.75177587272617 -1 -1 -1 -1 -1 -1 -1 -1 1 
150 13 Car -1.000000 -1 -1 281.9142250824795 188.35058499269527 389.91399799922664 265.6573674376426 -1 -1 -1 -1 -1 -1 -1 -1 1 
150 14 Car -1.000000 -1 -1 551.755547005243 164.34027010813816 584.6566369367314 200.00397343139915 -1 -1 -1 -1 -1 -1 -1 -1 1 
150 15 Car -1.000000 -1 -1 352.4515541637237 183.91595662234175 425.8363461598958 236.97016659877497 -1 -1 -1 -1 -1 -1 -1 -1 1 
151 6 Car -1.000000 -1 -1 953.4247114065179 194.46911261123518 1286.4142248670587 376.21254152799486 -1 -1 -1 -1 -1 -1 -1 -1 1 
151 7 Car -1.000000 -1 -1 724.0343415083792 166.76142288744984 953.4137725556957 330.5669227954801 -1 -1 -1 -1 -1 -1 -1 -1 1 
151 9 Car -1.000000 -1 -1 -47.52740044308919 203.18978056181822 200.17247287329369 376.65423404759713 -1 -1 -1 -1 -1 -1 -1 -1 1 
151 10 Car -1.000000 -1 -1 659.8058179537068 173.95614092111524 796.7680351487586 266.177019828234 -1 -1 -1 -1 -1 -1 -1 -1 1 
151 11 Car -1.000000 -1 -1 632.8309332070318 178.9194943435195 710.6829085270298 235.69971462548534 -1 -1 -1 -1 -1 -1 -1 -1 1 
151 12 Car -1.000000 -1 -1 80.59777232206864 176.72847097562877 320.9192513772678 333.1955266432735 -1 -1 -1 -1 -1 -1 -1 -1 1 
151 13 Car -1.000000 -1 -1 275.8834545026999 189.6884458189754 390.73553140757554 270.8510354774876 -1 -1 -1 -1 -1 -1 -1 -1 1 
151 14 Car -1.000000 -1 -1 557.9828299070791 165.09448204443788 590.7488431585051 200.64139731105527 -1 -1 -1 -1 -1 -1 -1 -1 1 
151 15 Car -1.000000 -1 -1 351.1093957882191 185.12150355664753 427.5191040155331 240.05981157948386 -1 -1 -1 -1 -1 -1 -1 -1 1 
152 6 Car -1.000000 -1 -1 969.9196757826326 195.29154543249604 1307.7883328162634 379.6976361042597 -1 -1 -1 -1 -1 -1 -1 -1 1 
152 7 Car -1.000000 -1 -1 741.4232161331076 166.99031658544342 997.1244661801735 348.2594512169313 -1 -1 -1 -1 -1 -1 -1 -1 1 
152 9 Car -1.000000 -1 -1 -56.07334716557493 206.3749543506543 174.4339886164418 376.3761750896216 -1 -1 -1 -1 -1 -1 -1 -1 1 
152 10 Car -1.000000 -1 -1 669.6198139550725 175.15819381954844 815.2674183704471 273.08266787505863 -1 -1 -1 -1 -1 -1 -1 -1 1 
152 11 Car -1.000000 -1 -1 641.4531066287647 180.7691081312928 722.5642698829457 239.97467484829838 -1 -1 -1 -1 -1 -1 -1 -1 1 
152 12 Car -1.000000 -1 -1 47.66643472747461 177.757848029819 311.5694960994475 346.53689913418805 -1 -1 -1 -1 -1 -1 -1 -1 1 
152 13 Car -1.000000 -1 -1 267.6527533471508 191.41034462606484 390.2150795633446 276.9477636398459 -1 -1 -1 -1 -1 -1 -1 -1 1 
152 14 Car -1.000000 -1 -1 563.4741354276899 166.31256445273638 596.1304460019875 201.76882331941084 -1 -1 -1 -1 -1 -1 -1 -1 1 
152 15 Car -1.000000 -1 -1 349.55367958681643 186.49432260130698 429.13073453801024 243.47034657892286 -1 -1 -1 -1 -1 -1 -1 -1 1 
153 7 Car -1.000000 -1 -1 763.9386794751124 167.19489538621053 1048.2050853046157 366.23841392104623 -1 -1 -1 -1 -1 -1 -1 -1 1 
153 9 Car -1.000000 -1 -1 -69.00095184004431 207.35983140070994 165.23787149286355 380.1135068681002 -1 -1 -1 -1 -1 -1 -1 -1 1 
153 10 Car -1.000000 -1 -1 679.7898005123011 176.57596849205726 835.3660559525156 280.95586919580967 -1 -1 -1 -1 -1 -1 -1 -1 1 
153 11 Car -1.000000 -1 -1 650.5833136759785 182.67820036502175 735.439543551283 244.6822874089707 -1 -1 -1 -1 -1 -1 -1 -1 1 
153 12 Car -1.000000 -1 -1 19.67116546978096 177.7516681787866 309.3386804116251 361.665245620128 -1 -1 -1 -1 -1 -1 -1 -1 1 
153 13 Car -1.000000 -1 -1 257.9670271518049 193.37172509500854 389.11637296728327 283.8037776068808 -1 -1 -1 -1 -1 -1 -1 -1 1 
153 14 Car -1.000000 -1 -1 568.6871917931472 167.6926417064235 601.2430149394395 203.06662378057052 -1 -1 -1 -1 -1 -1 -1 -1 1 
153 15 Car -1.000000 -1 -1 347.8899037165218 187.97559900122008 430.7733753738199 247.14567776095015 -1 -1 -1 -1 -1 -1 -1 -1 1 
