2 1 Car -1.000000 -1 -1 880.7580095788522 189.82356180903002 1229.5738760198558 374.0 -1 -1 -1 -1 -1 -1 -1 -1 1 
2 2 Car -1.000000 -1 -1 280.8003985776745 176.27627705019552 321.9196955082395 197.74018610068725 -1 -1 -1 -1 -1 -1 -1 -1 1 
3 1 Car -1.000000 -1 -1 873.0033644786749 189.3922784301102 1224.022825028157 374.0 -1 -1 -1 -1 -1 -1 -1 -1 1 
3 2 Car -1.000000 -1 -1 273.64843005988394 176.9936196431803 315.89860035989665 199.01952028463472 -1 -1 -1 -1 -1 -1 -1 -1 1 
4 1 Car -1.000000 -1 -1 865.355497391115 188.99035934312724 1219.2481232330333 374.0 -1 -1 -1 -1 -1 -1 -1 -1 1 
4 2 Car -1.000000 -1 -1 266.10312275159663 177.81308677821863 309.5796090278358 200.4315178406022 -1 -1 -1 -1 -1 -1 -1 -1 1 
5 1 Car -1.000000 -1 -1 857.8578287655331 188.62127748810562 1215.3177307206772 374.0 -1 -1 -1 -1 -1 -1 -1 -1 1 
5 2 Car -1.000000 -1 -1 258.2351812410397 178.67932162021464 303.0305958942241 201.91493591934756 -1 -1 -1 -1 -1 -1 -1 -1 1 
6 1 Car -1.000000 -1 -1 849.7923417126775 187.62298348178922 1212.6743492444807 374.0 -1 -1 -1 -1 -1 -1 -1 -1 1 
6 2 Car -1.000000 -1 -1 249.24181576912085 179.53854987648663 295.4532812164799 203.4129548668966 -1 -1 -1 -1 -1 -1 -1 -1 1 
7 1 Car -1.000000 -1 -1 838.786129050975 186.87978338561788 1206.5990455461856 374.0 -1 -1 -1 -1 -1 -1 -1 -1 1 
7 2 Car -1.000000 -1 -1 239.51781504614118 180.42150146295845 287.26547646831574 204.96424691458907 -1 -1 -1 -1 -1 -1 -1 -1 1 
8 1 Car -1.000000 -1 -1 820.1119426056302 188.76128252761418 1185.990844855728 374.0 -1 -1 -1 -1 -1 -1 -1 -1 1 
8 2 Car -1.000000 -1 -1 229.4735582644832 179.8568354422792 278.88584193939545 205.09915230361162 -1 -1 -1 -1 -1 -1 -1 -1 1 
8 3 Car -1.000000 -1 -1 261.8141529166876 179.94636793773532 307.4484131920895 201.2517532805433 -1 -1 -1 -1 -1 -1 -1 -1 1 
9 1 Car -1.000000 -1 -1 796.3304389309612 186.46683728828927 1165.8231594207748 374.0 -1 -1 -1 -1 -1 -1 -1 -1 1 
9 2 Car -1.000000 -1 -1 218.93923563271386 178.6986836799129 270.16360356541736 204.6782957260651 -1 -1 -1 -1 -1 -1 -1 -1 1 
9 3 Car -1.000000 -1 -1 252.87770053681862 178.78962874979726 299.8334696487738 200.6816169608549 -1 -1 -1 -1 -1 -1 -1 -1 1 
10 1 Car -1.000000 -1 -1 781.6550353752141 185.78228661539865 1145.3253849467012 371.13124118799783 -1 -1 -1 -1 -1 -1 -1 -1 1 
10 2 Car -1.000000 -1 -1 207.81299696380654 177.26778336332845 261.0132746058172 204.0274548964007 -1 -1 -1 -1 -1 -1 -1 -1 1 
10 3 Car -1.000000 -1 -1 243.42580901135923 177.46597733728063 291.8244211907063 199.98016964701594 -1 -1 -1 -1 -1 -1 -1 -1 1 
11 1 Car -1.000000 -1 -1 773.2320495003056 184.05167798965863 1115.341290017157 359.1504800979859 -1 -1 -1 -1 -1 -1 -1 -1 1 
11 2 Car -1.000000 -1 -1 197.10663867384358 177.5204643898774 252.44833840020965 205.10210970088232 -1 -1 -1 -1 -1 -1 -1 -1 1 
11 3 Car -1.000000 -1 -1 233.53994406354752 176.06226893171848 283.4986866140488 199.22730439276756 -1 -1 -1 -1 -1 -1 -1 -1 1 
12 1 Car -1.000000 -1 -1 767.8277589464919 183.31966471938722 1089.9709240366562 348.96573044799516 -1 -1 -1 -1 -1 -1 -1 -1 1 
12 2 Car -1.000000 -1 -1 186.1507129711267 178.48124889570536 243.8202014941039 206.93419735668238 -1 -1 -1 -1 -1 -1 -1 -1 1 
12 3 Car -1.000000 -1 -1 224.60333461072642 176.59727407257725 276.2031036631556 200.42214081877893 -1 -1 -1 -1 -1 -1 -1 -1 1 
13 1 Car -1.000000 -1 -1 763.986408081905 182.47334473581628 1067.6119913759287 339.33883488026976 -1 -1 -1 -1 -1 -1 -1 -1 1 
13 2 Car -1.000000 -1 -1 174.64320831097916 179.77201786391257 234.84635667576617 209.15180234541575 -1 -1 -1 -1 -1 -1 -1 -1 1 
13 3 Car -1.000000 -1 -1 215.7079074009463 177.8854001147047 269.0732821550655 202.39599232696048 -1 -1 -1 -1 -1 -1 -1 -1 1 
14 1 Car -1.000000 -1 -1 761.0787910187656 181.084273161746 1047.3172970689554 329.63847255005385 -1 -1 -1 -1 -1 -1 -1 -1 1 
14 2 Car -1.000000 -1 -1 162.34920607149368 181.1684549969956 225.45615433734187 211.6182146086336 -1 -1 -1 -1 -1 -1 -1 -1 1 
14 3 Car -1.000000 -1 -1 206.48936172583845 179.49938278800522 261.77054599713443 204.73035098671957 -1 -1 -1 -1 -1 -1 -1 -1 1 
15 1 Car -1.000000 -1 -1 756.7218461235312 183.39810878740437 1030.8737896445496 326.56275833178756 -1 -1 -1 -1 -1 -1 -1 -1 1 
15 2 Car -1.000000 -1 -1 149.18259338985246 182.6423148302244 215.53618368746348 214.28902465038715 -1 -1 -1 -1 -1 -1 -1 -1 1 
15 3 Car -1.000000 -1 -1 196.68418986133915 181.18941854893788 254.2426515420987 207.28035560262674 -1 -1 -1 -1 -1 -1 -1 -1 1 
16 1 Car -1.000000 -1 -1 752.4070564411459 183.72697581981492 1012.9206292837625 320.63862189382587 -1 -1 -1 -1 -1 -1 -1 -1 1 
16 2 Car -1.000000 -1 -1 134.87365319056025 183.26563383212684 204.58374509477792 216.09520235706674 -1 -1 -1 -1 -1 -1 -1 -1 1 
16 3 Car -1.000000 -1 -1 186.24969112854455 182.95018877896763 246.36116023130305 210.00001954829463 -1 -1 -1 -1 -1 -1 -1 -1 1 
17 1 Car -1.000000 -1 -1 748.2995682439856 183.37461160258883 995.4629377410863 314.11653031683466 -1 -1 -1 -1 -1 -1 -1 -1 1 
17 2 Car -1.000000 -1 -1 119.42759643072898 183.55568037025446 192.74437951908186 217.61616087199215 -1 -1 -1 -1 -1 -1 -1 -1 1 
17 3 Car -1.000000 -1 -1 177.1852768009387 183.59392292508642 239.79746191587378 211.54913983647992 -1 -1 -1 -1 -1 -1 -1 -1 1 
18 1 Car -1.000000 -1 -1 744.415308966306 182.8020249868703 979.105413653413 307.76502520248295 -1 -1 -1 -1 -1 -1 -1 -1 1 
18 2 Car -1.000000 -1 -1 102.77813775875894 183.71816956419644 180.03047819313264 219.08778248512613 -1 -1 -1 -1 -1 -1 -1 -1 1 
18 3 Car -1.000000 -1 -1 165.16420927867028 183.91963497440472 230.47402124633018 212.82259780577246 -1 -1 -1 -1 -1 -1 -1 -1 1 
19 1 Car -1.000000 -1 -1 740.7447607964077 182.1769747839896 963.9529927252747 301.81543595864133 -1 -1 -1 -1 -1 -1 -1 -1 1 
19 2 Car -1.000000 -1 -1 84.81172751925963 183.83566722019063 166.38844487917652 220.61183090758604 -1 -1 -1 -1 -1 -1 -1 -1 1 
19 3 Car -1.000000 -1 -1 151.38906742049411 184.12571911316212 219.63894001168256 214.03474808120984 -1 -1 -1 -1 -1 -1 -1 -1 1 
20 1 Car -1.000000 -1 -1 737.2717641707111 181.55790569956736 949.945643957468 296.3077454352692 -1 -1 -1 -1 -1 -1 -1 -1 1 
20 2 Car -1.000000 -1 -1 65.3814104125981 183.94145138512096 151.72910456013045 222.23758826767494 -1 -1 -1 -1 -1 -1 -1 -1 1 
20 3 Car -1.000000 -1 -1 136.27519621427047 184.29137416305736 207.74413006845162 215.2758400919899 -1 -1 -1 -1 -1 -1 -1 -1 1 
21 1 Car -1.000000 -1 -1 732.9434778921972 181.70506558831772 936.0195318931034 292.0416187267284 -1 -1 -1 -1 -1 -1 -1 -1 1 
21 2 Car -1.000000 -1 -1 44.07237850891824 184.04451823771768 135.60227994187645 223.95503027340123 -1 -1 -1 -1 -1 -1 -1 -1 1 
21 3 Car -1.000000 -1 -1 119.91608927223089 184.44840504325413 194.91891812757777 216.58735326924304 -1 -1 -1 -1 -1 -1 -1 -1 1 
22 1 Car -1.000000 -1 -1 728.5359873884266 182.10130091596963 922.7744890684313 288.3993166863999 -1 -1 -1 -1 -1 -1 -1 -1 1 
22 2 Car -1.000000 -1 -1 18.87794836366607 184.16543967293168 116.4193727481182 225.93897826345733 -1 -1 -1 -1 -1 -1 -1 -1 1 
22 3 Car -1.000000 -1 -1 101.44795544633713 186.01788543768083 180.7176950160581 219.5854603708819 -1 -1 -1 -1 -1 -1 -1 -1 1 
23 1 Car -1.000000 -1 -1 724.2994125800075 182.56341558476555 910.3564101589756 285.13742640237695 -1 -1 -1 -1 -1 -1 -1 -1 1 
23 2 Car -1.000000 -1 -1 1.1422300366559952 184.29320214379007 102.6234046141706 227.85886930695133 -1 -1 -1 -1 -1 -1 -1 -1 1 
23 3 Car -1.000000 -1 -1 81.94322773202579 186.05689200734417 165.4862306961901 220.97098247844596 -1 -1 -1 -1 -1 -1 -1 -1 1 
24 1 Car -1.000000 -1 -1 720.2986325036607 183.02816644692155 898.7569583271412 282.1507211206324 -1 -1 -1 -1 -1 -1 -1 -1 1 
24 2 Car -1.000000 -1 -1 -12.745338165040174 184.44779714763064 89.39843665092565 229.48386130610433 -1 -1 -1 -1 -1 -1 -1 -1 1 
24 3 Car -1.000000 -1 -1 60.97721413805707 185.445998381592 149.08479566089602 221.73695858690309 -1 -1 -1 -1 -1 -1 -1 -1 1 
24 4 Car -1.000000 -1 -1 1152.2088670993282 164.30657712128766 1205.0372883894788 374.0 -1 -1 -1 -1 -1 -1 -1 -1 1 
25 1 Car -1.000000 -1 -1 716.5360046592494 183.47510893254832 887.9207835211141 279.386386092631 -1 -1 -1 -1 -1 -1 -1 -1 1 
25 2 Car -1.000000 -1 -1 -23.533044554262485 184.6150537339674 74.68982951139182 230.04818427861045 -1 -1 -1 -1 -1 -1 -1 -1 1 
25 3 Car -1.000000 -1 -1 38.27413986471558 184.53150313499475 131.38802493965508 222.28027631541198 -1 -1 -1 -1 -1 -1 -1 -1 1 
25 4 Car -1.000000 -1 -1 1131.57294339029 162.41784619351904 1189.0877990338465 374.0 -1 -1 -1 -1 -1 -1 -1 -1 1 
26 1 Car -1.000000 -1 -1 712.8080935897274 184.01001522046045 877.3690318683743 276.8197424795542 -1 -1 -1 -1 -1 -1 -1 -1 1 
26 2 Car -1.000000 -1 -1 -37.61179425325807 184.92209276503755 63.02659747391091 231.47249960488975 -1 -1 -1 -1 -1 -1 -1 -1 1 
26 3 Car -1.000000 -1 -1 13.883648947181214 183.4467484802231 112.46465091401414 222.75799997385536 -1 -1 -1 -1 -1 -1 -1 -1 1 
26 4 Car -1.000000 -1 -1 1118.3363780987668 161.16834227112827 1176.1908985175066 374.0 -1 -1 -1 -1 -1 -1 -1 -1 1 
27 1 Car -1.000000 -1 -1 707.7646895334664 184.54854762926894 865.8206534052993 274.4348276549074 -1 -1 -1 -1 -1 -1 -1 -1 1 
27 3 Car -1.000000 -1 -1 -3.1585529035219224 184.03934549609033 98.88275244061718 225.13969117208342 -1 -1 -1 -1 -1 -1 -1 -1 1 
28 1 Car -1.000000 -1 -1 703.2216991448647 185.07107251940238 855.1322822465968 272.2085050421732 -1 -1 -1 -1 -1 -1 -1 -1 1 
28 3 Car -1.000000 -1 -1 -16.418096483581394 185.3916041174067 85.31005381432368 227.74578720237693 -1 -1 -1 -1 -1 -1 -1 -1 1 
28 5 Car -1.000000 -1 -1 1020.2092936851745 156.67814844132025 1221.315752858297 374.0 -1 -1 -1 -1 -1 -1 -1 -1 1 
29 1 Car -1.000000 -1 -1 699.0292044055764 185.56955766501656 845.1468929980703 270.12511361370787 -1 -1 -1 -1 -1 -1 -1 -1 1 
29 3 Car -1.000000 -1 -1 -27.365170177770242 187.15912186313554 69.47090816381895 229.8220406205548 -1 -1 -1 -1 -1 -1 -1 -1 1 
29 5 Car -1.000000 -1 -1 1009.393005589971 159.79397207169984 1210.189628886397 374.0 -1 -1 -1 -1 -1 -1 -1 -1 1 
30 1 Car -1.000000 -1 -1 695.1141652396625 186.04280459804426 835.7731246086594 268.17088185231535 -1 -1 -1 -1 -1 -1 -1 -1 1 
30 3 Car -1.000000 -1 -1 -41.746029777627996 187.53199327491484 57.45901757841854 231.23861194562554 -1 -1 -1 -1 -1 -1 -1 -1 1 
30 5 Car -1.000000 -1 -1 997.9887883008932 160.82562177332727 1201.631467580556 374.0 -1 -1 -1 -1 -1 -1 -1 -1 1 
31 1 Car -1.000000 -1 -1 689.360976023298 185.68009814510327 824.4848117484482 265.2525973427728 -1 -1 -1 -1 -1 -1 -1 -1 1 
31 5 Car -1.000000 -1 -1 983.8202863690426 160.87464593368168 1192.8478517050448 374.0 -1 -1 -1 -1 -1 -1 -1 -1 1 
32 1 Car -1.000000 -1 -1 683.1588084341524 185.04458974496043 812.9914778047828 262.12266023850566 -1 -1 -1 -1 -1 -1 -1 -1 1 
32 5 Car -1.000000 -1 -1 967.93876612402 158.33132089453807 1186.2719262357593 374.0 -1 -1 -1 -1 -1 -1 -1 -1 1 
33 1 Car -1.000000 -1 -1 676.9943930944817 184.33887037972318 801.8678907727881 259.0407642403301 -1 -1 -1 -1 -1 -1 -1 -1 1 
33 5 Car -1.000000 -1 -1 953.2103161359428 158.28582925993987 1180.0260349581717 374.0 -1 -1 -1 -1 -1 -1 -1 -1 1 
34 1 Car -1.000000 -1 -1 671.0269066567968 183.63380007377134 791.2831737201332 256.08975292011166 -1 -1 -1 -1 -1 -1 -1 -1 1 
34 5 Car -1.000000 -1 -1 936.9637820135869 154.70945963679912 1176.8635978267216 374.0 -1 -1 -1 -1 -1 -1 -1 -1 1 
35 1 Car -1.000000 -1 -1 665.2983760101112 182.95257421941915 781.2634040677299 253.28940308872114 -1 -1 -1 -1 -1 -1 -1 -1 1 
35 5 Car -1.000000 -1 -1 922.8468509052807 155.05360105557747 1173.1196837079885 374.0 -1 -1 -1 -1 -1 -1 -1 -1 1 
36 1 Car -1.000000 -1 -1 658.2387050394453 182.63152307144952 769.9196438842572 250.88866891778977 -1 -1 -1 -1 -1 -1 -1 -1 1 
36 5 Car -1.000000 -1 -1 907.2758616198757 155.79061459357206 1168.8511235261835 374.0 -1 -1 -1 -1 -1 -1 -1 -1 1 
37 1 Car -1.000000 -1 -1 651.0032838127108 182.44437800816885 758.5200403232188 248.71538135575193 -1 -1 -1 -1 -1 -1 -1 -1 1 
37 5 Car -1.000000 -1 -1 891.3133943662926 156.58925085856697 1165.2151831131675 374.0 -1 -1 -1 -1 -1 -1 -1 -1 1 
38 1 Car -1.000000 -1 -1 643.9811281793247 182.30875021169766 747.4909823960916 246.69909952971182 -1 -1 -1 -1 -1 -1 -1 -1 1 
38 5 Car -1.000000 -1 -1 869.2337468895561 157.48301397980717 1154.4505262543894 374.0 -1 -1 -1 -1 -1 -1 -1 -1 1 
39 1 Car -1.000000 -1 -1 637.2856778556486 182.1944709697785 736.9562920786522 244.80767205604081 -1 -1 -1 -1 -1 -1 -1 -1 1 
39 5 Car -1.000000 -1 -1 837.3522917232074 158.4907093319091 1130.2615602080077 374.0 -1 -1 -1 -1 -1 -1 -1 -1 1 
40 1 Car -1.000000 -1 -1 630.933792845467 182.09042519331314 726.9330474198408 243.02367515791286 -1 -1 -1 -1 -1 -1 -1 -1 1 
40 5 Car -1.000000 -1 -1 804.748829829342 159.4654704883692 1102.3566397850889 374.0 -1 -1 -1 -1 -1 -1 -1 -1 1 
41 1 Car -1.000000 -1 -1 624.107884265067 182.34756207160552 716.8187710181661 241.81176486527528 -1 -1 -1 -1 -1 -1 -1 -1 1 
41 5 Car -1.000000 -1 -1 775.718013231523 160.8203712616409 1067.9301000463224 368.46521906640925 -1 -1 -1 -1 -1 -1 -1 -1 1 
42 1 Car -1.000000 -1 -1 617.3288696244765 182.72013275270544 706.9817001088682 240.8290701939034 -1 -1 -1 -1 -1 -1 -1 -1 1 
42 5 Car -1.000000 -1 -1 751.3412487697985 162.21511665751999 1031.838940514574 359.4396385595945 -1 -1 -1 -1 -1 -1 -1 -1 1 
43 1 Car -1.000000 -1 -1 610.7661051491696 183.12059006581939 697.5349229410172 239.95110523087737 -1 -1 -1 -1 -1 -1 -1 -1 1 
43 5 Car -1.000000 -1 -1 730.3853780530173 163.52325185525092 997.3536578571063 349.8735034867848 -1 -1 -1 -1 -1 -1 -1 -1 1 
44 1 Car -1.000000 -1 -1 604.4644459372612 183.51828799711362 688.4999161481484 239.13143297291927 -1 -1 -1 -1 -1 -1 -1 -1 1 
44 5 Car -1.000000 -1 -1 712.0808328299008 164.70847235851284 965.509277497133 340.828694307932 -1 -1 -1 -1 -1 -1 -1 -1 1 
45 1 Car -1.000000 -1 -1 598.4254628280319 183.90312567675429 679.8665463263944 238.3520821085467 -1 -1 -1 -1 -1 -1 -1 -1 1 
45 5 Car -1.000000 -1 -1 695.8905649415583 165.7726043372861 936.3907430923321 332.58720000793255 -1 -1 -1 -1 -1 -1 -1 -1 1 
46 1 Car -1.000000 -1 -1 592.7284173392517 184.29790674307725 671.838280395683 237.71990455450393 -1 -1 -1 -1 -1 -1 -1 -1 1 
46 5 Car -1.000000 -1 -1 681.043826774232 166.71723846038094 909.690204838722 325.33202689824486 -1 -1 -1 -1 -1 -1 -1 -1 1 
47 1 Car -1.000000 -1 -1 587.2796502034271 184.68593235360365 664.2165766113214 237.15036460810504 -1 -1 -1 -1 -1 -1 -1 -1 1 
47 5 Car -1.000000 -1 -1 667.5027190013276 167.5657609227535 885.1631409333004 318.8475756703199 -1 -1 -1 -1 -1 -1 -1 -1 1 
48 1 Car -1.000000 -1 -1 582.0371752049326 185.06209851604402 656.9203049662452 236.6133075807143 -1 -1 -1 -1 -1 -1 -1 -1 1 
48 5 Car -1.000000 -1 -1 655.136570991187 168.3341544903739 862.5625621856123 312.995570966478 -1 -1 -1 -1 -1 -1 -1 -1 1 
49 1 Car -1.000000 -1 -1 577.8903928787499 183.9493302752069 650.4341738493739 234.29980834741386 -1 -1 -1 -1 -1 -1 -1 -1 1 
49 5 Car -1.000000 -1 -1 643.8001120635492 169.034247097484 841.6673231590188 307.6782725418102 -1 -1 -1 -1 -1 -1 -1 -1 1 
50 1 Car -1.000000 -1 -1 574.1865496048439 182.3348155950357 644.4201531690692 231.42040789461012 -1 -1 -1 -1 -1 -1 -1 -1 1 
50 5 Car -1.000000 -1 -1 633.3596833767382 169.67538008867348 822.2852351565858 302.82032708743577 -1 -1 -1 -1 -1 -1 -1 -1 1 
51 1 Car -1.000000 -1 -1 570.5198969063301 180.94293535065083 638.7907819775364 229.00035439281632 -1 -1 -1 -1 -1 -1 -1 -1 1 
51 5 Car -1.000000 -1 -1 624.6653110264589 170.08844133448235 804.8117581973827 297.89461841993267 -1 -1 -1 -1 -1 -1 -1 -1 1 
52 1 Car -1.000000 -1 -1 566.9254471425605 179.6524279608857 633.4159760494036 226.80606041909226 -1 -1 -1 -1 -1 -1 -1 -1 1 
52 5 Car -1.000000 -1 -1 616.9592645969859 170.4061403044025 788.7759955921453 293.20931471435506 -1 -1 -1 -1 -1 -1 -1 -1 1 
53 1 Car -1.000000 -1 -1 563.4298702644141 178.4318547559458 628.2370174219254 224.74515564656912 -1 -1 -1 -1 -1 -1 -1 -1 1 
53 5 Car -1.000000 -1 -1 609.9191370386071 170.67816306967467 773.9215850427902 288.8423897104175 -1 -1 -1 -1 -1 -1 -1 -1 1 
54 1 Car -1.000000 -1 -1 560.1811470322916 179.62338523802447 623.4027470568776 225.160052397816 -1 -1 -1 -1 -1 -1 -1 -1 1 
54 5 Car -1.000000 -1 -1 603.3935554135824 170.92357220482265 760.0887270869763 284.7938876582086 -1 -1 -1 -1 -1 -1 -1 -1 1 
55 1 Car -1.000000 -1 -1 557.000805352105 181.49663519896274 618.8628640880627 226.43036872115036 -1 -1 -1 -1 -1 -1 -1 -1 1 
55 5 Car -1.000000 -1 -1 597.298323244672 171.15018847535566 747.1620915082693 281.0402021297821 -1 -1 -1 -1 -1 -1 -1 -1 1 
56 1 Car -1.000000 -1 -1 554.317431638954 182.36797124805236 614.7591369651476 226.67563496879825 -1 -1 -1 -1 -1 -1 -1 -1 1 
56 5 Car -1.000000 -1 -1 592.9457101210108 171.53979193273022 736.2226928782346 277.5500302673822 -1 -1 -1 -1 -1 -1 -1 -1 1 
57 1 Car -1.000000 -1 -1 551.8695176514685 182.86297169848024 610.8726184292291 226.54717604715745 -1 -1 -1 -1 -1 -1 -1 -1 1 
57 5 Car -1.000000 -1 -1 589.3243380118925 171.96533989620787 726.4107507513693 274.30964380538927 -1 -1 -1 -1 -1 -1 -1 -1 1 
57 6 Car -1.000000 -1 -1 236.0343947353628 182.4892776499774 278.83096535008013 202.59128100956832 -1 -1 -1 -1 -1 -1 -1 -1 1 
58 1 Car -1.000000 -1 -1 550.1881640232162 182.6913296688874 607.6460740031613 225.66287202341212 -1 -1 -1 -1 -1 -1 -1 -1 1 
58 5 Car -1.000000 -1 -1 586.0575738584861 172.38369736721057 717.3709306426194 271.29622752512677 -1 -1 -1 -1 -1 -1 -1 -1 1 
58 6 Car -1.000000 -1 -1 230.99168096531204 182.34593912413044 274.6755972991632 202.8424367233404 -1 -1 -1 -1 -1 -1 -1 -1 1 
59 1 Car -1.000000 -1 -1 548.8043028458526 182.28414490016593 604.7109679249754 224.52676434783075 -1 -1 -1 -1 -1 -1 -1 -1 1 
59 5 Car -1.000000 -1 -1 583.0039171033683 172.78148224983445 708.942209064635 268.4871741402121 -1 -1 -1 -1 -1 -1 -1 -1 1 
59 6 Car -1.000000 -1 -1 225.71757208123807 182.01160194349052 270.3259887193732 202.90320994718894 -1 -1 -1 -1 -1 -1 -1 -1 1 
60 1 Car -1.000000 -1 -1 547.5413098233191 181.80160803137022 601.9257710798458 223.32506120399412 -1 -1 -1 -1 -1 -1 -1 -1 1 
60 5 Car -1.000000 -1 -1 580.1070264341389 173.1557430273069 701.0375922825889 265.8619709619037 -1 -1 -1 -1 -1 -1 -1 -1 1 
60 6 Car -1.000000 -1 -1 220.27584376014795 181.61596914034308 265.8649967012046 202.9086418797487 -1 -1 -1 -1 -1 -1 -1 -1 1 
61 1 Car -1.000000 -1 -1 547.7069110739909 180.50763944043672 603.0077854101485 223.14380668105795 -1 -1 -1 -1 -1 -1 -1 -1 1 
61 5 Car -1.000000 -1 -1 576.7177391110824 173.67189382550652 693.2334643951637 263.78191526329834 -1 -1 -1 -1 -1 -1 -1 -1 1 
61 6 Car -1.000000 -1 -1 214.70505695723227 180.9626480349383 261.375854555153 202.6815825804617 -1 -1 -1 -1 -1 -1 -1 -1 1 
62 1 Car -1.000000 -1 -1 546.6842924217209 180.73941476546196 601.3196531071611 223.28118367639343 -1 -1 -1 -1 -1 -1 -1 -1 1 
62 5 Car -1.000000 -1 -1 573.24948444841 174.2170095159191 685.6991567460138 261.9518391289688 -1 -1 -1 -1 -1 -1 -1 -1 1 
62 6 Car -1.000000 -1 -1 208.90983305427648 180.17928671355986 256.79996064017774 202.36670221371503 -1 -1 -1 -1 -1 -1 -1 -1 1 
63 1 Car -1.000000 -1 -1 545.2551185045912 181.43671614111096 598.7821727032275 223.54511804904303 -1 -1 -1 -1 -1 -1 -1 -1 1 
63 5 Car -1.000000 -1 -1 569.847721934107 174.75254649759876 678.4866147941151 260.2636390270896 -1 -1 -1 -1 -1 -1 -1 -1 1 
63 6 Car -1.000000 -1 -1 201.69526588142622 179.74491357950336 250.93778192250568 202.43449764555697 -1 -1 -1 -1 -1 -1 -1 -1 1 
64 1 Car -1.000000 -1 -1 543.687820796881 182.26156073777688 595.9841243473479 223.84241208621148 -1 -1 -1 -1 -1 -1 -1 -1 1 
64 5 Car -1.000000 -1 -1 566.5576317355485 175.2663727884733 671.5991327930681 258.6746703988334 -1 -1 -1 -1 -1 -1 -1 -1 1 
64 6 Car -1.000000 -1 -1 193.79775227404792 179.76852843084484 244.5175941571252 202.98869343344705 -1 -1 -1 -1 -1 -1 -1 -1 1 
65 1 Car -1.000000 -1 -1 542.1041548487223 183.11218246028827 593.1400876148857 224.14001757582696 -1 -1 -1 -1 -1 -1 -1 -1 1 
65 5 Car -1.000000 -1 -1 563.3893467420908 175.7556542183866 665.0240491584524 257.16622500095303 -1 -1 -1 -1 -1 -1 -1 -1 1 
65 6 Car -1.000000 -1 -1 185.1380065487538 181.4782380252171 237.65543310261515 205.35632838128083 -1 -1 -1 -1 -1 -1 -1 -1 1 
66 1 Car -1.000000 -1 -1 541.7077122461396 183.75620993644264 591.1636238961785 223.98901995164758 -1 -1 -1 -1 -1 -1 -1 -1 1 
66 5 Car -1.000000 -1 -1 560.9005874824759 178.1574425535854 659.450909669369 257.7743567932214 -1 -1 -1 -1 -1 -1 -1 -1 1 
66 6 Car -1.000000 -1 -1 176.11760175770516 184.11696515175305 230.83099992898704 208.82818220598548 -1 -1 -1 -1 -1 -1 -1 -1 1 
66 7 Car -1.000000 -1 -1 351.3518792530572 173.12077164419776 379.95819365541337 199.04254318924225 -1 -1 -1 -1 -1 -1 -1 -1 1 
67 1 Car -1.000000 -1 -1 541.6476522459711 184.30771784261088 589.4647665041476 223.68231293063053 -1 -1 -1 -1 -1 -1 -1 -1 1 
67 5 Car -1.000000 -1 -1 558.6299644741927 181.01853317942783 654.4284225887902 259.0761693967187 -1 -1 -1 -1 -1 -1 -1 -1 1 
67 6 Car -1.000000 -1 -1 166.46486102487862 186.67268272656747 223.5197885002305 212.26861624126568 -1 -1 -1 -1 -1 -1 -1 -1 1 
67 7 Car -1.000000 -1 -1 345.8937918174994 175.65222434300077 375.60784775858065 202.53920731788656 -1 -1 -1 -1 -1 -1 -1 -1 1 
68 1 Car -1.000000 -1 -1 541.4917960637788 184.8096335782319 587.7475747314315 223.32911503483248 -1 -1 -1 -1 -1 -1 -1 -1 1 
68 5 Car -1.000000 -1 -1 556.4036125630738 179.45484726967152 649.3125193575676 255.7742990257462 -1 -1 -1 -1 -1 -1 -1 -1 1 
68 6 Car -1.000000 -1 -1 157.00917616895828 185.59092020051747 215.79658726870338 211.733827255389 -1 -1 -1 -1 -1 -1 -1 -1 1 
68 7 Car -1.000000 -1 -1 339.57723531026284 173.58143834805722 370.4978075851777 201.49298353258533 -1 -1 -1 -1 -1 -1 -1 -1 1 
69 1 Car -1.000000 -1 -1 541.4944932852429 182.3050215408851 585.8084060490662 219.53504235389465 -1 -1 -1 -1 -1 -1 -1 -1 1 
69 5 Car -1.000000 -1 -1 554.1679663752232 176.29465415305302 644.3679081420122 250.9757601903965 -1 -1 -1 -1 -1 -1 -1 -1 1 
69 6 Car -1.000000 -1 -1 147.29969001840547 182.97299928198356 207.66911271216605 209.53080413576777 -1 -1 -1 -1 -1 -1 -1 -1 1 
69 7 Car -1.000000 -1 -1 332.6950705494045 169.7972994072812 364.9330964345752 198.79509029016748 -1 -1 -1 -1 -1 -1 -1 -1 1 
70 1 Car -1.000000 -1 -1 541.4951404129669 181.62170952799923 584.5361178476858 218.0796981608894 -1 -1 -1 -1 -1 -1 -1 -1 1 
70 5 Car -1.000000 -1 -1 551.9664517551228 172.6859967873647 639.6047267811634 245.80547975392545 -1 -1 -1 -1 -1 -1 -1 -1 1 
70 6 Car -1.000000 -1 -1 136.79473318183514 180.5683550294804 199.22039792728117 207.71398429499806 -1 -1 -1 -1 -1 -1 -1 -1 1 
70 7 Car -1.000000 -1 -1 325.5818940940652 165.4114820361148 359.23669518125104 195.53795431963397 -1 -1 -1 -1 -1 -1 -1 -1 1 
71 1 Car -1.000000 -1 -1 541.4701681447866 181.61725080228206 583.5167565526644 217.5044788368638 -1 -1 -1 -1 -1 -1 -1 -1 1 
71 5 Car -1.000000 -1 -1 550.5948099515907 172.23710305069488 635.967640977452 243.98833335474265 -1 -1 -1 -1 -1 -1 -1 -1 1 
71 6 Car -1.000000 -1 -1 125.87189066459376 179.75877525253847 190.7221392370277 207.61754487102235 -1 -1 -1 -1 -1 -1 -1 -1 1 
71 7 Car -1.000000 -1 -1 317.9637154748682 164.12059057421476 353.1903914440865 195.46064846579782 -1 -1 -1 -1 -1 -1 -1 -1 1 
72 1 Car -1.000000 -1 -1 541.426324282657 181.8538074683636 582.6076467437351 217.25111135720786 -1 -1 -1 -1 -1 -1 -1 -1 1 
72 5 Car -1.000000 -1 -1 549.5228871095667 172.90636991670888 632.801249940752 243.3851324280426 -1 -1 -1 -1 -1 -1 -1 -1 1 
72 6 Car -1.000000 -1 -1 114.38359822564396 179.58086163165387 181.92749665979093 208.23039499228017 -1 -1 -1 -1 -1 -1 -1 -1 1 
72 7 Car -1.000000 -1 -1 309.74381313179396 164.0411600819252 346.7210684865073 196.69219133200497 -1 -1 -1 -1 -1 -1 -1 -1 1 
73 1 Car -1.000000 -1 -1 541.5639212506161 182.03538031526674 582.0329826875411 217.04628402282924 -1 -1 -1 -1 -1 -1 -1 -1 1 
73 5 Car -1.000000 -1 -1 548.5603729119686 173.94760544706116 629.8663631272988 243.21373224692715 -1 -1 -1 -1 -1 -1 -1 -1 1 
73 6 Car -1.000000 -1 -1 102.23529000604208 179.65779644062025 172.7140834632375 209.159746525973 -1 -1 -1 -1 -1 -1 -1 -1 1 
73 7 Car -1.000000 -1 -1 300.82733307501843 164.4560789591866 339.7601505801306 198.52957651527126 -1 -1 -1 -1 -1 -1 -1 -1 1 
74 1 Car -1.000000 -1 -1 541.7525198732886 182.1934193743672 581.5848294995259 216.85884678944737 -1 -1 -1 -1 -1 -1 -1 -1 1 
74 5 Car -1.000000 -1 -1 547.6390089573099 175.089989713509 627.07279030035 243.1890126658841 -1 -1 -1 -1 -1 -1 -1 -1 1 
74 6 Car -1.000000 -1 -1 89.10418564070933 180.63329151564318 162.84463127145239 211.08528173716874 -1 -1 -1 -1 -1 -1 -1 -1 1 
74 7 Car -1.000000 -1 -1 291.1120460633035 165.09337783740193 332.23539308397204 200.716967640255 -1 -1 -1 -1 -1 -1 -1 -1 1 
75 1 Car -1.000000 -1 -1 541.9462939517197 182.34007684699952 581.1874458877616 216.67798157963642 -1 -1 -1 -1 -1 -1 -1 -1 1 
75 5 Car -1.000000 -1 -1 546.7351227853634 176.23659196889292 624.3851104089202 243.2077639565698 -1 -1 -1 -1 -1 -1 -1 -1 1 
75 6 Car -1.000000 -1 -1 75.56461769520575 179.48092002461178 152.6779156184203 210.87648726564072 -1 -1 -1 -1 -1 -1 -1 -1 1 
75 7 Car -1.000000 -1 -1 280.82843029938147 164.72260886607685 324.38877493737897 202.0186585874855 -1 -1 -1 -1 -1 -1 -1 -1 1 
76 1 Car -1.000000 -1 -1 541.1521259414166 182.3405515782025 579.7348796218154 216.10313356905658 -1 -1 -1 -1 -1 -1 -1 -1 1 
76 5 Car -1.000000 -1 -1 546.7233083215111 176.55152297571223 622.7370090558442 242.52936940781416 -1 -1 -1 -1 -1 -1 -1 -1 1 
76 6 Car -1.000000 -1 -1 61.577242031629694 178.91115335726045 142.32311650412396 211.30685333337473 -1 -1 -1 -1 -1 -1 -1 -1 1 
76 7 Car -1.000000 -1 -1 269.6728134248385 163.88752367010727 315.9696485789081 203.01088027019142 -1 -1 -1 -1 -1 -1 -1 -1 1 
77 5 Car -1.000000 -1 -1 547.0235270486063 176.56381823909857 621.4662873173154 241.61132134022043 -1 -1 -1 -1 -1 -1 -1 -1 1 
77 6 Car -1.000000 -1 -1 46.841636327426876 178.56507403332634 131.51131790700154 212.02508683757793 -1 -1 -1 -1 -1 -1 -1 -1 1 
77 7 Car -1.000000 -1 -1 257.42563046629414 162.79493312760644 306.8121637978174 203.93010314777683 -1 -1 -1 -1 -1 -1 -1 -1 1 
78 5 Car -1.000000 -1 -1 547.4248692728311 176.46893650401196 620.3332816140246 240.6229565283971 -1 -1 -1 -1 -1 -1 -1 -1 1 
78 6 Car -1.000000 -1 -1 31.17972028530241 178.2988945847593 120.09809215413759 212.8948622120898 -1 -1 -1 -1 -1 -1 -1 -1 1 
78 7 Car -1.000000 -1 -1 243.87836582184124 161.51549045946697 296.76982302028364 204.8793833075568 -1 -1 -1 -1 -1 -1 -1 -1 1 
79 5 Car -1.000000 -1 -1 547.8507102951336 176.33880522428746 619.2513263104377 239.62618686856362 -1 -1 -1 -1 -1 -1 -1 -1 1 
79 6 Car -1.000000 -1 -1 14.455221814387968 178.05457824453845 107.98483310358546 213.8660624706307 -1 -1 -1 -1 -1 -1 -1 -1 1 
79 7 Car -1.000000 -1 -1 228.71243706812228 159.73425609598678 285.60020034009733 205.58110272098173 -1 -1 -1 -1 -1 -1 -1 -1 1 
80 5 Car -1.000000 -1 -1 548.273952192366 176.19973509318078 618.1900540638567 238.64327058876322 -1 -1 -1 -1 -1 -1 -1 -1 1 
80 6 Car -1.000000 -1 -1 2.0699205089385515 177.80802979043497 98.98674204438026 214.81205028330956 -1 -1 -1 -1 -1 -1 -1 -1 1 
80 7 Car -1.000000 -1 -1 211.21810165304578 157.76241941228736 272.6990784943678 206.39282602244012 -1 -1 -1 -1 -1 -1 -1 -1 1 
81 5 Car -1.000000 -1 -1 549.6815706863273 176.0458408037921 618.1662440560215 237.66318032479563 -1 -1 -1 -1 -1 -1 -1 -1 1 
81 6 Car -1.000000 -1 -1 -7.214455408480255 177.23173971182035 91.54007681984459 215.45887053608172 -1 -1 -1 -1 -1 -1 -1 -1 1 
81 7 Car -1.000000 -1 -1 191.28965008186455 155.54779743173313 258.08543327232354 207.32160195551785 -1 -1 -1 -1 -1 -1 -1 -1 1 
82 5 Car -1.000000 -1 -1 551.2701696463396 175.89045398264312 618.4073728142192 236.70058768475707 -1 -1 -1 -1 -1 -1 -1 -1 1 
82 6 Car -1.000000 -1 -1 -14.646692010603559 176.5483218426119 83.44814777498318 215.6070074338951 -1 -1 -1 -1 -1 -1 -1 -1 1 
82 7 Car -1.000000 -1 -1 168.27624826980198 153.55708676530432 241.2799431144234 208.91244290186802 -1 -1 -1 -1 -1 -1 -1 -1 1 
83 5 Car -1.000000 -1 -1 552.8712172647687 175.7382297497226 618.7382343486072 235.76029067333832 -1 -1 -1 -1 -1 -1 -1 -1 1 
83 6 Car -1.000000 -1 -1 -20.97706854702073 175.845076384447 74.0358242506573 215.32440712142946 -1 -1 -1 -1 -1 -1 -1 -1 1 
83 7 Car -1.000000 -1 -1 141.76393296756277 151.48719881719757 222.0820118911593 210.95781665365166 -1 -1 -1 -1 -1 -1 -1 -1 1 
84 5 Car -1.000000 -1 -1 554.4279028947967 175.5906155748555 619.0953005721271 234.8434501523428 -1 -1 -1 -1 -1 -1 -1 -1 1 
84 6 Car -1.000000 -1 -1 -26.88303130128528 175.12740501825778 63.317635635899755 214.87449057876958 -1 -1 -1 -1 -1 -1 -1 -1 1 
84 7 Car -1.000000 -1 -1 111.04066845621225 149.17305471774404 200.06900983433525 213.4202124852269 -1 -1 -1 -1 -1 -1 -1 -1 1 
85 5 Car -1.000000 -1 -1 555.9233645454337 175.44789714361823 619.4555213420119 233.9499005983206 -1 -1 -1 -1 -1 -1 -1 -1 1 
85 6 Car -1.000000 -1 -1 -37.14250672643777 174.7522037929154 54.814950737120796 215.27345064888743 -1 -1 -1 -1 -1 -1 -1 -1 1 
85 7 Car -1.000000 -1 -1 72.54485541943896 146.12775243864374 172.2682543841716 216.0861682271983 -1 -1 -1 -1 -1 -1 -1 -1 1 
86 5 Car -1.000000 -1 -1 557.190933707432 175.1965376385054 619.6659094625055 232.98484439454688 -1 -1 -1 -1 -1 -1 -1 -1 1 
86 7 Car -1.000000 -1 -1 29.456802122229483 143.0815256910365 141.4069917069366 219.8326662409378 -1 -1 -1 -1 -1 -1 -1 -1 1 
87 5 Car -1.000000 -1 -1 558.3423353515673 174.91095813527437 619.8189428177225 232.00896509864054 -1 -1 -1 -1 -1 -1 -1 -1 1 
87 7 Car -1.000000 -1 -1 -1.2170615385388714 140.2815739695684 118.25385393123614 223.62740312499096 -1 -1 -1 -1 -1 -1 -1 -1 1 
88 5 Car -1.000000 -1 -1 559.422174221904 174.61857785490275 619.9497228633084 231.04435287357302 -1 -1 -1 -1 -1 -1 -1 -1 1 
88 7 Car -1.000000 -1 -1 -25.324769988285823 139.52938484350437 91.77603689781208 225.74213798313832 -1 -1 -1 -1 -1 -1 -1 -1 1 
89 5 Car -1.000000 -1 -1 560.4493982406359 174.32928966672864 620.0714811554658 230.0986526602935 -1 -1 -1 -1 -1 -1 -1 -1 1 
89 7 Car -1.000000 -1 -1 -43.79973217741789 138.04005071833862 77.3440783728739 227.22924497016766 -1 -1 -1 -1 -1 -1 -1 -1 1 
90 5 Car -1.000000 -1 -1 561.4331135299193 174.04645485010516 620.1892324141929 229.17413747713385 -1 -1 -1 -1 -1 -1 -1 -1 1 
91 5 Car -1.000000 -1 -1 562.0835618867799 174.0215433205674 619.955948846441 228.47085077604137 -1 -1 -1 -1 -1 -1 -1 -1 1 
92 5 Car -1.000000 -1 -1 562.5969164449065 174.0902154451802 619.6021219458307 227.85862767030403 -1 -1 -1 -1 -1 -1 -1 -1 1 
93 5 Car -1.000000 -1 -1 563.0478394045623 174.19086610621363 619.2134585392563 227.28818539563505 -1 -1 -1 -1 -1 -1 -1 -1 1 
94 5 Car -1.000000 -1 -1 563.4652708207418 174.3005635105931 618.8214982507421 226.74082281331266 -1 -1 -1 -1 -1 -1 -1 -1 1 
95 5 Car -1.000000 -1 -1 563.8608269587766 174.4109219204995 618.4374286061205 226.20935337817295 -1 -1 -1 -1 -1 -1 -1 -1 1 
96 5 Car -1.000000 -1 -1 564.2663575457897 173.29454877564555 618.025391367591 224.40115391971753 -1 -1 -1 -1 -1 -1 -1 -1 1 
97 5 Car -1.000000 -1 -1 564.6646170444053 171.75686306841297 617.613945531147 222.16686291751492 -1 -1 -1 -1 -1 -1 -1 -1 1 
98 5 Car -1.000000 -1 -1 565.6047298873086 172.6886776535403 617.7764445856486 222.4235307765318 -1 -1 -1 -1 -1 -1 -1 -1 1 
99 5 Car -1.000000 -1 -1 566.7212116758408 174.49535703927015 618.1429342115941 223.5732222706171 -1 -1 -1 -1 -1 -1 -1 -1 1 
100 5 Car -1.000000 -1 -1 567.878269142205 176.5801131955158 618.5750141031477 225.01751910096738 -1 -1 -1 -1 -1 -1 -1 -1 1 
100 9 Car -1.000000 -1 -1 265.0600547982961 172.137882097694 310.61643068069196 192.3899630556792 -1 -1 -1 -1 -1 -1 -1 -1 1 
101 5 Car -1.000000 -1 -1 568.6742718602732 177.4439228159666 618.666264717396 225.25310115650154 -1 -1 -1 -1 -1 -1 -1 -1 1 
101 9 Car -1.000000 -1 -1 257.6640663813624 173.69560035908762 304.37107213182884 194.43633752536078 -1 -1 -1 -1 -1 -1 -1 -1 1 
101 10 Car -1.000000 -1 -1 295.1653722015866 173.25889866939218 333.3437369336591 192.57717640012143 -1 -1 -1 -1 -1 -1 -1 -1 1 
102 5 Car -1.000000 -1 -1 569.3233517057249 177.84731748947635 618.6324184032712 225.04295867900737 -1 -1 -1 -1 -1 -1 -1 -1 1 
102 9 Car -1.000000 -1 -1 249.87591726381595 175.58226975682462 297.82374754075533 196.83626859264248 -1 -1 -1 -1 -1 -1 -1 -1 1 
102 10 Car -1.000000 -1 -1 289.1803277370108 174.79319957241336 328.2431061994989 194.53827330853446 -1 -1 -1 -1 -1 -1 -1 -1 1 
103 5 Car -1.000000 -1 -1 569.9067962121146 178.07659633612917 618.5544168241604 224.67388706625024 -1 -1 -1 -1 -1 -1 -1 -1 1 
103 9 Car -1.000000 -1 -1 241.7838995567713 177.61959352461528 291.0581967233976 199.40598093310643 -1 -1 -1 -1 -1 -1 -1 -1 1 
103 10 Car -1.000000 -1 -1 282.9155232500999 176.39773604848176 322.9287234063684 196.5891590386818 -1 -1 -1 -1 -1 -1 -1 -1 1 
104 5 Car -1.000000 -1 -1 570.4558126083448 178.23949548415413 618.4624809931563 224.25341180775337 -1 -1 -1 -1 -1 -1 -1 -1 1 
104 9 Car -1.000000 -1 -1 233.07087197284517 178.15349190365316 283.7771631011314 200.49644414227842 -1 -1 -1 -1 -1 -1 -1 -1 1 
104 10 Car -1.000000 -1 -1 276.43730711993953 178.0549526281459 317.4631012950279 198.7073967135918 -1 -1 -1 -1 -1 -1 -1 -1 1 
105 5 Car -1.000000 -1 -1 570.9826942514264 178.37650430845108 618.3677542902742 223.82156914446207 -1 -1 -1 -1 -1 -1 -1 -1 1 
105 9 Car -1.000000 -1 -1 223.84757672188672 178.14089195848643 276.10299114024514 201.06679518445065 -1 -1 -1 -1 -1 -1 -1 -1 1 
105 10 Car -1.000000 -1 -1 269.37416929076795 178.46953436231738 311.5026393032933 199.6083017081174 -1 -1 -1 -1 -1 -1 -1 -1 1 
105 11 Car -1.000000 -1 -1 301.6112681552039 177.08455449828963 340.025000367406 195.68279778601445 -1 -1 -1 -1 -1 -1 -1 -1 1 
106 5 Car -1.000000 -1 -1 571.6326686661899 178.1971575589611 618.3788146276307 223.05348791420636 -1 -1 -1 -1 -1 -1 -1 -1 1 
106 9 Car -1.000000 -1 -1 214.12216064129026 177.9285097255637 268.0561764078577 201.46656877045547 -1 -1 -1 -1 -1 -1 -1 -1 1 
106 10 Car -1.000000 -1 -1 261.88563808316826 178.435745467968 305.2078619357641 200.08416436102567 -1 -1 -1 -1 -1 -1 -1 -1 1 
106 11 Car -1.000000 -1 -1 295.702120927055 177.01001677118745 334.97308427415885 196.00219025696188 -1 -1 -1 -1 -1 -1 -1 -1 1 
107 5 Car -1.000000 -1 -1 572.3150136561474 177.9080811171185 618.4283048314956 222.17854148145062 -1 -1 -1 -1 -1 -1 -1 -1 1 
107 9 Car -1.000000 -1 -1 203.8668418822953 177.64218493893873 259.6212846816692 201.82458760349633 -1 -1 -1 -1 -1 -1 -1 -1 1 
107 10 Car -1.000000 -1 -1 254.0058498628821 178.2398840224585 298.61893490066177 200.4221641325353 -1 -1 -1 -1 -1 -1 -1 -1 1 
107 11 Car -1.000000 -1 -1 289.5255600888746 176.93219018387805 329.7186859230311 196.3356944182193 -1 -1 -1 -1 -1 -1 -1 -1 1 
108 5 Car -1.000000 -1 -1 572.9963162210063 177.58655429381514 618.4908893398695 221.28208326395676 -1 -1 -1 -1 -1 -1 -1 -1 1 
108 9 Car -1.000000 -1 -1 193.0394354210641 177.3264853591273 250.76876148490217 202.18856117720566 -1 -1 -1 -1 -1 -1 -1 -1 1 
108 10 Car -1.000000 -1 -1 245.72544341673037 177.9852565357504 291.73394653478584 200.7274162040904 -1 -1 -1 -1 -1 -1 -1 -1 1 
108 11 Car -1.000000 -1 -1 283.1480145290802 176.85194253103788 324.32482362045533 196.6795962677952 -1 -1 -1 -1 -1 -1 -1 -1 1 
109 5 Car -1.000000 -1 -1 573.6647078889706 177.26098955268003 618.5571084058598 220.3951326395902 -1 -1 -1 -1 -1 -1 -1 -1 1 
109 9 Car -1.000000 -1 -1 181.24025159689634 177.58479769527807 241.17655686143078 203.1911630535637 -1 -1 -1 -1 -1 -1 -1 -1 1 
109 10 Car -1.000000 -1 -1 237.018660805577 177.70817558055663 284.5351706124928 201.03843088474537 -1 -1 -1 -1 -1 -1 -1 -1 1 
109 11 Car -1.000000 -1 -1 276.51129781668214 177.22132505338732 318.7777779624618 197.5047618725879 -1 -1 -1 -1 -1 -1 -1 -1 1 
110 5 Car -1.000000 -1 -1 574.3163907201281 176.94144698903656 618.6234833268397 219.5283198398486 -1 -1 -1 -1 -1 -1 -1 -1 1 
110 9 Car -1.000000 -1 -1 168.58331969244037 178.09433115980804 230.94520555246967 204.50039244445895 -1 -1 -1 -1 -1 -1 -1 -1 1 
110 10 Car -1.000000 -1 -1 227.76608883792764 178.03104116867485 276.92425023966956 201.9852184277737 -1 -1 -1 -1 -1 -1 -1 -1 1 
110 11 Car -1.000000 -1 -1 269.5860928113731 177.76714165259858 313.03814415848393 198.53087279430076 -1 -1 -1 -1 -1 -1 -1 -1 1 
111 5 Car -1.000000 -1 -1 575.2717371729252 177.43665427564733 619.0458280863592 219.52476598887466 -1 -1 -1 -1 -1 -1 -1 -1 1 
111 9 Car -1.000000 -1 -1 155.06463287747874 178.73042547259877 220.07817654746714 205.99115018792247 -1 -1 -1 -1 -1 -1 -1 -1 1 
111 10 Car -1.000000 -1 -1 217.97473536468272 178.61325717370246 268.9123883913317 203.2271798448053 -1 -1 -1 -1 -1 -1 -1 -1 1 
111 11 Car -1.000000 -1 -1 262.34049753346665 178.39275791540894 307.0757739087377 199.66021872896573 -1 -1 -1 -1 -1 -1 -1 -1 1 
112 5 Car -1.000000 -1 -1 576.3214878608152 178.2190227516611 619.5897480427693 219.8329353544763 -1 -1 -1 -1 -1 -1 -1 -1 1 
112 9 Car -1.000000 -1 -1 140.62965107403187 179.44671423076906 208.5383350009256 207.6203555050192 -1 -1 -1 -1 -1 -1 -1 -1 1 
112 10 Car -1.000000 -1 -1 207.6189917804367 179.3233734734381 260.4825933312045 204.634832692624 -1 -1 -1 -1 -1 -1 -1 -1 1 
112 11 Car -1.000000 -1 -1 254.74372375830154 179.06485521270167 300.8654234370665 200.8604523431992 -1 -1 -1 -1 -1 -1 -1 -1 1 
113 5 Car -1.000000 -1 -1 577.3880960564402 179.0913655326032 620.1679812145048 220.2464760013072 -1 -1 -1 -1 -1 -1 -1 -1 1 
113 9 Car -1.000000 -1 -1 125.1969873747972 180.22799820145116 196.26795809526854 209.37801988199234 -1 -1 -1 -1 -1 -1 -1 -1 1 
113 10 Car -1.000000 -1 -1 196.65782184845168 180.1120725720548 251.60508239745806 206.16178555969694 -1 -1 -1 -1 -1 -1 -1 -1 1 
113 11 Car -1.000000 -1 -1 246.76504498275534 179.77329064901897 294.383330809774 202.12319022168984 -1 -1 -1 -1 -1 -1 -1 -1 1 
114 5 Car -1.000000 -1 -1 578.4433831262419 179.98062784794394 620.7484017978469 220.68868946260494 -1 -1 -1 -1 -1 -1 -1 -1 1 
114 9 Car -1.000000 -1 -1 108.28779040798744 180.2298813290279 182.8821672755467 210.45017597593332 -1 -1 -1 -1 -1 -1 -1 -1 1 
114 10 Car -1.000000 -1 -1 185.01293386567366 180.93194521431482 242.27042023477168 207.79478927906732 -1 -1 -1 -1 -1 -1 -1 -1 1 
114 11 Car -1.000000 -1 -1 238.19467391782203 179.3401241893859 287.4442975208002 202.27865665045383 -1 -1 -1 -1 -1 -1 -1 -1 1 
115 5 Car -1.000000 -1 -1 579.454566100082 180.8085824764106 621.3426586050872 221.1315575795169 -1 -1 -1 -1 -1 -1 -1 -1 1 
115 9 Car -1.000000 -1 -1 89.95714434703777 179.90407055898646 168.44663670903986 211.28537117021403 -1 -1 -1 -1 -1 -1 -1 -1 1 
115 10 Car -1.000000 -1 -1 172.29356938377717 180.33469459960602 232.02207269782053 208.03854169370416 -1 -1 -1 -1 -1 -1 -1 -1 1 
115 11 Car -1.000000 -1 -1 229.09111790797806 178.429796913601 280.1096819364332 201.99069641206108 -1 -1 -1 -1 -1 -1 -1 -1 1 
116 5 Car -1.000000 -1 -1 580.1570256169464 180.98677251573412 621.6186731952847 220.91167556276548 -1 -1 -1 -1 -1 -1 -1 -1 1 
116 9 Car -1.000000 -1 -1 70.12463213593297 179.42669604724037 152.91564789002905 212.0652087571708 -1 -1 -1 -1 -1 -1 -1 -1 1 
116 10 Car -1.000000 -1 -1 158.5620948093579 179.08981682201443 221.0322021668189 207.71423437042228 -1 -1 -1 -1 -1 -1 -1 -1 1 
116 11 Car -1.000000 -1 -1 219.45141076188813 177.29795439533618 272.384393915132 201.51654661632654 -1 -1 -1 -1 -1 -1 -1 -1 1 
117 5 Car -1.000000 -1 -1 580.736801146764 180.92541540042126 621.7755788246998 220.4523277728675 -1 -1 -1 -1 -1 -1 -1 -1 1 
117 9 Car -1.000000 -1 -1 48.64143931573256 178.8642869583557 136.19024527494005 212.8660941152029 -1 -1 -1 -1 -1 -1 -1 -1 1 
117 10 Car -1.000000 -1 -1 143.82049956804784 177.52671344633632 209.30124320629085 207.1447761801571 -1 -1 -1 -1 -1 -1 -1 -1 1 
117 11 Car -1.000000 -1 -1 209.2461375736703 176.04046149795948 264.2497226880426 200.95468567802033 -1 -1 -1 -1 -1 -1 -1 -1 1 
118 5 Car -1.000000 -1 -1 581.2642293647339 180.77869118892534 621.8881784721688 219.91241494591517 -1 -1 -1 -1 -1 -1 -1 -1 1 
118 9 Car -1.000000 -1 -1 25.311353959483213 178.23935749614012 118.1373600695613 213.72352127337905 -1 -1 -1 -1 -1 -1 -1 -1 1 
118 10 Car -1.000000 -1 -1 127.83742767804198 178.3652627777714 196.62926638847716 209.05738319584609 -1 -1 -1 -1 -1 -1 -1 -1 1 
118 11 Car -1.000000 -1 -1 198.54527006792162 177.55745939197365 255.80493909542412 203.21788716344736 -1 -1 -1 -1 -1 -1 -1 -1 1 
119 5 Car -1.000000 -1 -1 581.7648595279495 180.60171747718013 621.9857214281777 219.3513707927319 -1 -1 -1 -1 -1 -1 -1 -1 1 
119 9 Car -1.000000 -1 -1 4.928192529173387 177.89702884539582 102.07597399791872 214.9396695037884 -1 -1 -1 -1 -1 -1 -1 -1 1 
119 10 Car -1.000000 -1 -1 110.553362682087 180.21687843940865 183.0672224816652 212.11209965231376 -1 -1 -1 -1 -1 -1 -1 -1 1 
119 11 Car -1.000000 -1 -1 186.18435079883704 178.5395150123404 246.0445125743915 205.05760925786257 -1 -1 -1 -1 -1 -1 -1 -1 1 
120 5 Car -1.000000 -1 -1 582.2454535032955 180.4078248795112 622.0821305707148 218.7911029693855 -1 -1 -1 -1 -1 -1 -1 -1 1 
120 9 Car -1.000000 -1 -1 -9.8962230149004 177.66030406256286 89.24353154255377 216.3009605118018 -1 -1 -1 -1 -1 -1 -1 -1 1 
120 10 Car -1.000000 -1 -1 91.36423437586319 180.95407522988393 167.99124165386428 214.15208207217944 -1 -1 -1 -1 -1 -1 -1 -1 1 
120 11 Car -1.000000 -1 -1 172.58588556373508 179.33468580870132 235.34463016161897 206.795030873545 -1 -1 -1 -1 -1 -1 -1 -1 1 
121 5 Car -1.000000 -1 -1 582.2237579395504 180.340960252819 621.7484614939838 218.42702390647318 -1 -1 -1 -1 -1 -1 -1 -1 1 
121 9 Car -1.000000 -1 -1 -21.28285515288229 177.55263797550677 75.19071744757134 216.83486891341258 -1 -1 -1 -1 -1 -1 -1 -1 1 
121 10 Car -1.000000 -1 -1 70.36849084987495 181.24986510517866 151.55209678204176 215.86185150403782 -1 -1 -1 -1 -1 -1 -1 -1 1 
121 11 Car -1.000000 -1 -1 157.84752423223452 180.08488066121564 223.8047986790358 208.56644259780109 -1 -1 -1 -1 -1 -1 -1 -1 1 
122 5 Car -1.000000 -1 -1 582.0206568412252 180.32272600530894 621.2621984101869 218.13897214167562 -1 -1 -1 -1 -1 -1 -1 -1 1 
122 9 Car -1.000000 -1 -1 -35.62512152648265 177.66916617244593 63.241680829316714 217.92586246294954 -1 -1 -1 -1 -1 -1 -1 -1 1 
122 10 Car -1.000000 -1 -1 47.468406617804774 181.37190616113534 133.71618491074963 217.52321835369835 -1 -1 -1 -1 -1 -1 -1 -1 1 
122 11 Car -1.000000 -1 -1 141.9109675881711 180.82749744149118 211.43447373137042 210.4347329554803 -1 -1 -1 -1 -1 -1 -1 -1 1 
123 5 Car -1.000000 -1 -1 581.7560241428325 180.3232557954336 620.7270090572331 217.88150587990552 -1 -1 -1 -1 -1 -1 -1 -1 1 
123 10 Car -1.000000 -1 -1 22.461094934476584 181.42702199101856 114.35892985436206 219.26015846857507 -1 -1 -1 -1 -1 -1 -1 -1 1 
123 11 Car -1.000000 -1 -1 124.73642665719254 180.86794032217614 198.1058246372723 211.6516269164837 -1 -1 -1 -1 -1 -1 -1 -1 1 
124 5 Car -1.000000 -1 -1 581.4744974660282 180.33122249757474 620.1814395229244 217.637462121176 -1 -1 -1 -1 -1 -1 -1 -1 1 
124 10 Car -1.000000 -1 -1 2.9244525230779317 181.4579489991995 98.86570941959891 220.98417093470107 -1 -1 -1 -1 -1 -1 -1 -1 1 
124 11 Car -1.000000 -1 -1 106.388610126217 180.88178552628386 183.90652481406278 212.89963541732976 -1 -1 -1 -1 -1 -1 -1 -1 1 
125 5 Car -1.000000 -1 -1 581.1924029735105 180.34228890097177 619.6395316565679 217.40033214605685 -1 -1 -1 -1 -1 -1 -1 -1 1 
125 10 Car -1.000000 -1 -1 -11.380652417001272 181.4325303424175 85.59765365937976 222.41175811021648 -1 -1 -1 -1 -1 -1 -1 -1 1 
125 11 Car -1.000000 -1 -1 86.62773085560448 180.88629217927786 168.68982723008043 214.2254382856668 -1 -1 -1 -1 -1 -1 -1 -1 1 
126 5 Car -1.000000 -1 -1 581.4115255925691 179.81952365572363 619.6505513077682 216.67890296257758 -1 -1 -1 -1 -1 -1 -1 -1 1 
126 10 Car -1.000000 -1 -1 -22.6715655099752 181.3819570916084 70.91468693614779 222.8984392419191 -1 -1 -1 -1 -1 -1 -1 -1 1 
126 11 Car -1.000000 -1 -1 65.23934424460828 180.8883852061486 152.3185685554787 215.65594334356726 -1 -1 -1 -1 -1 -1 -1 -1 1 
127 5 Car -1.000000 -1 -1 581.8156945307877 179.10481198354935 619.8664234424515 215.7843451022382 -1 -1 -1 -1 -1 -1 -1 -1 1 
127 10 Car -1.000000 -1 -1 -37.03069811136163 181.63349714077796 58.85004669421001 224.1678244267614 -1 -1 -1 -1 -1 -1 -1 -1 1 
127 11 Car -1.000000 -1 -1 41.99545254166915 180.89080669429757 134.64418341909854 217.2117824486841 -1 -1 -1 -1 -1 -1 -1 -1 1 
128 5 Car -1.000000 -1 -1 582.2853177319612 178.32661199695858 620.155669896184 214.8336893616132 -1 -1 -1 -1 -1 -1 -1 -1 1 
128 11 Car -1.000000 -1 -1 16.636397752820216 180.8945520304637 115.49772308065346 218.91297614124352 -1 -1 -1 -1 -1 -1 -1 -1 1 
129 5 Car -1.000000 -1 -1 582.775340915807 177.53297186625653 620.46880223035 213.87073581210075 -1 -1 -1 -1 -1 -1 -1 -1 1 
129 11 Car -1.000000 -1 -1 -0.5501023840036083 180.89670975492305 102.096869450743 220.5634383024185 -1 -1 -1 -1 -1 -1 -1 -1 1 
130 5 Car -1.000000 -1 -1 583.2688910756277 176.74156928622637 620.7873230420164 212.9116193028787 -1 -1 -1 -1 -1 -1 -1 -1 1 
130 11 Car -1.000000 -1 -1 -13.65460400476109 180.8989261000441 89.62632804468706 221.90890541984544 -1 -1 -1 -1 -1 -1 -1 -1 1 
131 5 Car -1.000000 -1 -1 583.790393901048 176.6589639609968 621.1468686513484 212.6737996768722 -1 -1 -1 -1 -1 -1 -1 -1 1 
131 11 Car -1.000000 -1 -1 -24.217307319393107 180.90181261888813 75.27495415701858 222.36751000453978 -1 -1 -1 -1 -1 -1 -1 -1 1 
132 5 Car -1.000000 -1 -1 584.3184658017213 176.84067511699882 621.5182269588238 212.70525939871666 -1 -1 -1 -1 -1 -1 -1 -1 1 
132 11 Car -1.000000 -1 -1 -38.48025605308495 181.02600380181494 63.44930491994811 223.50746284055015 -1 -1 -1 -1 -1 -1 -1 -1 1 
133 5 Car -1.000000 -1 -1 584.8451939034451 177.11809784480994 621.8905908418708 212.83461269031397 -1 -1 -1 -1 -1 -1 -1 -1 1 
134 5 Car -1.000000 -1 -1 586.0421945882754 176.2803285571688 622.9330743414699 211.84840611785876 -1 -1 -1 -1 -1 -1 -1 -1 1 
135 5 Car -1.000000 -1 -1 587.4795585671202 175.0329958947111 624.2164277416576 210.45292829154243 -1 -1 -1 -1 -1 -1 -1 -1 1 
136 5 Car -1.000000 -1 -1 588.3113930985525 173.68777085339804 624.8950620107917 208.96019782217758 -1 -1 -1 -1 -1 -1 -1 -1 1 
137 5 Car -1.000000 -1 -1 588.9106083780135 172.31795907292192 625.3419780336861 207.44362362205996 -1 -1 -1 -1 -1 -1 -1 -1 1 
138 5 Car -1.000000 -1 -1 589.4193708828719 170.95071224871185 625.6993950959259 205.93042260590488 -1 -1 -1 -1 -1 -1 -1 -1 1 
139 5 Car -1.000000 -1 -1 589.7411968635449 173.71008891793656 625.8756100762763 208.54969314373275 -1 -1 -1 -1 -1 -1 -1 -1 1 
140 5 Car -1.000000 -1 -1 589.9925882728234 177.98593754165233 625.98386639326 212.68810534069974 -1 -1 -1 -1 -1 -1 -1 -1 1 
141 5 Car -1.000000 -1 -1 589.711725797362 179.04724237834117 625.5899837467546 213.6409104152941 -1 -1 -1 -1 -1 -1 -1 -1 1 
142 5 Car -1.000000 -1 -1 589.2357911008663 178.89207262109088 625.0124266014159 213.38814169742892 -1 -1 -1 -1 -1 -1 -1 -1 1 
143 5 Car -1.000000 -1 -1 588.6924058178934 178.2823592679491 624.371753841369 212.68492974372282 -1 -1 -1 -1 -1 -1 -1 -1 1 
