2 1 Car -1.000000 -1 -1 596.2524010612834 175.71517794186053 678.0330098349368 237.87981154356038 -1 -1 -1 -1 -1 -1 -1 -1 1 
2 2 Car -1.000000 -1 -1 327.76774844463546 181.05831931090188 376.42254283028564 211.46173432608504 -1 -1 -1 -1 -1 -1 -1 -1 1 
2 3 Car -1.000000 -1 -1 407.62448945581275 180.80250500474233 453.0007434596238 211.04367844133975 -1 -1 -1 -1 -1 -1 -1 -1 1 
3 1 Car -1.000000 -1 -1 592.7606429037953 177.49431152853194 674.1252156389132 239.4175408236216 -1 -1 -1 -1 -1 -1 -1 -1 1 
3 2 Car -1.000000 -1 -1 314.65763561220274 182.18880889873495 366.7257162062834 214.66096853948693 -1 -1 -1 -1 -1 -1 -1 -1 1 
3 3 Car -1.000000 -1 -1 395.6863188429687 182.0442704957435 445.2453950026425 214.99728187642037 -1 -1 -1 -1 -1 -1 -1 -1 1 
4 1 Car -1.000000 -1 -1 589.3162865126465 179.31465261441733 670.2093648502638 240.99724190378714 -1 -1 -1 -1 -1 -1 -1 -1 1 
4 2 Car -1.000000 -1 -1 299.9361878231897 183.60003728868844 355.9612577490773 218.43126731092494 -1 -1 -1 -1 -1 -1 -1 -1 1 
4 3 Car -1.000000 -1 -1 381.3713289723129 183.60605927738533 436.0119914943662 219.80709741273904 -1 -1 -1 -1 -1 -1 -1 -1 1 
5 1 Car -1.000000 -1 -1 586.7355005724175 180.2795954712398 667.1294910084129 241.7371078177243 -1 -1 -1 -1 -1 -1 -1 -1 1 
5 2 Car -1.000000 -1 -1 282.44470865404764 184.26657631512037 342.9985446086156 221.7334003932917 -1 -1 -1 -1 -1 -1 -1 -1 1 
5 3 Car -1.000000 -1 -1 365.11625821571255 184.16890052839724 425.655820517302 224.05872635531867 -1 -1 -1 -1 -1 -1 -1 -1 1 
6 1 Car -1.000000 -1 -1 584.4772064822391 180.95391298805882 664.3331616651712 242.19330202029545 -1 -1 -1 -1 -1 -1 -1 -1 1 
6 2 Car -1.000000 -1 -1 262.0968002115534 184.6810226675911 327.9622716101604 225.15996497125215 -1 -1 -1 -1 -1 -1 -1 -1 1 
6 3 Car -1.000000 -1 -1 343.1893259628943 185.15185363848929 411.30672187718557 229.66873189083375 -1 -1 -1 -1 -1 -1 -1 -1 1 
7 1 Car -1.000000 -1 -1 582.352945405297 181.5305236216902 661.6293344531113 242.5553592581364 -1 -1 -1 -1 -1 -1 -1 -1 1 
7 2 Car -1.000000 -1 -1 237.55792231916877 185.81199258698382 309.9034897871206 229.92660678240466 -1 -1 -1 -1 -1 -1 -1 -1 1 
7 3 Car -1.000000 -1 -1 315.12272441460635 186.47170328197615 393.0693696663402 236.83682804641268 -1 -1 -1 -1 -1 -1 -1 -1 1 
8 1 Car -1.000000 -1 -1 580.2737095325364 182.0374804398204 658.9747856972768 242.88783954042447 -1 -1 -1 -1 -1 -1 -1 -1 1 
8 2 Car -1.000000 -1 -1 208.26625409206724 187.38886159055906 288.5242956314572 235.88416222205922 -1 -1 -1 -1 -1 -1 -1 -1 1 
8 3 Car -1.000000 -1 -1 278.9230132150973 188.15942218437283 369.9878570078516 246.12196079891268 -1 -1 -1 -1 -1 -1 -1 -1 1 
9 1 Car -1.000000 -1 -1 578.1338859850204 181.84755643660236 656.1364373383748 242.45512224166316 -1 -1 -1 -1 -1 -1 -1 -1 1 
9 2 Car -1.000000 -1 -1 171.03223981115244 187.53402485635246 260.9209822063576 241.2143061111932 -1 -1 -1 -1 -1 -1 -1 -1 1 
9 3 Car -1.000000 -1 -1 230.61902490455338 189.18673919683687 339.2708929918082 256.94630706067255 -1 -1 -1 -1 -1 -1 -1 -1 1 
10 1 Car -1.000000 -1 -1 575.9671847835833 181.37393944562046 653.2538062329932 241.75239415365255 -1 -1 -1 -1 -1 -1 -1 -1 1 
10 2 Car -1.000000 -1 -1 124.30705798654552 187.79655395862073 226.51886649577725 247.85880630346432 -1 -1 -1 -1 -1 -1 -1 -1 1 
10 3 Car -1.000000 -1 -1 163.5713226297018 190.052552198081 297.59318964724116 271.4155669992102 -1 -1 -1 -1 -1 -1 -1 -1 1 
11 1 Car -1.000000 -1 -1 573.542314407521 180.75861488436357 650.128637262469 240.9467260651454 -1 -1 -1 -1 -1 -1 -1 -1 1 
11 2 Car -1.000000 -1 -1 65.08148395537461 188.16303317674635 183.53590856912172 256.31156923396884 -1 -1 -1 -1 -1 -1 -1 -1 1 
11 3 Car -1.000000 -1 -1 142.33963006355467 191.00888779299976 283.8336616849034 276.90812768022204 -1 -1 -1 -1 -1 -1 -1 -1 1 
12 1 Car -1.000000 -1 -1 571.0395685161899 180.1011198137631 646.9150798531529 240.114064825451 -1 -1 -1 -1 -1 -1 -1 -1 1 
12 2 Car -1.000000 -1 -1 11.71364906728759 188.6483120386119 146.39469070450133 267.00291101290156 -1 -1 -1 -1 -1 -1 -1 -1 1 
13 1 Car -1.000000 -1 -1 568.5251699399462 179.43684609403488 643.6721613182127 239.28091688225172 -1 -1 -1 -1 -1 -1 -1 -1 1 
13 2 Car -1.000000 -1 -1 -28.91550889851547 189.29221755750123 106.37373923002318 272.49970637435194 -1 -1 -1 -1 -1 -1 -1 -1 1 
14 1 Car -1.000000 -1 -1 566.0225387649206 178.77782998070393 640.4229741824694 238.45597952238137 -1 -1 -1 -1 -1 -1 -1 -1 1 
14 2 Car -1.000000 -1 -1 -54.70833131331362 189.95929021428714 86.82216495211848 277.00536814472736 -1 -1 -1 -1 -1 -1 -1 -1 1 
15 1 Car -1.000000 -1 -1 563.5391205509837 178.12758210945788 637.1769447818955 237.64151554873175 -1 -1 -1 -1 -1 -1 -1 -1 1 
16 1 Car -1.000000 -1 -1 561.3944084378625 177.21379137789734 634.3205613895251 236.5900639976728 -1 -1 -1 -1 -1 -1 -1 -1 1 
17 1 Car -1.000000 -1 -1 559.3762796973955 176.20795379067437 631.6213915972364 235.45665662912117 -1 -1 -1 -1 -1 -1 -1 -1 1 
18 1 Car -1.000000 -1 -1 557.8861759639154 176.13278481126514 629.4419393134647 235.26348745170486 -1 -1 -1 -1 -1 -1 -1 -1 1 
19 1 Car -1.000000 -1 -1 556.6004811527193 176.40824124870068 627.4533567304228 235.42423619884136 -1 -1 -1 -1 -1 -1 -1 -1 1 
20 1 Car -1.000000 -1 -1 555.3955980660728 176.81312458661938 625.5314345838141 235.71535342388054 -1 -1 -1 -1 -1 -1 -1 -1 1 
21 1 Car -1.000000 -1 -1 555.423839108882 177.07265048878963 624.8438756303254 235.86248426204605 -1 -1 -1 -1 -1 -1 -1 -1 1 
22 1 Car -1.000000 -1 -1 555.908972165786 177.27501359868626 624.6137966630669 235.95280350932285 -1 -1 -1 -1 -1 -1 -1 -1 1 
23 1 Car -1.000000 -1 -1 556.5555042699516 177.45415599424678 624.5457111137856 236.01989487802828 -1 -1 -1 -1 -1 -1 -1 -1 1 
24 1 Car -1.000000 -1 -1 557.2517839045253 177.62321613568182 624.528152776428 236.07678564348174 -1 -1 -1 -1 -1 -1 -1 -1 1 
25 1 Car -1.000000 -1 -1 558.3201093918797 177.11327344844932 624.9008794098037 235.44032820365697 -1 -1 -1 -1 -1 -1 -1 -1 1 
26 1 Car -1.000000 -1 -1 559.5077960380617 176.35020940656764 625.4193900203942 234.54593682880915 -1 -1 -1 -1 -1 -1 -1 -1 1 
27 1 Car -1.000000 -1 -1 560.7200583394185 175.496705532322 625.9902941679408 233.55993602940362 -1 -1 -1 -1 -1 -1 -1 -1 1 
28 1 Car -1.000000 -1 -1 561.9226582368457 174.61456682127627 626.5783027930424 232.5455172269084 -1 -1 -1 -1 -1 -1 -1 -1 1 
29 1 Car -1.000000 -1 -1 563.5089524600209 174.02951221999018 627.5495893387973 231.81954704577544 -1 -1 -1 -1 -1 -1 -1 -1 1 
30 1 Car -1.000000 -1 -1 565.1106690650251 173.5598112377022 628.570577979909 231.20629247828847 -1 -1 -1 -1 -1 -1 -1 -1 1 
31 1 Car -1.000000 -1 -1 567.2425480064536 173.14154645318135 630.1648254818901 230.64416374190836 -1 -1 -1 -1 -1 -1 -1 -1 1 
32 1 Car -1.000000 -1 -1 568.1975977857427 174.05361087566172 630.5891914997404 231.38198758660454 -1 -1 -1 -1 -1 -1 -1 -1 1 
33 1 Car -1.000000 -1 -1 569.2753838234307 175.4651788079647 631.1591242474109 232.60702332746632 -1 -1 -1 -1 -1 -1 -1 -1 1 
34 1 Car -1.000000 -1 -1 570.3739173871126 175.93957675029125 631.7730003426556 232.8857043205627 -1 -1 -1 -1 -1 -1 -1 -1 1 
35 1 Car -1.000000 -1 -1 571.4646446586912 176.0561348263823 632.405987255742 232.80403080801818 -1 -1 -1 -1 -1 -1 -1 -1 1 
36 1 Car -1.000000 -1 -1 572.7597777592254 175.81185642395585 633.2763457821679 232.37075439840072 -1 -1 -1 -1 -1 -1 -1 -1 1 
37 1 Car -1.000000 -1 -1 574.117616888695 175.43422774935735 634.2339570862601 231.80800691510038 -1 -1 -1 -1 -1 -1 -1 -1 1 
38 1 Car -1.000000 -1 -1 575.4852066915223 175.0100212034878 635.2212828029662 231.2004934665574 -1 -1 -1 -1 -1 -1 -1 -1 1 
39 1 Car -1.000000 -1 -1 576.3245614142445 175.07442038784396 635.6607917981022 231.04532020248993 -1 -1 -1 -1 -1 -1 -1 -1 1 
40 1 Car -1.000000 -1 -1 576.9555501596216 175.32174418112822 635.8962279526843 231.0608414181559 -1 -1 -1 -1 -1 -1 -1 -1 1 
41 1 Car -1.000000 -1 -1 577.501085958145 175.63516127728727 636.0585640060161 231.1393781495275 -1 -1 -1 -1 -1 -1 -1 -1 1 
42 1 Car -1.000000 -1 -1 578.0086247756781 175.970194310581 636.1973676893795 231.23989317056777 -1 -1 -1 -1 -1 -1 -1 -1 1 
43 1 Car -1.000000 -1 -1 578.496648682206 176.3100821140135 636.3310538001355 231.34687923869478 -1 -1 -1 -1 -1 -1 -1 -1 1 
44 1 Car -1.000000 -1 -1 578.4657176768712 176.71359252717411 635.9552539474786 231.51552484181613 -1 -1 -1 -1 -1 -1 -1 -1 1 
45 1 Car -1.000000 -1 -1 578.2402692716439 177.13733778311328 635.3960753506592 231.7051189403734 -1 -1 -1 -1 -1 -1 -1 -1 1 
46 1 Car -1.000000 -1 -1 577.9441245458775 177.56496753447462 634.7773253487072 231.90028822970027 -1 -1 -1 -1 -1 -1 -1 -1 1 
47 1 Car -1.000000 -1 -1 578.0301869703226 177.9930566271908 634.5408048633418 232.08794767788464 -1 -1 -1 -1 -1 -1 -1 -1 1 
48 1 Car -1.000000 -1 -1 577.5156315464432 177.70913832346113 633.739277472647 231.5901016284325 -1 -1 -1 -1 -1 -1 -1 -1 1 
49 1 Car -1.000000 -1 -1 577.309757317342 178.09659858753372 633.2582020973681 231.76857289810033 -1 -1 -1 -1 -1 -1 -1 -1 1 
50 1 Car -1.000000 -1 -1 577.2213681240461 178.73336586654298 632.9035254727889 232.19918292949427 -1 -1 -1 -1 -1 -1 -1 -1 1 
51 1 Car -1.000000 -1 -1 577.1774506522343 179.45859809370032 632.6007894614409 232.72026887093742 -1 -1 -1 -1 -1 -1 -1 -1 1 
52 1 Car -1.000000 -1 -1 576.4016176806425 179.20296585471525 631.595717701822 232.28383485110865 -1 -1 -1 -1 -1 -1 -1 -1 1 
53 1 Car -1.000000 -1 -1 575.3564930492385 178.58175498793875 630.3359161916771 231.4913005614999 -1 -1 -1 -1 -1 -1 -1 -1 1 
54 1 Car -1.000000 -1 -1 574.2180024721143 177.82933625431068 628.9913058247367 230.57175282043158 -1 -1 -1 -1 -1 -1 -1 -1 1 
55 1 Car -1.000000 -1 -1 573.0527140957272 177.03460140036654 627.6259130778978 229.61207328515223 -1 -1 -1 -1 -1 -1 -1 -1 1 
56 1 Car -1.000000 -1 -1 571.5772892934343 176.14450595905313 625.9771511300743 228.5797016671902 -1 -1 -1 -1 -1 -1 -1 -1 1 
57 1 Car -1.000000 -1 -1 569.994469120278 175.22533393561307 624.2330027562798 227.52703293774604 -1 -1 -1 -1 -1 -1 -1 -1 1 
58 1 Car -1.000000 -1 -1 569.021914009384 176.65955442194584 623.0968807451713 228.82387298374738 -1 -1 -1 -1 -1 -1 -1 -1 1 
59 1 Car -1.000000 -1 -1 568.4311566166381 179.3074091585092 622.3548565747028 231.34660130115086 -1 -1 -1 -1 -1 -1 -1 -1 1 
60 1 Car -1.000000 -1 -1 567.8765818561203 182.14272681903853 621.8735745335814 234.30921472721803 -1 -1 -1 -1 -1 -1 -1 -1 1 
61 1 Car -1.000000 -1 -1 566.8318047169025 182.17291651215706 620.59900751852 234.1474950798783 -1 -1 -1 -1 -1 -1 -1 -1 1 
62 1 Car -1.000000 -1 -1 565.7193066705481 176.75284897180015 619.1595458564375 228.41838764371337 -1 -1 -1 -1 -1 -1 -1 -1 1 
63 1 Car -1.000000 -1 -1 564.817784399143 173.9580973325315 618.0289174914351 225.40816662388423 -1 -1 -1 -1 -1 -1 -1 -1 1 
64 1 Car -1.000000 -1 -1 564.0003071286394 172.1812702375786 617.0210568659503 223.45239862982837 -1 -1 -1 -1 -1 -1 -1 -1 1 
64 6 Car -1.000000 -1 -1 521.8790108696478 172.36271336303298 540.437442188274 186.80093492198276 -1 -1 -1 -1 -1 -1 -1 -1 1 
65 1 Car -1.000000 -1 -1 563.7384204973114 174.05728588675012 616.6075179188127 225.18713510929112 -1 -1 -1 -1 -1 -1 -1 -1 1 
65 6 Car -1.000000 -1 -1 518.7294852380776 177.62080094978606 538.154782811382 192.73420319354477 -1 -1 -1 -1 -1 -1 -1 -1 1 
66 1 Car -1.000000 -1 -1 563.6846423525503 177.2923530238728 616.4168670918949 228.29539694811325 -1 -1 -1 -1 -1 -1 -1 -1 1 
66 6 Car -1.000000 -1 -1 515.2007440899154 181.4345229967113 535.6517845133517 197.3453637102304 -1 -1 -1 -1 -1 -1 -1 -1 1 
67 1 Car -1.000000 -1 -1 562.9451421307058 178.28883780540238 615.5565624324607 229.179908268587 -1 -1 -1 -1 -1 -1 -1 -1 1 
67 6 Car -1.000000 -1 -1 511.2870055145454 182.17547605855842 532.7664675372696 198.8703755896118 -1 -1 -1 -1 -1 -1 -1 -1 1 
68 1 Car -1.000000 -1 -1 563.1116829563967 177.36119464699925 615.5702149520155 228.10839273508103 -1 -1 -1 -1 -1 -1 -1 -1 1 
68 6 Car -1.000000 -1 -1 506.9713654240571 181.77232247247412 529.5601563868328 199.29239581198104 -1 -1 -1 -1 -1 -1 -1 -1 1 
68 7 Car -1.000000 -1 -1 552.3516580887517 177.9883380794719 570.6102824259071 192.57773144922368 -1 -1 -1 -1 -1 -1 -1 -1 1 
69 1 Car -1.000000 -1 -1 563.6154895378768 175.71654778300967 615.9100997103897 226.30842291361023 -1 -1 -1 -1 -1 -1 -1 -1 1 
69 6 Car -1.000000 -1 -1 502.17703429532895 180.87145281944944 526.0471815825472 199.32570036615812 -1 -1 -1 -1 -1 -1 -1 -1 1 
69 7 Car -1.000000 -1 -1 550.1157640442752 176.50110275162004 569.3222822469307 191.84005426509947 -1 -1 -1 -1 -1 -1 -1 -1 1 
70 1 Car -1.000000 -1 -1 564.2393770163409 173.81596762446236 616.3670186344752 224.2488769267232 -1 -1 -1 -1 -1 -1 -1 -1 1 
70 6 Car -1.000000 -1 -1 496.8390938620479 179.73017499910443 522.1754740082876 199.23126703334609 -1 -1 -1 -1 -1 -1 -1 -1 1 
70 7 Car -1.000000 -1 -1 547.6423577667148 174.85573268861324 567.9041947033837 191.0239336618919 -1 -1 -1 -1 -1 -1 -1 -1 1 
71 1 Car -1.000000 -1 -1 564.4338532762317 173.664586700445 616.4067798643982 223.95010699896346 -1 -1 -1 -1 -1 -1 -1 -1 1 
71 6 Car -1.000000 -1 -1 490.83156378755507 178.91703300820998 517.8594273124016 199.5919162367663 -1 -1 -1 -1 -1 -1 -1 -1 1 
71 7 Car -1.000000 -1 -1 545.2013649625222 174.62471709650816 566.6051106534221 191.68927327759246 -1 -1 -1 -1 -1 -1 -1 -1 1 
72 1 Car -1.000000 -1 -1 564.4632578898903 174.17283623542048 616.2866029394801 224.31568476732457 -1 -1 -1 -1 -1 -1 -1 -1 1 
72 6 Car -1.000000 -1 -1 484.0701083515963 179.96890859768828 512.9700776833357 201.97383085807567 -1 -1 -1 -1 -1 -1 -1 -1 1 
72 7 Car -1.000000 -1 -1 542.6048345739844 174.93259356111514 565.264848205999 192.98277728081376 -1 -1 -1 -1 -1 -1 -1 -1 1 
73 1 Car -1.000000 -1 -1 564.4290124181015 174.92434036020134 616.1051731414954 224.92661265359087 -1 -1 -1 -1 -1 -1 -1 -1 1 
73 6 Car -1.000000 -1 -1 476.5898872987236 180.95131864989628 507.6968578537526 204.4919335181887 -1 -1 -1 -1 -1 -1 -1 -1 1 
73 7 Car -1.000000 -1 -1 539.7490758523965 175.471551108226 563.8079777031642 194.61886062066614 -1 -1 -1 -1 -1 -1 -1 -1 1 
74 1 Car -1.000000 -1 -1 564.7665653675399 174.57638252223583 616.294131480593 224.43626874796666 -1 -1 -1 -1 -1 -1 -1 -1 1 
74 6 Car -1.000000 -1 -1 468.0820843792034 181.9631282938032 501.8218449727875 207.30500533948555 -1 -1 -1 -1 -1 -1 -1 -1 1 
74 7 Car -1.000000 -1 -1 536.5539073041908 176.13852927813682 562.1865095295047 196.51939122822273 -1 -1 -1 -1 -1 -1 -1 -1 1 
75 1 Car -1.000000 -1 -1 565.2523125432961 175.07965500558194 616.6340440607207 224.7996952653457 -1 -1 -1 -1 -1 -1 -1 -1 1 
75 6 Car -1.000000 -1 -1 458.25992586952094 183.08195833136352 495.13793112898986 210.53537058572297 -1 -1 -1 -1 -1 -1 -1 -1 1 
75 7 Car -1.000000 -1 -1 532.9372076868655 176.9072235491242 560.3577425782144 198.68818285093414 -1 -1 -1 -1 -1 -1 -1 -1 1 
76 1 Car -1.000000 -1 -1 565.6084305154496 174.31879906624633 616.8552323577171 223.90926106588788 -1 -1 -1 -1 -1 -1 -1 -1 1 
76 6 Car -1.000000 -1 -1 445.7202982310838 183.79521433520435 486.2973273387806 213.71905399795432 -1 -1 -1 -1 -1 -1 -1 -1 1 
76 7 Car -1.000000 -1 -1 528.1621205190792 177.32772853467424 557.6946261310727 200.73367741950887 -1 -1 -1 -1 -1 -1 -1 -1 1 
77 1 Car -1.000000 -1 -1 565.9205733601235 173.9604243547068 617.0387018191059 223.42727187662598 -1 -1 -1 -1 -1 -1 -1 -1 1 
77 6 Car -1.000000 -1 -1 430.39466036002307 184.39477321083922 475.42935421439256 217.2677667074519 -1 -1 -1 -1 -1 -1 -1 -1 1 
77 7 Car -1.000000 -1 -1 522.3653887968883 177.6217207184756 554.4021756321341 202.9215231094439 -1 -1 -1 -1 -1 -1 -1 -1 1 
78 1 Car -1.000000 -1 -1 566.2443276300972 177.06136081643444 617.2431177531212 226.41422759370846 -1 -1 -1 -1 -1 -1 -1 -1 1 
78 6 Car -1.000000 -1 -1 412.1324870320423 187.8312740891256 463.1166878511979 224.66061126400845 -1 -1 -1 -1 -1 -1 -1 -1 1 
78 7 Car -1.000000 -1 -1 515.8404915172993 180.85703304085104 551.0287736933299 208.5284806509379 -1 -1 -1 -1 -1 -1 -1 -1 1 
79 1 Car -1.000000 -1 -1 566.7437122521394 181.07828074007458 617.822722500737 230.54320707855948 -1 -1 -1 -1 -1 -1 -1 -1 1 
79 6 Car -1.000000 -1 -1 389.7539571371217 193.10530127312944 448.4983017773069 235.0859920817678 -1 -1 -1 -1 -1 -1 -1 -1 1 
79 7 Car -1.000000 -1 -1 508.08494829202573 185.650739868502 547.3787203344734 216.43067739438746 -1 -1 -1 -1 -1 -1 -1 -1 1 
80 1 Car -1.000000 -1 -1 567.3930874575834 182.414094814943 618.3825077528969 231.82030607170262 -1 -1 -1 -1 -1 -1 -1 -1 1 
80 6 Car -1.000000 -1 -1 362.4438835728488 195.86597768715845 430.56282812386416 243.86814701589134 -1 -1 -1 -1 -1 -1 -1 -1 1 
80 7 Car -1.000000 -1 -1 498.56202444440714 187.45325036506844 542.4556300090578 221.64801132796316 -1 -1 -1 -1 -1 -1 -1 -1 1 
81 1 Car -1.000000 -1 -1 568.1014548910961 182.57720334442675 618.9222954205461 231.8393035427221 -1 -1 -1 -1 -1 -1 -1 -1 1 
81 6 Car -1.000000 -1 -1 327.2243353259615 197.75088349978955 407.7159098341756 253.4694462414883 -1 -1 -1 -1 -1 -1 -1 -1 1 
81 7 Car -1.000000 -1 -1 486.7206381992969 187.99908591233103 536.2133877459569 226.27640374411934 -1 -1 -1 -1 -1 -1 -1 -1 1 
82 1 Car -1.000000 -1 -1 568.6062429941426 181.58698550591825 619.1825977333102 230.60960695182024 -1 -1 -1 -1 -1 -1 -1 -1 1 
82 6 Car -1.000000 -1 -1 316.6522645003908 199.17001528952036 400.3949323585454 257.13902250606344 -1 -1 -1 -1 -1 -1 -1 -1 1 
82 7 Car -1.000000 -1 -1 471.71537433491056 187.97604354604434 528.3421307905058 231.3650400111671 -1 -1 -1 -1 -1 -1 -1 -1 1 
83 1 Car -1.000000 -1 -1 568.979998427709 180.5654466127226 619.3975595595019 229.4285350392293 -1 -1 -1 -1 -1 -1 -1 -1 1 
83 7 Car -1.000000 -1 -1 452.07664970565395 187.77341973807256 518.0216576772029 237.77675940999939 -1 -1 -1 -1 -1 -1 -1 -1 1 
84 1 Car -1.000000 -1 -1 569.2866244164551 178.9740602677216 619.5990693484147 227.72999412137364 -1 -1 -1 -1 -1 -1 -1 -1 1 
84 7 Car -1.000000 -1 -1 425.45920511333566 187.44060161565392 504.2253223286778 246.4299886545526 -1 -1 -1 -1 -1 -1 -1 -1 1 
84 9 Car -1.000000 -1 -1 796.7493776285112 167.69112208462087 835.1369352207071 190.35727610419474 -1 -1 -1 -1 -1 -1 -1 -1 1 
85 1 Car -1.000000 -1 -1 569.5529176664088 176.10065707783536 619.806049137699 224.79385748738093 -1 -1 -1 -1 -1 -1 -1 -1 1 
85 7 Car -1.000000 -1 -1 387.34378443874425 186.96625329433 484.95173352811975 258.9384531911938 -1 -1 -1 -1 -1 -1 -1 -1 1 
85 9 Car -1.000000 -1 -1 801.0959277906389 165.7044100439901 840.4701089747815 188.9307835721245 -1 -1 -1 -1 -1 -1 -1 -1 1 
86 1 Car -1.000000 -1 -1 569.830751870938 175.687331550641 620.0482076110546 224.34145450937785 -1 -1 -1 -1 -1 -1 -1 -1 1 
86 7 Car -1.000000 -1 -1 378.97692799580483 187.36104312558479 480.5491120704471 262.25625786740216 -1 -1 -1 -1 -1 -1 -1 -1 1 
86 9 Car -1.000000 -1 -1 805.5568401052135 165.3570502827226 845.99054363686 189.1716475331571 -1 -1 -1 -1 -1 -1 -1 -1 1 
87 1 Car -1.000000 -1 -1 570.1139417674676 176.3275246534155 620.3042550546458 224.9515587553845 -1 -1 -1 -1 -1 -1 -1 -1 1 
87 9 Car -1.000000 -1 -1 810.1379332315754 165.5628465648059 851.7003891368706 189.98810563190887 -1 -1 -1 -1 -1 -1 -1 -1 1 
88 1 Car -1.000000 -1 -1 570.3972817712738 177.17445326865027 620.5625505684129 225.77104503729208 -1 -1 -1 -1 -1 -1 -1 -1 1 
88 9 Car -1.000000 -1 -1 814.9352298120751 165.09661269135378 857.7064793716846 190.15807882907794 -1 -1 -1 -1 -1 -1 -1 -1 1 
89 1 Car -1.000000 -1 -1 570.4359011122858 177.3535279642929 620.5748056719355 225.92174398830113 -1 -1 -1 -1 -1 -1 -1 -1 1 
89 9 Car -1.000000 -1 -1 819.9476837870802 164.3495950189005 864.0197375360069 190.07705345340364 -1 -1 -1 -1 -1 -1 -1 -1 1 
89 12 Car -1.000000 -1 -1 -46.59847815587466 213.19353928296053 233.21282282245744 374.4355020424824 -1 -1 -1 -1 -1 -1 -1 -1 1 
90 1 Car -1.000000 -1 -1 570.3827768573323 177.27785688199194 620.4943304736569 225.8170524749695 -1 -1 -1 -1 -1 -1 -1 -1 1 
90 9 Car -1.000000 -1 -1 825.1903330767642 163.46496826735452 870.6661857409575 189.89209368374625 -1 -1 -1 -1 -1 -1 -1 -1 1 
90 12 Car -1.000000 -1 -1 -92.25267906874035 218.9449939214117 185.16059008272038 378.8050869250515 -1 -1 -1 -1 -1 -1 -1 -1 1 
90 13 Car -1.000000 -1 -1 791.2622403134418 168.6535395989335 824.0204293475263 188.25821684925268 -1 -1 -1 -1 -1 -1 -1 -1 1 
91 1 Car -1.000000 -1 -1 570.2058921559756 176.78663922677075 620.3044719001923 225.3109233795214 -1 -1 -1 -1 -1 -1 -1 -1 1 
91 9 Car -1.000000 -1 -1 830.6836929902415 162.49418733600154 877.6768372370911 189.65838240062007 -1 -1 -1 -1 -1 -1 -1 -1 1 
91 13 Car -1.000000 -1 -1 795.297019751832 167.43001427957498 828.8782446033836 187.50777627632206 -1 -1 -1 -1 -1 -1 -1 -1 1 
92 1 Car -1.000000 -1 -1 569.9839535959352 176.1398358107344 620.0745713477182 224.65422150813563 -1 -1 -1 -1 -1 -1 -1 -1 1 
92 9 Car -1.000000 -1 -1 836.4510003162923 161.45393120378162 885.0855290829292 189.39638600530435 -1 -1 -1 -1 -1 -1 -1 -1 1 
92 13 Car -1.000000 -1 -1 799.5171977920191 166.14522183500316 833.9831496203013 186.71975898262613 -1 -1 -1 -1 -1 -1 -1 -1 1 
93 1 Car -1.000000 -1 -1 569.7468283070534 175.43670769445046 619.8309696749491 223.9427710900266 -1 -1 -1 -1 -1 -1 -1 -1 1 
93 9 Car -1.000000 -1 -1 842.685109508555 160.84744732870956 893.1422216870724 189.63829751365952 -1 -1 -1 -1 -1 -1 -1 -1 1 
93 13 Car -1.000000 -1 -1 803.8752126160682 164.81247214092224 839.2839544452949 185.90232828618454 -1 -1 -1 -1 -1 -1 -1 -1 1 
94 1 Car -1.000000 -1 -1 569.1998292156778 175.80086558761707 619.3358696472046 224.35540732219624 -1 -1 -1 -1 -1 -1 -1 -1 1 
94 9 Car -1.000000 -1 -1 849.3305602843645 160.3939386614879 901.7835022615158 190.09540988542346 -1 -1 -1 -1 -1 -1 -1 -1 1 
94 13 Car -1.000000 -1 -1 808.1911139621163 164.11082833311187 844.5886038652862 185.72551835716519 -1 -1 -1 -1 -1 -1 -1 -1 1 
95 1 Car -1.000000 -1 -1 568.5369121150981 176.5700013441348 618.7464463222618 225.1941712015936 -1 -1 -1 -1 -1 -1 -1 -1 1 
95 9 Car -1.000000 -1 -1 856.3888720620375 159.98233946470322 911.0182415860437 190.65723062554198 -1 -1 -1 -1 -1 -1 -1 -1 1 
95 13 Car -1.000000 -1 -1 812.7100218445825 164.0924765132006 850.174168202657 186.25758313433514 -1 -1 -1 -1 -1 -1 -1 -1 1 
96 1 Car -1.000000 -1 -1 567.6657752406808 176.70570408006816 617.9547254663453 225.40521450765505 -1 -1 -1 -1 -1 -1 -1 -1 1 
96 9 Car -1.000000 -1 -1 863.885812502339 159.56773903166254 920.8869897174054 191.28311668153682 -1 -1 -1 -1 -1 -1 -1 -1 1 
96 13 Car -1.000000 -1 -1 817.4363440618533 164.3305149955589 856.0517147179863 187.0735167783255 -1 -1 -1 -1 -1 -1 -1 -1 1 
97 1 Car -1.000000 -1 -1 566.7171718293974 176.5989295777896 617.0874397337658 225.3756122468326 -1 -1 -1 -1 -1 -1 -1 -1 1 
97 9 Car -1.000000 -1 -1 871.619274055214 157.88824404671055 931.2041562604791 190.71175532536725 -1 -1 -1 -1 -1 -1 -1 -1 1 
97 13 Car -1.000000 -1 -1 822.6157047180867 163.00294700345825 862.5298425805879 186.38512352182823 -1 -1 -1 -1 -1 -1 -1 -1 1 
98 1 Car -1.000000 -1 -1 565.7149054988366 176.45081484046977 616.1813478364024 225.31907248486854 -1 -1 -1 -1 -1 -1 -1 -1 1 
98 9 Car -1.000000 -1 -1 879.7614252452765 155.60131656554074 942.1697569765959 189.61075195854247 -1 -1 -1 -1 -1 -1 -1 -1 1 
98 13 Car -1.000000 -1 -1 828.1472029874851 160.99309756418288 869.4893193204668 185.06241828134162 -1 -1 -1 -1 -1 -1 -1 -1 1 
99 1 Car -1.000000 -1 -1 564.6822856776764 175.0815741694881 615.2474608220931 224.0435887777688 -1 -1 -1 -1 -1 -1 -1 -1 1 
99 9 Car -1.000000 -1 -1 888.584593439459 153.87631357686482 954.1184431862049 189.17537745127623 -1 -1 -1 -1 -1 -1 -1 -1 1 
99 13 Car -1.000000 -1 -1 833.3364253546009 159.7571625984047 876.1829117435225 184.53292801839444 -1 -1 -1 -1 -1 -1 -1 -1 1 
100 1 Car -1.000000 -1 -1 563.6558475704236 175.13609150943157 614.3251566263021 224.1973386328508 -1 -1 -1 -1 -1 -1 -1 -1 1 
100 9 Car -1.000000 -1 -1 898.0839282173799 152.30837886806776 967.0668931687724 189.0043567093589 -1 -1 -1 -1 -1 -1 -1 -1 1 
100 13 Car -1.000000 -1 -1 838.5608752790531 158.79529723122184 883.015897509171 184.3114000231044 -1 -1 -1 -1 -1 -1 -1 -1 1 
100 14 Car -1.000000 -1 -1 816.7505375105779 167.96646156795703 852.1763350854952 185.37688820722707 -1 -1 -1 -1 -1 -1 -1 -1 1 
101 1 Car -1.000000 -1 -1 563.0707425315518 176.96630377438785 613.8865327261832 226.1683481337847 -1 -1 -1 -1 -1 -1 -1 -1 1 
101 9 Car -1.000000 -1 -1 908.7488905305459 152.00950425731932 981.4832705706638 190.21293628697902 -1 -1 -1 -1 -1 -1 -1 -1 1 
101 13 Car -1.000000 -1 -1 844.7251291689994 159.16141185136797 890.9210094306901 185.46049223586166 -1 -1 -1 -1 -1 -1 -1 -1 1 
101 14 Car -1.000000 -1 -1 822.3020267549382 169.23098178616237 858.8021041613852 187.14929936423783 -1 -1 -1 -1 -1 -1 -1 -1 1 
102 1 Car -1.000000 -1 -1 562.6399577679107 177.99873050267584 613.614680953404 227.35375613570315 -1 -1 -1 -1 -1 -1 -1 -1 1 
102 9 Car -1.000000 -1 -1 920.4279398779518 152.23720315467415 997.2663803806346 192.07454062322137 -1 -1 -1 -1 -1 -1 -1 -1 1 
102 13 Car -1.000000 -1 -1 851.4978982712233 160.0877914794297 899.5822071826155 187.21826133345505 -1 -1 -1 -1 -1 -1 -1 -1 1 
102 14 Car -1.000000 -1 -1 828.1772688954416 170.6936697880749 865.8433313781586 189.15067109801348 -1 -1 -1 -1 -1 -1 -1 -1 1 
103 1 Car -1.000000 -1 -1 562.2594611122115 177.95796922737506 613.3961672740319 227.46885989082693 -1 -1 -1 -1 -1 -1 -1 -1 1 
103 9 Car -1.000000 -1 -1 933.2015127990497 151.62724047389156 1014.6719796702689 193.25745096919854 -1 -1 -1 -1 -1 -1 -1 -1 1 
103 13 Car -1.000000 -1 -1 859.6071615406811 159.95729384123337 909.8501185953459 188.02693889460085 -1 -1 -1 -1 -1 -1 -1 -1 1 
103 14 Car -1.000000 -1 -1 834.3966733942843 170.45514768568626 873.3131584418464 189.47404326744584 -1 -1 -1 -1 -1 -1 -1 -1 1 
104 1 Car -1.000000 -1 -1 561.8934891306436 177.20279463043443 613.192877393625 226.8701013170284 -1 -1 -1 -1 -1 -1 -1 -1 1 
104 9 Car -1.000000 -1 -1 947.0984973885921 150.61294939570217 1033.7907808901277 194.20980032424748 -1 -1 -1 -1 -1 -1 -1 -1 1 
104 13 Car -1.000000 -1 -1 868.6084330921769 159.3695327499851 921.2565316531673 188.46652637029806 -1 -1 -1 -1 -1 -1 -1 -1 1 
104 14 Car -1.000000 -1 -1 841.4093421848307 170.11331222223225 881.6931700742481 189.72967511863615 -1 -1 -1 -1 -1 -1 -1 -1 1 
105 1 Car -1.000000 -1 -1 561.5321236286428 176.2870000620984 612.9949997659381 226.11142622372105 -1 -1 -1 -1 -1 -1 -1 -1 1 
105 9 Car -1.000000 -1 -1 962.2275187220106 149.3574985737991 1054.8165860323074 195.1175497204846 -1 -1 -1 -1 -1 -1 -1 -1 1 
105 13 Car -1.000000 -1 -1 878.0830910884558 158.57570148129307 933.3241998134665 188.75191944682643 -1 -1 -1 -1 -1 -1 -1 -1 1 
105 14 Car -1.000000 -1 -1 848.9708164656984 169.72997510362063 890.749186366516 189.98079303177704 -1 -1 -1 -1 -1 -1 -1 -1 1 
105 15 Car -1.000000 -1 -1 531.1963979610018 178.84938659011036 550.1809211072116 195.52862996060895 -1 -1 -1 -1 -1 -1 -1 -1 1 
106 1 Car -1.000000 -1 -1 561.9578593429129 175.9061859667794 613.5896127244598 225.8930347612847 -1 -1 -1 -1 -1 -1 -1 -1 1 
106 9 Car -1.000000 -1 -1 978.746571916394 147.91374483243385 1078.0159536848785 196.06299741046138 -1 -1 -1 -1 -1 -1 -1 -1 1 
106 13 Car -1.000000 -1 -1 888.1592784577481 157.65627509621433 946.2307096212808 188.98450301380507 -1 -1 -1 -1 -1 -1 -1 -1 1 
106 14 Car -1.000000 -1 -1 857.0255410101839 169.32264009297052 900.4404616491456 190.24851414544972 -1 -1 -1 -1 -1 -1 -1 -1 1 
106 15 Car -1.000000 -1 -1 528.1829546620883 178.47373959460543 548.1014625479636 195.9616447988652 -1 -1 -1 -1 -1 -1 -1 -1 1 
107 1 Car -1.000000 -1 -1 562.6841727362169 175.73112532085273 614.487137822719 225.88272778232397 -1 -1 -1 -1 -1 -1 -1 -1 1 
107 9 Car -1.000000 -1 -1 997.1516135830672 146.4914189872125 1103.976259973491 197.2957181777866 -1 -1 -1 -1 -1 -1 -1 -1 1 
107 13 Car -1.000000 -1 -1 898.9849211070456 156.7423651028945 960.1693970335392 189.3094780767823 -1 -1 -1 -1 -1 -1 -1 -1 1 
107 14 Car -1.000000 -1 -1 865.5870051339595 168.8942550116972 910.7974731367599 190.5403107490861 -1 -1 -1 -1 -1 -1 -1 -1 1 
107 15 Car -1.000000 -1 -1 524.892679251293 178.2037315978262 545.8536123144409 196.58633049562638 -1 -1 -1 -1 -1 -1 -1 -1 1 
108 1 Car -1.000000 -1 -1 563.5242424536663 175.63487701340188 615.4996361442747 225.95246940270897 -1 -1 -1 -1 -1 -1 -1 -1 1 
108 9 Car -1.000000 -1 -1 1017.5578840886595 144.97481104711636 1132.982184265028 198.7442901574612 -1 -1 -1 -1 -1 -1 -1 -1 1 
108 13 Car -1.000000 -1 -1 910.6226934042656 155.78404645149553 975.2450028136108 189.6901093521795 -1 -1 -1 -1 -1 -1 -1 -1 1 
108 14 Car -1.000000 -1 -1 874.6971247690009 168.44287081653724 921.8811112761347 190.859408087486 -1 -1 -1 -1 -1 -1 -1 -1 1 
108 15 Car -1.000000 -1 -1 521.3073233394281 177.9512591495164 543.4199375642438 197.31222447612905 -1 -1 -1 -1 -1 -1 -1 -1 1 
109 1 Car -1.000000 -1 -1 564.4066854862299 175.56851670710722 616.555343787391 226.05295441105068 -1 -1 -1 -1 -1 -1 -1 -1 1 
109 9 Car -1.000000 -1 -1 1040.2219069396153 143.29798661150144 1165.50795786378 200.39934949643978 -1 -1 -1 -1 -1 -1 -1 -1 1 
109 13 Car -1.000000 -1 -1 923.160276722411 154.75538291783 991.5925109288662 190.1143029870033 -1 -1 -1 -1 -1 -1 -1 -1 1 
109 14 Car -1.000000 -1 -1 884.3400456818852 167.82030425881067 933.6748693072819 191.05348075024725 -1 -1 -1 -1 -1 -1 -1 -1 1 
109 15 Car -1.000000 -1 -1 517.3643891354145 177.6845420897533 540.7587144121201 198.1223337280445 -1 -1 -1 -1 -1 -1 -1 -1 1 
110 1 Car -1.000000 -1 -1 565.3045602200162 175.51320254155834 617.6272189974305 226.16523313333528 -1 -1 -1 -1 -1 -1 -1 -1 1 
110 9 Car -1.000000 -1 -1 1065.5074161052346 141.4097425612874 1202.198323977567 202.28164378478488 -1 -1 -1 -1 -1 -1 -1 -1 1 
110 13 Car -1.000000 -1 -1 936.7055593700138 153.638902263437 1009.375427077079 190.58024079101943 -1 -1 -1 -1 -1 -1 -1 -1 1 
110 14 Car -1.000000 -1 -1 894.6146137019937 167.1001200348953 946.3112581635291 191.2073952472175 -1 -1 -1 -1 -1 -1 -1 -1 1 
110 15 Car -1.000000 -1 -1 512.988216549143 177.38980911274575 537.8217200418328 199.02295855121395 -1 -1 -1 -1 -1 -1 -1 -1 1 
111 1 Car -1.000000 -1 -1 565.8314393965844 175.9090064262254 618.3225633407732 226.72340969841161 -1 -1 -1 -1 -1 -1 -1 -1 1 
111 9 Car -1.000000 -1 -1 1084.9814919742544 139.4888514482887 1231.3621787859458 204.43111569003426 -1 -1 -1 -1 -1 -1 -1 -1 1 
111 13 Car -1.000000 -1 -1 951.3870210205994 152.41914758963415 1028.788988532831 191.0907661370077 -1 -1 -1 -1 -1 -1 -1 -1 1 
111 14 Car -1.000000 -1 -1 905.6080386308341 166.30704283480475 959.9086816473852 191.3550383838322 -1 -1 -1 -1 -1 -1 -1 -1 1 
111 15 Car -1.000000 -1 -1 508.0762177076642 177.90373688884424 534.5239766303928 200.86790318133865 -1 -1 -1 -1 -1 -1 -1 -1 1 
112 1 Car -1.000000 -1 -1 566.215603110648 176.47788015207522 618.8734280114576 227.45307000896278 -1 -1 -1 -1 -1 -1 -1 -1 1 
112 9 Car -1.000000 -1 -1 1101.0377443879495 137.75066402962779 1253.2118833658908 206.66313509884955 -1 -1 -1 -1 -1 -1 -1 -1 1 
112 13 Car -1.000000 -1 -1 967.0359520105383 152.1877318703031 1049.6896771029212 192.73519916148024 -1 -1 -1 -1 -1 -1 -1 -1 1 
112 14 Car -1.000000 -1 -1 917.4456772227696 166.53571585987922 974.6341109882173 192.60380540499835 -1 -1 -1 -1 -1 -1 -1 -1 1 
112 15 Car -1.000000 -1 -1 502.5336706398565 178.81078733119435 530.812835597173 203.27403604117399 -1 -1 -1 -1 -1 -1 -1 -1 1 
113 1 Car -1.000000 -1 -1 566.5452395116046 177.1128774180576 619.3694883642768 228.24869233714642 -1 -1 -1 -1 -1 -1 -1 -1 1 
113 9 Car -1.000000 -1 -1 1120.608186498289 137.55960825927798 1269.7129196784608 207.88545540782403 -1 -1 -1 -1 -1 -1 -1 -1 1 
113 13 Car -1.000000 -1 -1 983.9797556388747 152.3733143202199 1072.5202284493953 194.97809370568731 -1 -1 -1 -1 -1 -1 -1 -1 1 
113 14 Car -1.000000 -1 -1 930.2109693941741 167.2137516309442 990.6063409514819 194.38967958622112 -1 -1 -1 -1 -1 -1 -1 -1 1 
113 15 Car -1.000000 -1 -1 496.2250701101892 179.9509882357134 526.6183092181454 206.13427829609887 -1 -1 -1 -1 -1 -1 -1 -1 1 
114 1 Car -1.000000 -1 -1 566.8544766903738 177.7730853769297 619.8454759480555 229.06993426802913 -1 -1 -1 -1 -1 -1 -1 -1 1 
114 9 Car -1.000000 -1 -1 1144.0080401478824 136.99817488615577 1284.5159965381417 207.6973545726725 -1 -1 -1 -1 -1 -1 -1 -1 1 
114 13 Car -1.000000 -1 -1 1002.4815684176235 152.75067038516062 1097.6682738403827 197.62852100949817 -1 -1 -1 -1 -1 -1 -1 -1 1 
114 14 Car -1.000000 -1 -1 943.9625935673535 168.01435927492645 1007.9183612097954 196.39248192631032 -1 -1 -1 -1 -1 -1 -1 -1 1 
114 15 Car -1.000000 -1 -1 488.69139557053643 180.5173773194593 521.55316182573 208.69264061805794 -1 -1 -1 -1 -1 -1 -1 -1 1 
114 16 Car -1.000000 -1 -1 535.9096041163928 178.6533817720098 555.6091318202839 193.83752680537384 -1 -1 -1 -1 -1 -1 -1 -1 1 
115 1 Car -1.000000 -1 -1 567.0292826070449 176.3555245048321 620.201114288767 227.82674656312236 -1 -1 -1 -1 -1 -1 -1 -1 1 
115 9 Car -1.000000 -1 -1 1158.5836943184422 135.88607320024892 1303.0044414144488 208.5539903762784 -1 -1 -1 -1 -1 -1 -1 -1 1 
115 13 Car -1.000000 -1 -1 1022.9224727854673 150.38287314547247 1125.6974634878004 197.81939584649857 -1 -1 -1 -1 -1 -1 -1 -1 1 
115 14 Car -1.000000 -1 -1 958.8188445281637 166.2539730724311 1026.7371985785535 195.93921378155153 -1 -1 -1 -1 -1 -1 -1 -1 1 
115 15 Car -1.000000 -1 -1 480.0394069995132 179.78028942419164 515.7128154754115 210.1948890975696 -1 -1 -1 -1 -1 -1 -1 -1 1 
115 16 Car -1.000000 -1 -1 533.5398899773841 177.85524515258317 554.1712731259457 193.74686925415725 -1 -1 -1 -1 -1 -1 -1 -1 1 
116 1 Car -1.000000 -1 -1 567.1530657219138 174.13769525432826 620.5120276375386 225.78912921580655 -1 -1 -1 -1 -1 -1 -1 -1 1 
116 13 Car -1.000000 -1 -1 1045.5843311645103 146.6034376787409 1157.054428125883 196.91975637645436 -1 -1 -1 -1 -1 -1 -1 -1 1 
116 14 Car -1.000000 -1 -1 974.7195522848054 163.83342361366238 1047.0295249432424 194.9371507913425 -1 -1 -1 -1 -1 -1 -1 -1 1 
116 15 Car -1.000000 -1 -1 469.9230637835806 178.31633083151183 508.92994405237937 211.35823144779454 -1 -1 -1 -1 -1 -1 -1 -1 1 
116 16 Car -1.000000 -1 -1 531.0415276505828 175.95240883897094 552.7023719174783 192.61900743265332 -1 -1 -1 -1 -1 -1 -1 -1 1 
117 1 Car -1.000000 -1 -1 567.3547465581233 173.36563934225498 620.7952344553196 225.09513105574337 -1 -1 -1 -1 -1 -1 -1 -1 1 
117 13 Car -1.000000 -1 -1 1070.8377037257012 141.8864847339484 1192.3437387978208 195.45962707328513 -1 -1 -1 -1 -1 -1 -1 -1 1 
117 14 Car -1.000000 -1 -1 991.9706636406257 160.98060058305524 1069.1947378940292 193.63972501730404 -1 -1 -1 -1 -1 -1 -1 -1 1 
117 15 Car -1.000000 -1 -1 458.0441203418635 179.29151816213067 501.0752194887356 215.4709888061151 -1 -1 -1 -1 -1 -1 -1 -1 1 
117 16 Car -1.000000 -1 -1 528.0361061582265 176.69013821551647 550.8305846799669 194.20075153666897 -1 -1 -1 -1 -1 -1 -1 -1 1 
118 1 Car -1.000000 -1 -1 567.7422277914463 174.39615764967596 621.3183485026219 226.25635649296774 -1 -1 -1 -1 -1 -1 -1 -1 1 
118 13 Car -1.000000 -1 -1 1093.7230892461112 139.36884746139685 1224.804185163122 196.49144489301113 -1 -1 -1 -1 -1 -1 -1 -1 1 
118 14 Car -1.000000 -1 -1 1011.1665037453876 160.42923051527046 1094.0521326959888 194.8544171885381 -1 -1 -1 -1 -1 -1 -1 -1 1 
118 15 Car -1.000000 -1 -1 443.68113996886126 181.43114615757548 491.8271101935999 221.5868998732913 -1 -1 -1 -1 -1 -1 -1 -1 1 
118 16 Car -1.000000 -1 -1 524.6412945125539 178.51099832572248 548.6924232344057 196.9460780650575 -1 -1 -1 -1 -1 -1 -1 -1 1 
119 1 Car -1.000000 -1 -1 568.201921962781 176.1185365637013 621.9349121494706 228.1302368249734 -1 -1 -1 -1 -1 -1 -1 -1 1 
119 13 Car -1.000000 -1 -1 1110.637958198477 140.02457670162704 1247.9751044873174 200.82062001617257 -1 -1 -1 -1 -1 -1 -1 -1 1 
119 14 Car -1.000000 -1 -1 1033.051764241727 163.9790085916387 1122.4536536130856 200.39461657130872 -1 -1 -1 -1 -1 -1 -1 -1 1 
119 15 Car -1.000000 -1 -1 425.29771951225763 184.4006473180109 480.03355143258256 229.64906013267813 -1 -1 -1 -1 -1 -1 -1 -1 1 
119 16 Car -1.000000 -1 -1 520.8638053518094 180.9802695371866 546.4270226389121 200.53013747189505 -1 -1 -1 -1 -1 -1 -1 -1 1 
120 1 Car -1.000000 -1 -1 568.6902239145664 178.10554152362963 622.5886301779315 230.2772205658773 -1 -1 -1 -1 -1 -1 -1 -1 1 
120 13 Car -1.000000 -1 -1 1129.8410578974958 143.57809579707288 1264.9840551527875 205.69437295322936 -1 -1 -1 -1 -1 -1 -1 -1 1 
120 14 Car -1.000000 -1 -1 1055.7754202370875 166.2159623544139 1152.2911344484487 204.7281912286125 -1 -1 -1 -1 -1 -1 -1 -1 1 
120 15 Car -1.000000 -1 -1 401.34462111915707 186.1034464737409 464.3884574405225 237.64078245328582 -1 -1 -1 -1 -1 -1 -1 -1 1 
120 16 Car -1.000000 -1 -1 516.131334711616 182.33338772053744 543.3482964540933 203.08902274227012 -1 -1 -1 -1 -1 -1 -1 -1 1 
121 1 Car -1.000000 -1 -1 568.9090218819764 178.6780725658882 622.9659059236669 231.00296194903575 -1 -1 -1 -1 -1 -1 -1 -1 1 
121 13 Car -1.000000 -1 -1 1152.0763981143652 144.90093447186592 1279.6749250731777 207.34684787835357 -1 -1 -1 -1 -1 -1 -1 -1 1 
121 14 Car -1.000000 -1 -1 1080.8073974389413 164.97334913824216 1185.6097749230669 205.88444132373826 -1 -1 -1 -1 -1 -1 -1 -1 1 
121 15 Car -1.000000 -1 -1 370.77653357260476 183.91825039946832 444.0860614310456 242.9148014579317 -1 -1 -1 -1 -1 -1 -1 -1 1 
121 16 Car -1.000000 -1 -1 511.1117875519132 179.47385765972425 539.9740769973898 201.38964995441881 -1 -1 -1 -1 -1 -1 -1 -1 1 
122 1 Car -1.000000 -1 -1 569.0250763819721 178.70671906534213 623.2383317117739 231.18273265388297 -1 -1 -1 -1 -1 -1 -1 -1 1 
122 13 Car -1.000000 -1 -1 1167.0969956121512 144.2093122727126 1298.2453890755294 208.3924147894266 -1 -1 -1 -1 -1 -1 -1 -1 1 
122 14 Car -1.000000 -1 -1 1106.9866007050139 162.07413350541952 1220.7579764977422 205.68248746943618 -1 -1 -1 -1 -1 -1 -1 -1 1 
122 15 Car -1.000000 -1 -1 329.34517234350324 182.6858314001032 417.3218536453428 252.09681670108154 -1 -1 -1 -1 -1 -1 -1 -1 1 
122 16 Car -1.000000 -1 -1 504.628298749359 177.05403364243347 535.4811748138637 200.35666862382425 -1 -1 -1 -1 -1 -1 -1 -1 1 
123 1 Car -1.000000 -1 -1 569.1026595302451 178.5272223909903 623.4720458053844 231.15408530914755 -1 -1 -1 -1 -1 -1 -1 -1 1 
123 14 Car -1.000000 -1 -1 1125.593515252449 158.3299843307545 1244.9462752382406 204.68614516777728 -1 -1 -1 -1 -1 -1 -1 -1 1 
123 15 Car -1.000000 -1 -1 318.617072385325 182.85728693403263 410.16460166514054 255.08550029725518 -1 -1 -1 -1 -1 -1 -1 -1 1 
123 16 Car -1.000000 -1 -1 496.95351357302593 176.5491148708308 530.1524055441625 201.4626353132993 -1 -1 -1 -1 -1 -1 -1 -1 1 
124 1 Car -1.000000 -1 -1 569.1664869260538 178.26893373769744 623.6924866590655 231.04707498553387 -1 -1 -1 -1 -1 -1 -1 -1 1 
124 14 Car -1.000000 -1 -1 1145.4503117121249 154.85186964372292 1262.8375460560874 202.27914690070122 -1 -1 -1 -1 -1 -1 -1 -1 1 
124 16 Car -1.000000 -1 -1 488.9621711355452 177.11955958781203 524.9393250093426 203.91878863170993 -1 -1 -1 -1 -1 -1 -1 -1 1 
125 1 Car -1.000000 -1 -1 569.2260042768355 177.98150632690738 623.9093841192964 230.91163422374566 -1 -1 -1 -1 -1 -1 -1 -1 1 
125 14 Car -1.000000 -1 -1 1160.9984928615215 154.0597540675703 1281.9209678509867 202.91527715690444 -1 -1 -1 -1 -1 -1 -1 -1 1 
125 16 Car -1.000000 -1 -1 479.7557635783583 179.27084627211576 519.0090200617439 208.26388223846033 -1 -1 -1 -1 -1 -1 -1 -1 1 
125 20 Car -1.000000 -1 -1 635.6612032834638 172.1813104897675 652.5465792324156 187.22775818444276 -1 -1 -1 -1 -1 -1 -1 -1 1 
126 1 Car -1.000000 -1 -1 569.2847737599407 177.68384561030894 624.1264117505303 230.7667797340349 -1 -1 -1 -1 -1 -1 -1 -1 1 
126 16 Car -1.000000 -1 -1 468.84192385784576 182.1630399037394 512.2859842332457 213.97918897386077 -1 -1 -1 -1 -1 -1 -1 -1 1 
126 20 Car -1.000000 -1 -1 636.3456375734116 173.78828300880593 653.6175784059375 189.17634732558554 -1 -1 -1 -1 -1 -1 -1 -1 1 
127 1 Car -1.000000 -1 -1 569.3440938820017 177.38301100683856 624.3449152607652 230.6196198650858 -1 -1 -1 -1 -1 -1 -1 -1 1 
127 16 Car -1.000000 -1 -1 454.78916970011306 184.252221224317 503.2586887050993 219.3988093086278 -1 -1 -1 -1 -1 -1 -1 -1 1 
127 20 Car -1.000000 -1 -1 637.0606738053856 175.47109594794864 654.739451118367 191.21690755181396 -1 -1 -1 -1 -1 -1 -1 -1 1 
128 1 Car -1.000000 -1 -1 569.4043984874926 177.08151447978344 624.5653501829813 230.47269072282143 -1 -1 -1 -1 -1 -1 -1 -1 1 
128 16 Car -1.000000 -1 -1 437.3036140300223 186.19197905334732 492.0028387411545 225.40328017741658 -1 -1 -1 -1 -1 -1 -1 -1 1 
128 20 Car -1.000000 -1 -1 637.7982412901509 177.21165621714576 655.900298186868 193.32750055311317 -1 -1 -1 -1 -1 -1 -1 -1 1 
129 1 Car -1.000000 -1 -1 569.308173717074 176.83545906360106 624.6438946828201 230.39537207573966 -1 -1 -1 -1 -1 -1 -1 -1 1 
129 16 Car -1.000000 -1 -1 416.3956768109161 187.242181544458 478.74432442144314 231.32806367139762 -1 -1 -1 -1 -1 -1 -1 -1 1 
129 20 Car -1.000000 -1 -1 638.4099987325734 177.64423182140263 656.957918404438 194.14765249049893 -1 -1 -1 -1 -1 -1 -1 -1 1 
130 1 Car -1.000000 -1 -1 569.1524112822592 176.6108334744078 624.6691980832037 230.34557918107365 -1 -1 -1 -1 -1 -1 -1 -1 1 
130 16 Car -1.000000 -1 -1 390.1979590826511 187.9867179013422 462.42721503888555 238.228110972338 -1 -1 -1 -1 -1 -1 -1 -1 1 
130 20 Car -1.000000 -1 -1 638.991612667986 177.60405785479253 658.0086346577684 194.5129030260431 -1 -1 -1 -1 -1 -1 -1 -1 1 
131 1 Car -1.000000 -1 -1 568.9743496865955 176.39437076724045 624.675298064581 230.3069480970671 -1 -1 -1 -1 -1 -1 -1 -1 1 
131 16 Car -1.000000 -1 -1 356.0672470497782 188.69125656589918 441.6285366294595 247.0433043345934 -1 -1 -1 -1 -1 -1 -1 -1 1 
131 20 Car -1.000000 -1 -1 639.5793452049651 177.39251470606206 659.0905519821954 194.72603099702314 -1 -1 -1 -1 -1 -1 -1 -1 1 
132 1 Car -1.000000 -1 -1 568.7882021161284 176.1808606140532 624.6751884165024 230.27308959677563 -1 -1 -1 -1 -1 -1 -1 -1 1 
132 16 Car -1.000000 -1 -1 308.7248461343145 191.132111770485 414.0725582805475 261.3509551916359 -1 -1 -1 -1 -1 -1 -1 -1 1 
132 20 Car -1.000000 -1 -1 640.187935406667 177.11842138087457 660.2206005907059 194.8975881491873 -1 -1 -1 -1 -1 -1 -1 -1 1 
133 1 Car -1.000000 -1 -1 568.5993104896061 175.96821074554242 624.6737546311974 230.24147063855582 -1 -1 -1 -1 -1 -1 -1 -1 1 
133 16 Car -1.000000 -1 -1 297.14924515272565 191.7892861836339 406.73672683081264 264.8340277252215 -1 -1 -1 -1 -1 -1 -1 -1 1 
133 20 Car -1.000000 -1 -1 640.8242848125749 176.82002572789352 661.408044979132 195.06771687716034 -1 -1 -1 -1 -1 -1 -1 -1 1 
134 1 Car -1.000000 -1 -1 568.2802009783591 176.6306074066181 624.5229809182935 231.06650900732657 -1 -1 -1 -1 -1 -1 -1 -1 1 
134 20 Car -1.000000 -1 -1 641.4072446650066 177.79427393410404 662.5627418743641 196.52789778829592 -1 -1 -1 -1 -1 -1 -1 -1 1 
134 24 Car -1.000000 -1 -1 821.6806201053698 165.09532606608028 854.6202951453807 187.59908816369247 -1 -1 -1 -1 -1 -1 -1 -1 1 
135 1 Car -1.000000 -1 -1 567.9113257405826 177.62906269184845 624.3155782779683 232.22106800612397 -1 -1 -1 -1 -1 -1 -1 -1 1 
135 20 Car -1.000000 -1 -1 641.9885410238855 179.32180804822275 663.7431847402577 198.5647645559999 -1 -1 -1 -1 -1 -1 -1 -1 1 
135 24 Car -1.000000 -1 -1 827.3879721440674 166.01216122822845 861.2623675156062 189.12933689291057 -1 -1 -1 -1 -1 -1 -1 -1 1 
136 1 Car -1.000000 -1 -1 567.5236037315921 178.75590681455606 624.0872036203349 233.50205038653723 -1 -1 -1 -1 -1 -1 -1 -1 1 
136 20 Car -1.000000 -1 -1 642.5635556485539 181.07287623913686 665.0015484403779 200.90571315249687 -1 -1 -1 -1 -1 -1 -1 -1 1 
136 24 Car -1.000000 -1 -1 833.3970441508336 166.98075486608838 868.2824397215865 190.74595678257054 -1 -1 -1 -1 -1 -1 -1 -1 1 
136 26 Car -1.000000 -1 -1 813.253976301209 173.8831397392065 845.9842127590996 190.93757042346869 -1 -1 -1 -1 -1 -1 -1 -1 1 
137 1 Car -1.000000 -1 -1 567.8292875105831 178.21670925001783 624.5495875713955 233.1141430825441 -1 -1 -1 -1 -1 -1 -1 -1 1 
137 20 Car -1.000000 -1 -1 643.7617422472181 180.57604026243726 666.8332181559474 200.94190830573623 -1 -1 -1 -1 -1 -1 -1 -1 1 
137 24 Car -1.000000 -1 -1 839.6462706614269 167.99199551137835 875.616247633023 192.4337388347663 -1 -1 -1 -1 -1 -1 -1 -1 1 
137 26 Car -1.000000 -1 -1 818.6075092367072 173.28791067466068 852.2114007237932 190.77930694131467 -1 -1 -1 -1 -1 -1 -1 -1 1 
138 1 Car -1.000000 -1 -1 568.4011310285496 177.03717541551322 625.2780979655353 232.0856370261577 -1 -1 -1 -1 -1 -1 -1 -1 1 
138 20 Car -1.000000 -1 -1 645.2288755055271 179.0749017543334 668.9999642196092 200.0264208444364 -1 -1 -1 -1 -1 -1 -1 -1 1 
138 24 Car -1.000000 -1 -1 846.4530157319483 166.76219092845062 883.5778420542763 191.90333902317866 -1 -1 -1 -1 -1 -1 -1 -1 1 
138 26 Car -1.000000 -1 -1 824.1596928597014 172.1814282911342 858.7060889212386 190.13300491348897 -1 -1 -1 -1 -1 -1 -1 -1 1 
139 1 Car -1.000000 -1 -1 569.0745386414892 175.61259994429915 626.1091146909957 230.81282180968788 -1 -1 -1 -1 -1 -1 -1 -1 1 
139 20 Car -1.000000 -1 -1 646.8561798907908 177.1116894174499 671.3838702061613 198.69270774425814 -1 -1 -1 -1 -1 -1 -1 -1 1 
139 24 Car -1.000000 -1 -1 853.6877475030359 164.64468732005201 892.0582040539219 190.51846163735559 -1 -1 -1 -1 -1 -1 -1 -1 1 
139 26 Car -1.000000 -1 -1 829.8886832668468 170.89714575925314 865.443451375156 189.32755821093144 -1 -1 -1 -1 -1 -1 -1 -1 1 
140 1 Car -1.000000 -1 -1 569.7863560992145 174.0947826896178 626.9798327827006 229.44788200391028 -1 -1 -1 -1 -1 -1 -1 -1 1 
140 20 Car -1.000000 -1 -1 648.7556560397279 175.898540984773 674.0985886661072 198.15229929793236 -1 -1 -1 -1 -1 -1 -1 -1 1 
140 24 Car -1.000000 -1 -1 861.3521213200099 162.82591745835865 901.0743001337885 189.47230207880736 -1 -1 -1 -1 -1 -1 -1 -1 1 
140 26 Car -1.000000 -1 -1 836.1387093190175 169.41683945851602 872.7916033811695 188.35471497213146 -1 -1 -1 -1 -1 -1 -1 -1 1 
141 1 Car -1.000000 -1 -1 570.5125776915686 172.54154354911205 627.8663542020658 228.0487842590698 -1 -1 -1 -1 -1 -1 -1 -1 1 
141 20 Car -1.000000 -1 -1 650.8371944906237 174.95798917923776 677.0572192555317 197.92954482511044 -1 -1 -1 -1 -1 -1 -1 -1 1 
141 24 Car -1.000000 -1 -1 869.4611980008284 161.6740191608723 910.6545399332796 189.13842478048107 -1 -1 -1 -1 -1 -1 -1 -1 1 
141 26 Car -1.000000 -1 -1 842.7768452518634 167.822362013568 880.621592888309 187.2957825644579 -1 -1 -1 -1 -1 -1 -1 -1 1 
142 1 Car -1.000000 -1 -1 571.7916255628232 172.85676828851905 629.2964333612634 228.5089814990909 -1 -1 -1 -1 -1 -1 -1 -1 1 
142 20 Car -1.000000 -1 -1 653.2003569187052 175.0693172033633 680.3665877422881 198.80774289988247 -1 -1 -1 -1 -1 -1 -1 -1 1 
142 24 Car -1.000000 -1 -1 878.0414315948482 160.75708480016 920.8385344716964 189.0900862865663 -1 -1 -1 -1 -1 -1 -1 -1 1 
142 26 Car -1.000000 -1 -1 850.0989446488777 167.55009700683627 889.2403634065834 187.5889692384864 -1 -1 -1 -1 -1 -1 -1 -1 1 
143 1 Car -1.000000 -1 -1 573.2859333940041 174.1813919274301 630.9388601216248 229.97550446729215 -1 -1 -1 -1 -1 -1 -1 -1 1 
143 20 Car -1.000000 -1 -1 655.7731909579186 175.62950133956164 683.9614350638534 200.18825595081205 -1 -1 -1 -1 -1 -1 -1 -1 1 
143 24 Car -1.000000 -1 -1 887.0931432015768 160.49753897758555 931.6445979320599 189.75641311066272 -1 -1 -1 -1 -1 -1 -1 -1 1 
143 26 Car -1.000000 -1 -1 857.9363555256291 167.79629976011282 898.4899555367671 188.43327299565192 -1 -1 -1 -1 -1 -1 -1 -1 1 
144 1 Car -1.000000 -1 -1 574.8543534055664 175.0621275380375 632.654261107371 230.996774086895 -1 -1 -1 -1 -1 -1 -1 -1 1 
144 20 Car -1.000000 -1 -1 657.966352125574 176.1377664211606 687.2474749336286 201.56866158678437 -1 -1 -1 -1 -1 -1 -1 -1 1 
144 24 Car -1.000000 -1 -1 896.6892370440503 160.4998544157415 943.1605513510847 190.74722121248624 -1 -1 -1 -1 -1 -1 -1 -1 1 
144 26 Car -1.000000 -1 -1 866.250948044824 168.2556658332308 908.3440640146654 189.5266161862618 -1 -1 -1 -1 -1 -1 -1 -1 1 
145 1 Car -1.000000 -1 -1 576.4500713600765 175.64017406746885 634.3970889099941 231.71520400725967 -1 -1 -1 -1 -1 -1 -1 -1 1 
145 20 Car -1.000000 -1 -1 660.0911164150907 176.64547754016255 690.548800139219 203.010035452785 -1 -1 -1 -1 -1 -1 -1 -1 1 
145 24 Car -1.000000 -1 -1 906.8962534777974 160.6092856883854 955.4706251331482 191.91423020548538 -1 -1 -1 -1 -1 -1 -1 -1 1 
145 26 Car -1.000000 -1 -1 874.391389316431 168.79056128302705 918.1246281403481 190.71654830587804 -1 -1 -1 -1 -1 -1 -1 -1 1 
146 1 Car -1.000000 -1 -1 578.052748627982 175.69861960220956 636.1474597306839 231.91434502209253 -1 -1 -1 -1 -1 -1 -1 -1 1 
146 20 Car -1.000000 -1 -1 662.2802477690717 177.17552994032698 694.0100374166981 204.54383748943283 -1 -1 -1 -1 -1 -1 -1 -1 1 
146 24 Car -1.000000 -1 -1 917.7830604313185 160.7657804912067 968.6644140000732 193.2049063864442 -1 -1 -1 -1 -1 -1 -1 -1 1 
146 26 Car -1.000000 -1 -1 882.7492997747004 169.37121587697797 928.2541579512059 191.98637749159118 -1 -1 -1 -1 -1 -1 -1 -1 1 
147 1 Car -1.000000 -1 -1 579.6483014576426 175.88823356970096 637.8868417430134 232.2406291334531 -1 -1 -1 -1 -1 -1 -1 -1 1 
147 20 Car -1.000000 -1 -1 664.5969682945894 177.73992628481562 697.7070866728525 206.190978653974 -1 -1 -1 -1 -1 -1 -1 -1 1 
147 24 Car -1.000000 -1 -1 929.4252861811941 160.94667753076502 982.8418762787314 194.6052630256643 -1 -1 -1 -1 -1 -1 -1 -1 1 
147 26 Car -1.000000 -1 -1 891.5053721417814 169.98856234028838 938.9345896466983 193.3347029281272 -1 -1 -1 -1 -1 -1 -1 -1 1 
148 1 Car -1.000000 -1 -1 581.2424973149986 176.12810015410142 639.6240260340049 232.6160550215828 -1 -1 -1 -1 -1 -1 -1 -1 1 
148 20 Car -1.000000 -1 -1 667.0784177672372 178.34678678788052 701.691488261765 207.9695418869935 -1 -1 -1 -1 -1 -1 -1 -1 1 
148 24 Car -1.000000 -1 -1 941.3239323908819 161.65515865524628 997.5112311119294 196.61987550458886 -1 -1 -1 -1 -1 -1 -1 -1 1 
148 26 Car -1.000000 -1 -1 900.7615879859161 170.64208069172446 950.2868946418738 194.76694662393876 -1 -1 -1 -1 -1 -1 -1 -1 1 
149 1 Car -1.000000 -1 -1 582.8379426344637 176.3871083000602 641.3627851935629 233.01062904538838 -1 -1 -1 -1 -1 -1 -1 -1 1 
149 20 Car -1.000000 -1 -1 669.7532978765912 179.00324673963541 706.0087466820125 209.8981631989259 -1 -1 -1 -1 -1 -1 -1 -1 1 
149 24 Car -1.000000 -1 -1 953.8823242456014 162.62079566268574 1013.11446807566 198.9937766258699 -1 -1 -1 -1 -1 -1 -1 -1 1 
149 26 Car -1.000000 -1 -1 910.592727768385 171.33475227611808 962.4056801374418 196.29174905301528 -1 -1 -1 -1 -1 -1 -1 -1 1 
150 1 Car -1.000000 -1 -1 584.4360143962132 176.65337321286017 643.1049443450622 233.41288916997541 -1 -1 -1 -1 -1 -1 -1 -1 1 
150 20 Car -1.000000 -1 -1 671.8158751559193 179.75102691938827 709.860027739392 212.03170011362633 -1 -1 -1 -1 -1 -1 -1 -1 1 
150 24 Car -1.000000 -1 -1 967.1932556052416 165.03813443537183 1029.782947973702 202.93587694436795 -1 -1 -1 -1 -1 -1 -1 -1 1 
150 26 Car -1.000000 -1 -1 920.8682007381559 174.80805613745824 975.1878194821018 200.6596828965025 -1 -1 -1 -1 -1 -1 -1 -1 1 
151 1 Car -1.000000 -1 -1 586.0375742792464 176.92242150463977 644.8515389255094 233.8185196172417 -1 -1 -1 -1 -1 -1 -1 -1 1 
151 20 Car -1.000000 -1 -1 673.7108161276461 180.54575659011257 713.7475907067234 214.3772164124977 -1 -1 -1 -1 -1 -1 -1 -1 1 
151 24 Car -1.000000 -1 -1 981.3011590216076 163.72780513963176 1047.5711979316711 203.2632307561085 -1 -1 -1 -1 -1 -1 -1 -1 1 
151 26 Car -1.000000 -1 -1 931.9485958071584 173.7497483897477 989.0241174261096 200.5668085546157 -1 -1 -1 -1 -1 -1 -1 -1 1 
152 1 Car -1.000000 -1 -1 587.4765961940805 176.76868226797674 646.4375172363715 233.80320656169283 -1 -1 -1 -1 -1 -1 -1 -1 1 
152 20 Car -1.000000 -1 -1 676.521917908002 177.82403178381432 718.6639943624368 213.27040285504683 -1 -1 -1 -1 -1 -1 -1 -1 1 
152 24 Car -1.000000 -1 -1 996.4762709469857 160.73120241754395 1066.8173678179287 202.04431585081434 -1 -1 -1 -1 -1 -1 -1 -1 1 
152 26 Car -1.000000 -1 -1 943.7138593287185 170.2110578609465 1003.8189564185466 198.07032432229673 -1 -1 -1 -1 -1 -1 -1 -1 1 
153 1 Car -1.000000 -1 -1 588.8563630411438 176.45310191221876 647.9654878915679 233.62724022872803 -1 -1 -1 -1 -1 -1 -1 -1 1 
153 20 Car -1.000000 -1 -1 679.4150094291333 176.5411097947778 723.8915757619284 213.77223788658998 -1 -1 -1 -1 -1 -1 -1 -1 1 
153 24 Car -1.000000 -1 -1 1012.924585476175 156.83566379172575 1087.796981100061 200.0907960403501 -1 -1 -1 -1 -1 -1 -1 -1 1 
153 26 Car -1.000000 -1 -1 956.3336364714446 166.94890113893283 1019.7755642405771 195.93470381614247 -1 -1 -1 -1 -1 -1 -1 -1 1 
154 1 Car -1.000000 -1 -1 590.216843380664 176.07612381259872 649.4751596230471 233.390809493007 -1 -1 -1 -1 -1 -1 -1 -1 1 
154 20 Car -1.000000 -1 -1 682.8624337033046 177.02095724016388 729.969442263154 216.25155296292158 -1 -1 -1 -1 -1 -1 -1 -1 1 
154 24 Car -1.000000 -1 -1 1031.1159368085243 154.69526555713583 1111.0945311347296 200.09796765142323 -1 -1 -1 -1 -1 -1 -1 -1 1 
154 26 Car -1.000000 -1 -1 969.9602242951457 166.15017818904462 1037.0878781278648 196.35616428723017 -1 -1 -1 -1 -1 -1 -1 -1 1 
155 1 Car -1.000000 -1 -1 591.5735515767266 175.67625854392276 650.9819446427292 233.1323229159455 -1 -1 -1 -1 -1 -1 -1 -1 1 
155 20 Car -1.000000 -1 -1 686.7782801572467 178.32105278464147 736.8477899394686 219.78764575634904 -1 -1 -1 -1 -1 -1 -1 -1 1 
155 24 Car -1.000000 -1 -1 1051.1465888681016 153.19697998864308 1136.8944551057248 200.97702320294408 -1 -1 -1 -1 -1 -1 -1 -1 1 
155 26 Car -1.000000 -1 -1 984.0943474890372 165.6518145443888 1055.246147772097 197.16030648046348 -1 -1 -1 -1 -1 -1 -1 -1 1 
156 1 Car -1.000000 -1 -1 592.9325527087683 175.26813368196056 652.4918699101179 232.86636814043194 -1 -1 -1 -1 -1 -1 -1 -1 1 
156 20 Car -1.000000 -1 -1 690.8569336108816 178.98932162063187 744.2522695902856 222.93994142978983 -1 -1 -1 -1 -1 -1 -1 -1 1 
156 24 Car -1.000000 -1 -1 1072.953836291275 151.95489728107097 1165.1827969446038 202.3416625880064 -1 -1 -1 -1 -1 -1 -1 -1 1 
156 26 Car -1.000000 -1 -1 999.160531635791 165.255520507633 1074.7568413138742 198.1741227148364 -1 -1 -1 -1 -1 -1 -1 -1 1 
157 1 Car -1.000000 -1 -1 594.2962598816309 174.85718253974 654.0073351867243 232.59836300261102 -1 -1 -1 -1 -1 -1 -1 -1 1 
157 20 Car -1.000000 -1 -1 695.2969545840281 179.4219137231127 752.4677641346328 226.16367802852923 -1 -1 -1 -1 -1 -1 -1 -1 1 
157 24 Car -1.000000 -1 -1 1096.9495919466815 150.7390150304551 1196.5427353309883 204.01985387464543 -1 -1 -1 -1 -1 -1 -1 -1 1 
157 26 Car -1.000000 -1 -1 1015.4217973169532 164.87958606777178 1095.961594121981 199.3364920616898 -1 -1 -1 -1 -1 -1 -1 -1 1 
158 1 Car -1.000000 -1 -1 595.6656714902045 174.44531233435023 655.5293361452299 232.3302097769851 -1 -1 -1 -1 -1 -1 -1 -1 1 
158 20 Car -1.000000 -1 -1 700.2338150840606 179.7823394061037 761.7303201733398 229.6890251061405 -1 -1 -1 -1 -1 -1 -1 -1 1 
158 24 Car -1.000000 -1 -1 1120.2918068236095 149.52360169361054 1227.0475188541388 205.96434629896345 -1 -1 -1 -1 -1 -1 -1 -1 1 
158 26 Car -1.000000 -1 -1 1033.0957788073817 164.4884000588894 1119.165841549619 200.632805906324 -1 -1 -1 -1 -1 -1 -1 -1 1 
159 1 Car -1.000000 -1 -1 597.0231447622523 174.5157857732565 657.0242037785579 232.52958734603587 -1 -1 -1 -1 -1 -1 -1 -1 1 
159 20 Car -1.000000 -1 -1 705.8442033903312 180.13085783126695 772.298851295011 233.62184412574632 -1 -1 -1 -1 -1 -1 -1 -1 1 
159 24 Car -1.000000 -1 -1 1137.6914328541059 148.18644317520724 1248.5779224662451 207.9436011111524 -1 -1 -1 -1 -1 -1 -1 -1 1 
159 26 Car -1.000000 -1 -1 1052.5914791942153 163.97562676927646 1144.9204909161206 201.9922894733292 -1 -1 -1 -1 -1 -1 -1 -1 1 
160 1 Car -1.000000 -1 -1 598.3793662171083 174.77081098927934 658.5124796907313 232.90823939585903 -1 -1 -1 -1 -1 -1 -1 -1 1 
160 20 Car -1.000000 -1 -1 712.2248097766218 180.4798936022153 784.4779432994433 238.11993366867273 -1 -1 -1 -1 -1 -1 -1 -1 1 
160 24 Car -1.000000 -1 -1 1156.4989452420605 147.731370683704 1264.8567994852053 208.8715764478217 -1 -1 -1 -1 -1 -1 -1 -1 1 
160 26 Car -1.000000 -1 -1 1074.0735620585149 163.37304493059375 1173.5100860692676 203.47063624277993 -1 -1 -1 -1 -1 -1 -1 -1 1 
161 1 Car -1.000000 -1 -1 599.7384878221936 175.09568283836472 660.0021055800731 233.35512944047807 -1 -1 -1 -1 -1 -1 -1 -1 1 
161 20 Car -1.000000 -1 -1 719.5350677443366 180.84772670867886 798.653293842651 243.34937470535553 -1 -1 -1 -1 -1 -1 -1 -1 1 
161 24 Car -1.000000 -1 -1 1171.4732230302882 146.89454620834172 1282.963426867815 209.8020630849856 -1 -1 -1 -1 -1 -1 -1 -1 1 
161 26 Car -1.000000 -1 -1 1097.8111172287597 162.6862473045153 1205.363897131718 205.10709325441385 -1 -1 -1 -1 -1 -1 -1 -1 1 
162 1 Car -1.000000 -1 -1 601.1021501987564 175.446378268542 661.496173130433 233.82764110502524 -1 -1 -1 -1 -1 -1 -1 -1 1 
162 20 Car -1.000000 -1 -1 727.7699428309132 181.34459696327656 815.2270927070518 249.72740927304352 -1 -1 -1 -1 -1 -1 -1 -1 1 
162 26 Car -1.000000 -1 -1 1117.9914882869875 162.0650303680225 1232.333358096332 206.938404636107 -1 -1 -1 -1 -1 -1 -1 -1 1 
163 1 Car -1.000000 -1 -1 601.9163507511773 176.10750672396307 662.464120411424 234.63321718576915 -1 -1 -1 -1 -1 -1 -1 -1 1 
163 20 Car -1.000000 -1 -1 737.3647129159182 181.9535579232063 835.0292571144349 257.4825155823903 -1 -1 -1 -1 -1 -1 -1 -1 1 
163 26 Car -1.000000 -1 -1 1133.9873030794652 160.5549505324801 1251.6074209142616 207.71802287693092 -1 -1 -1 -1 -1 -1 -1 -1 1 
164 1 Car -1.000000 -1 -1 602.5245469503761 176.88719431942047 663.2354904808573 235.56651864130723 -1 -1 -1 -1 -1 -1 -1 -1 1 
164 20 Car -1.000000 -1 -1 748.8058719796794 182.68448864361346 859.1962207673761 267.0371477494023 -1 -1 -1 -1 -1 -1 -1 -1 1 
164 26 Car -1.000000 -1 -1 1151.7672499998882 159.08985066905763 1266.3077548260387 207.1365190324289 -1 -1 -1 -1 -1 -1 -1 -1 1 
165 1 Car -1.000000 -1 -1 603.0587288550199 177.7119805793286 663.9369237839205 236.54890234703373 -1 -1 -1 -1 -1 -1 -1 -1 1 
165 20 Car -1.000000 -1 -1 762.5266051423359 183.55144432132886 888.9634571775937 278.8909783248506 -1 -1 -1 -1 -1 -1 -1 -1 1 
165 26 Car -1.000000 -1 -1 1166.1940997166787 158.46095832061314 1283.9648942670194 207.86255296972806 -1 -1 -1 -1 -1 -1 -1 -1 1 
166 1 Car -1.000000 -1 -1 603.5694131224716 178.55392526174637 664.6168918729379 237.5504411012956 -1 -1 -1 -1 -1 -1 -1 -1 1 
166 20 Car -1.000000 -1 -1 779.5093830946643 184.6018524456213 926.9635143939545 294.133288052124 -1 -1 -1 -1 -1 -1 -1 -1 1 
167 1 Car -1.000000 -1 -1 603.3142542963144 178.84416343395176 664.573777298765 238.0421945874143 -1 -1 -1 -1 -1 -1 -1 -1 1 
167 20 Car -1.000000 -1 -1 801.2136347164167 185.90276943355315 977.4056127773987 314.53400306130015 -1 -1 -1 -1 -1 -1 -1 -1 1 
168 1 Car -1.000000 -1 -1 602.7693710664637 178.92319820663354 664.25782851335 238.33960643196914 -1 -1 -1 -1 -1 -1 -1 -1 1 
168 20 Car -1.000000 -1 -1 830.1097194670664 187.5569500133401 1047.8806729609632 343.32418306680853 -1 -1 -1 -1 -1 -1 -1 -1 1 
169 1 Car -1.000000 -1 -1 602.1170758880087 178.92222037676214 663.8414758260536 238.56426799812903 -1 -1 -1 -1 -1 -1 -1 -1 1 
169 20 Car -1.000000 -1 -1 879.8501250687668 189.14386343483864 1135.7840796277835 363.91608417107 -1 -1 -1 -1 -1 -1 -1 -1 1 
170 1 Car -1.000000 -1 -1 602.0126505739562 178.86286886332363 663.9765434728296 238.73418455200087 -1 -1 -1 -1 -1 -1 -1 -1 1 
170 20 Car -1.000000 -1 -1 914.5255071520479 191.1024120466538 1187.5757942254038 372.74167506607796 -1 -1 -1 -1 -1 -1 -1 -1 1 
171 1 Car -1.000000 -1 -1 602.2228409737405 179.04584742810272 664.4285452177485 239.1487588645979 -1 -1 -1 -1 -1 -1 -1 -1 1 
171 20 Car -1.000000 -1 -1 952.8782003777727 193.9079743211554 1227.3086289588882 376.2399152544434 -1 -1 -1 -1 -1 -1 -1 -1 1 
172 1 Car -1.000000 -1 -1 602.5570014270161 179.32336405996722 665.0062884210854 239.65966712838534 -1 -1 -1 -1 -1 -1 -1 -1 1 
172 20 Car -1.000000 -1 -1 1023.2756963090466 203.12363349822982 1274.0850327516202 377.4199094690266 -1 -1 -1 -1 -1 -1 -1 -1 1 
173 1 Car -1.000000 -1 -1 602.9414544310763 179.63841622044842 665.6359240216452 240.2097383440078 -1 -1 -1 -1 -1 -1 -1 -1 1 
173 20 Car -1.000000 -1 -1 1038.3214393383223 204.28542126779635 1296.905610990728 383.98362548960984 -1 -1 -1 -1 -1 -1 -1 -1 1 
174 1 Car -1.000000 -1 -1 603.3477101616107 179.96906181546598 666.288930891142 240.7769975135119 -1 -1 -1 -1 -1 -1 -1 -1 1 
175 1 Car -1.000000 -1 -1 603.2415541286687 179.53049964770577 666.4890007228026 240.63292332142154 -1 -1 -1 -1 -1 -1 -1 -1 1 
176 1 Car -1.000000 -1 -1 602.9393412288977 178.79462008870357 666.517370207795 240.21543723292294 -1 -1 -1 -1 -1 -1 -1 -1 1 
177 1 Car -1.000000 -1 -1 602.5625381797324 177.94276378585585 666.482098596775 239.69289142550625 -1 -1 -1 -1 -1 -1 -1 -1 1 
178 1 Car -1.000000 -1 -1 602.1576195467918 177.04437315601743 666.4245841214973 239.1297923997893 -1 -1 -1 -1 -1 -1 -1 -1 1 
179 1 Car -1.000000 -1 -1 601.4961888108454 176.59694435051375 666.0835601793259 238.9918857633799 -1 -1 -1 -1 -1 -1 -1 -1 1 
180 1 Car -1.000000 -1 -1 600.7352542887758 176.3229021204679 665.6340476426784 239.01897028849476 -1 -1 -1 -1 -1 -1 -1 -1 1 
181 1 Car -1.000000 -1 -1 599.9352088554416 176.11490828555668 665.143444949669 239.11045066135893 -1 -1 -1 -1 -1 -1 -1 -1 1 
182 1 Car -1.000000 -1 -1 599.6683858672986 174.9382149606547 665.1621341856967 238.2101566044556 -1 -1 -1 -1 -1 -1 -1 -1 1 
183 1 Car -1.000000 -1 -1 599.6073082455322 173.38473075255678 665.3787742002341 236.92558371522964 -1 -1 -1 -1 -1 -1 -1 -1 1 
184 1 Car -1.000000 -1 -1 599.6253322854641 171.68288792317256 665.6729743048085 235.49120424216488 -1 -1 -1 -1 -1 -1 -1 -1 1 
185 1 Car -1.000000 -1 -1 598.900534342657 170.99293827177604 665.2392778715515 235.0833217550979 -1 -1 -1 -1 -1 -1 -1 -1 1 
186 1 Car -1.000000 -1 -1 597.8868823005653 170.69131556535064 664.5240472998819 235.07101102073872 -1 -1 -1 -1 -1 -1 -1 -1 1 
187 1 Car -1.000000 -1 -1 597.4152021710045 170.86692517294986 664.2502977501649 235.43871167677264 -1 -1 -1 -1 -1 -1 -1 -1 1 
188 1 Car -1.000000 -1 -1 597.1520116210072 171.22424553877758 664.1472343935077 235.95147532221722 -1 -1 -1 -1 -1 -1 -1 -1 1 
189 1 Car -1.000000 -1 -1 596.9684365837853 171.64882383369536 664.1102339222014 236.5182885823437 -1 -1 -1 -1 -1 -1 -1 -1 1 
190 1 Car -1.000000 -1 -1 596.8145786034518 172.09681920655206 664.0987207517272 237.10432771180655 -1 -1 -1 -1 -1 -1 -1 -1 1 
191 1 Car -1.000000 -1 -1 596.8030078440822 172.54213904491849 664.1865108212006 237.6460241988832 -1 -1 -1 -1 -1 -1 -1 -1 1 
192 1 Car -1.000000 -1 -1 596.8450344010988 172.98434027194 664.3121924295244 238.1693015475559 -1 -1 -1 -1 -1 -1 -1 -1 1 
193 1 Car -1.000000 -1 -1 596.9064602680413 173.42337896742183 664.4520676083969 238.68427144930962 -1 -1 -1 -1 -1 -1 -1 -1 1 
194 1 Car -1.000000 -1 -1 596.8090730308869 173.86109430085122 664.3867765188351 239.15311034528915 -1 -1 -1 -1 -1 -1 -1 -1 1 
195 1 Car -1.000000 -1 -1 596.6505167625204 174.2964767207452 664.2432588139951 239.60311505064413 -1 -1 -1 -1 -1 -1 -1 -1 1 
196 1 Car -1.000000 -1 -1 596.4684727779845 174.72922256204583 664.0704662067365 240.04487284158728 -1 -1 -1 -1 -1 -1 -1 -1 1 
197 1 Car -1.000000 -1 -1 596.2774813397924 175.15944026209584 663.8871981450538 240.48260880277192 -1 -1 -1 -1 -1 -1 -1 -1 1 
198 1 Car -1.000000 -1 -1 596.4499791641456 175.2144843088496 664.0221807809914 240.50136724689406 -1 -1 -1 -1 -1 -1 -1 -1 1 
199 1 Car -1.000000 -1 -1 596.7595398867244 175.12668853921153 664.2777533112207 240.36128407174596 -1 -1 -1 -1 -1 -1 -1 -1 1 
200 1 Car -1.000000 -1 -1 597.1190344786132 174.98551130318458 664.5778251646898 240.16249101992736 -1 -1 -1 -1 -1 -1 -1 -1 1 
201 1 Car -1.000000 -1 -1 597.4951530519359 174.82528635946 664.8932427392339 239.94334540942734 -1 -1 -1 -1 -1 -1 -1 -1 1 
202 1 Car -1.000000 -1 -1 597.5497751494798 174.81377120532102 664.8554433498683 239.84198660846138 -1 -1 -1 -1 -1 -1 -1 -1 1 
203 1 Car -1.000000 -1 -1 597.481727538393 174.8591583449644 664.6838708648175 239.78656773309405 -1 -1 -1 -1 -1 -1 -1 -1 1 
204 1 Car -1.000000 -1 -1 597.367483621755 174.92612943358563 664.462853976337 239.74939645633293 -1 -1 -1 -1 -1 -1 -1 -1 1 
205 1 Car -1.000000 -1 -1 597.2364098012048 175.00110002531773 664.2246752356895 239.71973869982844 -1 -1 -1 -1 -1 -1 -1 -1 1 
206 1 Car -1.000000 -1 -1 597.0997272228005 175.07886343939145 663.9815809898996 239.69340795092018 -1 -1 -1 -1 -1 -1 -1 -1 1 
207 1 Car -1.000000 -1 -1 596.9616812842921 175.15743441692314 663.7381256227363 239.6687441497655 -1 -1 -1 -1 -1 -1 -1 -1 1 
208 1 Car -1.000000 -1 -1 596.8238424373159 175.23606585173675 663.4959242907936 239.64506737039855 -1 -1 -1 -1 -1 -1 -1 -1 1 
209 1 Car -1.000000 -1 -1 595.9022522352844 175.32801189321407 662.4055138073691 239.5728281989745 -1 -1 -1 -1 -1 -1 -1 -1 1 
210 1 Car -1.000000 -1 -1 594.6911569344003 175.4245240965982 661.002154309215 239.48289910352108 -1 -1 -1 -1 -1 -1 -1 -1 1 
211 1 Car -1.000000 -1 -1 593.3800979033513 175.52225469408947 659.4911059664124 239.3871140558948 -1 -1 -1 -1 -1 -1 -1 -1 1 
212 1 Car -1.000000 -1 -1 591.9630843600474 175.5387378974217 657.870493467233 239.2073364115347 -1 -1 -1 -1 -1 -1 -1 -1 1 
213 1 Car -1.000000 -1 -1 590.5165234001336 175.52469126239868 656.2199452335744 238.9972983054721 -1 -1 -1 -1 -1 -1 -1 -1 1 
214 1 Car -1.000000 -1 -1 589.0690035661804 175.49952436107336 654.5692532224103 238.77748449485875 -1 -1 -1 -1 -1 -1 -1 -1 1 
215 1 Car -1.000000 -1 -1 587.7826583265621 175.46612286462488 653.0422464792746 238.51363248420463 -1 -1 -1 -1 -1 -1 -1 -1 1 
216 1 Car -1.000000 -1 -1 586.5663027982042 175.4301325295689 651.572617352878 238.23535649711667 -1 -1 -1 -1 -1 -1 -1 -1 1 
217 1 Car -1.000000 -1 -1 585.3847147694812 175.39368930869298 650.1346477894288 237.9539173314006 -1 -1 -1 -1 -1 -1 -1 -1 1 
218 1 Car -1.000000 -1 -1 584.3997996708896 175.35348071795835 648.8423354841018 237.61959464227184 -1 -1 -1 -1 -1 -1 -1 -1 1 
219 1 Car -1.000000 -1 -1 583.4959621673556 175.31238525173302 647.6144710867009 237.26844975025986 -1 -1 -1 -1 -1 -1 -1 -1 1 
220 1 Car -1.000000 -1 -1 582.6287913792472 175.2714858956223 646.41974786016 236.91419371847792 -1 -1 -1 -1 -1 -1 -1 -1 1 
221 1 Car -1.000000 -1 -1 581.7811224986169 175.23115620409715 645.2458921727615 236.56189751422846 -1 -1 -1 -1 -1 -1 -1 -1 1 
222 1 Car -1.000000 -1 -1 581.5715813465315 175.4907287781514 644.6762890610065 236.47642447345913 -1 -1 -1 -1 -1 -1 -1 -1 1 
223 1 Car -1.000000 -1 -1 581.5998590526519 175.85956872230742 644.335326024803 236.49103815240557 -1 -1 -1 -1 -1 -1 -1 -1 1 
224 1 Car -1.000000 -1 -1 581.7132242644404 176.26499183967377 644.0795767219875 236.54207804342042 -1 -1 -1 -1 -1 -1 -1 -1 1 
225 1 Car -1.000000 -1 -1 581.8538552386843 176.67951326373492 643.8546041558758 236.60535914530436 -1 -1 -1 -1 -1 -1 -1 -1 1 
226 1 Car -1.000000 -1 -1 581.6012343890526 177.0989115899066 643.2475921035895 236.68430321319335 -1 -1 -1 -1 -1 -1 -1 -1 1 
227 1 Car -1.000000 -1 -1 581.2020637158379 177.51581304340667 642.5011821427366 236.76761314469582 -1 -1 -1 -1 -1 -1 -1 -1 1 
228 1 Car -1.000000 -1 -1 580.7505297802627 177.92765934180238 641.7078999390934 236.85112644791025 -1 -1 -1 -1 -1 -1 -1 -1 1 
229 1 Car -1.000000 -1 -1 580.2825139999688 178.3336929988908 640.9028961115785 236.9333804823196 -1 -1 -1 -1 -1 -1 -1 -1 1 
230 1 Car -1.000000 -1 -1 579.8116298549149 178.73382087092867 640.099416066664 237.01392702058104 -1 -1 -1 -1 -1 -1 -1 -1 1 
231 1 Car -1.000000 -1 -1 579.3429897568008 179.12818573393585 639.302351007489 237.09269600583053 -1 -1 -1 -1 -1 -1 -1 -1 1 
232 1 Car -1.000000 -1 -1 578.9427547207221 179.1605805930334 638.611464585385 236.8458968235005 -1 -1 -1 -1 -1 -1 -1 -1 1 
233 1 Car -1.000000 -1 -1 578.5700892917779 179.05835941291446 637.9639743776759 236.47971135679876 -1 -1 -1 -1 -1 -1 -1 -1 1 
234 1 Car -1.000000 -1 -1 578.209470403328 178.9078995231077 637.3359540644444 236.07243190845398 -1 -1 -1 -1 -1 -1 -1 -1 1 
235 1 Car -1.000000 -1 -1 577.8550082786139 178.74186682802775 636.718279836584 235.65363149281998 -1 -1 -1 -1 -1 -1 -1 -1 1 
236 1 Car -1.000000 -1 -1 577.688054757773 178.49304694144396 636.263634842901 235.12834744575545 -1 -1 -1 -1 -1 -1 -1 -1 1 
237 1 Car -1.000000 -1 -1 577.60132391876 178.21651767968675 635.8853517962311 234.56835914582115 -1 -1 -1 -1 -1 -1 -1 -1 1 
238 1 Car -1.000000 -1 -1 577.5918165092967 177.93309279081342 635.6029560286239 234.00080281478242 -1 -1 -1 -1 -1 -1 -1 -1 1 
239 1 Car -1.000000 -1 -1 577.604473254845 177.65043760407244 635.3616648560208 233.4357101653774 -1 -1 -1 -1 -1 -1 -1 -1 1 
240 1 Car -1.000000 -1 -1 577.619101013726 177.37122919965344 635.1402190691956 232.87661259334368 -1 -1 -1 -1 -1 -1 -1 -1 1 
241 1 Car -1.000000 -1 -1 577.628732121561 177.09627039967296 634.9301937034207 232.32459613551347 -1 -1 -1 -1 -1 -1 -1 -1 1 
242 1 Car -1.000000 -1 -1 577.9723989147185 176.64086683328122 635.15379756756 231.6535925017503 -1 -1 -1 -1 -1 -1 -1 -1 1 
243 1 Car -1.000000 -1 -1 578.4275911998275 176.1214102326946 635.5457722689387 230.94243664047139 -1 -1 -1 -1 -1 -1 -1 -1 1 
244 1 Car -1.000000 -1 -1 578.9112771893787 175.58178253241073 636.0048370521419 230.2207580403457 -1 -1 -1 -1 -1 -1 -1 -1 1 
245 1 Car -1.000000 -1 -1 579.3931650693478 175.03843956357179 636.4919516099056 229.49961151578574 -1 -1 -1 -1 -1 -1 -1 -1 1 
246 1 Car -1.000000 -1 -1 580.083442947678 174.8689946994898 637.224938185127 229.17055747512424 -1 -1 -1 -1 -1 -1 -1 -1 1 
247 1 Car -1.000000 -1 -1 580.8414467087591 174.84056125772366 638.0494316995582 228.98946448158884 -1 -1 -1 -1 -1 -1 -1 -1 1 
248 1 Car -1.000000 -1 -1 581.6146431843788 174.8643743736308 638.9066677491339 228.86333514472886 -1 -1 -1 -1 -1 -1 -1 -1 1 
249 1 Car -1.000000 -1 -1 582.383931425602 174.9067022594553 639.7742588863744 228.7568669692294 -1 -1 -1 -1 -1 -1 -1 -1 1 
250 1 Car -1.000000 -1 -1 583.142878038791 174.95481425086257 640.6436965224851 228.656765839873 -1 -1 -1 -1 -1 -1 -1 -1 1 
251 1 Car -1.000000 -1 -1 583.8898020026645 175.00398730616013 641.5117699647398 228.55812824660953 -1 -1 -1 -1 -1 -1 -1 -1 1 
252 1 Car -1.000000 -1 -1 585.0396948024089 175.2883065570344 642.7716410596468 228.7236020405515 -1 -1 -1 -1 -1 -1 -1 -1 1 
253 1 Car -1.000000 -1 -1 586.3458033251352 175.6587186628717 644.1615367635646 228.98603252773816 -1 -1 -1 -1 -1 -1 -1 -1 1 
254 1 Car -1.000000 -1 -1 587.7135323936176 176.05865173321513 645.5833224229319 229.28199804750778 -1 -1 -1 -1 -1 -1 -1 -1 1 
255 1 Car -1.000000 -1 -1 589.1062932495212 176.4667645341978 647.0010511443893 229.58758156755803 -1 -1 -1 -1 -1 -1 -1 -1 1 
256 1 Car -1.000000 -1 -1 590.5097045517828 176.87515273558225 648.4023983099786 229.89393326631534 -1 -1 -1 -1 -1 -1 -1 -1 1 
257 1 Car -1.000000 -1 -1 591.71307526516 176.89188920219695 649.612918282943 229.83718375761498 -1 -1 -1 -1 -1 -1 -1 -1 1 
258 1 Car -1.000000 -1 -1 592.842879523666 176.76077355822463 650.7416610182825 229.6431052887537 -1 -1 -1 -1 -1 -1 -1 -1 1 
259 1 Car -1.000000 -1 -1 593.9472254800618 176.57493997539697 651.8312483826747 229.3980081790509 -1 -1 -1 -1 -1 -1 -1 -1 1 
260 1 Car -1.000000 -1 -1 595.044131943047 176.36985758806688 652.8986575287362 229.13479736200753 -1 -1 -1 -1 -1 -1 -1 -1 1 
261 1 Car -1.000000 -1 -1 596.1401395587027 176.15894805976126 653.950991052326 228.86595596296422 -1 -1 -1 -1 -1 -1 -1 -1 1 
262 1 Car -1.000000 -1 -1 597.2374257744469 175.94720493213683 654.9915115662079 228.59615747398317 -1 -1 -1 -1 -1 -1 -1 -1 1 
263 1 Car -1.000000 -1 -1 598.2442873409292 176.16058581718497 655.9416880764911 228.76047650533485 -1 -1 -1 -1 -1 -1 -1 -1 1 
264 1 Car -1.000000 -1 -1 599.2184081660936 176.53386947033837 656.8538100227361 229.0878862688908 -1 -1 -1 -1 -1 -1 -1 -1 1 
265 1 Car -1.000000 -1 -1 600.1816204768322 176.96566540646208 657.7481898177407 229.47481032558892 -1 -1 -1 -1 -1 -1 -1 -1 1 
266 1 Car -1.000000 -1 -1 601.0531151371314 177.07520974504337 658.5662083001012 229.55919261744648 -1 -1 -1 -1 -1 -1 -1 -1 1 
266 31 Car -1.000000 -1 -1 581.291368416486 178.50924237472225 603.3993939590002 193.10533760220676 -1 -1 -1 -1 -1 -1 -1 -1 1 
267 1 Car -1.000000 -1 -1 601.8917473699009 177.06212620493451 659.3535967666576 229.5281403506322 -1 -1 -1 -1 -1 -1 -1 -1 1 
267 31 Car -1.000000 -1 -1 576.0716528565147 178.6172611225652 599.1768725414018 193.86730623939596 -1 -1 -1 -1 -1 -1 -1 -1 1 
268 1 Car -1.000000 -1 -1 602.7197944692449 177.0029008771717 660.1279757599334 229.45339185230418 -1 -1 -1 -1 -1 -1 -1 -1 1 
268 31 Car -1.000000 -1 -1 570.3747178523458 178.73529749827395 594.5749317874598 194.69978387058578 -1 -1 -1 -1 -1 -1 -1 -1 1 
268 32 Car -1.000000 -1 -1 596.443595079931 177.189808538109 621.8738594695901 194.06094413606826 -1 -1 -1 -1 -1 -1 -1 -1 1 
269 1 Car -1.000000 -1 -1 603.5455565463913 176.92677354754238 660.8961894753387 229.36240421901857 -1 -1 -1 -1 -1 -1 -1 -1 1 
269 31 Car -1.000000 -1 -1 564.2124522889485 178.86313449180312 589.6063029016632 195.60119178764694 -1 -1 -1 -1 -1 -1 -1 -1 1 
269 32 Car -1.000000 -1 -1 591.185504925203 177.33232449872 617.9996005273291 195.1161075273127 -1 -1 -1 -1 -1 -1 -1 -1 1 
270 1 Car -1.000000 -1 -1 604.3719979700618 176.8448777851543 661.66093964315 229.2656587889468 -1 -1 -1 -1 -1 -1 -1 -1 1 
270 31 Car -1.000000 -1 -1 557.5022787282826 179.00251839884413 584.2079605894128 196.58379020029625 -1 -1 -1 -1 -1 -1 -1 -1 1 
270 32 Car -1.000000 -1 -1 585.3461179940542 177.4908683688293 613.7061729528223 196.28956212415062 -1 -1 -1 -1 -1 -1 -1 -1 1 
271 1 Car -1.000000 -1 -1 605.2000578458878 176.7614054514345 662.4233333983441 229.16712761733646 -1 -1 -1 -1 -1 -1 -1 -1 1 
271 31 Car -1.000000 -1 -1 550.1367585532665 179.1534875747755 578.3004905931593 197.66333235922335 -1 -1 -1 -1 -1 -1 -1 -1 1 
271 32 Car -1.000000 -1 -1 578.9061295650386 177.6660407284956 608.9840520795661 197.58561115654703 -1 -1 -1 -1 -1 -1 -1 -1 1 
272 1 Car -1.000000 -1 -1 605.6587927401683 176.66764433317127 662.7820088740759 229.04819574448138 -1 -1 -1 -1 -1 -1 -1 -1 1 
272 31 Car -1.000000 -1 -1 542.4260288676836 179.25150961615196 572.2397715222576 198.80158703519155 -1 -1 -1 -1 -1 -1 -1 -1 1 
272 32 Car -1.000000 -1 -1 572.448560831317 177.74455239445473 604.4519197294327 198.93050460834644 -1 -1 -1 -1 -1 -1 -1 -1 1 
273 1 Car -1.000000 -1 -1 605.9851146956152 176.57058020379915 662.9827973884712 228.9219634469565 -1 -1 -1 -1 -1 -1 -1 -1 1 
273 31 Car -1.000000 -1 -1 533.9983413468772 179.33383368085885 565.6825023646068 200.04996245082782 -1 -1 -1 -1 -1 -1 -1 -1 1 
273 32 Car -1.000000 -1 -1 565.4572087063613 177.78931744747499 599.6247265717725 200.40977819527535 -1 -1 -1 -1 -1 -1 -1 -1 1 
274 1 Car -1.000000 -1 -1 606.2690840939159 176.47283916175635 663.1203578363701 228.7934168466816 -1 -1 -1 -1 -1 -1 -1 -1 1 
274 31 Car -1.000000 -1 -1 524.5936500124346 179.41584480643542 558.411269819354 201.44597389280992 -1 -1 -1 -1 -1 -1 -1 -1 1 
274 32 Car -1.000000 -1 -1 557.6154304822005 177.8244127746333 594.2381490104821 202.08307594313382 -1 -1 -1 -1 -1 -1 -1 -1 1 
275 1 Car -1.000000 -1 -1 607.1313375700425 175.78317929227296 663.8193879382607 228.0837911736586 -1 -1 -1 -1 -1 -1 -1 -1 1 
275 31 Car -1.000000 -1 -1 513.9655497556568 179.5046531868194 550.2366499393711 203.02633865485274 -1 -1 -1 -1 -1 -1 -1 -1 1 
275 32 Car -1.000000 -1 -1 548.6457172355676 177.85962366344214 588.0882191067938 204.0083729613097 -1 -1 -1 -1 -1 -1 -1 -1 1 
276 1 Car -1.000000 -1 -1 608.2204750439915 174.87214264640554 664.7234448214765 227.15650428469368 -1 -1 -1 -1 -1 -1 -1 -1 1 
276 31 Car -1.000000 -1 -1 501.83121808298847 179.60442246777387 540.9510013828765 204.8339400585709 -1 -1 -1 -1 -1 -1 -1 -1 1 
276 32 Car -1.000000 -1 -1 538.2328613628338 177.899545877002 580.961277455186 206.2549981201987 -1 -1 -1 -1 -1 -1 -1 -1 1 
277 1 Car -1.000000 -1 -1 609.4010413735955 173.8814032401324 665.696592751201 226.15051800226703 -1 -1 -1 -1 -1 -1 -1 -1 1 
277 31 Car -1.000000 -1 -1 488.67553108151446 179.89877837133727 531.1559407645707 207.15766072510198 -1 -1 -1 -1 -1 -1 -1 -1 1 
277 32 Car -1.000000 -1 -1 527.4449943433536 178.2328720667606 574.0047953029456 209.17962239870948 -1 -1 -1 -1 -1 -1 -1 -1 1 
278 1 Car -1.000000 -1 -1 609.7771386080145 174.01967085077848 665.8495473006312 226.26345164734948 -1 -1 -1 -1 -1 -1 -1 -1 1 
278 31 Car -1.000000 -1 -1 473.64678332200543 180.31328803422502 520.1034162925823 209.9793858562208 -1 -1 -1 -1 -1 -1 -1 -1 1 
278 32 Car -1.000000 -1 -1 515.1655612895685 178.75116801891173 566.2989278664094 212.80233841703813 -1 -1 -1 -1 -1 -1 -1 -1 1 
279 1 Car -1.000000 -1 -1 610.5480576923846 174.0958436767884 666.3896849161559 226.29563407568773 -1 -1 -1 -1 -1 -1 -1 -1 1 
279 31 Car -1.000000 -1 -1 455.96594307923607 180.8291173453281 507.19472431287295 213.37967456038822 -1 -1 -1 -1 -1 -1 -1 -1 1 
279 32 Car -1.000000 -1 -1 500.4820467723564 179.43335182129897 557.2083381963798 217.2797384118977 -1 -1 -1 -1 -1 -1 -1 -1 1 
280 1 Car -1.000000 -1 -1 611.4862425039771 174.14695021888366 667.1079379999011 226.29573857594005 -1 -1 -1 -1 -1 -1 -1 -1 1 
280 31 Car -1.000000 -1 -1 435.64839978602146 181.65257981030004 492.828447441479 217.75556548954592 -1 -1 -1 -1 -1 -1 -1 -1 1 
280 32 Car -1.000000 -1 -1 482.5835767426881 180.35640743723195 546.5403583507039 223.10147717998782 -1 -1 -1 -1 -1 -1 -1 -1 1 
281 1 Car -1.000000 -1 -1 612.4814224372979 174.1873323207337 667.8970094552435 226.28257138684302 -1 -1 -1 -1 -1 -1 -1 -1 1 
281 31 Car -1.000000 -1 -1 411.0213210510647 182.7364499320543 475.7527022389108 223.28083518948824 -1 -1 -1 -1 -1 -1 -1 -1 1 
281 32 Car -1.000000 -1 -1 459.7565970813534 181.53661285972572 533.2657600589146 230.7203025113708 -1 -1 -1 -1 -1 -1 -1 -1 1 
282 1 Car -1.000000 -1 -1 613.4918334922731 174.22263535170558 668.7152999585707 226.26348362326854 -1 -1 -1 -1 -1 -1 -1 -1 1 
282 31 Car -1.000000 -1 -1 380.03862078692373 184.1120281274816 454.6207271795668 230.35170687710777 -1 -1 -1 -1 -1 -1 -1 -1 1 
282 32 Car -1.000000 -1 -1 430.91291397048445 182.6793773301112 517.3142732592938 240.42152408931045 -1 -1 -1 -1 -1 -1 -1 -1 1 
283 1 Car -1.000000 -1 -1 614.4308383109907 174.25528016827286 669.44909491932 226.2168092450616 -1 -1 -1 -1 -1 -1 -1 -1 1 
283 31 Car -1.000000 -1 -1 367.5259394056501 184.6238899567565 472.34924042387325 249.77647363578225 -1 -1 -1 -1 -1 -1 -1 -1 1 
283 32 Car -1.000000 -1 -1 420.69448869489634 183.01053421047064 510.8006381285939 243.22860068753317 -1 -1 -1 -1 -1 -1 -1 -1 1 
284 1 Car -1.000000 -1 -1 615.3367356214364 174.28616070840306 670.1521966006616 226.15924218991785 -1 -1 -1 -1 -1 -1 -1 -1 1 
284 31 Car -1.000000 -1 -1 320.574932160838 186.04181125382905 458.96323233297005 271.8411055752665 -1 -1 -1 -1 -1 -1 -1 -1 1 
285 1 Car -1.000000 -1 -1 616.2246425444483 174.31567127175484 670.844917394281 226.09722338953148 -1 -1 -1 -1 -1 -1 -1 -1 1 
285 31 Car -1.000000 -1 -1 307.43982182464083 186.42562635623733 451.4519246432744 275.7115755765436 -1 -1 -1 -1 -1 -1 -1 -1 1 
285 33 Car -1.000000 -1 -1 187.0033601553743 189.595004219271 341.1360040887053 272.7888382066148 -1 -1 -1 -1 -1 -1 -1 -1 1 
286 1 Car -1.000000 -1 -1 617.1007430988163 174.3440429463874 671.534752405617 226.0332777851146 -1 -1 -1 -1 -1 -1 -1 -1 1 
286 33 Car -1.000000 -1 -1 151.33091218604275 190.36317558265284 318.79071804766943 280.75040880075824 -1 -1 -1 -1 -1 -1 -1 -1 1 
287 1 Car -1.000000 -1 -1 617.9677484747128 174.37143415572672 672.2243005483408 225.96841677792486 -1 -1 -1 -1 -1 -1 -1 -1 1 
287 34 Car -1.000000 -1 -1 -45.963648358854726 203.54520716198428 254.95264932671537 374.9092204705596 -1 -1 -1 -1 -1 -1 -1 -1 1 
288 1 Car -1.000000 -1 -1 618.8270002030044 174.39796504063744 672.9143081014576 225.90306532048692 -1 -1 -1 -1 -1 -1 -1 -1 1 
288 34 Car -1.000000 -1 -1 -92.46680007036854 207.39785476246146 215.63725505705787 382.8551113649315 -1 -1 -1 -1 -1 -1 -1 -1 1 
289 1 Car -1.000000 -1 -1 619.1095364378797 174.4337330802501 672.9827451963284 225.79785294188636 -1 -1 -1 -1 -1 -1 -1 -1 1 
290 1 Car -1.000000 -1 -1 619.1735247917378 174.47250074375202 672.8201987026642 225.67796274080115 -1 -1 -1 -1 -1 -1 -1 -1 1 
291 1 Car -1.000000 -1 -1 619.1564398936346 174.51188736241863 672.5761680761765 225.55304307278467 -1 -1 -1 -1 -1 -1 -1 -1 1 
292 1 Car -1.000000 -1 -1 619.1107554529955 174.55102841939672 672.30733830359 225.4267824336373 -1 -1 -1 -1 -1 -1 -1 -1 1 
293 1 Car -1.000000 -1 -1 619.0562997958356 174.5896367616526 672.0347891618788 225.30057844579613 -1 -1 -1 -1 -1 -1 -1 -1 1 
