2 1 Car -1.000000 -1 -1 478.35785939588624 163.58655364848255 514.147701607593 192.87275365465123 -1 -1 -1 -1 -1 -1 -1 -1 1 
2 2 Car -1.000000 -1 -1 1033.7083732630688 153.4659953645958 1191.3794520829613 207.16157082454473 -1 -1 -1 -1 -1 -1 -1 -1 1 
2 3 Car -1.000000 -1 -1 495.49025291750166 168.14528989947163 524.2737472876893 190.8165200080792 -1 -1 -1 -1 -1 -1 -1 -1 1 
2 4 Car -1.000000 -1 -1 502.46264250671237 166.7644834879751 553.0446526180133 183.17909372278893 -1 -1 -1 -1 -1 -1 -1 -1 1 
3 1 Car -1.000000 -1 -1 478.5388680085612 163.8571245357608 514.4022230578537 193.22439597361696 -1 -1 -1 -1 -1 -1 -1 -1 1 
3 2 Car -1.000000 -1 -1 1033.8913469050528 153.48024804044456 1191.6004311585523 207.18486014642355 -1 -1 -1 -1 -1 -1 -1 -1 1 
3 3 Car -1.000000 -1 -1 495.5555013271043 168.138804899516 524.3778750789794 190.82402488389053 -1 -1 -1 -1 -1 -1 -1 -1 1 
3 4 Car -1.000000 -1 -1 503.4577536296758 166.7632169764295 553.8940921050452 183.13249575670972 -1 -1 -1 -1 -1 -1 -1 -1 1 
4 1 Car -1.000000 -1 -1 478.72860012388435 164.12977674312614 514.6510757790631 193.57862587639875 -1 -1 -1 -1 -1 -1 -1 -1 1 
4 2 Car -1.000000 -1 -1 1034.0715778331064 153.4945543735443 1191.8252404115917 207.2081933576489 -1 -1 -1 -1 -1 -1 -1 -1 1 
4 3 Car -1.000000 -1 -1 495.6149146567039 168.13230288472226 524.4884614514331 190.83154678006625 -1 -1 -1 -1 -1 -1 -1 -1 1 
4 4 Car -1.000000 -1 -1 504.29407650933683 166.7674681524647 554.570708158797 183.09078708414654 -1 -1 -1 -1 -1 -1 -1 -1 1 
5 1 Car -1.000000 -1 -1 478.92563930390236 164.40077141327438 514.8896460807031 193.93057883430333 -1 -1 -1 -1 -1 -1 -1 -1 1 
5 2 Car -1.000000 -1 -1 1034.246105007522 153.50871690456924 1192.0512679980318 207.2312487097445 -1 -1 -1 -1 -1 -1 -1 -1 1 
5 3 Car -1.000000 -1 -1 495.6667501354072 168.1258731610073 524.6049124933459 190.83898259969564 -1 -1 -1 -1 -1 -1 -1 -1 1 
5 4 Car -1.000000 -1 -1 507.05634491359734 167.148143940471 557.1562457827253 183.4387385894746 -1 -1 -1 -1 -1 -1 -1 -1 1 
6 1 Car -1.000000 -1 -1 479.13091885273565 164.6708386689544 515.1181738584442 194.28120144373256 -1 -1 -1 -1 -1 -1 -1 -1 1 
6 2 Car -1.000000 -1 -1 1034.415289157719 153.52277594805764 1192.2792629798853 207.25409087211926 -1 -1 -1 -1 -1 -1 -1 -1 1 
6 3 Car -1.000000 -1 -1 495.9865638468476 168.29382899610172 524.9890264987456 191.03520584395386 -1 -1 -1 -1 -1 -1 -1 -1 1 
6 4 Car -1.000000 -1 -1 510.45667843742854 167.62767209899167 560.3557452900991 183.9119102208337 -1 -1 -1 -1 -1 -1 -1 -1 1 
7 1 Car -1.000000 -1 -1 479.3450673420898 164.94083065175565 515.3373977585362 194.63160036437864 -1 -1 -1 -1 -1 -1 -1 -1 1 
7 2 Car -1.000000 -1 -1 1035.96592630629 154.09034450642596 1194.426019818641 208.00177397516103 -1 -1 -1 -1 -1 -1 -1 -1 1 
7 3 Car -1.000000 -1 -1 496.4065261088681 168.52160313034648 525.4567142833555 191.29622112166086 -1 -1 -1 -1 -1 -1 -1 -1 1 
7 4 Car -1.000000 -1 -1 512.8881913445484 168.3461632582438 562.607073763363 184.63325196908912 -1 -1 -1 -1 -1 -1 -1 -1 1 
8 1 Car -1.000000 -1 -1 479.5682265356944 165.2113044832724 515.5480678654214 194.9824967472172 -1 -1 -1 -1 -1 -1 -1 -1 1 
8 2 Car -1.000000 -1 -1 1038.0048410471736 154.85785757498553 1197.2723578290797 209.00873732740936 -1 -1 -1 -1 -1 -1 -1 -1 1 
8 3 Car -1.000000 -1 -1 496.86887331968524 168.76924326024604 525.9432102641872 191.57880402425636 -1 -1 -1 -1 -1 -1 -1 -1 1 
8 4 Car -1.000000 -1 -1 514.936015115057 169.1246898816191 564.5367991748691 185.4381462689772 -1 -1 -1 -1 -1 -1 -1 -1 1 
9 1 Car -1.000000 -1 -1 480.2877977050859 165.27763481791388 516.3173013115446 195.19086787629678 -1 -1 -1 -1 -1 -1 -1 -1 1 
9 2 Car -1.000000 -1 -1 1040.213654357525 155.69932900944497 1200.3840848424634 210.10903615381358 -1 -1 -1 -1 -1 -1 -1 -1 1 
9 3 Car -1.000000 -1 -1 497.353840010577 169.02285445778116 526.4257588734064 191.8679290078975 -1 -1 -1 -1 -1 -1 -1 -1 1 
9 4 Car -1.000000 -1 -1 516.7034947028736 169.3843363006307 565.8487311799322 185.66173732741555 -1 -1 -1 -1 -1 -1 -1 -1 1 
10 1 Car -1.000000 -1 -1 481.19782993269285 165.26916636880583 517.2941230940667 195.348080933511 -1 -1 -1 -1 -1 -1 -1 -1 1 
10 2 Car -1.000000 -1 -1 1042.4789433053638 156.5698205071957 1203.606141912279 211.24341743783052 -1 -1 -1 -1 -1 -1 -1 -1 1 
10 3 Car -1.000000 -1 -1 497.854787470545 169.277762380102 526.8967589708537 192.15854572202255 -1 -1 -1 -1 -1 -1 -1 -1 1 
10 4 Car -1.000000 -1 -1 518.3942688449366 169.42052176835017 566.9120724097206 185.66734240412498 -1 -1 -1 -1 -1 -1 -1 -1 1 
11 1 Car -1.000000 -1 -1 482.184479133459 165.23397778504287 518.3488868883738 195.48816182190012 -1 -1 -1 -1 -1 -1 -1 -1 1 
11 2 Car -1.000000 -1 -1 1047.7431014345175 156.93087157306815 1209.9506865914575 211.88804211406588 -1 -1 -1 -1 -1 -1 -1 -1 1 
11 3 Car -1.000000 -1 -1 499.4999646751929 169.32225587439532 528.5397546679155 192.26525364017294 -1 -1 -1 -1 -1 -1 -1 -1 1 
11 4 Car -1.000000 -1 -1 521.3400811766226 169.35315567623587 569.0572660848405 185.56427937004858 -1 -1 -1 -1 -1 -1 -1 -1 1 
12 1 Car -1.000000 -1 -1 483.2053249118811 165.1898918962864 519.4341407412523 195.62375821742836 -1 -1 -1 -1 -1 -1 -1 -1 1 
12 2 Car -1.000000 -1 -1 1054.139963497436 157.10034076624785 1217.5161533278258 212.34878381284216 -1 -1 -1 -1 -1 -1 -1 -1 1 
12 3 Car -1.000000 -1 -1 501.3169034545081 169.29127216615703 530.365793350589 192.30726807576318 -1 -1 -1 -1 -1 -1 -1 -1 1 
12 4 Car -1.000000 -1 -1 524.7979630716216 169.25071236107217 571.5353635340712 185.42182094918945 -1 -1 -1 -1 -1 -1 -1 -1 1 
13 1 Car -1.000000 -1 -1 484.2447102137285 165.14340229729157 520.5331469236089 195.75951089853675 -1 -1 -1 -1 -1 -1 -1 -1 1 
13 2 Car -1.000000 -1 -1 1058.958905005073 157.2626156404698 1222.8028357154822 212.74227180649834 -1 -1 -1 -1 -1 -1 -1 -1 1 
13 3 Car -1.000000 -1 -1 503.1985806126072 169.2324322446373 532.2598924792917 192.32556761388068 -1 -1 -1 -1 -1 -1 -1 -1 1 
13 4 Car -1.000000 -1 -1 528.1762307912934 169.1540862495812 573.8763623045485 185.29831410026515 -1 -1 -1 -1 -1 -1 -1 -1 1 
14 1 Car -1.000000 -1 -1 486.32943191480865 165.06201211581103 522.7442986800172 195.9402639601817 -1 -1 -1 -1 -1 -1 -1 -1 1 
14 2 Car -1.000000 -1 -1 1062.5199104130447 157.12281257837992 1226.8125011737209 213.04425177395072 -1 -1 -1 -1 -1 -1 -1 -1 1 
14 3 Car -1.000000 -1 -1 505.26314277388326 169.01251356903657 534.3345293273829 192.18360546127354 -1 -1 -1 -1 -1 -1 -1 -1 1 
14 4 Car -1.000000 -1 -1 531.5447525767895 169.06220029860648 576.124271807359 185.1833619677489 -1 -1 -1 -1 -1 -1 -1 -1 1 
15 1 Car -1.000000 -1 -1 488.84195295551206 164.967412529803 525.3958534569599 196.14112773081212 -1 -1 -1 -1 -1 -1 -1 -1 1 
15 2 Car -1.000000 -1 -1 1065.8211491723875 156.86666886184548 1230.191991544399 213.3169417229456 -1 -1 -1 -1 -1 -1 -1 -1 1 
15 3 Car -1.000000 -1 -1 507.39969909638364 168.73173742652867 536.4787287852336 191.98123431652158 -1 -1 -1 -1 -1 -1 -1 -1 1 
15 4 Car -1.000000 -1 -1 535.1264570214136 168.9717289735072 578.5440316866088 185.06900578577245 -1 -1 -1 -1 -1 -1 -1 -1 1 
16 1 Car -1.000000 -1 -1 491.56148526090493 164.86087421248857 528.2890041142508 196.38107355791487 -1 -1 -1 -1 -1 -1 -1 -1 1 
16 2 Car -1.000000 -1 -1 1069.241879164053 156.56394564044749 1233.201716353719 213.58376260611638 -1 -1 -1 -1 -1 -1 -1 -1 1 
16 3 Car -1.000000 -1 -1 510.31403161994746 168.64408042861203 539.4111889578803 191.97557304036096 -1 -1 -1 -1 -1 -1 -1 -1 1 
16 4 Car -1.000000 -1 -1 538.788804214691 168.88341537875698 581.0064737354107 184.95598735060008 -1 -1 -1 -1 -1 -1 -1 -1 1 
17 1 Car -1.000000 -1 -1 494.3966534645826 164.74910745750051 531.3019130589591 196.63982324810678 -1 -1 -1 -1 -1 -1 -1 -1 1 
17 2 Car -1.000000 -1 -1 1073.917755370631 156.32046351547223 1236.6709769604802 213.91667969191056 -1 -1 -1 -1 -1 -1 -1 -1 1 
17 3 Car -1.000000 -1 -1 513.5280940328577 168.6307216673502 542.6509883715879 192.04574961370065 -1 -1 -1 -1 -1 -1 -1 -1 1 
17 4 Car -1.000000 -1 -1 542.8539943481636 168.79172538726957 583.8280438744997 184.84497657828297 -1 -1 -1 -1 -1 -1 -1 -1 1 
18 1 Car -1.000000 -1 -1 497.30029481796964 164.63444951994592 534.3806974450683 196.9096914809898 -1 -1 -1 -1 -1 -1 -1 -1 1 
18 2 Car -1.000000 -1 -1 1079.3639069001256 156.09793462502859 1240.159541249188 214.28176345626184 -1 -1 -1 -1 -1 -1 -1 -1 1 
18 3 Car -1.000000 -1 -1 516.7675655749708 168.2061468824033 545.922747772973 191.7045849948642 -1 -1 -1 -1 -1 -1 -1 -1 1 
18 4 Car -1.000000 -1 -1 547.0787990231255 168.70017974541543 586.7570282029338 184.73535693375678 -1 -1 -1 -1 -1 -1 -1 -1 1 
19 1 Car -1.000000 -1 -1 500.1359612584258 164.51766367492132 537.4187612349103 197.18784664244785 -1 -1 -1 -1 -1 -1 -1 -1 1 
19 2 Car -1.000000 -1 -1 1085.3851616138998 155.88125299745673 1243.510907216015 214.66608185223802 -1 -1 -1 -1 -1 -1 -1 -1 1 
19 3 Car -1.000000 -1 -1 520.0204484154166 167.6234535849327 549.2144935340463 191.20561883695976 -1 -1 -1 -1 -1 -1 -1 -1 1 
19 4 Car -1.000000 -1 -1 551.1879985485637 168.6074390072436 589.5451725640846 184.6132199497094 -1 -1 -1 -1 -1 -1 -1 -1 1 
20 1 Car -1.000000 -1 -1 503.53677886636314 163.73858373957842 541.1214505415826 196.87872516938413 -1 -1 -1 -1 -1 -1 -1 -1 1 
20 2 Car -1.000000 -1 -1 1091.898851358749 155.664212280089 1246.6778528923762 215.06481408535402 -1 -1 -1 -1 -1 -1 -1 -1 1 
20 3 Car -1.000000 -1 -1 523.4115535185657 166.65758468938867 552.6479585083066 190.3230472235227 -1 -1 -1 -1 -1 -1 -1 -1 1 
20 4 Car -1.000000 -1 -1 555.2380741217651 168.51531327154208 592.2677079139855 184.48718711581535 -1 -1 -1 -1 -1 -1 -1 -1 1 
21 1 Car -1.000000 -1 -1 507.21518544141577 162.68510871920444 545.1574917864632 196.33336624955808 -1 -1 -1 -1 -1 -1 -1 -1 1 
21 2 Car -1.000000 -1 -1 1098.8666425817416 155.44407107816994 1249.654767349983 215.4763048138738 -1 -1 -1 -1 -1 -1 -1 -1 1 
21 3 Car -1.000000 -1 -1 526.9818273708303 165.4656588554352 556.4745465887904 189.38375395478027 -1 -1 -1 -1 -1 -1 -1 -1 1 
21 4 Car -1.000000 -1 -1 559.2858971004717 167.52019680509665 594.7863950218825 183.48776964453862 -1 -1 -1 -1 -1 -1 -1 -1 1 
22 1 Car -1.000000 -1 -1 511.0653430250328 161.50553567335808 549.4045733219515 195.68655136958498 -1 -1 -1 -1 -1 -1 -1 -1 1 
22 2 Car -1.000000 -1 -1 1106.4075376780927 155.39858844844582 1252.5749076972845 216.08913453401416 -1 -1 -1 -1 -1 -1 -1 -1 1 
22 3 Car -1.000000 -1 -1 530.6734410055394 164.1701964065768 560.5117381473125 188.410950799144 -1 -1 -1 -1 -1 -1 -1 -1 1 
22 4 Car -1.000000 -1 -1 563.6981672813616 166.19168040258378 597.6126019376678 182.15752498331207 -1 -1 -1 -1 -1 -1 -1 -1 1 
23 1 Car -1.000000 -1 -1 514.4578725738459 161.02289515417306 553.2284507280868 195.7580160355454 -1 -1 -1 -1 -1 -1 -1 -1 1 
23 2 Car -1.000000 -1 -1 1114.4425246213589 155.42322323923415 1255.3671866385307 216.79177867247878 -1 -1 -1 -1 -1 -1 -1 -1 1 
23 3 Car -1.000000 -1 -1 534.3094128733233 164.31794323728016 564.5392969732617 188.91596265313788 -1 -1 -1 -1 -1 -1 -1 -1 1 
23 4 Car -1.000000 -1 -1 568.3093299615285 165.6306045992617 600.7929357263606 181.60170591045951 -1 -1 -1 -1 -1 -1 -1 -1 1 
24 1 Car -1.000000 -1 -1 517.7286666853124 160.8096231452115 556.9614094833172 196.11776301311255 -1 -1 -1 -1 -1 -1 -1 -1 1 
24 2 Car -1.000000 -1 -1 1122.8581622438453 154.84843603165825 1257.949303819904 216.90855147079068 -1 -1 -1 -1 -1 -1 -1 -1 1 
24 3 Car -1.000000 -1 -1 537.9840346756448 165.03532055578785 568.6310740396941 190.00965508012393 -1 -1 -1 -1 -1 -1 -1 -1 1 
24 4 Car -1.000000 -1 -1 572.9563579838513 165.3627695706507 604.1426072120478 181.34166359476345 -1 -1 -1 -1 -1 -1 -1 -1 1 
25 1 Car -1.000000 -1 -1 521.0120018426742 160.69914835643965 560.7365359089454 196.59889159885566 -1 -1 -1 -1 -1 -1 -1 -1 1 
25 2 Car -1.000000 -1 -1 1131.6832406648239 154.03260291375452 1260.3685933644201 216.7965423451395 -1 -1 -1 -1 -1 -1 -1 -1 1 
25 3 Car -1.000000 -1 -1 541.4837641490805 166.23433896666188 572.5693756984903 191.59869821922084 -1 -1 -1 -1 -1 -1 -1 -1 1 
25 4 Car -1.000000 -1 -1 577.2520553381183 165.2209689659887 607.3156495324848 181.1905618320671 -1 -1 -1 -1 -1 -1 -1 -1 1 
26 1 Car -1.000000 -1 -1 524.3637940403934 160.62653787859833 564.6095380483933 197.13698303709643 -1 -1 -1 -1 -1 -1 -1 -1 1 
26 2 Car -1.000000 -1 -1 1141.123799822163 153.16617249893005 1262.4564356868211 216.43055517766604 -1 -1 -1 -1 -1 -1 -1 -1 1 
26 3 Car -1.000000 -1 -1 544.5598747227115 165.47393349235242 576.06666109197 191.22649439955583 -1 -1 -1 -1 -1 -1 -1 -1 1 
26 4 Car -1.000000 -1 -1 581.3505022657948 165.12680546659587 610.4693923407754 181.0804265170136 -1 -1 -1 -1 -1 -1 -1 -1 1 
27 1 Car -1.000000 -1 -1 526.7201841139088 160.90425557237955 567.527820610595 198.05461205926034 -1 -1 -1 -1 -1 -1 -1 -1 1 
27 2 Car -1.000000 -1 -1 1145.1031656774962 152.9494375627887 1267.41309907733 216.72388125281157 -1 -1 -1 -1 -1 -1 -1 -1 1 
27 3 Car -1.000000 -1 -1 547.1131361359232 165.27105806300702 579.0403957501014 191.4188766195704 -1 -1 -1 -1 -1 -1 -1 -1 1 
27 4 Car -1.000000 -1 -1 583.620252065753 165.19920557542042 612.2241420476724 181.1404224359313 -1 -1 -1 -1 -1 -1 -1 -1 1 
28 1 Car -1.000000 -1 -1 528.72879178241 161.32690069620614 570.132398402013 199.1414266178144 -1 -1 -1 -1 -1 -1 -1 -1 1 
28 3 Car -1.000000 -1 -1 549.50944931922 165.28665338358292 581.8592026234509 191.83934537808318 -1 -1 -1 -1 -1 -1 -1 -1 1 
28 4 Car -1.000000 -1 -1 585.0921986186605 165.33543192871304 613.5481340083595 181.26283619681138 -1 -1 -1 -1 -1 -1 -1 -1 1 
29 1 Car -1.000000 -1 -1 527.8710993473993 161.81517869663224 570.026270048206 200.4286026209144 -1 -1 -1 -1 -1 -1 -1 -1 1 
29 3 Car -1.000000 -1 -1 548.7741295354377 166.20097619424317 581.6011469725597 193.1722014346135 -1 -1 -1 -1 -1 -1 -1 -1 1 
29 4 Car -1.000000 -1 -1 583.540458095208 166.4723176654811 611.9643326918186 182.39556076225463 -1 -1 -1 -1 -1 -1 -1 -1 1 
29 5 Car -1.000000 -1 -1 1203.0916350017903 158.18450580688528 1231.1642874671188 220.6474876156424 -1 -1 -1 -1 -1 -1 -1 -1 1 
30 1 Car -1.000000 -1 -1 525.8404013909145 162.3405873650703 568.8377767580646 201.82952088999326 -1 -1 -1 -1 -1 -1 -1 -1 1 
30 3 Car -1.000000 -1 -1 546.780400256335 167.48797992089874 580.1371995151659 194.89073963445603 -1 -1 -1 -1 -1 -1 -1 -1 1 
30 4 Car -1.000000 -1 -1 580.8340293017826 167.98228677812702 609.3219237616242 183.90606570644962 -1 -1 -1 -1 -1 -1 -1 -1 1 
30 5 Car -1.000000 -1 -1 1205.2146421974692 159.11399228771015 1233.2598002615775 221.51579917207502 -1 -1 -1 -1 -1 -1 -1 -1 1 
31 1 Car -1.000000 -1 -1 521.0890808728378 162.54194083734325 564.9916687016851 202.95670239302302 -1 -1 -1 -1 -1 -1 -1 -1 1 
31 3 Car -1.000000 -1 -1 542.6741663564062 168.1087594956543 576.5933084052116 195.9871172393385 -1 -1 -1 -1 -1 -1 -1 -1 1 
31 4 Car -1.000000 -1 -1 575.6924999535266 169.11789302185488 604.307913769671 185.04270293322213 -1 -1 -1 -1 -1 -1 -1 -1 1 
32 1 Car -1.000000 -1 -1 515.1096784745708 162.61613594299968 559.9767880202352 204.00401768539874 -1 -1 -1 -1 -1 -1 -1 -1 1 
32 3 Car -1.000000 -1 -1 537.6665508640718 168.4733755252667 572.1635217900405 196.8552260906474 -1 -1 -1 -1 -1 -1 -1 -1 1 
32 4 Car -1.000000 -1 -1 569.6389715714286 170.1059650535977 598.4387396266364 186.03231760896892 -1 -1 -1 -1 -1 -1 -1 -1 1 
32 5 Car -1.000000 -1 -1 1205.1323825862264 159.44077989235137 1232.6927090998602 223.20979723106186 -1 -1 -1 -1 -1 -1 -1 -1 1 
33 1 Car -1.000000 -1 -1 506.7612957734511 162.63704598132824 552.6649572189998 205.05576314883155 -1 -1 -1 -1 -1 -1 -1 -1 1 
33 3 Car -1.000000 -1 -1 529.792404610185 167.85990595107032 564.9226816815751 196.77027131313667 -1 -1 -1 -1 -1 -1 -1 -1 1 
33 4 Car -1.000000 -1 -1 560.6786765477711 169.63814555605694 589.824315128073 185.5540182831271 -1 -1 -1 -1 -1 -1 -1 -1 1 
33 5 Car -1.000000 -1 -1 1204.7645109903635 159.1731688456373 1231.5775985799921 223.59208179803431 -1 -1 -1 -1 -1 -1 -1 -1 1 
34 1 Car -1.000000 -1 -1 497.2090315927764 162.63677405582408 544.2191232588178 206.1418444784365 -1 -1 -1 -1 -1 -1 -1 -1 1 
34 3 Car -1.000000 -1 -1 520.61505443462 166.8413280724595 556.4323208541969 196.30152395435329 -1 -1 -1 -1 -1 -1 -1 -1 1 
34 4 Car -1.000000 -1 -1 550.5969430686722 168.6220295951853 580.230070490059 184.51801985048792 -1 -1 -1 -1 -1 -1 -1 -1 1 
34 5 Car -1.000000 -1 -1 1204.0291574660828 158.72996893987994 1230.215563797947 223.83841753315176 -1 -1 -1 -1 -1 -1 -1 -1 1 
35 1 Car -1.000000 -1 -1 501.5649745910722 166.53179462497008 540.1032117619537 201.6909276486325 -1 -1 -1 -1 -1 -1 -1 -1 1 
35 3 Car -1.000000 -1 -1 519.5709059001728 166.82152697127535 555.8246338531226 196.6407347125412 -1 -1 -1 -1 -1 -1 -1 -1 1 
35 4 Car -1.000000 -1 -1 538.089971233035 168.71884862586495 568.4645928499428 184.62156093436585 -1 -1 -1 -1 -1 -1 -1 -1 1 
35 5 Car -1.000000 -1 -1 1203.0764856965393 158.20498870736824 1228.7836500812132 224.02826545795892 -1 -1 -1 -1 -1 -1 -1 -1 1 
36 1 Car -1.000000 -1 -1 495.84122507314834 168.3614115535128 531.3931863931875 200.41291249608554 -1 -1 -1 -1 -1 -1 -1 -1 1 
36 4 Car -1.000000 -1 -1 524.6132261781181 169.24239138690334 555.9134450437735 185.16009929349056 -1 -1 -1 -1 -1 -1 -1 -1 1 
36 5 Car -1.000000 -1 -1 1197.6855744812287 157.42394118157193 1224.119685718297 224.5322925979835 -1 -1 -1 -1 -1 -1 -1 -1 1 
37 1 Car -1.000000 -1 -1 483.23441758361923 168.18498872004784 518.6145438663143 199.72315116252364 -1 -1 -1 -1 -1 -1 -1 -1 1 
37 4 Car -1.000000 -1 -1 508.8476624432209 168.977927586378 541.0335904904216 184.93147078324557 -1 -1 -1 -1 -1 -1 -1 -1 1 
37 5 Car -1.000000 -1 -1 1190.3708043604815 156.53728927801419 1218.626140337832 225.14402516028582 -1 -1 -1 -1 -1 -1 -1 -1 1 
37 7 Car -1.000000 -1 -1 453.5368506236792 163.74813191736374 504.5010783875003 211.4782201588919 -1 -1 -1 -1 -1 -1 -1 -1 1 
38 1 Car -1.000000 -1 -1 488.38044894312645 168.24359963895301 514.4188597375244 189.0233406291014 -1 -1 -1 -1 -1 -1 -1 -1 1 
38 4 Car -1.000000 -1 -1 503.6177030759575 169.085280634555 535.8012329898911 185.03770735710802 -1 -1 -1 -1 -1 -1 -1 -1 1 
38 5 Car -1.000000 -1 -1 1182.05258494274 155.60898394568989 1213.1720198855649 225.76945300227612 -1 -1 -1 -1 -1 -1 -1 -1 1 
38 7 Car -1.000000 -1 -1 436.621577255273 162.78373511419693 489.5503673047993 212.33680375075184 -1 -1 -1 -1 -1 -1 -1 -1 1 
39 1 Car -1.000000 -1 -1 476.80259130539656 166.95586548899223 499.71422171494066 183.66235562472204 -1 -1 -1 -1 -1 -1 -1 -1 1 
39 5 Car -1.000000 -1 -1 1173.2353129589808 154.84924947745256 1207.916126819985 225.71467227103395 -1 -1 -1 -1 -1 -1 -1 -1 1 
39 7 Car -1.000000 -1 -1 418.1602130831449 161.32952800391183 473.26939807088723 212.8916224195578 -1 -1 -1 -1 -1 -1 -1 -1 1 
40 1 Car -1.000000 -1 -1 473.8020311165217 167.01935611493482 493.4481873309733 181.34468751434494 -1 -1 -1 -1 -1 -1 -1 -1 1 
40 5 Car -1.000000 -1 -1 1163.951526772707 154.16231269078133 1203.0270541833938 225.3963516366198 -1 -1 -1 -1 -1 -1 -1 -1 1 
40 7 Car -1.000000 -1 -1 398.3485940907075 159.65881349563628 455.8185409189529 213.37538852313497 -1 -1 -1 -1 -1 -1 -1 -1 1 
40 8 Car -1.000000 -1 -1 427.17607784014973 164.565672919514 469.4264135132505 198.2540161761098 -1 -1 -1 -1 -1 -1 -1 -1 1 
41 5 Car -1.000000 -1 -1 1151.6464223679586 154.7604902646592 1196.557122025698 226.1750583330503 -1 -1 -1 -1 -1 -1 -1 -1 1 
41 7 Car -1.000000 -1 -1 375.99526579606874 159.86641846158062 436.2952596185343 216.14660843203117 -1 -1 -1 -1 -1 -1 -1 -1 1 
41 8 Car -1.000000 -1 -1 405.75599033252473 165.1372946387849 449.30837126922506 199.81794095126855 -1 -1 -1 -1 -1 -1 -1 -1 1 
42 5 Car -1.000000 -1 -1 1137.8461784468748 155.8607986633099 1189.9577488944592 227.3720935477365 -1 -1 -1 -1 -1 -1 -1 -1 1 
42 7 Car -1.000000 -1 -1 351.236625276617 160.83615052920163 414.7598290940048 220.00804597642698 -1 -1 -1 -1 -1 -1 -1 -1 1 
42 8 Car -1.000000 -1 -1 382.8173552159568 166.29701930366232 427.8182649060225 202.06692581955738 -1 -1 -1 -1 -1 -1 -1 -1 1 
43 5 Car -1.000000 -1 -1 1123.1774440794657 157.1528932670261 1183.75298382965 228.7216772682787 -1 -1 -1 -1 -1 -1 -1 -1 1 
43 7 Car -1.000000 -1 -1 323.8436943643394 162.16977852031613 391.003373872206 224.56709062538968 -1 -1 -1 -1 -1 -1 -1 -1 1 
43 8 Car -1.000000 -1 -1 355.3792041462204 167.80012531857463 402.05727686172753 204.78241523646767 -1 -1 -1 -1 -1 -1 -1 -1 1 
44 5 Car -1.000000 -1 -1 1105.739284720499 158.9947545863073 1176.379968030261 230.46348196116253 -1 -1 -1 -1 -1 -1 -1 -1 1 
44 7 Car -1.000000 -1 -1 292.1263025753199 163.69472446775956 363.8366228641961 229.9542471826059 -1 -1 -1 -1 -1 -1 -1 -1 1 
44 8 Car -1.000000 -1 -1 325.2386895155284 169.47082329983633 373.82082621290846 207.76238452608368 -1 -1 -1 -1 -1 -1 -1 -1 1 
45 5 Car -1.000000 -1 -1 1085.1456149110113 161.05529586290464 1166.716598458572 232.33477596112908 -1 -1 -1 -1 -1 -1 -1 -1 1 
45 7 Car -1.000000 -1 -1 255.56171904026417 165.40672962266055 332.82990520340434 236.1312730962594 -1 -1 -1 -1 -1 -1 -1 -1 1 
45 8 Car -1.000000 -1 -1 312.7302914687907 171.73698274215687 346.67070052933974 196.35745389223678 -1 -1 -1 -1 -1 -1 -1 -1 1 
46 5 Car -1.000000 -1 -1 1050.3648934489136 163.2701228089684 1141.1108260962078 234.07969608286828 -1 -1 -1 -1 -1 -1 -1 -1 1 
46 7 Car -1.000000 -1 -1 213.7679393162011 167.33127620229484 297.7259499539985 243.19316311524483 -1 -1 -1 -1 -1 -1 -1 -1 1 
46 8 Car -1.000000 -1 -1 282.3750960884584 173.99647330304376 310.5232817081869 192.79370513632333 -1 -1 -1 -1 -1 -1 -1 -1 1 
47 5 Car -1.000000 -1 -1 1011.115959810583 165.4998337335913 1109.588005688601 235.7532154042266 -1 -1 -1 -1 -1 -1 -1 -1 1 
47 7 Car -1.000000 -1 -1 165.2600491137984 168.27753914292654 257.5478196462633 250.09323216546295 -1 -1 -1 -1 -1 -1 -1 -1 1 
47 8 Car -1.000000 -1 -1 261.57338222932054 175.15897750236272 286.47553315414103 191.78851136854732 -1 -1 -1 -1 -1 -1 -1 -1 1 
48 5 Car -1.000000 -1 -1 968.6346860435091 165.2420954653621 1073.6950489051162 235.08985609554145 -1 -1 -1 -1 -1 -1 -1 -1 1 
48 7 Car -1.000000 -1 -1 108.73484556386768 168.86209574437459 211.3225611527539 257.60128928636425 -1 -1 -1 -1 -1 -1 -1 -1 1 
49 5 Car -1.000000 -1 -1 925.7010391015061 164.06628131916617 1036.2416459545493 233.53608756861902 -1 -1 -1 -1 -1 -1 -1 -1 1 
49 7 Car -1.000000 -1 -1 44.87295010032552 169.33401691445204 160.88800258406906 266.3705523217976 -1 -1 -1 -1 -1 -1 -1 -1 1 
50 5 Car -1.000000 -1 -1 883.2817448952089 162.5739856519773 998.2866763242675 231.6464153349424 -1 -1 -1 -1 -1 -1 -1 -1 1 
50 7 Car -1.000000 -1 -1 0.29373000400474325 169.8188523139246 125.07884703737977 275.603999466707 -1 -1 -1 -1 -1 -1 -1 -1 1 
51 5 Car -1.000000 -1 -1 841.6900704345112 160.9941020346123 960.2600006239862 229.6331160876958 -1 -1 -1 -1 -1 -1 -1 -1 1 
51 7 Car -1.000000 -1 -1 -35.65226788411784 170.37659935822387 89.01803561964962 282.75822988279856 -1 -1 -1 -1 -1 -1 -1 -1 1 
52 5 Car -1.000000 -1 -1 801.2656923302977 159.9679568061198 923.6310033554563 228.76486742918067 -1 -1 -1 -1 -1 -1 -1 -1 1 
52 7 Car -1.000000 -1 -1 -67.60693131207489 170.82708278100594 61.74966294603425 287.43307283117196 -1 -1 -1 -1 -1 -1 -1 -1 1 
53 5 Car -1.000000 -1 -1 761.2008667617972 158.97983286517518 887.3715263338875 228.32239385384648 -1 -1 -1 -1 -1 -1 -1 -1 1 
54 5 Car -1.000000 -1 -1 721.2322658613427 158.00044311560498 850.9047114747735 228.0258496975185 -1 -1 -1 -1 -1 -1 -1 -1 1 
55 5 Car -1.000000 -1 -1 681.2148848973311 157.0182931652579 814.0131858648256 227.76828837867006 -1 -1 -1 -1 -1 -1 -1 -1 1 
56 5 Car -1.000000 -1 -1 641.3539262371498 157.7117734924868 778.0664995220015 229.77565746876542 -1 -1 -1 -1 -1 -1 -1 -1 1 
57 5 Car -1.000000 -1 -1 600.7973090700006 159.08794613549068 741.6699629002596 232.71425325641127 -1 -1 -1 -1 -1 -1 -1 -1 1 
58 5 Car -1.000000 -1 -1 559.1111613770357 160.7723152758921 704.2321619486987 236.084112034322 -1 -1 -1 -1 -1 -1 -1 -1 1 
59 5 Car -1.000000 -1 -1 516.0563898189339 162.62446096387302 665.5006133517527 239.6976139961371 -1 -1 -1 -1 -1 -1 -1 -1 1 
60 5 Car -1.000000 -1 -1 470.9112653198553 162.92165474940214 626.6236214610578 242.75545141048863 -1 -1 -1 -1 -1 -1 -1 -1 1 
61 5 Car -1.000000 -1 -1 422.82770037639153 162.58569442149354 585.9619361803357 245.71282766870613 -1 -1 -1 -1 -1 -1 -1 -1 1 
62 5 Car -1.000000 -1 -1 371.13695526541755 161.97056432896193 542.6721609626225 248.77264690412463 -1 -1 -1 -1 -1 -1 -1 -1 1 
62 32 Car -1.000000 -1 -1 1120.0336825002453 191.25928978270179 1184.219756318738 291.34538736255126 -1 -1 -1 -1 -1 -1 -1 -1 1 
63 5 Car -1.000000 -1 -1 315.24494816737024 161.2082135719099 496.22714963440586 252.03043844628786 -1 -1 -1 -1 -1 -1 -1 -1 1 
63 32 Car -1.000000 -1 -1 1082.5835719368047 191.40392637072796 1150.4854643937138 292.30879198271487 -1 -1 -1 -1 -1 -1 -1 -1 1 
64 5 Car -1.000000 -1 -1 255.53884418446185 159.70217305089565 449.2491305777627 256.0498994069536 -1 -1 -1 -1 -1 -1 -1 -1 1 
64 32 Car -1.000000 -1 -1 1041.1157347174462 191.8441463675851 1113.163634171927 293.370887846176 -1 -1 -1 -1 -1 -1 -1 -1 1 
64 35 Car -1.000000 -1 -1 991.0170052672554 185.36398840601777 1110.1922838549733 260.37042310911994 -1 -1 -1 -1 -1 -1 -1 -1 1 
65 5 Car -1.000000 -1 -1 189.45462929103792 157.75202824787925 398.60313454997356 260.7094565745078 -1 -1 -1 -1 -1 -1 -1 -1 1 
65 32 Car -1.000000 -1 -1 998.6544416265347 192.36623874422557 1075.1675823684486 294.40709059641324 -1 -1 -1 -1 -1 -1 -1 -1 1 
65 35 Car -1.000000 -1 -1 949.9297390557645 184.17366341812155 1067.7622690741991 258.4873845638752 -1 -1 -1 -1 -1 -1 -1 -1 1 
66 5 Car -1.000000 -1 -1 119.06862960879242 155.4800536573324 346.98729989426346 266.26303956707443 -1 -1 -1 -1 -1 -1 -1 -1 1 
66 32 Car -1.000000 -1 -1 967.6512817870539 191.46807961495097 1050.0101070953629 295.18037340931016 -1 -1 -1 -1 -1 -1 -1 -1 1 
66 35 Car -1.000000 -1 -1 910.2881673642858 182.306945229107 1026.2799467132502 255.64760067632076 -1 -1 -1 -1 -1 -1 -1 -1 1 
67 5 Car -1.000000 -1 -1 39.88936049419425 152.8371453232617 290.5605506898374 272.77519083665527 -1 -1 -1 -1 -1 -1 -1 -1 1 
67 32 Car -1.000000 -1 -1 939.8336854781587 190.04752408864934 1028.8365489566813 295.85318829608235 -1 -1 -1 -1 -1 -1 -1 -1 1 
67 35 Car -1.000000 -1 -1 877.7615017284267 180.3799377491259 992.717679447296 253.25445446634427 -1 -1 -1 -1 -1 -1 -1 -1 1 
68 5 Car -1.000000 -1 -1 -11.366367586547199 149.64738367483585 259.70061993233264 280.7649720408966 -1 -1 -1 -1 -1 -1 -1 -1 1 
68 32 Car -1.000000 -1 -1 912.2301917380888 188.41391606515936 1008.3909725425242 296.48344218106183 -1 -1 -1 -1 -1 -1 -1 -1 1 
68 35 Car -1.000000 -1 -1 847.4779091948768 178.46373681305232 961.6425394663468 251.02166280250498 -1 -1 -1 -1 -1 -1 -1 -1 1 
69 5 Car -1.000000 -1 -1 -43.78098839767088 147.77467769987925 228.0517269841648 282.99227984145557 -1 -1 -1 -1 -1 -1 -1 -1 1 
69 32 Car -1.000000 -1 -1 883.7535024065706 186.67421277617308 987.4085633816848 297.09123972943996 -1 -1 -1 -1 -1 -1 -1 -1 1 
69 35 Car -1.000000 -1 -1 822.6315851924824 177.1964888309304 937.5238171076339 250.36491898779343 -1 -1 -1 -1 -1 -1 -1 -1 1 
70 5 Car -1.000000 -1 -1 -67.73934720623505 146.77610868139746 190.77283262192384 281.553571454652 -1 -1 -1 -1 -1 -1 -1 -1 1 
70 32 Car -1.000000 -1 -1 868.3559772117153 186.2698194584397 982.3635859225922 301.6288931059298 -1 -1 -1 -1 -1 -1 -1 -1 1 
70 35 Car -1.000000 -1 -1 805.3524789720639 176.18473846370927 922.4485589821212 250.87761356064854 -1 -1 -1 -1 -1 -1 -1 -1 1 
71 5 Car -1.000000 -1 -1 -85.54676003152954 149.76768027691986 155.05772747284004 283.5450649295387 -1 -1 -1 -1 -1 -1 -1 -1 1 
71 32 Car -1.000000 -1 -1 857.1262483695832 186.38692602097402 983.3993144414442 308.08978703706237 -1 -1 -1 -1 -1 -1 -1 -1 1 
71 35 Car -1.000000 -1 -1 790.07832971941 175.17009512689748 910.0928255740974 251.82994816501508 -1 -1 -1 -1 -1 -1 -1 -1 1 
71 48 Car -1.000000 -1 -1 758.9999869894394 172.6810305834472 803.2274347233944 214.15207682924407 -1 -1 -1 -1 -1 -1 -1 -1 1 
72 5 Car -1.000000 -1 -1 -129.25979928366536 149.2187263039383 117.12886450113575 286.2111584871972 -1 -1 -1 -1 -1 -1 -1 -1 1 
72 32 Car -1.000000 -1 -1 846.80086469779 186.72056228195882 986.995562335757 315.8340342326694 -1 -1 -1 -1 -1 -1 -1 -1 1 
72 35 Car -1.000000 -1 -1 779.7563571149412 175.41545400502258 904.3230605481499 254.9341472591772 -1 -1 -1 -1 -1 -1 -1 -1 1 
72 48 Car -1.000000 -1 -1 744.2215029296015 172.27131283933682 789.1812878899025 214.45045656137577 -1 -1 -1 -1 -1 -1 -1 -1 1 
72 51 Car -1.000000 -1 -1 445.8943747683352 168.38635272636054 504.0266797386437 204.19741010667917 -1 -1 -1 -1 -1 -1 -1 -1 1 
73 32 Car -1.000000 -1 -1 842.6166393312823 187.2180790417696 999.1552096134925 325.3234341536243 -1 -1 -1 -1 -1 -1 -1 -1 1 
73 35 Car -1.000000 -1 -1 770.573236001502 176.0844820361812 900.8611947590987 259.07002185313274 -1 -1 -1 -1 -1 -1 -1 -1 1 
73 48 Car -1.000000 -1 -1 732.6257185331843 173.5834423454409 778.4919534867406 216.64297831055364 -1 -1 -1 -1 -1 -1 -1 -1 1 
73 51 Car -1.000000 -1 -1 420.05545053637456 171.61742760030467 480.92334043642074 209.05179665445138 -1 -1 -1 -1 -1 -1 -1 -1 1 
73 53 Car -1.000000 -1 -1 734.1466441226743 176.52678999727388 773.5680121257922 212.0760665865114 -1 -1 -1 -1 -1 -1 -1 -1 1 
74 32 Car -1.000000 -1 -1 840.6409378353545 187.80937630625692 1016.0889131427485 336.48574797623814 -1 -1 -1 -1 -1 -1 -1 -1 1 
74 35 Car -1.000000 -1 -1 765.1306628774205 176.86951569771688 902.2942578041407 263.95134811464345 -1 -1 -1 -1 -1 -1 -1 -1 1 
74 48 Car -1.000000 -1 -1 721.8059370964971 175.39106465868576 768.7506591338758 219.51009105544563 -1 -1 -1 -1 -1 -1 -1 -1 1 
74 51 Car -1.000000 -1 -1 396.6731954912635 172.37974849436267 460.5669242684952 211.5800118191608 -1 -1 -1 -1 -1 -1 -1 -1 1 
74 53 Car -1.000000 -1 -1 722.7206283577676 178.2258137133258 763.4240867043918 214.79558879241796 -1 -1 -1 -1 -1 -1 -1 -1 1 
74 54 Car -1.000000 -1 -1 713.0420627579066 178.46044727520712 745.6437846167686 208.20113682508114 -1 -1 -1 -1 -1 -1 -1 -1 1 
75 32 Car -1.000000 -1 -1 844.5093055185682 188.53422645626628 1044.4442029567901 351.498647601103 -1 -1 -1 -1 -1 -1 -1 -1 1 
75 35 Car -1.000000 -1 -1 760.7477025512479 177.72579259085884 905.766418309541 269.4217570770694 -1 -1 -1 -1 -1 -1 -1 -1 1 
75 48 Car -1.000000 -1 -1 714.8710549621251 175.4203086404032 762.8466541830851 220.55577775291007 -1 -1 -1 -1 -1 -1 -1 -1 1 
75 51 Car -1.000000 -1 -1 373.8384024766832 172.2658117815079 441.0826316864787 213.38583844266313 -1 -1 -1 -1 -1 -1 -1 -1 1 
75 53 Car -1.000000 -1 -1 713.1807872028619 179.29784486235468 754.963405825768 216.65898400227917 -1 -1 -1 -1 -1 -1 -1 -1 1 
75 54 Car -1.000000 -1 -1 706.8247420727475 178.69183994699665 739.9875854486432 208.91551051264932 -1 -1 -1 -1 -1 -1 -1 -1 1 
75 55 Car -1.000000 -1 -1 692.7603725189782 178.2028594269824 715.2404596428183 198.2956901468749 -1 -1 -1 -1 -1 -1 -1 -1 1 
76 32 Car -1.000000 -1 -1 854.3919242072719 189.36826485023698 1078.5162974113405 364.14645732307997 -1 -1 -1 -1 -1 -1 -1 -1 1 
76 35 Car -1.000000 -1 -1 760.4860000802662 178.19139499651817 914.5636073544629 275.1646410556945 -1 -1 -1 -1 -1 -1 -1 -1 1 
76 48 Car -1.000000 -1 -1 709.0810772733548 175.8568951064925 758.2986743303926 222.21996189790048 -1 -1 -1 -1 -1 -1 -1 -1 1 
76 51 Car -1.000000 -1 -1 349.8067895967623 171.83502684024046 420.7888437335032 215.05066376880004 -1 -1 -1 -1 -1 -1 -1 -1 1 
76 53 Car -1.000000 -1 -1 706.2003333866185 179.67835715291574 749.1190538195618 217.85034993401564 -1 -1 -1 -1 -1 -1 -1 -1 1 
76 54 Car -1.000000 -1 -1 697.5070547078658 179.94747723878777 731.4062203375594 210.8318136416287 -1 -1 -1 -1 -1 -1 -1 -1 1 
76 55 Car -1.000000 -1 -1 683.4498421059307 178.77217996970617 706.2168452342806 199.12850512247496 -1 -1 -1 -1 -1 -1 -1 -1 1 
77 32 Car -1.000000 -1 -1 877.4139822886086 190.3424350492205 1121.1096342716023 369.1882622132898 -1 -1 -1 -1 -1 -1 -1 -1 1 
77 35 Car -1.000000 -1 -1 761.8097376852388 178.5096423083911 926.1963048949546 281.4392200508096 -1 -1 -1 -1 -1 -1 -1 -1 1 
77 48 Car -1.000000 -1 -1 703.4641711369471 176.46646613359874 754.041097023399 224.18130255188754 -1 -1 -1 -1 -1 -1 -1 -1 1 
77 51 Car -1.000000 -1 -1 323.70880930545536 171.27249235819258 398.9039648564439 216.79196240020116 -1 -1 -1 -1 -1 -1 -1 -1 1 
77 53 Car -1.000000 -1 -1 700.2751259326151 180.08538384001116 744.4456590837889 219.14551513748052 -1 -1 -1 -1 -1 -1 -1 -1 1 
77 54 Car -1.000000 -1 -1 690.5114843049831 180.41121390484903 725.1257247898935 211.93191660048964 -1 -1 -1 -1 -1 -1 -1 -1 1 
77 55 Car -1.000000 -1 -1 676.2024719998249 179.37717484631546 699.2776375584887 200.01325032824644 -1 -1 -1 -1 -1 -1 -1 -1 1 
78 32 Car -1.000000 -1 -1 889.4093835104725 191.48883943431767 1146.8451765434029 371.0372630974041 -1 -1 -1 -1 -1 -1 -1 -1 1 
78 35 Car -1.000000 -1 -1 763.7573332795474 178.77838768987795 939.8761531568215 288.43704513402815 -1 -1 -1 -1 -1 -1 -1 -1 1 
78 48 Car -1.000000 -1 -1 697.6660406386503 177.16250488195573 749.6909097694195 226.32728706269447 -1 -1 -1 -1 -1 -1 -1 -1 1 
78 51 Car -1.000000 -1 -1 298.5892971061983 170.85556532444022 378.60901913679595 218.93127917493678 -1 -1 -1 -1 -1 -1 -1 -1 1 
78 53 Car -1.000000 -1 -1 694.5638091579352 180.5194726718402 740.0809024444969 220.5319661661536 -1 -1 -1 -1 -1 -1 -1 -1 1 
78 54 Car -1.000000 -1 -1 684.1895021257749 180.60269397508574 719.5283413134658 212.76423359739493 -1 -1 -1 -1 -1 -1 -1 -1 1 
78 55 Car -1.000000 -1 -1 669.5999173981511 179.99076877695344 692.9953630288246 200.91367939113414 -1 -1 -1 -1 -1 -1 -1 -1 1 
79 32 Car -1.000000 -1 -1 896.8311494362322 192.8320687899924 1163.7707855583208 371.5742549971626 -1 -1 -1 -1 -1 -1 -1 -1 1 
79 35 Car -1.000000 -1 -1 765.9716450336248 179.03811525335658 955.5081793295047 296.344393639195 -1 -1 -1 -1 -1 -1 -1 -1 1 
79 48 Car -1.000000 -1 -1 695.1442029242719 176.71358078854567 748.623162603479 227.32476163209847 -1 -1 -1 -1 -1 -1 -1 -1 1 
79 51 Car -1.000000 -1 -1 272.0203544114668 170.4847432135376 357.6069030316727 221.41508457647356 -1 -1 -1 -1 -1 -1 -1 -1 1 
79 53 Car -1.000000 -1 -1 690.4622302635106 179.83591032975627 737.2861759516232 220.7170893118306 -1 -1 -1 -1 -1 -1 -1 -1 1 
79 54 Car -1.000000 -1 -1 680.3226676069719 180.2484070951531 716.3960183894171 213.0300060685616 -1 -1 -1 -1 -1 -1 -1 -1 1 
79 55 Car -1.000000 -1 -1 665.5030888848225 179.7350837195903 689.209616332396 200.93030203889822 -1 -1 -1 -1 -1 -1 -1 -1 1 
79 56 Car -1.000000 -1 -1 508.0975032774163 177.68338781409506 538.8738222562547 196.32422429145316 -1 -1 -1 -1 -1 -1 -1 -1 1 
80 32 Car -1.000000 -1 -1 905.3879106099458 194.46344597126622 1178.0388670516932 371.60088757313065 -1 -1 -1 -1 -1 -1 -1 -1 1 
80 35 Car -1.000000 -1 -1 768.3348885208061 179.30695363457428 973.3302032697493 305.37828470822285 -1 -1 -1 -1 -1 -1 -1 -1 1 
80 48 Car -1.000000 -1 -1 693.798013856585 175.75280441622252 748.82869992794 227.8947438120969 -1 -1 -1 -1 -1 -1 -1 -1 1 
80 51 Car -1.000000 -1 -1 246.0576102965433 170.07507081495243 337.8344857115127 224.08130190265706 -1 -1 -1 -1 -1 -1 -1 -1 1 
80 53 Car -1.000000 -1 -1 686.8508468062794 178.69506163717472 735.0249211824532 220.43589754647778 -1 -1 -1 -1 -1 -1 -1 -1 1 
80 54 Car -1.000000 -1 -1 677.2603431680716 179.68575409930443 714.1106012645056 213.0932063406392 -1 -1 -1 -1 -1 -1 -1 -1 1 
80 55 Car -1.000000 -1 -1 662.2193019170538 179.16197297788577 686.2428794906284 200.62767326136228 -1 -1 -1 -1 -1 -1 -1 -1 1 
80 56 Car -1.000000 -1 -1 499.14029864120886 177.10759493404646 530.8050822528635 196.26613065433713 -1 -1 -1 -1 -1 -1 -1 -1 1 
81 32 Car -1.000000 -1 -1 916.99936634585 196.46529185868943 1191.6731533123532 371.43827473341753 -1 -1 -1 -1 -1 -1 -1 -1 1 
81 35 Car -1.000000 -1 -1 775.2887683038668 179.27799641445012 1000.2707671974982 316.5477193561903 -1 -1 -1 -1 -1 -1 -1 -1 1 
81 48 Car -1.000000 -1 -1 692.7757383244199 174.45100938794246 749.5611178671221 228.319080318771 -1 -1 -1 -1 -1 -1 -1 -1 1 
81 51 Car -1.000000 -1 -1 218.32595699392428 169.6227243373859 317.1784754694072 227.04515076980098 -1 -1 -1 -1 -1 -1 -1 -1 1 
81 53 Car -1.000000 -1 -1 685.182926519101 178.1441789608448 734.9925800938022 220.959467926231 -1 -1 -1 -1 -1 -1 -1 -1 1 
81 54 Car -1.000000 -1 -1 675.4051670781002 179.12607131633706 713.1457385485932 213.24401482383735 -1 -1 -1 -1 -1 -1 -1 -1 1 
81 55 Car -1.000000 -1 -1 659.1437960778613 178.46836086202043 683.4964382245339 200.20765987998004 -1 -1 -1 -1 -1 -1 -1 -1 1 
81 56 Car -1.000000 -1 -1 490.46020444505103 176.46466357557335 523.0844062629584 196.17244927378684 -1 -1 -1 -1 -1 -1 -1 -1 1 
82 32 Car -1.000000 -1 -1 933.2912981059943 198.97457218430424 1205.9400721668949 371.21240896102665 -1 -1 -1 -1 -1 -1 -1 -1 1 
82 35 Car -1.000000 -1 -1 784.8718344231063 179.11042708909966 1034.8099391192984 330.1601310121101 -1 -1 -1 -1 -1 -1 -1 -1 1 
82 48 Car -1.000000 -1 -1 693.0149691196165 174.03918598236393 751.8026287662055 229.8676682694628 -1 -1 -1 -1 -1 -1 -1 -1 1 
82 51 Car -1.000000 -1 -1 187.4850684568424 169.11983174639892 294.54940949728586 230.3976620147062 -1 -1 -1 -1 -1 -1 -1 -1 1 
82 53 Car -1.000000 -1 -1 684.2028160725818 177.82466022212924 735.8358239156711 221.8437074699045 -1 -1 -1 -1 -1 -1 -1 -1 1 
82 54 Car -1.000000 -1 -1 673.9307292236869 178.56021414852586 712.6406933236577 213.4419263699922 -1 -1 -1 -1 -1 -1 -1 -1 1 
82 55 Car -1.000000 -1 -1 656.0597045401038 177.72416851876162 680.7558983515494 199.74226504914523 -1 -1 -1 -1 -1 -1 -1 -1 1 
82 56 Car -1.000000 -1 -1 481.96240290974356 177.04354440861323 515.7428599906857 197.41282245080197 -1 -1 -1 -1 -1 -1 -1 -1 1 
83 32 Car -1.000000 -1 -1 965.4832223385766 203.12220014320204 1227.8221971723935 370.9725186748327 -1 -1 -1 -1 -1 -1 -1 -1 1 
83 35 Car -1.000000 -1 -1 796.6120742537549 178.86505917736125 1077.8335185244996 346.93455280372973 -1 -1 -1 -1 -1 -1 -1 -1 1 
83 48 Car -1.000000 -1 -1 693.7455788611968 173.98613887188094 754.7381707523701 231.96679817631693 -1 -1 -1 -1 -1 -1 -1 -1 1 
83 51 Car -1.000000 -1 -1 153.26121922905872 169.07893256874465 270.0396124839817 234.81029192150896 -1 -1 -1 -1 -1 -1 -1 -1 1 
83 53 Car -1.000000 -1 -1 683.43291468584 177.5925957811276 737.0425647543085 222.91513428300004 -1 -1 -1 -1 -1 -1 -1 -1 1 
83 54 Car -1.000000 -1 -1 672.5285704173798 177.98144197544093 712.2755302198666 213.66995755567467 -1 -1 -1 -1 -1 -1 -1 -1 1 
83 55 Car -1.000000 -1 -1 652.889852767487 176.9532810679665 677.9450373098522 199.25636385075518 -1 -1 -1 -1 -1 -1 -1 -1 1 
83 56 Car -1.000000 -1 -1 472.2316593750628 176.42552815839846 507.13923414990126 197.4109998358161 -1 -1 -1 -1 -1 -1 -1 -1 1 
84 32 Car -1.000000 -1 -1 1018.2991498495954 210.67015019568794 1257.6484184277629 370.73027494340545 -1 -1 -1 -1 -1 -1 -1 -1 1 
84 35 Car -1.000000 -1 -1 816.80363730419 178.5274630256239 1130.402141773734 362.53250371422405 -1 -1 -1 -1 -1 -1 -1 -1 1 
84 48 Car -1.000000 -1 -1 694.4689039551153 174.0833564956775 757.9150820132701 234.40431161564345 -1 -1 -1 -1 -1 -1 -1 -1 1 
84 51 Car -1.000000 -1 -1 114.15807932418441 169.2539415017689 242.5095459178549 240.155744844875 -1 -1 -1 -1 -1 -1 -1 -1 1 
84 53 Car -1.000000 -1 -1 683.135729830732 176.67673859358578 738.8760670912542 223.4089597769154 -1 -1 -1 -1 -1 -1 -1 -1 1 
84 54 Car -1.000000 -1 -1 671.0822330142472 177.38524861731014 711.9309787789066 213.92141516254554 -1 -1 -1 -1 -1 -1 -1 -1 1 
84 55 Car -1.000000 -1 -1 651.3321304862493 176.23932573715155 676.8134122652344 198.88419706835455 -1 -1 -1 -1 -1 -1 -1 -1 1 
84 56 Car -1.000000 -1 -1 463.7079163640611 176.0719252674791 499.88968534449344 197.74205423426858 -1 -1 -1 -1 -1 -1 -1 -1 1 
85 32 Car -1.000000 -1 -1 1024.5697106853295 212.35921793681177 1265.536374460459 373.5003279016928 -1 -1 -1 -1 -1 -1 -1 -1 1 
85 35 Car -1.000000 -1 -1 837.5265808494546 178.11155909660823 1169.6484437278057 368.8698739459013 -1 -1 -1 -1 -1 -1 -1 -1 1 
85 48 Car -1.000000 -1 -1 696.929594965352 173.7146529992602 763.2713444148234 236.72596224887943 -1 -1 -1 -1 -1 -1 -1 -1 1 
85 51 Car -1.000000 -1 -1 71.38390440720762 169.51273191721754 213.4028989003072 246.36341153651955 -1 -1 -1 -1 -1 -1 -1 -1 1 
85 53 Car -1.000000 -1 -1 683.9831840704956 176.1300145763138 742.1215695334145 224.46694280925124 -1 -1 -1 -1 -1 -1 -1 -1 1 
85 54 Car -1.000000 -1 -1 669.5474523509745 176.76814759487314 711.5634360803857 214.19386388861358 -1 -1 -1 -1 -1 -1 -1 -1 1 
85 55 Car -1.000000 -1 -1 650.3440130105071 175.52329068224512 676.3002663189396 198.55233291109047 -1 -1 -1 -1 -1 -1 -1 -1 1 
85 56 Car -1.000000 -1 -1 455.2841176387974 175.8105326462446 492.871682151902 198.22128255116218 -1 -1 -1 -1 -1 -1 -1 -1 1 
85 57 Car -1.000000 -1 -1 662.9690794930384 175.7803047206806 703.3652540769299 208.01569527107975 -1 -1 -1 -1 -1 -1 -1 -1 1 
86 35 Car -1.000000 -1 -1 852.2593546203575 177.95577649165133 1193.2807894480131 371.2745428059368 -1 -1 -1 -1 -1 -1 -1 -1 1 
86 48 Car -1.000000 -1 -1 700.2035841022716 173.12362523017708 769.8496890595712 239.134276852509 -1 -1 -1 -1 -1 -1 -1 -1 1 
86 51 Car -1.000000 -1 -1 25.522266570037118 169.84245496519094 183.1819180552378 253.67306061512386 -1 -1 -1 -1 -1 -1 -1 -1 1 
86 53 Car -1.000000 -1 -1 685.3112125582289 175.71730161810999 746.072108986346 225.81448922041372 -1 -1 -1 -1 -1 -1 -1 -1 1 
86 54 Car -1.000000 -1 -1 670.0433393365082 176.72658209779226 713.4596698924006 215.22679811099113 -1 -1 -1 -1 -1 -1 -1 -1 1 
86 55 Car -1.000000 -1 -1 649.8963616782055 175.44557750952356 676.359343055535 198.8830702829444 -1 -1 -1 -1 -1 -1 -1 -1 1 
86 56 Car -1.000000 -1 -1 447.33804578292677 176.15790405778415 486.53497629348084 199.4142817856821 -1 -1 -1 -1 -1 -1 -1 -1 1 
86 57 Car -1.000000 -1 -1 663.3505043577185 176.31167045560906 704.7990608239318 209.37442295988964 -1 -1 -1 -1 -1 -1 -1 -1 1 
87 35 Car -1.000000 -1 -1 866.7033553863135 177.91363096253087 1210.6942428215225 372.0289646296226 -1 -1 -1 -1 -1 -1 -1 -1 1 
87 48 Car -1.000000 -1 -1 703.9560700361673 172.4005047985354 777.3396510230781 241.7309419628367 -1 -1 -1 -1 -1 -1 -1 -1 1 
87 51 Car -1.000000 -1 -1 -7.390675123593894 170.62285575668722 163.78130834155016 262.7717686013019 -1 -1 -1 -1 -1 -1 -1 -1 1 
87 53 Car -1.000000 -1 -1 687.2720226191607 176.4537400565789 750.9183713493584 228.49168481603618 -1 -1 -1 -1 -1 -1 -1 -1 1 
87 54 Car -1.000000 -1 -1 671.3547784394792 176.9195019187593 716.3311191108752 216.61165064636043 -1 -1 -1 -1 -1 -1 -1 -1 1 
87 55 Car -1.000000 -1 -1 649.6306487561575 175.61959029891736 676.6255257912474 199.4841327386164 -1 -1 -1 -1 -1 -1 -1 -1 1 
87 56 Car -1.000000 -1 -1 439.1960811650997 176.7665876998617 480.17655049713096 200.9538911969232 -1 -1 -1 -1 -1 -1 -1 -1 1 
87 57 Car -1.000000 -1 -1 663.9019321356112 177.04612991690868 706.5370066538248 211.036537969693 -1 -1 -1 -1 -1 -1 -1 -1 1 
88 35 Car -1.000000 -1 -1 884.0683952222404 177.92140333822906 1226.5248154002893 372.1295552154281 -1 -1 -1 -1 -1 -1 -1 -1 1 
88 48 Car -1.000000 -1 -1 708.7065601128677 172.28905519610353 786.3709886154147 245.33778082987922 -1 -1 -1 -1 -1 -1 -1 -1 1 
88 51 Car -1.000000 -1 -1 -31.436690620214264 171.9722708113096 141.24490488986078 268.22885809624506 -1 -1 -1 -1 -1 -1 -1 -1 1 
88 53 Car -1.000000 -1 -1 689.7323016638389 176.49634866694925 756.5001078558131 230.62633342107344 -1 -1 -1 -1 -1 -1 -1 -1 1 
88 54 Car -1.000000 -1 -1 673.0199251187709 177.21414607432214 719.6940515957208 218.194430617287 -1 -1 -1 -1 -1 -1 -1 -1 1 
88 55 Car -1.000000 -1 -1 649.1528269445101 175.3802839924019 676.7006098384295 199.68940951586595 -1 -1 -1 -1 -1 -1 -1 -1 1 
88 56 Car -1.000000 -1 -1 430.7280321680263 177.63766257793904 473.6876254686322 202.8491713349955 -1 -1 -1 -1 -1 -1 -1 -1 1 
88 57 Car -1.000000 -1 -1 665.0469206943943 178.0120837026127 708.9817043968928 213.01014348729683 -1 -1 -1 -1 -1 -1 -1 -1 1 
89 35 Car -1.000000 -1 -1 906.8325993383776 177.95418952968393 1243.4117636948827 371.9821615994431 -1 -1 -1 -1 -1 -1 -1 -1 1 
89 48 Car -1.000000 -1 -1 714.1354543760165 172.44185276943693 796.6895471772577 249.6474443090237 -1 -1 -1 -1 -1 -1 -1 -1 1 
89 51 Car -1.000000 -1 -1 -52.51644306615401 173.61505215833316 112.94268630220867 271.7122835443752 -1 -1 -1 -1 -1 -1 -1 -1 1 
89 53 Car -1.000000 -1 -1 692.4787043751554 176.20649016616227 762.6793719209528 232.6403516359671 -1 -1 -1 -1 -1 -1 -1 -1 1 
89 54 Car -1.000000 -1 -1 674.8647652409934 177.5595756188029 723.3730458806506 219.9210800358321 -1 -1 -1 -1 -1 -1 -1 -1 1 
89 55 Car -1.000000 -1 -1 650.2461146092779 175.99915168682793 678.3989218678643 200.78585478229195 -1 -1 -1 -1 -1 -1 -1 -1 1 
89 56 Car -1.000000 -1 -1 421.6760357996758 178.65419002986363 466.8186672367925 204.9850258179999 -1 -1 -1 -1 -1 -1 -1 -1 1 
89 57 Car -1.000000 -1 -1 665.9519232311657 177.9725304633792 711.1556894719566 213.93737722992833 -1 -1 -1 -1 -1 -1 -1 -1 1 
90 35 Car -1.000000 -1 -1 937.92228591745 178.0491550829184 1263.5359526405414 371.7475240891813 -1 -1 -1 -1 -1 -1 -1 -1 1 
90 48 Car -1.000000 -1 -1 720.1501528501652 172.723662687628 808.3415381622134 254.63345873466707 -1 -1 -1 -1 -1 -1 -1 -1 1 
90 51 Car -1.000000 -1 -1 -80.3763316727055 174.04639920026062 90.90985944720063 275.59839969756297 -1 -1 -1 -1 -1 -1 -1 -1 1 
90 53 Car -1.000000 -1 -1 695.4594159507857 175.75770772928632 769.4223140384227 234.7142659370884 -1 -1 -1 -1 -1 -1 -1 -1 1 
90 54 Car -1.000000 -1 -1 676.9679862623163 177.39203981858654 727.4357615188923 221.2302895555179 -1 -1 -1 -1 -1 -1 -1 -1 1 
90 55 Car -1.000000 -1 -1 651.4218631167288 176.28878391930198 680.2192576149595 201.58033917420914 -1 -1 -1 -1 -1 -1 -1 -1 1 
90 56 Car -1.000000 -1 -1 412.2062637262102 179.45196101631632 459.70337436657206 206.97352115275294 -1 -1 -1 -1 -1 -1 -1 -1 1 
90 57 Car -1.000000 -1 -1 666.7845144410443 177.550151626397 713.3005450713679 214.49733198808937 -1 -1 -1 -1 -1 -1 -1 -1 1 
91 35 Car -1.000000 -1 -1 984.4965308216201 179.2306912829008 1290.4887981052993 371.4894208221925 -1 -1 -1 -1 -1 -1 -1 -1 1 
91 48 Car -1.000000 -1 -1 727.1925719209252 172.99677348932406 822.1330491963413 260.5148082957668 -1 -1 -1 -1 -1 -1 -1 -1 1 
91 53 Car -1.000000 -1 -1 698.6741414618991 175.21516007869573 776.7673528536063 236.9356236131261 -1 -1 -1 -1 -1 -1 -1 -1 1 
91 54 Car -1.000000 -1 -1 679.2523573159407 177.00284346721836 731.8205831682138 222.42351381136157 -1 -1 -1 -1 -1 -1 -1 -1 1 
91 55 Car -1.000000 -1 -1 652.6385345841134 176.45031538414491 682.1163736063656 202.2705354125081 -1 -1 -1 -1 -1 -1 -1 -1 1 
91 56 Car -1.000000 -1 -1 402.02592060103365 180.19296423376932 452.1040414979934 209.00442337675656 -1 -1 -1 -1 -1 -1 -1 -1 1 
91 57 Car -1.000000 -1 -1 667.6094140111807 176.97139196490338 715.5138674287601 214.94030643156444 -1 -1 -1 -1 -1 -1 -1 -1 1 
92 35 Car -1.000000 -1 -1 991.7449937646999 179.2325469190885 1303.9026314780863 375.36517677747906 -1 -1 -1 -1 -1 -1 -1 -1 1 
92 48 Car -1.000000 -1 -1 735.2151395457016 173.28957273247744 838.1046359911174 267.3530137494268 -1 -1 -1 -1 -1 -1 -1 -1 1 
92 53 Car -1.000000 -1 -1 702.643013585797 174.84663788830008 785.6666007291992 239.8822910955849 -1 -1 -1 -1 -1 -1 -1 -1 1 
92 54 Car -1.000000 -1 -1 681.6970682456614 176.5022443062394 736.5281200810293 223.62591185782384 -1 -1 -1 -1 -1 -1 -1 -1 1 
92 55 Car -1.000000 -1 -1 653.5200717968448 176.7026677000918 683.720445269939 203.08588155275794 -1 -1 -1 -1 -1 -1 -1 -1 1 
92 56 Car -1.000000 -1 -1 390.68031322001195 180.77079097241796 443.5868354180643 210.9733766006671 -1 -1 -1 -1 -1 -1 -1 -1 1 
92 57 Car -1.000000 -1 -1 668.4275206057275 176.27047889706756 717.868095891196 215.36048989638044 -1 -1 -1 -1 -1 -1 -1 -1 1 
93 48 Car -1.000000 -1 -1 744.334386120203 173.62003867744937 856.6180331903856 275.32871206918145 -1 -1 -1 -1 -1 -1 -1 -1 1 
93 53 Car -1.000000 -1 -1 707.1672536071846 174.52980973653135 795.8653491052303 243.36661342310282 -1 -1 -1 -1 -1 -1 -1 -1 1 
93 54 Car -1.000000 -1 -1 684.2789451763919 175.875985093106 741.6129183401531 224.8938215852744 -1 -1 -1 -1 -1 -1 -1 -1 1 
93 55 Car -1.000000 -1 -1 654.2737506836025 176.99655756738247 685.2331852316778 203.97203797719007 -1 -1 -1 -1 -1 -1 -1 -1 1 
93 56 Car -1.000000 -1 -1 378.4208197650499 180.92573240329494 434.34674291703766 212.5776256129298 -1 -1 -1 -1 -1 -1 -1 -1 1 
93 57 Car -1.000000 -1 -1 669.2575995194526 175.48139138713847 720.3840365397363 215.79429757759692 -1 -1 -1 -1 -1 -1 -1 -1 1 
94 48 Car -1.000000 -1 -1 754.7673956408723 173.99706248125398 878.6603810989503 284.9794054006256 -1 -1 -1 -1 -1 -1 -1 -1 1 
94 53 Car -1.000000 -1 -1 712.2237367799314 174.21170998120394 807.4071870075769 247.36410533861772 -1 -1 -1 -1 -1 -1 -1 -1 1 
94 54 Car -1.000000 -1 -1 687.3107882388637 175.64846774212313 747.4808444209483 226.77684226604686 -1 -1 -1 -1 -1 -1 -1 -1 1 
94 55 Car -1.000000 -1 -1 655.085824827054 177.08686332673628 686.8988536057283 204.73024451392916 -1 -1 -1 -1 -1 -1 -1 -1 1 
94 56 Car -1.000000 -1 -1 365.01144041381207 180.90561412368334 424.26022050754057 214.12046250639617 -1 -1 -1 -1 -1 -1 -1 -1 1 
94 57 Car -1.000000 -1 -1 670.8629207696955 175.2504204535226 723.8852443888125 216.92443465346855 -1 -1 -1 -1 -1 -1 -1 -1 1 
95 48 Car -1.000000 -1 -1 766.8477654313037 174.44326841957735 905.0969300233247 296.66417865136566 -1 -1 -1 -1 -1 -1 -1 -1 1 
95 53 Car -1.000000 -1 -1 717.8608946877417 173.86666721552328 820.4776524616319 251.9265901177409 -1 -1 -1 -1 -1 -1 -1 -1 1 
95 54 Car -1.000000 -1 -1 690.6613974284235 175.58067176350585 754.0048356867786 229.0310898478288 -1 -1 -1 -1 -1 -1 -1 -1 1 
95 55 Car -1.000000 -1 -1 655.9341919994083 177.0960554631884 688.6693122502201 205.45965047598003 -1 -1 -1 -1 -1 -1 -1 -1 1 
95 56 Car -1.000000 -1 -1 350.66794026364124 179.23956297356835 413.3489099779209 213.98641618757335 -1 -1 -1 -1 -1 -1 -1 -1 1 
95 57 Car -1.000000 -1 -1 672.8444097493311 175.24336693800674 727.9502014997956 218.39596148054224 -1 -1 -1 -1 -1 -1 -1 -1 1 
96 48 Car -1.000000 -1 -1 781.056877271729 174.9862610806466 937.318740200879 311.01641050969545 -1 -1 -1 -1 -1 -1 -1 -1 1 
96 53 Car -1.000000 -1 -1 724.388551930863 173.95676127191922 835.5599187372595 257.6156821837234 -1 -1 -1 -1 -1 -1 -1 -1 1 
96 54 Car -1.000000 -1 -1 694.3007375491788 175.57774852914113 761.1862436846474 231.57843675413847 -1 -1 -1 -1 -1 -1 -1 -1 1 
96 55 Car -1.000000 -1 -1 656.8144196774047 177.0722441117564 690.5326948238398 206.20131235817306 -1 -1 -1 -1 -1 -1 -1 -1 1 
96 56 Car -1.000000 -1 -1 334.7860368326856 180.0352709910208 401.8298724703282 216.7949549226805 -1 -1 -1 -1 -1 -1 -1 -1 1 
96 57 Car -1.000000 -1 -1 675.0548982646307 175.32957269586063 732.4351353534975 220.07765175234627 -1 -1 -1 -1 -1 -1 -1 -1 1 
97 48 Car -1.000000 -1 -1 798.2070196268912 175.578026978818 978.0349083141487 329.34747958177957 -1 -1 -1 -1 -1 -1 -1 -1 1 
97 53 Car -1.000000 -1 -1 731.8350241634452 174.25718225010957 852.9609436286775 264.3711186407539 -1 -1 -1 -1 -1 -1 -1 -1 1 
97 54 Car -1.000000 -1 -1 698.2412882727563 175.6022050134546 769.0858542055436 234.41013130272205 -1 -1 -1 -1 -1 -1 -1 -1 1 
97 55 Car -1.000000 -1 -1 657.7745267861152 177.12990365838826 692.5465839067169 207.07805191962996 -1 -1 -1 -1 -1 -1 -1 -1 1 
97 56 Car -1.000000 -1 -1 317.19800673499367 180.51807290126465 389.08550288463147 219.47737100510943 -1 -1 -1 -1 -1 -1 -1 -1 1 
97 57 Car -1.000000 -1 -1 677.4464061577454 175.45836317519306 737.3071997656216 221.92704819392978 -1 -1 -1 -1 -1 -1 -1 -1 1 
98 48 Car -1.000000 -1 -1 819.3019005964899 176.196044797428 1030.7073170786007 353.275558047872 -1 -1 -1 -1 -1 -1 -1 -1 1 
98 53 Car -1.000000 -1 -1 740.3370809175966 174.68621144157197 873.1873261500655 272.32679782126377 -1 -1 -1 -1 -1 -1 -1 -1 1 
98 54 Car -1.000000 -1 -1 702.3033468879504 175.53465723784169 777.6666601241221 237.58054445348768 -1 -1 -1 -1 -1 -1 -1 -1 1 
98 55 Car -1.000000 -1 -1 658.7909460221549 177.22284209227445 694.6854244597067 208.04125161007264 -1 -1 -1 -1 -1 -1 -1 -1 1 
98 56 Car -1.000000 -1 -1 297.5059948833485 180.89432377959713 374.8839873523221 222.31096102638563 -1 -1 -1 -1 -1 -1 -1 -1 1 
98 57 Car -1.000000 -1 -1 679.796100280561 175.56400856603983 742.4400920995299 223.96599783749656 -1 -1 -1 -1 -1 -1 -1 -1 1 
99 48 Car -1.000000 -1 -1 856.0828961123376 176.9067169458209 1091.2550835448678 365.3851272265849 -1 -1 -1 -1 -1 -1 -1 -1 1 
99 53 Car -1.000000 -1 -1 750.1167601198812 175.22332756333438 896.9683105534531 281.7550225207136 -1 -1 -1 -1 -1 -1 -1 -1 1 
99 54 Car -1.000000 -1 -1 706.6815144514327 175.42026351542407 787.1408846651319 241.13245589065824 -1 -1 -1 -1 -1 -1 -1 -1 1 
99 55 Car -1.000000 -1 -1 659.7174442648924 176.8027111526118 696.7512636924303 208.4916479534138 -1 -1 -1 -1 -1 -1 -1 -1 1 
99 56 Car -1.000000 -1 -1 275.28444419514346 181.24887883796185 358.9658377291437 225.44411076808186 -1 -1 -1 -1 -1 -1 -1 -1 1 
99 57 Car -1.000000 -1 -1 682.2404750589765 175.664559387483 747.9556257274726 226.19644560692225 -1 -1 -1 -1 -1 -1 -1 -1 1 
100 48 Car -1.000000 -1 -1 893.9499318479307 177.80780002198998 1145.9702288529677 370.3216815334632 -1 -1 -1 -1 -1 -1 -1 -1 1 
100 53 Car -1.000000 -1 -1 761.4903682305398 175.87798517755493 925.3362980388213 293.07485341364895 -1 -1 -1 -1 -1 -1 -1 -1 1 
100 54 Car -1.000000 -1 -1 711.503172925856 175.27528304253966 797.7210926875053 245.1325802383614 -1 -1 -1 -1 -1 -1 -1 -1 1 
100 55 Car -1.000000 -1 -1 660.6096155954523 176.10928426082936 698.8827278513335 208.7462863525073 -1 -1 -1 -1 -1 -1 -1 -1 1 
100 56 Car -1.000000 -1 -1 250.1854551152676 181.05448923385546 341.0007906185763 228.29634945855335 -1 -1 -1 -1 -1 -1 -1 -1 1 
100 57 Car -1.000000 -1 -1 684.8491642198354 175.76802779499837 753.9435726201845 228.63654564990318 -1 -1 -1 -1 -1 -1 -1 -1 1 
101 48 Car -1.000000 -1 -1 921.1332179946817 178.98104600250537 1181.0930338695493 372.10300472153125 -1 -1 -1 -1 -1 -1 -1 -1 1 
101 53 Car -1.000000 -1 -1 775.5765499683995 176.2238922789494 961.4406015685313 307.1244981094052 -1 -1 -1 -1 -1 -1 -1 -1 1 
101 54 Car -1.000000 -1 -1 716.876547077752 175.10379363913418 809.6480070666627 249.66892653376715 -1 -1 -1 -1 -1 -1 -1 -1 1 
101 55 Car -1.000000 -1 -1 661.5118604423949 175.27399795150083 701.1185853272605 208.93121378799208 -1 -1 -1 -1 -1 -1 -1 -1 1 
101 56 Car -1.000000 -1 -1 221.47872968432966 180.5951390654633 320.5961679530749 231.2831218118969 -1 -1 -1 -1 -1 -1 -1 -1 1 
101 57 Car -1.000000 -1 -1 688.0143625750976 176.1769207332057 760.9879835599093 231.71927367723794 -1 -1 -1 -1 -1 -1 -1 -1 1 
102 48 Car -1.000000 -1 -1 950.2389499189003 180.56770951362765 1210.2044196715437 372.58247987814514 -1 -1 -1 -1 -1 -1 -1 -1 1 
102 53 Car -1.000000 -1 -1 792.9105549718626 176.46456647374424 1007.4393718469651 324.97289989009494 -1 -1 -1 -1 -1 -1 -1 -1 1 
102 54 Car -1.000000 -1 -1 723.5630780226114 175.8690257934876 824.2645176270227 256.06376352482596 -1 -1 -1 -1 -1 -1 -1 -1 1 
102 55 Car -1.000000 -1 -1 662.4474136543578 174.34840601239898 703.4817694167202 209.09659486309602 -1 -1 -1 -1 -1 -1 -1 -1 1 
102 56 Car -1.000000 -1 -1 188.29294325065672 179.97732665801624 297.2396560221498 234.63318508290007 -1 -1 -1 -1 -1 -1 -1 -1 1 
102 57 Car -1.000000 -1 -1 691.5628205318808 176.67193830191627 769.000424879163 235.2898544077132 -1 -1 -1 -1 -1 -1 -1 -1 1 
103 48 Car -1.000000 -1 -1 990.8144516127301 183.38393095799964 1241.1732373833142 372.54772375181426 -1 -1 -1 -1 -1 -1 -1 -1 1 
103 53 Car -1.000000 -1 -1 814.6216311971033 176.68258480099294 1067.5536296146722 348.42265797845096 -1 -1 -1 -1 -1 -1 -1 -1 1 
103 54 Car -1.000000 -1 -1 731.3050320377547 176.9427371428847 841.7146959590406 263.98356411525646 -1 -1 -1 -1 -1 -1 -1 -1 1 
103 55 Car -1.000000 -1 -1 663.5351022754307 174.48438473764577 706.0993546361752 210.39811609854678 -1 -1 -1 -1 -1 -1 -1 -1 1 
103 56 Car -1.000000 -1 -1 150.01653093212957 180.41808140074926 271.0820213401107 239.91018359830113 -1 -1 -1 -1 -1 -1 -1 -1 1 
103 57 Car -1.000000 -1 -1 695.4942065224766 177.23126566424207 777.9978708644428 239.32792291681147 -1 -1 -1 -1 -1 -1 -1 -1 1 
103 59 Car -1.000000 -1 -1 561.2929783640752 171.5154270997226 583.7518032602068 188.19457191084592 -1 -1 -1 -1 -1 -1 -1 -1 1 
104 48 Car -1.000000 -1 -1 1004.0240595403017 183.92855018194575 1261.2493020245754 378.2796812638328 -1 -1 -1 -1 -1 -1 -1 -1 1 
104 53 Car -1.000000 -1 -1 852.323988200855 176.8784948718499 1137.5041724671405 363.31210020498247 -1 -1 -1 -1 -1 -1 -1 -1 1 
104 54 Car -1.000000 -1 -1 740.2365875125422 178.24447908994398 862.4280727281281 273.5119275183748 -1 -1 -1 -1 -1 -1 -1 -1 1 
104 55 Car -1.000000 -1 -1 664.7252971157717 175.07273228669618 708.9311725889726 212.23311091944436 -1 -1 -1 -1 -1 -1 -1 -1 1 
104 56 Car -1.000000 -1 -1 104.94660724191318 181.39868384753447 240.9254997554035 246.73648877086657 -1 -1 -1 -1 -1 -1 -1 -1 1 
104 57 Car -1.000000 -1 -1 699.8468205082072 177.85113120791675 788.1007203678787 243.8778212368217 -1 -1 -1 -1 -1 -1 -1 -1 1 
104 59 Car -1.000000 -1 -1 556.4640193117598 172.89549341583316 580.0274779538876 190.39525297473153 -1 -1 -1 -1 -1 -1 -1 -1 1 
104 60 Car -1.000000 -1 -1 684.0776528101479 176.48833737559448 745.6838610708338 223.35548714993107 -1 -1 -1 -1 -1 -1 -1 -1 1 
105 53 Car -1.000000 -1 -1 875.6547110928809 177.09699339037644 1177.1486945038346 369.4785542139256 -1 -1 -1 -1 -1 -1 -1 -1 1 
105 54 Car -1.000000 -1 -1 750.6173597852012 179.76666063885608 887.2360527952696 284.9960747792019 -1 -1 -1 -1 -1 -1 -1 -1 1 
105 55 Car -1.000000 -1 -1 666.0030702399876 175.8756740275369 711.9740680763999 214.3720497946372 -1 -1 -1 -1 -1 -1 -1 -1 1 
105 56 Car -1.000000 -1 -1 50.811490392180474 182.73701820051295 205.49582817093471 255.27414117851345 -1 -1 -1 -1 -1 -1 -1 -1 1 
105 57 Car -1.000000 -1 -1 704.6818085164248 178.53565704331584 799.4978150152675 249.02225332409762 -1 -1 -1 -1 -1 -1 -1 -1 1 
105 59 Car -1.000000 -1 -1 551.1287979027164 174.51141433330056 575.9061251488214 192.9179298811181 -1 -1 -1 -1 -1 -1 -1 -1 1 
105 60 Car -1.000000 -1 -1 686.8533753230386 177.5257385925666 751.6251592660434 226.76165080122055 -1 -1 -1 -1 -1 -1 -1 -1 1 
