2 1 Car -1.000000 -1 -1 289.95230528923395 159.44370214349948 446.6784357707129 272.2429225411274 -1 -1 -1 -1 -1 -1 -1 -1 1 
3 1 Car -1.000000 -1 -1 286.58054412574035 152.15312599270004 442.82984783079405 264.5780569364354 -1 -1 -1 -1 -1 -1 -1 -1 1 
4 1 Car -1.000000 -1 -1 285.76330422318676 149.3996405461 441.88348116780185 261.67868752584604 -1 -1 -1 -1 -1 -1 -1 -1 1 
5 1 Car -1.000000 -1 -1 288.71939244214644 146.53963662842563 437.9584844999238 253.45881829970813 -1 -1 -1 -1 -1 -1 -1 -1 1 
6 1 Car -1.000000 -1 -1 294.1915413288822 147.84276985251995 436.08369801347993 248.8492886680828 -1 -1 -1 -1 -1 -1 -1 -1 1 
7 1 Car -1.000000 -1 -1 289.4355295521999 154.81769432728493 433.86845536124883 257.24648423679 -1 -1 -1 -1 -1 -1 -1 -1 1 
8 1 Car -1.000000 -1 -1 285.20186121490974 157.8827839070116 430.3689613033641 260.70029176712535 -1 -1 -1 -1 -1 -1 -1 -1 1 
9 1 Car -1.000000 -1 -1 281.09966940106 157.40125196221598 426.8023355677691 260.8067029522974 -1 -1 -1 -1 -1 -1 -1 -1 1 
10 1 Car -1.000000 -1 -1 279.88982718007253 162.19934770900164 426.7874707541492 266.7892936242982 -1 -1 -1 -1 -1 -1 -1 -1 1 
11 1 Car -1.000000 -1 -1 280.57793493722113 165.06521355442712 425.26344562642896 267.94998534641144 -1 -1 -1 -1 -1 -1 -1 -1 1 
12 1 Car -1.000000 -1 -1 277.2169908361583 153.11117250969932 423.1468285113262 256.9623072964628 -1 -1 -1 -1 -1 -1 -1 -1 1 
13 1 Car -1.000000 -1 -1 274.46060839195707 148.43283941171248 422.9806150116035 253.88885399765775 -1 -1 -1 -1 -1 -1 -1 -1 1 
14 1 Car -1.000000 -1 -1 274.6172541095749 147.2542627578944 421.0302156815758 251.41168712021158 -1 -1 -1 -1 -1 -1 -1 -1 1 
15 1 Car -1.000000 -1 -1 275.16133364882114 145.77078582190867 423.7647283447902 251.5363432504271 -1 -1 -1 -1 -1 -1 -1 -1 1 
16 1 Car -1.000000 -1 -1 277.07880342468144 147.59250527335388 422.16870623094934 250.43301791163842 -1 -1 -1 -1 -1 -1 -1 -1 1 
17 1 Car -1.000000 -1 -1 276.54675008189815 146.74315714941505 421.96605823240475 250.56450584301876 -1 -1 -1 -1 -1 -1 -1 -1 1 
18 1 Car -1.000000 -1 -1 279.68831353961707 157.44997153702622 420.8901739652564 258.24178195097943 -1 -1 -1 -1 -1 -1 -1 -1 1 
19 1 Car -1.000000 -1 -1 283.7099987882005 162.66247968762414 422.069075721539 261.44204824556266 -1 -1 -1 -1 -1 -1 -1 -1 1 
20 1 Car -1.000000 -1 -1 286.4879848099062 173.29523374520312 421.27608101394077 269.840215898284 -1 -1 -1 -1 -1 -1 -1 -1 1 
20 4 Car -1.000000 -1 -1 506.5563617221901 181.9102607322953 553.8617573723441 218.76303008666315 -1 -1 -1 -1 -1 -1 -1 -1 1 
21 1 Car -1.000000 -1 -1 290.3097128902447 178.10261567171744 419.412796533774 270.77418364539074 -1 -1 -1 -1 -1 -1 -1 -1 1 
21 4 Car -1.000000 -1 -1 514.6375164390927 183.31377786257218 559.018533856615 217.70626888128632 -1 -1 -1 -1 -1 -1 -1 -1 1 
22 1 Car -1.000000 -1 -1 291.07502303187823 180.52255508574808 418.2873416448185 271.83691909980297 -1 -1 -1 -1 -1 -1 -1 -1 1 
22 4 Car -1.000000 -1 -1 516.7054582386842 181.22388131564898 563.6488569249026 217.75215076935982 -1 -1 -1 -1 -1 -1 -1 -1 1 
23 1 Car -1.000000 -1 -1 294.2382990806892 170.5122633185523 422.30000820670074 263.55447826507816 -1 -1 -1 -1 -1 -1 -1 -1 1 
23 4 Car -1.000000 -1 -1 524.8670571120309 176.37611470165848 578.2378183723116 217.38963314800975 -1 -1 -1 -1 -1 -1 -1 -1 1 
24 1 Car -1.000000 -1 -1 296.2700727234739 172.03756427558227 421.9475679477567 264.32831837311033 -1 -1 -1 -1 -1 -1 -1 -1 1 
24 4 Car -1.000000 -1 -1 531.4976214870286 175.10140526893719 588.5505915382992 218.32415545116828 -1 -1 -1 -1 -1 -1 -1 -1 1 
25 1 Car -1.000000 -1 -1 299.0443771070734 174.16094876573132 417.80252500151454 262.55434324198563 -1 -1 -1 -1 -1 -1 -1 -1 1 
25 4 Car -1.000000 -1 -1 539.521610366593 174.6975101103772 595.9458229633705 216.54621036542085 -1 -1 -1 -1 -1 -1 -1 -1 1 
26 1 Car -1.000000 -1 -1 303.4850662186542 158.4587721346463 427.26469736760873 252.16802359427578 -1 -1 -1 -1 -1 -1 -1 -1 1 
26 4 Car -1.000000 -1 -1 552.9074646259389 170.87223995241925 607.1754032529918 211.6397993064838 -1 -1 -1 -1 -1 -1 -1 -1 1 
27 1 Car -1.000000 -1 -1 310.3530218998749 157.55906540447597 430.34274734575894 250.2276012763454 -1 -1 -1 -1 -1 -1 -1 -1 1 
27 4 Car -1.000000 -1 -1 558.8917189799885 164.47380629455756 615.6899894735413 206.05340620527852 -1 -1 -1 -1 -1 -1 -1 -1 1 
28 1 Car -1.000000 -1 -1 315.51266884634373 155.24139498134258 430.92972337038105 246.07789993968385 -1 -1 -1 -1 -1 -1 -1 -1 1 
28 4 Car -1.000000 -1 -1 563.959991044589 161.4953839079439 622.8288571546005 203.65380334420507 -1 -1 -1 -1 -1 -1 -1 -1 1 
29 1 Car -1.000000 -1 -1 322.08750000561514 156.02240316793623 430.43655813314103 242.8840057455596 -1 -1 -1 -1 -1 -1 -1 -1 1 
29 4 Car -1.000000 -1 -1 570.4277570497969 160.71484618349461 633.1677261376225 205.13171252287745 -1 -1 -1 -1 -1 -1 -1 -1 1 
30 1 Car -1.000000 -1 -1 328.07086073143546 157.94025784938376 428.3913478841676 239.13955250497938 -1 -1 -1 -1 -1 -1 -1 -1 1 
30 4 Car -1.000000 -1 -1 579.6301084957795 161.26609266737313 643.495445903167 205.81223522546443 -1 -1 -1 -1 -1 -1 -1 -1 1 
31 1 Car -1.000000 -1 -1 328.2231016585546 160.82839446499128 431.8079107614816 245.36612329905583 -1 -1 -1 -1 -1 -1 -1 -1 1 
31 4 Car -1.000000 -1 -1 586.957293987906 159.65704729879752 651.8830625963566 204.94281924634114 -1 -1 -1 -1 -1 -1 -1 -1 1 
32 1 Car -1.000000 -1 -1 339.79367621431976 159.10751607772795 441.36629100291304 242.63400065662765 -1 -1 -1 -1 -1 -1 -1 -1 1 
32 4 Car -1.000000 -1 -1 596.962812022065 165.32584526547703 661.9889742692325 210.62630475741076 -1 -1 -1 -1 -1 -1 -1 -1 1 
33 1 Car -1.000000 -1 -1 351.36994456443585 160.61366805284794 445.64060565026404 238.2852069734789 -1 -1 -1 -1 -1 -1 -1 -1 1 
33 4 Car -1.000000 -1 -1 604.5663638177855 164.45837858581956 670.5482207372024 210.4245992347859 -1 -1 -1 -1 -1 -1 -1 -1 1 
34 1 Car -1.000000 -1 -1 352.90154718818013 154.5357685911128 459.67299908912867 242.91506670212178 -1 -1 -1 -1 -1 -1 -1 -1 1 
35 1 Car -1.000000 -1 -1 364.51022788378367 157.82039887231488 469.3822695657788 245.4002604724078 -1 -1 -1 -1 -1 -1 -1 -1 1 
37 1 Car -1.000000 -1 -1 384.4702743418415 156.71065714004342 484.41788778187686 239.79328863756336 -1 -1 -1 -1 -1 -1 -1 -1 1 
38 1 Car -1.000000 -1 -1 398.75767740424453 157.76258811745066 495.59907520641826 237.25191221402133 -1 -1 -1 -1 -1 -1 -1 -1 1 
39 1 Car -1.000000 -1 -1 412.14026845948496 158.5562186443705 514.5058366933664 243.76660186879894 -1 -1 -1 -1 -1 -1 -1 -1 1 
40 1 Car -1.000000 -1 -1 423.5207227614863 160.392368225783 523.760930691845 245.00788623893197 -1 -1 -1 -1 -1 -1 -1 -1 1 
41 1 Car -1.000000 -1 -1 444.3015437686549 160.46133475335475 539.7804739608795 240.25975151992023 -1 -1 -1 -1 -1 -1 -1 -1 1 
42 1 Car -1.000000 -1 -1 460.94654770816146 159.48037594467206 557.2364109174841 240.6011106771831 -1 -1 -1 -1 -1 -1 -1 -1 1 
43 1 Car -1.000000 -1 -1 471.50932501726726 159.42142236592568 567.262694362641 240.09046717005526 -1 -1 -1 -1 -1 -1 -1 -1 1 
44 1 Car -1.000000 -1 -1 497.6383046939444 161.56999820920782 591.1351220232287 238.92539431857335 -1 -1 -1 -1 -1 -1 -1 -1 1 
45 1 Car -1.000000 -1 -1 515.1604304351371 162.93966078194518 612.6590996551713 243.71060062997046 -1 -1 -1 -1 -1 -1 -1 -1 1 
46 1 Car -1.000000 -1 -1 534.6030456806839 165.94290384087202 629.86762462395 243.74706586340375 -1 -1 -1 -1 -1 -1 -1 -1 1 
47 1 Car -1.000000 -1 -1 552.6106584255908 162.06922048638782 648.8310577463089 241.08426072008916 -1 -1 -1 -1 -1 -1 -1 -1 1 
47 7 Car -1.000000 -1 -1 783.1871502032351 163.15121321040286 885.5722514923019 220.64788536867366 -1 -1 -1 -1 -1 -1 -1 -1 1 
48 1 Car -1.000000 -1 -1 575.7993362741618 155.6545170114172 687.7476852475362 244.34513250245342 -1 -1 -1 -1 -1 -1 -1 -1 1 
48 7 Car -1.000000 -1 -1 784.770267950069 163.09270733110958 886.4026907108713 220.16669589947838 -1 -1 -1 -1 -1 -1 -1 -1 1 
49 1 Car -1.000000 -1 -1 594.8386809306731 154.47812582158096 708.1553912937278 241.08296740017127 -1 -1 -1 -1 -1 -1 -1 -1 1 
50 1 Car -1.000000 -1 -1 629.8109551069116 159.55591792914635 727.6894606267389 231.69999104007596 -1 -1 -1 -1 -1 -1 -1 -1 1 
51 1 Car -1.000000 -1 -1 647.935576655413 159.43731339229282 744.4457455521825 230.57270332502696 -1 -1 -1 -1 -1 -1 -1 -1 1 
52 9 Car -1.000000 -1 -1 860.7852770477364 159.74055342566183 1005.8982709774023 225.72311905352464 -1 -1 -1 -1 -1 -1 -1 -1 1 
53 9 Car -1.000000 -1 -1 888.2145803097729 159.30965395347783 1035.9141983554987 227.06691560071465 -1 -1 -1 -1 -1 -1 -1 -1 1 
54 9 Car -1.000000 -1 -1 905.5640373115351 159.21151958796185 1059.6819651321375 230.82157602398445 -1 -1 -1 -1 -1 -1 -1 -1 1 
54 10 Car -1.000000 -1 -1 671.7967090600132 151.57988619706373 825.4756047770511 240.53422546238508 -1 -1 -1 -1 -1 -1 -1 -1 1 
55 9 Car -1.000000 -1 -1 933.2912567506314 155.59951172173098 1102.2437198514735 234.57860735718538 -1 -1 -1 -1 -1 -1 -1 -1 1 
55 10 Car -1.000000 -1 -1 709.9233110553482 155.08463495121742 851.6628830815062 237.91861757392215 -1 -1 -1 -1 -1 -1 -1 -1 1 
56 9 Car -1.000000 -1 -1 954.748399799288 153.90630920487501 1131.3505838766832 237.68540763536 -1 -1 -1 -1 -1 -1 -1 -1 1 
56 10 Car -1.000000 -1 -1 727.4647359158985 149.70037823430144 882.1987751599922 240.66051730800484 -1 -1 -1 -1 -1 -1 -1 -1 1 
57 9 Car -1.000000 -1 -1 983.5901130393073 152.8229327228591 1163.4247774620535 238.88970114236395 -1 -1 -1 -1 -1 -1 -1 -1 1 
57 10 Car -1.000000 -1 -1 753.5388007448834 148.86084527619988 907.7564872931611 239.95520385902125 -1 -1 -1 -1 -1 -1 -1 -1 1 
58 9 Car -1.000000 -1 -1 999.3760249649761 151.44203903938057 1182.4904859184371 240.53270430902998 -1 -1 -1 -1 -1 -1 -1 -1 1 
58 10 Car -1.000000 -1 -1 786.233709380282 151.21212924530715 933.9471208400656 238.27106117345406 -1 -1 -1 -1 -1 -1 -1 -1 1 
59 9 Car -1.000000 -1 -1 1017.7579458234949 150.4741442578288 1207.0939071033645 242.59177609301062 -1 -1 -1 -1 -1 -1 -1 -1 1 
59 10 Car -1.000000 -1 -1 809.8910291402472 151.32890039724592 956.6974104895307 237.49038465530006 -1 -1 -1 -1 -1 -1 -1 -1 1 
60 9 Car -1.000000 -1 -1 1046.9192034857094 152.39930265639774 1228.394798078262 240.35091777458942 -1 -1 -1 -1 -1 -1 -1 -1 1 
60 10 Car -1.000000 -1 -1 840.0590242392369 153.15719166361214 984.7801856572503 237.44297830222385 -1 -1 -1 -1 -1 -1 -1 -1 1 
61 9 Car -1.000000 -1 -1 1064.3215698250633 152.8853064579533 1245.7353115031462 241.1790474108164 -1 -1 -1 -1 -1 -1 -1 -1 1 
61 10 Car -1.000000 -1 -1 862.2349481348051 152.67044751491082 1009.1498402279827 238.0040283938714 -1 -1 -1 -1 -1 -1 -1 -1 1 
62 9 Car -1.000000 -1 -1 1071.0800230446612 152.5048957452263 1251.8082722559982 241.99089737728949 -1 -1 -1 -1 -1 -1 -1 -1 1 
62 10 Car -1.000000 -1 -1 887.9859234999375 153.28874402174762 1033.5540387616359 237.03504595412872 -1 -1 -1 -1 -1 -1 -1 -1 1 
63 9 Car -1.000000 -1 -1 1077.3613785386526 154.0151525687371 1263.6794438052775 248.63961307558802 -1 -1 -1 -1 -1 -1 -1 -1 1 
63 10 Car -1.000000 -1 -1 910.2724257039405 152.5568704847519 1060.976973808159 238.6599133614298 -1 -1 -1 -1 -1 -1 -1 -1 1 
64 9 Car -1.000000 -1 -1 1083.087668121562 153.04386123895807 1274.638386665646 253.65820549413476 -1 -1 -1 -1 -1 -1 -1 -1 1 
64 10 Car -1.000000 -1 -1 930.7848999269562 151.4321696687808 1089.0462864897268 240.86957300705197 -1 -1 -1 -1 -1 -1 -1 -1 1 
65 9 Car -1.000000 -1 -1 1090.0430598861465 152.98350806901445 1278.6522160759628 256.2182178774623 -1 -1 -1 -1 -1 -1 -1 -1 1 
65 10 Car -1.000000 -1 -1 948.6494688128718 151.15553691451103 1111.7177110193613 242.83516889748384 -1 -1 -1 -1 -1 -1 -1 -1 1 
66 9 Car -1.000000 -1 -1 1098.191790785403 151.5144282667203 1286.2719056496273 259.2777065469558 -1 -1 -1 -1 -1 -1 -1 -1 1 
66 10 Car -1.000000 -1 -1 974.6866683320992 153.03275340928735 1135.071711643802 242.22197580199628 -1 -1 -1 -1 -1 -1 -1 -1 1 
67 9 Car -1.000000 -1 -1 1109.2705337765974 152.50777711913682 1294.1916331568714 263.589718988964 -1 -1 -1 -1 -1 -1 -1 -1 1 
67 10 Car -1.000000 -1 -1 991.3313788341641 153.12439937542968 1157.452072228721 244.3890299193868 -1 -1 -1 -1 -1 -1 -1 -1 1 
68 9 Car -1.000000 -1 -1 1121.1498816490307 155.4330056598072 1292.4642498398307 262.91014125940717 -1 -1 -1 -1 -1 -1 -1 -1 1 
68 10 Car -1.000000 -1 -1 1010.7046261368454 158.35247546836035 1170.2170139286009 245.0273926858571 -1 -1 -1 -1 -1 -1 -1 -1 1 
69 9 Car -1.000000 -1 -1 1131.118488223798 157.1282324155052 1291.6687966441373 262.7017182769967 -1 -1 -1 -1 -1 -1 -1 -1 1 
69 10 Car -1.000000 -1 -1 1026.2705122836196 159.61011101368007 1187.5805328571591 246.69987588950548 -1 -1 -1 -1 -1 -1 -1 -1 1 
70 9 Car -1.000000 -1 -1 1142.911571559682 157.2628399302502 1306.3852093757046 264.7590156643703 -1 -1 -1 -1 -1 -1 -1 -1 1 
70 10 Car -1.000000 -1 -1 1033.3163152402806 159.16662857443967 1200.0271945352533 249.77101164002184 -1 -1 -1 -1 -1 -1 -1 -1 1 
71 10 Car -1.000000 -1 -1 1046.849945955805 156.14350401109462 1209.356841729702 244.94243699061872 -1 -1 -1 -1 -1 -1 -1 -1 1 
72 10 Car -1.000000 -1 -1 1061.7447274023816 154.3721217547721 1222.396804422205 243.40913079266574 -1 -1 -1 -1 -1 -1 -1 -1 1 
74 10 Car -1.000000 -1 -1 1074.5853915091764 150.54469529759683 1242.8356471937575 245.15903860733297 -1 -1 -1 -1 -1 -1 -1 -1 1 
75 10 Car -1.000000 -1 -1 1080.5965681693096 152.09283674680876 1260.4754675736615 255.54723150663764 -1 -1 -1 -1 -1 -1 -1 -1 1 
76 10 Car -1.000000 -1 -1 1086.2628376694522 155.10170416327563 1261.601148087658 258.2559057213714 -1 -1 -1 -1 -1 -1 -1 -1 1 
78 10 Car -1.000000 -1 -1 1083.0473444078889 156.3905004803206 1286.3206581386846 281.30621961594784 -1 -1 -1 -1 -1 -1 -1 -1 1 
79 10 Car -1.000000 -1 -1 1082.0967564192515 154.40159502739152 1298.4435284988413 293.79764019592744 -1 -1 -1 -1 -1 -1 -1 -1 1 
80 10 Car -1.000000 -1 -1 1085.714888313561 153.999020240689 1299.8670922069045 298.4250018944233 -1 -1 -1 -1 -1 -1 -1 -1 1 
81 10 Car -1.000000 -1 -1 1084.1495008643742 153.58314763461732 1292.1933082744897 299.0413768795071 -1 -1 -1 -1 -1 -1 -1 -1 1 
82 10 Car -1.000000 -1 -1 1085.4954977091247 156.4479154709645 1280.0409288950393 296.36420841026484 -1 -1 -1 -1 -1 -1 -1 -1 1 
83 10 Car -1.000000 -1 -1 1083.5550711333715 157.3801522758407 1271.4294463244548 295.52178686066884 -1 -1 -1 -1 -1 -1 -1 -1 1 
84 10 Car -1.000000 -1 -1 1074.1123015805424 155.4675203674517 1264.7642198871763 298.1244572173445 -1 -1 -1 -1 -1 -1 -1 -1 1 
85 10 Car -1.000000 -1 -1 1070.010771525139 152.4425924510772 1264.3872316668132 300.74698929624424 -1 -1 -1 -1 -1 -1 -1 -1 1 
86 10 Car -1.000000 -1 -1 1065.3392723500526 149.100969330373 1264.5231784412888 303.67483050368355 -1 -1 -1 -1 -1 -1 -1 -1 1 
87 10 Car -1.000000 -1 -1 1051.3698152541347 148.4334159961865 1268.360204298196 320.30988517692197 -1 -1 -1 -1 -1 -1 -1 -1 1 
87 15 Car -1.000000 -1 -1 1008.1413319436972 181.9568648134142 1061.0981931367394 217.07017849409905 -1 -1 -1 -1 -1 -1 -1 -1 1 
88 10 Car -1.000000 -1 -1 1046.314100931381 148.50664222370142 1266.1637776882744 325.2881838057676 -1 -1 -1 -1 -1 -1 -1 -1 1 
88 15 Car -1.000000 -1 -1 990.3025518726475 183.5139880995923 1040.0943148755111 216.3773522551403 -1 -1 -1 -1 -1 -1 -1 -1 1 
89 10 Car -1.000000 -1 -1 1039.9946855756516 149.31829304325768 1257.9187787343785 324.80563118306236 -1 -1 -1 -1 -1 -1 -1 -1 1 
89 15 Car -1.000000 -1 -1 970.5141313137309 182.6402963317704 1022.3006211479337 216.60682504563567 -1 -1 -1 -1 -1 -1 -1 -1 1 
90 10 Car -1.000000 -1 -1 1032.605658077089 146.70558726426356 1258.027855040394 329.8935848942041 -1 -1 -1 -1 -1 -1 -1 -1 1 
90 15 Car -1.000000 -1 -1 950.6869691490275 181.95064896321634 1002.6844360582853 216.00742739206058 -1 -1 -1 -1 -1 -1 -1 -1 1 
91 10 Car -1.000000 -1 -1 1037.3038154711192 145.85886599801836 1244.8698664929668 314.03029032291516 -1 -1 -1 -1 -1 -1 -1 -1 1 
91 15 Car -1.000000 -1 -1 936.235030130467 182.12780866600048 985.5348256011229 214.59091239659838 -1 -1 -1 -1 -1 -1 -1 -1 1 
92 10 Car -1.000000 -1 -1 1005.4233754167612 139.07020700628095 1260.640835611604 350.38677416372724 -1 -1 -1 -1 -1 -1 -1 -1 1 
92 15 Car -1.000000 -1 -1 919.366393981032 182.39897439204995 966.8437738306311 213.99597209762638 -1 -1 -1 -1 -1 -1 -1 -1 1 
93 10 Car -1.000000 -1 -1 993.3461368480238 135.27488064765345 1266.551893364294 365.8437333682698 -1 -1 -1 -1 -1 -1 -1 -1 1 
93 15 Car -1.000000 -1 -1 904.2468710751375 182.38261208100738 951.0671903953703 213.5423260000621 -1 -1 -1 -1 -1 -1 -1 -1 1 
93 18 Car -1.000000 -1 -1 990.7851917030488 171.49647729904046 1047.9474285683104 228.00397052027375 -1 -1 -1 -1 -1 -1 -1 -1 1 
94 10 Car -1.000000 -1 -1 989.5715453261564 135.11403489520586 1266.4999298804696 372.0794923158696 -1 -1 -1 -1 -1 -1 -1 -1 1 
94 18 Car -1.000000 -1 -1 967.9894191871928 171.4569550854517 1023.6618571076394 226.09020602393554 -1 -1 -1 -1 -1 -1 -1 -1 1 
95 10 Car -1.000000 -1 -1 985.0056339303953 134.93412369637286 1262.4432319876507 374.4357144864241 -1 -1 -1 -1 -1 -1 -1 -1 1 
95 18 Car -1.000000 -1 -1 959.8525412697953 174.73248708213816 1011.970346829436 224.88461258393804 -1 -1 -1 -1 -1 -1 -1 -1 1 
96 10 Car -1.000000 -1 -1 986.1756000660573 138.1299608784688 1257.2315180008707 373.6373229966889 -1 -1 -1 -1 -1 -1 -1 -1 1 
96 18 Car -1.000000 -1 -1 947.0804197318793 176.02864097176746 997.8568136985583 224.48123398889018 -1 -1 -1 -1 -1 -1 -1 -1 1 
97 10 Car -1.000000 -1 -1 987.5487049849614 140.10548748163373 1253.8240228700533 372.9703976782265 -1 -1 -1 -1 -1 -1 -1 -1 1 
97 18 Car -1.000000 -1 -1 928.3096830043995 177.14214651411345 979.0119549878142 224.42643856702614 -1 -1 -1 -1 -1 -1 -1 -1 1 
97 19 Car -1.000000 -1 -1 26.196330935134185 184.5949668498916 104.99788076694644 206.8690796487952 -1 -1 -1 -1 -1 -1 -1 -1 1 
97 20 Car -1.000000 -1 -1 831.2611461829835 182.29795439357628 871.0593753208071 216.67628278237714 -1 -1 -1 -1 -1 -1 -1 -1 1 
98 10 Car -1.000000 -1 -1 991.3066744016918 147.35135300235794 1252.8913653162729 376.3935127136014 -1 -1 -1 -1 -1 -1 -1 -1 1 
98 18 Car -1.000000 -1 -1 909.0822529426149 179.29051151384442 961.49731382157 227.13135674201348 -1 -1 -1 -1 -1 -1 -1 -1 1 
98 19 Car -1.000000 -1 -1 -7.134882466813096 181.54796759783773 76.62891518725273 205.54706785063672 -1 -1 -1 -1 -1 -1 -1 -1 1 
98 20 Car -1.000000 -1 -1 812.7468027889713 182.66287292899293 852.5945125754123 216.93504908174117 -1 -1 -1 -1 -1 -1 -1 -1 1 
99 10 Car -1.000000 -1 -1 994.2156598559377 151.21734767077106 1251.4532312641259 375.6875364837391 -1 -1 -1 -1 -1 -1 -1 -1 1 
99 18 Car -1.000000 -1 -1 894.4074934876031 178.70244710233413 945.2732897966287 224.0033730046294 -1 -1 -1 -1 -1 -1 -1 -1 1 
99 19 Car -1.000000 -1 -1 -29.55071508681858 180.38863771938233 55.74961796333089 204.8279699878938 -1 -1 -1 -1 -1 -1 -1 -1 1 
99 20 Car -1.000000 -1 -1 792.9922600132861 183.0199637390451 832.0127787943803 216.4405856839649 -1 -1 -1 -1 -1 -1 -1 -1 1 
100 10 Car -1.000000 -1 -1 993.1229471119382 151.1963363597042 1251.4977771025951 375.92999612883057 -1 -1 -1 -1 -1 -1 -1 -1 1 
100 18 Car -1.000000 -1 -1 877.6664185431667 176.27947089229062 929.962378094931 221.72816299654028 -1 -1 -1 -1 -1 -1 -1 -1 1 
100 20 Car -1.000000 -1 -1 776.2947299488837 182.05986388721823 815.9737783797782 215.94738327955383 -1 -1 -1 -1 -1 -1 -1 -1 1 
101 10 Car -1.000000 -1 -1 992.9238241024492 151.4528809501387 1252.2652578492061 375.54377766006064 -1 -1 -1 -1 -1 -1 -1 -1 1 
101 18 Car -1.000000 -1 -1 863.5440100721419 176.78319219599163 914.3169116999961 220.9082260017267 -1 -1 -1 -1 -1 -1 -1 -1 1 
101 20 Car -1.000000 -1 -1 756.8727279269408 180.89341653255664 798.6511555331907 216.7605349285255 -1 -1 -1 -1 -1 -1 -1 -1 1 
101 21 Car -1.000000 -1 -1 930.3676548633786 184.27669652861857 959.9034245511388 215.5184090820237 -1 -1 -1 -1 -1 -1 -1 -1 1 
102 10 Car -1.000000 -1 -1 972.968405748122 115.11957152639522 1255.7717621960385 360.33524811167695 -1 -1 -1 -1 -1 -1 -1 -1 1 
102 20 Car -1.000000 -1 -1 737.2262182249967 179.77092910086375 781.2998508376274 217.69426206414897 -1 -1 -1 -1 -1 -1 -1 -1 1 
102 21 Car -1.000000 -1 -1 913.9199060428688 184.07386567046677 943.4618770023891 214.60695857124432 -1 -1 -1 -1 -1 -1 -1 -1 1 
103 10 Car -1.000000 -1 -1 960.6391130358095 112.56845391828824 1264.1075731662459 379.6882589594541 -1 -1 -1 -1 -1 -1 -1 -1 1 
103 20 Car -1.000000 -1 -1 722.3806666966403 179.15469132296354 765.4807308534431 216.18595953996547 -1 -1 -1 -1 -1 -1 -1 -1 1 
103 21 Car -1.000000 -1 -1 901.2892077684968 183.18461560327074 933.8262874010436 216.41067789702294 -1 -1 -1 -1 -1 -1 -1 -1 1 
104 10 Car -1.000000 -1 -1 961.9452606099248 115.43169497007824 1262.5019000602101 384.21713275673926 -1 -1 -1 -1 -1 -1 -1 -1 1 
104 20 Car -1.000000 -1 -1 705.2456871907098 178.5975906506935 748.9946078695796 216.2694519032548 -1 -1 -1 -1 -1 -1 -1 -1 1 
104 21 Car -1.000000 -1 -1 891.5736186583806 182.85819880577046 924.7464075767513 216.73342946389468 -1 -1 -1 -1 -1 -1 -1 -1 1 
105 10 Car -1.000000 -1 -1 957.5147544458341 97.00775178422035 1257.3594381547814 368.06672292295036 -1 -1 -1 -1 -1 -1 -1 -1 1 
105 18 Car -1.000000 -1 -1 795.5444508268557 176.3901244397585 845.0494213222174 219.13519933350793 -1 -1 -1 -1 -1 -1 -1 -1 1 
105 20 Car -1.000000 -1 -1 687.2417064814937 179.3520542036908 731.7896937168356 217.64589486601034 -1 -1 -1 -1 -1 -1 -1 -1 1 
105 24 Car -1.000000 -1 -1 872.0035465400459 182.70574830694943 909.2902322472089 217.37453284364176 -1 -1 -1 -1 -1 -1 -1 -1 1 
105 26 Car -1.000000 -1 -1 907.1860365819205 187.95109894716566 960.8357244159959 231.49741694640068 -1 -1 -1 -1 -1 -1 -1 -1 1 
106 10 Car -1.000000 -1 -1 963.009031019109 109.33718842504283 1255.1046649107757 376.19238785936193 -1 -1 -1 -1 -1 -1 -1 -1 1 
106 18 Car -1.000000 -1 -1 774.4374671457957 174.8149893811996 827.6519084109883 219.83313510548797 -1 -1 -1 -1 -1 -1 -1 -1 1 
106 20 Car -1.000000 -1 -1 669.8674508029628 180.69298337590882 712.8081438096411 217.54292531066955 -1 -1 -1 -1 -1 -1 -1 -1 1 
106 24 Car -1.000000 -1 -1 868.6211023068662 182.52678818360155 906.9178940420711 218.13475893020507 -1 -1 -1 -1 -1 -1 -1 -1 1 
106 26 Car -1.000000 -1 -1 902.7734573389694 189.65839253184114 959.041977824357 234.6972175492667 -1 -1 -1 -1 -1 -1 -1 -1 1 
107 10 Car -1.000000 -1 -1 966.0653305490588 113.94860010818513 1255.8512809716426 382.31117809598595 -1 -1 -1 -1 -1 -1 -1 -1 1 
107 18 Car -1.000000 -1 -1 758.0503070185651 175.18224198169364 811.9024135888009 219.54602193905498 -1 -1 -1 -1 -1 -1 -1 -1 1 
107 20 Car -1.000000 -1 -1 655.534210919188 179.9067371302913 699.1604312430381 217.58688185962095 -1 -1 -1 -1 -1 -1 -1 -1 1 
107 26 Car -1.000000 -1 -1 899.9091262534018 190.14028940297965 961.576631350794 238.46132786809213 -1 -1 -1 -1 -1 -1 -1 -1 1 
107 30 Car -1.000000 -1 -1 863.7244179295357 188.12485351710689 920.9919555403853 226.19100402111377 -1 -1 -1 -1 -1 -1 -1 -1 1 
108 10 Car -1.000000 -1 -1 963.0279641206864 111.87440122332782 1257.8484111899627 384.90318494346513 -1 -1 -1 -1 -1 -1 -1 -1 1 
108 18 Car -1.000000 -1 -1 744.9084777515886 175.9651640830933 796.9475597676342 218.49460503416165 -1 -1 -1 -1 -1 -1 -1 -1 1 
108 20 Car -1.000000 -1 -1 638.129764515145 180.7594932316213 681.8463168557178 218.2587856425201 -1 -1 -1 -1 -1 -1 -1 -1 1 
108 26 Car -1.000000 -1 -1 894.6220648116556 189.69804962595668 961.9357199287152 240.93456123163128 -1 -1 -1 -1 -1 -1 -1 -1 1 
108 30 Car -1.000000 -1 -1 850.7835274028422 188.03064093953122 910.2204641470178 227.82642318785895 -1 -1 -1 -1 -1 -1 -1 -1 1 
109 10 Car -1.000000 -1 -1 978.8843178403191 118.07311954673563 1258.55667437468 377.8285455627049 -1 -1 -1 -1 -1 -1 -1 -1 1 
109 18 Car -1.000000 -1 -1 728.5049833938763 177.29181764249645 777.7458775518658 217.00516479138201 -1 -1 -1 -1 -1 -1 -1 -1 1 
109 20 Car -1.000000 -1 -1 620.8295277323977 180.5071396309743 664.6087343093827 218.47531097740602 -1 -1 -1 -1 -1 -1 -1 -1 1 
109 26 Car -1.000000 -1 -1 888.9943813250634 189.13841671153475 960.1313717569423 241.7538706769207 -1 -1 -1 -1 -1 -1 -1 -1 1 
109 30 Car -1.000000 -1 -1 842.3374663798911 188.46996491264423 897.7378459251346 225.87856709068924 -1 -1 -1 -1 -1 -1 -1 -1 1 
110 10 Car -1.000000 -1 -1 976.5855774022075 109.87305426709867 1264.1408260675453 381.4350972126006 -1 -1 -1 -1 -1 -1 -1 -1 1 
110 18 Car -1.000000 -1 -1 711.2333654248123 173.2631957480689 763.0895846341654 215.22415420578218 -1 -1 -1 -1 -1 -1 -1 -1 1 
110 20 Car -1.000000 -1 -1 606.1886923243286 178.66634453408273 651.7477594986714 218.27479047494833 -1 -1 -1 -1 -1 -1 -1 -1 1 
110 26 Car -1.000000 -1 -1 879.0892122918799 187.6864239631003 954.1766793615625 242.62751088236635 -1 -1 -1 -1 -1 -1 -1 -1 1 
110 30 Car -1.000000 -1 -1 833.2531090645062 188.55051931405382 888.6463918979993 225.9543307317662 -1 -1 -1 -1 -1 -1 -1 -1 1 
110 34 Car -1.000000 -1 -1 788.4011205254511 183.85642861996973 815.2032918262405 214.9228100404275 -1 -1 -1 -1 -1 -1 -1 -1 1 
111 10 Car -1.000000 -1 -1 988.9682978335716 110.34163833942901 1265.8672814462327 378.79045757307483 -1 -1 -1 -1 -1 -1 -1 -1 1 
111 18 Car -1.000000 -1 -1 696.2996487118664 172.2439287227502 747.7487480346849 213.73932597497102 -1 -1 -1 -1 -1 -1 -1 -1 1 
111 20 Car -1.000000 -1 -1 588.9256674884916 179.56623398075553 634.7586071815255 218.9643565945608 -1 -1 -1 -1 -1 -1 -1 -1 1 
111 26 Car -1.000000 -1 -1 866.0833110033586 187.36139277490378 942.1519463705138 241.9070389408662 -1 -1 -1 -1 -1 -1 -1 -1 1 
111 34 Car -1.000000 -1 -1 783.0362497463674 182.52453969392852 812.6086048249525 216.22307817623332 -1 -1 -1 -1 -1 -1 -1 -1 1 
112 10 Car -1.000000 -1 -1 988.464358864137 108.59259208883552 1268.6210054512858 380.20431755358095 -1 -1 -1 -1 -1 -1 -1 -1 1 
112 18 Car -1.000000 -1 -1 680.8445678129772 171.77521449478806 731.1654143905855 212.2253378118726 -1 -1 -1 -1 -1 -1 -1 -1 1 
112 20 Car -1.000000 -1 -1 570.5750145836561 173.15381905817574 626.0718948530274 220.71836359530184 -1 -1 -1 -1 -1 -1 -1 -1 1 
112 26 Car -1.000000 -1 -1 854.8907720584526 186.50338209376073 933.9886786661834 242.3392077099222 -1 -1 -1 -1 -1 -1 -1 -1 1 
112 34 Car -1.000000 -1 -1 780.3942216719719 181.85358493387275 811.3543972128106 217.13358296279105 -1 -1 -1 -1 -1 -1 -1 -1 1 
112 35 Car -1.000000 -1 -1 761.3195003467149 182.21334425329394 798.8187681304514 215.49325830888543 -1 -1 -1 -1 -1 -1 -1 -1 1 
113 18 Car -1.000000 -1 -1 663.0790178466328 169.72545756088851 716.5398708501897 212.95803673288475 -1 -1 -1 -1 -1 -1 -1 -1 1 
113 20 Car -1.000000 -1 -1 556.0331108644308 174.95922948513459 607.9837149221975 219.22755964509446 -1 -1 -1 -1 -1 -1 -1 -1 1 
113 26 Car -1.000000 -1 -1 840.4246334898218 186.2837830061237 922.7575593628167 243.02479599132943 -1 -1 -1 -1 -1 -1 -1 -1 1 
113 35 Car -1.000000 -1 -1 756.9132441731047 181.07099863011038 796.6059013815104 216.16071206949348 -1 -1 -1 -1 -1 -1 -1 -1 1 
113 37 Car -1.000000 -1 -1 737.2355054875153 180.85619873783622 763.6625900300626 213.0179663286772 -1 -1 -1 -1 -1 -1 -1 -1 1 
113 40 Car -1.000000 -1 -1 87.40279594268269 196.26861896361652 230.54790156552957 274.66397597435923 -1 -1 -1 -1 -1 -1 -1 -1 1 
114 18 Car -1.000000 -1 -1 649.7822643938244 169.91619859352028 701.7877183786387 212.03001913587389 -1 -1 -1 -1 -1 -1 -1 -1 1 
114 20 Car -1.000000 -1 -1 538.8420868495615 177.06516698414845 589.6371391003216 220.2267373576924 -1 -1 -1 -1 -1 -1 -1 -1 1 
114 26 Car -1.000000 -1 -1 827.0883194229384 184.82875887329425 915.9421250949771 245.11835319754346 -1 -1 -1 -1 -1 -1 -1 -1 1 
114 35 Car -1.000000 -1 -1 755.53215044917 180.3511393779964 796.9675962234088 216.98153914864923 -1 -1 -1 -1 -1 -1 -1 -1 1 
114 37 Car -1.000000 -1 -1 739.0259078970876 180.94943392749795 767.706148850802 215.068802573972 -1 -1 -1 -1 -1 -1 -1 -1 1 
114 40 Car -1.000000 -1 -1 28.97327277490328 185.87482233418956 209.88505611669066 284.66016041652915 -1 -1 -1 -1 -1 -1 -1 -1 1 
115 18 Car -1.000000 -1 -1 635.9716442775151 169.60468882614413 688.0745966905168 211.91664548394192 -1 -1 -1 -1 -1 -1 -1 -1 1 
115 20 Car -1.000000 -1 -1 522.6953345767278 172.40775673695686 582.2162017189157 223.1164388792352 -1 -1 -1 -1 -1 -1 -1 -1 1 
115 26 Car -1.000000 -1 -1 817.3277837600059 185.12391088651867 913.0509659117733 249.41871351818543 -1 -1 -1 -1 -1 -1 -1 -1 1 
115 37 Car -1.000000 -1 -1 736.5194668952239 181.41017076670084 766.7946359618063 216.809154582754 -1 -1 -1 -1 -1 -1 -1 -1 1 
115 40 Car -1.000000 -1 -1 -0.16934702125197987 181.87465302846724 201.36096578774158 291.81193641888655 -1 -1 -1 -1 -1 -1 -1 -1 1 
115 43 Car -1.000000 -1 -1 709.174865687938 182.01849953217092 746.6415312965739 214.1959691000662 -1 -1 -1 -1 -1 -1 -1 -1 1 
116 18 Car -1.000000 -1 -1 622.9195041341956 170.4861244163473 673.7606380925937 211.54951383210255 -1 -1 -1 -1 -1 -1 -1 -1 1 
116 20 Car -1.000000 -1 -1 505.8654336714108 171.25776770333746 566.9388870068667 223.8848309040465 -1 -1 -1 -1 -1 -1 -1 -1 1 
116 26 Car -1.000000 -1 -1 805.8388491460508 186.21704965695795 903.4210714258421 251.2563459090636 -1 -1 -1 -1 -1 -1 -1 -1 1 
116 37 Car -1.000000 -1 -1 734.883870658203 181.19912540062327 766.3871336664622 218.0340447139886 -1 -1 -1 -1 -1 -1 -1 -1 1 
116 40 Car -1.000000 -1 -1 0.6897732483274126 194.77462998763514 188.02050879896973 297.3346976857207 -1 -1 -1 -1 -1 -1 -1 -1 1 
116 43 Car -1.000000 -1 -1 709.8359035295132 181.78038244313757 752.1652522444268 218.02690382697176 -1 -1 -1 -1 -1 -1 -1 -1 1 
117 18 Car -1.000000 -1 -1 608.8656885148196 171.43219034920378 659.4382239451115 212.1278404799653 -1 -1 -1 -1 -1 -1 -1 -1 1 
117 20 Car -1.000000 -1 -1 487.8502079133667 169.24962098008334 553.0023171329527 226.4615541283655 -1 -1 -1 -1 -1 -1 -1 -1 1 
117 26 Car -1.000000 -1 -1 795.9588462763177 189.03635735602356 894.0929371431249 253.1134321033278 -1 -1 -1 -1 -1 -1 -1 -1 1 
117 40 Car -1.000000 -1 -1 -26.953682561908636 191.63767736796146 176.7106550195994 303.14008537068503 -1 -1 -1 -1 -1 -1 -1 -1 1 
117 43 Car -1.000000 -1 -1 706.1788273913921 181.98746659849056 749.9764124893666 219.4798279975801 -1 -1 -1 -1 -1 -1 -1 -1 1 
118 18 Car -1.000000 -1 -1 593.0429232129705 171.34877907169619 643.4462298357939 212.22579185344497 -1 -1 -1 -1 -1 -1 -1 -1 1 
118 20 Car -1.000000 -1 -1 473.73942797839027 175.06677695920177 536.4860202922523 229.52549023718888 -1 -1 -1 -1 -1 -1 -1 -1 1 
118 26 Car -1.000000 -1 -1 785.7035262602196 190.32450890913105 884.1358746399319 253.67472916094732 -1 -1 -1 -1 -1 -1 -1 -1 1 
118 43 Car -1.000000 -1 -1 693.0235268687461 182.2882519845356 737.0256464126894 219.78276330431535 -1 -1 -1 -1 -1 -1 -1 -1 1 
119 18 Car -1.000000 -1 -1 579.8709002311884 172.96842228095764 627.6584428572259 211.550170570852 -1 -1 -1 -1 -1 -1 -1 -1 1 
119 20 Car -1.000000 -1 -1 459.4962811050376 172.8160070110869 522.1729502120539 227.27191772975428 -1 -1 -1 -1 -1 -1 -1 -1 1 
119 26 Car -1.000000 -1 -1 779.5851442452106 191.8285032060353 880.0881054004481 255.65279992986598 -1 -1 -1 -1 -1 -1 -1 -1 1 
119 43 Car -1.000000 -1 -1 685.3341180314003 182.89590571561155 727.7892093942721 218.87523392704009 -1 -1 -1 -1 -1 -1 -1 -1 1 
119 46 Car -1.000000 -1 -1 665.1049644725066 182.13684156770367 709.439260159885 223.9824907211809 -1 -1 -1 -1 -1 -1 -1 -1 1 
120 18 Car -1.000000 -1 -1 563.3570057673058 172.73268354300893 612.8292538635841 212.35529888236044 -1 -1 -1 -1 -1 -1 -1 -1 1 
120 20 Car -1.000000 -1 -1 440.0147253694053 176.5398160957758 503.34589105930456 230.76892770105852 -1 -1 -1 -1 -1 -1 -1 -1 1 
120 26 Car -1.000000 -1 -1 772.1752776547911 191.77843106061442 879.0833692961457 259.2981173433302 -1 -1 -1 -1 -1 -1 -1 -1 1 
120 43 Car -1.000000 -1 -1 672.1783629345762 182.4952913843429 722.4349018083216 224.25180089736207 -1 -1 -1 -1 -1 -1 -1 -1 1 
120 46 Car -1.000000 -1 -1 665.1075312505412 182.2961603309642 707.3589312654748 221.94008360624304 -1 -1 -1 -1 -1 -1 -1 -1 1 
120 47 Car -1.000000 -1 -1 640.4593816231848 183.20709057823538 669.001999377384 215.0165953872367 -1 -1 -1 -1 -1 -1 -1 -1 1 
120 48 Car -1.000000 -1 -1 -28.93146690443797 242.55980272361154 110.31130976621117 350.368899718295 -1 -1 -1 -1 -1 -1 -1 -1 1 
121 18 Car -1.000000 -1 -1 545.6077406307974 170.84741490777944 597.2940525882667 212.68237288833498 -1 -1 -1 -1 -1 -1 -1 -1 1 
121 20 Car -1.000000 -1 -1 422.10560032570527 179.52148678012475 485.03408513407527 231.94913834235112 -1 -1 -1 -1 -1 -1 -1 -1 1 
121 26 Car -1.000000 -1 -1 765.2697301449037 192.69540419208698 874.1436070239773 260.7783730329196 -1 -1 -1 -1 -1 -1 -1 -1 1 
121 43 Car -1.000000 -1 -1 660.9473280681882 181.4376504137576 720.9869375665701 231.69420507706766 -1 -1 -1 -1 -1 -1 -1 -1 1 
121 46 Car -1.000000 -1 -1 660.381543942649 182.84695657885553 705.0434824886444 224.8563968951016 -1 -1 -1 -1 -1 -1 -1 -1 1 
121 47 Car -1.000000 -1 -1 638.8165908559884 183.6243078421191 667.8187850302882 215.9459902538708 -1 -1 -1 -1 -1 -1 -1 -1 1 
121 48 Car -1.000000 -1 -1 -36.71007866392338 247.85032780502567 101.37529456904596 354.7633039264891 -1 -1 -1 -1 -1 -1 -1 -1 1 
122 18 Car -1.000000 -1 -1 533.3255519037515 171.69958896727942 582.3778295694563 211.2602156334552 -1 -1 -1 -1 -1 -1 -1 -1 1 
122 20 Car -1.000000 -1 -1 406.5390842792742 174.97941085237574 471.7367345587451 229.33200348095482 -1 -1 -1 -1 -1 -1 -1 -1 1 
122 26 Car -1.000000 -1 -1 758.6086749392927 192.28105071812115 872.7287660810416 263.4381630052861 -1 -1 -1 -1 -1 -1 -1 -1 1 
122 43 Car -1.000000 -1 -1 654.6776080211631 181.45266523656807 717.9316236397161 234.39985624913825 -1 -1 -1 -1 -1 -1 -1 -1 1 
122 46 Car -1.000000 -1 -1 659.5694539251384 182.91556838552668 706.7682233303522 227.3111748194816 -1 -1 -1 -1 -1 -1 -1 -1 1 
122 51 Car -1.000000 -1 -1 613.4744878753045 183.18149308867982 647.170691698131 215.9208567797708 -1 -1 -1 -1 -1 -1 -1 -1 1 
123 18 Car -1.000000 -1 -1 517.4292829674072 171.31155616497156 566.7245143898223 211.1489060168458 -1 -1 -1 -1 -1 -1 -1 -1 1 
123 20 Car -1.000000 -1 -1 382.5093083486317 176.57661797540308 451.58731215671185 233.24777244859962 -1 -1 -1 -1 -1 -1 -1 -1 1 
123 26 Car -1.000000 -1 -1 747.2930525996692 192.65378255427487 863.1527624169563 264.99040421551786 -1 -1 -1 -1 -1 -1 -1 -1 1 
123 51 Car -1.000000 -1 -1 611.7191813785887 183.38341610372936 646.1103836062593 216.79804291117725 -1 -1 -1 -1 -1 -1 -1 -1 1 
123 52 Car -1.000000 -1 -1 595.5716301489899 182.84499884543612 622.190743265338 214.35407865530254 -1 -1 -1 -1 -1 -1 -1 -1 1 
124 18 Car -1.000000 -1 -1 504.37917163220015 171.56822647422 552.1538848471349 209.93910019714497 -1 -1 -1 -1 -1 -1 -1 -1 1 
124 20 Car -1.000000 -1 -1 363.79195315246676 179.4431699229505 433.2526977091589 234.47428085492385 -1 -1 -1 -1 -1 -1 -1 -1 1 
124 26 Car -1.000000 -1 -1 739.0960994259249 191.91076483609547 857.2965970818029 266.0528625703731 -1 -1 -1 -1 -1 -1 -1 -1 1 
124 52 Car -1.000000 -1 -1 591.2136346341338 182.8988669031573 619.7689655886225 216.41685140655937 -1 -1 -1 -1 -1 -1 -1 -1 1 
124 53 Car -1.000000 -1 -1 619.6573575340656 181.22250124389745 679.4368183595342 229.61701317369423 -1 -1 -1 -1 -1 -1 -1 -1 1 
125 18 Car -1.000000 -1 -1 488.1220084519297 172.311742093775 533.1605675666359 208.6495855573906 -1 -1 -1 -1 -1 -1 -1 -1 1 
125 20 Car -1.000000 -1 -1 339.6781237314889 181.2092118919777 412.3951875044681 237.70406132698116 -1 -1 -1 -1 -1 -1 -1 -1 1 
125 26 Car -1.000000 -1 -1 729.6416195743328 191.83036146080318 860.0597012604771 274.1426591174973 -1 -1 -1 -1 -1 -1 -1 -1 1 
125 52 Car -1.000000 -1 -1 589.5031201030719 183.52036000494937 619.1746330290341 218.34850770971033 -1 -1 -1 -1 -1 -1 -1 -1 1 
125 53 Car -1.000000 -1 -1 609.2433191943597 182.37937379706028 672.1486595442935 233.24089675479925 -1 -1 -1 -1 -1 -1 -1 -1 1 
125 55 Car -1.000000 -1 -1 564.0213148268472 182.87877966401072 604.8584300710944 215.5270692016613 -1 -1 -1 -1 -1 -1 -1 -1 1 
125 56 Car -1.000000 -1 -1 651.1169102358245 188.40034661152163 745.6410298439949 256.24406227840836 -1 -1 -1 -1 -1 -1 -1 -1 1 
126 18 Car -1.000000 -1 -1 468.84795700956863 170.44974764567164 516.1274930491549 209.07177109917512 -1 -1 -1 -1 -1 -1 -1 -1 1 
126 20 Car -1.000000 -1 -1 319.03853933116386 182.5707319388252 395.0587310370827 239.46625368729997 -1 -1 -1 -1 -1 -1 -1 -1 1 
126 26 Car -1.000000 -1 -1 718.5219564791196 191.25718764974846 857.8062136878274 279.6225516909434 -1 -1 -1 -1 -1 -1 -1 -1 1 
126 53 Car -1.000000 -1 -1 603.1120151351876 182.36016371126877 669.4623751883466 236.00712459161176 -1 -1 -1 -1 -1 -1 -1 -1 1 
126 55 Car -1.000000 -1 -1 563.1206292893689 183.41620240234886 605.8870194113384 217.60690080212385 -1 -1 -1 -1 -1 -1 -1 -1 1 
126 56 Car -1.000000 -1 -1 640.55858540137 190.43224676036462 732.2482385583628 255.76718709427607 -1 -1 -1 -1 -1 -1 -1 -1 1 
126 57 Car -1.000000 -1 -1 587.3725257991142 181.5309830351017 637.531318479571 228.224889058974 -1 -1 -1 -1 -1 -1 -1 -1 1 
126 58 Car -1.000000 -1 -1 547.0336827933813 182.07105706898767 578.3915385861566 213.87068764644792 -1 -1 -1 -1 -1 -1 -1 -1 1 
127 18 Car -1.000000 -1 -1 458.82032449443403 172.41683659076335 502.2412092290594 208.06377919659542 -1 -1 -1 -1 -1 -1 -1 -1 1 
127 20 Car -1.000000 -1 -1 293.68535559903603 183.87699220983572 373.8972188349656 242.36903387416112 -1 -1 -1 -1 -1 -1 -1 -1 1 
127 26 Car -1.000000 -1 -1 707.6150153784333 189.84298185990224 855.0149043033904 284.0454840688414 -1 -1 -1 -1 -1 -1 -1 -1 1 
127 56 Car -1.000000 -1 -1 630.4378638245485 188.45165851442042 723.2566018142674 253.87345993865455 -1 -1 -1 -1 -1 -1 -1 -1 1 
127 57 Car -1.000000 -1 -1 577.0892203599824 181.5596266811558 629.0380112438116 229.768140998977 -1 -1 -1 -1 -1 -1 -1 -1 1 
127 58 Car -1.000000 -1 -1 543.9022602749268 182.91849026223116 576.9060628951156 216.1957422142245 -1 -1 -1 -1 -1 -1 -1 -1 1 
128 18 Car -1.000000 -1 -1 442.9372015381555 171.8715960640118 487.59702462136397 208.86345178761732 -1 -1 -1 -1 -1 -1 -1 -1 1 
128 20 Car -1.000000 -1 -1 276.0443221865407 183.72493516936348 361.86260802320396 244.849184245679 -1 -1 -1 -1 -1 -1 -1 -1 1 
128 26 Car -1.000000 -1 -1 700.2166439371571 188.08501841387283 852.3138033974667 286.5084083900642 -1 -1 -1 -1 -1 -1 -1 -1 1 
128 56 Car -1.000000 -1 -1 623.3496376909266 187.81189463707267 719.9379616136238 255.59130644527536 -1 -1 -1 -1 -1 -1 -1 -1 1 
128 57 Car -1.000000 -1 -1 570.6099849369323 182.75614691646513 626.9781652450436 234.7421293277428 -1 -1 -1 -1 -1 -1 -1 -1 1 
128 58 Car -1.000000 -1 -1 543.2661054386791 186.17469152372837 578.3708760846927 221.81668574068632 -1 -1 -1 -1 -1 -1 -1 -1 1 
128 59 Car -1.000000 -1 -1 521.7400922761705 182.752561555177 556.3999242579476 215.06596692511113 -1 -1 -1 -1 -1 -1 -1 -1 1 
129 18 Car -1.000000 -1 -1 435.692450652433 173.83287359093313 477.47574827891486 209.002902568762 -1 -1 -1 -1 -1 -1 -1 -1 1 
129 20 Car -1.000000 -1 -1 252.031932836556 187.86133268513885 346.4750372631848 253.70436144141115 -1 -1 -1 -1 -1 -1 -1 -1 1 
129 26 Car -1.000000 -1 -1 697.1024972747857 188.03886576048836 852.19579837788 289.4413271662769 -1 -1 -1 -1 -1 -1 -1 -1 1 
129 56 Car -1.000000 -1 -1 615.5574776042588 189.39539049401063 711.0498325573717 255.65226324625496 -1 -1 -1 -1 -1 -1 -1 -1 1 
129 57 Car -1.000000 -1 -1 560.8737526436787 183.92176350651084 616.9515115592917 234.81802327184943 -1 -1 -1 -1 -1 -1 -1 -1 1 
129 58 Car -1.000000 -1 -1 529.2425763496251 183.70745106468848 571.9723087796972 226.1013681686646 -1 -1 -1 -1 -1 -1 -1 -1 1 
129 59 Car -1.000000 -1 -1 518.9425759126361 183.2706569266173 555.8019914326353 217.43035390559305 -1 -1 -1 -1 -1 -1 -1 -1 1 
129 60 Car -1.000000 -1 -1 498.9546254085661 181.83146445065543 530.8870947425582 211.1076754415992 -1 -1 -1 -1 -1 -1 -1 -1 1 
130 18 Car -1.000000 -1 -1 423.68738864715027 173.30000685366443 466.416634059429 209.88401813448402 -1 -1 -1 -1 -1 -1 -1 -1 1 
130 20 Car -1.000000 -1 -1 229.16644464637682 190.9963143755303 331.9352756615632 260.99203142185115 -1 -1 -1 -1 -1 -1 -1 -1 1 
130 26 Car -1.000000 -1 -1 698.6111459128723 188.37659702941374 856.585081248131 292.5725678962316 -1 -1 -1 -1 -1 -1 -1 -1 1 
130 56 Car -1.000000 -1 -1 609.615757872715 188.98498060275736 710.3196263730796 258.24809093357925 -1 -1 -1 -1 -1 -1 -1 -1 1 
130 57 Car -1.000000 -1 -1 554.2568614021101 184.60462049195695 610.6995630956189 235.2331729799556 -1 -1 -1 -1 -1 -1 -1 -1 1 
130 58 Car -1.000000 -1 -1 523.4772621461451 182.6096520038733 571.4460292292779 229.54310272313035 -1 -1 -1 -1 -1 -1 -1 -1 1 
130 59 Car -1.000000 -1 -1 516.8384238971892 185.46077687781025 556.9282993012907 222.67183504804413 -1 -1 -1 -1 -1 -1 -1 -1 1 
130 60 Car -1.000000 -1 -1 498.23673342011944 184.1237332762797 530.9281649135817 213.92835631600917 -1 -1 -1 -1 -1 -1 -1 -1 1 
130 62 Car -1.000000 -1 -1 480.61097562000896 179.67755068999082 496.72881221758513 204.79006806761228 -1 -1 -1 -1 -1 -1 -1 -1 1 
131 18 Car -1.000000 -1 -1 418.8486625956825 175.0651275486038 459.469979589117 210.17108950415775 -1 -1 -1 -1 -1 -1 -1 -1 1 
131 20 Car -1.000000 -1 -1 208.86926042108604 193.65517488105678 325.14944690325115 271.66962807334977 -1 -1 -1 -1 -1 -1 -1 -1 1 
131 26 Car -1.000000 -1 -1 705.8614678746274 188.25606200499053 867.4626637178143 295.50858014843504 -1 -1 -1 -1 -1 -1 -1 -1 1 
131 56 Car -1.000000 -1 -1 605.3632295137171 189.81549651518822 713.1803723838917 263.4581244738554 -1 -1 -1 -1 -1 -1 -1 -1 1 
131 57 Car -1.000000 -1 -1 554.2064285668882 185.85733935329463 610.6362180696159 235.80207976361714 -1 -1 -1 -1 -1 -1 -1 -1 1 
131 58 Car -1.000000 -1 -1 519.3095523989705 183.08899154270185 570.1334378402618 232.81593328942952 -1 -1 -1 -1 -1 -1 -1 -1 1 
131 59 Car -1.000000 -1 -1 515.7756677050885 186.60247557291225 557.7991962133365 225.6083325740506 -1 -1 -1 -1 -1 -1 -1 -1 1 
131 60 Car -1.000000 -1 -1 495.9830662366411 184.94841276104748 529.0464316992549 214.88692540792255 -1 -1 -1 -1 -1 -1 -1 -1 1 
131 62 Car -1.000000 -1 -1 481.45714194423726 181.7728034007101 499.7665781912706 210.01364297852385 -1 -1 -1 -1 -1 -1 -1 -1 1 
132 18 Car -1.000000 -1 -1 415.0409606349871 176.70119469139885 457.6038085842656 214.08432457121484 -1 -1 -1 -1 -1 -1 -1 -1 1 
132 20 Car -1.000000 -1 -1 191.95761565128623 196.86021675846112 316.61719024348247 278.7684388271673 -1 -1 -1 -1 -1 -1 -1 -1 1 
132 26 Car -1.000000 -1 -1 706.8725151534018 188.1018762012154 883.3487758491989 307.8502974542413 -1 -1 -1 -1 -1 -1 -1 -1 1 
132 56 Car -1.000000 -1 -1 602.4683725958881 191.03105318268973 720.5598001448185 271.73446703518624 -1 -1 -1 -1 -1 -1 -1 -1 1 
132 57 Car -1.000000 -1 -1 551.6909992846662 185.7004331198837 613.0941477638183 238.80219833980328 -1 -1 -1 -1 -1 -1 -1 -1 1 
132 60 Car -1.000000 -1 -1 496.63530751570573 187.6179826900897 532.6097491794688 220.5558698129286 -1 -1 -1 -1 -1 -1 -1 -1 1 
132 62 Car -1.000000 -1 -1 479.0010887037757 183.64116998956865 498.18106157701294 212.8925560900982 -1 -1 -1 -1 -1 -1 -1 -1 1 
133 18 Car -1.000000 -1 -1 413.38119117890744 177.51006560795975 456.0944311196208 215.7982296944022 -1 -1 -1 -1 -1 -1 -1 -1 1 
133 20 Car -1.000000 -1 -1 176.9017161949635 199.22588545572194 307.74688776799553 283.7449776631398 -1 -1 -1 -1 -1 -1 -1 -1 1 
133 26 Car -1.000000 -1 -1 709.5167549732964 185.0352377708274 905.924408924209 319.8585443076529 -1 -1 -1 -1 -1 -1 -1 -1 1 
133 56 Car -1.000000 -1 -1 603.5882624613354 191.20429943253546 731.9013266006816 278.6906620185204 -1 -1 -1 -1 -1 -1 -1 -1 1 
133 57 Car -1.000000 -1 -1 546.7109734112811 186.903527279272 615.5726616780075 246.03033819274174 -1 -1 -1 -1 -1 -1 -1 -1 1 
133 60 Car -1.000000 -1 -1 496.98061975231 188.80052722822705 533.2168185143843 222.41313952803583 -1 -1 -1 -1 -1 -1 -1 -1 1 
133 62 Car -1.000000 -1 -1 477.5967981818416 184.6334126437284 497.130483492246 214.12446222435494 -1 -1 -1 -1 -1 -1 -1 -1 1 
134 18 Car -1.000000 -1 -1 402.5617175485384 178.01219530306986 445.3178300211561 216.3388715373673 -1 -1 -1 -1 -1 -1 -1 -1 1 
134 20 Car -1.000000 -1 -1 154.74959806810557 200.9990458553239 295.385307972275 291.73523219313506 -1 -1 -1 -1 -1 -1 -1 -1 1 
134 26 Car -1.000000 -1 -1 738.8572737708575 185.57710681674118 910.3478072561691 301.54877699767223 -1 -1 -1 -1 -1 -1 -1 -1 1 
134 53 Car -1.000000 -1 -1 548.9197134266199 183.55383610794735 627.2015764955968 245.81635664856893 -1 -1 -1 -1 -1 -1 -1 -1 1 
134 56 Car -1.000000 -1 -1 605.9628867879275 189.6250956938092 743.605414350985 283.23763396555927 -1 -1 -1 -1 -1 -1 -1 -1 1 
134 57 Car -1.000000 -1 -1 540.8712247675339 187.40208769170468 611.7833084426632 248.2894166720667 -1 -1 -1 -1 -1 -1 -1 -1 1 
134 60 Car -1.000000 -1 -1 493.6082708216968 185.7062807723387 529.51206479124 219.08407222180935 -1 -1 -1 -1 -1 -1 -1 -1 1 
134 62 Car -1.000000 -1 -1 479.49231455672157 183.598707762286 499.7482561791199 213.62468473071038 -1 -1 -1 -1 -1 -1 -1 -1 1 
134 67 Car -1.000000 -1 -1 246.9908225176475 193.21226601600483 344.45725633595873 249.31525616619126 -1 -1 -1 -1 -1 -1 -1 -1 1 
135 20 Car -1.000000 -1 -1 137.56079677552162 201.30291644211226 286.35980181122693 296.28570853006727 -1 -1 -1 -1 -1 -1 -1 -1 1 
135 26 Car -1.000000 -1 -1 762.459226834595 183.8767976793902 928.497663608382 295.46255936918476 -1 -1 -1 -1 -1 -1 -1 -1 1 
135 53 Car -1.000000 -1 -1 546.8272433348899 181.88310493525023 628.7934509927555 246.10288498451237 -1 -1 -1 -1 -1 -1 -1 -1 1 
135 56 Car -1.000000 -1 -1 614.8629598130185 188.17315491660946 759.7472802139087 285.81722525183704 -1 -1 -1 -1 -1 -1 -1 -1 1 
135 60 Car -1.000000 -1 -1 492.5940208142212 183.23193286430075 529.604937478248 218.0011421858733 -1 -1 -1 -1 -1 -1 -1 -1 1 
135 62 Car -1.000000 -1 -1 478.96451687134817 180.97773011163542 498.0288678894122 207.96908405622824 -1 -1 -1 -1 -1 -1 -1 -1 1 
135 67 Car -1.000000 -1 -1 247.01347733309316 189.25398698547085 340.2978630718899 243.0021422005977 -1 -1 -1 -1 -1 -1 -1 -1 1 
136 20 Car -1.000000 -1 -1 124.95056331813734 200.53130049296132 280.8861730977468 299.14011484288346 -1 -1 -1 -1 -1 -1 -1 -1 1 
136 26 Car -1.000000 -1 -1 783.2427989570174 182.4269981873657 974.6878020512503 311.2020173117456 -1 -1 -1 -1 -1 -1 -1 -1 1 
136 53 Car -1.000000 -1 -1 546.2580707885146 180.21067290900837 629.5530094682439 244.4427741432175 -1 -1 -1 -1 -1 -1 -1 -1 1 
136 56 Car -1.000000 -1 -1 621.043056328809 185.462255123131 773.5573379909881 287.53971989824777 -1 -1 -1 -1 -1 -1 -1 -1 1 
136 60 Car -1.000000 -1 -1 496.06198551270967 181.87851319570285 533.9068772758164 217.87712359760465 -1 -1 -1 -1 -1 -1 -1 -1 1 
136 62 Car -1.000000 -1 -1 479.8993718788782 178.20094442358717 499.2986480594784 204.73816359374274 -1 -1 -1 -1 -1 -1 -1 -1 1 
136 67 Car -1.000000 -1 -1 244.06480188111638 184.9994032354433 343.6945065824027 242.3211030320805 -1 -1 -1 -1 -1 -1 -1 -1 1 
137 20 Car -1.000000 -1 -1 113.0560815984419 199.8916825125515 276.5872155437537 302.578365374712 -1 -1 -1 -1 -1 -1 -1 -1 1 
137 26 Car -1.000000 -1 -1 813.576873386719 182.43787530704395 1016.1232748757222 316.9553649255417 -1 -1 -1 -1 -1 -1 -1 -1 1 
137 43 Car -1.000000 -1 -1 561.1781274167943 178.63248631901774 638.2257348828178 240.54755267416934 -1 -1 -1 -1 -1 -1 -1 -1 1 
137 53 Car -1.000000 -1 -1 540.8758346646481 179.95397040296294 626.1573858770623 245.7180081896958 -1 -1 -1 -1 -1 -1 -1 -1 1 
137 56 Car -1.000000 -1 -1 633.1465920661742 184.30076350827187 793.1216711732266 290.6361934086194 -1 -1 -1 -1 -1 -1 -1 -1 1 
137 60 Car -1.000000 -1 -1 495.75759923005677 182.18021774405418 534.771659919544 219.2909647124592 -1 -1 -1 -1 -1 -1 -1 -1 1 
137 62 Car -1.000000 -1 -1 481.58539759816296 174.384488333752 501.34488443456337 200.56141244544318 -1 -1 -1 -1 -1 -1 -1 -1 1 
137 67 Car -1.000000 -1 -1 241.80012261065178 182.88608356128202 346.61202041774357 243.2864289585326 -1 -1 -1 -1 -1 -1 -1 -1 1 
137 70 Car -1.000000 -1 -1 436.5057932589159 170.19758449207163 476.17569774924954 207.7219756602228 -1 -1 -1 -1 -1 -1 -1 -1 1 
138 20 Car -1.000000 -1 -1 103.96038713834325 198.84348923709078 276.36780148769435 306.41747329246266 -1 -1 -1 -1 -1 -1 -1 -1 1 
138 26 Car -1.000000 -1 -1 817.5987968933912 182.0121483917154 1026.0831895705962 320.47319311871826 -1 -1 -1 -1 -1 -1 -1 -1 1 
138 43 Car -1.000000 -1 -1 564.613989444382 176.396848419574 648.5096507554471 241.64341376204834 -1 -1 -1 -1 -1 -1 -1 -1 1 
138 56 Car -1.000000 -1 -1 647.1320422799523 182.44209152986264 814.9210465765807 292.97938451354 -1 -1 -1 -1 -1 -1 -1 -1 1 
138 62 Car -1.000000 -1 -1 481.56422527491657 173.71789350775438 501.32994216532353 199.9030558066342 -1 -1 -1 -1 -1 -1 -1 -1 1 
138 67 Car -1.000000 -1 -1 240.7363866501639 180.89361114031442 351.6410868603397 245.1050148044134 -1 -1 -1 -1 -1 -1 -1 -1 1 
138 70 Car -1.000000 -1 -1 445.5285990085418 168.75263009012443 481.7606572386256 203.0089569400245 -1 -1 -1 -1 -1 -1 -1 -1 1 
138 71 Car -1.000000 -1 -1 496.01670436252374 173.5948041902903 530.4618739974682 199.7685342547643 -1 -1 -1 -1 -1 -1 -1 -1 1 
138 72 Car -1.000000 -1 -1 866.9545813057263 175.60448149717024 1122.9814333366435 371.3434940544631 -1 -1 -1 -1 -1 -1 -1 -1 1 
139 20 Car -1.000000 -1 -1 84.6027609107761 197.74612144701973 269.6369130002562 311.7888202478887 -1 -1 -1 -1 -1 -1 -1 -1 1 
139 43 Car -1.000000 -1 -1 567.4000504326071 177.25467903285414 652.7221709300643 241.75561760706302 -1 -1 -1 -1 -1 -1 -1 -1 1 
139 56 Car -1.000000 -1 -1 659.6255984030436 182.6226776950125 839.3236447788495 299.3400036719221 -1 -1 -1 -1 -1 -1 -1 -1 1 
139 67 Car -1.000000 -1 -1 243.65600161802746 181.2529820172157 353.2682167615062 244.7713898567358 -1 -1 -1 -1 -1 -1 -1 -1 1 
139 70 Car -1.000000 -1 -1 451.92658953468504 167.2698998942072 488.1357332094796 201.6420068714363 -1 -1 -1 -1 -1 -1 -1 -1 1 
139 71 Car -1.000000 -1 -1 496.6863699572181 172.65404781529904 529.8816773897913 197.94277406205728 -1 -1 -1 -1 -1 -1 -1 -1 1 
139 72 Car -1.000000 -1 -1 909.4054881787762 176.47063217676578 1170.281440756485 374.7366829899987 -1 -1 -1 -1 -1 -1 -1 -1 1 
140 20 Car -1.000000 -1 -1 64.88460220535887 197.0726723630829 261.33160183503725 315.9518965539935 -1 -1 -1 -1 -1 -1 -1 -1 1 
140 43 Car -1.000000 -1 -1 555.8467202846135 177.0344959553064 638.303428007399 240.83270728220387 -1 -1 -1 -1 -1 -1 -1 -1 1 
140 56 Car -1.000000 -1 -1 672.8095396575784 183.90148619377317 874.0579267649451 312.9634414497613 -1 -1 -1 -1 -1 -1 -1 -1 1 
140 67 Car -1.000000 -1 -1 242.91847080570642 180.3283847319331 355.9208129156523 246.08630006002542 -1 -1 -1 -1 -1 -1 -1 -1 1 
140 70 Car -1.000000 -1 -1 466.19993277274426 168.96996635162492 499.39747837416155 200.5791213771103 -1 -1 -1 -1 -1 -1 -1 -1 1 
140 71 Car -1.000000 -1 -1 497.50718128576494 171.676902932705 529.5028561149403 196.05172957608494 -1 -1 -1 -1 -1 -1 -1 -1 1 
140 72 Car -1.000000 -1 -1 960.4379686316963 177.35993580642162 1225.279019772569 377.48722684369136 -1 -1 -1 -1 -1 -1 -1 -1 1 
140 73 Car -1.000000 -1 -1 321.6465128640266 186.41988786070274 371.0890153857192 233.35663644177075 -1 -1 -1 -1 -1 -1 -1 -1 1 
141 20 Car -1.000000 -1 -1 44.50529287314809 198.88029772891727 260.03293141596254 327.2509421474922 -1 -1 -1 -1 -1 -1 -1 -1 1 
141 43 Car -1.000000 -1 -1 550.7095531504409 176.84153815379648 634.1293785024108 241.384863395742 -1 -1 -1 -1 -1 -1 -1 -1 1 
141 46 Car -1.000000 -1 -1 608.4241704275524 173.73088716100108 704.1543929410154 263.82307220919546 -1 -1 -1 -1 -1 -1 -1 -1 1 
141 51 Car -1.000000 -1 -1 558.8007944914038 177.6028028328883 621.2166396813974 236.05960041227507 -1 -1 -1 -1 -1 -1 -1 -1 1 
141 56 Car -1.000000 -1 -1 682.0789115821661 181.51212557559228 910.6645973752385 327.26002991374673 -1 -1 -1 -1 -1 -1 -1 -1 1 
141 67 Car -1.000000 -1 -1 231.82260432869535 181.2708326127414 361.8493754183047 256.6395167937454 -1 -1 -1 -1 -1 -1 -1 -1 1 
141 70 Car -1.000000 -1 -1 474.06868421159277 168.5511049708233 505.9833015876841 198.9387162509482 -1 -1 -1 -1 -1 -1 -1 -1 1 
141 72 Car -1.000000 -1 -1 991.3708772083339 174.58354934152976 1258.6497481612525 377.78410480809123 -1 -1 -1 -1 -1 -1 -1 -1 1 
141 73 Car -1.000000 -1 -1 324.37363716491336 187.12657444519252 377.18202034224106 237.13152322898836 -1 -1 -1 -1 -1 -1 -1 -1 1 
142 20 Car -1.000000 -1 -1 22.075278298381605 200.6939626357527 252.5413388872509 336.490054796355 -1 -1 -1 -1 -1 -1 -1 -1 1 
142 46 Car -1.000000 -1 -1 608.9064854995738 174.90518489653292 709.4257410647655 264.70347502628977 -1 -1 -1 -1 -1 -1 -1 -1 1 
142 51 Car -1.000000 -1 -1 563.1655031735671 179.3339070715901 627.9018261150684 237.2960724751913 -1 -1 -1 -1 -1 -1 -1 -1 1 
142 56 Car -1.000000 -1 -1 704.4567112986051 184.97344467892648 951.0350545314317 339.8900833908656 -1 -1 -1 -1 -1 -1 -1 -1 1 
142 67 Car -1.000000 -1 -1 219.50117452692157 184.39466230565333 353.3825417139127 263.05716544979106 -1 -1 -1 -1 -1 -1 -1 -1 1 
142 72 Car -1.000000 -1 -1 1013.6617368488622 156.3677108596911 1305.0824784081565 384.71932847098765 -1 -1 -1 -1 -1 -1 -1 -1 1 
142 73 Car -1.000000 -1 -1 326.46646585931177 187.88618258050187 380.34746318389 238.75181567920097 -1 -1 -1 -1 -1 -1 -1 -1 1 
143 20 Car -1.000000 -1 -1 0.928372660614059 201.97331526122525 257.2563680143046 352.4436399829315 -1 -1 -1 -1 -1 -1 -1 -1 1 
143 46 Car -1.000000 -1 -1 619.0645543350547 176.50395296460806 724.4083311786683 267.77336555909415 -1 -1 -1 -1 -1 -1 -1 -1 1 
143 51 Car -1.000000 -1 -1 569.9505906794686 180.6316429505178 633.2671662669038 235.35640396797714 -1 -1 -1 -1 -1 -1 -1 -1 1 
143 56 Car -1.000000 -1 -1 729.0614321468373 183.5438406145352 1010.5622217386833 357.83090454558624 -1 -1 -1 -1 -1 -1 -1 -1 1 
143 67 Car -1.000000 -1 -1 205.8164951174622 185.24648270748858 354.8534013491901 274.1891952957121 -1 -1 -1 -1 -1 -1 -1 -1 1 
143 72 Car -1.000000 -1 -1 1045.8648144251276 153.03596884408242 1344.749191542929 387.2359651186274 -1 -1 -1 -1 -1 -1 -1 -1 1 
143 73 Car -1.000000 -1 -1 333.1017534644208 187.7547811139976 388.44565435114316 239.80697527967325 -1 -1 -1 -1 -1 -1 -1 -1 1 
144 20 Car -1.000000 -1 -1 -12.877280059238487 201.6758440615249 259.16633544620913 361.5162638076763 -1 -1 -1 -1 -1 -1 -1 -1 1 
144 46 Car -1.000000 -1 -1 628.2863776299803 176.95054203812467 742.7254054329522 272.7565262293999 -1 -1 -1 -1 -1 -1 -1 -1 1 
144 51 Car -1.000000 -1 -1 573.9378100133599 180.1359056446276 637.0877166393541 233.98188686743381 -1 -1 -1 -1 -1 -1 -1 -1 1 
144 52 Car -1.000000 -1 -1 599.960845499635 180.1042163334728 657.0098512333943 243.38625295485906 -1 -1 -1 -1 -1 -1 -1 -1 1 
144 56 Car -1.000000 -1 -1 759.9502396819151 183.57461894691681 1071.8636796455844 374.0008009871379 -1 -1 -1 -1 -1 -1 -1 -1 1 
144 67 Car -1.000000 -1 -1 200.04065383817982 184.91394584780414 357.53486317916605 280.4770950265405 -1 -1 -1 -1 -1 -1 -1 -1 1 
144 73 Car -1.000000 -1 -1 337.87347966345743 187.13369891941934 395.2066531688187 240.73709468460675 -1 -1 -1 -1 -1 -1 -1 -1 1 
145 20 Car -1.000000 -1 -1 -21.13226741654819 199.1220223946868 261.78781932516137 366.81938012022204 -1 -1 -1 -1 -1 -1 -1 -1 1 
145 46 Car -1.000000 -1 -1 639.1806203051675 175.74839053835007 762.4464680925572 275.64119597822173 -1 -1 -1 -1 -1 -1 -1 -1 1 
145 47 Car -1.000000 -1 -1 547.4647192830356 173.4210044634929 581.5630169035695 209.6704587197033 -1 -1 -1 -1 -1 -1 -1 -1 1 
145 51 Car -1.000000 -1 -1 576.2011016679265 178.8860644385875 640.6089006827737 233.40080453389837 -1 -1 -1 -1 -1 -1 -1 -1 1 
145 52 Car -1.000000 -1 -1 601.7392200565498 180.34434256972654 660.997607629722 240.04617720679252 -1 -1 -1 -1 -1 -1 -1 -1 1 
145 56 Car -1.000000 -1 -1 799.0402196762926 183.96879988415918 1132.6463050485656 380.8524273412271 -1 -1 -1 -1 -1 -1 -1 -1 1 
145 67 Car -1.000000 -1 -1 197.51285713678925 184.53319232159532 358.5720910296583 284.5203126626486 -1 -1 -1 -1 -1 -1 -1 -1 1 
145 70 Car -1.000000 -1 -1 517.3354111469991 171.20945587482373 548.2573617230116 200.63225693003747 -1 -1 -1 -1 -1 -1 -1 -1 1 
145 73 Car -1.000000 -1 -1 341.2477706215509 186.9648242562123 399.81815034608604 241.23018372713506 -1 -1 -1 -1 -1 -1 -1 -1 1 
146 20 Car -1.000000 -1 -1 -31.073856637544168 197.95125101897094 256.16333545413795 369.0646166357908 -1 -1 -1 -1 -1 -1 -1 -1 1 
146 46 Car -1.000000 -1 -1 656.8954358356182 175.51521215171894 786.5405693470486 278.84308312151677 -1 -1 -1 -1 -1 -1 -1 -1 1 
146 47 Car -1.000000 -1 -1 543.7266499212508 173.01136841415197 577.9849475866688 209.43089354224801 -1 -1 -1 -1 -1 -1 -1 -1 1 
146 51 Car -1.000000 -1 -1 575.4837869506398 178.6912006122367 640.7548055705922 233.93648772115478 -1 -1 -1 -1 -1 -1 -1 -1 1 
146 52 Car -1.000000 -1 -1 606.864817255039 180.22101071529625 668.9098111276566 238.67890891183157 -1 -1 -1 -1 -1 -1 -1 -1 1 
146 56 Car -1.000000 -1 -1 826.3072389448776 183.34400246685962 1175.906651610858 383.6797216261574 -1 -1 -1 -1 -1 -1 -1 -1 1 
146 67 Car -1.000000 -1 -1 192.51869360629144 183.92311720800916 356.9901155698901 287.93764737774563 -1 -1 -1 -1 -1 -1 -1 -1 1 
146 70 Car -1.000000 -1 -1 523.441596263488 170.261834153069 554.4989420019949 199.4635348964036 -1 -1 -1 -1 -1 -1 -1 -1 1 
146 73 Car -1.000000 -1 -1 342.44086626187493 186.38952667245957 402.62331046647506 241.4391657922794 -1 -1 -1 -1 -1 -1 -1 -1 1 
147 20 Car -1.000000 -1 -1 -34.39165259878759 198.7216695557546 248.9705044407566 369.48271122468566 -1 -1 -1 -1 -1 -1 -1 -1 1 
147 46 Car -1.000000 -1 -1 671.5931496694807 174.2494452161865 807.5856618806038 279.2247974957801 -1 -1 -1 -1 -1 -1 -1 -1 1 
147 52 Car -1.000000 -1 -1 612.1889035728283 179.0062932594197 677.2825819918363 237.7573292571668 -1 -1 -1 -1 -1 -1 -1 -1 1 
147 56 Car -1.000000 -1 -1 841.937381176622 184.16561365757343 1200.754184365994 383.59922830277264 -1 -1 -1 -1 -1 -1 -1 -1 1 
147 67 Car -1.000000 -1 -1 184.68545437369903 181.36067125202516 354.1297748450013 289.37018932445096 -1 -1 -1 -1 -1 -1 -1 -1 1 
147 70 Car -1.000000 -1 -1 532.4421339972841 170.26381611762355 562.8155082439649 198.82241055939392 -1 -1 -1 -1 -1 -1 -1 -1 1 
147 73 Car -1.000000 -1 -1 343.34279592900896 185.3147560580973 406.45683445025196 242.12021723428106 -1 -1 -1 -1 -1 -1 -1 -1 1 
148 20 Car -1.000000 -1 -1 -34.85246404505786 200.65792983790834 238.1428440853499 368.86324486561546 -1 -1 -1 -1 -1 -1 -1 -1 1 
148 46 Car -1.000000 -1 -1 678.2136200312872 171.994063527231 824.917597540408 281.47699885891154 -1 -1 -1 -1 -1 -1 -1 -1 1 
148 52 Car -1.000000 -1 -1 621.085697297276 177.35575241906886 688.4795385087135 237.4330149848569 -1 -1 -1 -1 -1 -1 -1 -1 1 
148 56 Car -1.000000 -1 -1 852.1325097261256 182.1451612699867 1226.1588425756167 386.72159869912 -1 -1 -1 -1 -1 -1 -1 -1 1 
148 67 Car -1.000000 -1 -1 169.88091026303368 178.51421950333813 350.2999159113077 293.899343494845 -1 -1 -1 -1 -1 -1 -1 -1 1 
148 70 Car -1.000000 -1 -1 541.2838566514703 165.83316323778217 571.6813506287311 194.14924551390703 -1 -1 -1 -1 -1 -1 -1 -1 1 
148 73 Car -1.000000 -1 -1 343.027084453884 185.49718189581517 406.38258408714074 241.6460397806273 -1 -1 -1 -1 -1 -1 -1 -1 1 
149 20 Car -1.000000 -1 -1 -34.06266708070568 201.75413899759508 227.29782440134886 366.58452836965296 -1 -1 -1 -1 -1 -1 -1 -1 1 
149 46 Car -1.000000 -1 -1 697.6660693913557 172.65607575755206 861.4616865325239 293.51234333640275 -1 -1 -1 -1 -1 -1 -1 -1 1 
149 52 Car -1.000000 -1 -1 622.6178224125797 175.38418594241827 693.7701541275803 239.8077728696433 -1 -1 -1 -1 -1 -1 -1 -1 1 
149 56 Car -1.000000 -1 -1 891.8398175161237 200.07814093822 1229.7696026943404 382.4527907221893 -1 -1 -1 -1 -1 -1 -1 -1 1 
149 67 Car -1.000000 -1 -1 153.80957692969326 176.16753705061154 348.8831571859265 301.14846432733265 -1 -1 -1 -1 -1 -1 -1 -1 1 
149 70 Car -1.000000 -1 -1 550.2851341702676 165.28366006488667 580.0457561996263 193.00647585704206 -1 -1 -1 -1 -1 -1 -1 -1 1 
149 73 Car -1.000000 -1 -1 355.98973403149546 185.45041111535048 415.865032164124 237.415256769688 -1 -1 -1 -1 -1 -1 -1 -1 1 
149 81 Car -1.000000 -1 -1 596.957403058167 169.51753835361365 623.655935863335 200.80766437613266 -1 -1 -1 -1 -1 -1 -1 -1 1 
150 20 Car -1.000000 -1 -1 -42.857400049376665 205.67233083599066 215.95624907573165 375.3555919120796 -1 -1 -1 -1 -1 -1 -1 -1 1 
150 46 Car -1.000000 -1 -1 719.083712617736 175.8344214554211 894.5853221597166 302.30677648602136 -1 -1 -1 -1 -1 -1 -1 -1 1 
150 52 Car -1.000000 -1 -1 623.0371683450055 173.37661205470724 684.2774960164159 226.6267888432997 -1 -1 -1 -1 -1 -1 -1 -1 1 
150 56 Car -1.000000 -1 -1 945.7423968887301 226.91213007468568 1232.5855540710395 379.79936142297265 -1 -1 -1 -1 -1 -1 -1 -1 1 
150 67 Car -1.000000 -1 -1 133.78530396982165 177.0476486113012 334.65144117142495 305.5510203335932 -1 -1 -1 -1 -1 -1 -1 -1 1 
150 73 Car -1.000000 -1 -1 360.742052389523 185.53311304609215 422.0284934323299 237.9550733409142 -1 -1 -1 -1 -1 -1 -1 -1 1 
150 81 Car -1.000000 -1 -1 599.7308064348292 170.16283104700946 625.8442081630028 200.37969059735815 -1 -1 -1 -1 -1 -1 -1 -1 1 
150 82 Car -1.000000 -1 -1 659.4410076789247 177.9729888511928 716.0887991729754 247.156453780878 -1 -1 -1 -1 -1 -1 -1 -1 1 
151 20 Car -1.000000 -1 -1 -47.79656954407797 212.94427104993375 187.68220983755901 374.128145310401 -1 -1 -1 -1 -1 -1 -1 -1 1 
151 46 Car -1.000000 -1 -1 732.7050183997458 176.96362101265282 933.0361891586142 320.5584808421127 -1 -1 -1 -1 -1 -1 -1 -1 1 
151 52 Car -1.000000 -1 -1 625.096631191613 173.87615138497085 681.9734721794226 221.83099774290864 -1 -1 -1 -1 -1 -1 -1 -1 1 
151 56 Car -1.000000 -1 -1 963.2224761002228 230.51763189769426 1251.5041177647568 384.17109948149323 -1 -1 -1 -1 -1 -1 -1 -1 1 
151 67 Car -1.000000 -1 -1 105.81352721201483 177.06354831855845 326.92703537189647 317.278740303424 -1 -1 -1 -1 -1 -1 -1 -1 1 
151 73 Car -1.000000 -1 -1 363.28824405224856 186.91291484962267 425.06843257810243 238.5175066400788 -1 -1 -1 -1 -1 -1 -1 -1 1 
151 81 Car -1.000000 -1 -1 602.2427288833994 170.10950533201856 627.5872159446777 199.43662243307583 -1 -1 -1 -1 -1 -1 -1 -1 1 
151 82 Car -1.000000 -1 -1 670.0641928855018 180.88741468566462 723.4204452424204 244.31228998300577 -1 -1 -1 -1 -1 -1 -1 -1 1 
151 84 Car -1.000000 -1 -1 612.1613236500385 174.03213414060426 653.5027746271284 208.3356061945616 -1 -1 -1 -1 -1 -1 -1 -1 1 
151 85 Car -1.000000 -1 -1 326.8787240817429 193.75169389231743 400.48660508705933 257.1739282535798 -1 -1 -1 -1 -1 -1 -1 -1 1 
152 20 Car -1.000000 -1 -1 -55.31595492052676 215.77220680405546 164.87625432395052 374.99589663920267 -1 -1 -1 -1 -1 -1 -1 -1 1 
152 46 Car -1.000000 -1 -1 750.4337546282604 179.36643555665012 975.6015384034979 340.1339146417288 -1 -1 -1 -1 -1 -1 -1 -1 1 
152 52 Car -1.000000 -1 -1 633.4923930130482 177.7276560231989 680.2403522654168 216.7139311325735 -1 -1 -1 -1 -1 -1 -1 -1 1 
152 67 Car -1.000000 -1 -1 57.23399937315335 175.71507603271016 322.9837074269183 343.7360161804911 -1 -1 -1 -1 -1 -1 -1 -1 1 
152 73 Car -1.000000 -1 -1 360.6292289539589 190.1186017043929 427.0879605300805 245.030491878577 -1 -1 -1 -1 -1 -1 -1 -1 1 
152 82 Car -1.000000 -1 -1 663.6332939301632 181.06335429593267 715.8520962298307 241.38863756240892 -1 -1 -1 -1 -1 -1 -1 -1 1 
152 84 Car -1.000000 -1 -1 613.900604740665 175.99844027714323 653.397698085992 208.73066188832155 -1 -1 -1 -1 -1 -1 -1 -1 1 
152 85 Car -1.000000 -1 -1 311.04032965424716 197.6611223113643 393.2940702702215 268.33495956907296 -1 -1 -1 -1 -1 -1 -1 -1 1 
153 20 Car -1.000000 -1 -1 -68.40894753423714 217.41533370408573 154.7229200305545 378.76473780834874 -1 -1 -1 -1 -1 -1 -1 -1 1 
153 46 Car -1.000000 -1 -1 768.8343928863446 175.70355353869692 1032.498293341426 362.7982534983083 -1 -1 -1 -1 -1 -1 -1 -1 1 
153 52 Car -1.000000 -1 -1 633.3852404376953 177.30349768137626 673.5881769832549 210.3256760678998 -1 -1 -1 -1 -1 -1 -1 -1 1 
153 67 Car -1.000000 -1 -1 28.270852216813665 177.6634417663583 309.29430283765157 352.7941919450422 -1 -1 -1 -1 -1 -1 -1 -1 1 
153 73 Car -1.000000 -1 -1 358.91189873495944 190.3190280136081 430.03714899787633 248.620139047706 -1 -1 -1 -1 -1 -1 -1 -1 1 
153 82 Car -1.000000 -1 -1 665.0117636628869 182.51542201831205 714.6188578806707 238.14292201586815 -1 -1 -1 -1 -1 -1 -1 -1 1 
153 84 Car -1.000000 -1 -1 618.1571809662299 177.00454062022246 654.7151008254782 207.21297565331488 -1 -1 -1 -1 -1 -1 -1 -1 1 
153 85 Car -1.000000 -1 -1 300.67771700294736 199.54404761066107 389.4380209239005 275.52257029417103 -1 -1 -1 -1 -1 -1 -1 -1 1 
153 92 Car -1.000000 -1 -1 667.3575762014383 185.76480086195446 795.9591319910005 279.7265029691002 -1 -1 -1 -1 -1 -1 -1 -1 1 
