2 1 Car -1.000000 -1 -1 867.7976530689843 196.41760529392351 1247.5074948594875 374.0426983906867 -1 -1 -1 -1 -1 -1 -1 -1 1 
3 1 Car -1.000000 -1 -1 847.7056825818892 191.4215870640213 1245.0356486938713 377.3365062307355 -1 -1 -1 -1 -1 -1 -1 -1 1 
3 2 Car -1.000000 -1 -1 265.0176382589632 169.63850334953463 334.20995837102237 197.64940121950633 -1 -1 -1 -1 -1 -1 -1 -1 1 
4 1 Car -1.000000 -1 -1 843.1473871634653 198.85003785631986 1232.4126376635627 380.0718606297411 -1 -1 -1 -1 -1 -1 -1 -1 1 
4 2 Car -1.000000 -1 -1 256.49119758279454 168.0325731847 332.8044774929563 199.15426500956698 -1 -1 -1 -1 -1 -1 -1 -1 1 
5 1 Car -1.000000 -1 -1 837.1905191347741 200.79706936899623 1228.0840377777931 381.2562876906592 -1 -1 -1 -1 -1 -1 -1 -1 1 
5 2 Car -1.000000 -1 -1 250.5775078468829 167.4611761319407 329.9780743676383 200.01977193673898 -1 -1 -1 -1 -1 -1 -1 -1 1 
6 1 Car -1.000000 -1 -1 833.8710162954962 196.80261661691736 1227.9236641616021 377.045927207182 -1 -1 -1 -1 -1 -1 -1 -1 1 
6 2 Car -1.000000 -1 -1 241.4659408280688 168.04289731548857 321.76556223057526 201.3590979518977 -1 -1 -1 -1 -1 -1 -1 -1 1 
7 1 Car -1.000000 -1 -1 827.1965172677455 195.4666110490451 1224.9391312385083 376.29003196215695 -1 -1 -1 -1 -1 -1 -1 -1 1 
7 2 Car -1.000000 -1 -1 239.82358294732663 174.42471470784014 309.99913968733017 202.99439229507345 -1 -1 -1 -1 -1 -1 -1 -1 1 
8 1 Car -1.000000 -1 -1 810.6707556367613 194.55864279062203 1210.8108554376063 376.46613378223265 -1 -1 -1 -1 -1 -1 -1 -1 1 
8 2 Car -1.000000 -1 -1 224.72342762480483 175.6135285530272 295.96525305685043 204.82463641901109 -1 -1 -1 -1 -1 -1 -1 -1 1 
9 1 Car -1.000000 -1 -1 790.2176392154241 193.5024710943659 1187.6214742060479 375.1456176879876 -1 -1 -1 -1 -1 -1 -1 -1 1 
9 2 Car -1.000000 -1 -1 212.30217128233974 175.887151892828 283.2599757205727 205.26266775728314 -1 -1 -1 -1 -1 -1 -1 -1 1 
10 1 Car -1.000000 -1 -1 781.0135320025655 195.57218693083894 1154.9606998543973 367.53382803812747 -1 -1 -1 -1 -1 -1 -1 -1 1 
10 2 Car -1.000000 -1 -1 203.82303788498288 176.32669251961644 276.46683143412565 206.40018583603944 -1 -1 -1 -1 -1 -1 -1 -1 1 
11 1 Car -1.000000 -1 -1 772.4592704799547 195.62410520753457 1123.7003966863485 358.3530604399998 -1 -1 -1 -1 -1 -1 -1 -1 1 
12 1 Car -1.000000 -1 -1 771.6309908520954 198.59548067888326 1087.8126545178259 345.5489729195458 -1 -1 -1 -1 -1 -1 -1 -1 1 
13 1 Car -1.000000 -1 -1 771.520933720526 199.48173245257027 1062.2353892443218 334.5574732214092 -1 -1 -1 -1 -1 -1 -1 -1 1 
13 2 Car -1.000000 -1 -1 170.890030689552 176.66122652121004 247.6034708142992 208.11866462330678 -1 -1 -1 -1 -1 -1 -1 -1 1 
14 1 Car -1.000000 -1 -1 766.7748520518755 199.1875465510028 1044.293860786313 327.97605272826513 -1 -1 -1 -1 -1 -1 -1 -1 1 
14 2 Car -1.000000 -1 -1 161.7945759611847 179.64378528045302 238.4885377725136 210.75737591609163 -1 -1 -1 -1 -1 -1 -1 -1 1 
15 1 Car -1.000000 -1 -1 762.9696521897597 196.98173148301507 1028.600490296968 319.40788711623264 -1 -1 -1 -1 -1 -1 -1 -1 1 
15 2 Car -1.000000 -1 -1 145.8585931936367 180.86719074778543 224.42923606986275 213.18741725397712 -1 -1 -1 -1 -1 -1 -1 -1 1 
16 1 Car -1.000000 -1 -1 759.5386636189853 198.89637395053973 1006.7434186096489 311.72924992203957 -1 -1 -1 -1 -1 -1 -1 -1 1 
16 2 Car -1.000000 -1 -1 133.27494199940153 179.13024837280955 221.1438690352066 215.19275793557006 -1 -1 -1 -1 -1 -1 -1 -1 1 
17 1 Car -1.000000 -1 -1 748.4802156904534 196.12491915580745 992.0531582203864 307.7613745350691 -1 -1 -1 -1 -1 -1 -1 -1 1 
17 2 Car -1.000000 -1 -1 119.52830355862616 178.6315232276346 212.4292725978322 216.51625242256813 -1 -1 -1 -1 -1 -1 -1 -1 1 
18 1 Car -1.000000 -1 -1 747.0902491250436 195.2700672045054 978.0792677393271 301.51435341141064 -1 -1 -1 -1 -1 -1 -1 -1 1 
18 2 Car -1.000000 -1 -1 111.30860987382577 179.02745284156876 210.32368234504133 217.83895000153066 -1 -1 -1 -1 -1 -1 -1 -1 1 
19 1 Car -1.000000 -1 -1 738.4319674470479 193.6989866601292 963.9419998622038 298.48032240044716 -1 -1 -1 -1 -1 -1 -1 -1 1 
19 2 Car -1.000000 -1 -1 91.2139269489721 180.6229769293783 193.7645379100498 219.06978985019737 -1 -1 -1 -1 -1 -1 -1 -1 1 
20 1 Car -1.000000 -1 -1 732.9795963551702 193.96535464949505 951.5442434754601 296.3424362529879 -1 -1 -1 -1 -1 -1 -1 -1 1 
20 2 Car -1.000000 -1 -1 75.59212969668648 180.7479628653698 185.35728466383432 220.17931317501223 -1 -1 -1 -1 -1 -1 -1 -1 1 
21 1 Car -1.000000 -1 -1 728.956214555977 191.39614794159806 939.2257938624368 290.4680465461668 -1 -1 -1 -1 -1 -1 -1 -1 1 
21 2 Car -1.000000 -1 -1 52.92671368248369 181.52089219674593 173.13673344123953 223.35742849794948 -1 -1 -1 -1 -1 -1 -1 -1 1 
22 1 Car -1.000000 -1 -1 724.8032727424218 190.48460327429035 926.373766732381 286.44877877079676 -1 -1 -1 -1 -1 -1 -1 -1 1 
22 2 Car -1.000000 -1 -1 33.10208667058112 184.7066854520334 157.60112597220123 226.3274484530473 -1 -1 -1 -1 -1 -1 -1 -1 1 
23 1 Car -1.000000 -1 -1 723.4837223416034 191.75224750627376 912.6089680273402 282.8644266241913 -1 -1 -1 -1 -1 -1 -1 -1 1 
23 2 Car -1.000000 -1 -1 -2.969959810851279 187.4722541837757 119.2911400929868 229.5053731359423 -1 -1 -1 -1 -1 -1 -1 -1 1 
24 1 Car -1.000000 -1 -1 724.769090783771 191.41414240249262 901.5871724805671 277.55429279813575 -1 -1 -1 -1 -1 -1 -1 -1 1 
24 2 Car -1.000000 -1 -1 -10.738198321373432 185.84518659264245 113.82296609168748 229.38662139355813 -1 -1 -1 -1 -1 -1 -1 -1 1 
25 1 Car -1.000000 -1 -1 716.8362709668323 189.65499687111952 890.9711647697486 275.11263466801955 -1 -1 -1 -1 -1 -1 -1 -1 1 
25 2 Car -1.000000 -1 -1 -2.7642280096838263 184.58854178849327 118.72950723864577 226.22252663257763 -1 -1 -1 -1 -1 -1 -1 -1 1 
25 7 Car -1.000000 -1 -1 1106.613246876464 232.4267522018212 1230.0110078295363 373.0706611531965 -1 -1 -1 -1 -1 -1 -1 -1 1 
26 1 Car -1.000000 -1 -1 715.0808779269529 191.73228240879214 876.0479335744129 270.7787400141915 -1 -1 -1 -1 -1 -1 -1 -1 1 
26 2 Car -1.000000 -1 -1 -4.461087152691711 183.08809786715244 119.20648376744518 225.75328512735527 -1 -1 -1 -1 -1 -1 -1 -1 1 
26 7 Car -1.000000 -1 -1 1071.9069009863736 202.1994162008508 1222.8461494753676 371.93853790908224 -1 -1 -1 -1 -1 -1 -1 -1 1 
27 1 Car -1.000000 -1 -1 712.0814759171536 193.08018871046005 865.2146416179733 268.42326948265634 -1 -1 -1 -1 -1 -1 -1 -1 1 
27 2 Car -1.000000 -1 -1 -14.103378576703399 181.94682040714696 115.05830968718729 227.79541680537685 -1 -1 -1 -1 -1 -1 -1 -1 1 
27 7 Car -1.000000 -1 -1 1035.1714259582118 176.44653758357674 1215.1991268728257 376.2870183933634 -1 -1 -1 -1 -1 -1 -1 -1 1 
28 1 Car -1.000000 -1 -1 707.7322331094904 194.72462391675492 852.8813383667737 266.42402944008086 -1 -1 -1 -1 -1 -1 -1 -1 1 
28 2 Car -1.000000 -1 -1 -25.918716322625585 183.15017406880068 101.74185022854633 230.55375545137662 -1 -1 -1 -1 -1 -1 -1 -1 1 
28 7 Car -1.000000 -1 -1 1015.2809244766702 166.78539065682065 1210.143570816869 379.0366330327456 -1 -1 -1 -1 -1 -1 -1 -1 1 
29 1 Car -1.000000 -1 -1 698.0464016886465 191.11060783266777 846.2785439642324 265.54072968709556 -1 -1 -1 -1 -1 -1 -1 -1 1 
29 2 Car -1.000000 -1 -1 -40.79155701410326 180.7834417496082 92.33648009652711 233.46392207995942 -1 -1 -1 -1 -1 -1 -1 -1 1 
29 7 Car -1.000000 -1 -1 1001.1249869841702 165.6333661739473 1202.7337403376239 379.500991572741 -1 -1 -1 -1 -1 -1 -1 -1 1 
30 1 Car -1.000000 -1 -1 693.2520715052822 189.30492275607386 839.23273124732 263.9242761636869 -1 -1 -1 -1 -1 -1 -1 -1 1 
30 2 Car -1.000000 -1 -1 -52.82723176300711 180.7830488752601 83.84613660192178 234.86650289533557 -1 -1 -1 -1 -1 -1 -1 -1 1 
30 7 Car -1.000000 -1 -1 988.5079712956457 164.44775983236502 1196.8264308189669 378.48136810685696 -1 -1 -1 -1 -1 -1 -1 -1 1 
31 1 Car -1.000000 -1 -1 688.0803730408742 188.0076116760234 826.6485281514291 259.67176529083855 -1 -1 -1 -1 -1 -1 -1 -1 1 
31 7 Car -1.000000 -1 -1 979.6966523315008 165.2881833719399 1192.969892050776 376.4022014391993 -1 -1 -1 -1 -1 -1 -1 -1 1 
32 1 Car -1.000000 -1 -1 685.4888909572749 188.47284608332305 813.2725865935433 255.08914561004497 -1 -1 -1 -1 -1 -1 -1 -1 1 
32 7 Car -1.000000 -1 -1 969.9657418446726 166.97756687623982 1190.909828914377 375.9064307062431 -1 -1 -1 -1 -1 -1 -1 -1 1 
33 1 Car -1.000000 -1 -1 680.8891778230578 188.08594865919798 802.9285153154348 251.80686710805392 -1 -1 -1 -1 -1 -1 -1 -1 1 
33 7 Car -1.000000 -1 -1 955.2180252397715 169.399569854182 1183.7211097948432 373.6001900078253 -1 -1 -1 -1 -1 -1 -1 -1 1 
34 1 Car -1.000000 -1 -1 676.2810376298086 188.62997237803444 793.5069684274711 250.2392860166215 -1 -1 -1 -1 -1 -1 -1 -1 1 
34 7 Car -1.000000 -1 -1 940.9400724631371 173.95955845945468 1177.2246161023768 372.59999808495957 -1 -1 -1 -1 -1 -1 -1 -1 1 
35 1 Car -1.000000 -1 -1 664.9218624024907 185.6865893459289 785.0653405351349 250.1662737405527 -1 -1 -1 -1 -1 -1 -1 -1 1 
35 7 Car -1.000000 -1 -1 917.2992515586566 171.61004223780122 1172.8982751851117 377.1111353160937 -1 -1 -1 -1 -1 -1 -1 -1 1 
36 1 Car -1.000000 -1 -1 656.3044106552899 185.7192444339751 772.9043287512503 248.85238593152206 -1 -1 -1 -1 -1 -1 -1 -1 1 
36 7 Car -1.000000 -1 -1 901.6676852684599 173.2590447627852 1171.4234350952588 377.34735257713464 -1 -1 -1 -1 -1 -1 -1 -1 1 
37 1 Car -1.000000 -1 -1 646.1872720585379 182.49574640880954 761.4636886970329 245.954941868747 -1 -1 -1 -1 -1 -1 -1 -1 1 
37 7 Car -1.000000 -1 -1 883.9601480127095 172.37374335472322 1170.509728522178 378.4138339748048 -1 -1 -1 -1 -1 -1 -1 -1 1 
38 1 Car -1.000000 -1 -1 641.5990032507068 183.0079783299255 748.5560476598018 242.7802689505183 -1 -1 -1 -1 -1 -1 -1 -1 1 
38 7 Car -1.000000 -1 -1 860.7342549006352 170.22164231585566 1162.1291976683483 379.06756633774944 -1 -1 -1 -1 -1 -1 -1 -1 1 
39 1 Car -1.000000 -1 -1 636.8196822014543 182.861223075772 738.5521799722654 240.87095091208664 -1 -1 -1 -1 -1 -1 -1 -1 1 
39 7 Car -1.000000 -1 -1 826.2831975632328 172.54671501083166 1130.8671341120817 377.1027452766324 -1 -1 -1 -1 -1 -1 -1 -1 1 
40 1 Car -1.000000 -1 -1 631.3896612946895 182.00437679525433 729.2613407832314 239.2000665248226 -1 -1 -1 -1 -1 -1 -1 -1 1 
40 7 Car -1.000000 -1 -1 794.8807808524028 173.63988546248726 1099.1297067152686 374.54891317035185 -1 -1 -1 -1 -1 -1 -1 -1 1 
41 1 Car -1.000000 -1 -1 622.2187253367049 183.63086381891176 714.3733089541697 237.75094860987727 -1 -1 -1 -1 -1 -1 -1 -1 1 
41 7 Car -1.000000 -1 -1 769.0915984619991 174.23220723321907 1070.6201045458847 371.8944930825787 -1 -1 -1 -1 -1 -1 -1 -1 1 
42 1 Car -1.000000 -1 -1 616.288432764432 184.3045000923417 705.4852271244748 237.38055467679976 -1 -1 -1 -1 -1 -1 -1 -1 1 
42 7 Car -1.000000 -1 -1 748.6718992656195 176.6391129864533 1036.7499448690537 362.4513529403478 -1 -1 -1 -1 -1 -1 -1 -1 1 
43 1 Car -1.000000 -1 -1 609.5040088268972 183.99165923011176 698.0978005569858 237.62909939376485 -1 -1 -1 -1 -1 -1 -1 -1 1 
43 7 Car -1.000000 -1 -1 721.645166169714 178.17114245602275 993.9555121920548 352.2321654634835 -1 -1 -1 -1 -1 -1 -1 -1 1 
44 1 Car -1.000000 -1 -1 604.7980315730533 183.48825779023412 691.4985673433544 236.56527731927667 -1 -1 -1 -1 -1 -1 -1 -1 1 
44 7 Car -1.000000 -1 -1 704.5243604386478 174.6772425981448 963.3649840837327 340.0376429940669 -1 -1 -1 -1 -1 -1 -1 -1 1 
45 1 Car -1.000000 -1 -1 598.347288358859 182.03681020065346 684.269928384887 235.1280465984757 -1 -1 -1 -1 -1 -1 -1 -1 1 
45 7 Car -1.000000 -1 -1 696.8754172085637 177.72373966644057 936.236069397946 331.1747791287273 -1 -1 -1 -1 -1 -1 -1 -1 1 
46 1 Car -1.000000 -1 -1 594.1004332258332 183.0244597716246 675.7319603248508 233.4818242534 -1 -1 -1 -1 -1 -1 -1 -1 1 
46 7 Car -1.000000 -1 -1 678.9589976094309 177.7614850904627 905.8293099704256 323.77709934427935 -1 -1 -1 -1 -1 -1 -1 -1 1 
47 1 Car -1.000000 -1 -1 589.7596340918698 186.90538765897412 665.0686556414502 233.57673414443178 -1 -1 -1 -1 -1 -1 -1 -1 1 
47 7 Car -1.000000 -1 -1 667.829497658069 181.94961858819164 877.5609208402022 316.945609715782 -1 -1 -1 -1 -1 -1 -1 -1 1 
48 1 Car -1.000000 -1 -1 581.0637789249919 188.72167385876404 654.1623741937972 233.7436019490051 -1 -1 -1 -1 -1 -1 -1 -1 1 
48 7 Car -1.000000 -1 -1 654.4225519891572 183.79721311184022 853.7346826507412 312.9464701647139 -1 -1 -1 -1 -1 -1 -1 -1 1 
49 1 Car -1.000000 -1 -1 572.9938723905881 186.2385036512661 648.6575263436619 233.08882355343607 -1 -1 -1 -1 -1 -1 -1 -1 1 
49 7 Car -1.000000 -1 -1 641.8008013804673 179.7803118487621 835.7507794473314 306.20110775386604 -1 -1 -1 -1 -1 -1 -1 -1 1 
50 1 Car -1.000000 -1 -1 569.5728108485598 184.96431620725667 643.5568134276173 230.72545500261648 -1 -1 -1 -1 -1 -1 -1 -1 1 
50 7 Car -1.000000 -1 -1 636.2790211499516 179.86708173334864 815.536556506708 297.73223734897755 -1 -1 -1 -1 -1 -1 -1 -1 1 
51 1 Car -1.000000 -1 -1 568.8007499518847 184.5050474028682 639.181057512697 227.78396757254302 -1 -1 -1 -1 -1 -1 -1 -1 1 
51 7 Car -1.000000 -1 -1 634.9977380787582 180.9776785095616 798.3677818980218 289.3357611362265 -1 -1 -1 -1 -1 -1 -1 -1 1 
52 1 Car -1.000000 -1 -1 567.093508336855 183.7030456033166 635.9184623247183 225.67573000847295 -1 -1 -1 -1 -1 -1 -1 -1 1 
52 7 Car -1.000000 -1 -1 621.9333949209589 174.88645752625905 780.8844475715365 281.7510286255367 -1 -1 -1 -1 -1 -1 -1 -1 1 
53 1 Car -1.000000 -1 -1 566.9178280925864 183.10361305134205 635.8270810886014 224.98263320019237 -1 -1 -1 -1 -1 -1 -1 -1 1 
53 7 Car -1.000000 -1 -1 612.4878105949173 172.86863392443576 766.8744271020577 278.61149871073405 -1 -1 -1 -1 -1 -1 -1 -1 1 
54 1 Car -1.000000 -1 -1 562.1734166801707 176.64250899711317 638.539985558054 223.5485331840642 -1 -1 -1 -1 -1 -1 -1 -1 1 
54 7 Car -1.000000 -1 -1 606.7043042976609 175.60608260903564 749.0342982681124 274.05656207693295 -1 -1 -1 -1 -1 -1 -1 -1 1 
55 1 Car -1.000000 -1 -1 559.1659582002394 182.75708429165073 624.3077489401433 223.27072168422185 -1 -1 -1 -1 -1 -1 -1 -1 1 
55 7 Car -1.000000 -1 -1 603.7433267691739 181.11303485820034 740.2487898330342 276.8329434290268 -1 -1 -1 -1 -1 -1 -1 -1 1 
56 1 Car -1.000000 -1 -1 556.9342982116545 185.23840076404161 617.3831441554181 223.40016338441703 -1 -1 -1 -1 -1 -1 -1 -1 1 
56 7 Car -1.000000 -1 -1 593.0071465522838 181.1779938831772 723.140013591238 272.4292078704451 -1 -1 -1 -1 -1 -1 -1 -1 1 
57 1 Car -1.000000 -1 -1 554.4154551194357 186.93803268031348 611.4902002433228 223.37611226230356 -1 -1 -1 -1 -1 -1 -1 -1 1 
58 1 Car -1.000000 -1 -1 550.9164175418912 186.72891531420828 608.0766955972939 223.59072852050411 -1 -1 -1 -1 -1 -1 -1 -1 1 
59 1 Car -1.000000 -1 -1 550.8157297645464 187.2767482202156 604.5821432161531 222.1334132191965 -1 -1 -1 -1 -1 -1 -1 -1 1 
59 7 Car -1.000000 -1 -1 590.8239348008258 175.1078226886534 693.5464934997362 247.32587110160205 -1 -1 -1 -1 -1 -1 -1 -1 1 
59 8 Car -1.000000 -1 -1 224.3688249447103 181.17893355095833 272.4259903367294 201.65300757481566 -1 -1 -1 -1 -1 -1 -1 -1 1 
60 1 Car -1.000000 -1 -1 551.4435248493196 188.4847600167658 602.1219365926045 221.50619717903004 -1 -1 -1 -1 -1 -1 -1 -1 1 
60 7 Car -1.000000 -1 -1 579.3794240312278 175.84697902031309 698.3798324784425 262.30335690762263 -1 -1 -1 -1 -1 -1 -1 -1 1 
60 8 Car -1.000000 -1 -1 221.40868370147118 180.865634334291 269.79039452924303 201.52146338518358 -1 -1 -1 -1 -1 -1 -1 -1 1 
61 1 Car -1.000000 -1 -1 550.0822179730548 187.71231840432483 602.4020671238615 222.08616922624134 -1 -1 -1 -1 -1 -1 -1 -1 1 
61 7 Car -1.000000 -1 -1 584.7719485231132 177.1806451787078 682.4766638551924 247.77238172056127 -1 -1 -1 -1 -1 -1 -1 -1 1 
61 8 Car -1.000000 -1 -1 213.21493573035832 180.96150523618195 262.6405492529045 202.09340988870792 -1 -1 -1 -1 -1 -1 -1 -1 1 
62 1 Car -1.000000 -1 -1 546.7606118153526 189.75207818675216 593.1793837836922 220.55725212507627 -1 -1 -1 -1 -1 -1 -1 -1 1 
62 7 Car -1.000000 -1 -1 582.4600990098824 176.4555317781182 679.0064122025144 247.0340200658722 -1 -1 -1 -1 -1 -1 -1 -1 1 
62 8 Car -1.000000 -1 -1 208.04874038674023 179.57041353298513 259.33305207169974 201.58212067969077 -1 -1 -1 -1 -1 -1 -1 -1 1 
63 1 Car -1.000000 -1 -1 543.1359074785474 190.92931306372458 585.9052190636385 219.51240940192406 -1 -1 -1 -1 -1 -1 -1 -1 1 
63 7 Car -1.000000 -1 -1 576.6507085979486 176.1439358348725 668.5151351822593 243.29979702187342 -1 -1 -1 -1 -1 -1 -1 -1 1 
63 8 Car -1.000000 -1 -1 201.4798430906958 179.2115184737196 253.68997794574173 201.7174091224648 -1 -1 -1 -1 -1 -1 -1 -1 1 
64 1 Car -1.000000 -1 -1 541.368026632607 190.93879874662318 583.3393310501992 219.19682843447836 -1 -1 -1 -1 -1 -1 -1 -1 1 
64 8 Car -1.000000 -1 -1 194.1215001770159 178.95871860666634 247.8450370437735 202.09273111752788 -1 -1 -1 -1 -1 -1 -1 -1 1 
65 1 Car -1.000000 -1 -1 538.5642915893088 191.80857794154917 579.5163638529017 219.5775272513858 -1 -1 -1 -1 -1 -1 -1 -1 1 
65 8 Car -1.000000 -1 -1 184.2475083203861 179.7570018577546 240.20204500108912 203.9705431440872 -1 -1 -1 -1 -1 -1 -1 -1 1 
66 1 Car -1.000000 -1 -1 535.6902053308249 192.34798260459968 575.0001570976555 219.0038089755081 -1 -1 -1 -1 -1 -1 -1 -1 1 
66 8 Car -1.000000 -1 -1 176.32458716900257 182.77006031854398 234.11267703904383 207.75685886037786 -1 -1 -1 -1 -1 -1 -1 -1 1 
67 8 Car -1.000000 -1 -1 169.5263064512721 185.73175922428905 227.3471934727679 210.67917911572158 -1 -1 -1 -1 -1 -1 -1 -1 1 
68 8 Car -1.000000 -1 -1 159.04708148626253 185.20319740470336 218.37256221379621 210.68171181967722 -1 -1 -1 -1 -1 -1 -1 -1 1 
69 8 Car -1.000000 -1 -1 149.09948229596307 182.17549659235996 208.2164628871614 207.52000536824474 -1 -1 -1 -1 -1 -1 -1 -1 1 
70 7 Car -1.000000 -1 -1 548.4992788031805 172.29609645596378 637.2530231951243 238.3199638765316 -1 -1 -1 -1 -1 -1 -1 -1 1 
70 8 Car -1.000000 -1 -1 134.90702100802432 179.3545903009303 195.00393426537988 205.29339839179943 -1 -1 -1 -1 -1 -1 -1 -1 1 
71 7 Car -1.000000 -1 -1 549.7909826141133 169.54094579759135 633.2017182048627 232.54656394414292 -1 -1 -1 -1 -1 -1 -1 -1 1 
71 8 Car -1.000000 -1 -1 120.10127537062546 178.0011365498167 182.0761181671913 205.02131960774275 -1 -1 -1 -1 -1 -1 -1 -1 1 
72 7 Car -1.000000 -1 -1 548.8331289540298 174.0998619218415 629.45662750348 235.613775902204 -1 -1 -1 -1 -1 -1 -1 -1 1 
72 8 Car -1.000000 -1 -1 111.59519247617399 177.59890801758863 174.73697515427804 205.1278643938018 -1 -1 -1 -1 -1 -1 -1 -1 1 
73 7 Car -1.000000 -1 -1 547.5776069131157 176.95358057081805 626.5006062111471 238.33498717808558 -1 -1 -1 -1 -1 -1 -1 -1 1 
74 7 Car -1.000000 -1 -1 548.3755295648862 179.50757538220006 623.8304435834264 238.82079383117187 -1 -1 -1 -1 -1 -1 -1 -1 1 
75 7 Car -1.000000 -1 -1 548.83285493025 180.37321713211333 621.8666864190664 237.62095169589702 -1 -1 -1 -1 -1 -1 -1 -1 1 
76 7 Car -1.000000 -1 -1 548.3115678413512 180.53122702670737 619.4772890803397 236.4083998056853 -1 -1 -1 -1 -1 -1 -1 -1 1 
76 12 Car -1.000000 -1 -1 57.405448596474734 175.77853010863112 147.85430151700984 210.77470789981487 -1 -1 -1 -1 -1 -1 -1 -1 1 
77 7 Car -1.000000 -1 -1 547.1441650797829 179.0665401027432 619.392643452784 236.390563413554 -1 -1 -1 -1 -1 -1 -1 -1 1 
77 12 Car -1.000000 -1 -1 44.538957194846105 176.33858346950802 133.72515068433216 210.6074466179955 -1 -1 -1 -1 -1 -1 -1 -1 1 
77 13 Car -1.000000 -1 -1 254.97487706650972 169.43080872951248 305.9417619502329 197.32695778729416 -1 -1 -1 -1 -1 -1 -1 -1 1 
78 7 Car -1.000000 -1 -1 549.3702838675899 180.51213580943266 619.1972822447115 235.39798091469484 -1 -1 -1 -1 -1 -1 -1 -1 1 
78 12 Car -1.000000 -1 -1 26.06375692184715 177.85968350701756 117.33187590208772 212.6546632740896 -1 -1 -1 -1 -1 -1 -1 -1 1 
78 13 Car -1.000000 -1 -1 249.0677336165082 169.85463453136478 299.7985681682434 197.62158403837162 -1 -1 -1 -1 -1 -1 -1 -1 1 
79 7 Car -1.000000 -1 -1 550.0425163128115 181.32155314704193 618.5862618338949 235.20778380789025 -1 -1 -1 -1 -1 -1 -1 -1 1 
79 12 Car -1.000000 -1 -1 10.610173685295756 175.9100256376794 107.2736694101028 212.53752347822342 -1 -1 -1 -1 -1 -1 -1 -1 1 
80 7 Car -1.000000 -1 -1 549.5075968858696 179.77902721479686 619.0536365168292 233.99677804171534 -1 -1 -1 -1 -1 -1 -1 -1 1 
80 12 Car -1.000000 -1 -1 1.1670053046860929 175.4618375573332 100.09729046703654 212.85478796742967 -1 -1 -1 -1 -1 -1 -1 -1 1 
81 7 Car -1.000000 -1 -1 548.4622299585413 178.73977319321898 619.6079536667404 234.18757630567933 -1 -1 -1 -1 -1 -1 -1 -1 1 
81 12 Car -1.000000 -1 -1 -9.969930742830279 174.60881483416634 92.14912314061584 213.77217341275914 -1 -1 -1 -1 -1 -1 -1 -1 1 
81 14 Car -1.000000 -1 -1 187.60306880102775 157.03596152088454 260.3576276557312 202.12132058629123 -1 -1 -1 -1 -1 -1 -1 -1 1 
82 7 Car -1.000000 -1 -1 548.8820907357576 179.30606372258995 620.9546218153931 235.53193173511465 -1 -1 -1 -1 -1 -1 -1 -1 1 
82 12 Car -1.000000 -1 -1 -15.345936504042179 174.937120269006 81.8656790355949 212.945956755041 -1 -1 -1 -1 -1 -1 -1 -1 1 
82 14 Car -1.000000 -1 -1 161.8693672095298 156.25864024566204 241.6711299063628 205.50106774843175 -1 -1 -1 -1 -1 -1 -1 -1 1 
83 7 Car -1.000000 -1 -1 551.6765303610822 180.36957428964 622.5278732237925 235.07171756881428 -1 -1 -1 -1 -1 -1 -1 -1 1 
83 12 Car -1.000000 -1 -1 -27.60053587209999 174.013553179303 76.79353217952982 216.42442158172798 -1 -1 -1 -1 -1 -1 -1 -1 1 
83 14 Car -1.000000 -1 -1 132.0243137161958 155.35468652005602 219.32380565295125 208.8998006249477 -1 -1 -1 -1 -1 -1 -1 -1 1 
84 7 Car -1.000000 -1 -1 553.4549276658115 181.17438017306222 620.0301485336365 232.18053197424712 -1 -1 -1 -1 -1 -1 -1 -1 1 
84 12 Car -1.000000 -1 -1 -33.86046401422118 172.49490547784504 65.84488746797219 215.1276175340769 -1 -1 -1 -1 -1 -1 -1 -1 1 
84 14 Car -1.000000 -1 -1 101.99677468556352 152.18428123105502 199.36922291700955 211.37622285220024 -1 -1 -1 -1 -1 -1 -1 -1 1 
85 7 Car -1.000000 -1 -1 551.8902221877545 180.98180409100158 616.2885434576295 230.10887737272614 -1 -1 -1 -1 -1 -1 -1 -1 1 
85 12 Car -1.000000 -1 -1 -44.78805146443854 171.91924332448588 57.29182256369634 215.56729574356635 -1 -1 -1 -1 -1 -1 -1 -1 1 
85 14 Car -1.000000 -1 -1 61.71581122619084 149.08391752544125 168.9406790087089 212.6382518299322 -1 -1 -1 -1 -1 -1 -1 -1 1 
86 7 Car -1.000000 -1 -1 551.4285251686113 181.19629701010624 614.3346562687626 229.18508223834522 -1 -1 -1 -1 -1 -1 -1 -1 1 
86 14 Car -1.000000 -1 -1 20.852713425269968 145.51733789777364 141.07434473188536 215.77668988448332 -1 -1 -1 -1 -1 -1 -1 -1 1 
87 14 Car -1.000000 -1 -1 -12.275715888354853 140.3195374618841 119.31318700966932 218.4032619776964 -1 -1 -1 -1 -1 -1 -1 -1 1 
88 14 Car -1.000000 -1 -1 -36.52971020297048 137.48152712344697 97.17830111265681 220.35517562667425 -1 -1 -1 -1 -1 -1 -1 -1 1 
94 7 Car -1.000000 -1 -1 555.8460484323549 176.2305909343674 617.3546373893803 222.73693326493142 -1 -1 -1 -1 -1 -1 -1 -1 1 
94 14 Car -1.000000 -1 -1 -62.98515423230876 135.34732265602 77.5759929364846 222.46862628573135 -1 -1 -1 -1 -1 -1 -1 -1 1 
95 7 Car -1.000000 -1 -1 558.1190568208983 176.09213511789744 619.353602222837 221.72333203224272 -1 -1 -1 -1 -1 -1 -1 -1 1 
96 7 Car -1.000000 -1 -1 558.0843160453869 174.75403501923608 620.7990096174494 221.852033652329 -1 -1 -1 -1 -1 -1 -1 -1 1 
97 7 Car -1.000000 -1 -1 562.155037670407 175.91474114401734 618.4852866650141 218.8058367723782 -1 -1 -1 -1 -1 -1 -1 -1 1 
98 7 Car -1.000000 -1 -1 566.7247079921999 183.84758732131948 615.0200199467049 219.6066892339139 -1 -1 -1 -1 -1 -1 -1 -1 1 
99 7 Car -1.000000 -1 -1 564.3529597488949 182.52019624095848 621.4469005981293 223.78684392116253 -1 -1 -1 -1 -1 -1 -1 -1 1 
100 7 Car -1.000000 -1 -1 567.053849817644 186.2992379483814 617.6206768339854 222.68255680633442 -1 -1 -1 -1 -1 -1 -1 -1 1 
100 17 Car -1.000000 -1 -1 269.82399940397255 173.0400321533834 315.62844488433876 193.05550348515698 -1 -1 -1 -1 -1 -1 -1 -1 1 
101 7 Car -1.000000 -1 -1 568.241091029305 187.1865912395498 617.0364330254469 222.295225991328 -1 -1 -1 -1 -1 -1 -1 -1 1 
101 17 Car -1.000000 -1 -1 259.28100462905513 173.23964092062172 306.4850413846641 193.89822517242308 -1 -1 -1 -1 -1 -1 -1 -1 1 
102 17 Car -1.000000 -1 -1 248.88829891273986 174.19379019946612 297.82960314594425 195.66505519306168 -1 -1 -1 -1 -1 -1 -1 -1 1 
105 17 Car -1.000000 -1 -1 242.16421750356912 175.1035092390291 292.1674495539145 197.04065743258448 -1 -1 -1 -1 -1 -1 -1 -1 1 
112 20 Car -1.000000 -1 -1 148.3542978963088 176.14006291841605 212.52570829886537 204.47902914017223 -1 -1 -1 -1 -1 -1 -1 -1 1 
113 20 Car -1.000000 -1 -1 129.98664669582337 177.7609425650955 199.10291077197869 207.97494820203607 -1 -1 -1 -1 -1 -1 -1 -1 1 
114 20 Car -1.000000 -1 -1 112.90568750339446 179.42819801268217 187.1324601295978 211.3692427235416 -1 -1 -1 -1 -1 -1 -1 -1 1 
114 21 Car -1.000000 -1 -1 185.97813884578323 181.09429733168074 236.50794931531638 205.27021878902212 -1 -1 -1 -1 -1 -1 -1 -1 1 
115 7 Car -1.000000 -1 -1 575.9962460936981 181.90636922550664 626.0737356511559 218.92872419354933 -1 -1 -1 -1 -1 -1 -1 -1 1 
115 20 Car -1.000000 -1 -1 110.62618110458189 177.62010873072546 192.50517206898095 211.3883148245365 -1 -1 -1 -1 -1 -1 -1 -1 1 
115 21 Car -1.000000 -1 -1 177.5273252650882 180.5947310100728 232.38372852683418 206.89321495070385 -1 -1 -1 -1 -1 -1 -1 -1 1 
116 7 Car -1.000000 -1 -1 576.9739755462491 181.75120888490738 626.7069406906937 218.51883568504132 -1 -1 -1 -1 -1 -1 -1 -1 1 
116 20 Car -1.000000 -1 -1 82.75685354573704 176.0892873257726 170.22426432411066 211.89796424874334 -1 -1 -1 -1 -1 -1 -1 -1 1 
116 21 Car -1.000000 -1 -1 158.94513715471817 180.34847535728244 211.44381084717804 205.3999959879536 -1 -1 -1 -1 -1 -1 -1 -1 1 
117 20 Car -1.000000 -1 -1 69.23208434570401 174.39401595701244 163.3337703352965 211.20861286926586 -1 -1 -1 -1 -1 -1 -1 -1 1 
117 21 Car -1.000000 -1 -1 148.4924902184137 180.5510653820019 201.42815234793062 205.81110965959834 -1 -1 -1 -1 -1 -1 -1 -1 1 
118 20 Car -1.000000 -1 -1 56.9073138114994 174.39973065434447 154.27041882963715 212.4902515783637 -1 -1 -1 -1 -1 -1 -1 -1 1 
119 24 Car -1.000000 -1 -1 15.989924884393602 177.58553063866464 130.02017487655263 214.89389582662764 -1 -1 -1 -1 -1 -1 -1 -1 1 
120 24 Car -1.000000 -1 -1 17.262981923983297 179.9603725594963 135.98716310063767 218.47429595656686 -1 -1 -1 -1 -1 -1 -1 -1 1 
121 24 Car -1.000000 -1 -1 -13.496082429266004 182.64796342661964 110.54904833069736 223.69985330475927 -1 -1 -1 -1 -1 -1 -1 -1 1 
122 24 Car -1.000000 -1 -1 -23.391624174775956 184.36942462680312 104.78022146711055 226.78702350872211 -1 -1 -1 -1 -1 -1 -1 -1 1 
123 26 Car -1.000000 -1 -1 127.071906107274 182.29230910163017 191.56128821228742 209.54024573467498 -1 -1 -1 -1 -1 -1 -1 -1 1 
123 27 Car -1.000000 -1 -1 362.89079619105615 179.17647998227693 392.0432535960969 194.40564979484304 -1 -1 -1 -1 -1 -1 -1 -1 1 
124 7 Car -1.000000 -1 -1 578.5556977845678 179.5033287997017 625.3090166037061 215.6131354107466 -1 -1 -1 -1 -1 -1 -1 -1 1 
124 26 Car -1.000000 -1 -1 107.25717265370179 179.29335812350254 179.08690832294593 209.4581772684292 -1 -1 -1 -1 -1 -1 -1 -1 1 
124 27 Car -1.000000 -1 -1 361.2361050806503 178.64832349788486 389.2315374952648 193.30286317663524 -1 -1 -1 -1 -1 -1 -1 -1 1 
125 7 Car -1.000000 -1 -1 583.063276488744 187.33494816628587 620.6325656062669 215.71326163214255 -1 -1 -1 -1 -1 -1 -1 -1 1 
125 26 Car -1.000000 -1 -1 88.35608789578384 180.2339469642279 163.00988755180018 211.3225991410359 -1 -1 -1 -1 -1 -1 -1 -1 1 
125 27 Car -1.000000 -1 -1 357.7240854090667 178.80710053624884 386.1981196312094 193.67575907002828 -1 -1 -1 -1 -1 -1 -1 -1 1 
125 29 Car -1.000000 -1 -1 -2.4233674819491355 178.41710964513706 78.46085454692653 219.52822880636324 -1 -1 -1 -1 -1 -1 -1 -1 1 
126 7 Car -1.000000 -1 -1 582.2505793165379 186.2348090748977 619.8385972760542 214.45846969767584 -1 -1 -1 -1 -1 -1 -1 -1 1 
126 26 Car -1.000000 -1 -1 68.51774062006987 182.09103378558402 142.84544747803096 212.41514664172675 -1 -1 -1 -1 -1 -1 -1 -1 1 
126 27 Car -1.000000 -1 -1 355.0779743974061 178.00220527649913 384.45750704232023 193.34369986507056 -1 -1 -1 -1 -1 -1 -1 -1 1 
126 29 Car -1.000000 -1 -1 -20.626367939817236 176.17483728114726 68.05722102707591 222.0107825985062 -1 -1 -1 -1 -1 -1 -1 -1 1 
127 7 Car -1.000000 -1 -1 582.7213412230016 186.08138198980387 619.3086520241308 213.044366582936 -1 -1 -1 -1 -1 -1 -1 -1 1 
127 26 Car -1.000000 -1 -1 41.129905306355795 182.37721603347185 120.59507644745452 214.26728024291202 -1 -1 -1 -1 -1 -1 -1 -1 1 
127 29 Car -1.000000 -1 -1 -36.31632272932296 174.89870528344883 58.226379609000276 223.76292360141406 -1 -1 -1 -1 -1 -1 -1 -1 1 
128 7 Car -1.000000 -1 -1 582.0583924404295 184.65156030276717 620.4064229296598 212.55292154104743 -1 -1 -1 -1 -1 -1 -1 -1 1 
128 26 Car -1.000000 -1 -1 12.112292966755007 179.52367486786125 108.42901474773915 218.38373856701838 -1 -1 -1 -1 -1 -1 -1 -1 1 
128 31 Car -1.000000 -1 -1 589.8955716198562 177.11350051613746 619.6978137484379 191.54804052959912 -1 -1 -1 -1 -1 -1 -1 -1 1 
129 7 Car -1.000000 -1 -1 581.7508522408814 183.3878238361542 620.8205504881489 211.45309914591735 -1 -1 -1 -1 -1 -1 -1 -1 1 
129 26 Car -1.000000 -1 -1 -5.040189644055637 179.1589625730918 92.92748980781954 218.9046767508324 -1 -1 -1 -1 -1 -1 -1 -1 1 
129 31 Car -1.000000 -1 -1 589.032648843357 176.31841717630812 620.8853360996425 191.7460781967214 -1 -1 -1 -1 -1 -1 -1 -1 1 
129 32 Car -1.000000 -1 -1 458.41678983629834 174.4461018278813 486.94752481791403 185.36853991391004 -1 -1 -1 -1 -1 -1 -1 -1 1 
130 7 Car -1.000000 -1 -1 581.8426904309991 181.87822083951946 622.9702645629412 211.42137314429274 -1 -1 -1 -1 -1 -1 -1 -1 1 
130 26 Car -1.000000 -1 -1 -14.681835179265029 178.53838473718653 85.11840411095136 219.9972936540259 -1 -1 -1 -1 -1 -1 -1 -1 1 
130 32 Car -1.000000 -1 -1 457.66617286399867 173.05981937682546 487.6600945625431 184.54241016891788 -1 -1 -1 -1 -1 -1 -1 -1 1 
131 7 Car -1.000000 -1 -1 582.2453675934521 180.39608669711427 625.6239296578108 211.93600665235843 -1 -1 -1 -1 -1 -1 -1 -1 1 
131 26 Car -1.000000 -1 -1 -23.065766275956 179.03189013611484 70.51328415108316 219.29371869987634 -1 -1 -1 -1 -1 -1 -1 -1 1 
132 7 Car -1.000000 -1 -1 582.4386134211998 177.62369003502712 625.9499937393298 209.42148067129668 -1 -1 -1 -1 -1 -1 -1 -1 1 
132 26 Car -1.000000 -1 -1 -39.93153583240302 178.62609175651582 56.88552041913376 220.28106196950435 -1 -1 -1 -1 -1 -1 -1 -1 1 
133 7 Car -1.000000 -1 -1 583.5621474975138 179.53000487149427 626.9852811566277 211.33006082960688 -1 -1 -1 -1 -1 -1 -1 -1 1 
134 7 Car -1.000000 -1 -1 584.5803622172922 176.953727665142 629.9374909286023 210.5509763283872 -1 -1 -1 -1 -1 -1 -1 -1 1 
135 7 Car -1.000000 -1 -1 586.0614875634816 176.3384251802911 629.7817138684238 208.8018150865054 -1 -1 -1 -1 -1 -1 -1 -1 1 
136 7 Car -1.000000 -1 -1 585.48695805093 174.71185708700213 629.5681132934569 207.46154030108886 -1 -1 -1 -1 -1 -1 -1 -1 1 
137 7 Car -1.000000 -1 -1 587.1119808416905 171.3166874443581 628.655890430316 202.08196957316136 -1 -1 -1 -1 -1 -1 -1 -1 1 
138 7 Car -1.000000 -1 -1 588.2525823306516 170.00792118555466 628.6880067453179 199.82823877754225 -1 -1 -1 -1 -1 -1 -1 -1 1 
138 37 Car -1.000000 -1 -1 286.2008037982016 171.44457369755997 326.88331843009485 191.9648964079584 -1 -1 -1 -1 -1 -1 -1 -1 1 
139 7 Car -1.000000 -1 -1 587.224031719485 173.6068626553748 628.9125322215899 204.17990845402667 -1 -1 -1 -1 -1 -1 -1 -1 1 
139 37 Car -1.000000 -1 -1 278.6559889753357 173.55378410841678 320.35093390576293 194.59446672034125 -1 -1 -1 -1 -1 -1 -1 -1 1 
139 38 Car -1.000000 -1 -1 514.6000862418922 184.27571723699353 602.167273285776 208.20788348465393 -1 -1 -1 -1 -1 -1 -1 -1 1 
140 7 Car -1.000000 -1 -1 587.1481071317066 179.13181148896808 629.3855075690293 209.61046444175668 -1 -1 -1 -1 -1 -1 -1 -1 1 
140 37 Car -1.000000 -1 -1 270.16162068314367 178.899710071125 312.04956525831307 199.94242280113434 -1 -1 -1 -1 -1 -1 -1 -1 1 
140 38 Car -1.000000 -1 -1 513.4714182869216 185.76971381981372 603.2023260627751 210.293226306756 -1 -1 -1 -1 -1 -1 -1 -1 1 
141 7 Car -1.000000 -1 -1 586.4433363536151 181.32857127759272 629.3631935495163 212.1571506654517 -1 -1 -1 -1 -1 -1 -1 -1 1 
141 37 Car -1.000000 -1 -1 257.8053239795446 180.89789703175472 302.0814911249887 203.3440071385018 -1 -1 -1 -1 -1 -1 -1 -1 1 
142 7 Car -1.000000 -1 -1 585.2670053711502 180.3959010297738 630.1543807955718 212.59256043698383 -1 -1 -1 -1 -1 -1 -1 -1 1 
142 37 Car -1.000000 -1 -1 249.86455639480207 181.32577102737267 290.9651670557455 202.22796633062813 -1 -1 -1 -1 -1 -1 -1 -1 1 
143 7 Car -1.000000 -1 -1 584.490634508095 180.09812044456413 629.6765835122224 212.61955586372304 -1 -1 -1 -1 -1 -1 -1 -1 1 
143 37 Car -1.000000 -1 -1 242.11525493738014 182.77174486577218 283.5892066487179 203.86380762667753 -1 -1 -1 -1 -1 -1 -1 -1 1 
