2 1 Car -1.000000 -1 -1 366.7249164458652 171.04937789944984 534.5076613739855 221.64529710212813 -1 -1 -1 -1 -1 -1 -1 -1 1 
2 2 Car -1.000000 -1 -1 -17.49256196272836 186.71528448192976 187.63575375256897 251.01942896670238 -1 -1 -1 -1 -1 -1 -1 -1 1 
2 3 Car -1.000000 -1 -1 1155.2408266864368 149.25954902730712 1276.2062183322078 214.00943353417273 -1 -1 -1 -1 -1 -1 -1 -1 1 
2 4 Car -1.000000 -1 -1 853.8400358354999 165.07710271072045 1008.0463186581565 245.79021785584683 -1 -1 -1 -1 -1 -1 -1 -1 1 
3 1 Car -1.000000 -1 -1 325.41645549177827 169.30437935606213 502.9344948000925 222.75487206946005 -1 -1 -1 -1 -1 -1 -1 -1 1 
3 2 Car -1.000000 -1 -1 -61.17356110326763 185.5994112910039 158.11225006277863 256.0613629773892 -1 -1 -1 -1 -1 -1 -1 -1 1 
3 3 Car -1.000000 -1 -1 1159.8313418158493 143.44454713352354 1287.8840786248156 211.9881197689907 -1 -1 -1 -1 -1 -1 -1 -1 1 
3 4 Car -1.000000 -1 -1 886.8207152130734 163.86375743818036 1041.1328095432639 244.2437050860866 -1 -1 -1 -1 -1 -1 -1 -1 1 
4 1 Car -1.000000 -1 -1 281.7922183169021 167.91451566109833 469.28115753813523 224.40124273770647 -1 -1 -1 -1 -1 -1 -1 -1 1 
4 2 Car -1.000000 -1 -1 -90.78408859663155 185.4947964898125 135.58357702232587 258.2323262951826 -1 -1 -1 -1 -1 -1 -1 -1 1 
4 4 Car -1.000000 -1 -1 902.136202802946 154.80128828958865 1068.4665502949954 241.91885707386655 -1 -1 -1 -1 -1 -1 -1 -1 1 
5 1 Car -1.000000 -1 -1 230.16628904610343 167.38756623630547 432.9258259655504 228.54361853368857 -1 -1 -1 -1 -1 -1 -1 -1 1 
5 4 Car -1.000000 -1 -1 941.0881407411969 155.02469107140274 1107.7914857854532 241.69566085815197 -1 -1 -1 -1 -1 -1 -1 -1 1 
5 6 Car -1.000000 -1 -1 1194.1198410160407 141.80137697950124 1238.6152029429747 195.88251566369925 -1 -1 -1 -1 -1 -1 -1 -1 1 
6 1 Car -1.000000 -1 -1 174.58975656508215 169.38685440575705 390.69184899665777 234.07290146772698 -1 -1 -1 -1 -1 -1 -1 -1 1 
6 4 Car -1.000000 -1 -1 977.568032168209 160.02081709845928 1140.0317849628273 242.92167162902058 -1 -1 -1 -1 -1 -1 -1 -1 1 
6 6 Car -1.000000 -1 -1 1189.964478640766 148.85948082273688 1232.223987715347 199.18851875734282 -1 -1 -1 -1 -1 -1 -1 -1 1 
6 7 Car -1.000000 -1 -1 837.6971083684514 145.94751903635063 1028.1111266439302 204.27407340298078 -1 -1 -1 -1 -1 -1 -1 -1 1 
7 1 Car -1.000000 -1 -1 102.43525637684651 170.30072092726638 338.47130357581887 240.57372279815118 -1 -1 -1 -1 -1 -1 -1 -1 1 
7 4 Car -1.000000 -1 -1 1015.0281279070994 162.2433285236895 1181.112430955389 245.81372180872702 -1 -1 -1 -1 -1 -1 -1 -1 1 
7 6 Car -1.000000 -1 -1 1186.7471034056296 155.15283525702566 1227.396868797466 202.00037170111491 -1 -1 -1 -1 -1 -1 -1 -1 1 
7 7 Car -1.000000 -1 -1 805.0242999724734 137.61218889205662 1030.046155588001 207.23875128881036 -1 -1 -1 -1 -1 -1 -1 -1 1 
8 1 Car -1.000000 -1 -1 20.836425646310943 172.38330025141553 284.47116074268655 250.82625685917603 -1 -1 -1 -1 -1 -1 -1 -1 1 
8 4 Car -1.000000 -1 -1 1036.818378122445 161.01785305314215 1216.526807760782 250.9420446273006 -1 -1 -1 -1 -1 -1 -1 -1 1 
8 6 Car -1.000000 -1 -1 1183.9761645347244 157.5632333004075 1224.1929170379426 203.91173157673367 -1 -1 -1 -1 -1 -1 -1 -1 1 
8 7 Car -1.000000 -1 -1 780.7409974473808 140.1394704568766 1007.3861463992303 210.98197423953997 -1 -1 -1 -1 -1 -1 -1 -1 1 
9 1 Car -1.000000 -1 -1 -37.63083649748056 172.24053794808128 252.50577584286782 260.3840074453145 -1 -1 -1 -1 -1 -1 -1 -1 1 
9 4 Car -1.000000 -1 -1 1055.3527477525085 162.05438201873912 1235.2825507652499 252.25465710861772 -1 -1 -1 -1 -1 -1 -1 -1 1 
9 7 Car -1.000000 -1 -1 759.6124180291293 143.89085709754303 978.6196482385703 212.930971796029 -1 -1 -1 -1 -1 -1 -1 -1 1 
10 1 Car -1.000000 -1 -1 -83.61442324185968 171.6049285342845 213.29677847101198 266.02438635649514 -1 -1 -1 -1 -1 -1 -1 -1 1 
10 4 Car -1.000000 -1 -1 1065.6103452315128 159.55449454591212 1250.9024313315952 253.8138185869398 -1 -1 -1 -1 -1 -1 -1 -1 1 
10 7 Car -1.000000 -1 -1 722.5361226876296 145.35891658732154 947.4863755177803 217.27572782239332 -1 -1 -1 -1 -1 -1 -1 -1 1 
11 1 Car -1.000000 -1 -1 -130.88872820049295 171.44118466599997 180.29125883345392 270.39822932368224 -1 -1 -1 -1 -1 -1 -1 -1 1 
11 4 Car -1.000000 -1 -1 1076.7795153537443 157.47689116279975 1267.1997091538644 256.3637361583493 -1 -1 -1 -1 -1 -1 -1 -1 1 
11 7 Car -1.000000 -1 -1 690.8016494506202 147.64014354449242 915.0694343869503 220.11870662947828 -1 -1 -1 -1 -1 -1 -1 -1 1 
12 4 Car -1.000000 -1 -1 1093.0095286989592 163.2438437451764 1274.5358504403775 259.8004769228966 -1 -1 -1 -1 -1 -1 -1 -1 1 
12 7 Car -1.000000 -1 -1 650.7955521597498 150.16392591704368 880.911268074275 225.57643261005933 -1 -1 -1 -1 -1 -1 -1 -1 1 
13 4 Car -1.000000 -1 -1 1106.179239197747 167.21620073013037 1275.7808310458117 259.64016831707863 -1 -1 -1 -1 -1 -1 -1 -1 1 
13 7 Car -1.000000 -1 -1 605.8178680485537 153.68762193640617 840.984948312894 231.7187558285114 -1 -1 -1 -1 -1 -1 -1 -1 1 
14 4 Car -1.000000 -1 -1 1112.6280378989734 169.90971590538805 1280.529254163557 264.634003242667 -1 -1 -1 -1 -1 -1 -1 -1 1 
14 7 Car -1.000000 -1 -1 554.8216026828356 159.89240401076174 795.1006463786878 240.5552752706121 -1 -1 -1 -1 -1 -1 -1 -1 1 
14 8 Car -1.000000 -1 -1 996.0319387856348 172.2464740423478 1113.0296217492341 223.9795631491724 -1 -1 -1 -1 -1 -1 -1 -1 1 
15 4 Car -1.000000 -1 -1 1118.6339434609724 172.0412115115069 1280.059479765094 266.03679045061983 -1 -1 -1 -1 -1 -1 -1 -1 1 
15 7 Car -1.000000 -1 -1 498.2132156375575 161.57713246431746 747.2112034851714 246.28169697615482 -1 -1 -1 -1 -1 -1 -1 -1 1 
15 8 Car -1.000000 -1 -1 952.533399825122 171.6726141142531 1081.478186049633 228.50567641605844 -1 -1 -1 -1 -1 -1 -1 -1 1 
16 4 Car -1.000000 -1 -1 1121.8035196860085 175.10060770938227 1275.1662278063343 267.029700401029 -1 -1 -1 -1 -1 -1 -1 -1 1 
16 7 Car -1.000000 -1 -1 429.07044192330153 154.49161478709814 704.8903510330608 250.03867594102618 -1 -1 -1 -1 -1 -1 -1 -1 1 
16 8 Car -1.000000 -1 -1 911.6100457070897 173.27890112878148 1039.4917247918434 229.24199063634381 -1 -1 -1 -1 -1 -1 -1 -1 1 
17 4 Car -1.000000 -1 -1 1124.8937417570128 178.62705791745975 1269.1241940635705 267.41816302506305 -1 -1 -1 -1 -1 -1 -1 -1 1 
17 7 Car -1.000000 -1 -1 373.62755841490696 165.6604851632348 642.4989562089595 259.3010687990905 -1 -1 -1 -1 -1 -1 -1 -1 1 
17 8 Car -1.000000 -1 -1 868.0040665655742 177.14382482264898 993.9810831573417 231.90126742288777 -1 -1 -1 -1 -1 -1 -1 -1 1 
18 4 Car -1.000000 -1 -1 1125.507411200889 180.7716573679286 1263.7778295443904 267.9167197178152 -1 -1 -1 -1 -1 -1 -1 -1 1 
18 7 Car -1.000000 -1 -1 304.1007725897216 162.44773156106714 595.4115178468703 265.3341031408627 -1 -1 -1 -1 -1 -1 -1 -1 1 
18 8 Car -1.000000 -1 -1 819.5503203209764 178.92054984558274 949.8890220869667 235.14927325319655 -1 -1 -1 -1 -1 -1 -1 -1 1 
19 4 Car -1.000000 -1 -1 1125.7142443862333 180.0035339438622 1258.9400977040423 265.36239966769347 -1 -1 -1 -1 -1 -1 -1 -1 1 
19 7 Car -1.000000 -1 -1 215.58329956480998 161.42631927681805 535.9215286464771 275.59145325553135 -1 -1 -1 -1 -1 -1 -1 -1 1 
19 8 Car -1.000000 -1 -1 773.0403736020214 180.54150659770502 906.3311113164036 237.4136521529699 -1 -1 -1 -1 -1 -1 -1 -1 1 
19 10 Car -1.000000 -1 -1 997.768982654084 182.17633770579334 1095.8812585550418 224.6691990547269 -1 -1 -1 -1 -1 -1 -1 -1 1 
20 4 Car -1.000000 -1 -1 1121.9933732471209 178.07862607781945 1253.166578379211 262.71972394778595 -1 -1 -1 -1 -1 -1 -1 -1 1 
20 7 Car -1.000000 -1 -1 98.41688028211016 156.73225010633337 467.9093385577198 290.12269116275604 -1 -1 -1 -1 -1 -1 -1 -1 1 
20 8 Car -1.000000 -1 -1 726.4372301304144 180.96498717751086 863.7530552074786 238.82264260419362 -1 -1 -1 -1 -1 -1 -1 -1 1 
20 10 Car -1.000000 -1 -1 956.6639751089195 182.0516302148084 1054.6110707316236 224.3643585936688 -1 -1 -1 -1 -1 -1 -1 -1 1 
21 4 Car -1.000000 -1 -1 1114.4931397217222 177.42350139365388 1243.470053930374 260.8492449567615 -1 -1 -1 -1 -1 -1 -1 -1 1 
21 7 Car -1.000000 -1 -1 -1.7734711064706516 160.5642456550795 395.95285309406336 306.46088794529976 -1 -1 -1 -1 -1 -1 -1 -1 1 
21 8 Car -1.000000 -1 -1 677.8467862532275 181.50149957059983 822.7080318642801 242.08769381423227 -1 -1 -1 -1 -1 -1 -1 -1 1 
21 10 Car -1.000000 -1 -1 918.7545815585339 179.04149252816745 1020.9315093571172 223.41346183618654 -1 -1 -1 -1 -1 -1 -1 -1 1 
22 4 Car -1.000000 -1 -1 1103.0630089364408 179.21268771202168 1225.2485054492604 258.2494298363607 -1 -1 -1 -1 -1 -1 -1 -1 1 
22 7 Car -1.000000 -1 -1 -71.86853516980187 160.95968131373172 330.6672592854905 315.612306610146 -1 -1 -1 -1 -1 -1 -1 -1 1 
22 8 Car -1.000000 -1 -1 625.0848329846045 183.1740918149947 782.4843497114219 248.94614382960953 -1 -1 -1 -1 -1 -1 -1 -1 1 
22 10 Car -1.000000 -1 -1 879.2008611859103 180.7985403911583 981.6592539559894 225.28716260103224 -1 -1 -1 -1 -1 -1 -1 -1 1 
23 4 Car -1.000000 -1 -1 1085.2881470032996 181.48893758939388 1201.3086779819178 256.155224932764 -1 -1 -1 -1 -1 -1 -1 -1 1 
23 7 Car -1.000000 -1 -1 -127.96862217161156 161.55357240622777 290.2017341151255 322.21320789710126 -1 -1 -1 -1 -1 -1 -1 -1 1 
23 8 Car -1.000000 -1 -1 570.4053618427846 183.5626471808747 739.1971670175752 254.13056388761913 -1 -1 -1 -1 -1 -1 -1 -1 1 
23 10 Car -1.000000 -1 -1 837.0409687618977 182.04027082854438 942.5834381448151 227.68169643603886 -1 -1 -1 -1 -1 -1 -1 -1 1 
24 4 Car -1.000000 -1 -1 1069.6147708385365 187.03037458180188 1176.851974800161 255.3108649402391 -1 -1 -1 -1 -1 -1 -1 -1 1 
24 8 Car -1.000000 -1 -1 504.66355079278463 183.2112631427101 694.4420689987571 262.5324014503767 -1 -1 -1 -1 -1 -1 -1 -1 1 
24 10 Car -1.000000 -1 -1 796.3825041011548 184.62899700683533 902.7511267394074 230.62108875875248 -1 -1 -1 -1 -1 -1 -1 -1 1 
24 12 Car -1.000000 -1 -1 999.2843733302733 186.36650229794702 1051.8445814845165 212.91121536193918 -1 -1 -1 -1 -1 -1 -1 -1 1 
25 4 Car -1.000000 -1 -1 1042.8450489593934 188.51518482582878 1147.5380967743383 254.62407429253537 -1 -1 -1 -1 -1 -1 -1 -1 1 
25 8 Car -1.000000 -1 -1 429.93953425838504 182.36108344575862 640.5727161659645 271.0778644765207 -1 -1 -1 -1 -1 -1 -1 -1 1 
25 10 Car -1.000000 -1 -1 753.428587712751 185.95534629358596 863.4907188163463 233.6822344285212 -1 -1 -1 -1 -1 -1 -1 -1 1 
25 12 Car -1.000000 -1 -1 1003.7818975758196 187.59589459392032 1053.2171257853042 212.56238512141584 -1 -1 -1 -1 -1 -1 -1 -1 1 
26 4 Car -1.000000 -1 -1 1010.1493367259028 187.79132498611946 1112.0782474635562 252.54323189019186 -1 -1 -1 -1 -1 -1 -1 -1 1 
26 8 Car -1.000000 -1 -1 352.7794166451466 182.9224241653327 580.9245057982802 279.3259775295923 -1 -1 -1 -1 -1 -1 -1 -1 1 
26 10 Car -1.000000 -1 -1 709.3781760167407 184.92925148494064 820.9548749925618 233.73200117422186 -1 -1 -1 -1 -1 -1 -1 -1 1 
27 4 Car -1.000000 -1 -1 979.9606177552437 185.76882865641704 1082.914665471962 251.63580471310524 -1 -1 -1 -1 -1 -1 -1 -1 1 
27 8 Car -1.000000 -1 -1 260.3920077080867 181.638954044775 522.8762218207842 291.9769493082684 -1 -1 -1 -1 -1 -1 -1 -1 1 
27 10 Car -1.000000 -1 -1 665.5114227162237 183.61784951069436 782.5318991970576 235.33476614772138 -1 -1 -1 -1 -1 -1 -1 -1 1 
27 17 Car -1.000000 -1 -1 916.6923503787434 181.08629396716373 968.244213046111 206.19648437673706 -1 -1 -1 -1 -1 -1 -1 -1 1 
28 4 Car -1.000000 -1 -1 950.5019344727118 186.8143202805776 1046.5696161709384 249.29258069067518 -1 -1 -1 -1 -1 -1 -1 -1 1 
28 8 Car -1.000000 -1 -1 141.7680267263074 181.89550792782373 434.3204025373925 303.1683300519988 -1 -1 -1 -1 -1 -1 -1 -1 1 
28 10 Car -1.000000 -1 -1 616.7388285708269 183.9936612412358 739.785950517689 238.67654136034318 -1 -1 -1 -1 -1 -1 -1 -1 1 
28 17 Car -1.000000 -1 -1 919.7808811330814 178.6232777057755 967.354554089505 201.7957478966463 -1 -1 -1 -1 -1 -1 -1 -1 1 
29 4 Car -1.000000 -1 -1 924.8815286691137 186.66182965948798 1011.1540702655172 243.11080161228767 -1 -1 -1 -1 -1 -1 -1 -1 1 
29 8 Car -1.000000 -1 -1 21.680736742250247 179.84231221245798 366.67684621317846 324.144240769034 -1 -1 -1 -1 -1 -1 -1 -1 1 
29 10 Car -1.000000 -1 -1 563.0096376876791 183.84721086029802 697.1266066020661 243.53386847918534 -1 -1 -1 -1 -1 -1 -1 -1 1 
30 4 Car -1.000000 -1 -1 890.685465542306 186.17321100233738 972.3842899273404 240.39830683359213 -1 -1 -1 -1 -1 -1 -1 -1 1 
30 8 Car -1.000000 -1 -1 -53.81870623208198 180.3978061852185 288.23817681724 328.781122778213 -1 -1 -1 -1 -1 -1 -1 -1 1 
30 10 Car -1.000000 -1 -1 505.4426959055159 185.2079626430111 645.3518638401961 247.72583640010384 -1 -1 -1 -1 -1 -1 -1 -1 1 
31 4 Car -1.000000 -1 -1 851.3565239972822 183.46863005385927 934.8884829816344 239.6479836492929 -1 -1 -1 -1 -1 -1 -1 -1 1 
31 8 Car -1.000000 -1 -1 -114.95417824622825 180.96704467776436 240.1867333848678 335.02620768542556 -1 -1 -1 -1 -1 -1 -1 -1 1 
31 10 Car -1.000000 -1 -1 445.340043133766 185.1181659328107 593.0179460682722 250.75773329516747 -1 -1 -1 -1 -1 -1 -1 -1 1 
32 4 Car -1.000000 -1 -1 829.449070425523 183.4721640691801 910.4687097720671 237.96204107914158 -1 -1 -1 -1 -1 -1 -1 -1 1 
32 10 Car -1.000000 -1 -1 376.4201295982179 183.60477236021617 541.1552623608981 257.18020348130676 -1 -1 -1 -1 -1 -1 -1 -1 1 
32 27 Car -1.000000 -1 -1 727.874157058797 180.30052639319328 774.3817551137709 205.17472986543933 -1 -1 -1 -1 -1 -1 -1 -1 1 
33 10 Car -1.000000 -1 -1 292.6150181901868 182.061842744155 480.899848439619 266.44004563946777 -1 -1 -1 -1 -1 -1 -1 -1 1 
33 27 Car -1.000000 -1 -1 737.079370788604 178.3793742768854 778.6403177361886 200.60790255250456 -1 -1 -1 -1 -1 -1 -1 -1 1 
33 31 Car -1.000000 -1 -1 682.350169006022 179.30112875243978 727.6953973916952 205.66281045265077 -1 -1 -1 -1 -1 -1 -1 -1 1 
34 10 Car -1.000000 -1 -1 194.9944179264637 182.58551976185646 412.2024457521702 279.93702169025255 -1 -1 -1 -1 -1 -1 -1 -1 1 
34 31 Car -1.000000 -1 -1 687.8276185792149 177.56586070705583 729.4905942706476 201.7868460247976 -1 -1 -1 -1 -1 -1 -1 -1 1 
35 10 Car -1.000000 -1 -1 82.19499413494003 185.8684682963805 331.284793802592 295.8263143011241 -1 -1 -1 -1 -1 -1 -1 -1 1 
36 10 Car -1.000000 -1 -1 -7.356657573008022 186.00662732030534 272.2947781799346 312.660542037386 -1 -1 -1 -1 -1 -1 -1 -1 1 
36 39 Car -1.000000 -1 -1 428.276747040372 185.07989038460582 524.662102931896 227.03392899488526 -1 -1 -1 -1 -1 -1 -1 -1 1 
37 10 Car -1.000000 -1 -1 -72.65154548454976 185.62792849242675 213.45392684242304 322.800218947949 -1 -1 -1 -1 -1 -1 -1 -1 1 
37 39 Car -1.000000 -1 -1 379.44513235040483 185.14011779719146 486.08193261772624 231.59693610703064 -1 -1 -1 -1 -1 -1 -1 -1 1 
37 40 Car -1.000000 -1 -1 571.5728534100939 182.0814772381098 603.0495964591656 200.94369295836708 -1 -1 -1 -1 -1 -1 -1 -1 1 
38 10 Car -1.000000 -1 -1 -130.51917728334922 185.77896913885112 166.28974506474282 328.08315017990947 -1 -1 -1 -1 -1 -1 -1 -1 1 
38 39 Car -1.000000 -1 -1 328.6796278095155 186.0470647247609 445.01445662121785 236.62568813910187 -1 -1 -1 -1 -1 -1 -1 -1 1 
38 40 Car -1.000000 -1 -1 575.7868484478158 182.99144372736617 601.1682761885182 198.2010850196722 -1 -1 -1 -1 -1 -1 -1 -1 1 
38 43 Car -1.000000 -1 -1 546.9800189666878 181.9887783925204 581.1690239633605 202.09150768207593 -1 -1 -1 -1 -1 -1 -1 -1 1 
39 39 Car -1.000000 -1 -1 279.73917312240013 187.21561114670843 414.9676938184063 246.17287650903896 -1 -1 -1 -1 -1 -1 -1 -1 1 
39 43 Car -1.000000 -1 -1 553.9314816840329 182.81884183714726 581.8616072266811 199.24142448513683 -1 -1 -1 -1 -1 -1 -1 -1 1 
40 39 Car -1.000000 -1 -1 233.48258375049912 188.36071337216734 376.9385095935777 250.85399943404525 -1 -1 -1 -1 -1 -1 -1 -1 1 
40 45 Car -1.000000 -1 -1 461.06826078950166 182.13330238584123 512.2911129575022 210.42195028571106 -1 -1 -1 -1 -1 -1 -1 -1 1 
41 39 Car -1.000000 -1 -1 180.12539141403425 187.8234644896541 344.98829581985126 259.6072909454993 -1 -1 -1 -1 -1 -1 -1 -1 1 
41 45 Car -1.000000 -1 -1 468.6844841960582 180.78153211852438 512.965862389693 205.39297507323795 -1 -1 -1 -1 -1 -1 -1 -1 1 
41 47 Car -1.000000 -1 -1 375.6494782458616 185.15734765862044 441.0427024609392 224.43224627602171 -1 -1 -1 -1 -1 -1 -1 -1 1 
42 39 Car -1.000000 -1 -1 124.92159715567064 190.1791699705984 308.1160071037939 269.6151327076217 -1 -1 -1 -1 -1 -1 -1 -1 1 
42 45 Car -1.000000 -1 -1 471.06248198177684 179.88556805490208 512.0555723209457 202.6693919378596 -1 -1 -1 -1 -1 -1 -1 -1 1 
42 47 Car -1.000000 -1 -1 347.47517726949127 184.10717598242445 421.09243062501133 228.37088718211675 -1 -1 -1 -1 -1 -1 -1 -1 1 
43 4 Car -1.000000 -1 -1 564.5995173342894 183.32961256082038 622.909206224908 223.49691254568967 -1 -1 -1 -1 -1 -1 -1 -1 1 
43 39 Car -1.000000 -1 -1 63.59695879120953 193.7858195756536 267.0251314917426 280.2463530305648 -1 -1 -1 -1 -1 -1 -1 -1 1 
43 47 Car -1.000000 -1 -1 330.4130138365305 185.16164225770743 407.55358212539693 231.4181703418846 -1 -1 -1 -1 -1 -1 -1 -1 1 
43 50 Car -1.000000 -1 -1 399.8871980306924 181.75153100496988 454.42360458043504 217.65479767640477 -1 -1 -1 -1 -1 -1 -1 -1 1 
44 4 Car -1.000000 -1 -1 555.1462214146752 183.11492264289222 612.4814406918449 223.1724005638412 -1 -1 -1 -1 -1 -1 -1 -1 1 
44 39 Car -1.000000 -1 -1 6.275614807164445 194.7466713891635 242.1630170219084 295.50693208761027 -1 -1 -1 -1 -1 -1 -1 -1 1 
44 47 Car -1.000000 -1 -1 307.9233850395296 187.35817444912684 388.68680804871553 235.87218631916653 -1 -1 -1 -1 -1 -1 -1 -1 1 
44 50 Car -1.000000 -1 -1 386.2655909196031 184.20106083440223 442.19686082924227 221.17475916437377 -1 -1 -1 -1 -1 -1 -1 -1 1 
45 4 Car -1.000000 -1 -1 551.4627529855754 183.29927177787866 607.4501951857835 222.91403655131276 -1 -1 -1 -1 -1 -1 -1 -1 1 
45 39 Car -1.000000 -1 -1 -42.18173292991604 197.8327307700032 229.12123876478387 317.0849142340844 -1 -1 -1 -1 -1 -1 -1 -1 1 
45 47 Car -1.000000 -1 -1 280.07119392756107 190.43776636817967 366.6692499730665 242.01124160237077 -1 -1 -1 -1 -1 -1 -1 -1 1 
45 50 Car -1.000000 -1 -1 372.8603475425224 186.22306724277416 430.1775617405773 224.2076225814894 -1 -1 -1 -1 -1 -1 -1 -1 1 
46 4 Car -1.000000 -1 -1 531.7914020891794 183.29471249506588 586.1775303707695 221.77664122764347 -1 -1 -1 -1 -1 -1 -1 -1 1 
46 39 Car -1.000000 -1 -1 -77.29774766546885 200.75949325427075 202.6635823412171 329.7354075850627 -1 -1 -1 -1 -1 -1 -1 -1 1 
46 47 Car -1.000000 -1 -1 257.1290976578834 191.93415767611506 349.7336409315452 246.08269104886818 -1 -1 -1 -1 -1 -1 -1 -1 1 
46 50 Car -1.000000 -1 -1 360.924567488411 186.62646530143763 420.4705045926738 226.23304852044453 -1 -1 -1 -1 -1 -1 -1 -1 1 
47 39 Car -1.000000 -1 -1 -121.85682067128673 201.73401944397102 172.53843636360315 337.35958370069136 -1 -1 -1 -1 -1 -1 -1 -1 1 
47 47 Car -1.000000 -1 -1 230.98623582198775 192.52008276136777 332.6494535433543 250.8779824929127 -1 -1 -1 -1 -1 -1 -1 -1 1 
47 50 Car -1.000000 -1 -1 349.2029997864285 187.61047759759913 410.8706486794644 228.62830436338314 -1 -1 -1 -1 -1 -1 -1 -1 1 
48 47 Car -1.000000 -1 -1 205.28477178710727 194.7585899233815 312.84012181327273 255.18544701387546 -1 -1 -1 -1 -1 -1 -1 -1 1 
48 50 Car -1.000000 -1 -1 332.08289655006735 185.92467472117488 405.2969725654084 234.17470188271724 -1 -1 -1 -1 -1 -1 -1 -1 1 
49 47 Car -1.000000 -1 -1 160.66908583427642 195.94992751947112 285.68475778521156 264.61431336994366 -1 -1 -1 -1 -1 -1 -1 -1 1 
49 50 Car -1.000000 -1 -1 318.70067089919644 183.82112796141286 398.2761038774537 236.55727969561934 -1 -1 -1 -1 -1 -1 -1 -1 1 
50 47 Car -1.000000 -1 -1 110.32037312633142 195.46622294888488 259.4005898169505 276.2316994762691 -1 -1 -1 -1 -1 -1 -1 -1 1 
50 50 Car -1.000000 -1 -1 306.9071659654255 184.3654714860911 389.1140508957939 238.42054847415457 -1 -1 -1 -1 -1 -1 -1 -1 1 
50 56 Car -1.000000 -1 -1 442.0441456562543 186.60643218553452 479.0052733311203 209.6226139222181 -1 -1 -1 -1 -1 -1 -1 -1 1 
51 47 Car -1.000000 -1 -1 50.57646820632982 197.61076919326445 227.06527066145497 291.4851461004466 -1 -1 -1 -1 -1 -1 -1 -1 1 
51 50 Car -1.000000 -1 -1 288.1352939319558 188.35126754714153 374.5069372018782 243.79121978732977 -1 -1 -1 -1 -1 -1 -1 -1 1 
51 56 Car -1.000000 -1 -1 442.47840957239293 188.2417087962579 477.5616754488768 209.96539696815572 -1 -1 -1 -1 -1 -1 -1 -1 1 
52 47 Car -1.000000 -1 -1 6.814636145447011 199.65716003050267 205.75574603449735 306.01633545193073 -1 -1 -1 -1 -1 -1 -1 -1 1 
52 50 Car -1.000000 -1 -1 268.0849874043143 191.33132006213208 357.6549815245536 247.7810317242242 -1 -1 -1 -1 -1 -1 -1 -1 1 
52 56 Car -1.000000 -1 -1 442.4644064332018 188.95432647246923 476.70582385758627 210.15673877628709 -1 -1 -1 -1 -1 -1 -1 -1 1 
52 58 Car -1.000000 -1 -1 566.6097417958434 180.89516291507886 610.0013018257151 219.8862096411235 -1 -1 -1 -1 -1 -1 -1 -1 1 
53 47 Car -1.000000 -1 -1 -35.42040531134724 199.98259696273993 186.9227526389688 323.44519533938256 -1 -1 -1 -1 -1 -1 -1 -1 1 
53 50 Car -1.000000 -1 -1 239.0822019340717 192.59737527224158 336.79829487838765 253.3583640575841 -1 -1 -1 -1 -1 -1 -1 -1 1 
53 58 Car -1.000000 -1 -1 566.8916154739214 181.02932290908186 610.7280385386925 220.42011730506468 -1 -1 -1 -1 -1 -1 -1 -1 1 
54 47 Car -1.000000 -1 -1 -62.1772722560088 203.4985290530352 153.0466869040216 330.24323888699814 -1 -1 -1 -1 -1 -1 -1 -1 1 
54 50 Car -1.000000 -1 -1 206.2087471024638 191.51216421564317 314.7359348127061 258.45218935855087 -1 -1 -1 -1 -1 -1 -1 -1 1 
54 58 Car -1.000000 -1 -1 566.3261156206771 179.1848182093794 608.5830034289767 217.07490584703046 -1 -1 -1 -1 -1 -1 -1 -1 1 
55 47 Car -1.000000 -1 -1 -91.79478441256366 204.67767995234186 132.71685351318342 336.8919100070315 -1 -1 -1 -1 -1 -1 -1 -1 1 
55 50 Car -1.000000 -1 -1 165.21236626787086 193.28030961759023 288.7453900329241 267.0636282304325 -1 -1 -1 -1 -1 -1 -1 -1 1 
55 58 Car -1.000000 -1 -1 567.7622122464447 179.27750250753098 608.8494537508492 216.0716068267353 -1 -1 -1 -1 -1 -1 -1 -1 1 
56 50 Car -1.000000 -1 -1 113.72536613316905 193.57688536487132 259.95954866703266 278.9680213982378 -1 -1 -1 -1 -1 -1 -1 -1 1 
56 58 Car -1.000000 -1 -1 567.9222695061692 180.4363127106031 609.314244474268 217.57644784007698 -1 -1 -1 -1 -1 -1 -1 -1 1 
56 60 Car -1.000000 -1 -1 421.47794813352175 193.70891790404872 458.1846469795216 216.58070847792015 -1 -1 -1 -1 -1 -1 -1 -1 1 
57 50 Car -1.000000 -1 -1 52.987136486176155 195.56903928031608 227.57431499657577 294.8993126630686 -1 -1 -1 -1 -1 -1 -1 -1 1 
57 58 Car -1.000000 -1 -1 568.2543911566291 180.45052600833924 609.4376009387146 217.40334053102146 -1 -1 -1 -1 -1 -1 -1 -1 1 
57 60 Car -1.000000 -1 -1 415.22531778884513 193.7954760095224 456.04540267047423 219.0586760685966 -1 -1 -1 -1 -1 -1 -1 -1 1 
57 61 Car -1.000000 -1 -1 309.0944854096526 183.4677542583647 394.98360275936744 239.30574870271334 -1 -1 -1 -1 -1 -1 -1 -1 1 
58 50 Car -1.000000 -1 -1 8.132342497685443 199.5052391934273 210.41834597175267 315.0754391450318 -1 -1 -1 -1 -1 -1 -1 -1 1 
58 58 Car -1.000000 -1 -1 570.078302984844 183.90690076004302 611.0218536949516 220.82668585983768 -1 -1 -1 -1 -1 -1 -1 -1 1 
58 60 Car -1.000000 -1 -1 408.14753713011646 198.26139319019092 446.87770812480784 221.85269170527897 -1 -1 -1 -1 -1 -1 -1 -1 1 
58 61 Car -1.000000 -1 -1 289.62958288184745 188.80235998752877 375.91495657988014 244.74008716490562 -1 -1 -1 -1 -1 -1 -1 -1 1 
59 50 Car -1.000000 -1 -1 -35.4127836542048 196.4821811269565 190.8116705416765 331.5399701797827 -1 -1 -1 -1 -1 -1 -1 -1 1 
59 58 Car -1.000000 -1 -1 571.0080286777285 183.24594698648758 610.6129495289065 219.22175039604394 -1 -1 -1 -1 -1 -1 -1 -1 1 
59 60 Car -1.000000 -1 -1 399.51676854911 193.39957572236972 447.62278109863433 222.67660973376303 -1 -1 -1 -1 -1 -1 -1 -1 1 
59 61 Car -1.000000 -1 -1 268.1763437445789 189.82332237891532 357.79739876293655 247.65703732340108 -1 -1 -1 -1 -1 -1 -1 -1 1 
60 50 Car -1.000000 -1 -1 -60.73611274354332 197.29991737730296 174.99720132052624 338.03449256004757 -1 -1 -1 -1 -1 -1 -1 -1 1 
60 58 Car -1.000000 -1 -1 571.3690888131192 182.21973544003134 610.5492684058846 217.90055339680043 -1 -1 -1 -1 -1 -1 -1 -1 1 
60 60 Car -1.000000 -1 -1 392.7998948900333 191.74788414351568 443.14473738820533 222.27468359708215 -1 -1 -1 -1 -1 -1 -1 -1 1 
60 61 Car -1.000000 -1 -1 238.7914405745115 189.33087713716614 335.53562474915407 251.22518976613927 -1 -1 -1 -1 -1 -1 -1 -1 1 
61 58 Car -1.000000 -1 -1 572.5441290848511 180.76625906993067 611.540878927262 216.46924505476883 -1 -1 -1 -1 -1 -1 -1 -1 1 
61 60 Car -1.000000 -1 -1 387.20731112586344 191.2600448849943 438.39926232065875 222.24407591430386 -1 -1 -1 -1 -1 -1 -1 -1 1 
61 61 Car -1.000000 -1 -1 211.44425378340597 188.9741055704786 314.4453776710179 253.946355128379 -1 -1 -1 -1 -1 -1 -1 -1 1 
62 58 Car -1.000000 -1 -1 578.2506437160721 179.5996460255185 616.9546453950012 214.86274296152573 -1 -1 -1 -1 -1 -1 -1 -1 1 
62 60 Car -1.000000 -1 -1 374.98795338932 189.03237569665538 432.14698994847896 223.34580699277336 -1 -1 -1 -1 -1 -1 -1 -1 1 
62 61 Car -1.000000 -1 -1 173.58623646126057 186.01402093319717 295.73060321664354 262.0433882461632 -1 -1 -1 -1 -1 -1 -1 -1 1 
63 58 Car -1.000000 -1 -1 576.8466154101169 179.70926552724626 614.3859219671867 213.32862304443103 -1 -1 -1 -1 -1 -1 -1 -1 1 
63 60 Car -1.000000 -1 -1 364.70262881792297 186.99965242309943 426.8525282229856 224.4655711017277 -1 -1 -1 -1 -1 -1 -1 -1 1 
63 61 Car -1.000000 -1 -1 125.2061903160132 186.64265241347331 267.7171373458733 273.5953202024495 -1 -1 -1 -1 -1 -1 -1 -1 1 
64 58 Car -1.000000 -1 -1 577.8447262592504 179.55247613073178 614.8896133112097 212.72904075458993 -1 -1 -1 -1 -1 -1 -1 -1 1 
64 60 Car -1.000000 -1 -1 358.1921953618019 186.52638014928468 422.9312851299468 225.55314125205604 -1 -1 -1 -1 -1 -1 -1 -1 1 
64 61 Car -1.000000 -1 -1 63.41932586272901 186.47202616483534 231.0801706171149 287.02234306857065 -1 -1 -1 -1 -1 -1 -1 -1 1 
65 61 Car -1.000000 -1 -1 8.98744760397183 189.58776250203405 200.7970396494589 305.39639390860805 -1 -1 -1 -1 -1 -1 -1 -1 1 
66 58 Car -1.000000 -1 -1 584.4129567517033 180.5513456838939 620.5331800791479 213.02949965652405 -1 -1 -1 -1 -1 -1 -1 -1 1 
66 61 Car -1.000000 -1 -1 -35.11438262783463 191.6564280997469 186.32300496516427 330.19814370863196 -1 -1 -1 -1 -1 -1 -1 -1 1 
67 58 Car -1.000000 -1 -1 586.6718381347454 177.90199848930837 622.1152701972173 209.68130581206958 -1 -1 -1 -1 -1 -1 -1 -1 1 
67 61 Car -1.000000 -1 -1 -65.54799154531428 192.23800404656566 166.8046782617219 337.60883198064914 -1 -1 -1 -1 -1 -1 -1 -1 1 
67 64 Car -1.000000 -1 -1 297.13214898455266 194.84451071870916 403.36928822907424 240.70046594731645 -1 -1 -1 -1 -1 -1 -1 -1 1 
68 58 Car -1.000000 -1 -1 587.3811337570908 175.2673900992417 622.4274470725509 206.5797827338197 -1 -1 -1 -1 -1 -1 -1 -1 1 
68 64 Car -1.000000 -1 -1 272.9256531668815 189.0286680631109 393.3066528245287 240.97039273143398 -1 -1 -1 -1 -1 -1 -1 -1 1 
69 58 Car -1.000000 -1 -1 588.8902865711473 174.65428185100902 623.4259375158841 205.51041667477148 -1 -1 -1 -1 -1 -1 -1 -1 1 
69 64 Car -1.000000 -1 -1 245.41193463104366 184.25342014156683 379.3638524091616 242.40232345246028 -1 -1 -1 -1 -1 -1 -1 -1 1 
70 64 Car -1.000000 -1 -1 228.21660197647947 181.80544750052997 371.17472444177014 243.86397037494916 -1 -1 -1 -1 -1 -1 -1 -1 1 
70 68 Car -1.000000 -1 -1 509.5107123439742 172.33356324259728 526.7537577301608 179.97882888705772 -1 -1 -1 -1 -1 -1 -1 -1 1 
71 68 Car -1.000000 -1 -1 509.3380296516168 172.41664114851827 526.5291635703584 180.03889013273795 -1 -1 -1 -1 -1 -1 -1 -1 1 
72 69 Car -1.000000 -1 -1 583.9268979962902 180.74327932376747 627.5939320880523 210.89572564916588 -1 -1 -1 -1 -1 -1 -1 -1 1 
73 69 Car -1.000000 -1 -1 582.7371943134434 182.4869602179585 625.4630703550546 212.08065477183933 -1 -1 -1 -1 -1 -1 -1 -1 1 
74 69 Car -1.000000 -1 -1 584.2722669282525 180.72296935169237 624.7165552675186 208.87898302405728 -1 -1 -1 -1 -1 -1 -1 -1 1 
74 70 Car -1.000000 -1 -1 510.39593578165744 181.13466033668536 527.4831249071505 188.15782516360116 -1 -1 -1 -1 -1 -1 -1 -1 1 
74 71 Car -1.000000 -1 -1 -19.65546242455345 205.15365562921443 248.13398367909548 316.72010945252794 -1 -1 -1 -1 -1 -1 -1 -1 1 
75 69 Car -1.000000 -1 -1 585.2659301373948 179.34904592967482 623.1007331120371 205.82720425102394 -1 -1 -1 -1 -1 -1 -1 -1 1 
75 70 Car -1.000000 -1 -1 510.0411583825972 179.3080939425901 526.8962215627068 186.27112774612633 -1 -1 -1 -1 -1 -1 -1 -1 1 
75 71 Car -1.000000 -1 -1 -76.48142742999596 198.96642780567245 247.32937422676957 336.69245072206274 -1 -1 -1 -1 -1 -1 -1 -1 1 
76 69 Car -1.000000 -1 -1 585.3483543735123 179.6934242978352 622.2791531872057 205.53892880270718 -1 -1 -1 -1 -1 -1 -1 -1 1 
76 70 Car -1.000000 -1 -1 509.9566953922294 178.45268475155268 526.9303841243648 185.46472429413024 -1 -1 -1 -1 -1 -1 -1 -1 1 
76 71 Car -1.000000 -1 -1 -112.34550355702461 197.98423779336702 242.57792369538979 348.94335864503216 -1 -1 -1 -1 -1 -1 -1 -1 1 
80 74 Car -1.000000 -1 -1 505.7099698010866 178.0390560927614 522.6391163537019 185.27634769264125 -1 -1 -1 -1 -1 -1 -1 -1 1 
80 75 Car -1.000000 -1 -1 423.77913845326395 165.1869363160109 466.3911550462611 192.47178814107448 -1 -1 -1 -1 -1 -1 -1 -1 1 
81 74 Car -1.000000 -1 -1 505.84540974288785 178.04162023426997 521.895148846053 184.90296094725616 -1 -1 -1 -1 -1 -1 -1 -1 1 
81 75 Car -1.000000 -1 -1 421.0674087301844 163.21325707689266 464.17834554575427 190.64152132606742 -1 -1 -1 -1 -1 -1 -1 -1 1 
84 75 Car -1.000000 -1 -1 419.479813347075 162.54546526203956 462.4110899669245 189.8594248169165 -1 -1 -1 -1 -1 -1 -1 -1 1 
86 58 Car -1.000000 -1 -1 572.7595077378184 171.81548320637066 604.2590003554376 199.64743497684015 -1 -1 -1 -1 -1 -1 -1 -1 1 
87 58 Car -1.000000 -1 -1 572.0497172355028 171.5463546184387 603.2607707617285 199.12344235773188 -1 -1 -1 -1 -1 -1 -1 -1 1 
93 69 Car -1.000000 -1 -1 569.7551408234023 180.70473299670553 604.202151307365 204.92955268752652 -1 -1 -1 -1 -1 -1 -1 -1 1 
94 69 Car -1.000000 -1 -1 568.8603787227048 182.27621683717342 603.9957754906156 207.45729105938605 -1 -1 -1 -1 -1 -1 -1 -1 1 
100 69 Car -1.000000 -1 -1 567.7750913236393 182.53975557075495 602.7560245965836 207.6101346049562 -1 -1 -1 -1 -1 -1 -1 -1 1 
122 83 Car -1.000000 -1 -1 399.2529032530503 180.0755657153925 456.1868036010376 212.52289993802182 -1 -1 -1 -1 -1 -1 -1 -1 1 
123 83 Car -1.000000 -1 -1 384.87777918578007 176.90750886710518 445.90124735116706 211.7028651923329 -1 -1 -1 -1 -1 -1 -1 -1 1 
124 83 Car -1.000000 -1 -1 362.82918225452465 170.52343328982772 440.37715378900145 215.10920468325685 -1 -1 -1 -1 -1 -1 -1 -1 1 
125 83 Car -1.000000 -1 -1 343.9225386446262 173.15088203422567 425.77811801391215 220.22364035662815 -1 -1 -1 -1 -1 -1 -1 -1 1 
127 83 Car -1.000000 -1 -1 331.1419147572965 171.68081670100642 418.6187107898668 221.98617367805824 -1 -1 -1 -1 -1 -1 -1 -1 1 
129 85 Car -1.000000 -1 -1 167.53045215842582 166.56481041812523 327.8212671931293 259.72590800618207 -1 -1 -1 -1 -1 -1 -1 -1 1 
130 85 Car -1.000000 -1 -1 190.12046876884517 168.0802510250748 316.36993740077787 241.38781934249312 -1 -1 -1 -1 -1 -1 -1 -1 1 
131 85 Car -1.000000 -1 -1 164.2301098704696 172.2240765047613 285.96268747770057 242.87423971869046 -1 -1 -1 -1 -1 -1 -1 -1 1 
131 86 Car -1.000000 -1 -1 504.99105585879187 178.53582291904485 521.7015765150722 189.09036806197753 -1 -1 -1 -1 -1 -1 -1 -1 1 
131 87 Car -1.000000 -1 -1 432.2948897582393 165.82758973287218 476.22738846875154 203.1701037999599 -1 -1 -1 -1 -1 -1 -1 -1 1 
132 85 Car -1.000000 -1 -1 96.26454340102991 170.48952533650572 251.13609241423785 260.1595188289908 -1 -1 -1 -1 -1 -1 -1 -1 1 
132 86 Car -1.000000 -1 -1 505.4854621347319 179.04524535987497 520.9124653194704 188.68086777761425 -1 -1 -1 -1 -1 -1 -1 -1 1 
132 87 Car -1.000000 -1 -1 425.27132446263727 165.46876099878799 469.8872933965861 203.2445160399342 -1 -1 -1 -1 -1 -1 -1 -1 1 
133 85 Car -1.000000 -1 -1 30.24184318975206 164.5030453031562 206.96636843196 266.1205142847573 -1 -1 -1 -1 -1 -1 -1 -1 1 
133 86 Car -1.000000 -1 -1 505.5673026875749 179.29200466721662 520.1376704219495 188.39257701473772 -1 -1 -1 -1 -1 -1 -1 -1 1 
133 87 Car -1.000000 -1 -1 416.4306469769636 164.62083760569996 466.1798597659943 206.31672100880934 -1 -1 -1 -1 -1 -1 -1 -1 1 
134 85 Car -1.000000 -1 -1 -25.39704891974334 165.28051542702633 171.7954473439528 281.6982330512575 -1 -1 -1 -1 -1 -1 -1 -1 1 
134 87 Car -1.000000 -1 -1 409.6705589373972 164.01450361574192 461.3378262166827 207.31794850334367 -1 -1 -1 -1 -1 -1 -1 -1 1 
135 85 Car -1.000000 -1 -1 -63.32506545549057 164.20591405442906 145.18500486712907 287.30526346471913 -1 -1 -1 -1 -1 -1 -1 -1 1 
137 92 Car -1.000000 -1 -1 333.68734846569754 169.62515872956 411.3579381471019 224.57134670991553 -1 -1 -1 -1 -1 -1 -1 -1 1 
138 92 Car -1.000000 -1 -1 296.42911577913486 167.86020127579872 393.75891469377115 235.95425361965712 -1 -1 -1 -1 -1 -1 -1 -1 1 
139 92 Car -1.000000 -1 -1 255.58426671902436 164.79448534754096 375.1640064385352 247.77228195263473 -1 -1 -1 -1 -1 -1 -1 -1 1 
139 94 Car -1.000000 -1 -1 502.4733478595999 185.15686792627181 522.9931334524385 197.4484868328979 -1 -1 -1 -1 -1 -1 -1 -1 1 
139 95 Car -1.000000 -1 -1 587.174292882367 181.51991885971307 621.7067268219255 203.78037697114783 -1 -1 -1 -1 -1 -1 -1 -1 1 
140 69 Car -1.000000 -1 -1 586.9700174618145 180.32360091502144 618.8455495300735 203.06204556648407 -1 -1 -1 -1 -1 -1 -1 -1 1 
140 92 Car -1.000000 -1 -1 198.30376181951675 158.77066578770413 346.2041283810008 259.99025871258067 -1 -1 -1 -1 -1 -1 -1 -1 1 
140 94 Car -1.000000 -1 -1 502.60037648188506 185.69994684797172 521.1200992520367 196.80862670169842 -1 -1 -1 -1 -1 -1 -1 -1 1 
140 95 Car -1.000000 -1 -1 587.4997299053707 181.5447165225742 622.0027215443616 203.78619543681202 -1 -1 -1 -1 -1 -1 -1 -1 1 
141 69 Car -1.000000 -1 -1 587.6979779826896 180.39220883878494 620.0123467456324 203.3276888262965 -1 -1 -1 -1 -1 -1 -1 -1 1 
141 92 Car -1.000000 -1 -1 119.70963834857768 157.5439796637408 296.7775276338533 275.19771391102427 -1 -1 -1 -1 -1 -1 -1 -1 1 
141 94 Car -1.000000 -1 -1 502.7066629083672 185.72354637046163 520.4947742496114 196.34601700371834 -1 -1 -1 -1 -1 -1 -1 -1 1 
142 69 Car -1.000000 -1 -1 587.6541757578324 180.5189266653554 620.4760180479498 203.51091647946907 -1 -1 -1 -1 -1 -1 -1 -1 1 
142 92 Car -1.000000 -1 -1 30.26082443394327 150.27302577625477 252.4660369651323 297.3135787492072 -1 -1 -1 -1 -1 -1 -1 -1 1 
142 94 Car -1.000000 -1 -1 502.77206720491114 185.91378205079008 519.7689104945558 196.06373350701566 -1 -1 -1 -1 -1 -1 -1 -1 1 
143 69 Car -1.000000 -1 -1 587.2853765301546 179.15452650385134 620.6774513998942 202.46629420490308 -1 -1 -1 -1 -1 -1 -1 -1 1 
143 92 Car -1.000000 -1 -1 -39.82324259189667 136.01505139122418 225.94001912885975 317.76487826714424 -1 -1 -1 -1 -1 -1 -1 -1 1 
143 97 Car -1.000000 -1 -1 422.4770501499231 186.3522871588187 461.5642958898592 209.8050609690595 -1 -1 -1 -1 -1 -1 -1 -1 1 
144 69 Car -1.000000 -1 -1 586.5932101594627 176.91389421556423 621.1520926749839 201.1875079635483 -1 -1 -1 -1 -1 -1 -1 -1 1 
144 92 Car -1.000000 -1 -1 -80.86669534655269 133.38470905633028 203.14906860250065 327.617024951377 -1 -1 -1 -1 -1 -1 -1 -1 1 
144 97 Car -1.000000 -1 -1 411.8179121226741 183.62594647549025 455.3916526443619 209.6120829450897 -1 -1 -1 -1 -1 -1 -1 -1 1 
145 69 Car -1.000000 -1 -1 587.0505997421322 176.43623479563504 621.7689799386054 200.82187221128873 -1 -1 -1 -1 -1 -1 -1 -1 1 
145 95 Car -1.000000 -1 -1 585.8976915273756 173.75472161001656 622.6187303573482 197.6574750563481 -1 -1 -1 -1 -1 -1 -1 -1 1 
145 97 Car -1.000000 -1 -1 396.80537585047955 182.258009267532 444.2241365298058 210.48658344347638 -1 -1 -1 -1 -1 -1 -1 -1 1 
146 95 Car -1.000000 -1 -1 585.5517016931449 173.46497842032673 621.7262896031505 197.1629435830944 -1 -1 -1 -1 -1 -1 -1 -1 1 
146 97 Car -1.000000 -1 -1 376.355458627369 182.70014601650794 428.15183797931905 213.53411116693601 -1 -1 -1 -1 -1 -1 -1 -1 1 
147 95 Car -1.000000 -1 -1 584.8250285521284 172.9035785524988 621.0910067778754 196.77609023536732 -1 -1 -1 -1 -1 -1 -1 -1 1 
147 97 Car -1.000000 -1 -1 354.37100213806264 186.31423270037348 409.21733046370116 218.7206712795479 -1 -1 -1 -1 -1 -1 -1 -1 1 
148 95 Car -1.000000 -1 -1 584.5784356060475 172.0182453107243 621.0912930583116 196.053270490952 -1 -1 -1 -1 -1 -1 -1 -1 1 
148 97 Car -1.000000 -1 -1 332.6446879642804 187.3568314991359 396.99290388157004 224.38864605969596 -1 -1 -1 -1 -1 -1 -1 -1 1 
149 97 Car -1.000000 -1 -1 300.5118891501461 191.1809523584454 372.6183392197962 231.88175680749788 -1 -1 -1 -1 -1 -1 -1 -1 1 
150 97 Car -1.000000 -1 -1 285.092303258417 191.6901149702181 360.94547874867646 234.5057659349289 -1 -1 -1 -1 -1 -1 -1 -1 1 
150 102 Car -1.000000 -1 -1 424.9184540983304 183.45651125691714 471.31616822364543 209.39843319928983 -1 -1 -1 -1 -1 -1 -1 -1 1 
151 102 Car -1.000000 -1 -1 415.64349755820444 184.87255708120563 462.67351006163113 211.21314117478087 -1 -1 -1 -1 -1 -1 -1 -1 1 
152 95 Car -1.000000 -1 -1 584.5938513974879 172.48691863522362 620.3633508159477 196.0485034818302 -1 -1 -1 -1 -1 -1 -1 -1 1 
152 102 Car -1.000000 -1 -1 400.0765170977142 184.27423082231715 447.5911962514874 211.0129236814869 -1 -1 -1 -1 -1 -1 -1 -1 1 
152 104 Car -1.000000 -1 -1 109.66882712359016 195.4328377469502 272.4184185292831 269.3980191345205 -1 -1 -1 -1 -1 -1 -1 -1 1 
153 95 Car -1.000000 -1 -1 584.4394639709227 171.9750465927071 620.2968287809315 195.59451130102798 -1 -1 -1 -1 -1 -1 -1 -1 1 
153 102 Car -1.000000 -1 -1 384.6812116558073 182.23210674195087 437.38358833690984 211.8103843173853 -1 -1 -1 -1 -1 -1 -1 -1 1 
153 104 Car -1.000000 -1 -1 18.395638484621813 196.0926211707142 229.5430053255419 292.2796769439627 -1 -1 -1 -1 -1 -1 -1 -1 1 
154 102 Car -1.000000 -1 -1 365.8980676596467 181.17840209827074 424.65391801369015 214.20039233603586 -1 -1 -1 -1 -1 -1 -1 -1 1 
154 104 Car -1.000000 -1 -1 -52.72981336814526 196.25020034773388 187.04084212500527 308.5265193478754 -1 -1 -1 -1 -1 -1 -1 -1 1 
155 95 Car -1.000000 -1 -1 584.6157328424747 172.60181682239892 619.8812769052769 195.77907760104634 -1 -1 -1 -1 -1 -1 -1 -1 1 
155 102 Car -1.000000 -1 -1 344.9759237557406 183.61510751600593 409.43043929471065 219.9784608134118 -1 -1 -1 -1 -1 -1 -1 -1 1 
155 104 Car -1.000000 -1 -1 -103.98168581125965 195.81271352636384 160.89233246537987 319.84407760300394 -1 -1 -1 -1 -1 -1 -1 -1 1 
156 95 Car -1.000000 -1 -1 584.869852846055 172.6166028223908 619.8476176401449 195.57607602149048 -1 -1 -1 -1 -1 -1 -1 -1 1 
156 102 Car -1.000000 -1 -1 319.50305987354636 186.19822793457854 391.98850852850626 227.20325688145567 -1 -1 -1 -1 -1 -1 -1 -1 1 
156 105 Car -1.000000 -1 -1 443.47674647261306 180.08275969849797 474.5008887338879 201.06009622904446 -1 -1 -1 -1 -1 -1 -1 -1 1 
157 95 Car -1.000000 -1 -1 584.8092876293015 172.30917380744765 619.7536405072752 195.24671687233973 -1 -1 -1 -1 -1 -1 -1 -1 1 
157 102 Car -1.000000 -1 -1 288.22087466281044 190.40275589480956 366.1954584324197 234.24539959775512 -1 -1 -1 -1 -1 -1 -1 -1 1 
157 105 Car -1.000000 -1 -1 433.69755403497595 179.4893498498409 470.64580026786206 204.55151316456445 -1 -1 -1 -1 -1 -1 -1 -1 1 
158 95 Car -1.000000 -1 -1 585.1727487109608 177.4147444131417 619.3841385297407 199.62952249181245 -1 -1 -1 -1 -1 -1 -1 -1 1 
158 102 Car -1.000000 -1 -1 244.98789033330888 194.37243875169526 340.9668218941539 247.56775905648365 -1 -1 -1 -1 -1 -1 -1 -1 1 
158 105 Car -1.000000 -1 -1 425.61001972532165 182.25535377469646 464.82838905086174 208.75353351529955 -1 -1 -1 -1 -1 -1 -1 -1 1 
159 95 Car -1.000000 -1 -1 587.7679678152267 181.59592196547754 616.3441766942562 200.3686176665356 -1 -1 -1 -1 -1 -1 -1 -1 1 
159 102 Car -1.000000 -1 -1 189.64976277002046 197.0171307710788 306.39436742836153 260.5386632163073 -1 -1 -1 -1 -1 -1 -1 -1 1 
159 105 Car -1.000000 -1 -1 417.07077453560527 183.00159525385502 458.8490955272508 211.11568213774711 -1 -1 -1 -1 -1 -1 -1 -1 1 
160 95 Car -1.000000 -1 -1 585.657028171452 180.14693763872867 617.8527041403404 200.94324113650288 -1 -1 -1 -1 -1 -1 -1 -1 1 
160 102 Car -1.000000 -1 -1 169.8233182972625 198.2723186838 292.37919294730517 264.9557907830344 -1 -1 -1 -1 -1 -1 -1 -1 1 
160 105 Car -1.000000 -1 -1 405.0386945781321 182.15518220483875 450.56905068855474 212.9134287726373 -1 -1 -1 -1 -1 -1 -1 -1 1 
161 95 Car -1.000000 -1 -1 585.6501190115189 180.58743249861922 617.6266469414212 201.24217774290892 -1 -1 -1 -1 -1 -1 -1 -1 1 
161 105 Car -1.000000 -1 -1 392.36727939877767 180.81607952206713 441.9475965716423 214.15533782485292 -1 -1 -1 -1 -1 -1 -1 -1 1 
162 105 Car -1.000000 -1 -1 378.16315085332064 180.29302205763426 432.44544956232835 217.1028081041409 -1 -1 -1 -1 -1 -1 -1 -1 1 
162 108 Car -1.000000 -1 -1 -84.60720751946873 201.0672793333951 196.91355670269593 324.6158875289622 -1 -1 -1 -1 -1 -1 -1 -1 1 
163 105 Car -1.000000 -1 -1 363.39802540299553 183.79566972556773 419.45097478176126 221.5208301959338 -1 -1 -1 -1 -1 -1 -1 -1 1 
163 108 Car -1.000000 -1 -1 -119.62235404568982 202.226238620344 182.41546095001024 334.77899242577973 -1 -1 -1 -1 -1 -1 -1 -1 1 
164 105 Car -1.000000 -1 -1 345.9142324582681 184.63739543924396 407.7343185564734 224.94669004235473 -1 -1 -1 -1 -1 -1 -1 -1 1 
165 105 Car -1.000000 -1 -1 318.50681030146154 184.6791504691007 387.28562482546323 229.01444150006262 -1 -1 -1 -1 -1 -1 -1 -1 1 
166 105 Car -1.000000 -1 -1 287.72615712491034 184.3694186627066 365.84905018422893 233.77305707234382 -1 -1 -1 -1 -1 -1 -1 -1 1 
166 110 Car -1.000000 -1 -1 57.83721956633622 191.6614488262146 100.77268834432189 212.8987637812209 -1 -1 -1 -1 -1 -1 -1 -1 1 
167 95 Car -1.000000 -1 -1 587.6419406410158 179.35533169644515 623.3622082902557 202.3902161774249 -1 -1 -1 -1 -1 -1 -1 -1 1 
167 105 Car -1.000000 -1 -1 246.42587585874145 186.0979465313401 338.8968061966607 243.3079621489088 -1 -1 -1 -1 -1 -1 -1 -1 1 
167 110 Car -1.000000 -1 -1 43.80286468173047 191.55404479139506 89.98849704814216 214.4821421309899 -1 -1 -1 -1 -1 -1 -1 -1 1 
167 112 Car -1.000000 -1 -1 423.25725524946614 175.14343911925263 464.5836816136809 206.23872347876116 -1 -1 -1 -1 -1 -1 -1 -1 1 
168 69 Car -1.000000 -1 -1 589.6249293605157 173.68092223738466 624.4078716514231 198.1681147301906 -1 -1 -1 -1 -1 -1 -1 -1 1 
168 95 Car -1.000000 -1 -1 587.8144811474458 179.458373484969 623.7513504068403 202.6329335768894 -1 -1 -1 -1 -1 -1 -1 -1 1 
168 105 Car -1.000000 -1 -1 195.36884719073623 184.6618288188517 307.7213978526894 252.21765287620156 -1 -1 -1 -1 -1 -1 -1 -1 1 
168 110 Car -1.000000 -1 -1 31.33192108934407 190.27934878058798 75.3526166208103 211.9912073829088 -1 -1 -1 -1 -1 -1 -1 -1 1 
168 112 Car -1.000000 -1 -1 414.61837024864565 172.72216539077584 459.86000620899887 206.78577542540597 -1 -1 -1 -1 -1 -1 -1 -1 1 
169 69 Car -1.000000 -1 -1 589.7306677458891 173.5657153015441 624.5179251899008 198.055943257218 -1 -1 -1 -1 -1 -1 -1 -1 1 
169 105 Car -1.000000 -1 -1 179.72180761016185 184.46223587877137 297.9684073283465 255.5620057645255 -1 -1 -1 -1 -1 -1 -1 -1 1 
169 110 Car -1.000000 -1 -1 15.410313854816863 187.93677873018694 61.47483404269056 210.66955688238457 -1 -1 -1 -1 -1 -1 -1 -1 1 
169 112 Car -1.000000 -1 -1 403.7436227897461 171.92049946517903 449.84485076008366 206.3603778447781 -1 -1 -1 -1 -1 -1 -1 -1 1 
169 114 Car -1.000000 -1 -1 535.8620790167626 172.98758187305899 574.659848784985 196.82208961414284 -1 -1 -1 -1 -1 -1 -1 -1 1 
170 110 Car -1.000000 -1 -1 4.5205346349873246 187.21480104951587 51.258626915182205 210.2799859779986 -1 -1 -1 -1 -1 -1 -1 -1 1 
170 112 Car -1.000000 -1 -1 390.31893095787933 171.26403910153726 438.0539298392038 206.67142478599445 -1 -1 -1 -1 -1 -1 -1 -1 1 
170 114 Car -1.000000 -1 -1 537.7136874690237 172.66691815920004 575.9893511998116 196.124509590034 -1 -1 -1 -1 -1 -1 -1 -1 1 
171 112 Car -1.000000 -1 -1 377.137493048972 170.12189516525055 429.3668028054978 208.69711424169878 -1 -1 -1 -1 -1 -1 -1 -1 1 
171 114 Car -1.000000 -1 -1 537.6035596039449 171.72066474728686 575.890682762853 195.18527919859994 -1 -1 -1 -1 -1 -1 -1 -1 1 
171 116 Car -1.000000 -1 -1 -78.82949097038107 181.8563287808038 191.85466712889252 313.8808031985517 -1 -1 -1 -1 -1 -1 -1 -1 1 
172 112 Car -1.000000 -1 -1 362.2162797482736 171.13878090663042 420.99652211017064 214.04167645012225 -1 -1 -1 -1 -1 -1 -1 -1 1 
172 116 Car -1.000000 -1 -1 -112.95680017396072 182.01412333444063 178.06805553923724 323.9596467562146 -1 -1 -1 -1 -1 -1 -1 -1 1 
173 112 Car -1.000000 -1 -1 351.2761827193669 172.0354175180927 417.8204598473435 219.55531675059495 -1 -1 -1 -1 -1 -1 -1 -1 1 
174 112 Car -1.000000 -1 -1 329.04563391070064 173.27471853560235 399.9777740252874 222.75663977148787 -1 -1 -1 -1 -1 -1 -1 -1 1 
174 118 Car -1.000000 -1 -1 519.639346130799 178.7697740756238 565.1663693694587 205.57126802156762 -1 -1 -1 -1 -1 -1 -1 -1 1 
175 112 Car -1.000000 -1 -1 304.2639436400502 172.04981442387427 384.69036256693875 226.53579469895956 -1 -1 -1 -1 -1 -1 -1 -1 1 
175 118 Car -1.000000 -1 -1 517.3259779570647 177.5137417534605 563.8603035827925 205.12322595604883 -1 -1 -1 -1 -1 -1 -1 -1 1 
176 112 Car -1.000000 -1 -1 267.64411169759154 170.0222376545262 359.08006987485277 230.4353063673597 -1 -1 -1 -1 -1 -1 -1 -1 1 
176 118 Car -1.000000 -1 -1 515.4669048335691 177.0972671880611 562.4197284811179 205.1487301961335 -1 -1 -1 -1 -1 -1 -1 -1 1 
177 112 Car -1.000000 -1 -1 229.25034587707842 171.5745087674507 332.19424474642517 238.29018174577496 -1 -1 -1 -1 -1 -1 -1 -1 1 
177 118 Car -1.000000 -1 -1 513.0065142701769 176.28858404429238 562.4810586612413 206.11165530005502 -1 -1 -1 -1 -1 -1 -1 -1 1 
178 112 Car -1.000000 -1 -1 183.00970530499714 175.4058899328707 302.29516673158867 250.20467741645712 -1 -1 -1 -1 -1 -1 -1 -1 1 
178 118 Car -1.000000 -1 -1 508.8648672050294 175.5879707188708 562.904795480705 208.49236611923277 -1 -1 -1 -1 -1 -1 -1 -1 1 
178 121 Car -1.000000 -1 -1 421.33982714970784 180.87234876175165 455.1914724790575 204.58159040581626 -1 -1 -1 -1 -1 -1 -1 -1 1 
179 112 Car -1.000000 -1 -1 116.62317218253655 172.47818296794037 264.66795312392526 263.2851053858444 -1 -1 -1 -1 -1 -1 -1 -1 1 
179 118 Car -1.000000 -1 -1 507.2438885526215 175.8474227911291 562.653700703368 210.13226701015608 -1 -1 -1 -1 -1 -1 -1 -1 1 
179 121 Car -1.000000 -1 -1 408.65689289022345 182.96926180342103 445.53113123918064 208.6039124420655 -1 -1 -1 -1 -1 -1 -1 -1 1 
180 112 Car -1.000000 -1 -1 42.550641212549365 167.38351015470977 227.44499160374193 280.2591000485967 -1 -1 -1 -1 -1 -1 -1 -1 1 
180 118 Car -1.000000 -1 -1 503.1111815259629 178.68326996996453 559.0279595415022 213.69812404890158 -1 -1 -1 -1 -1 -1 -1 -1 1 
180 121 Car -1.000000 -1 -1 397.16843417270786 185.02980760767875 437.193668583641 212.717276397386 -1 -1 -1 -1 -1 -1 -1 -1 1 
181 112 Car -1.000000 -1 -1 -20.54342170256602 163.37192830379075 202.54883372845018 304.952458100345 -1 -1 -1 -1 -1 -1 -1 -1 1 
181 118 Car -1.000000 -1 -1 495.476793913704 183.5360463554581 553.6306118812753 219.87054950316997 -1 -1 -1 -1 -1 -1 -1 -1 1 
181 121 Car -1.000000 -1 -1 381.48113301015405 188.81193041752326 425.91421908803693 219.56877425923068 -1 -1 -1 -1 -1 -1 -1 -1 1 
182 112 Car -1.000000 -1 -1 -45.77707594104962 162.65528368641887 187.0651714362715 310.4233142779631 -1 -1 -1 -1 -1 -1 -1 -1 1 
182 118 Car -1.000000 -1 -1 490.32873197907145 184.71786737599845 554.1641140126161 225.07214549880953 -1 -1 -1 -1 -1 -1 -1 -1 1 
182 121 Car -1.000000 -1 -1 365.07503219754005 192.7481048693931 413.17040976411397 225.71626025983807 -1 -1 -1 -1 -1 -1 -1 -1 1 
183 118 Car -1.000000 -1 -1 488.8297578087914 189.6403962824906 550.1417147177107 228.66350426158706 -1 -1 -1 -1 -1 -1 -1 -1 1 
183 121 Car -1.000000 -1 -1 345.9638148310008 194.94604069582 397.1537596203029 229.67967233355233 -1 -1 -1 -1 -1 -1 -1 -1 1 
184 118 Car -1.000000 -1 -1 484.8820824935078 186.55132351051458 550.1463946289409 228.8455462995097 -1 -1 -1 -1 -1 -1 -1 -1 1 
184 121 Car -1.000000 -1 -1 325.97932064463447 194.41956315140663 382.0256336497047 232.16983776163758 -1 -1 -1 -1 -1 -1 -1 -1 1 
185 118 Car -1.000000 -1 -1 480.4097517422631 185.0045218258711 547.3516533261384 228.70891639908785 -1 -1 -1 -1 -1 -1 -1 -1 1 
185 121 Car -1.000000 -1 -1 305.19080455028563 195.2726926825091 364.25596081137417 234.11685482173547 -1 -1 -1 -1 -1 -1 -1 -1 1 
186 118 Car -1.000000 -1 -1 477.1181481278504 183.12078269205222 546.3520309138917 228.97150411230768 -1 -1 -1 -1 -1 -1 -1 -1 1 
186 121 Car -1.000000 -1 -1 272.903253976855 192.27275425753845 343.1767755750657 237.60211705934148 -1 -1 -1 -1 -1 -1 -1 -1 1 
187 69 Car -1.000000 -1 -1 574.0643162636524 177.9934078899316 607.0639774690446 201.37289959507416 -1 -1 -1 -1 -1 -1 -1 -1 1 
187 118 Car -1.000000 -1 -1 470.55943716372786 181.97729254244155 545.3953912680156 232.1173287130135 -1 -1 -1 -1 -1 -1 -1 -1 1 
187 121 Car -1.000000 -1 -1 235.02848318562187 191.98747384392783 318.67197183105014 244.40487523638836 -1 -1 -1 -1 -1 -1 -1 -1 1 
188 69 Car -1.000000 -1 -1 575.4379506150729 178.18202000854745 609.2393230861936 202.13788781739308 -1 -1 -1 -1 -1 -1 -1 -1 1 
188 118 Car -1.000000 -1 -1 462.09087366123964 181.54930471066808 543.511860279019 236.62206017654344 -1 -1 -1 -1 -1 -1 -1 -1 1 
188 121 Car -1.000000 -1 -1 184.30559445012443 194.04355188800665 284.095873450105 253.793480379372 -1 -1 -1 -1 -1 -1 -1 -1 1 
188 123 Car -1.000000 -1 -1 342.0313799901436 186.17179452391784 390.4139412335298 214.1088930068845 -1 -1 -1 -1 -1 -1 -1 -1 1 
189 69 Car -1.000000 -1 -1 574.8539561441273 178.39694761451156 608.6643424048383 202.35921097856487 -1 -1 -1 -1 -1 -1 -1 -1 1 
189 118 Car -1.000000 -1 -1 453.2521545967443 181.14960527088732 539.626204087876 240.12350312860144 -1 -1 -1 -1 -1 -1 -1 -1 1 
189 121 Car -1.000000 -1 -1 117.47765412863784 197.45413430011794 244.05282757536872 270.1873266652151 -1 -1 -1 -1 -1 -1 -1 -1 1 
189 123 Car -1.000000 -1 -1 322.02165662391303 187.12635435161897 377.8359206260032 219.41860096697215 -1 -1 -1 -1 -1 -1 -1 -1 1 
190 118 Car -1.000000 -1 -1 445.19077465552755 180.813671343778 535.7928357881489 243.10746676889593 -1 -1 -1 -1 -1 -1 -1 -1 1 
190 121 Car -1.000000 -1 -1 95.72579716511716 198.81181559134745 228.30272460323374 274.99368244922175 -1 -1 -1 -1 -1 -1 -1 -1 1 
190 123 Car -1.000000 -1 -1 301.6544739395252 187.24734366709583 363.800376150084 223.12935962584646 -1 -1 -1 -1 -1 -1 -1 -1 1 
191 118 Car -1.000000 -1 -1 440.4162725908554 180.82095119227216 534.252167304418 245.3382466435982 -1 -1 -1 -1 -1 -1 -1 -1 1 
191 123 Car -1.000000 -1 -1 275.5030882907439 186.56263301647544 341.6464907044894 224.76775376934268 -1 -1 -1 -1 -1 -1 -1 -1 1 
192 123 Car -1.000000 -1 -1 245.51136695885538 184.59165751687055 319.2682212773198 227.18342171615382 -1 -1 -1 -1 -1 -1 -1 -1 1 
193 123 Car -1.000000 -1 -1 204.2387251093473 185.48977557242569 288.9942966018695 233.9702566741432 -1 -1 -1 -1 -1 -1 -1 -1 1 
194 95 Car -1.000000 -1 -1 583.0545309617639 173.2832633638264 620.5019942486905 198.73565751387338 -1 -1 -1 -1 -1 -1 -1 -1 1 
194 123 Car -1.000000 -1 -1 156.3659800093699 190.31539428124051 251.212846880847 244.01636672827735 -1 -1 -1 -1 -1 -1 -1 -1 1 
195 95 Car -1.000000 -1 -1 582.3070925649744 176.25442125105712 620.4648943350095 202.27011824398943 -1 -1 -1 -1 -1 -1 -1 -1 1 
195 123 Car -1.000000 -1 -1 101.1541592890344 195.28425686049684 208.2971214441945 253.79014456092483 -1 -1 -1 -1 -1 -1 -1 -1 1 
195 125 Car -1.000000 -1 -1 352.58821501410273 182.35514948970655 505.6396166314221 289.47528930719517 -1 -1 -1 -1 -1 -1 -1 -1 1 
196 95 Car -1.000000 -1 -1 582.0055054878604 176.30827864668976 620.3549399060521 202.45467651291918 -1 -1 -1 -1 -1 -1 -1 -1 1 
196 123 Car -1.000000 -1 -1 33.55992118015429 197.4111862592332 171.1691337581322 272.5119567896228 -1 -1 -1 -1 -1 -1 -1 -1 1 
196 125 Car -1.000000 -1 -1 318.0589656202619 185.9982188558983 492.28748277703227 307.19298189198753 -1 -1 -1 -1 -1 -1 -1 -1 1 
197 123 Car -1.000000 -1 -1 -17.083110513013324 197.05718502835336 130.64872559275318 280.8823941804848 -1 -1 -1 -1 -1 -1 -1 -1 1 
197 125 Car -1.000000 -1 -1 268.2425227179258 184.97222827547574 482.03452649005783 333.7590083489603 -1 -1 -1 -1 -1 -1 -1 -1 1 
198 123 Car -1.000000 -1 -1 -46.54724928815904 197.91517591839397 109.10323175332388 286.23353869510447 -1 -1 -1 -1 -1 -1 -1 -1 1 
198 125 Car -1.000000 -1 -1 204.26619825295822 179.39383388940882 467.07177842745614 361.5574367110273 -1 -1 -1 -1 -1 -1 -1 -1 1 
199 125 Car -1.000000 -1 -1 124.37203205956013 178.57252514321613 417.1706500756306 376.399473969302 -1 -1 -1 -1 -1 -1 -1 -1 1 
200 125 Car -1.000000 -1 -1 68.68817269866585 179.0059868379115 380.0579634944353 383.5439006578228 -1 -1 -1 -1 -1 -1 -1 -1 1 
201 125 Car -1.000000 -1 -1 26.067968519820965 181.375991881851 341.5564710486188 384.7482467744403 -1 -1 -1 -1 -1 -1 -1 -1 1 
202 125 Car -1.000000 -1 -1 -4.484139400937124 181.60755479430023 309.39481373837725 382.24755352974216 -1 -1 -1 -1 -1 -1 -1 -1 1 
202 127 Car -1.000000 -1 -1 405.8164863467771 183.17408602049528 452.8695670586292 212.8372540436413 -1 -1 -1 -1 -1 -1 -1 -1 1 
203 125 Car -1.000000 -1 -1 -40.84492166671541 182.18164015047688 292.4005318942386 395.20116874825965 -1 -1 -1 -1 -1 -1 -1 -1 1 
203 127 Car -1.000000 -1 -1 395.0942279655515 183.10878311828088 443.45526518425345 213.55464305884038 -1 -1 -1 -1 -1 -1 -1 -1 1 
204 127 Car -1.000000 -1 -1 377.27908914317004 184.95465979107342 432.67466653772686 219.75139824695844 -1 -1 -1 -1 -1 -1 -1 -1 1 
205 127 Car -1.000000 -1 -1 355.91983574508583 190.67401009737404 414.35275589320725 227.04105767202236 -1 -1 -1 -1 -1 -1 -1 -1 1 
206 127 Car -1.000000 -1 -1 332.4331919294677 191.35983528715246 401.5695982363592 233.9214887316742 -1 -1 -1 -1 -1 -1 -1 -1 1 
206 129 Car -1.000000 -1 -1 493.4606148817821 187.15082815791274 519.069023382466 203.58685922172447 -1 -1 -1 -1 -1 -1 -1 -1 1 
207 127 Car -1.000000 -1 -1 301.0566975966136 196.45694081827097 371.21090039968567 238.65160033842497 -1 -1 -1 -1 -1 -1 -1 -1 1 
207 129 Car -1.000000 -1 -1 485.8433382189599 188.4919331221716 511.1532510481644 204.78331749937126 -1 -1 -1 -1 -1 -1 -1 -1 1 
208 127 Car -1.000000 -1 -1 256.3689233378342 197.04283068225553 335.838138355536 244.08420442406 -1 -1 -1 -1 -1 -1 -1 -1 1 
208 129 Car -1.000000 -1 -1 478.36101098114386 184.87127120359534 504.9610719436364 201.89059087791043 -1 -1 -1 -1 -1 -1 -1 -1 1 
209 127 Car -1.000000 -1 -1 213.13829481479962 204.1309455082323 300.4698509489414 253.39820647382874 -1 -1 -1 -1 -1 -1 -1 -1 1 
209 129 Car -1.000000 -1 -1 472.08165641002967 183.7207004091897 498.8524296318843 200.59514769906755 -1 -1 -1 -1 -1 -1 -1 -1 1 
210 127 Car -1.000000 -1 -1 144.75986194990077 200.43336183839435 263.4628254460257 265.48053862689864 -1 -1 -1 -1 -1 -1 -1 -1 1 
210 129 Car -1.000000 -1 -1 459.8230307442272 182.18543207266077 490.4614724576201 201.8115241902997 -1 -1 -1 -1 -1 -1 -1 -1 1 
211 69 Car -1.000000 -1 -1 594.5876891303301 177.91254974016917 628.5475541692398 201.91940570710074 -1 -1 -1 -1 -1 -1 -1 -1 1 
211 127 Car -1.000000 -1 -1 119.81499401995214 201.88104937093635 245.41134147566464 270.70564189357606 -1 -1 -1 -1 -1 -1 -1 -1 1 
211 129 Car -1.000000 -1 -1 449.9527706067892 181.43822604312268 483.4282525625608 202.83851355961002 -1 -1 -1 -1 -1 -1 -1 -1 1 
211 131 Car -1.000000 -1 -1 194.87580545913386 187.88310843258228 287.59266666177655 239.71519125381394 -1 -1 -1 -1 -1 -1 -1 -1 1 
212 69 Car -1.000000 -1 -1 595.473871413797 177.89257216014502 629.4366536629628 201.90149268480417 -1 -1 -1 -1 -1 -1 -1 -1 1 
212 129 Car -1.000000 -1 -1 440.115894104928 180.7778321748569 476.1311467070936 203.7134756170044 -1 -1 -1 -1 -1 -1 -1 -1 1 
212 131 Car -1.000000 -1 -1 174.74030168001894 187.73560007515732 271.71676658977276 241.9489554109965 -1 -1 -1 -1 -1 -1 -1 -1 1 
213 95 Car -1.000000 -1 -1 591.9314235382005 176.76464594009158 626.7769705672204 201.87299213587403 -1 -1 -1 -1 -1 -1 -1 -1 1 
213 129 Car -1.000000 -1 -1 427.31846756483225 181.14316493176315 464.89921085684875 204.99270176820784 -1 -1 -1 -1 -1 -1 -1 -1 1 
213 135 Car -1.000000 -1 -1 -40.30320181692639 189.82023436292917 194.65512996844842 289.14595755124344 -1 -1 -1 -1 -1 -1 -1 -1 1 
214 95 Car -1.000000 -1 -1 592.373400797353 176.7941702834785 627.1604380734838 201.8604745848377 -1 -1 -1 -1 -1 -1 -1 -1 1 
214 129 Car -1.000000 -1 -1 413.7001872801752 180.09485907848423 455.24505807794594 206.0585294344363 -1 -1 -1 -1 -1 -1 -1 -1 1 
214 135 Car -1.000000 -1 -1 -51.801090196225076 190.60161952141056 153.82579909746215 279.4864464642902 -1 -1 -1 -1 -1 -1 -1 -1 1 
215 129 Car -1.000000 -1 -1 397.7219049546588 181.29903136986098 443.45680907550656 209.63372374305132 -1 -1 -1 -1 -1 -1 -1 -1 1 
215 135 Car -1.000000 -1 -1 -56.15852591530125 189.38456267899448 140.8280495218159 274.53450838163087 -1 -1 -1 -1 -1 -1 -1 -1 1 
216 129 Car -1.000000 -1 -1 380.8652496354255 183.22757261514238 429.537525724696 213.10671538451288 -1 -1 -1 -1 -1 -1 -1 -1 1 
217 129 Car -1.000000 -1 -1 359.55397372331674 186.24674718137132 412.33543165482496 218.09681911584482 -1 -1 -1 -1 -1 -1 -1 -1 1 
218 129 Car -1.000000 -1 -1 334.9217121384588 187.4481094207906 392.25714960010026 221.4774595492631 -1 -1 -1 -1 -1 -1 -1 -1 1 
219 129 Car -1.000000 -1 -1 305.9985607736002 187.9796559575087 370.54311957649634 225.7723291619091 -1 -1 -1 -1 -1 -1 -1 -1 1 
220 129 Car -1.000000 -1 -1 264.53170271728 188.17440840559897 336.6345442245862 228.96806798308316 -1 -1 -1 -1 -1 -1 -1 -1 1 
221 129 Car -1.000000 -1 -1 220.48211421882894 188.40545967172324 307.1942756563342 236.03358251341558 -1 -1 -1 -1 -1 -1 -1 -1 1 
222 129 Car -1.000000 -1 -1 204.0504735153609 188.58061440898243 294.4397993837563 238.22842359246565 -1 -1 -1 -1 -1 -1 -1 -1 1 
224 137 Car -1.000000 -1 -1 -34.05826922349999 206.326703024932 187.46737491431546 291.6172629045499 -1 -1 -1 -1 -1 -1 -1 -1 1 
228 137 Car -1.000000 -1 -1 -67.89311942105088 209.67789084603203 169.1726892884639 300.9516387979175 -1 -1 -1 -1 -1 -1 -1 -1 1 
231 139 Car -1.000000 -1 -1 397.9179814441824 185.96333150310656 436.567298949528 209.597651658433 -1 -1 -1 -1 -1 -1 -1 -1 1 
232 95 Car -1.000000 -1 -1 594.3336276352481 177.7109009728824 627.6834763778855 202.16608092781007 -1 -1 -1 -1 -1 -1 -1 -1 1 
232 139 Car -1.000000 -1 -1 382.7640693422797 184.89152397918417 426.86327487908216 211.9048798003538 -1 -1 -1 -1 -1 -1 -1 -1 1 
233 95 Car -1.000000 -1 -1 594.1155363548161 177.1037122889881 627.1767636544754 201.63663398924777 -1 -1 -1 -1 -1 -1 -1 -1 1 
233 139 Car -1.000000 -1 -1 369.9964349247045 185.07372574892386 415.0204403203132 212.53508750522596 -1 -1 -1 -1 -1 -1 -1 -1 1 
234 95 Car -1.000000 -1 -1 593.3264383353304 174.52069646802423 626.412788389174 199.19528919546818 -1 -1 -1 -1 -1 -1 -1 -1 1 
234 139 Car -1.000000 -1 -1 348.24963369505707 183.07693769552998 399.16628672904216 214.1774249816081 -1 -1 -1 -1 -1 -1 -1 -1 1 
235 95 Car -1.000000 -1 -1 593.1535647787363 173.94158613328932 625.8683348975683 198.42512231399593 -1 -1 -1 -1 -1 -1 -1 -1 1 
235 139 Car -1.000000 -1 -1 326.9232837887929 183.00673237804796 381.53878491843716 216.36666973482642 -1 -1 -1 -1 -1 -1 -1 -1 1 
236 95 Car -1.000000 -1 -1 593.1170274879197 173.60384117142004 625.7897268546644 198.05607022360002 -1 -1 -1 -1 -1 -1 -1 -1 1 
236 139 Car -1.000000 -1 -1 302.8973713351688 184.42163679876725 364.0646425586382 221.16839248763176 -1 -1 -1 -1 -1 -1 -1 -1 1 
237 139 Car -1.000000 -1 -1 276.56096753197215 186.52940041110782 346.33891181378624 227.56022151576474 -1 -1 -1 -1 -1 -1 -1 -1 1 
238 95 Car -1.000000 -1 -1 594.8930225619208 176.3029815537305 627.9303793643481 201.76695475964848 -1 -1 -1 -1 -1 -1 -1 -1 1 
238 139 Car -1.000000 -1 -1 239.63597816813532 188.53103802626362 316.9708642455611 233.2044331474412 -1 -1 -1 -1 -1 -1 -1 -1 1 
238 143 Car -1.000000 -1 -1 252.9647885779343 186.70331052043315 421.54010288474444 235.23622563667303 -1 -1 -1 -1 -1 -1 -1 -1 1 
238 144 Car -1.000000 -1 -1 570.0114249883169 179.42325536934428 596.9098199484774 189.64724281879592 -1 -1 -1 -1 -1 -1 -1 -1 1 
239 95 Car -1.000000 -1 -1 595.0025446076995 176.32470001356535 628.1474411457214 201.87180604895372 -1 -1 -1 -1 -1 -1 -1 -1 1 
239 139 Car -1.000000 -1 -1 213.02758518114348 189.3527083388636 310.9724842751281 243.36185704953095 -1 -1 -1 -1 -1 -1 -1 -1 1 
239 143 Car -1.000000 -1 -1 237.71473715492687 187.19737059471996 414.9796304154147 238.23202072808527 -1 -1 -1 -1 -1 -1 -1 -1 1 
239 144 Car -1.000000 -1 -1 569.9762508046306 179.89247156688583 594.9169100449118 189.34516672668855 -1 -1 -1 -1 -1 -1 -1 -1 1 
240 139 Car -1.000000 -1 -1 163.33556378768657 191.92367709626825 280.8878503589034 254.01626896808133 -1 -1 -1 -1 -1 -1 -1 -1 1 
240 144 Car -1.000000 -1 -1 569.6132870401051 179.95721202691217 595.1688163080707 189.64294747844932 -1 -1 -1 -1 -1 -1 -1 -1 1 
241 139 Car -1.000000 -1 -1 142.85823457485992 192.20564985769914 266.5077510916766 257.5188287283605 -1 -1 -1 -1 -1 -1 -1 -1 1 
242 147 Car -1.000000 -1 -1 405.3557124486281 181.32322475279247 456.93696824834615 213.77489626364692 -1 -1 -1 -1 -1 -1 -1 -1 1 
243 147 Car -1.000000 -1 -1 390.4653219539665 184.88587848460017 443.9007335851921 218.5187078153147 -1 -1 -1 -1 -1 -1 -1 -1 1 
244 95 Car -1.000000 -1 -1 592.4693714503304 176.2223265076989 626.64897724062 203.21519884470908 -1 -1 -1 -1 -1 -1 -1 -1 1 
244 147 Car -1.000000 -1 -1 368.96146014291736 187.59169525515273 426.34724788461307 223.80557662733978 -1 -1 -1 -1 -1 -1 -1 -1 1 
245 95 Car -1.000000 -1 -1 594.4761661070414 176.09744876254643 627.8647828183113 202.75714557130516 -1 -1 -1 -1 -1 -1 -1 -1 1 
245 147 Car -1.000000 -1 -1 341.88502265733285 187.77927871229093 407.7488038495276 229.21819242021002 -1 -1 -1 -1 -1 -1 -1 -1 1 
246 95 Car -1.000000 -1 -1 594.4838905368756 176.08933465452517 628.0252633147724 202.8713436302226 -1 -1 -1 -1 -1 -1 -1 -1 1 
246 147 Car -1.000000 -1 -1 303.3620805442053 187.09974888844258 381.56023258561754 235.99114101181652 -1 -1 -1 -1 -1 -1 -1 -1 1 
247 147 Car -1.000000 -1 -1 262.00711311509804 191.5155636102379 348.73533801681015 244.56405682184197 -1 -1 -1 -1 -1 -1 -1 -1 1 
248 95 Car -1.000000 -1 -1 592.9387706934327 173.37819404316986 626.086038685873 200.1761615874027 -1 -1 -1 -1 -1 -1 -1 -1 1 
248 147 Car -1.000000 -1 -1 241.16808178693185 192.56591857397692 333.40829609936094 248.98588925224462 -1 -1 -1 -1 -1 -1 -1 -1 1 
249 95 Car -1.000000 -1 -1 592.7786980201709 173.11298071292703 626.0498098298774 200.01144532149252 -1 -1 -1 -1 -1 -1 -1 -1 1 
251 95 Car -1.000000 -1 -1 593.1289551019076 176.1847913309007 626.1235900445178 203.31291891580292 -1 -1 -1 -1 -1 -1 -1 -1 1 
252 95 Car -1.000000 -1 -1 593.1608072856033 177.54232705188082 626.0915748680785 204.86158485130207 -1 -1 -1 -1 -1 -1 -1 -1 1 
253 95 Car -1.000000 -1 -1 593.1470337682956 178.39458102310104 625.3948399721116 205.47582357942866 -1 -1 -1 -1 -1 -1 -1 -1 1 
254 95 Car -1.000000 -1 -1 592.8047565120265 178.19300899714773 625.5444104106555 206.17913555673601 -1 -1 -1 -1 -1 -1 -1 -1 1 
255 95 Car -1.000000 -1 -1 592.9150326413926 177.86960528652267 626.291243177297 206.93510532461517 -1 -1 -1 -1 -1 -1 -1 -1 1 
256 95 Car -1.000000 -1 -1 593.8122402239454 177.99784578011725 626.0755584258761 206.40390632644056 -1 -1 -1 -1 -1 -1 -1 -1 1 
257 95 Car -1.000000 -1 -1 593.965342846539 176.55350389059356 626.6731694467783 205.75651958188345 -1 -1 -1 -1 -1 -1 -1 -1 1 
261 95 Car -1.000000 -1 -1 595.740430332778 177.3348996846765 625.7821134602112 203.16586988977048 -1 -1 -1 -1 -1 -1 -1 -1 1 
262 95 Car -1.000000 -1 -1 594.4514883223341 177.66564958582268 626.0796703002557 204.36878063731703 -1 -1 -1 -1 -1 -1 -1 -1 1 
263 95 Car -1.000000 -1 -1 592.9509456361471 177.61187661271245 625.9110514704033 204.90757561238695 -1 -1 -1 -1 -1 -1 -1 -1 1 
264 95 Car -1.000000 -1 -1 592.0334139908862 176.76492671120053 625.8755925843047 204.3837422015126 -1 -1 -1 -1 -1 -1 -1 -1 1 
270 95 Car -1.000000 -1 -1 589.7531888189794 177.33196930383053 625.3742706776007 206.4404722291186 -1 -1 -1 -1 -1 -1 -1 -1 1 
271 95 Car -1.000000 -1 -1 588.8329805753992 177.62446223780006 625.6905202466764 207.9750732875618 -1 -1 -1 -1 -1 -1 -1 -1 1 
273 95 Car -1.000000 -1 -1 587.6219721393336 177.9666408943194 624.2621551824898 208.36556974817375 -1 -1 -1 -1 -1 -1 -1 -1 1 
274 95 Car -1.000000 -1 -1 588.2533159880043 178.41658695847812 623.4275581184463 207.52227561974502 -1 -1 -1 -1 -1 -1 -1 -1 1 
275 95 Car -1.000000 -1 -1 587.4910420956209 177.71307689397437 622.6791719362606 206.74891693092616 -1 -1 -1 -1 -1 -1 -1 -1 1 
280 95 Car -1.000000 -1 -1 587.0222796364163 177.7592496859587 622.3706207513937 206.92774252657193 -1 -1 -1 -1 -1 -1 -1 -1 1 
284 95 Car -1.000000 -1 -1 584.0198290294296 171.47655724011022 618.5016436662494 199.91693760772915 -1 -1 -1 -1 -1 -1 -1 -1 1 
284 154 Car -1.000000 -1 -1 8.139550768689077 164.92157425143583 228.03935545903573 205.37518117340733 -1 -1 -1 -1 -1 -1 -1 -1 1 
285 95 Car -1.000000 -1 -1 583.3492153275803 170.89703813349792 617.8731148465099 199.37257013821792 -1 -1 -1 -1 -1 -1 -1 -1 1 
285 154 Car -1.000000 -1 -1 -22.98007535932645 161.6088768155973 233.2974047768073 209.1748077202289 -1 -1 -1 -1 -1 -1 -1 -1 1 
286 154 Car -1.000000 -1 -1 -20.548634938707437 165.79251831299905 219.47162756672228 210.78371337036967 -1 -1 -1 -1 -1 -1 -1 -1 1 
287 154 Car -1.000000 -1 -1 -26.824921675820192 169.5291500284835 200.6479753855557 212.7330151941714 -1 -1 -1 -1 -1 -1 -1 -1 1 
288 154 Car -1.000000 -1 -1 -39.04741068986145 171.3344196077516 190.0899322075877 215.56786931778694 -1 -1 -1 -1 -1 -1 -1 -1 1 
289 154 Car -1.000000 -1 -1 -39.103567129475294 172.95007982823233 178.69562520206205 215.79779124886187 -1 -1 -1 -1 -1 -1 -1 -1 1 
290 154 Car -1.000000 -1 -1 -36.981813530580865 171.44207308067126 176.66021516366317 214.5187880718125 -1 -1 -1 -1 -1 -1 -1 -1 1 
291 154 Car -1.000000 -1 -1 -47.2985739702736 169.03506703234535 169.47878177755135 214.5062366660784 -1 -1 -1 -1 -1 -1 -1 -1 1 
292 154 Car -1.000000 -1 -1 -64.19996621586837 166.19326899568156 166.85996987224854 217.08338315079783 -1 -1 -1 -1 -1 -1 -1 -1 1 
293 154 Car -1.000000 -1 -1 -75.69240591713373 165.96017657337023 161.93644750147305 218.29711375158877 -1 -1 -1 -1 -1 -1 -1 -1 1 
302 156 Car -1.000000 -1 -1 583.5786875931939 177.23555460586115 624.0802926908322 202.61937996277638 -1 -1 -1 -1 -1 -1 -1 -1 1 
303 156 Car -1.000000 -1 -1 583.137605364464 176.65464684589674 625.5808236650875 203.34294113577073 -1 -1 -1 -1 -1 -1 -1 -1 1 
305 156 Car -1.000000 -1 -1 582.0965819297378 177.49448475281667 625.7681921586293 205.1046217642388 -1 -1 -1 -1 -1 -1 -1 -1 1 
306 95 Car -1.000000 -1 -1 587.86527126209 177.1591702933272 622.4861050051986 205.6821888292299 -1 -1 -1 -1 -1 -1 -1 -1 1 
306 156 Car -1.000000 -1 -1 581.4981782589903 177.70012095267015 625.9311725887328 205.79162186575275 -1 -1 -1 -1 -1 -1 -1 -1 1 
307 95 Car -1.000000 -1 -1 587.7656168974764 177.29502206843867 622.213007080289 205.4012764735174 -1 -1 -1 -1 -1 -1 -1 -1 1 
308 95 Car -1.000000 -1 -1 588.0639200558192 177.873736793162 622.3000155441836 205.6732368462675 -1 -1 -1 -1 -1 -1 -1 -1 1 
309 95 Car -1.000000 -1 -1 588.9844236055593 178.60562886011428 622.8989639440672 206.2569293176409 -1 -1 -1 -1 -1 -1 -1 -1 1 
310 95 Car -1.000000 -1 -1 588.9306570520839 182.03536010988492 622.2869420913355 208.5889429338258 -1 -1 -1 -1 -1 -1 -1 -1 1 
311 95 Car -1.000000 -1 -1 589.449449421047 180.27977277162432 623.4827825996896 207.39067499276263 -1 -1 -1 -1 -1 -1 -1 -1 1 
312 95 Car -1.000000 -1 -1 587.7411902219653 181.97632714566737 622.2710800273346 209.1615978084737 -1 -1 -1 -1 -1 -1 -1 -1 1 
313 95 Car -1.000000 -1 -1 587.257746979782 183.28696423424827 622.0530257364313 210.50125931534564 -1 -1 -1 -1 -1 -1 -1 -1 1 
