2 1 Car -1.000000 -1 -1 103.43593903736473 197.64566900195533 498.2462929936471 307.7904093062821 -1 -1 -1 -1 -1 -1 -1 -1 1 
3 1 Car -1.000000 -1 -1 12.672528103783094 195.03390980607145 448.96379506050346 317.9195253876892 -1 -1 -1 -1 -1 -1 -1 -1 1 
4 1 Car -1.000000 -1 -1 -82.62214731965469 194.9981420383673 425.4659873232093 340.4382704901552 -1 -1 -1 -1 -1 -1 -1 -1 1 
5 1 Car -1.000000 -1 -1 -127.51106524188421 197.35695971159504 371.2934358734311 343.56524559124296 -1 -1 -1 -1 -1 -1 -1 -1 1 
6 1 Car -1.000000 -1 -1 -191.5603798997032 196.07756847413236 346.848460977155 353.8945949524108 -1 -1 -1 -1 -1 -1 -1 -1 1 
30 5 Car -1.000000 -1 -1 707.6320130768087 175.0765421973637 757.3733759623842 196.39074023949334 -1 -1 -1 -1 -1 -1 -1 -1 1 
31 5 Car -1.000000 -1 -1 700.8219906637361 174.7291309192456 750.2557200070522 196.00955358792257 -1 -1 -1 -1 -1 -1 -1 -1 1 
32 5 Car -1.000000 -1 -1 697.3630352581805 174.74935836877455 744.7752001351953 195.29862319109355 -1 -1 -1 -1 -1 -1 -1 -1 1 
37 5 Car -1.000000 -1 -1 692.7190604347693 174.61042139661177 739.8015190163869 195.01678618596108 -1 -1 -1 -1 -1 -1 -1 -1 1 
39 6 Car -1.000000 -1 -1 990.3130397358574 207.90669431587605 1191.1619955287974 378.0325248707301 -1 -1 -1 -1 -1 -1 -1 -1 1 
40 6 Car -1.000000 -1 -1 965.7527672861092 199.34925228192765 1177.7817410913262 374.5571945421459 -1 -1 -1 -1 -1 -1 -1 -1 1 
41 6 Car -1.000000 -1 -1 946.7169577522993 196.27873575392408 1169.0537139433939 373.6868223366219 -1 -1 -1 -1 -1 -1 -1 -1 1 
42 6 Car -1.000000 -1 -1 911.9868661765759 192.8886372714337 1140.1279779681613 369.30619355276997 -1 -1 -1 -1 -1 -1 -1 -1 1 
43 6 Car -1.000000 -1 -1 880.930003281715 193.36104823955526 1085.2859900469357 346.20858177672216 -1 -1 -1 -1 -1 -1 -1 -1 1 
44 6 Car -1.000000 -1 -1 847.0942846297055 193.9615177986895 1026.971455415327 323.79793571025397 -1 -1 -1 -1 -1 -1 -1 -1 1 
44 7 Car -1.000000 -1 -1 1127.3235316440696 188.96289356012755 1220.8967797622581 313.73938561882073 -1 -1 -1 -1 -1 -1 -1 -1 1 
45 6 Car -1.000000 -1 -1 820.8598961177271 191.96559447366184 984.3063549044552 306.94053330262204 -1 -1 -1 -1 -1 -1 -1 -1 1 
45 7 Car -1.000000 -1 -1 1106.6411962384873 185.6423825976754 1206.5491221936857 314.6347960311943 -1 -1 -1 -1 -1 -1 -1 -1 1 
46 6 Car -1.000000 -1 -1 795.2759949696426 189.78221471193285 946.1329721585048 293.5373218614099 -1 -1 -1 -1 -1 -1 -1 -1 1 
46 7 Car -1.000000 -1 -1 1089.2426493810528 186.49455459117377 1188.948653009716 307.5006928996504 -1 -1 -1 -1 -1 -1 -1 -1 1 
47 6 Car -1.000000 -1 -1 778.9402821261539 190.81022542990797 913.9686485785353 281.3866824275557 -1 -1 -1 -1 -1 -1 -1 -1 1 
47 7 Car -1.000000 -1 -1 1072.9976074049125 184.8231396215437 1171.0521597973884 293.84843618969245 -1 -1 -1 -1 -1 -1 -1 -1 1 
48 6 Car -1.000000 -1 -1 765.1909551454487 190.1292668093542 891.1028436174169 273.66220984827663 -1 -1 -1 -1 -1 -1 -1 -1 1 
48 7 Car -1.000000 -1 -1 1037.8314840495989 184.51508425404043 1133.8327469638427 282.5852050355607 -1 -1 -1 -1 -1 -1 -1 -1 1 
49 6 Car -1.000000 -1 -1 753.0250262526661 187.54833533398354 872.287434149371 266.6516189183264 -1 -1 -1 -1 -1 -1 -1 -1 1 
49 7 Car -1.000000 -1 -1 1003.5879852507661 182.95437949160936 1098.1086779320842 272.80494127537384 -1 -1 -1 -1 -1 -1 -1 -1 1 
50 6 Car -1.000000 -1 -1 742.3860730891033 187.3560349782563 852.4752691170452 259.5022702011392 -1 -1 -1 -1 -1 -1 -1 -1 1 
50 7 Car -1.000000 -1 -1 972.4699092931476 184.46056286461464 1062.1284641763432 263.4292903346704 -1 -1 -1 -1 -1 -1 -1 -1 1 
51 6 Car -1.000000 -1 -1 731.9947480494085 186.14139949846808 835.7222398183885 253.27820251743097 -1 -1 -1 -1 -1 -1 -1 -1 1 
51 7 Car -1.000000 -1 -1 945.8765717531854 182.19490479146089 1033.701457542833 254.83952945677143 -1 -1 -1 -1 -1 -1 -1 -1 1 
52 6 Car -1.000000 -1 -1 720.2748980148023 180.86339509320285 824.7111328210297 249.11875686717963 -1 -1 -1 -1 -1 -1 -1 -1 1 
52 7 Car -1.000000 -1 -1 922.1982019816776 185.0068190131082 1006.080508462649 249.96455418884423 -1 -1 -1 -1 -1 -1 -1 -1 1 
53 6 Car -1.000000 -1 -1 717.6808795040984 182.6368837564807 808.2164077688078 241.6432796411904 -1 -1 -1 -1 -1 -1 -1 -1 1 
53 7 Car -1.000000 -1 -1 899.6211349591565 186.88618646610513 981.0794020865911 246.70355078795453 -1 -1 -1 -1 -1 -1 -1 -1 1 
54 6 Car -1.000000 -1 -1 708.6266138825189 182.7493608147489 793.4099817492446 238.30285048703058 -1 -1 -1 -1 -1 -1 -1 -1 1 
54 7 Car -1.000000 -1 -1 881.8336145262227 183.59779328625996 964.0435133822999 241.55445024497146 -1 -1 -1 -1 -1 -1 -1 -1 1 
55 6 Car -1.000000 -1 -1 702.4297130205651 182.88854816972676 781.7486898050287 235.05907125927354 -1 -1 -1 -1 -1 -1 -1 -1 1 
55 7 Car -1.000000 -1 -1 864.5068529074649 183.6434297782116 942.650609186152 237.08667874940795 -1 -1 -1 -1 -1 -1 -1 -1 1 
56 6 Car -1.000000 -1 -1 694.865489390738 182.49363328774385 769.4409005662333 232.02657759585009 -1 -1 -1 -1 -1 -1 -1 -1 1 
56 7 Car -1.000000 -1 -1 850.5677500345191 183.11674699208626 926.6842630511121 233.7971963593711 -1 -1 -1 -1 -1 -1 -1 -1 1 
56 8 Car -1.000000 -1 -1 1107.1363712896268 185.54001003896894 1219.1591899896237 318.1531003225208 -1 -1 -1 -1 -1 -1 -1 -1 1 
57 6 Car -1.000000 -1 -1 690.4812581170122 181.1588847155877 762.1705766836211 229.11839660955843 -1 -1 -1 -1 -1 -1 -1 -1 1 
57 7 Car -1.000000 -1 -1 838.4150613876009 182.89657855634982 912.7016919188557 231.10518474361768 -1 -1 -1 -1 -1 -1 -1 -1 1 
57 8 Car -1.000000 -1 -1 1085.9176259135475 182.1528050371639 1203.2939919832177 317.14645480868035 -1 -1 -1 -1 -1 -1 -1 -1 1 
58 6 Car -1.000000 -1 -1 686.987914780445 181.31912059419685 752.3184097835514 224.95338911781445 -1 -1 -1 -1 -1 -1 -1 -1 1 
58 7 Car -1.000000 -1 -1 825.9878964048784 181.51085888852842 899.727718097028 228.63729565208342 -1 -1 -1 -1 -1 -1 -1 -1 1 
58 8 Car -1.000000 -1 -1 1078.0869234010759 178.65903181346545 1180.565063666599 288.39860690538455 -1 -1 -1 -1 -1 -1 -1 -1 1 
59 6 Car -1.000000 -1 -1 680.1778977514161 182.65871299845347 740.0615250816871 222.55201957536184 -1 -1 -1 -1 -1 -1 -1 -1 1 
59 7 Car -1.000000 -1 -1 816.3616124789668 183.63178275586932 884.0353089471607 225.82443286377767 -1 -1 -1 -1 -1 -1 -1 -1 1 
59 8 Car -1.000000 -1 -1 1066.843012643879 185.06853755569153 1154.5601897937056 266.3693323776296 -1 -1 -1 -1 -1 -1 -1 -1 1 
60 6 Car -1.000000 -1 -1 675.2095564906995 180.92732493911276 732.3169771803152 218.84961596607153 -1 -1 -1 -1 -1 -1 -1 -1 1 
60 7 Car -1.000000 -1 -1 804.301835239032 183.20244414157662 869.4743347275459 223.30089890208407 -1 -1 -1 -1 -1 -1 -1 -1 1 
60 8 Car -1.000000 -1 -1 1056.399520126832 181.8642782814691 1137.215598969384 256.7687413751188 -1 -1 -1 -1 -1 -1 -1 -1 1 
60 9 Car -1.000000 -1 -1 878.8666402680725 208.25145202966195 1244.9110020571409 374.5382727848279 -1 -1 -1 -1 -1 -1 -1 -1 1 
61 6 Car -1.000000 -1 -1 672.5644922692672 180.463369183503 726.4341421398033 216.21626706479955 -1 -1 -1 -1 -1 -1 -1 -1 1 
61 7 Car -1.000000 -1 -1 793.3163718192545 180.84931044895183 857.4891263719614 220.29870585044355 -1 -1 -1 -1 -1 -1 -1 -1 1 
61 9 Car -1.000000 -1 -1 855.9304564890269 206.8552044920421 1234.073572898688 377.84090649848054 -1 -1 -1 -1 -1 -1 -1 -1 1 
62 6 Car -1.000000 -1 -1 668.3180760965275 179.81846464012668 721.2436508069618 214.95650309082583 -1 -1 -1 -1 -1 -1 -1 -1 1 
62 7 Car -1.000000 -1 -1 783.1985719313218 178.48274972067156 847.7236813232067 218.37501293223374 -1 -1 -1 -1 -1 -1 -1 -1 1 
62 9 Car -1.000000 -1 -1 825.771922145875 193.44803519335414 1235.1742377842725 378.6301804838589 -1 -1 -1 -1 -1 -1 -1 -1 1 
63 6 Car -1.000000 -1 -1 663.2376738666392 179.142813710059 714.5817718784177 213.4994698268749 -1 -1 -1 -1 -1 -1 -1 -1 1 
63 7 Car -1.000000 -1 -1 774.7103366849193 179.17246957770092 834.1491645250527 215.87617995085523 -1 -1 -1 -1 -1 -1 -1 -1 1 
63 9 Car -1.000000 -1 -1 791.2667911072353 193.29778457839188 1191.263129039201 375.4251445636512 -1 -1 -1 -1 -1 -1 -1 -1 1 
64 6 Car -1.000000 -1 -1 662.0161441922187 180.72428189214426 708.8951924780442 212.2388889341497 -1 -1 -1 -1 -1 -1 -1 -1 1 
64 7 Car -1.000000 -1 -1 768.0945890235487 179.90359836382902 824.889973316124 214.82396394179622 -1 -1 -1 -1 -1 -1 -1 -1 1 
64 9 Car -1.000000 -1 -1 771.971869058413 201.65386100658185 1106.0908151485362 354.3363771316289 -1 -1 -1 -1 -1 -1 -1 -1 1 
65 6 Car -1.000000 -1 -1 660.1311073002112 181.25286628449376 703.4594860018502 210.53017657405474 -1 -1 -1 -1 -1 -1 -1 -1 1 
65 7 Car -1.000000 -1 -1 761.4335124236421 179.7786539493114 815.9210980377594 213.11877372878754 -1 -1 -1 -1 -1 -1 -1 -1 1 
65 9 Car -1.000000 -1 -1 756.7609101624943 198.24437306608837 1039.9067212647274 327.6027716182001 -1 -1 -1 -1 -1 -1 -1 -1 1 
66 6 Car -1.000000 -1 -1 657.440948118207 178.9097199273373 699.4848386486672 207.64722186801387 -1 -1 -1 -1 -1 -1 -1 -1 1 
66 7 Car -1.000000 -1 -1 753.011719119669 180.41481491327082 803.0802439037541 210.98500298760095 -1 -1 -1 -1 -1 -1 -1 -1 1 
66 9 Car -1.000000 -1 -1 746.3141133508245 200.03177306059317 988.4264841946452 310.87145934149805 -1 -1 -1 -1 -1 -1 -1 -1 1 
66 11 Car -1.000000 -1 -1 882.6048615173788 183.8676731709788 1009.7866372348167 238.41234951449397 -1 -1 -1 -1 -1 -1 -1 -1 1 
67 6 Car -1.000000 -1 -1 655.5049987545208 178.55233908538733 695.7161783261904 206.34950215271988 -1 -1 -1 -1 -1 -1 -1 -1 1 
67 7 Car -1.000000 -1 -1 745.7064298728328 177.59514381243778 797.6391720530038 209.6200175882972 -1 -1 -1 -1 -1 -1 -1 -1 1 
67 9 Car -1.000000 -1 -1 730.987651169128 198.8402908980107 943.5292406780328 296.61550946810996 -1 -1 -1 -1 -1 -1 -1 -1 1 
67 11 Car -1.000000 -1 -1 864.7254736230703 182.38735069630462 989.8541234543571 236.53488827461834 -1 -1 -1 -1 -1 -1 -1 -1 1 
68 6 Car -1.000000 -1 -1 653.7355869567507 178.7808996493677 691.6346614516625 205.11653192624192 -1 -1 -1 -1 -1 -1 -1 -1 1 
68 7 Car -1.000000 -1 -1 740.8655524760773 176.6764694936845 791.5670171847934 208.54494209850685 -1 -1 -1 -1 -1 -1 -1 -1 1 
68 9 Car -1.000000 -1 -1 720.3174997507564 195.48800491014407 911.6583079754513 284.68379856368165 -1 -1 -1 -1 -1 -1 -1 -1 1 
68 11 Car -1.000000 -1 -1 843.385916485904 182.680766277275 964.5189743561195 235.8334163715286 -1 -1 -1 -1 -1 -1 -1 -1 1 
69 6 Car -1.000000 -1 -1 652.2345730776184 178.92645781106006 687.7488125401134 203.69737238218937 -1 -1 -1 -1 -1 -1 -1 -1 1 
69 7 Car -1.000000 -1 -1 731.7053093477808 175.94178279985204 780.04127248308 206.32333804721668 -1 -1 -1 -1 -1 -1 -1 -1 1 
69 9 Car -1.000000 -1 -1 711.5731666675202 193.53490874640653 884.4196424605082 274.890806165711 -1 -1 -1 -1 -1 -1 -1 -1 1 
69 11 Car -1.000000 -1 -1 825.091283748539 181.5791529977309 942.2483238027382 233.7462540049396 -1 -1 -1 -1 -1 -1 -1 -1 1 
70 6 Car -1.000000 -1 -1 646.9971888197382 178.2961563240184 682.3120004015191 203.34577980587693 -1 -1 -1 -1 -1 -1 -1 -1 1 
70 9 Car -1.000000 -1 -1 706.0616880771621 195.2475699663296 855.9377987803745 266.16158205859415 -1 -1 -1 -1 -1 -1 -1 -1 1 
70 11 Car -1.000000 -1 -1 812.4700130157611 179.8202981590568 923.1603640132801 229.85690582077405 -1 -1 -1 -1 -1 -1 -1 -1 1 
71 6 Car -1.000000 -1 -1 645.3123430142695 178.0607125269969 678.9934055679422 202.27960793120414 -1 -1 -1 -1 -1 -1 -1 -1 1 
71 9 Car -1.000000 -1 -1 696.1056288348407 189.77257540297083 845.9348940296085 262.3556307493112 -1 -1 -1 -1 -1 -1 -1 -1 1 
71 11 Car -1.000000 -1 -1 807.3256416001409 183.18806483353183 900.5527882967431 226.175613562882 -1 -1 -1 -1 -1 -1 -1 -1 1 
72 6 Car -1.000000 -1 -1 642.5747296026613 177.66740458484955 675.726558078657 201.6666431665453 -1 -1 -1 -1 -1 -1 -1 -1 1 
72 9 Car -1.000000 -1 -1 692.7071339242965 187.1492184805689 831.54195869139 255.82503249214395 -1 -1 -1 -1 -1 -1 -1 -1 1 
72 11 Car -1.000000 -1 -1 790.2992954188111 183.1328868997568 877.3529789848016 223.57991992456863 -1 -1 -1 -1 -1 -1 -1 -1 1 
72 12 Car -1.000000 -1 -1 1086.9918853383151 23.2013372995431 1191.2773233514176 285.20321773342573 -1 -1 -1 -1 -1 -1 -1 -1 1 
73 6 Car -1.000000 -1 -1 642.7831719484478 179.52206719902065 670.8317622273543 199.9303312190366 -1 -1 -1 -1 -1 -1 -1 -1 1 
73 9 Car -1.000000 -1 -1 678.9133135684533 180.86751657055856 813.8393548443117 249.3385003400544 -1 -1 -1 -1 -1 -1 -1 -1 1 
73 11 Car -1.000000 -1 -1 781.2149019712688 180.50829072452518 865.7895316465165 220.92065895962455 -1 -1 -1 -1 -1 -1 -1 -1 1 
73 12 Car -1.000000 -1 -1 1078.5052244719607 23.509201613997917 1176.8537778699977 270.5955228876919 -1 -1 -1 -1 -1 -1 -1 -1 1 
73 13 Car -1.000000 -1 -1 894.8493546531408 197.6337592067069 1243.1914210013601 380.18871588809543 -1 -1 -1 -1 -1 -1 -1 -1 1 
74 6 Car -1.000000 -1 -1 641.3230220971072 179.91879337350952 667.2296963267487 198.78303482960857 -1 -1 -1 -1 -1 -1 -1 -1 1 
74 9 Car -1.000000 -1 -1 681.1496384704685 187.4856822418552 793.2297846078114 245.04438523414555 -1 -1 -1 -1 -1 -1 -1 -1 1 
74 11 Car -1.000000 -1 -1 767.7805210428919 179.3202748893988 844.2954174738326 216.65155258275655 -1 -1 -1 -1 -1 -1 -1 -1 1 
74 13 Car -1.000000 -1 -1 876.2067215880035 188.5932333022282 1243.3744619931263 380.63395576026505 -1 -1 -1 -1 -1 -1 -1 -1 1 
75 6 Car -1.000000 -1 -1 638.6047393830304 179.95342385701468 662.3428435442639 197.2386200273358 -1 -1 -1 -1 -1 -1 -1 -1 1 
75 9 Car -1.000000 -1 -1 678.0288853276659 184.25713386730115 783.9345248795876 240.15923148805578 -1 -1 -1 -1 -1 -1 -1 -1 1 
75 11 Car -1.000000 -1 -1 762.6357332007148 179.49482898176083 833.1454808835589 214.54656534066785 -1 -1 -1 -1 -1 -1 -1 -1 1 
75 13 Car -1.000000 -1 -1 861.5294227523088 189.23807550110078 1226.5992142195767 378.8455358644885 -1 -1 -1 -1 -1 -1 -1 -1 1 
76 9 Car -1.000000 -1 -1 674.4256889590141 185.03997274892484 768.6757803711017 235.76637070062424 -1 -1 -1 -1 -1 -1 -1 -1 1 
76 11 Car -1.000000 -1 -1 757.7215682767967 179.69662272413427 822.5073587602732 212.28891044744014 -1 -1 -1 -1 -1 -1 -1 -1 1 
76 13 Car -1.000000 -1 -1 843.9322853315784 187.57062138267978 1213.375970666836 377.63532761037095 -1 -1 -1 -1 -1 -1 -1 -1 1 
77 6 Car -1.000000 -1 -1 636.3030770016367 179.6988890152893 660.399515861905 197.1776166136358 -1 -1 -1 -1 -1 -1 -1 -1 1 
77 9 Car -1.000000 -1 -1 673.4280689274661 185.91813327421977 757.499090936156 231.4741152858527 -1 -1 -1 -1 -1 -1 -1 -1 1 
77 11 Car -1.000000 -1 -1 745.9603132142752 177.41036557665217 811.7585222653676 210.86284823112263 -1 -1 -1 -1 -1 -1 -1 -1 1 
77 13 Car -1.000000 -1 -1 821.175532309027 191.34730431028663 1146.5171928594375 357.1766958618656 -1 -1 -1 -1 -1 -1 -1 -1 1 
78 6 Car -1.000000 -1 -1 635.1650368466935 178.5964316682061 657.6693062155114 194.93538490569676 -1 -1 -1 -1 -1 -1 -1 -1 1 
78 9 Car -1.000000 -1 -1 666.637180925082 184.81814054979725 746.9528436956654 228.9714336139745 -1 -1 -1 -1 -1 -1 -1 -1 1 
78 11 Car -1.000000 -1 -1 739.86615222352 177.11720934434467 802.3445827228968 209.18838332319007 -1 -1 -1 -1 -1 -1 -1 -1 1 
78 13 Car -1.000000 -1 -1 795.3792273645716 188.00175843676172 1079.3330785974363 332.21896829539094 -1 -1 -1 -1 -1 -1 -1 -1 1 
79 6 Car -1.000000 -1 -1 631.4450929967975 177.49223158110345 653.9485314537324 193.9284364487436 -1 -1 -1 -1 -1 -1 -1 -1 1 
79 9 Car -1.000000 -1 -1 663.4048836108199 183.6119923108514 739.2175646089809 225.76556574332193 -1 -1 -1 -1 -1 -1 -1 -1 1 
79 11 Car -1.000000 -1 -1 729.9017339040251 176.58073294852744 790.5123398884084 208.13840626146936 -1 -1 -1 -1 -1 -1 -1 -1 1 
79 13 Car -1.000000 -1 -1 769.2276780937991 182.490447097885 1022.1549441409588 310.9228608493293 -1 -1 -1 -1 -1 -1 -1 -1 1 
80 6 Car -1.000000 -1 -1 629.726091995202 177.4760285492158 651.8965022202137 193.51849673541463 -1 -1 -1 -1 -1 -1 -1 -1 1 
80 9 Car -1.000000 -1 -1 660.602327884842 183.316734760431 732.753896166213 224.00922683943537 -1 -1 -1 -1 -1 -1 -1 -1 1 
80 11 Car -1.000000 -1 -1 725.8510122191393 176.34072356615826 783.5547776431447 206.6013069217066 -1 -1 -1 -1 -1 -1 -1 -1 1 
80 13 Car -1.000000 -1 -1 754.7492850241314 184.92619689975297 976.313318651449 296.9509026398726 -1 -1 -1 -1 -1 -1 -1 -1 1 
80 15 Car -1.000000 -1 -1 899.6849197532476 19.53380321274696 1169.467720566937 284.63277555429045 -1 -1 -1 -1 -1 -1 -1 -1 1 
81 6 Car -1.000000 -1 -1 628.5362686169303 178.11011052804142 648.9879296879976 192.5951263937963 -1 -1 -1 -1 -1 -1 -1 -1 1 
81 9 Car -1.000000 -1 -1 659.6944251900862 184.44779587041782 725.6326472920281 221.95566530964203 -1 -1 -1 -1 -1 -1 -1 -1 1 
81 11 Car -1.000000 -1 -1 721.1338320974284 176.52880197694085 775.6974838105916 205.3276921146114 -1 -1 -1 -1 -1 -1 -1 -1 1 
81 13 Car -1.000000 -1 -1 736.1622628751057 184.52833930366347 937.5496453483607 286.9305783601447 -1 -1 -1 -1 -1 -1 -1 -1 1 
81 15 Car -1.000000 -1 -1 895.8706799194499 30.875297247575602 1149.798320373343 275.54672055228247 -1 -1 -1 -1 -1 -1 -1 -1 1 
82 6 Car -1.000000 -1 -1 626.7882927496228 178.23952175013483 647.2044890147918 192.2635042326613 -1 -1 -1 -1 -1 -1 -1 -1 1 
82 9 Car -1.000000 -1 -1 654.4408989222368 181.23607778546534 720.9842458459439 219.75628492162957 -1 -1 -1 -1 -1 -1 -1 -1 1 
82 11 Car -1.000000 -1 -1 717.2091247586135 176.23831644144917 769.3591396604135 203.948296686691 -1 -1 -1 -1 -1 -1 -1 -1 1 
82 13 Car -1.000000 -1 -1 720.8255848823662 180.62154540384617 907.4480352436615 276.71922762286243 -1 -1 -1 -1 -1 -1 -1 -1 1 
82 15 Car -1.000000 -1 -1 888.9222721291765 44.05485930645534 1123.8587752944554 266.8959161835216 -1 -1 -1 -1 -1 -1 -1 -1 1 
83 6 Car -1.000000 -1 -1 625.2543857026535 177.8601127797621 646.4062735563383 192.14772626913933 -1 -1 -1 -1 -1 -1 -1 -1 1 
83 9 Car -1.000000 -1 -1 652.3096458485168 181.23050515184713 713.4487364861968 216.8891047308894 -1 -1 -1 -1 -1 -1 -1 -1 1 
83 11 Car -1.000000 -1 -1 710.4334657048246 177.2163919505276 758.1714120934612 202.7086669234236 -1 -1 -1 -1 -1 -1 -1 -1 1 
83 13 Car -1.000000 -1 -1 712.0608123141658 180.93810793532793 878.1155049937961 266.71454492629323 -1 -1 -1 -1 -1 -1 -1 -1 1 
83 15 Car -1.000000 -1 -1 878.1383241268376 59.326564655016654 1090.6018865946448 256.9143674327506 -1 -1 -1 -1 -1 -1 -1 -1 1 
84 6 Car -1.000000 -1 -1 622.8241793668365 177.10007350476334 644.667064234691 191.54030930795645 -1 -1 -1 -1 -1 -1 -1 -1 1 
84 9 Car -1.000000 -1 -1 650.1752864006784 180.27811262957613 708.1217267160499 214.58066684012198 -1 -1 -1 -1 -1 -1 -1 -1 1 
84 11 Car -1.000000 -1 -1 704.7911982105646 177.24619130659306 749.5519083127743 201.48212916977837 -1 -1 -1 -1 -1 -1 -1 -1 1 
84 13 Car -1.000000 -1 -1 702.6823723580833 180.9522734577663 854.4417738261532 260.1171918933816 -1 -1 -1 -1 -1 -1 -1 -1 1 
84 15 Car -1.000000 -1 -1 862.5230367741536 82.43882231283155 1040.7096815263455 244.69130586484496 -1 -1 -1 -1 -1 -1 -1 -1 1 
85 6 Car -1.000000 -1 -1 620.94158507002 176.86925930735137 641.9068620842221 190.72928453444123 -1 -1 -1 -1 -1 -1 -1 -1 1 
85 9 Car -1.000000 -1 -1 649.5797873468767 179.93872844568637 704.1014485070222 212.54515319947387 -1 -1 -1 -1 -1 -1 -1 -1 1 
85 11 Car -1.000000 -1 -1 696.9237732161959 177.06347346068543 739.045873671792 199.87075632600704 -1 -1 -1 -1 -1 -1 -1 -1 1 
85 13 Car -1.000000 -1 -1 698.0474026227153 181.32910796756002 834.5809094879829 253.33085580543323 -1 -1 -1 -1 -1 -1 -1 -1 1 
85 15 Car -1.000000 -1 -1 842.3459442832226 91.5925089976153 1008.447966154734 238.78391697091945 -1 -1 -1 -1 -1 -1 -1 -1 1 
86 9 Car -1.000000 -1 -1 647.7526344025432 180.4250382974961 699.3994556852665 211.78279679580976 -1 -1 -1 -1 -1 -1 -1 -1 1 
86 13 Car -1.000000 -1 -1 690.637021370268 179.420534119574 816.5537086160947 246.86240749800578 -1 -1 -1 -1 -1 -1 -1 -1 1 
86 15 Car -1.000000 -1 -1 820.2128865415198 95.95713573490549 979.0592383123168 232.98610614389128 -1 -1 -1 -1 -1 -1 -1 -1 1 
87 9 Car -1.000000 -1 -1 647.277129923795 181.21801851861306 694.6914758897897 210.12399815016855 -1 -1 -1 -1 -1 -1 -1 -1 1 
87 13 Car -1.000000 -1 -1 688.6526595406043 180.39992610746424 798.7663095377474 240.18070110422954 -1 -1 -1 -1 -1 -1 -1 -1 1 
87 15 Car -1.000000 -1 -1 802.0514984438046 99.30182723843478 956.3221366459543 229.11267535137745 -1 -1 -1 -1 -1 -1 -1 -1 1 
88 9 Car -1.000000 -1 -1 644.5743694600154 182.50850037339933 687.291675733578 208.64076993533948 -1 -1 -1 -1 -1 -1 -1 -1 1 
88 13 Car -1.000000 -1 -1 685.4049057774712 180.80332579319685 785.7689132540856 236.1989044937439 -1 -1 -1 -1 -1 -1 -1 -1 1 
88 15 Car -1.000000 -1 -1 791.287528303172 104.28763030102766 938.5732301056934 225.46939642686192 -1 -1 -1 -1 -1 -1 -1 -1 1 
89 9 Car -1.000000 -1 -1 643.1443860027058 183.62035966449574 681.8449842456455 207.39646728342626 -1 -1 -1 -1 -1 -1 -1 -1 1 
89 13 Car -1.000000 -1 -1 682.7672221937477 180.33907062746198 776.133277558291 232.73271486122403 -1 -1 -1 -1 -1 -1 -1 -1 1 
89 15 Car -1.000000 -1 -1 776.1643357644953 106.48724884592016 921.0577809255275 223.71468648309516 -1 -1 -1 -1 -1 -1 -1 -1 1 
89 19 Car -1.000000 -1 -1 939.6194253440486 174.8898610829544 1209.1766277067336 377.92850534608635 -1 -1 -1 -1 -1 -1 -1 -1 1 
90 9 Car -1.000000 -1 -1 638.736204526108 180.47283968874322 679.4723220100478 205.83117729574218 -1 -1 -1 -1 -1 -1 -1 -1 1 
90 13 Car -1.000000 -1 -1 678.1380267240055 178.47452520144037 768.3054066362588 229.62436860174554 -1 -1 -1 -1 -1 -1 -1 -1 1 
90 15 Car -1.000000 -1 -1 769.451106095865 109.34762368823456 908.3248687976419 220.60570026060526 -1 -1 -1 -1 -1 -1 -1 -1 1 
90 19 Car -1.000000 -1 -1 911.4667939133163 174.3771437597159 1187.1834226366395 378.18487104424855 -1 -1 -1 -1 -1 -1 -1 -1 1 
91 9 Car -1.000000 -1 -1 635.7640751784633 179.60369394298726 676.3769505174562 205.00774240621814 -1 -1 -1 -1 -1 -1 -1 -1 1 
91 13 Car -1.000000 -1 -1 675.5151799589031 178.82763072608608 758.628023866386 226.5258767024286 -1 -1 -1 -1 -1 -1 -1 -1 1 
91 15 Car -1.000000 -1 -1 758.8743801745477 112.06850865897677 893.1392799111899 218.6390833108362 -1 -1 -1 -1 -1 -1 -1 -1 1 
91 19 Car -1.000000 -1 -1 901.6887175300378 176.62376018530537 1178.9419763397545 375.5990754049676 -1 -1 -1 -1 -1 -1 -1 -1 1 
92 9 Car -1.000000 -1 -1 634.6683939229616 179.6786255753629 673.6251236771002 204.10836042459493 -1 -1 -1 -1 -1 -1 -1 -1 1 
92 13 Car -1.000000 -1 -1 669.3306948355281 175.9131388194184 747.364465626884 221.53858966504518 -1 -1 -1 -1 -1 -1 -1 -1 1 
92 15 Car -1.000000 -1 -1 751.0072065556046 114.33289234534101 882.4194435962686 218.0381030300934 -1 -1 -1 -1 -1 -1 -1 -1 1 
92 19 Car -1.000000 -1 -1 881.4926553136838 169.21227858661408 1176.3667095947803 375.8874017986059 -1 -1 -1 -1 -1 -1 -1 -1 1 
93 9 Car -1.000000 -1 -1 633.7618412612653 179.33234041446136 671.8963942538351 203.3376706011103 -1 -1 -1 -1 -1 -1 -1 -1 1 
93 13 Car -1.000000 -1 -1 663.3668372339197 172.49725843971072 741.778983451977 219.3528891520531 -1 -1 -1 -1 -1 -1 -1 -1 1 
93 15 Car -1.000000 -1 -1 737.9162676983932 116.13698821830414 867.6458536713935 218.74909186918947 -1 -1 -1 -1 -1 -1 -1 -1 1 
93 19 Car -1.000000 -1 -1 856.4149851432874 166.09091020972187 1132.7367397903884 356.4067664373432 -1 -1 -1 -1 -1 -1 -1 -1 1 
94 9 Car -1.000000 -1 -1 633.0784237459169 179.59003746691596 670.131441542516 202.87599586327968 -1 -1 -1 -1 -1 -1 -1 -1 1 
94 13 Car -1.000000 -1 -1 664.8986058840873 176.24572689386477 733.0139604233298 217.6995546331574 -1 -1 -1 -1 -1 -1 -1 -1 1 
94 15 Car -1.000000 -1 -1 731.6079728015642 117.31553168282686 856.962424404447 216.74878780341862 -1 -1 -1 -1 -1 -1 -1 -1 1 
94 19 Car -1.000000 -1 -1 832.7446540999985 175.64794279519504 1063.068071092599 330.52429759007373 -1 -1 -1 -1 -1 -1 -1 -1 1 
95 9 Car -1.000000 -1 -1 635.758924774136 182.63267935434408 665.0789129475314 200.8960626830176 -1 -1 -1 -1 -1 -1 -1 -1 1 
95 13 Car -1.000000 -1 -1 665.7349831114635 179.3048849085608 724.0508649021538 214.96164146186916 -1 -1 -1 -1 -1 -1 -1 -1 1 
95 15 Car -1.000000 -1 -1 727.6409226566726 118.68463882459596 847.3182035355971 213.69419676507084 -1 -1 -1 -1 -1 -1 -1 -1 1 
95 19 Car -1.000000 -1 -1 803.7013924917471 177.4990790822526 1010.289473032968 312.13960301428483 -1 -1 -1 -1 -1 -1 -1 -1 1 
96 9 Car -1.000000 -1 -1 635.7951408626377 182.94273632355473 663.1500623455689 200.08503557450308 -1 -1 -1 -1 -1 -1 -1 -1 1 
96 13 Car -1.000000 -1 -1 661.9973004144083 180.0358421742464 715.9039319424907 213.22769426974082 -1 -1 -1 -1 -1 -1 -1 -1 1 
96 15 Car -1.000000 -1 -1 727.0398678986963 120.72973924740938 840.6471748267943 210.51460389929684 -1 -1 -1 -1 -1 -1 -1 -1 1 
96 19 Car -1.000000 -1 -1 775.3963006130855 175.2502885957017 967.8839106132058 298.4512815039676 -1 -1 -1 -1 -1 -1 -1 -1 1 
97 9 Car -1.000000 -1 -1 634.7747471069171 182.752164179686 661.5693217928062 199.6394116068491 -1 -1 -1 -1 -1 -1 -1 -1 1 
97 13 Car -1.000000 -1 -1 656.9063040595648 176.71912049491687 710.2860532461019 210.19918885419173 -1 -1 -1 -1 -1 -1 -1 -1 1 
97 15 Car -1.000000 -1 -1 725.5385770839588 124.05831673580704 827.6928561547131 205.3411406660763 -1 -1 -1 -1 -1 -1 -1 -1 1 
97 19 Car -1.000000 -1 -1 757.1852846766152 172.23547082758432 935.4577695981985 285.37549558294745 -1 -1 -1 -1 -1 -1 -1 -1 1 
98 9 Car -1.000000 -1 -1 633.4206087425357 182.8510283880057 658.087793681209 198.39756513807347 -1 -1 -1 -1 -1 -1 -1 -1 1 
98 13 Car -1.000000 -1 -1 653.0731972103534 176.052898505477 704.4239441628112 208.94386016270028 -1 -1 -1 -1 -1 -1 -1 -1 1 
98 15 Car -1.000000 -1 -1 718.6774629608124 127.3200953261713 812.682540641877 202.11864789475538 -1 -1 -1 -1 -1 -1 -1 -1 1 
98 19 Car -1.000000 -1 -1 746.0050709715473 172.18670689459194 909.1804770128459 275.2882409790874 -1 -1 -1 -1 -1 -1 -1 -1 1 
99 9 Car -1.000000 -1 -1 627.3378461661976 181.6383023052553 652.8303342802799 197.7482903616816 -1 -1 -1 -1 -1 -1 -1 -1 1 
99 13 Car -1.000000 -1 -1 652.1608507978884 176.52853671363295 700.1032955461174 207.6365806363406 -1 -1 -1 -1 -1 -1 -1 -1 1 
99 15 Car -1.000000 -1 -1 710.3575377925486 129.1878994909115 802.688802886118 202.67479119522957 -1 -1 -1 -1 -1 -1 -1 -1 1 
99 19 Car -1.000000 -1 -1 718.1586984030859 158.85565864082966 887.9092655015477 267.6242692336218 -1 -1 -1 -1 -1 -1 -1 -1 1 
99 20 Car -1.000000 -1 -1 951.9291869833177 211.60795872354015 1209.7369429828955 378.8527540353216 -1 -1 -1 -1 -1 -1 -1 -1 1 
100 9 Car -1.000000 -1 -1 624.5573483498673 180.79152961106746 650.4224090299016 197.2800195651269 -1 -1 -1 -1 -1 -1 -1 -1 1 
100 13 Car -1.000000 -1 -1 650.315525263069 176.88087123405265 695.336363172648 206.16581825432604 -1 -1 -1 -1 -1 -1 -1 -1 1 
100 15 Car -1.000000 -1 -1 703.4108296052082 131.2650421133349 794.135618637473 204.32064298192628 -1 -1 -1 -1 -1 -1 -1 -1 1 
100 19 Car -1.000000 -1 -1 713.9676200489769 162.0971665871373 864.7771250167792 259.28821783470727 -1 -1 -1 -1 -1 -1 -1 -1 1 
100 20 Car -1.000000 -1 -1 926.307068345139 206.2134418785152 1196.0879906606003 378.6091637928014 -1 -1 -1 -1 -1 -1 -1 -1 1 
101 9 Car -1.000000 -1 -1 625.1195931315074 181.32658450280036 649.8821862506041 196.8561461899591 -1 -1 -1 -1 -1 -1 -1 -1 1 
101 13 Car -1.000000 -1 -1 650.3049665843714 177.4606428205071 691.5529307827147 204.5554428878463 -1 -1 -1 -1 -1 -1 -1 -1 1 
101 15 Car -1.000000 -1 -1 696.227849519366 134.16182501500617 780.9065072777681 202.34877210606598 -1 -1 -1 -1 -1 -1 -1 -1 1 
101 19 Car -1.000000 -1 -1 689.4846649222332 141.28515290924594 857.3510743350737 252.7958846772132 -1 -1 -1 -1 -1 -1 -1 -1 1 
101 20 Car -1.000000 -1 -1 900.4862404098526 196.27043759610314 1187.9046416586762 376.97047717598036 -1 -1 -1 -1 -1 -1 -1 -1 1 
102 9 Car -1.000000 -1 -1 621.0633838477034 178.94223196331288 646.583729864501 194.9945888173716 -1 -1 -1 -1 -1 -1 -1 -1 1 
102 13 Car -1.000000 -1 -1 649.1805696211197 177.5145772215141 689.9474540433641 204.2575335403519 -1 -1 -1 -1 -1 -1 -1 -1 1 
102 19 Car -1.000000 -1 -1 670.6276356328543 135.8014973232235 832.4981830135973 243.32926170223976 -1 -1 -1 -1 -1 -1 -1 -1 1 
102 20 Car -1.000000 -1 -1 866.4384500733843 194.79602560877885 1145.1396744151812 367.70860966134615 -1 -1 -1 -1 -1 -1 -1 -1 1 
102 21 Car -1.000000 -1 -1 850.9086320378805 179.3874927594903 904.8909972592618 203.25429466952698 -1 -1 -1 -1 -1 -1 -1 -1 1 
103 9 Car -1.000000 -1 -1 619.9312637739316 177.92929084331792 645.7712033276366 194.21054749647809 -1 -1 -1 -1 -1 -1 -1 -1 1 
103 13 Car -1.000000 -1 -1 646.2330237404767 177.42528521480682 683.9403443800923 202.1612676501934 -1 -1 -1 -1 -1 -1 -1 -1 1 
103 20 Car -1.000000 -1 -1 830.6178224354039 192.97097972366214 1082.5831423791758 346.93879180587817 -1 -1 -1 -1 -1 -1 -1 -1 1 
103 21 Car -1.000000 -1 -1 843.1563961912162 179.7346471973324 895.3620697204454 202.39569417728148 -1 -1 -1 -1 -1 -1 -1 -1 1 
104 9 Car -1.000000 -1 -1 618.9855262632021 177.65876744321395 643.9187117748246 193.4696171649891 -1 -1 -1 -1 -1 -1 -1 -1 1 
104 20 Car -1.000000 -1 -1 811.2569413048017 194.26966525229815 1022.5120181742891 321.5893120225584 -1 -1 -1 -1 -1 -1 -1 -1 1 
104 21 Car -1.000000 -1 -1 844.4761786329515 177.6601838679145 891.4669109923037 197.4371847933092 -1 -1 -1 -1 -1 -1 -1 -1 1 
104 22 Car -1.000000 -1 -1 1077.0176559469476 184.1097337325402 1207.5834132411098 321.28404949596734 -1 -1 -1 -1 -1 -1 -1 -1 1 
105 9 Car -1.000000 -1 -1 617.1002756804676 177.17406073733 641.2119049357259 192.4640146278613 -1 -1 -1 -1 -1 -1 -1 -1 1 
105 20 Car -1.000000 -1 -1 781.8885345007322 193.65022889521117 964.9104109100151 302.544595096343 -1 -1 -1 -1 -1 -1 -1 -1 1 
105 21 Car -1.000000 -1 -1 841.3089383939034 177.18120146664788 884.9536889241203 195.54997632379033 -1 -1 -1 -1 -1 -1 -1 -1 1 
105 22 Car -1.000000 -1 -1 1059.4452646721134 185.44765797238531 1186.1347817014932 313.1189803285897 -1 -1 -1 -1 -1 -1 -1 -1 1 
105 23 Car -1.000000 -1 -1 686.7191411943932 161.01823521774458 795.0768252416478 236.51376172642637 -1 -1 -1 -1 -1 -1 -1 -1 1 
106 20 Car -1.000000 -1 -1 762.223154387523 190.97722339092223 926.1042399703146 288.0062141416023 -1 -1 -1 -1 -1 -1 -1 -1 1 
106 22 Car -1.000000 -1 -1 1051.640488695368 188.28195849591458 1166.6421701344873 294.7957502190081 -1 -1 -1 -1 -1 -1 -1 -1 1 
106 23 Car -1.000000 -1 -1 664.4612344792976 137.3144436868041 801.242138618509 234.22553880951776 -1 -1 -1 -1 -1 -1 -1 -1 1 
107 13 Car -1.000000 -1 -1 634.3171032273463 174.414352704094 668.645214623494 197.27622625818537 -1 -1 -1 -1 -1 -1 -1 -1 1 
107 20 Car -1.000000 -1 -1 746.0259065054246 189.99331213400401 895.1720417918917 277.883431504695 -1 -1 -1 -1 -1 -1 -1 -1 1 
107 22 Car -1.000000 -1 -1 1024.1570429778367 190.45193685185458 1128.9909157811264 278.6858850811734 -1 -1 -1 -1 -1 -1 -1 -1 1 
107 23 Car -1.000000 -1 -1 659.1135944116149 132.6734320424086 794.3667715026264 230.24630305459482 -1 -1 -1 -1 -1 -1 -1 -1 1 
108 13 Car -1.000000 -1 -1 633.2712211570241 174.5689561353678 665.733330975689 196.1306531351271 -1 -1 -1 -1 -1 -1 -1 -1 1 
108 20 Car -1.000000 -1 -1 736.7425333083456 187.65505691883925 866.691210283655 264.62280874918616 -1 -1 -1 -1 -1 -1 -1 -1 1 
108 22 Car -1.000000 -1 -1 986.98380218517 187.25053089444603 1089.4809262825645 267.14338890524687 -1 -1 -1 -1 -1 -1 -1 -1 1 
108 23 Car -1.000000 -1 -1 653.5712788849007 130.0941880169089 786.9932215029448 228.28257784206758 -1 -1 -1 -1 -1 -1 -1 -1 1 
109 13 Car -1.000000 -1 -1 633.0215824670163 175.1353799727233 664.2522847357027 195.59989130575363 -1 -1 -1 -1 -1 -1 -1 -1 1 
109 20 Car -1.000000 -1 -1 731.6069270939511 187.60742357186965 850.3205697488185 258.08814280761385 -1 -1 -1 -1 -1 -1 -1 -1 1 
109 22 Car -1.000000 -1 -1 954.2115122688973 183.5368536766744 1061.989152497238 262.94288411767855 -1 -1 -1 -1 -1 -1 -1 -1 1 
109 23 Car -1.000000 -1 -1 653.8085241415623 130.95248449713722 779.9294477895668 225.54923324081733 -1 -1 -1 -1 -1 -1 -1 -1 1 
110 13 Car -1.000000 -1 -1 630.6486413081369 174.92166303358738 659.9691415097703 194.13454769207235 -1 -1 -1 -1 -1 -1 -1 -1 1 
110 20 Car -1.000000 -1 -1 721.5708076709918 186.54709446769238 833.0553407004855 252.4425139679234 -1 -1 -1 -1 -1 -1 -1 -1 1 
110 22 Car -1.000000 -1 -1 923.6367854371362 181.70231789944248 1029.7999505920636 256.06661156204666 -1 -1 -1 -1 -1 -1 -1 -1 1 
110 23 Car -1.000000 -1 -1 645.0344667864248 123.55138264516616 777.8222310112191 223.14860085476334 -1 -1 -1 -1 -1 -1 -1 -1 1 
110 25 Car -1.000000 -1 -1 832.2267438656144 177.30192006690447 871.4740794349229 204.97449115198407 -1 -1 -1 -1 -1 -1 -1 -1 1 
111 20 Car -1.000000 -1 -1 715.9256901905951 187.08404394105463 816.5908899326674 246.6698535438379 -1 -1 -1 -1 -1 -1 -1 -1 1 
111 22 Car -1.000000 -1 -1 899.9375521044255 184.10684886815744 1000.0651520421824 250.99201696746871 -1 -1 -1 -1 -1 -1 -1 -1 1 
111 25 Car -1.000000 -1 -1 828.7770046388463 177.69240399367578 867.5763600922551 205.0491121362576 -1 -1 -1 -1 -1 -1 -1 -1 1 
112 20 Car -1.000000 -1 -1 711.0228009503517 186.04551261288415 801.7026563473513 239.815104688911 -1 -1 -1 -1 -1 -1 -1 -1 1 
112 22 Car -1.000000 -1 -1 878.9886692688937 182.51167030857434 973.7951839175556 243.3683592233212 -1 -1 -1 -1 -1 -1 -1 -1 1 
113 20 Car -1.000000 -1 -1 702.2094952477854 184.485758002354 789.0088685657951 236.53287131051047 -1 -1 -1 -1 -1 -1 -1 -1 1 
113 21 Car -1.000000 -1 -1 806.6110026801454 178.25696713466897 859.3571546077421 200.51344286688715 -1 -1 -1 -1 -1 -1 -1 -1 1 
113 22 Car -1.000000 -1 -1 856.3953085835211 180.97884663349225 950.9750518644846 239.13492428995903 -1 -1 -1 -1 -1 -1 -1 -1 1 
114 20 Car -1.000000 -1 -1 695.951127435513 184.5792019719789 776.9752824431498 233.38801480099704 -1 -1 -1 -1 -1 -1 -1 -1 1 
114 21 Car -1.000000 -1 -1 803.178581425781 178.37793349672816 855.6833146920919 200.67649918117095 -1 -1 -1 -1 -1 -1 -1 -1 1 
114 22 Car -1.000000 -1 -1 841.3123576010262 181.70295158120237 931.7515733639248 235.43047187769415 -1 -1 -1 -1 -1 -1 -1 -1 1 
115 20 Car -1.000000 -1 -1 690.9185433236344 183.6375558236384 768.1011649584492 230.77938570764644 -1 -1 -1 -1 -1 -1 -1 -1 1 
115 21 Car -1.000000 -1 -1 799.1250730591631 178.3837950085645 851.7802491406455 200.7462523240402 -1 -1 -1 -1 -1 -1 -1 -1 1 
115 22 Car -1.000000 -1 -1 825.5447417047834 181.13939865462498 912.4582805512715 231.428065536943 -1 -1 -1 -1 -1 -1 -1 -1 1 
116 20 Car -1.000000 -1 -1 689.4765011207115 183.69285914896577 760.210280053572 227.29170925290643 -1 -1 -1 -1 -1 -1 -1 -1 1 
116 22 Car -1.000000 -1 -1 815.8580244751851 179.77759236303518 902.3123695689937 229.56635253476955 -1 -1 -1 -1 -1 -1 -1 -1 1 
117 20 Car -1.000000 -1 -1 684.8440889409724 182.3316751450826 752.2610856970837 224.55984130522097 -1 -1 -1 -1 -1 -1 -1 -1 1 
117 22 Car -1.000000 -1 -1 802.2219724877546 179.5718209581723 885.7647116072761 227.17134403605394 -1 -1 -1 -1 -1 -1 -1 -1 1 
118 20 Car -1.000000 -1 -1 680.1269575761177 184.25791065711098 740.248243688231 221.58241257783666 -1 -1 -1 -1 -1 -1 -1 -1 1 
118 22 Car -1.000000 -1 -1 792.6830514010634 178.29391984167148 871.8922642587288 222.9839747765616 -1 -1 -1 -1 -1 -1 -1 -1 1 
119 20 Car -1.000000 -1 -1 672.816459197896 179.9867514587607 733.0685655249292 217.969571312899 -1 -1 -1 -1 -1 -1 -1 -1 1 
119 22 Car -1.000000 -1 -1 783.1302627188511 177.76640440102761 857.7149996191383 220.2005885530428 -1 -1 -1 -1 -1 -1 -1 -1 1 
120 20 Car -1.000000 -1 -1 670.029076965216 179.34502892841255 727.3308933078786 215.93532050606686 -1 -1 -1 -1 -1 -1 -1 -1 1 
120 22 Car -1.000000 -1 -1 776.6231141435637 177.52555912870258 848.7084400556838 218.6269969857243 -1 -1 -1 -1 -1 -1 -1 -1 1 
121 20 Car -1.000000 -1 -1 666.5323394170016 178.18655144280527 722.1371082186521 214.52000733289913 -1 -1 -1 -1 -1 -1 -1 -1 1 
121 22 Car -1.000000 -1 -1 768.4171931413566 177.34045996556168 837.8470453070325 216.5573085129828 -1 -1 -1 -1 -1 -1 -1 -1 1 
122 20 Car -1.000000 -1 -1 664.0729565066833 180.05222574431275 713.696739812519 212.8937698339615 -1 -1 -1 -1 -1 -1 -1 -1 1 
122 22 Car -1.000000 -1 -1 762.1972110790443 179.60582172266956 825.1267566630158 214.52504666534097 -1 -1 -1 -1 -1 -1 -1 -1 1 
123 20 Car -1.000000 -1 -1 662.5847170132777 181.49201022333472 707.987217619419 211.88238420443116 -1 -1 -1 -1 -1 -1 -1 -1 1 
123 22 Car -1.000000 -1 -1 755.8102067706463 178.9599305970435 818.6636426280244 213.9875120754686 -1 -1 -1 -1 -1 -1 -1 -1 1 
124 20 Car -1.000000 -1 -1 663.0595199368687 184.9867186293413 701.3021180891986 210.21206163119146 -1 -1 -1 -1 -1 -1 -1 -1 1 
124 22 Car -1.000000 -1 -1 750.6207133980313 179.1850675618262 810.6965323625379 212.19832544325513 -1 -1 -1 -1 -1 -1 -1 -1 1 
125 20 Car -1.000000 -1 -1 656.9869655810526 179.90011124302197 698.5706918559355 207.72095870899886 -1 -1 -1 -1 -1 -1 -1 -1 1 
125 22 Car -1.000000 -1 -1 743.5766065873443 177.52905439669613 803.7139951936686 210.31992882817786 -1 -1 -1 -1 -1 -1 -1 -1 1 
125 32 Car -1.000000 -1 -1 1101.1068865865932 141.2504558620351 1203.6162395330905 330.03946275515773 -1 -1 -1 -1 -1 -1 -1 -1 1 
126 20 Car -1.000000 -1 -1 654.254253481096 178.16897546865502 695.7730044454806 206.32491312055947 -1 -1 -1 -1 -1 -1 -1 -1 1 
126 22 Car -1.000000 -1 -1 738.0590111008239 177.22459603555373 796.0759659817313 208.74622818804042 -1 -1 -1 -1 -1 -1 -1 -1 1 
126 32 Car -1.000000 -1 -1 1080.6911140375341 142.23034867982577 1185.4194611828716 326.759640467768 -1 -1 -1 -1 -1 -1 -1 -1 1 
126 33 Car -1.000000 -1 -1 809.0559831312147 177.23804100318898 852.3399537063505 201.8430913094745 -1 -1 -1 -1 -1 -1 -1 -1 1 
127 20 Car -1.000000 -1 -1 652.8781708169599 177.69496599946146 692.9692925087286 205.27065943879887 -1 -1 -1 -1 -1 -1 -1 -1 1 
127 22 Car -1.000000 -1 -1 731.2266959443821 176.8019405541062 788.4883601694588 207.68062126533852 -1 -1 -1 -1 -1 -1 -1 -1 1 
127 32 Car -1.000000 -1 -1 1059.2885742023536 139.0302295450233 1174.4498379208314 329.18837686829227 -1 -1 -1 -1 -1 -1 -1 -1 1 
127 33 Car -1.000000 -1 -1 808.9675441019536 177.44188172426496 852.2231226984472 201.77268034470342 -1 -1 -1 -1 -1 -1 -1 -1 1 
128 20 Car -1.000000 -1 -1 648.9655487380498 176.89938329523093 686.9412310650721 203.02007970123577 -1 -1 -1 -1 -1 -1 -1 -1 1 
128 22 Car -1.000000 -1 -1 727.0103514974023 177.3523052174891 781.35562643672 206.31828310279565 -1 -1 -1 -1 -1 -1 -1 -1 1 
128 32 Car -1.000000 -1 -1 1048.4137832623667 145.95957608794956 1164.9364199709862 318.98846853897885 -1 -1 -1 -1 -1 -1 -1 -1 1 
128 33 Car -1.000000 -1 -1 808.9930199440582 177.7273054315491 852.1839233472557 201.65027455235528 -1 -1 -1 -1 -1 -1 -1 -1 1 
129 20 Car -1.000000 -1 -1 641.2607508276694 176.59006724713208 679.6770082718098 203.050713773534 -1 -1 -1 -1 -1 -1 -1 -1 1 
129 22 Car -1.000000 -1 -1 721.9697515754709 177.17419918161374 775.0964713625319 205.5411895598579 -1 -1 -1 -1 -1 -1 -1 -1 1 
129 32 Car -1.000000 -1 -1 1025.7417151421955 147.5192562401506 1137.8062415300085 295.98752476203924 -1 -1 -1 -1 -1 -1 -1 -1 1 
129 33 Car -1.000000 -1 -1 808.6533653042235 177.76845237677594 852.4671746816709 201.62680834187097 -1 -1 -1 -1 -1 -1 -1 -1 1 
130 20 Car -1.000000 -1 -1 640.8470303946491 177.5365459103756 676.6387935215089 202.46229489484648 -1 -1 -1 -1 -1 -1 -1 -1 1 
130 22 Car -1.000000 -1 -1 717.9324128456738 177.71928906522226 767.8835029358443 204.52807679490905 -1 -1 -1 -1 -1 -1 -1 -1 1 
130 32 Car -1.000000 -1 -1 978.5348948256636 151.6262843016339 1088.0640393180845 278.4560832334861 -1 -1 -1 -1 -1 -1 -1 -1 1 
130 33 Car -1.000000 -1 -1 808.3472117354924 177.6856811629313 853.185334282226 201.7228461960011 -1 -1 -1 -1 -1 -1 -1 -1 1 
131 20 Car -1.000000 -1 -1 640.2356137039413 178.41068211524953 674.0165905682111 201.6470709047515 -1 -1 -1 -1 -1 -1 -1 -1 1 
131 22 Car -1.000000 -1 -1 711.3525656516811 177.12581127243084 762.5877143422513 204.54035655696634 -1 -1 -1 -1 -1 -1 -1 -1 1 
131 32 Car -1.000000 -1 -1 947.1126381480437 157.552777885585 1053.2243397473187 265.58885019451395 -1 -1 -1 -1 -1 -1 -1 -1 1 
131 33 Car -1.000000 -1 -1 807.9765872534758 177.48231042514175 853.9910803173153 201.78394922225596 -1 -1 -1 -1 -1 -1 -1 -1 1 
132 20 Car -1.000000 -1 -1 645.5420321227224 181.96007915112114 672.7243948599148 200.6803764419979 -1 -1 -1 -1 -1 -1 -1 -1 1 
132 22 Car -1.000000 -1 -1 708.7374219088427 177.63971134222265 756.2376923577416 203.03619423582518 -1 -1 -1 -1 -1 -1 -1 -1 1 
132 32 Car -1.000000 -1 -1 912.6288302816391 152.2100706924411 1025.6449370087792 259.84264702485416 -1 -1 -1 -1 -1 -1 -1 -1 1 
132 33 Car -1.000000 -1 -1 807.051957601067 176.94306632270195 855.4781674622855 202.2335771804681 -1 -1 -1 -1 -1 -1 -1 -1 1 
133 20 Car -1.000000 -1 -1 646.1830637044509 182.5129207297294 670.5032674869589 199.18938371180195 -1 -1 -1 -1 -1 -1 -1 -1 1 
133 22 Car -1.000000 -1 -1 706.5181419122506 178.15691717684285 751.1064877555305 202.1757823371056 -1 -1 -1 -1 -1 -1 -1 -1 1 
133 32 Car -1.000000 -1 -1 881.6262129145944 145.90131567058904 1000.2426721750358 254.2789773495013 -1 -1 -1 -1 -1 -1 -1 -1 1 
133 33 Car -1.000000 -1 -1 806.2457333469313 177.16274019628918 855.5119665858517 202.60301048683797 -1 -1 -1 -1 -1 -1 -1 -1 1 
134 20 Car -1.000000 -1 -1 645.23459207333 183.39530482088261 667.7912152891047 198.56438402148817 -1 -1 -1 -1 -1 -1 -1 -1 1 
134 22 Car -1.000000 -1 -1 702.9787032117747 178.14855779366277 746.4243148489796 201.6822786069025 -1 -1 -1 -1 -1 -1 -1 -1 1 
134 32 Car -1.000000 -1 -1 860.4612045930784 147.78961155310574 974.880175926205 249.2352783359528 -1 -1 -1 -1 -1 -1 -1 -1 1 
134 33 Car -1.000000 -1 -1 802.9218282571235 178.01669772673057 850.508752468273 202.59405422075392 -1 -1 -1 -1 -1 -1 -1 -1 1 
135 20 Car -1.000000 -1 -1 642.5850092407875 181.61299286966414 667.0344272641523 198.14519828183884 -1 -1 -1 -1 -1 -1 -1 -1 1 
135 22 Car -1.000000 -1 -1 700.5995892978741 177.90361338496226 742.8327374145982 200.95283550771322 -1 -1 -1 -1 -1 -1 -1 -1 1 
135 32 Car -1.000000 -1 -1 847.2748085457442 157.48905197056894 948.5539756798069 242.76279413616058 -1 -1 -1 -1 -1 -1 -1 -1 1 
135 33 Car -1.000000 -1 -1 802.3561265124441 178.13886992235643 849.8508977755677 202.66862470341212 -1 -1 -1 -1 -1 -1 -1 -1 1 
136 20 Car -1.000000 -1 -1 641.7834177942816 183.07535271364108 663.6294435796083 197.68617784392606 -1 -1 -1 -1 -1 -1 -1 -1 1 
136 22 Car -1.000000 -1 -1 698.5703722538237 176.0357306308723 739.1677362489656 198.36369445614667 -1 -1 -1 -1 -1 -1 -1 -1 1 
136 32 Car -1.000000 -1 -1 831.2154386942732 159.49822899540027 923.4204850109719 234.4159696052114 -1 -1 -1 -1 -1 -1 -1 -1 1 
137 20 Car -1.000000 -1 -1 640.2444712041887 183.29730086068295 660.1915471742352 196.63810794277452 -1 -1 -1 -1 -1 -1 -1 -1 1 
137 22 Car -1.000000 -1 -1 693.4686087392867 175.30894322103322 733.4655320655562 197.6619676774439 -1 -1 -1 -1 -1 -1 -1 -1 1 
137 32 Car -1.000000 -1 -1 812.2546399175907 160.20220243682368 894.4480537727376 226.98520659168457 -1 -1 -1 -1 -1 -1 -1 -1 1 
138 20 Car -1.000000 -1 -1 637.7754765730998 182.332074644183 659.2584300800248 196.79105697824636 -1 -1 -1 -1 -1 -1 -1 -1 1 
138 22 Car -1.000000 -1 -1 691.080236730281 175.54131432079828 729.001249760263 196.8765737560477 -1 -1 -1 -1 -1 -1 -1 -1 1 
139 20 Car -1.000000 -1 -1 636.0713715666479 182.362514401279 656.2397190135996 195.93672879685454 -1 -1 -1 -1 -1 -1 -1 -1 1 
139 22 Car -1.000000 -1 -1 687.827143951553 175.2948225321409 725.1826529639263 196.50543162438774 -1 -1 -1 -1 -1 -1 -1 -1 1 
141 22 Car -1.000000 -1 -1 683.5746879542578 175.01610948254043 719.4724597537528 195.39898220857037 -1 -1 -1 -1 -1 -1 -1 -1 1 
142 22 Car -1.000000 -1 -1 681.0254922086312 176.3797421074533 713.1308267891942 194.60110372571594 -1 -1 -1 -1 -1 -1 -1 -1 1 
143 22 Car -1.000000 -1 -1 678.8312226136969 176.45172794733517 710.5951758546378 194.65137325847027 -1 -1 -1 -1 -1 -1 -1 -1 1 
143 38 Car -1.000000 -1 -1 621.041633956452 177.28643518510827 647.1607454843813 192.53261971016067 -1 -1 -1 -1 -1 -1 -1 -1 1 
144 22 Car -1.000000 -1 -1 675.0276687742513 176.40130135173092 705.292645069729 193.7420661985612 -1 -1 -1 -1 -1 -1 -1 -1 1 
144 38 Car -1.000000 -1 -1 620.5105226366709 177.87884843324017 645.1869365362168 192.2218265100973 -1 -1 -1 -1 -1 -1 -1 -1 1 
145 22 Car -1.000000 -1 -1 674.2991712566272 176.3977108682481 704.0022716372612 193.6141150171997 -1 -1 -1 -1 -1 -1 -1 -1 1 
145 38 Car -1.000000 -1 -1 620.1088837555536 178.07589160110712 644.1225691728779 192.03366368651757 -1 -1 -1 -1 -1 -1 -1 -1 1 
145 39 Car -1.000000 -1 -1 746.2428188183601 161.32530045982105 811.7683344705872 212.17310778474737 -1 -1 -1 -1 -1 -1 -1 -1 1 
146 22 Car -1.000000 -1 -1 673.0362253213387 176.6633795920472 701.5790259550108 193.16368279961569 -1 -1 -1 -1 -1 -1 -1 -1 1 
146 33 Car -1.000000 -1 -1 807.9422463808246 177.43927109011975 855.9733894622514 202.53873583138346 -1 -1 -1 -1 -1 -1 -1 -1 1 
146 39 Car -1.000000 -1 -1 740.8078223010993 161.8608440821096 803.3253229867407 210.44519165674365 -1 -1 -1 -1 -1 -1 -1 -1 1 
147 22 Car -1.000000 -1 -1 671.1150117242228 176.6104215564942 697.0930085078494 191.62912307178817 -1 -1 -1 -1 -1 -1 -1 -1 1 
147 33 Car -1.000000 -1 -1 806.9460328207269 177.5797437666917 854.444572129785 201.836095824398 -1 -1 -1 -1 -1 -1 -1 -1 1 
147 39 Car -1.000000 -1 -1 736.3746796749302 162.12711199176982 796.6283486805119 208.9521637766868 -1 -1 -1 -1 -1 -1 -1 -1 1 
148 22 Car -1.000000 -1 -1 667.3075886083518 176.3148808384954 693.6327593343022 191.5619890105962 -1 -1 -1 -1 -1 -1 -1 -1 1 
148 33 Car -1.000000 -1 -1 805.6941824332336 177.7956829226885 852.7218302289436 201.06195755534432 -1 -1 -1 -1 -1 -1 -1 -1 1 
149 22 Car -1.000000 -1 -1 665.3312146057974 176.41144763308134 691.3734794700679 191.55755473274837 -1 -1 -1 -1 -1 -1 -1 -1 1 
149 33 Car -1.000000 -1 -1 805.296480153699 177.9067032834035 852.4640469717177 200.47695822548775 -1 -1 -1 -1 -1 -1 -1 -1 1 
150 22 Car -1.000000 -1 -1 664.2988535075524 175.9468767941702 690.2564439696725 191.1918437280811 -1 -1 -1 -1 -1 -1 -1 -1 1 
150 33 Car -1.000000 -1 -1 804.7994280450965 178.32834580275338 852.5085053820006 200.51767571479596 -1 -1 -1 -1 -1 -1 -1 -1 1 
151 22 Car -1.000000 -1 -1 663.1987603682885 175.89557528852407 688.3678812370875 190.65849000035223 -1 -1 -1 -1 -1 -1 -1 -1 1 
151 33 Car -1.000000 -1 -1 803.6026928031196 178.74217606793866 851.3344526025217 200.47797031550135 -1 -1 -1 -1 -1 -1 -1 -1 1 
152 22 Car -1.000000 -1 -1 660.7224643846541 175.81033814454022 685.0291029000034 190.06736110590384 -1 -1 -1 -1 -1 -1 -1 -1 1 
152 33 Car -1.000000 -1 -1 802.1430690305352 178.57475717226305 851.2438432955906 200.5773210678518 -1 -1 -1 -1 -1 -1 -1 -1 1 
153 33 Car -1.000000 -1 -1 801.2732776706159 178.42476069391483 851.4997701813894 200.57580573586537 -1 -1 -1 -1 -1 -1 -1 -1 1 
153 39 Car -1.000000 -1 -1 706.0306463987001 166.27965364331445 754.5375084839912 204.24334349826623 -1 -1 -1 -1 -1 -1 -1 -1 1 
154 33 Car -1.000000 -1 -1 799.9292508211598 178.3296261337821 850.634718756908 200.53834720175436 -1 -1 -1 -1 -1 -1 -1 -1 1 
154 39 Car -1.000000 -1 -1 702.9297488075423 166.24285048410604 749.6207588178993 203.0302603248519 -1 -1 -1 -1 -1 -1 -1 -1 1 
155 33 Car -1.000000 -1 -1 797.5989839759279 177.94380745727116 849.0297930076476 200.30338321822632 -1 -1 -1 -1 -1 -1 -1 -1 1 
155 39 Car -1.000000 -1 -1 700.5709652008186 165.62125287571544 746.4799877261058 202.1330891553215 -1 -1 -1 -1 -1 -1 -1 -1 1 
156 33 Car -1.000000 -1 -1 795.6751229753932 177.74371814484383 847.9973731564536 200.40617638299034 -1 -1 -1 -1 -1 -1 -1 -1 1 
156 39 Car -1.000000 -1 -1 698.7566709069276 165.5421699456157 742.9393496485294 201.00106095143536 -1 -1 -1 -1 -1 -1 -1 -1 1 
157 33 Car -1.000000 -1 -1 793.8700763229301 178.1540656257954 845.7206250098376 200.45470873117387 -1 -1 -1 -1 -1 -1 -1 -1 1 
157 39 Car -1.000000 -1 -1 692.4651304700128 166.028381471451 734.8566893810925 200.17445646141456 -1 -1 -1 -1 -1 -1 -1 -1 1 
158 33 Car -1.000000 -1 -1 793.3267717502541 178.001926318835 845.693845768523 200.40315146369545 -1 -1 -1 -1 -1 -1 -1 -1 1 
158 39 Car -1.000000 -1 -1 689.8837041259395 166.45796329660797 730.7601976894714 199.6105492880031 -1 -1 -1 -1 -1 -1 -1 -1 1 
159 33 Car -1.000000 -1 -1 790.8852712810302 177.69785998708838 844.4341123593495 200.38822246196088 -1 -1 -1 -1 -1 -1 -1 -1 1 
159 39 Car -1.000000 -1 -1 687.4521716970467 166.44689784009856 726.9392849032307 198.8407608668721 -1 -1 -1 -1 -1 -1 -1 -1 1 
160 33 Car -1.000000 -1 -1 789.389127077545 177.39434364734805 844.3907403927176 200.6580240043837 -1 -1 -1 -1 -1 -1 -1 -1 1 
160 39 Car -1.000000 -1 -1 685.7346865428331 167.3493040587793 722.5874578507518 197.52423505010512 -1 -1 -1 -1 -1 -1 -1 -1 1 
161 33 Car -1.000000 -1 -1 783.9398325218267 177.46037719310934 839.1785677828254 200.69617267465512 -1 -1 -1 -1 -1 -1 -1 -1 1 
161 39 Car -1.000000 -1 -1 685.2863423123213 168.92187773050372 719.0273691682964 196.3515376403943 -1 -1 -1 -1 -1 -1 -1 -1 1 
162 33 Car -1.000000 -1 -1 780.7791782087419 176.85499309982058 837.1648093041895 200.5040702097783 -1 -1 -1 -1 -1 -1 -1 -1 1 
162 39 Car -1.000000 -1 -1 682.1641154346803 169.45180200316724 714.0264905031736 195.35422564328866 -1 -1 -1 -1 -1 -1 -1 -1 1 
163 33 Car -1.000000 -1 -1 778.3038009785606 176.89091232039905 833.9871572484893 200.29982494370248 -1 -1 -1 -1 -1 -1 -1 -1 1 
163 39 Car -1.000000 -1 -1 680.0536429462995 168.86448564778073 711.892627259009 194.91460490229656 -1 -1 -1 -1 -1 -1 -1 -1 1 
164 33 Car -1.000000 -1 -1 773.6455612143129 175.46586409130867 830.5607583674278 199.47764735282908 -1 -1 -1 -1 -1 -1 -1 -1 1 
164 39 Car -1.000000 -1 -1 677.0595283044814 169.23078826997582 707.3316883087365 193.99896766843005 -1 -1 -1 -1 -1 -1 -1 -1 1 
165 33 Car -1.000000 -1 -1 771.0709362568462 176.04823196166626 827.3176876049376 199.90346984743545 -1 -1 -1 -1 -1 -1 -1 -1 1 
166 33 Car -1.000000 -1 -1 768.4569074975335 175.23350945795414 824.6532874356026 199.09330348487183 -1 -1 -1 -1 -1 -1 -1 -1 1 
167 33 Car -1.000000 -1 -1 767.0319900455013 174.92634665789274 823.4554627040782 198.82857838356574 -1 -1 -1 -1 -1 -1 -1 -1 1 
168 33 Car -1.000000 -1 -1 763.9068853749659 174.78652404044144 820.4415455330786 198.71910865695995 -1 -1 -1 -1 -1 -1 -1 -1 1 
168 39 Car -1.000000 -1 -1 668.0409829762542 167.08224622465804 698.0316793896424 191.82555148219097 -1 -1 -1 -1 -1 -1 -1 -1 1 
169 33 Car -1.000000 -1 -1 758.5951397374117 176.15590821298795 813.7878119054695 199.5409216920498 -1 -1 -1 -1 -1 -1 -1 -1 1 
169 39 Car -1.000000 -1 -1 665.4253599417659 166.94027007538642 695.2457499538975 191.542503807883 -1 -1 -1 -1 -1 -1 -1 -1 1 
170 33 Car -1.000000 -1 -1 754.5567545964105 175.67490059020807 808.8429633669273 198.5241433799583 -1 -1 -1 -1 -1 -1 -1 -1 1 
170 39 Car -1.000000 -1 -1 662.753146398882 166.88895147149054 691.7935929945451 190.84773333841227 -1 -1 -1 -1 -1 -1 -1 -1 1 
171 33 Car -1.000000 -1 -1 751.7924108817552 175.67114082179728 805.2728063973985 198.0493963037196 -1 -1 -1 -1 -1 -1 -1 -1 1 
172 33 Car -1.000000 -1 -1 749.0041471156402 175.71830489474826 801.7951445207373 197.8488048820224 -1 -1 -1 -1 -1 -1 -1 -1 1 
173 33 Car -1.000000 -1 -1 744.4468528742304 175.385322546537 798.0676664118342 197.97832604156503 -1 -1 -1 -1 -1 -1 -1 -1 1 
174 33 Car -1.000000 -1 -1 742.0048496443444 175.66119755879342 793.7043163642959 197.59951377524519 -1 -1 -1 -1 -1 -1 -1 -1 1 
175 33 Car -1.000000 -1 -1 738.2703725786874 176.35235788553928 786.9290391843632 197.003302088848 -1 -1 -1 -1 -1 -1 -1 -1 1 
176 33 Car -1.000000 -1 -1 734.8005616433984 176.14814922078682 784.1340426958523 197.14412084343957 -1 -1 -1 -1 -1 -1 -1 -1 1 
177 33 Car -1.000000 -1 -1 731.1435899153613 176.06049149094295 779.913681543281 196.94095272161414 -1 -1 -1 -1 -1 -1 -1 -1 1 
178 33 Car -1.000000 -1 -1 728.2334056322782 176.19111606926532 776.2213028557461 196.9508724903256 -1 -1 -1 -1 -1 -1 -1 -1 1 
179 33 Car -1.000000 -1 -1 723.5766414139295 176.1451941275851 771.6958030665081 197.2305377520754 -1 -1 -1 -1 -1 -1 -1 -1 1 
180 33 Car -1.000000 -1 -1 720.9261084299006 176.16351801718065 768.1901844288577 197.1782118028713 -1 -1 -1 -1 -1 -1 -1 -1 1 
181 33 Car -1.000000 -1 -1 714.8706191883981 176.14996392788206 761.441809382881 197.02872821410938 -1 -1 -1 -1 -1 -1 -1 -1 1 
182 33 Car -1.000000 -1 -1 712.2069318554285 176.2346933090279 757.7144888234644 196.81660041816713 -1 -1 -1 -1 -1 -1 -1 -1 1 
183 33 Car -1.000000 -1 -1 711.2152375152009 176.5055220170746 754.6061257831542 196.2631853865683 -1 -1 -1 -1 -1 -1 -1 -1 1 
183 42 Car -1.000000 -1 -1 487.159202653641 167.02390583019965 511.50703873255054 190.10253046058602 -1 -1 -1 -1 -1 -1 -1 -1 1 
184 33 Car -1.000000 -1 -1 711.6746649675703 179.36458536631673 749.0940467925949 196.7359759590363 -1 -1 -1 -1 -1 -1 -1 -1 1 
184 42 Car -1.000000 -1 -1 486.7445123602672 167.73340335155348 510.51010663335825 190.18258379082692 -1 -1 -1 -1 -1 -1 -1 -1 1 
185 33 Car -1.000000 -1 -1 708.7771656084168 179.74194900305966 745.1810561920129 196.64193043298397 -1 -1 -1 -1 -1 -1 -1 -1 1 
185 42 Car -1.000000 -1 -1 486.7323144764481 167.93652749940333 510.4386266603229 190.27562001125386 -1 -1 -1 -1 -1 -1 -1 -1 1 
186 42 Car -1.000000 -1 -1 486.66127997306165 168.23676409210427 510.0720003988766 190.29731234229138 -1 -1 -1 -1 -1 -1 -1 -1 1 
188 33 Car -1.000000 -1 -1 694.643769860171 182.26336636268258 730.4087103230748 199.09050596260855 -1 -1 -1 -1 -1 -1 -1 -1 1 
189 33 Car -1.000000 -1 -1 693.0932823233287 182.4206801403419 729.4804895666705 199.95692305623575 -1 -1 -1 -1 -1 -1 -1 -1 1 
189 44 Car -1.000000 -1 -1 476.92324668567403 171.6654544083521 509.4207203727252 194.89509044460777 -1 -1 -1 -1 -1 -1 -1 -1 1 
190 33 Car -1.000000 -1 -1 690.4679780720734 183.2393901239364 725.9273527654251 200.77290685484314 -1 -1 -1 -1 -1 -1 -1 -1 1 
190 44 Car -1.000000 -1 -1 475.01222897719055 172.60627666147627 508.2349888151306 196.3661285817092 -1 -1 -1 -1 -1 -1 -1 -1 1 
191 33 Car -1.000000 -1 -1 688.5249308553883 184.04433412951673 721.5884439181451 200.65269532660142 -1 -1 -1 -1 -1 -1 -1 -1 1 
191 44 Car -1.000000 -1 -1 473.02519865728897 173.17963927548809 506.6683193947106 197.24451744202116 -1 -1 -1 -1 -1 -1 -1 -1 1 
192 33 Car -1.000000 -1 -1 684.8205925926043 184.21435255831486 716.3222519152849 200.08619624848788 -1 -1 -1 -1 -1 -1 -1 -1 1 
192 44 Car -1.000000 -1 -1 470.13602962701026 173.15317331039705 503.81828962375783 197.2763677702125 -1 -1 -1 -1 -1 -1 -1 -1 1 
193 33 Car -1.000000 -1 -1 681.5408885327702 184.72795787721978 712.4163504691453 200.28438690253972 -1 -1 -1 -1 -1 -1 -1 -1 1 
193 44 Car -1.000000 -1 -1 466.78044989034396 173.35289963810172 500.6563364937429 197.67224602956995 -1 -1 -1 -1 -1 -1 -1 -1 1 
194 44 Car -1.000000 -1 -1 463.22370117798914 173.0504508516105 498.66480939922917 198.50453249001143 -1 -1 -1 -1 -1 -1 -1 -1 1 
195 44 Car -1.000000 -1 -1 458.79688494213315 173.48093412303533 494.74723951938694 199.5251529140973 -1 -1 -1 -1 -1 -1 -1 -1 1 
196 44 Car -1.000000 -1 -1 455.53796431820894 175.64545569027686 490.95952612579 201.48421822937792 -1 -1 -1 -1 -1 -1 -1 -1 1 
196 45 Car -1.000000 -1 -1 674.6856479933066 184.77769216384826 700.864881984779 201.4562945848059 -1 -1 -1 -1 -1 -1 -1 -1 1 
197 44 Car -1.000000 -1 -1 451.6418257550775 176.41281983464003 487.59254596403844 202.72197500739634 -1 -1 -1 -1 -1 -1 -1 -1 1 
197 45 Car -1.000000 -1 -1 671.3106892047657 188.10981694452457 694.4025265513403 202.8250919798504 -1 -1 -1 -1 -1 -1 -1 -1 1 
199 44 Car -1.000000 -1 -1 444.43537688725905 177.50630646130162 481.10068693853736 204.26603164558034 -1 -1 -1 -1 -1 -1 -1 -1 1 
199 45 Car -1.000000 -1 -1 663.520534158223 189.06562509101227 686.8872429704967 203.92209503721352 -1 -1 -1 -1 -1 -1 -1 -1 1 
200 44 Car -1.000000 -1 -1 435.0626204476718 176.6354044622759 475.232114584748 206.35554253131247 -1 -1 -1 -1 -1 -1 -1 -1 1 
200 45 Car -1.000000 -1 -1 659.5823567482369 190.29451873659733 682.1158238511017 204.62121657713735 -1 -1 -1 -1 -1 -1 -1 -1 1 
201 44 Car -1.000000 -1 -1 431.1817118466437 177.27660573806085 471.06623903297674 207.05243833530363 -1 -1 -1 -1 -1 -1 -1 -1 1 
202 44 Car -1.000000 -1 -1 426.76635753954343 176.1776871076179 467.7024514681174 207.14146523460852 -1 -1 -1 -1 -1 -1 -1 -1 1 
204 44 Car -1.000000 -1 -1 421.0478221713547 174.23339839021298 459.6368952967978 203.33702584804067 -1 -1 -1 -1 -1 -1 -1 -1 1 
204 47 Car -1.000000 -1 -1 642.6419080725282 186.17398441683136 668.0938482132055 201.57181842140034 -1 -1 -1 -1 -1 -1 -1 -1 1 
205 44 Car -1.000000 -1 -1 415.5967389842598 172.44958681575775 455.35580652076055 202.53478797875562 -1 -1 -1 -1 -1 -1 -1 -1 1 
205 47 Car -1.000000 -1 -1 638.3072067211061 183.63816146763588 664.5372275042695 199.53088892563252 -1 -1 -1 -1 -1 -1 -1 -1 1 
207 44 Car -1.000000 -1 -1 408.18238633805595 170.95102811672749 450.173148790065 203.14760229232695 -1 -1 -1 -1 -1 -1 -1 -1 1 
207 47 Car -1.000000 -1 -1 634.434913388892 181.8935426452358 661.7402049853096 198.43777503753566 -1 -1 -1 -1 -1 -1 -1 -1 1 
208 44 Car -1.000000 -1 -1 404.54097629775964 170.0634953243977 447.9538562355632 203.55989066723512 -1 -1 -1 -1 -1 -1 -1 -1 1 
209 44 Car -1.000000 -1 -1 403.030313799753 169.35878053476108 447.8910232532403 204.24137591370214 -1 -1 -1 -1 -1 -1 -1 -1 1 
211 44 Car -1.000000 -1 -1 402.86960027705453 169.23341367126585 447.82788143183626 204.26954612235247 -1 -1 -1 -1 -1 -1 -1 -1 1 
212 44 Car -1.000000 -1 -1 402.0908589135364 169.1758945954287 450.1455501565774 207.12133214719012 -1 -1 -1 -1 -1 -1 -1 -1 1 
213 44 Car -1.000000 -1 -1 405.46917630999707 169.69318387406682 454.286220477435 207.98669002540856 -1 -1 -1 -1 -1 -1 -1 -1 1 
214 44 Car -1.000000 -1 -1 413.73130375234007 171.44493861768666 462.0068649332018 209.34552884212184 -1 -1 -1 -1 -1 -1 -1 -1 1 
214 49 Car -1.000000 -1 -1 658.2458149318119 182.3938985733517 683.4159252482248 195.52233224813048 -1 -1 -1 -1 -1 -1 -1 -1 1 
215 42 Car -1.000000 -1 -1 429.32301004974767 171.62411319205347 473.27009517872534 212.21982700505924 -1 -1 -1 -1 -1 -1 -1 -1 1 
215 44 Car -1.000000 -1 -1 411.61391847439506 171.41463024800265 460.865027951873 210.08114356766959 -1 -1 -1 -1 -1 -1 -1 -1 1 
215 49 Car -1.000000 -1 -1 668.736318243395 183.01158399332422 692.1490019649882 195.26519606344198 -1 -1 -1 -1 -1 -1 -1 -1 1 
216 42 Car -1.000000 -1 -1 432.53684419380113 171.337569869538 477.64934068316813 211.88128425051843 -1 -1 -1 -1 -1 -1 -1 -1 1 
216 49 Car -1.000000 -1 -1 674.3958398940389 183.0741953766411 697.6052253626033 195.22140631455702 -1 -1 -1 -1 -1 -1 -1 -1 1 
217 42 Car -1.000000 -1 -1 442.9878608527116 170.22128465821854 490.03601264884276 211.97307886427748 -1 -1 -1 -1 -1 -1 -1 -1 1 
218 42 Car -1.000000 -1 -1 441.4621715614784 170.29382589542922 489.32040474935275 212.76446854354873 -1 -1 -1 -1 -1 -1 -1 -1 1 
220 51 Car -1.000000 -1 -1 490.6698929834672 165.34757381360149 547.4178461125314 208.93554758845363 -1 -1 -1 -1 -1 -1 -1 -1 1 
221 51 Car -1.000000 -1 -1 509.702287913568 161.49359401086352 573.4900617036375 210.84084067537628 -1 -1 -1 -1 -1 -1 -1 -1 1 
222 51 Car -1.000000 -1 -1 534.0360702491573 161.61626848738365 596.5942758633083 210.1270894875133 -1 -1 -1 -1 -1 -1 -1 -1 1 
223 51 Car -1.000000 -1 -1 559.2142220922856 161.63731379131755 619.7651515898369 208.68792036986272 -1 -1 -1 -1 -1 -1 -1 -1 1 
224 51 Car -1.000000 -1 -1 583.6048568372244 161.52046412969713 643.3960363125085 208.1595766742444 -1 -1 -1 -1 -1 -1 -1 -1 1 
225 51 Car -1.000000 -1 -1 607.0875178089372 160.8830740649757 668.6769024832778 209.5330039691966 -1 -1 -1 -1 -1 -1 -1 -1 1 
226 51 Car -1.000000 -1 -1 631.4553780523265 158.8497090105254 696.0051742778671 210.27075530579617 -1 -1 -1 -1 -1 -1 -1 -1 1 
227 51 Car -1.000000 -1 -1 662.048588545087 158.33782170068807 728.6360992911299 211.67663710403662 -1 -1 -1 -1 -1 -1 -1 -1 1 
228 51 Car -1.000000 -1 -1 690.080772223651 160.43052538014297 757.3137344545427 214.4138064151098 -1 -1 -1 -1 -1 -1 -1 -1 1 
229 51 Car -1.000000 -1 -1 720.462818634473 157.4638182314561 790.9815375414054 214.65215537120588 -1 -1 -1 -1 -1 -1 -1 -1 1 
230 51 Car -1.000000 -1 -1 753.0274210773814 155.27020701825873 825.5377482506626 214.64555327158865 -1 -1 -1 -1 -1 -1 -1 -1 1 
231 51 Car -1.000000 -1 -1 785.5837568917236 153.11326663818016 858.1417390277186 213.14327108424692 -1 -1 -1 -1 -1 -1 -1 -1 1 
232 51 Car -1.000000 -1 -1 817.8125551347493 150.6795386580685 891.8356582204219 212.1887977605354 -1 -1 -1 -1 -1 -1 -1 -1 1 
233 51 Car -1.000000 -1 -1 857.984344449313 147.92418222390023 935.7491087652309 212.63938195946142 -1 -1 -1 -1 -1 -1 -1 -1 1 
234 51 Car -1.000000 -1 -1 904.9600046205496 144.66127977163592 986.8268931715447 211.36480809855806 -1 -1 -1 -1 -1 -1 -1 -1 1 
235 51 Car -1.000000 -1 -1 951.7923654014569 142.80010021776664 1038.1125269158092 211.17560485456417 -1 -1 -1 -1 -1 -1 -1 -1 1 
236 51 Car -1.000000 -1 -1 993.837261030676 138.9837737382922 1088.4766397877488 213.19915208207968 -1 -1 -1 -1 -1 -1 -1 -1 1 
237 51 Car -1.000000 -1 -1 1048.5681796383128 137.36359600155504 1148.845431292033 215.422754376291 -1 -1 -1 -1 -1 -1 -1 -1 1 
238 51 Car -1.000000 -1 -1 1081.8891984572967 135.59304243291913 1184.9726668216754 215.83663131642015 -1 -1 -1 -1 -1 -1 -1 -1 1 
247 62 Car -1.000000 -1 -1 68.63614165333199 158.2656497415698 222.81630737900576 212.78303652031505 -1 -1 -1 -1 -1 -1 -1 -1 1 
248 62 Car -1.000000 -1 -1 90.32114810146388 157.99353036581294 258.861744050605 217.83473281569485 -1 -1 -1 -1 -1 -1 -1 -1 1 
250 62 Car -1.000000 -1 -1 122.12181172288365 161.40212489002687 281.11001964256633 218.79121921094935 -1 -1 -1 -1 -1 -1 -1 -1 1 
256 62 Car -1.000000 -1 -1 160.57044574476674 155.3037192069246 328.27282793312384 215.89222385068746 -1 -1 -1 -1 -1 -1 -1 -1 1 
257 62 Car -1.000000 -1 -1 169.82722596521177 153.49321985419118 341.6909300812796 215.63186601922573 -1 -1 -1 -1 -1 -1 -1 -1 1 
258 62 Car -1.000000 -1 -1 160.67553123526966 152.67876917334812 339.0854485209519 216.80616476063608 -1 -1 -1 -1 -1 -1 -1 -1 1 
259 62 Car -1.000000 -1 -1 148.32475063371982 151.3738674478267 334.63596017510315 218.73911021642496 -1 -1 -1 -1 -1 -1 -1 -1 1 
260 62 Car -1.000000 -1 -1 131.6303055741996 149.4509683461342 324.62009721647587 219.66284865654885 -1 -1 -1 -1 -1 -1 -1 -1 1 
261 62 Car -1.000000 -1 -1 115.01107291494033 146.67620566263932 314.80635509440174 219.3914475831392 -1 -1 -1 -1 -1 -1 -1 -1 1 
262 62 Car -1.000000 -1 -1 95.48179872642201 144.67628125937276 302.6988251885639 220.37869657199133 -1 -1 -1 -1 -1 -1 -1 -1 1 
263 62 Car -1.000000 -1 -1 74.24142341049833 142.88886942369265 293.0224617365875 223.41522316412838 -1 -1 -1 -1 -1 -1 -1 -1 1 
264 62 Car -1.000000 -1 -1 66.17629127462101 146.0041743128914 276.43671246412663 221.61119640873065 -1 -1 -1 -1 -1 -1 -1 -1 1 
265 62 Car -1.000000 -1 -1 42.33033589117336 144.47046283327 263.23569424410584 222.6020146145885 -1 -1 -1 -1 -1 -1 -1 -1 1 
266 62 Car -1.000000 -1 -1 23.643077146610253 140.86802750187618 252.81308972008821 221.13988994589522 -1 -1 -1 -1 -1 -1 -1 -1 1 
267 62 Car -1.000000 -1 -1 8.853300931941092 130.5559613184732 252.51191209094617 215.28950709354982 -1 -1 -1 -1 -1 -1 -1 -1 1 
268 62 Car -1.000000 -1 -1 4.420728372934192 128.40673202403065 253.7308136535845 215.10558099627772 -1 -1 -1 -1 -1 -1 -1 -1 1 
