2 1 Car -1.000000 -1 -1 489.4585228801235 183.82740825975498 582.7294684886366 212.84027925119761 -1 -1 -1 -1 -1 -1 -1 -1 1 
2 2 Car -1.000000 -1 -1 715.719039904829 184.602956190014 742.7423294576841 195.44324885606363 -1 -1 -1 -1 -1 -1 -1 -1 1 
3 1 Car -1.000000 -1 -1 500.62334737795874 182.932390461167 598.6885142991753 213.43839610177196 -1 -1 -1 -1 -1 -1 -1 -1 1 
3 2 Car -1.000000 -1 -1 715.7444208711543 184.27894100376537 743.40932660476 195.37661562427954 -1 -1 -1 -1 -1 -1 -1 -1 1 
4 1 Car -1.000000 -1 -1 515.4047570348197 183.23364713801797 610.4286676803872 212.78248733430038 -1 -1 -1 -1 -1 -1 -1 -1 1 
5 1 Car -1.000000 -1 -1 524.8634870302362 182.20066314576138 624.5501136195184 213.24758615002682 -1 -1 -1 -1 -1 -1 -1 -1 1 
6 1 Car -1.000000 -1 -1 538.9611583878492 182.4001512363496 635.2512830523445 212.35613053520015 -1 -1 -1 -1 -1 -1 -1 -1 1 
7 1 Car -1.000000 -1 -1 549.5912346455708 182.16558041948295 648.1349842685474 212.9374171608757 -1 -1 -1 -1 -1 -1 -1 -1 1 
8 1 Car -1.000000 -1 -1 563.5327905971891 182.4386236245176 658.8453986010074 212.20855536015094 -1 -1 -1 -1 -1 -1 -1 -1 1 
9 1 Car -1.000000 -1 -1 573.3718289277825 181.71689591017983 672.9944396237933 212.99126504359484 -1 -1 -1 -1 -1 -1 -1 -1 1 
10 1 Car -1.000000 -1 -1 584.7052996400829 181.69406697727683 681.8404883642771 212.34293611471816 -1 -1 -1 -1 -1 -1 -1 -1 1 
10 2 Car -1.000000 -1 -1 713.5920877083023 185.12830149134982 739.8034846857311 195.64061996713946 -1 -1 -1 -1 -1 -1 -1 -1 1 
11 1 Car -1.000000 -1 -1 596.297805917848 180.82541535417514 696.3605228809071 212.75048734361843 -1 -1 -1 -1 -1 -1 -1 -1 1 
11 2 Car -1.000000 -1 -1 713.3768334426096 185.1266391272576 739.614555500927 195.64951550051904 -1 -1 -1 -1 -1 -1 -1 -1 1 
12 1 Car -1.000000 -1 -1 609.3092021530649 182.0102170194986 702.7425301173445 211.99951551821374 -1 -1 -1 -1 -1 -1 -1 -1 1 
12 2 Car -1.000000 -1 -1 713.2918686067278 185.4860135062023 739.3535233982549 195.93764298041796 -1 -1 -1 -1 -1 -1 -1 -1 1 
13 1 Car -1.000000 -1 -1 616.6844885004721 182.34562881619703 706.356421666133 210.92071766191583 -1 -1 -1 -1 -1 -1 -1 -1 1 
13 2 Car -1.000000 -1 -1 713.0926018431333 185.5283862908994 739.1557036391872 195.98059604547223 -1 -1 -1 -1 -1 -1 -1 -1 1 
14 1 Car -1.000000 -1 -1 626.9711949192307 181.86545043681477 719.2121267641359 211.58361638692415 -1 -1 -1 -1 -1 -1 -1 -1 1 
15 1 Car -1.000000 -1 -1 639.9132499726293 182.69646238933768 726.4215782723695 210.59731147891767 -1 -1 -1 -1 -1 -1 -1 -1 1 
16 1 Car -1.000000 -1 -1 646.1254953125127 182.06890365980615 732.7043249048296 210.02504918594144 -1 -1 -1 -1 -1 -1 -1 -1 1 
17 1 Car -1.000000 -1 -1 654.9700511088887 182.12129625501544 741.2508505265291 210.0910534083682 -1 -1 -1 -1 -1 -1 -1 -1 1 
18 1 Car -1.000000 -1 -1 662.0751402248358 183.08835518980914 744.5512563713552 209.71950061819683 -1 -1 -1 -1 -1 -1 -1 -1 1 
19 1 Car -1.000000 -1 -1 670.1400752061586 183.33412975822122 749.761831974287 209.08656667729042 -1 -1 -1 -1 -1 -1 -1 -1 1 
20 1 Car -1.000000 -1 -1 681.0190159865555 183.06140173471712 759.1739531059858 208.88389226955417 -1 -1 -1 -1 -1 -1 -1 -1 1 
21 1 Car -1.000000 -1 -1 688.3211916025352 181.71491669924487 764.9212285376518 207.53782945900133 -1 -1 -1 -1 -1 -1 -1 -1 1 
22 1 Car -1.000000 -1 -1 692.3083900906423 180.57838062011047 768.420500056614 207.17575912315507 -1 -1 -1 -1 -1 -1 -1 -1 1 
23 1 Car -1.000000 -1 -1 696.8377394086334 180.49714433937373 769.6229718154215 206.86230036007683 -1 -1 -1 -1 -1 -1 -1 -1 1 
24 1 Car -1.000000 -1 -1 702.1359147032564 180.62834236276595 771.9061039243215 206.62633321457065 -1 -1 -1 -1 -1 -1 -1 -1 1 
25 1 Car -1.000000 -1 -1 706.7463809069559 181.11645066718094 771.6786321774811 206.04487342370288 -1 -1 -1 -1 -1 -1 -1 -1 1 
25 7 Car -1.000000 -1 -1 655.1119658573521 182.8285953024092 694.3547651863719 203.94906067028776 -1 -1 -1 -1 -1 -1 -1 -1 1 
26 1 Car -1.000000 -1 -1 714.2744684419264 181.51710276808288 776.124573433339 205.88304589323113 -1 -1 -1 -1 -1 -1 -1 -1 1 
26 7 Car -1.000000 -1 -1 655.889670618168 182.90791080962163 694.660023730493 203.7567504255481 -1 -1 -1 -1 -1 -1 -1 -1 1 
27 1 Car -1.000000 -1 -1 717.9859137967755 181.32715304445895 777.6849917872255 205.40379962634182 -1 -1 -1 -1 -1 -1 -1 -1 1 
27 7 Car -1.000000 -1 -1 656.222977422958 183.02318783335645 694.6378612357206 203.68087303936628 -1 -1 -1 -1 -1 -1 -1 -1 1 
28 1 Car -1.000000 -1 -1 721.1075069347621 181.80330232638164 777.4404352278449 204.88881902067675 -1 -1 -1 -1 -1 -1 -1 -1 1 
29 1 Car -1.000000 -1 -1 725.3285651879794 181.37276080488365 780.4169722240209 204.50864616927143 -1 -1 -1 -1 -1 -1 -1 -1 1 
30 1 Car -1.000000 -1 -1 729.6992019080807 181.1037783658733 783.7943675673611 204.39853403669804 -1 -1 -1 -1 -1 -1 -1 -1 1 
31 1 Car -1.000000 -1 -1 733.9831098804593 181.20684915892258 785.9867948651814 204.08527720788405 -1 -1 -1 -1 -1 -1 -1 -1 1 
32 1 Car -1.000000 -1 -1 735.5095801973928 181.34524657864262 786.4811490907161 203.95529282085863 -1 -1 -1 -1 -1 -1 -1 -1 1 
33 1 Car -1.000000 -1 -1 737.5126947906369 181.4490293959428 786.2810929538771 203.48250394105733 -1 -1 -1 -1 -1 -1 -1 -1 1 
33 9 Car -1.000000 -1 -1 713.7037064775095 186.0592171108014 739.8480193245925 197.36710632656656 -1 -1 -1 -1 -1 -1 -1 -1 1 
34 1 Car -1.000000 -1 -1 738.5149186191938 181.6879707691736 785.2369457145269 203.24874208145178 -1 -1 -1 -1 -1 -1 -1 -1 1 
34 9 Car -1.000000 -1 -1 712.4878342830914 185.73686081259135 739.7080378870963 197.46318481309524 -1 -1 -1 -1 -1 -1 -1 -1 1 
35 1 Car -1.000000 -1 -1 743.2595362356888 183.10498772494944 778.8607649823808 199.53061187148276 -1 -1 -1 -1 -1 -1 -1 -1 1 
35 9 Car -1.000000 -1 -1 714.0516212460415 185.77990656929458 740.9258189593492 197.3000752122272 -1 -1 -1 -1 -1 -1 -1 -1 1 
36 1 Car -1.000000 -1 -1 740.6521234987958 181.65660460256845 783.3431693308363 201.62640256258678 -1 -1 -1 -1 -1 -1 -1 -1 1 
36 9 Car -1.000000 -1 -1 715.0612490472796 186.1566658676789 741.8162794441193 197.59115975668547 -1 -1 -1 -1 -1 -1 -1 -1 1 
37 1 Car -1.000000 -1 -1 743.558954739895 182.5359864907602 779.8029503104514 199.68763364394218 -1 -1 -1 -1 -1 -1 -1 -1 1 
37 9 Car -1.000000 -1 -1 715.4538046237565 186.217080651319 741.3176504051621 197.24387088632636 -1 -1 -1 -1 -1 -1 -1 -1 1 
38 1 Car -1.000000 -1 -1 745.2698239520657 183.24238866034895 778.051004619968 198.8551547798828 -1 -1 -1 -1 -1 -1 -1 -1 1 
38 7 Car -1.000000 -1 -1 656.0122878913163 182.95531865334308 695.1525905480863 203.94191028651886 -1 -1 -1 -1 -1 -1 -1 -1 1 
38 9 Car -1.000000 -1 -1 715.0605779786355 186.14749740382064 740.9211380060401 197.11919634324866 -1 -1 -1 -1 -1 -1 -1 -1 1 
39 1 Car -1.000000 -1 -1 745.8214886350376 183.5995328546436 777.70980587297 198.91977375632834 -1 -1 -1 -1 -1 -1 -1 -1 1 
39 7 Car -1.000000 -1 -1 655.9506677316673 182.78022652854952 695.5824942125091 203.97760481954595 -1 -1 -1 -1 -1 -1 -1 -1 1 
39 9 Car -1.000000 -1 -1 715.1591956898815 186.23364008149616 740.9063141614268 197.0941301861659 -1 -1 -1 -1 -1 -1 -1 -1 1 
40 1 Car -1.000000 -1 -1 748.1231309841745 183.78430397909358 778.6424279915655 198.4469586606474 -1 -1 -1 -1 -1 -1 -1 -1 1 
40 7 Car -1.000000 -1 -1 655.9155511063144 182.710939415311 695.8068741814068 204.04938405476918 -1 -1 -1 -1 -1 -1 -1 -1 1 
40 9 Car -1.000000 -1 -1 714.8816179104796 186.67573389166492 740.3713094477886 197.3793151514894 -1 -1 -1 -1 -1 -1 -1 -1 1 
41 7 Car -1.000000 -1 -1 656.2812313233402 182.84482240158582 696.0138778767196 204.00018961143041 -1 -1 -1 -1 -1 -1 -1 -1 1 
41 9 Car -1.000000 -1 -1 714.342722715487 186.5563446850341 740.5882284904087 197.5205791933406 -1 -1 -1 -1 -1 -1 -1 -1 1 
42 7 Car -1.000000 -1 -1 656.4236178167945 182.79548661586477 696.2424717755723 203.93192956257346 -1 -1 -1 -1 -1 -1 -1 -1 1 
42 9 Car -1.000000 -1 -1 714.2228706322459 186.62333451973683 740.856613690345 197.66080022212574 -1 -1 -1 -1 -1 -1 -1 -1 1 
43 7 Car -1.000000 -1 -1 656.5159283339417 182.79515182885723 696.3357667846986 203.93211485720522 -1 -1 -1 -1 -1 -1 -1 -1 1 
43 9 Car -1.000000 -1 -1 713.908419145828 186.66262022423248 741.0779405567398 197.79134829771888 -1 -1 -1 -1 -1 -1 -1 -1 1 
44 9 Car -1.000000 -1 -1 713.7083446181289 186.75536937087077 740.498826691689 197.6482807548629 -1 -1 -1 -1 -1 -1 -1 -1 1 
45 9 Car -1.000000 -1 -1 714.292956322661 186.7584810536275 740.1290610062869 197.2090163869221 -1 -1 -1 -1 -1 -1 -1 -1 1 
46 9 Car -1.000000 -1 -1 713.9738217712692 186.72602633304467 740.7638085839263 197.4571990221539 -1 -1 -1 -1 -1 -1 -1 -1 1 
47 7 Car -1.000000 -1 -1 655.9722219420933 182.8427363737158 695.7003897227922 203.90426865865464 -1 -1 -1 -1 -1 -1 -1 -1 1 
47 9 Car -1.000000 -1 -1 712.9292098799474 186.77013849589278 740.7344003151654 197.86473296174688 -1 -1 -1 -1 -1 -1 -1 -1 1 
47 11 Car -1.000000 -1 -1 744.804221635955 184.97602934878572 773.2154032897772 198.8171785354735 -1 -1 -1 -1 -1 -1 -1 -1 1 
48 7 Car -1.000000 -1 -1 655.9847140435498 182.84680081019658 695.7007211704458 203.90188337340405 -1 -1 -1 -1 -1 -1 -1 -1 1 
48 9 Car -1.000000 -1 -1 712.6820493767412 186.8536701513955 740.9316778712138 198.084224684386 -1 -1 -1 -1 -1 -1 -1 -1 1 
48 11 Car -1.000000 -1 -1 744.7346464361719 185.09544053682035 773.6788507363275 199.2390362137224 -1 -1 -1 -1 -1 -1 -1 -1 1 
49 9 Car -1.000000 -1 -1 712.3600948024039 187.00289234628278 740.6510277627864 198.17177783995155 -1 -1 -1 -1 -1 -1 -1 -1 1 
49 11 Car -1.000000 -1 -1 744.1396974007764 185.4805653441065 772.1773598869353 199.16342050829655 -1 -1 -1 -1 -1 -1 -1 -1 1 
50 9 Car -1.000000 -1 -1 712.7691551909435 187.03661350875774 741.1056188054598 198.1446318346911 -1 -1 -1 -1 -1 -1 -1 -1 1 
50 11 Car -1.000000 -1 -1 744.1731605977751 185.40393754152393 772.2202681200282 199.0459623922335 -1 -1 -1 -1 -1 -1 -1 -1 1 
51 9 Car -1.000000 -1 -1 712.3234672519407 187.11680427897406 741.9089365107415 198.56838271029713 -1 -1 -1 -1 -1 -1 -1 -1 1 
51 11 Car -1.000000 -1 -1 744.7492006008629 185.87478661338685 772.0138869130191 199.02377761941548 -1 -1 -1 -1 -1 -1 -1 -1 1 
52 9 Car -1.000000 -1 -1 712.677958203296 186.92525998199795 742.6014668236318 198.38337716740986 -1 -1 -1 -1 -1 -1 -1 -1 1 
52 11 Car -1.000000 -1 -1 744.3369033293835 185.5284456429203 771.8079595818912 198.66537244487782 -1 -1 -1 -1 -1 -1 -1 -1 1 
53 9 Car -1.000000 -1 -1 713.2570785298394 186.9268212570205 742.2705895063233 197.91861369005144 -1 -1 -1 -1 -1 -1 -1 -1 1 
53 11 Car -1.000000 -1 -1 745.0760644035328 185.7739620554745 772.092143871291 198.59205604070337 -1 -1 -1 -1 -1 -1 -1 -1 1 
54 9 Car -1.000000 -1 -1 713.4193796509571 186.9550888481407 741.4519032347652 197.5018785378186 -1 -1 -1 -1 -1 -1 -1 -1 1 
54 11 Car -1.000000 -1 -1 743.4576002464676 185.6770676333833 771.9165081631062 199.02924758317033 -1 -1 -1 -1 -1 -1 -1 -1 1 
55 9 Car -1.000000 -1 -1 712.8388071292246 186.6526901340839 741.2262234073202 197.2114706630354 -1 -1 -1 -1 -1 -1 -1 -1 1 
55 11 Car -1.000000 -1 -1 742.7434403298689 185.8305023567645 770.8400936301349 198.78840826797378 -1 -1 -1 -1 -1 -1 -1 -1 1 
56 7 Car -1.000000 -1 -1 657.530674047542 183.03169429859588 697.573701580397 203.7429413172719 -1 -1 -1 -1 -1 -1 -1 -1 1 
56 9 Car -1.000000 -1 -1 712.5475516923624 186.35897966115238 741.8914556048746 197.225230931199 -1 -1 -1 -1 -1 -1 -1 -1 1 
56 11 Car -1.000000 -1 -1 752.4484511113163 185.50179860786773 779.8086737899106 198.02908856364377 -1 -1 -1 -1 -1 -1 -1 -1 1 
57 7 Car -1.000000 -1 -1 657.1735891211625 182.95585481231691 698.1187684065504 203.78809523305125 -1 -1 -1 -1 -1 -1 -1 -1 1 
57 9 Car -1.000000 -1 -1 713.3008791484896 186.00894981989944 743.8295910385871 197.21754551370122 -1 -1 -1 -1 -1 -1 -1 -1 1 
57 11 Car -1.000000 -1 -1 753.6132875957147 185.53254463333732 780.6814192212101 197.92609280366926 -1 -1 -1 -1 -1 -1 -1 -1 1 
58 7 Car -1.000000 -1 -1 656.9575711317281 183.0031349751657 698.1134013586368 203.75318045712797 -1 -1 -1 -1 -1 -1 -1 -1 1 
58 9 Car -1.000000 -1 -1 713.4705710547868 185.8658388330702 744.0646714334595 197.00517934290048 -1 -1 -1 -1 -1 -1 -1 -1 1 
59 7 Car -1.000000 -1 -1 656.7429931694162 183.0471878587647 698.0754991413618 203.75432925931358 -1 -1 -1 -1 -1 -1 -1 -1 1 
59 9 Car -1.000000 -1 -1 713.4125093309938 185.84933031679833 744.7450819766912 197.17393768388342 -1 -1 -1 -1 -1 -1 -1 -1 1 
60 7 Car -1.000000 -1 -1 656.4056408332149 182.97064544001333 698.0160352728893 203.7828535927072 -1 -1 -1 -1 -1 -1 -1 -1 1 
60 9 Car -1.000000 -1 -1 713.5102989788186 186.01440562097284 744.1131741983928 197.02713632204095 -1 -1 -1 -1 -1 -1 -1 -1 1 
61 7 Car -1.000000 -1 -1 655.8229318571823 182.8424021854495 698.0740726203703 204.0031357470691 -1 -1 -1 -1 -1 -1 -1 -1 1 
61 9 Car -1.000000 -1 -1 713.3415410399285 185.87425102061405 745.0797835409485 197.25124468005117 -1 -1 -1 -1 -1 -1 -1 -1 1 
62 7 Car -1.000000 -1 -1 655.7503188542303 182.75656393463552 698.3171806099788 204.09153484665134 -1 -1 -1 -1 -1 -1 -1 -1 1 
62 9 Car -1.000000 -1 -1 713.4528046136908 185.81613715930735 745.2877162613547 197.2277605095888 -1 -1 -1 -1 -1 -1 -1 -1 1 
63 7 Car -1.000000 -1 -1 655.5556459893905 182.63983646377153 698.4421367591464 204.12882506973995 -1 -1 -1 -1 -1 -1 -1 -1 1 
64 7 Car -1.000000 -1 -1 655.0768917017693 182.47356190011774 698.242674127204 204.1373500885849 -1 -1 -1 -1 -1 -1 -1 -1 1 
65 7 Car -1.000000 -1 -1 655.1375183955165 182.43123527156544 698.3054469642008 204.14826016536247 -1 -1 -1 -1 -1 -1 -1 -1 1 
65 9 Car -1.000000 -1 -1 714.6310890720941 185.88219280620982 745.9880870483737 197.1201306971231 -1 -1 -1 -1 -1 -1 -1 -1 1 
66 7 Car -1.000000 -1 -1 655.2919860413218 182.39931879763358 698.4216861061872 204.14532027344893 -1 -1 -1 -1 -1 -1 -1 -1 1 
66 9 Car -1.000000 -1 -1 715.2693877854622 185.80244160577678 746.5516936432472 197.02739992489916 -1 -1 -1 -1 -1 -1 -1 -1 1 
67 7 Car -1.000000 -1 -1 655.4495432831884 182.4144399331589 698.4697551658589 204.13910837909367 -1 -1 -1 -1 -1 -1 -1 -1 1 
67 9 Car -1.000000 -1 -1 715.5028928588182 185.76203349104452 746.8040818167638 196.99374557360267 -1 -1 -1 -1 -1 -1 -1 -1 1 
68 7 Car -1.000000 -1 -1 655.6626172865181 182.31825873935685 698.8087999270227 204.14097366862484 -1 -1 -1 -1 -1 -1 -1 -1 1 
68 9 Car -1.000000 -1 -1 715.23585643588 185.99663735359547 743.8052164132669 196.31305501280102 -1 -1 -1 -1 -1 -1 -1 -1 1 
68 14 Car -1.000000 -1 -1 738.433911025743 185.6521590009376 765.3360897056624 196.7610077119886 -1 -1 -1 -1 -1 -1 -1 -1 1 
69 7 Car -1.000000 -1 -1 655.5557810238868 182.33879665110283 698.7861340044968 204.22635028619368 -1 -1 -1 -1 -1 -1 -1 -1 1 
69 9 Car -1.000000 -1 -1 714.7126577069097 185.95203090613663 743.4276520336703 196.32255905657547 -1 -1 -1 -1 -1 -1 -1 -1 1 
69 14 Car -1.000000 -1 -1 738.2676503475018 185.3623441095915 765.5923928170474 196.59072066698212 -1 -1 -1 -1 -1 -1 -1 -1 1 
70 7 Car -1.000000 -1 -1 655.2274581924844 182.33869675608955 698.526117586328 204.33194294500262 -1 -1 -1 -1 -1 -1 -1 -1 1 
70 9 Car -1.000000 -1 -1 715.2176869150132 185.8974099696913 743.9616578333186 196.27252594717316 -1 -1 -1 -1 -1 -1 -1 -1 1 
70 14 Car -1.000000 -1 -1 737.6229779283584 185.24302358410978 765.0289058152738 196.4603433049233 -1 -1 -1 -1 -1 -1 -1 -1 1 
71 7 Car -1.000000 -1 -1 655.0335139077931 182.28017939511082 698.3063828472642 204.35418611000907 -1 -1 -1 -1 -1 -1 -1 -1 1 
71 9 Car -1.000000 -1 -1 715.3584238043725 185.87721255186315 743.9261936084149 196.18871017506316 -1 -1 -1 -1 -1 -1 -1 -1 1 
71 14 Car -1.000000 -1 -1 737.4129804723425 185.13436026956452 764.8292122114735 196.35589718665577 -1 -1 -1 -1 -1 -1 -1 -1 1 
72 7 Car -1.000000 -1 -1 654.9724893432668 182.2176673548329 698.1373770664278 204.3439078817892 -1 -1 -1 -1 -1 -1 -1 -1 1 
73 7 Car -1.000000 -1 -1 655.3730299004944 182.23325478380377 698.1732993462714 204.22930400780604 -1 -1 -1 -1 -1 -1 -1 -1 1 
74 7 Car -1.000000 -1 -1 655.5219142219457 182.2437803851799 698.0248115958987 204.1206943766043 -1 -1 -1 -1 -1 -1 -1 -1 1 
75 7 Car -1.000000 -1 -1 655.6224517238958 182.20467139605321 698.1838897593254 204.1275956020542 -1 -1 -1 -1 -1 -1 -1 -1 1 
76 7 Car -1.000000 -1 -1 655.712039193128 182.24860690999617 698.174075852219 204.14819960570858 -1 -1 -1 -1 -1 -1 -1 -1 1 
77 7 Car -1.000000 -1 -1 655.5069091724936 182.28461933418794 698.0535231950669 204.2580167145618 -1 -1 -1 -1 -1 -1 -1 -1 1 
