2 1 Car -1.000000 -1 -1 326.237601308959 180.67723073688347 376.250188394086 212.13200192919084 -1 -1 -1 -1 -1 -1 -1 -1 1 
2 2 Car -1.000000 -1 -1 596.6178789424348 176.8345448254691 673.8709734563148 235.75123790597598 -1 -1 -1 -1 -1 -1 -1 -1 1 
2 3 Car -1.000000 -1 -1 406.25787801043697 178.95155566270137 453.04094724145745 209.85981402997686 -1 -1 -1 -1 -1 -1 -1 -1 1 
3 1 Car -1.000000 -1 -1 313.06028656465105 182.38709418144606 366.38090675537603 215.4818687165873 -1 -1 -1 -1 -1 -1 -1 -1 1 
3 2 Car -1.000000 -1 -1 593.3243533447952 178.63441879511112 669.6396031772936 238.03293908701022 -1 -1 -1 -1 -1 -1 -1 -1 1 
3 3 Car -1.000000 -1 -1 393.75157346821476 181.47971303948444 445.21812734844247 214.43611025989978 -1 -1 -1 -1 -1 -1 -1 -1 1 
4 1 Car -1.000000 -1 -1 296.3754951238385 183.35878844092235 355.3840721432702 219.0582739335394 -1 -1 -1 -1 -1 -1 -1 -1 1 
4 2 Car -1.000000 -1 -1 591.7163076706863 181.30258447092584 666.0991189147937 239.13828164747554 -1 -1 -1 -1 -1 -1 -1 -1 1 
4 3 Car -1.000000 -1 -1 378.0381330476026 182.89673644264275 436.2744590614139 219.09276027126478 -1 -1 -1 -1 -1 -1 -1 -1 1 
5 1 Car -1.000000 -1 -1 278.59805947391965 183.2653692109979 342.9996966156212 221.33818811338458 -1 -1 -1 -1 -1 -1 -1 -1 1 
5 2 Car -1.000000 -1 -1 587.9761594221492 180.16480330154673 663.0630173456989 237.91333422383565 -1 -1 -1 -1 -1 -1 -1 -1 1 
5 3 Car -1.000000 -1 -1 358.47603356130264 183.7213061426203 425.51377062297536 223.69963341115553 -1 -1 -1 -1 -1 -1 -1 -1 1 
6 1 Car -1.000000 -1 -1 256.05900999483407 183.74169560017643 327.6630252391155 224.76602538674257 -1 -1 -1 -1 -1 -1 -1 -1 1 
6 2 Car -1.000000 -1 -1 586.1009272273144 180.63282702638372 660.2250581739097 238.1980476842354 -1 -1 -1 -1 -1 -1 -1 -1 1 
6 3 Car -1.000000 -1 -1 334.6509926195152 184.88965960454576 411.0920531585186 228.25476027708814 -1 -1 -1 -1 -1 -1 -1 -1 1 
7 1 Car -1.000000 -1 -1 227.65006695743375 186.52595438349795 306.98174772105017 229.50635875519427 -1 -1 -1 -1 -1 -1 -1 -1 1 
7 2 Car -1.000000 -1 -1 583.7762728120625 182.09515070930618 656.9065027500084 239.15081508591942 -1 -1 -1 -1 -1 -1 -1 -1 1 
7 3 Car -1.000000 -1 -1 301.6010127861922 187.02218508849427 392.17069198438446 236.63478682035546 -1 -1 -1 -1 -1 -1 -1 -1 1 
8 1 Car -1.000000 -1 -1 191.89549667260806 187.0274271556279 283.2216581191883 236.5341305315666 -1 -1 -1 -1 -1 -1 -1 -1 1 
8 2 Car -1.000000 -1 -1 582.1323459768709 183.00671891430403 654.4840831114935 240.0422676778312 -1 -1 -1 -1 -1 -1 -1 -1 1 
8 3 Car -1.000000 -1 -1 258.0310556609034 189.9510914149256 369.3318533586569 246.36906475999183 -1 -1 -1 -1 -1 -1 -1 -1 1 
9 1 Car -1.000000 -1 -1 149.43575294638023 187.445552002613 252.22046922606182 243.0258827937967 -1 -1 -1 -1 -1 -1 -1 -1 1 
9 2 Car -1.000000 -1 -1 580.411798295897 182.21443649284853 651.6036784999279 239.5592062707587 -1 -1 -1 -1 -1 -1 -1 -1 1 
9 3 Car -1.000000 -1 -1 196.1417613728811 189.9535784284041 337.25981559248646 259.17581907760217 -1 -1 -1 -1 -1 -1 -1 -1 1 
10 1 Car -1.000000 -1 -1 89.90254330418628 187.29315108199705 198.3523787434923 247.44003456467834 -1 -1 -1 -1 -1 -1 -1 -1 1 
10 2 Car -1.000000 -1 -1 578.6473108444056 180.99207383004605 649.0325258063225 238.31971545302815 -1 -1 -1 -1 -1 -1 -1 -1 1 
10 3 Car -1.000000 -1 -1 104.97557224919603 189.22337587746006 290.6549079854905 272.7320851686769 -1 -1 -1 -1 -1 -1 -1 -1 1 
11 1 Car -1.000000 -1 -1 67.33463728538314 188.07812163735028 181.03299197088418 251.1358294798214 -1 -1 -1 -1 -1 -1 -1 -1 1 
11 2 Car -1.000000 -1 -1 576.1098230278277 179.94191350594653 646.5416199720037 238.0928263081866 -1 -1 -1 -1 -1 -1 -1 -1 1 
11 3 Car -1.000000 -1 -1 -0.9048285637396276 187.24193936140279 230.5264728500875 297.92975526048343 -1 -1 -1 -1 -1 -1 -1 -1 1 
12 2 Car -1.000000 -1 -1 574.1552695542706 179.56726118893826 643.288273887303 237.28070823794204 -1 -1 -1 -1 -1 -1 -1 -1 1 
12 3 Car -1.000000 -1 -1 -21.378613354720983 202.31219167405274 150.98051205340317 309.7697138229857 -1 -1 -1 -1 -1 -1 -1 -1 1 
13 2 Car -1.000000 -1 -1 571.6433437588048 180.58384588277016 639.5873037156882 237.58607630411828 -1 -1 -1 -1 -1 -1 -1 -1 1 
13 3 Car -1.000000 -1 -1 -48.758587321992536 203.8063459036321 132.11590175673555 316.57293185513674 -1 -1 -1 -1 -1 -1 -1 -1 1 
14 2 Car -1.000000 -1 -1 568.9923062456047 179.51893552483784 635.564228419525 235.79471182445866 -1 -1 -1 -1 -1 -1 -1 -1 1 
15 2 Car -1.000000 -1 -1 567.8410808875558 179.2571736700625 633.0117165993388 234.40331380896336 -1 -1 -1 -1 -1 -1 -1 -1 1 
16 2 Car -1.000000 -1 -1 565.9060578437517 177.28147855271848 630.5503770144189 232.9509277863456 -1 -1 -1 -1 -1 -1 -1 -1 1 
17 2 Car -1.000000 -1 -1 563.2651750475584 176.86794406830904 628.6685899996223 233.56851800473862 -1 -1 -1 -1 -1 -1 -1 -1 1 
18 2 Car -1.000000 -1 -1 561.6051486067187 177.7128929959133 625.9322482723546 234.19944212473422 -1 -1 -1 -1 -1 -1 -1 -1 1 
19 2 Car -1.000000 -1 -1 561.1020464627111 177.57068540395122 624.3177310610514 233.757077973136 -1 -1 -1 -1 -1 -1 -1 -1 1 
20 2 Car -1.000000 -1 -1 561.1548876551273 179.5085173824424 622.8221832908986 233.9953330522415 -1 -1 -1 -1 -1 -1 -1 -1 1 
21 2 Car -1.000000 -1 -1 560.794047698571 179.51478250814657 621.9158893137936 233.7933000106842 -1 -1 -1 -1 -1 -1 -1 -1 1 
22 2 Car -1.000000 -1 -1 560.7139601251372 179.6863580205434 622.5870229693658 234.7106557941968 -1 -1 -1 -1 -1 -1 -1 -1 1 
23 2 Car -1.000000 -1 -1 561.1939432017773 179.92183772428325 622.0775152391053 234.0581113557298 -1 -1 -1 -1 -1 -1 -1 -1 1 
24 2 Car -1.000000 -1 -1 562.2528502067905 180.65081139431652 622.6657600910245 233.19297030980184 -1 -1 -1 -1 -1 -1 -1 -1 1 
25 2 Car -1.000000 -1 -1 561.5013162542682 178.21547021156942 623.2541154140745 233.5574266075007 -1 -1 -1 -1 -1 -1 -1 -1 1 
26 2 Car -1.000000 -1 -1 562.5268328339381 176.90634181319666 622.4095377880465 230.4471266367941 -1 -1 -1 -1 -1 -1 -1 -1 1 
27 2 Car -1.000000 -1 -1 563.3973726030827 176.731560779088 623.7058761975239 230.0088384526036 -1 -1 -1 -1 -1 -1 -1 -1 1 
28 2 Car -1.000000 -1 -1 564.2163731343071 176.26740007239917 625.0776563564272 230.7744396364774 -1 -1 -1 -1 -1 -1 -1 -1 1 
29 2 Car -1.000000 -1 -1 565.4643341857794 176.44231881872784 624.6507630987647 229.06596647736325 -1 -1 -1 -1 -1 -1 -1 -1 1 
30 2 Car -1.000000 -1 -1 566.784227741284 175.60577680348294 626.4364850612383 228.04478493079057 -1 -1 -1 -1 -1 -1 -1 -1 1 
31 2 Car -1.000000 -1 -1 568.2549670100034 175.56282635334895 628.051663349079 228.64435578911005 -1 -1 -1 -1 -1 -1 -1 -1 1 
32 2 Car -1.000000 -1 -1 569.1177279019425 176.07221687339361 629.5700738167134 231.57564716144722 -1 -1 -1 -1 -1 -1 -1 -1 1 
33 2 Car -1.000000 -1 -1 570.8154851282835 178.35071281493597 629.0524067367678 231.3625536561148 -1 -1 -1 -1 -1 -1 -1 -1 1 
34 2 Car -1.000000 -1 -1 571.1098711850537 179.06807432524292 630.5488217355597 233.4900044063853 -1 -1 -1 -1 -1 -1 -1 -1 1 
35 2 Car -1.000000 -1 -1 573.0868087084176 178.24644134116363 631.4947745638044 232.01466755740944 -1 -1 -1 -1 -1 -1 -1 -1 1 
36 2 Car -1.000000 -1 -1 574.5194023360656 177.48202261227658 631.8163578040923 229.4001766035114 -1 -1 -1 -1 -1 -1 -1 -1 1 
37 2 Car -1.000000 -1 -1 575.0741161254736 176.49115571155966 632.6487550395428 228.44475033369065 -1 -1 -1 -1 -1 -1 -1 -1 1 
38 2 Car -1.000000 -1 -1 576.0348598546509 177.07727392419113 633.2886810424172 228.756194262422 -1 -1 -1 -1 -1 -1 -1 -1 1 
39 2 Car -1.000000 -1 -1 576.4167505327206 177.61876755648856 633.5664078026796 229.1390025789748 -1 -1 -1 -1 -1 -1 -1 -1 1 
40 2 Car -1.000000 -1 -1 577.2196389917668 177.98731782233796 633.9107487594345 229.12700038779724 -1 -1 -1 -1 -1 -1 -1 -1 1 
41 2 Car -1.000000 -1 -1 577.5932035542988 178.3780144349352 634.5886386117213 229.5250785599403 -1 -1 -1 -1 -1 -1 -1 -1 1 
42 2 Car -1.000000 -1 -1 577.5264491836616 178.34038111001036 633.9398909969436 228.8709686872822 -1 -1 -1 -1 -1 -1 -1 -1 1 
43 2 Car -1.000000 -1 -1 577.4789663387692 178.88836528286566 633.3248610515316 229.00083937614454 -1 -1 -1 -1 -1 -1 -1 -1 1 
44 2 Car -1.000000 -1 -1 578.1971118888753 180.43612583333538 633.4349669537594 229.94931663491562 -1 -1 -1 -1 -1 -1 -1 -1 1 
45 2 Car -1.000000 -1 -1 577.4039522646752 181.03684229262166 633.3925934620033 231.80668958998845 -1 -1 -1 -1 -1 -1 -1 -1 1 
46 2 Car -1.000000 -1 -1 577.6572043038432 180.88949389904894 632.6741198433818 230.5069938073184 -1 -1 -1 -1 -1 -1 -1 -1 1 
47 2 Car -1.000000 -1 -1 577.0646281362075 180.5345318148722 632.1078595404128 229.84205083919042 -1 -1 -1 -1 -1 -1 -1 -1 1 
48 2 Car -1.000000 -1 -1 576.8765766432803 180.18183509334625 631.6595360914134 228.8431408240964 -1 -1 -1 -1 -1 -1 -1 -1 1 
49 2 Car -1.000000 -1 -1 576.7694577471948 180.82791710409936 630.6450790850364 227.7435041651361 -1 -1 -1 -1 -1 -1 -1 -1 1 
50 2 Car -1.000000 -1 -1 575.6150318850898 181.36587999157166 631.3664866105122 230.8914760688348 -1 -1 -1 -1 -1 -1 -1 -1 1 
51 2 Car -1.000000 -1 -1 574.6308434118678 180.88458721046018 630.5208394493571 230.99831274131958 -1 -1 -1 -1 -1 -1 -1 -1 1 
52 2 Car -1.000000 -1 -1 574.3728638136164 180.49955695532486 629.742320012355 230.30211103075092 -1 -1 -1 -1 -1 -1 -1 -1 1 
53 2 Car -1.000000 -1 -1 573.8798121443456 179.76212062028824 628.9676616685083 229.08110204310339 -1 -1 -1 -1 -1 -1 -1 -1 1 
54 2 Car -1.000000 -1 -1 573.2823687480278 179.7539932561383 628.2877578931206 228.59808722000426 -1 -1 -1 -1 -1 -1 -1 -1 1 
55 2 Car -1.000000 -1 -1 572.117449557605 177.82899689674187 626.7667085843698 226.57930174350645 -1 -1 -1 -1 -1 -1 -1 -1 1 
56 2 Car -1.000000 -1 -1 571.3963408999477 176.9111766532748 625.5231851926887 225.52449912404393 -1 -1 -1 -1 -1 -1 -1 -1 1 
57 2 Car -1.000000 -1 -1 569.914553681951 176.58469469872648 624.0290027194964 225.7688245001429 -1 -1 -1 -1 -1 -1 -1 -1 1 
58 2 Car -1.000000 -1 -1 569.2504032140699 178.85002481306205 623.4028528943314 228.16243361201947 -1 -1 -1 -1 -1 -1 -1 -1 1 
59 2 Car -1.000000 -1 -1 567.5407910187403 182.9845813313644 621.4495261713885 231.88189504712784 -1 -1 -1 -1 -1 -1 -1 -1 1 
60 2 Car -1.000000 -1 -1 566.8528742476725 184.90227670287754 621.3615378662124 234.5647105462037 -1 -1 -1 -1 -1 -1 -1 -1 1 
61 2 Car -1.000000 -1 -1 564.5951448031647 182.72287685509508 618.8770955000331 231.9745401750459 -1 -1 -1 -1 -1 -1 -1 -1 1 
62 2 Car -1.000000 -1 -1 563.8118930553649 176.16360898461141 618.3772552326997 225.39535792847687 -1 -1 -1 -1 -1 -1 -1 -1 1 
63 2 Car -1.000000 -1 -1 564.0066931304973 171.49079096686603 618.3708431063278 218.9055125249768 -1 -1 -1 -1 -1 -1 -1 -1 1 
64 2 Car -1.000000 -1 -1 563.2907418578396 173.3445134049521 616.9101264891409 220.62253719955118 -1 -1 -1 -1 -1 -1 -1 -1 1 
65 2 Car -1.000000 -1 -1 563.2901241302297 177.96161054624363 617.1429769857555 226.01278538411037 -1 -1 -1 -1 -1 -1 -1 -1 1 
66 2 Car -1.000000 -1 -1 562.6558523377263 179.76828174562297 616.6649153672945 228.6797498509443 -1 -1 -1 -1 -1 -1 -1 -1 1 
67 2 Car -1.000000 -1 -1 562.6839736016137 179.42734075182923 616.0980950223186 227.9435612095119 -1 -1 -1 -1 -1 -1 -1 -1 1 
68 2 Car -1.000000 -1 -1 562.7948103346462 177.8091098932879 615.5164314895013 226.3273861346758 -1 -1 -1 -1 -1 -1 -1 -1 1 
69 2 Car -1.000000 -1 -1 563.1118688772633 176.65583126345228 615.6850570522981 224.76503990457533 -1 -1 -1 -1 -1 -1 -1 -1 1 
70 2 Car -1.000000 -1 -1 563.7948152831293 174.58510411012116 616.0598767122278 222.2515006867318 -1 -1 -1 -1 -1 -1 -1 -1 1 
71 2 Car -1.000000 -1 -1 563.320153315506 174.21042439770872 616.4782992518024 223.03301816924989 -1 -1 -1 -1 -1 -1 -1 -1 1 
72 2 Car -1.000000 -1 -1 564.0178175946454 175.62208749496403 616.1864113501213 223.6178578294533 -1 -1 -1 -1 -1 -1 -1 -1 1 
73 2 Car -1.000000 -1 -1 564.9907836628104 176.2195879242822 616.9713617350394 223.4514886529667 -1 -1 -1 -1 -1 -1 -1 -1 1 
74 2 Car -1.000000 -1 -1 565.5421552893088 176.32302835213795 616.5782521797669 222.72998673653154 -1 -1 -1 -1 -1 -1 -1 -1 1 
74 8 Car -1.000000 -1 -1 537.0967532818498 176.0580221735899 562.0488809041079 196.71145308858155 -1 -1 -1 -1 -1 -1 -1 -1 1 
75 2 Car -1.000000 -1 -1 565.3756849108189 176.76182430753363 616.8556090217304 222.68233979158347 -1 -1 -1 -1 -1 -1 -1 -1 1 
75 8 Car -1.000000 -1 -1 532.4373424454695 176.13524141508262 559.0225838317895 198.06585682790757 -1 -1 -1 -1 -1 -1 -1 -1 1 
76 2 Car -1.000000 -1 -1 565.3396788194148 177.0760590320479 617.2454510532812 223.54702119447836 -1 -1 -1 -1 -1 -1 -1 -1 1 
76 8 Car -1.000000 -1 -1 526.3116576953621 176.263131386209 555.2796583002097 199.7411491413291 -1 -1 -1 -1 -1 -1 -1 -1 1 
76 9 Car -1.000000 -1 -1 439.1263171574244 183.49163434829052 484.24521757683135 214.0903627139716 -1 -1 -1 -1 -1 -1 -1 -1 1 
77 2 Car -1.000000 -1 -1 565.7623872539336 176.56753360218246 616.9233883650683 223.02928161301043 -1 -1 -1 -1 -1 -1 -1 -1 1 
77 8 Car -1.000000 -1 -1 520.3865282372667 176.68163052954367 552.8284881130237 203.37624816627022 -1 -1 -1 -1 -1 -1 -1 -1 1 
77 9 Car -1.000000 -1 -1 423.3301948532188 183.27581638381952 474.95310512824904 217.58605241400974 -1 -1 -1 -1 -1 -1 -1 -1 1 
78 2 Car -1.000000 -1 -1 566.5493725618368 179.01636682686527 618.0321356830716 226.05654840208913 -1 -1 -1 -1 -1 -1 -1 -1 1 
78 8 Car -1.000000 -1 -1 512.9440899014351 180.5304825636985 548.6151759002796 209.32591142794246 -1 -1 -1 -1 -1 -1 -1 -1 1 
78 9 Car -1.000000 -1 -1 403.8975013202096 188.00901955092604 461.5649743406616 225.38253506806484 -1 -1 -1 -1 -1 -1 -1 -1 1 
79 2 Car -1.000000 -1 -1 567.7378775925247 185.1902698018607 617.8510451994083 231.1489212309276 -1 -1 -1 -1 -1 -1 -1 -1 1 
79 8 Car -1.000000 -1 -1 504.99064285678435 187.12337275069868 545.2794621373499 218.8029416934961 -1 -1 -1 -1 -1 -1 -1 -1 1 
79 9 Car -1.000000 -1 -1 377.1656412762039 195.1475468140908 445.4443027877915 237.54268611046373 -1 -1 -1 -1 -1 -1 -1 -1 1 
80 2 Car -1.000000 -1 -1 567.5594832476286 184.9796108307024 618.5413524161343 232.27964577347316 -1 -1 -1 -1 -1 -1 -1 -1 1 
80 8 Car -1.000000 -1 -1 494.58951798539226 188.50907162239 539.5600419432259 222.84892609494528 -1 -1 -1 -1 -1 -1 -1 -1 1 
80 9 Car -1.000000 -1 -1 345.6569928639471 197.33049343177606 427.0274756915571 247.4997369255216 -1 -1 -1 -1 -1 -1 -1 -1 1 
81 2 Car -1.000000 -1 -1 568.6671510457044 183.51197228559167 618.8857278476311 229.7597528056407 -1 -1 -1 -1 -1 -1 -1 -1 1 
81 8 Car -1.000000 -1 -1 482.28876138911994 187.0167062504282 533.1749534103684 225.24002562866556 -1 -1 -1 -1 -1 -1 -1 -1 1 
81 9 Car -1.000000 -1 -1 303.39376237531945 197.93241835273795 402.24731953744435 256.10754133558885 -1 -1 -1 -1 -1 -1 -1 -1 1 
82 2 Car -1.000000 -1 -1 569.4757042157955 183.04199826139165 618.586751108146 228.19938692100033 -1 -1 -1 -1 -1 -1 -1 -1 1 
82 8 Car -1.000000 -1 -1 465.4042403457996 187.42163053460493 525.4634199002322 231.36513124334377 -1 -1 -1 -1 -1 -1 -1 -1 1 
82 9 Car -1.000000 -1 -1 241.77373171039216 200.61098105862686 368.4049984480437 272.46670657628374 -1 -1 -1 -1 -1 -1 -1 -1 1 
83 2 Car -1.000000 -1 -1 569.2232588170383 181.40956844046622 619.3490110723594 227.84907779676175 -1 -1 -1 -1 -1 -1 -1 -1 1 
83 8 Car -1.000000 -1 -1 442.9678036010296 187.10624033847864 515.2188504298881 238.54449995361486 -1 -1 -1 -1 -1 -1 -1 -1 1 
83 9 Car -1.000000 -1 -1 149.1827323555514 203.41925293880604 321.1047163851516 294.8945389355792 -1 -1 -1 -1 -1 -1 -1 -1 1 
84 2 Car -1.000000 -1 -1 569.5835794280351 179.5472586178016 619.3452561148056 224.7824401964998 -1 -1 -1 -1 -1 -1 -1 -1 1 
84 8 Car -1.000000 -1 -1 410.01298422117424 185.37156775255553 500.83197923268983 250.18672916296507 -1 -1 -1 -1 -1 -1 -1 -1 1 
84 9 Car -1.000000 -1 -1 6.636986489309791 207.1188552958877 249.0463258929679 321.0280886347514 -1 -1 -1 -1 -1 -1 -1 -1 1 
85 2 Car -1.000000 -1 -1 569.442444788849 177.9197523147023 620.0240642472946 223.8792847546779 -1 -1 -1 -1 -1 -1 -1 -1 1 
85 8 Car -1.000000 -1 -1 363.443581722577 186.14019106963462 480.61544776295693 266.2816883004118 -1 -1 -1 -1 -1 -1 -1 -1 1 
85 9 Car -1.000000 -1 -1 -20.880448566477455 218.15267807039592 164.35937942235216 352.6387890667726 -1 -1 -1 -1 -1 -1 -1 -1 1 
86 2 Car -1.000000 -1 -1 569.9215576857094 178.15664075105886 620.9170668342664 224.27631959414123 -1 -1 -1 -1 -1 -1 -1 -1 1 
86 8 Car -1.000000 -1 -1 284.3686019356975 187.89704756256873 449.7923714826243 295.722830866973 -1 -1 -1 -1 -1 -1 -1 -1 1 
86 9 Car -1.000000 -1 -1 -50.03904669746898 220.50966786047195 144.1411000282343 361.486875005563 -1 -1 -1 -1 -1 -1 -1 -1 1 
87 2 Car -1.000000 -1 -1 569.7987855534773 178.28643551854591 620.9171232992172 225.53132526315446 -1 -1 -1 -1 -1 -1 -1 -1 1 
87 8 Car -1.000000 -1 -1 271.1512694916282 188.62086750796016 443.6700387981482 301.0710484592237 -1 -1 -1 -1 -1 -1 -1 -1 1 
88 2 Car -1.000000 -1 -1 570.2258531769942 178.29761924771415 620.7108106580823 225.32113460306317 -1 -1 -1 -1 -1 -1 -1 -1 1 
89 2 Car -1.000000 -1 -1 570.3851243774741 178.32696275798097 620.214206033726 224.56213010928857 -1 -1 -1 -1 -1 -1 -1 -1 1 
90 2 Car -1.000000 -1 -1 569.9312462373216 178.44653073955365 619.6973602581292 224.91040153594471 -1 -1 -1 -1 -1 -1 -1 -1 1 
91 2 Car -1.000000 -1 -1 570.0964851540626 178.39795877694533 619.1303981314804 223.701069872887 -1 -1 -1 -1 -1 -1 -1 -1 1 
92 2 Car -1.000000 -1 -1 569.6171337547211 177.62478571784013 619.0917393193679 222.46901700029974 -1 -1 -1 -1 -1 -1 -1 -1 1 
93 2 Car -1.000000 -1 -1 569.0878870739675 177.4172901246941 618.9738840592581 222.2533958809896 -1 -1 -1 -1 -1 -1 -1 -1 1 
94 2 Car -1.000000 -1 -1 569.1191025958309 178.08391876280638 618.8283131261222 223.33394079516208 -1 -1 -1 -1 -1 -1 -1 -1 1 
95 2 Car -1.000000 -1 -1 567.9465329746502 178.78818072585216 618.4795776307728 224.78539104752733 -1 -1 -1 -1 -1 -1 -1 -1 1 
96 2 Car -1.000000 -1 -1 567.2493006362428 178.53587493508155 617.6934023724975 224.89776212864538 -1 -1 -1 -1 -1 -1 -1 -1 1 
97 2 Car -1.000000 -1 -1 567.0467467349047 178.68825460078185 617.3707196163745 224.8708604521754 -1 -1 -1 -1 -1 -1 -1 -1 1 
98 2 Car -1.000000 -1 -1 565.3347559097625 177.36736003124858 616.3356310629604 223.4806761620713 -1 -1 -1 -1 -1 -1 -1 -1 1 
99 2 Car -1.000000 -1 -1 563.9578844115213 176.9122072668599 614.9015092217631 222.60413298907608 -1 -1 -1 -1 -1 -1 -1 -1 1 
100 2 Car -1.000000 -1 -1 563.084177947144 176.8688749226599 615.1950182457323 223.83757404039937 -1 -1 -1 -1 -1 -1 -1 -1 1 
101 2 Car -1.000000 -1 -1 562.907226287778 178.97566233361533 614.3196235291374 225.00335603610634 -1 -1 -1 -1 -1 -1 -1 -1 1 
102 2 Car -1.000000 -1 -1 561.6777691604714 179.6790933664917 613.056184328856 226.09040076168506 -1 -1 -1 -1 -1 -1 -1 -1 1 
103 2 Car -1.000000 -1 -1 561.6358255275686 178.53919021696876 612.6459963042364 224.88769757420127 -1 -1 -1 -1 -1 -1 -1 -1 1 
104 2 Car -1.000000 -1 -1 561.6305407397149 177.48268479481376 614.0286680571934 224.71590996714306 -1 -1 -1 -1 -1 -1 -1 -1 1 
105 2 Car -1.000000 -1 -1 562.1431777413932 177.55181470783072 614.7423143614262 225.0719879447482 -1 -1 -1 -1 -1 -1 -1 -1 1 
106 2 Car -1.000000 -1 -1 562.346864869525 177.8084432435781 614.789763351115 225.4162461819043 -1 -1 -1 -1 -1 -1 -1 -1 1 
107 2 Car -1.000000 -1 -1 562.448764825554 177.75118977124308 614.9717014822016 225.54308106064832 -1 -1 -1 -1 -1 -1 -1 -1 1 
108 2 Car -1.000000 -1 -1 562.9351581679151 177.8447380836418 614.724369779516 225.02741835183335 -1 -1 -1 -1 -1 -1 -1 -1 1 
109 2 Car -1.000000 -1 -1 563.3571133881431 177.4958419336234 615.4974852076415 224.52091621651215 -1 -1 -1 -1 -1 -1 -1 -1 1 
110 2 Car -1.000000 -1 -1 563.6863827426014 177.50571748486627 615.6001905679913 223.95159041989504 -1 -1 -1 -1 -1 -1 -1 -1 1 
110 13 Car -1.000000 -1 -1 511.22761852442574 177.74596938119763 536.7819841435685 198.00071435210805 -1 -1 -1 -1 -1 -1 -1 -1 1 
111 2 Car -1.000000 -1 -1 563.5090828281631 177.61815800115568 616.6244787710131 225.09944609265983 -1 -1 -1 -1 -1 -1 -1 -1 1 
111 13 Car -1.000000 -1 -1 506.6302529810292 177.76712036938198 535.9744442983629 201.2782977179368 -1 -1 -1 -1 -1 -1 -1 -1 1 
112 2 Car -1.000000 -1 -1 563.9238512313199 178.10749214605357 616.9027587430043 225.3334309932785 -1 -1 -1 -1 -1 -1 -1 -1 1 
112 13 Car -1.000000 -1 -1 500.57036634973423 178.17256235716488 532.4564874480265 204.44958619171848 -1 -1 -1 -1 -1 -1 -1 -1 1 
113 2 Car -1.000000 -1 -1 564.482606609349 179.51283790658889 617.3784763955275 226.9042595219387 -1 -1 -1 -1 -1 -1 -1 -1 1 
113 13 Car -1.000000 -1 -1 494.0485526808651 179.49140005810216 527.2606525171134 207.2269090888871 -1 -1 -1 -1 -1 -1 -1 -1 1 
114 2 Car -1.000000 -1 -1 565.1309829998089 179.9936421068979 618.2544928411186 226.98958182248802 -1 -1 -1 -1 -1 -1 -1 -1 1 
114 13 Car -1.000000 -1 -1 486.7633251409048 180.44438135515992 520.5579019911049 208.59866669781954 -1 -1 -1 -1 -1 -1 -1 -1 1 
114 16 Car -1.000000 -1 -1 942.3320235094887 168.90695282310793 1006.2946534703061 191.14825461679388 -1 -1 -1 -1 -1 -1 -1 -1 1 
115 2 Car -1.000000 -1 -1 564.9715952296843 177.85554254184007 618.2682889653214 224.6062606333435 -1 -1 -1 -1 -1 -1 -1 -1 1 
115 13 Car -1.000000 -1 -1 477.61577687235183 178.50158624242903 515.0897451055043 208.5814959572325 -1 -1 -1 -1 -1 -1 -1 -1 1 
115 16 Car -1.000000 -1 -1 956.3314817640378 166.0725774789036 1026.5928419393274 190.48728671494692 -1 -1 -1 -1 -1 -1 -1 -1 1 
115 18 Car -1.000000 -1 -1 1022.5809880682979 151.87884836053183 1140.2773886495875 197.01885409466647 -1 -1 -1 -1 -1 -1 -1 -1 1 
116 2 Car -1.000000 -1 -1 565.1369318661419 175.99330416826513 618.4030490276529 223.316490729194 -1 -1 -1 -1 -1 -1 -1 -1 1 
116 13 Car -1.000000 -1 -1 465.21370656368265 177.0585872294244 506.2948694385967 210.38595394266812 -1 -1 -1 -1 -1 -1 -1 -1 1 
116 16 Car -1.000000 -1 -1 975.8063161906083 163.60944279399362 1047.11532335186 187.18935072702791 -1 -1 -1 -1 -1 -1 -1 -1 1 
116 18 Car -1.000000 -1 -1 1037.2034797173253 150.0946341872592 1159.3830213695007 196.95405467070123 -1 -1 -1 -1 -1 -1 -1 -1 1 
117 2 Car -1.000000 -1 -1 567.5319301451608 175.13075424037052 620.011111151271 222.9154035404783 -1 -1 -1 -1 -1 -1 -1 -1 1 
117 13 Car -1.000000 -1 -1 452.98182896516244 179.02918015420153 500.04674297358207 215.47747397154887 -1 -1 -1 -1 -1 -1 -1 -1 1 
117 16 Car -1.000000 -1 -1 991.0979456811064 161.00715028691906 1070.8774907273832 187.116482894546 -1 -1 -1 -1 -1 -1 -1 -1 1 
118 2 Car -1.000000 -1 -1 567.5398013713375 177.47190767694318 620.8290522136715 226.69131108903295 -1 -1 -1 -1 -1 -1 -1 -1 1 
118 13 Car -1.000000 -1 -1 436.3183393495512 182.15772795519658 490.7339170434186 223.26543051259688 -1 -1 -1 -1 -1 -1 -1 -1 1 
118 16 Car -1.000000 -1 -1 1009.8913368692677 161.8269485929897 1098.0332164793751 190.0086641420029 -1 -1 -1 -1 -1 -1 -1 -1 1 
119 2 Car -1.000000 -1 -1 567.9922260916633 180.76063051381286 621.0098418034025 229.71152913823843 -1 -1 -1 -1 -1 -1 -1 -1 1 
119 13 Car -1.000000 -1 -1 416.07815476016265 186.7659676806787 476.964912276169 231.52272116887676 -1 -1 -1 -1 -1 -1 -1 -1 1 
119 16 Car -1.000000 -1 -1 1037.4492380436993 167.63779603458346 1131.6456763184426 198.94177321629564 -1 -1 -1 -1 -1 -1 -1 -1 1 
119 20 Car -1.000000 -1 -1 1114.4837725267425 147.12917468106914 1247.6992733260427 207.4994285669441 -1 -1 -1 -1 -1 -1 -1 -1 1 
120 2 Car -1.000000 -1 -1 567.8134839548868 180.24831474975556 620.8725839896138 229.3656681677127 -1 -1 -1 -1 -1 -1 -1 -1 1 
120 13 Car -1.000000 -1 -1 388.0033773477529 187.73332197467138 460.20987630778484 238.26796828836711 -1 -1 -1 -1 -1 -1 -1 -1 1 
120 16 Car -1.000000 -1 -1 1053.5963116244977 167.36602418514315 1158.5791552824378 201.89444344454978 -1 -1 -1 -1 -1 -1 -1 -1 1 
120 20 Car -1.000000 -1 -1 1143.0181606437475 149.5732175874501 1257.0291404562222 204.9890736969382 -1 -1 -1 -1 -1 -1 -1 -1 1 
120 21 Car -1.000000 -1 -1 515.543748285689 183.29365888384885 541.3306558121321 202.83642558634241 -1 -1 -1 -1 -1 -1 -1 -1 1 
121 2 Car -1.000000 -1 -1 567.1378754575402 175.01918804914374 621.0802330771836 224.70926687377337 -1 -1 -1 -1 -1 -1 -1 -1 1 
121 13 Car -1.000000 -1 -1 350.2666404579062 182.90103190120305 438.4328672689339 242.73737168922332 -1 -1 -1 -1 -1 -1 -1 -1 1 
121 16 Car -1.000000 -1 -1 1079.2534294706425 165.8262845598453 1190.8852487682666 200.48569875086935 -1 -1 -1 -1 -1 -1 -1 -1 1 
121 20 Car -1.000000 -1 -1 1171.6707022075045 150.12247783812154 1263.884621566491 203.13310516937392 -1 -1 -1 -1 -1 -1 -1 -1 1 
121 21 Car -1.000000 -1 -1 507.78179195343506 176.48720812750156 537.589516648541 198.7789865838124 -1 -1 -1 -1 -1 -1 -1 -1 1 
122 2 Car -1.000000 -1 -1 566.6598894902612 170.74962032959132 622.0280972718527 223.33584345462876 -1 -1 -1 -1 -1 -1 -1 -1 1 
122 13 Car -1.000000 -1 -1 298.3335589815067 182.6019958093689 410.4134008940384 253.95454787037175 -1 -1 -1 -1 -1 -1 -1 -1 1 
122 16 Car -1.000000 -1 -1 1105.7658783856702 163.40011883457106 1236.4065915460885 202.2094744426924 -1 -1 -1 -1 -1 -1 -1 -1 1 
122 20 Car -1.000000 -1 -1 1189.416324959551 151.6910864675031 1286.346717915716 207.4130863387191 -1 -1 -1 -1 -1 -1 -1 -1 1 
122 21 Car -1.000000 -1 -1 501.67739154203116 174.70866299000835 533.9166348688492 198.8677514881529 -1 -1 -1 -1 -1 -1 -1 -1 1 
123 2 Car -1.000000 -1 -1 567.8663643057041 170.54838687686814 621.4847658859754 221.24223322633745 -1 -1 -1 -1 -1 -1 -1 -1 1 
123 13 Car -1.000000 -1 -1 220.91008526715314 186.6453063820058 370.1889649489199 276.73208026744203 -1 -1 -1 -1 -1 -1 -1 -1 1 
123 16 Car -1.000000 -1 -1 1136.3967183211228 158.7245958819513 1249.1593893338145 199.8142982037561 -1 -1 -1 -1 -1 -1 -1 -1 1 
123 21 Car -1.000000 -1 -1 494.4220566246025 175.14099132696873 529.8042138780035 202.38552537172941 -1 -1 -1 -1 -1 -1 -1 -1 1 
124 2 Car -1.000000 -1 -1 568.0618902515167 169.98094044778358 622.6938983091825 222.25912425366062 -1 -1 -1 -1 -1 -1 -1 -1 1 
124 13 Car -1.000000 -1 -1 204.52783521856688 187.10164661937097 360.4895344167991 281.22107791600683 -1 -1 -1 -1 -1 -1 -1 -1 1 
124 16 Car -1.000000 -1 -1 1160.5386999855623 155.31865100872977 1250.2235518569682 201.68295408243085 -1 -1 -1 -1 -1 -1 -1 -1 1 
124 21 Car -1.000000 -1 -1 486.65042821695573 176.10858044127423 524.5260344879684 204.68467004804756 -1 -1 -1 -1 -1 -1 -1 -1 1 
125 2 Car -1.000000 -1 -1 568.9979712749723 173.4995022433421 622.10752163372 224.06733937279438 -1 -1 -1 -1 -1 -1 -1 -1 1 
125 16 Car -1.000000 -1 -1 1178.7667566609296 154.41030431031015 1272.459035402959 202.8466240525466 -1 -1 -1 -1 -1 -1 -1 -1 1 
125 21 Car -1.000000 -1 -1 475.88709611861964 179.54305402545685 517.3925414898257 210.20840182846194 -1 -1 -1 -1 -1 -1 -1 -1 1 
126 2 Car -1.000000 -1 -1 569.2794992183492 176.4996186308332 622.5331282374592 226.60092360732108 -1 -1 -1 -1 -1 -1 -1 -1 1 
126 21 Car -1.000000 -1 -1 462.9372574678663 182.88428966399962 509.5819096514128 215.7475548466837 -1 -1 -1 -1 -1 -1 -1 -1 1 
127 2 Car -1.000000 -1 -1 569.2578197280344 178.4276988238311 622.9116694000844 228.0193665674891 -1 -1 -1 -1 -1 -1 -1 -1 1 
127 21 Car -1.000000 -1 -1 447.892243005223 186.2835432354099 499.9414070534515 222.12153714490404 -1 -1 -1 -1 -1 -1 -1 -1 1 
128 2 Car -1.000000 -1 -1 568.1497640865432 178.4377598429785 622.965631127639 228.19658215782582 -1 -1 -1 -1 -1 -1 -1 -1 1 
128 21 Car -1.000000 -1 -1 428.97538430664576 188.0163254536841 488.5071900152928 226.20816716048034 -1 -1 -1 -1 -1 -1 -1 -1 1 
129 2 Car -1.000000 -1 -1 567.8451542511555 176.92366604155023 623.0646626213454 227.31230375746506 -1 -1 -1 -1 -1 -1 -1 -1 1 
129 21 Car -1.000000 -1 -1 405.3630995797183 187.62484609593028 476.984755157342 232.53208040143957 -1 -1 -1 -1 -1 -1 -1 -1 1 
130 2 Car -1.000000 -1 -1 567.143721420032 175.52386949261458 622.4290574254136 225.70838640393677 -1 -1 -1 -1 -1 -1 -1 -1 1 
130 21 Car -1.000000 -1 -1 375.3620645727224 187.61278687310394 458.9963051835332 238.93079014022692 -1 -1 -1 -1 -1 -1 -1 -1 1 
131 2 Car -1.000000 -1 -1 567.0986108769026 174.90172546213142 622.6220564396294 225.29431682405897 -1 -1 -1 -1 -1 -1 -1 -1 1 
131 21 Car -1.000000 -1 -1 333.24617164592786 190.0528489207573 436.80816075062364 252.59794759236144 -1 -1 -1 -1 -1 -1 -1 -1 1 
132 2 Car -1.000000 -1 -1 567.173333989501 176.20628842821435 622.4821209979815 226.85701502303286 -1 -1 -1 -1 -1 -1 -1 -1 1 
132 21 Car -1.000000 -1 -1 275.88364589970354 195.589781563133 408.52997498332513 269.71848133301376 -1 -1 -1 -1 -1 -1 -1 -1 1 
133 2 Car -1.000000 -1 -1 566.5252237432134 177.23902543285914 622.4951672162105 228.5006613400738 -1 -1 -1 -1 -1 -1 -1 -1 1 
133 21 Car -1.000000 -1 -1 185.5212417573225 199.71823966869704 370.2631822375854 299.4598873745347 -1 -1 -1 -1 -1 -1 -1 -1 1 
134 2 Car -1.000000 -1 -1 565.8197135524906 178.170021418339 622.2815634089404 229.893383103656 -1 -1 -1 -1 -1 -1 -1 -1 1 
134 21 Car -1.000000 -1 -1 34.96618153938897 208.93113125381035 307.52381870160724 337.7707296953332 -1 -1 -1 -1 -1 -1 -1 -1 1 
135 2 Car -1.000000 -1 -1 565.6077757766658 180.45364687185742 621.9230951591777 232.10325625634013 -1 -1 -1 -1 -1 -1 -1 -1 1 
135 21 Car -1.000000 -1 -1 -8.019964752976037 220.4646409351566 227.80883015430885 372.5921741622085 -1 -1 -1 -1 -1 -1 -1 -1 1 
136 2 Car -1.000000 -1 -1 565.8748450574119 180.5270923470244 622.9687490861978 232.9175455789341 -1 -1 -1 -1 -1 -1 -1 -1 1 
136 21 Car -1.000000 -1 -1 -30.399827950640955 221.81583072568986 214.08995686592493 379.530326487162 -1 -1 -1 -1 -1 -1 -1 -1 1 
137 2 Car -1.000000 -1 -1 566.2432673139931 178.70261763149676 623.7526849321503 231.9488312977449 -1 -1 -1 -1 -1 -1 -1 -1 1 
138 2 Car -1.000000 -1 -1 567.479597822459 177.71911471467362 624.2196972821296 230.22132640706522 -1 -1 -1 -1 -1 -1 -1 -1 1 
139 2 Car -1.000000 -1 -1 568.3192082544246 175.7574293921535 624.3054042831423 228.06863170719726 -1 -1 -1 -1 -1 -1 -1 -1 1 
140 2 Car -1.000000 -1 -1 569.6053262107392 174.21951098406487 624.6855748279918 226.08378260387664 -1 -1 -1 -1 -1 -1 -1 -1 1 
141 2 Car -1.000000 -1 -1 571.270882803239 174.47766948678765 627.3345194807655 225.9076656408051 -1 -1 -1 -1 -1 -1 -1 -1 1 
142 2 Car -1.000000 -1 -1 571.9605779205599 175.40871507509098 629.0224559978841 227.2133055851367 -1 -1 -1 -1 -1 -1 -1 -1 1 
143 2 Car -1.000000 -1 -1 572.94607030099 175.063826813678 631.5151242451998 229.15872390999166 -1 -1 -1 -1 -1 -1 -1 -1 1 
144 2 Car -1.000000 -1 -1 574.8265675103931 175.8648405479031 632.2475313640178 228.37003032734464 -1 -1 -1 -1 -1 -1 -1 -1 1 
145 2 Car -1.000000 -1 -1 577.0527727256708 176.2723132953542 634.9369531104966 229.77762543481572 -1 -1 -1 -1 -1 -1 -1 -1 1 
145 27 Car -1.000000 -1 -1 657.9583180975401 178.72896271167562 690.7636690033679 203.70008696364206 -1 -1 -1 -1 -1 -1 -1 -1 1 
146 2 Car -1.000000 -1 -1 578.0407142731517 176.8991307010118 636.7353617810402 230.55507678684606 -1 -1 -1 -1 -1 -1 -1 -1 1 
146 27 Car -1.000000 -1 -1 659.7474742272727 179.97292764980955 693.2721637976197 205.10463885212437 -1 -1 -1 -1 -1 -1 -1 -1 1 
147 2 Car -1.000000 -1 -1 578.8578857938586 177.2798424749949 637.8965274159438 232.02794406486197 -1 -1 -1 -1 -1 -1 -1 -1 1 
147 27 Car -1.000000 -1 -1 661.4290819969737 180.60059577139594 697.2614781208265 206.71834603615204 -1 -1 -1 -1 -1 -1 -1 -1 1 
148 2 Car -1.000000 -1 -1 580.5422873129362 177.17514102911912 639.2429894671781 230.39543882246073 -1 -1 -1 -1 -1 -1 -1 -1 1 
148 27 Car -1.000000 -1 -1 663.8796228093661 180.01458335959813 701.9841856526114 207.90010010821658 -1 -1 -1 -1 -1 -1 -1 -1 1 
149 2 Car -1.000000 -1 -1 580.9977091344626 177.8194348900559 640.9611914048683 232.59808094608576 -1 -1 -1 -1 -1 -1 -1 -1 1 
149 27 Car -1.000000 -1 -1 667.1616565678231 180.95516678774248 706.9871161293122 210.36975393237623 -1 -1 -1 -1 -1 -1 -1 -1 1 
150 2 Car -1.000000 -1 -1 583.5880142439819 179.39720831866157 642.3225703636473 234.00920032409985 -1 -1 -1 -1 -1 -1 -1 -1 1 
150 27 Car -1.000000 -1 -1 670.542205498129 184.59267373693876 710.4814061735661 214.35780324540448 -1 -1 -1 -1 -1 -1 -1 -1 1 
151 2 Car -1.000000 -1 -1 584.7257999024853 177.9251338197145 642.9127236049557 232.92917899521106 -1 -1 -1 -1 -1 -1 -1 -1 1 
151 27 Car -1.000000 -1 -1 672.4513700883796 181.88167923228826 715.9939062604792 214.71418970191135 -1 -1 -1 -1 -1 -1 -1 -1 1 
152 2 Car -1.000000 -1 -1 586.296419352593 173.9917761216544 644.2980981087404 228.68176851522793 -1 -1 -1 -1 -1 -1 -1 -1 1 
152 27 Car -1.000000 -1 -1 676.4875048032183 176.94924106851914 720.9581277162245 212.05974814138438 -1 -1 -1 -1 -1 -1 -1 -1 1 
152 29 Car -1.000000 -1 -1 938.5885276011925 168.54620849295193 1000.7995591641575 195.13051901684707 -1 -1 -1 -1 -1 -1 -1 -1 1 
153 2 Car -1.000000 -1 -1 587.2904643402176 173.6902996566246 646.1670963699657 229.2173177011914 -1 -1 -1 -1 -1 -1 -1 -1 1 
153 27 Car -1.000000 -1 -1 679.152538885916 175.95929855519412 725.6442513567338 212.75490178746787 -1 -1 -1 -1 -1 -1 -1 -1 1 
153 29 Car -1.000000 -1 -1 951.877911954423 166.02788254897834 1017.0043517488753 193.633602404761 -1 -1 -1 -1 -1 -1 -1 -1 1 
154 2 Car -1.000000 -1 -1 589.4594790371121 176.3739556680957 648.0162384623119 230.75537885494077 -1 -1 -1 -1 -1 -1 -1 -1 1 
154 27 Car -1.000000 -1 -1 683.5074752149943 177.46347697955736 733.5808051743527 217.1888194145726 -1 -1 -1 -1 -1 -1 -1 -1 1 
154 29 Car -1.000000 -1 -1 970.392398259241 165.13251435836008 1036.0578833662894 193.09343148623472 -1 -1 -1 -1 -1 -1 -1 -1 1 
155 2 Car -1.000000 -1 -1 589.6063157920208 177.19086741272795 649.3971733474426 232.86126864564235 -1 -1 -1 -1 -1 -1 -1 -1 1 
155 27 Car -1.000000 -1 -1 687.020130065982 179.2472446797938 739.8596919977442 221.42490332032204 -1 -1 -1 -1 -1 -1 -1 -1 1 
155 29 Car -1.000000 -1 -1 981.346628716801 165.78380689654253 1052.9860568389495 195.4608305264568 -1 -1 -1 -1 -1 -1 -1 -1 1 
156 2 Car -1.000000 -1 -1 591.7105115609927 177.535708282714 651.5191009628605 232.7908468883826 -1 -1 -1 -1 -1 -1 -1 -1 1 
156 27 Car -1.000000 -1 -1 691.3136426872915 179.71592112619985 747.856629910881 225.03516778846878 -1 -1 -1 -1 -1 -1 -1 -1 1 
156 29 Car -1.000000 -1 -1 992.4146048471578 164.01663486710152 1066.9269377532894 194.88377229421263 -1 -1 -1 -1 -1 -1 -1 -1 1 
157 2 Car -1.000000 -1 -1 593.6447970254586 176.79439967000928 652.8065311086043 231.04952314662683 -1 -1 -1 -1 -1 -1 -1 -1 1 
157 27 Car -1.000000 -1 -1 696.95491949101 181.02487766010677 755.9670816849884 226.9379086088427 -1 -1 -1 -1 -1 -1 -1 -1 1 
158 2 Car -1.000000 -1 -1 594.4051767328926 176.51349870004108 653.745397083409 230.186169239973 -1 -1 -1 -1 -1 -1 -1 -1 1 
158 27 Car -1.000000 -1 -1 700.1349235451867 180.44365856343953 766.2992018543605 230.63429812669784 -1 -1 -1 -1 -1 -1 -1 -1 1 
159 2 Car -1.000000 -1 -1 595.6799286517652 176.3261854550879 654.9007303249598 229.24375019443474 -1 -1 -1 -1 -1 -1 -1 -1 1 
159 27 Car -1.000000 -1 -1 706.3603670369621 179.98672836334586 777.728932255593 234.06047763587569 -1 -1 -1 -1 -1 -1 -1 -1 1 
159 33 Car -1.000000 -1 -1 1138.7760159558284 151.31547835926216 1250.4314352584515 209.44255664949202 -1 -1 -1 -1 -1 -1 -1 -1 1 
160 2 Car -1.000000 -1 -1 596.7030165466946 176.92297748736 656.8597200367224 231.57042296761333 -1 -1 -1 -1 -1 -1 -1 -1 1 
160 27 Car -1.000000 -1 -1 712.7413017265969 180.9439680678215 791.4848960839147 239.9888743499122 -1 -1 -1 -1 -1 -1 -1 -1 1 
160 33 Car -1.000000 -1 -1 1147.371635565821 150.4236638726448 1263.69237791162 210.97948444122983 -1 -1 -1 -1 -1 -1 -1 -1 1 
161 2 Car -1.000000 -1 -1 598.2877709313626 177.7520388499331 658.7534938209865 233.91533130965715 -1 -1 -1 -1 -1 -1 -1 -1 1 
161 27 Car -1.000000 -1 -1 719.6803811267534 181.1244884264542 806.7660469620109 246.4191645700207 -1 -1 -1 -1 -1 -1 -1 -1 1 
162 2 Car -1.000000 -1 -1 599.7004905137326 178.32664806871378 659.2999834210898 233.84338848177205 -1 -1 -1 -1 -1 -1 -1 -1 1 
162 27 Car -1.000000 -1 -1 725.532701368847 182.6945537491672 824.8080681455024 252.50725758981457 -1 -1 -1 -1 -1 -1 -1 -1 1 
163 2 Car -1.000000 -1 -1 600.6627814183898 177.65364289591884 660.1717942550781 232.47424548459304 -1 -1 -1 -1 -1 -1 -1 -1 1 
163 27 Car -1.000000 -1 -1 735.6399672472674 183.7140033686308 846.9370386249774 261.29500876483945 -1 -1 -1 -1 -1 -1 -1 -1 1 
163 34 Car -1.000000 -1 -1 1133.4054737593435 162.77974823339503 1252.090259794234 210.55916091418885 -1 -1 -1 -1 -1 -1 -1 -1 1 
164 2 Car -1.000000 -1 -1 601.1549900102451 177.86537162242004 661.0146421567628 232.72034749888428 -1 -1 -1 -1 -1 -1 -1 -1 1 
164 27 Car -1.000000 -1 -1 748.4389922238535 182.9384552111403 873.0744179341203 270.16442031723363 -1 -1 -1 -1 -1 -1 -1 -1 1 
164 34 Car -1.000000 -1 -1 1153.5070072345466 163.8274387154369 1259.4348669078233 207.90220728801737 -1 -1 -1 -1 -1 -1 -1 -1 1 
165 2 Car -1.000000 -1 -1 601.3020678093329 179.2805359489911 661.8603938825244 234.50368625903454 -1 -1 -1 -1 -1 -1 -1 -1 1 
165 27 Car -1.000000 -1 -1 761.0536565298048 183.00629164923566 906.9805688074895 286.9570072671819 -1 -1 -1 -1 -1 -1 -1 -1 1 
165 34 Car -1.000000 -1 -1 1163.4499786902131 163.71667188111556 1271.8698930279556 208.82835951673457 -1 -1 -1 -1 -1 -1 -1 -1 1 
166 2 Car -1.000000 -1 -1 602.0154030068542 181.16903505839096 662.0765113467139 235.59485529607412 -1 -1 -1 -1 -1 -1 -1 -1 1 
166 27 Car -1.000000 -1 -1 779.0468727249429 188.0528734503985 948.828023542186 300.62915772154633 -1 -1 -1 -1 -1 -1 -1 -1 1 
167 2 Car -1.000000 -1 -1 601.7928316985806 181.35101918448362 662.09140938456 235.7106179462805 -1 -1 -1 -1 -1 -1 -1 -1 1 
167 27 Car -1.000000 -1 -1 797.5455481341858 186.85032150395696 1009.145989128808 323.94648447728514 -1 -1 -1 -1 -1 -1 -1 -1 1 
168 2 Car -1.000000 -1 -1 601.0140444627528 179.64087806690821 662.2060840091309 235.1744321862706 -1 -1 -1 -1 -1 -1 -1 -1 1 
168 27 Car -1.000000 -1 -1 823.7473801794498 191.44575731300304 1093.8510754390218 355.9847952845364 -1 -1 -1 -1 -1 -1 -1 -1 1 
169 2 Car -1.000000 -1 -1 600.8664328508161 180.27661593829401 661.6394491154585 235.97780861990876 -1 -1 -1 -1 -1 -1 -1 -1 1 
169 27 Car -1.000000 -1 -1 867.9643060966048 192.24589629358633 1221.5390341060654 371.4903790184043 -1 -1 -1 -1 -1 -1 -1 -1 1 
170 2 Car -1.000000 -1 -1 600.7904613445952 180.51009862717294 661.9359356266708 235.96416988275473 -1 -1 -1 -1 -1 -1 -1 -1 1 
170 27 Car -1.000000 -1 -1 907.4118216386655 202.40628319754654 1239.7841347471426 370.9218300260742 -1 -1 -1 -1 -1 -1 -1 -1 1 
171 2 Car -1.000000 -1 -1 601.1763991273426 181.74523909843612 662.9584998793201 237.58447335301418 -1 -1 -1 -1 -1 -1 -1 -1 1 
171 27 Car -1.000000 -1 -1 976.2920019883915 217.0472708531666 1246.7807539045662 371.56492197250145 -1 -1 -1 -1 -1 -1 -1 -1 1 
172 2 Car -1.000000 -1 -1 601.0048841823265 182.15117169465344 663.4705521937775 238.70395606300426 -1 -1 -1 -1 -1 -1 -1 -1 1 
172 27 Car -1.000000 -1 -1 989.8914386228009 218.90821311321722 1268.571687040781 378.104413969824 -1 -1 -1 -1 -1 -1 -1 -1 1 
173 2 Car -1.000000 -1 -1 600.7246608725685 181.61572155447053 663.6905254125538 239.07849768231455 -1 -1 -1 -1 -1 -1 -1 -1 1 
174 2 Car -1.000000 -1 -1 600.9810374400004 181.5937046761681 664.2958918237134 239.8180942063528 -1 -1 -1 -1 -1 -1 -1 -1 1 
175 2 Car -1.000000 -1 -1 600.6883659936219 181.25475326768367 663.8937932268752 238.69730745993155 -1 -1 -1 -1 -1 -1 -1 -1 1 
176 2 Car -1.000000 -1 -1 600.4370045706419 180.97469623278596 664.617823233576 239.26502048729793 -1 -1 -1 -1 -1 -1 -1 -1 1 
177 2 Car -1.000000 -1 -1 600.1528914840603 180.7677346218449 664.2808205980868 238.88465757448654 -1 -1 -1 -1 -1 -1 -1 -1 1 
178 2 Car -1.000000 -1 -1 600.323906485223 179.2034618618381 664.4092710148711 238.09481208281144 -1 -1 -1 -1 -1 -1 -1 -1 1 
179 2 Car -1.000000 -1 -1 599.6614030883734 178.48683504924082 664.1041842773989 237.9348355152118 -1 -1 -1 -1 -1 -1 -1 -1 1 
180 2 Car -1.000000 -1 -1 599.4278609240316 178.80621252244478 663.7450393377289 238.66930535341257 -1 -1 -1 -1 -1 -1 -1 -1 1 
181 2 Car -1.000000 -1 -1 599.03414224545 178.95986704701073 662.9171916842171 238.09025985627503 -1 -1 -1 -1 -1 -1 -1 -1 1 
182 2 Car -1.000000 -1 -1 598.2634949826122 177.70818714089924 664.0327433413083 239.597712819449 -1 -1 -1 -1 -1 -1 -1 -1 1 
183 2 Car -1.000000 -1 -1 597.9232859324616 175.5797140657807 662.8632314838785 236.8866415186892 -1 -1 -1 -1 -1 -1 -1 -1 1 
184 2 Car -1.000000 -1 -1 596.8507236027881 174.0999511367412 662.3870957410088 235.350212407143 -1 -1 -1 -1 -1 -1 -1 -1 1 
185 2 Car -1.000000 -1 -1 596.3515942712745 173.8598567354633 662.3810517999982 233.97786251965465 -1 -1 -1 -1 -1 -1 -1 -1 1 
186 2 Car -1.000000 -1 -1 596.0361516286443 173.97530561687327 662.9666338203069 234.05942688861248 -1 -1 -1 -1 -1 -1 -1 -1 1 
187 2 Car -1.000000 -1 -1 595.7800429536308 173.6871241180088 662.4770599206531 233.36807975057033 -1 -1 -1 -1 -1 -1 -1 -1 1 
188 2 Car -1.000000 -1 -1 595.0391521797155 173.90763289666168 662.4983071174508 235.11384015167002 -1 -1 -1 -1 -1 -1 -1 -1 1 
189 2 Car -1.000000 -1 -1 595.7443410921796 174.76584194579638 662.737280825385 234.95942619886807 -1 -1 -1 -1 -1 -1 -1 -1 1 
190 2 Car -1.000000 -1 -1 595.329387524479 174.66908681527158 663.1512623966643 237.31071030314132 -1 -1 -1 -1 -1 -1 -1 -1 1 
191 2 Car -1.000000 -1 -1 595.8187348617242 175.4606517319758 663.262845214826 238.42234137851403 -1 -1 -1 -1 -1 -1 -1 -1 1 
192 2 Car -1.000000 -1 -1 596.0019903241679 177.00553758045666 662.6472482266581 238.77325847544307 -1 -1 -1 -1 -1 -1 -1 -1 1 
193 2 Car -1.000000 -1 -1 596.0434987514934 177.92280962460185 662.443697695842 239.315765577665 -1 -1 -1 -1 -1 -1 -1 -1 1 
194 2 Car -1.000000 -1 -1 595.9378788212747 177.54537076292456 662.6830271645726 239.33994156509686 -1 -1 -1 -1 -1 -1 -1 -1 1 
195 2 Car -1.000000 -1 -1 595.9818005041383 177.5362235089028 662.8608464122077 239.42825402047845 -1 -1 -1 -1 -1 -1 -1 -1 1 
196 2 Car -1.000000 -1 -1 596.0174349022841 177.26332959750923 663.0531667306274 239.88678886250918 -1 -1 -1 -1 -1 -1 -1 -1 1 
197 2 Car -1.000000 -1 -1 596.4627283130978 177.18947476408633 662.908099255565 239.4257082908404 -1 -1 -1 -1 -1 -1 -1 -1 1 
198 2 Car -1.000000 -1 -1 596.3933810063054 176.72539721580813 663.558504238259 239.07606467265674 -1 -1 -1 -1 -1 -1 -1 -1 1 
199 2 Car -1.000000 -1 -1 596.2648109985238 176.58395112600377 663.7117940132582 238.40578025938845 -1 -1 -1 -1 -1 -1 -1 -1 1 
200 2 Car -1.000000 -1 -1 596.0607892837409 175.58549542390548 663.7931574606365 238.71157741021426 -1 -1 -1 -1 -1 -1 -1 -1 1 
201 2 Car -1.000000 -1 -1 596.6099492536528 176.09465028430895 663.3346571065671 238.98053604673743 -1 -1 -1 -1 -1 -1 -1 -1 1 
202 2 Car -1.000000 -1 -1 596.6187703983727 175.87212826982065 663.1698958397448 238.21410740494696 -1 -1 -1 -1 -1 -1 -1 -1 1 
203 2 Car -1.000000 -1 -1 596.3019336044748 176.33592163727457 663.4118060467854 238.93424353491972 -1 -1 -1 -1 -1 -1 -1 -1 1 
204 2 Car -1.000000 -1 -1 595.7898157582049 176.49453128145814 662.9975838266814 239.52212833792277 -1 -1 -1 -1 -1 -1 -1 -1 1 
205 2 Car -1.000000 -1 -1 595.9154196792528 176.589955869263 663.0216476720703 240.33842078764167 -1 -1 -1 -1 -1 -1 -1 -1 1 
206 2 Car -1.000000 -1 -1 596.4348618825046 176.82467236232247 662.6959801957602 239.20500931113037 -1 -1 -1 -1 -1 -1 -1 -1 1 
207 2 Car -1.000000 -1 -1 596.1117674680663 176.61394541284417 662.8547424837894 238.8461986106385 -1 -1 -1 -1 -1 -1 -1 -1 1 
208 2 Car -1.000000 -1 -1 595.8726531737989 176.52311851587746 662.3863360163527 238.6819202789096 -1 -1 -1 -1 -1 -1 -1 -1 1 
209 2 Car -1.000000 -1 -1 595.1861106147461 176.3941673681922 661.7371900949314 238.8448485530161 -1 -1 -1 -1 -1 -1 -1 -1 1 
210 2 Car -1.000000 -1 -1 594.6615707242642 177.3224422336921 661.0245229313441 239.29449071041194 -1 -1 -1 -1 -1 -1 -1 -1 1 
211 2 Car -1.000000 -1 -1 593.1395470167391 176.3774646456863 659.393642473212 238.51371129246257 -1 -1 -1 -1 -1 -1 -1 -1 1 
212 2 Car -1.000000 -1 -1 591.6871963824628 176.62772100503202 657.3099729983725 237.86278574110037 -1 -1 -1 -1 -1 -1 -1 -1 1 
213 2 Car -1.000000 -1 -1 590.5641812556275 176.61442863183123 656.0543105008281 237.48346009163345 -1 -1 -1 -1 -1 -1 -1 -1 1 
214 2 Car -1.000000 -1 -1 589.1782128310956 176.983961364092 653.9812353005751 237.68874509227007 -1 -1 -1 -1 -1 -1 -1 -1 1 
215 2 Car -1.000000 -1 -1 586.9778350071946 176.54762146059016 651.9150657911728 238.25406071564245 -1 -1 -1 -1 -1 -1 -1 -1 1 
216 2 Car -1.000000 -1 -1 585.1598106200313 176.3862710854765 648.9882002029157 237.2517447607847 -1 -1 -1 -1 -1 -1 -1 -1 1 
217 2 Car -1.000000 -1 -1 583.8102427851239 176.5536064371125 647.6533474695359 236.6988708174795 -1 -1 -1 -1 -1 -1 -1 -1 1 
218 2 Car -1.000000 -1 -1 582.4947921809494 176.42406629988164 646.6877089131727 236.47536889944195 -1 -1 -1 -1 -1 -1 -1 -1 1 
219 2 Car -1.000000 -1 -1 581.3524717884717 176.4647682262379 645.6634943235232 237.1061623332895 -1 -1 -1 -1 -1 -1 -1 -1 1 
220 2 Car -1.000000 -1 -1 580.7550410329693 176.8179687871641 644.1409171601465 236.97184596707234 -1 -1 -1 -1 -1 -1 -1 -1 1 
221 2 Car -1.000000 -1 -1 580.2768133191864 176.56516125914786 643.0014491274413 236.5957979586892 -1 -1 -1 -1 -1 -1 -1 -1 1 
222 2 Car -1.000000 -1 -1 579.8842099938457 176.6887568682784 642.4107139252625 236.1319092006119 -1 -1 -1 -1 -1 -1 -1 -1 1 
223 2 Car -1.000000 -1 -1 580.0226037335217 177.49275288460657 642.7758969225123 236.60382519136135 -1 -1 -1 -1 -1 -1 -1 -1 1 
224 2 Car -1.000000 -1 -1 579.9057623898981 178.63549251587645 642.2150104960708 236.5713309488451 -1 -1 -1 -1 -1 -1 -1 -1 1 
225 2 Car -1.000000 -1 -1 579.2054694917875 178.24193049771876 641.6853401280451 236.2320656668243 -1 -1 -1 -1 -1 -1 -1 -1 1 
226 2 Car -1.000000 -1 -1 578.8962803685508 177.98317861123405 641.1270444912194 235.89876953872908 -1 -1 -1 -1 -1 -1 -1 -1 1 
227 2 Car -1.000000 -1 -1 578.4123442494491 177.98271672553437 640.1703981019485 235.41529015387732 -1 -1 -1 -1 -1 -1 -1 -1 1 
228 2 Car -1.000000 -1 -1 577.6358100661412 180.019678308626 638.5958285422867 236.93910098559883 -1 -1 -1 -1 -1 -1 -1 -1 1 
229 2 Car -1.000000 -1 -1 577.2737102095707 180.1387606502483 638.003604381725 236.54080547586736 -1 -1 -1 -1 -1 -1 -1 -1 1 
230 2 Car -1.000000 -1 -1 576.7690256333932 180.32187802303216 637.3761517374176 236.1724644597606 -1 -1 -1 -1 -1 -1 -1 -1 1 
231 2 Car -1.000000 -1 -1 575.8392927276785 180.7995367491101 636.1501752071907 236.083495171417 -1 -1 -1 -1 -1 -1 -1 -1 1 
232 2 Car -1.000000 -1 -1 575.6043967116976 181.19292769544333 634.9769403427148 234.79372174021842 -1 -1 -1 -1 -1 -1 -1 -1 1 
233 2 Car -1.000000 -1 -1 575.1509373296252 180.6009618718591 634.3578002689936 233.52574640873348 -1 -1 -1 -1 -1 -1 -1 -1 1 
234 2 Car -1.000000 -1 -1 574.9181891592708 179.4789117152971 633.2268511626961 232.0098305567304 -1 -1 -1 -1 -1 -1 -1 -1 1 
235 2 Car -1.000000 -1 -1 575.161289154146 180.16047082937908 632.6389635835727 231.586817434172 -1 -1 -1 -1 -1 -1 -1 -1 1 
236 2 Car -1.000000 -1 -1 575.0826782911959 180.78342915538278 632.5711126033701 231.92137786768447 -1 -1 -1 -1 -1 -1 -1 -1 1 
237 2 Car -1.000000 -1 -1 574.8962691326311 179.84188608302742 633.4237509248361 231.76610677045977 -1 -1 -1 -1 -1 -1 -1 -1 1 
238 2 Car -1.000000 -1 -1 574.7521361110562 178.26976928788446 633.5906810623519 231.2385210881821 -1 -1 -1 -1 -1 -1 -1 -1 1 
239 2 Car -1.000000 -1 -1 575.7468872035129 178.6537301181851 633.0925755443624 228.85249848757314 -1 -1 -1 -1 -1 -1 -1 -1 1 
240 2 Car -1.000000 -1 -1 575.4907605493626 177.6847519945545 633.9843395865909 228.30179233083288 -1 -1 -1 -1 -1 -1 -1 -1 1 
241 2 Car -1.000000 -1 -1 576.1617418261708 178.28156406342148 634.8675630548028 228.36011620246703 -1 -1 -1 -1 -1 -1 -1 -1 1 
242 2 Car -1.000000 -1 -1 576.7437482252634 178.802250057219 635.8150063393543 229.04590177765573 -1 -1 -1 -1 -1 -1 -1 -1 1 
243 2 Car -1.000000 -1 -1 577.0423129687775 178.57118115216818 636.3365016593934 229.30608161534576 -1 -1 -1 -1 -1 -1 -1 -1 1 
244 2 Car -1.000000 -1 -1 577.6175138306365 176.8286248973927 636.7531233276271 228.0390466168615 -1 -1 -1 -1 -1 -1 -1 -1 1 
245 2 Car -1.000000 -1 -1 578.3937525029405 176.47632745753185 637.4767811398018 227.74212256158776 -1 -1 -1 -1 -1 -1 -1 -1 1 
246 2 Car -1.000000 -1 -1 579.1913146164285 176.82620644579694 638.4145221275942 227.8676508329516 -1 -1 -1 -1 -1 -1 -1 -1 1 
247 2 Car -1.000000 -1 -1 579.7735984601325 176.76249268812413 639.0211717693085 227.68846101932598 -1 -1 -1 -1 -1 -1 -1 -1 1 
248 2 Car -1.000000 -1 -1 580.7810317121483 176.76885599617276 639.2008403560868 226.7415730160165 -1 -1 -1 -1 -1 -1 -1 -1 1 
249 2 Car -1.000000 -1 -1 581.6325221195278 177.06653486516183 639.7975809642702 227.14201826316094 -1 -1 -1 -1 -1 -1 -1 -1 1 
250 2 Car -1.000000 -1 -1 582.3108089896742 176.77065089266333 640.3716065066183 227.29431489645864 -1 -1 -1 -1 -1 -1 -1 -1 1 
251 2 Car -1.000000 -1 -1 583.1646962989392 177.05760516452509 640.4773612696745 227.51045176367114 -1 -1 -1 -1 -1 -1 -1 -1 1 
252 2 Car -1.000000 -1 -1 584.2119500626605 176.04028119197912 641.5969830773207 227.36396363802774 -1 -1 -1 -1 -1 -1 -1 -1 1 
253 2 Car -1.000000 -1 -1 586.1451707187963 176.6907499909847 643.0710345720178 226.99629030473756 -1 -1 -1 -1 -1 -1 -1 -1 1 
254 2 Car -1.000000 -1 -1 587.3405484726599 177.05074805564334 643.9314272802231 228.74212572694287 -1 -1 -1 -1 -1 -1 -1 -1 1 
255 2 Car -1.000000 -1 -1 589.0447120340925 177.57884397844748 644.5778474116021 227.77487466433982 -1 -1 -1 -1 -1 -1 -1 -1 1 
256 2 Car -1.000000 -1 -1 589.7611827986774 177.42909988142105 645.6437802643804 227.8898632076292 -1 -1 -1 -1 -1 -1 -1 -1 1 
257 2 Car -1.000000 -1 -1 590.8812581623993 176.987017955611 646.907984497752 227.49335198881792 -1 -1 -1 -1 -1 -1 -1 -1 1 
258 2 Car -1.000000 -1 -1 593.1031318736093 177.12525087114344 648.2401095872442 226.51061411056074 -1 -1 -1 -1 -1 -1 -1 -1 1 
259 2 Car -1.000000 -1 -1 594.116495873339 177.55412709267085 648.6736078710262 226.64797474782566 -1 -1 -1 -1 -1 -1 -1 -1 1 
260 2 Car -1.000000 -1 -1 595.1040314140317 177.4330366191875 650.579580021954 226.5359393413344 -1 -1 -1 -1 -1 -1 -1 -1 1 
261 2 Car -1.000000 -1 -1 595.7511820764971 177.10731959722364 651.8225856364345 227.0560881685238 -1 -1 -1 -1 -1 -1 -1 -1 1 
262 2 Car -1.000000 -1 -1 596.6675052261198 176.66875771608707 653.1780291716981 227.5777097240672 -1 -1 -1 -1 -1 -1 -1 -1 1 
263 2 Car -1.000000 -1 -1 598.3124841588746 177.09308954259564 653.6182256616125 227.80277319140947 -1 -1 -1 -1 -1 -1 -1 -1 1 
264 2 Car -1.000000 -1 -1 600.1433804863874 177.25733416631448 654.4877392062124 228.1655760769453 -1 -1 -1 -1 -1 -1 -1 -1 1 
265 2 Car -1.000000 -1 -1 601.4914697227315 178.01980535639922 654.9591221538951 227.4890640739174 -1 -1 -1 -1 -1 -1 -1 -1 1 
266 2 Car -1.000000 -1 -1 602.2426399508321 177.86062100735947 655.6423703038695 227.15604186721993 -1 -1 -1 -1 -1 -1 -1 -1 1 
267 2 Car -1.000000 -1 -1 603.0175276130979 178.02674384590364 656.2384367552575 226.99604231016028 -1 -1 -1 -1 -1 -1 -1 -1 1 
268 2 Car -1.000000 -1 -1 603.4215104925389 178.17483239180117 656.7918310355378 226.4708892861155 -1 -1 -1 -1 -1 -1 -1 -1 1 
268 37 Car -1.000000 -1 -1 569.2915421630976 177.7533749736549 591.9996504738917 195.3962679488671 -1 -1 -1 -1 -1 -1 -1 -1 1 
269 2 Car -1.000000 -1 -1 604.4351357550613 177.96394424789182 657.8661713609724 226.96592070330314 -1 -1 -1 -1 -1 -1 -1 -1 1 
269 37 Car -1.000000 -1 -1 561.7178021901292 177.66797808498407 585.9108349869966 195.95101598956904 -1 -1 -1 -1 -1 -1 -1 -1 1 
270 2 Car -1.000000 -1 -1 605.4138665187805 177.4334733870091 658.7618451227802 226.41002569604916 -1 -1 -1 -1 -1 -1 -1 -1 1 
270 37 Car -1.000000 -1 -1 555.3302202056326 178.5864740878108 579.6295451944826 196.9945968436445 -1 -1 -1 -1 -1 -1 -1 -1 1 
271 2 Car -1.000000 -1 -1 606.5173226095967 176.9383127156693 660.214670169527 226.83447377872216 -1 -1 -1 -1 -1 -1 -1 -1 1 
271 37 Car -1.000000 -1 -1 547.9861337799618 178.02218630825212 574.620209156396 198.0325977545032 -1 -1 -1 -1 -1 -1 -1 -1 1 
271 38 Car -1.000000 -1 -1 577.8405473406184 177.49141454194557 603.9987130490185 198.67608493039415 -1 -1 -1 -1 -1 -1 -1 -1 1 
272 2 Car -1.000000 -1 -1 606.7896494701121 177.05221766338948 660.7813260026817 227.0974225990437 -1 -1 -1 -1 -1 -1 -1 -1 1 
272 37 Car -1.000000 -1 -1 540.9818383312054 178.9705738660916 568.0446445518511 199.11078330750698 -1 -1 -1 -1 -1 -1 -1 -1 1 
272 38 Car -1.000000 -1 -1 570.9012973733676 178.4806669173968 598.6679612783207 200.38376878694612 -1 -1 -1 -1 -1 -1 -1 -1 1 
273 2 Car -1.000000 -1 -1 607.3516069259346 177.3092595885769 661.1347571724309 227.08609806247586 -1 -1 -1 -1 -1 -1 -1 -1 1 
273 37 Car -1.000000 -1 -1 531.3858687244395 179.38432158907756 561.3892283787753 200.46145729839924 -1 -1 -1 -1 -1 -1 -1 -1 1 
273 38 Car -1.000000 -1 -1 564.1322589407099 177.9725139308698 595.2662767822926 201.64086477461 -1 -1 -1 -1 -1 -1 -1 -1 1 
274 2 Car -1.000000 -1 -1 608.010331975615 176.99961664013819 661.7821871815866 226.7735932718468 -1 -1 -1 -1 -1 -1 -1 -1 1 
274 37 Car -1.000000 -1 -1 521.6014814371692 179.72884648107987 554.0609339287048 202.88357272237104 -1 -1 -1 -1 -1 -1 -1 -1 1 
274 38 Car -1.000000 -1 -1 555.4785607297231 178.258108712155 589.8670308331424 203.60281006975873 -1 -1 -1 -1 -1 -1 -1 -1 1 
275 2 Car -1.000000 -1 -1 608.7563549123353 176.9612725480085 662.156494626323 225.6724705590547 -1 -1 -1 -1 -1 -1 -1 -1 1 
275 37 Car -1.000000 -1 -1 510.9170986020081 179.43608399008127 546.3284201947413 203.62494372131974 -1 -1 -1 -1 -1 -1 -1 -1 1 
275 38 Car -1.000000 -1 -1 545.88149084995 177.42658206703285 585.0334186263182 205.09309602748624 -1 -1 -1 -1 -1 -1 -1 -1 1 
276 2 Car -1.000000 -1 -1 608.7118414287503 176.0566177034552 662.7417426094114 225.63352376867124 -1 -1 -1 -1 -1 -1 -1 -1 1 
276 37 Car -1.000000 -1 -1 498.60551132357335 178.1678871604428 538.1098006662983 204.95111059114345 -1 -1 -1 -1 -1 -1 -1 -1 1 
276 38 Car -1.000000 -1 -1 537.1243473149115 177.52190299136467 578.5944917865708 206.263437336873 -1 -1 -1 -1 -1 -1 -1 -1 1 
277 2 Car -1.000000 -1 -1 609.4428322364384 174.84891560343465 663.0896072774982 224.1637900247083 -1 -1 -1 -1 -1 -1 -1 -1 1 
277 37 Car -1.000000 -1 -1 484.3910638186569 177.21891141263785 528.0551323577342 207.58511560645113 -1 -1 -1 -1 -1 -1 -1 -1 1 
277 38 Car -1.000000 -1 -1 525.2839613544292 176.65125109277204 571.7409725528322 208.87869169478378 -1 -1 -1 -1 -1 -1 -1 -1 1 
278 2 Car -1.000000 -1 -1 610.034050339297 175.59640172577497 663.4002175352942 224.38226103230775 -1 -1 -1 -1 -1 -1 -1 -1 1 
278 37 Car -1.000000 -1 -1 468.6715342398319 179.22571623661653 516.3713349733828 210.7893809793507 -1 -1 -1 -1 -1 -1 -1 -1 1 
278 38 Car -1.000000 -1 -1 511.2208412446892 178.1870373354667 562.6334338188444 213.83002516801608 -1 -1 -1 -1 -1 -1 -1 -1 1 
279 2 Car -1.000000 -1 -1 610.5631599725309 175.79917309260182 664.735022602427 225.61419501103222 -1 -1 -1 -1 -1 -1 -1 -1 1 
279 37 Car -1.000000 -1 -1 450.2171949015283 179.47063906759888 503.34631840740553 214.52523356141526 -1 -1 -1 -1 -1 -1 -1 -1 1 
279 38 Car -1.000000 -1 -1 495.74258163162114 179.3685292232749 552.5113093252614 218.15405710309247 -1 -1 -1 -1 -1 -1 -1 -1 1 
280 2 Car -1.000000 -1 -1 611.7132118635377 175.9585860539135 665.3469597160652 225.54928365346805 -1 -1 -1 -1 -1 -1 -1 -1 1 
280 37 Car -1.000000 -1 -1 427.9318968518714 181.04964733695613 486.07043102599005 218.98481022064453 -1 -1 -1 -1 -1 -1 -1 -1 1 
280 38 Car -1.000000 -1 -1 475.25862908103187 180.47201029444642 542.0254509333477 224.88704715820802 -1 -1 -1 -1 -1 -1 -1 -1 1 
281 2 Car -1.000000 -1 -1 612.7507908638344 176.08758837783066 666.8332922103393 226.2532679018258 -1 -1 -1 -1 -1 -1 -1 -1 1 
281 37 Car -1.000000 -1 -1 399.5717840096596 183.51904465853013 465.2136414953806 226.15443330501947 -1 -1 -1 -1 -1 -1 -1 -1 1 
281 38 Car -1.000000 -1 -1 450.30933622444763 181.68456840205224 528.0987331610232 233.0216717036122 -1 -1 -1 -1 -1 -1 -1 -1 1 
282 2 Car -1.000000 -1 -1 613.639931775017 176.21269470883215 667.160454578644 226.82729830849252 -1 -1 -1 -1 -1 -1 -1 -1 1 
282 37 Car -1.000000 -1 -1 363.0389233633748 185.24596729236868 438.4885927441513 234.10166639231048 -1 -1 -1 -1 -1 -1 -1 -1 1 
282 38 Car -1.000000 -1 -1 414.662949837218 183.35834167343762 510.49230391166157 245.32077075284494 -1 -1 -1 -1 -1 -1 -1 -1 1 
283 2 Car -1.000000 -1 -1 614.4887051537951 176.23207953513224 667.7356280758523 226.81913540936804 -1 -1 -1 -1 -1 -1 -1 -1 1 
283 37 Car -1.000000 -1 -1 314.7466375365426 186.52659569241263 402.5058249690442 244.51422545568934 -1 -1 -1 -1 -1 -1 -1 -1 1 
283 38 Car -1.000000 -1 -1 365.39100753912095 184.43266394337317 486.310627344471 261.29183597126234 -1 -1 -1 -1 -1 -1 -1 -1 1 
284 2 Car -1.000000 -1 -1 615.7541498121761 176.14253132835734 668.7743116423188 226.7094717045208 -1 -1 -1 -1 -1 -1 -1 -1 1 
284 37 Car -1.000000 -1 -1 253.85202051676535 188.78560499557443 358.5744717742358 257.23533931560803 -1 -1 -1 -1 -1 -1 -1 -1 1 
284 38 Car -1.000000 -1 -1 289.5739471492584 188.3912338733188 453.61493896748107 284.0784789402351 -1 -1 -1 -1 -1 -1 -1 -1 1 
285 2 Car -1.000000 -1 -1 616.7285118831862 175.99070532287783 669.4009403137288 225.17369516347935 -1 -1 -1 -1 -1 -1 -1 -1 1 
285 37 Car -1.000000 -1 -1 236.57742919853774 189.45100404721342 345.5190480280704 260.65843533235096 -1 -1 -1 -1 -1 -1 -1 -1 1 
285 38 Car -1.000000 -1 -1 147.95260628591365 192.72990055086478 403.16251789950775 329.22592240765556 -1 -1 -1 -1 -1 -1 -1 -1 1 
286 2 Car -1.000000 -1 -1 617.3889888139954 175.45509832162284 670.2487504924411 224.6412349819742 -1 -1 -1 -1 -1 -1 -1 -1 1 
286 38 Car -1.000000 -1 -1 0.2834903941749758 197.3144882784612 318.6558815998964 372.45538040937834 -1 -1 -1 -1 -1 -1 -1 -1 1 
287 2 Car -1.000000 -1 -1 618.6391093079252 175.51724274836687 670.6103433936336 223.4512147443882 -1 -1 -1 -1 -1 -1 -1 -1 1 
287 38 Car -1.000000 -1 -1 -23.068740994085886 198.09985484377097 306.43314360104006 379.3626408519484 -1 -1 -1 -1 -1 -1 -1 -1 1 
288 2 Car -1.000000 -1 -1 619.9311552650671 175.1893699462979 671.885095436618 222.48343092685928 -1 -1 -1 -1 -1 -1 -1 -1 1 
289 2 Car -1.000000 -1 -1 620.0715467419335 175.2422470664331 672.4795855687669 222.82005323133498 -1 -1 -1 -1 -1 -1 -1 -1 1 
290 2 Car -1.000000 -1 -1 619.8773626769478 175.35363201119935 672.5940159715552 223.37160498490488 -1 -1 -1 -1 -1 -1 -1 -1 1 
291 2 Car -1.000000 -1 -1 619.3670237221613 175.61315310104973 671.3582785842589 222.9920152830138 -1 -1 -1 -1 -1 -1 -1 -1 1 
292 2 Car -1.000000 -1 -1 619.0048901617272 175.55152054584488 670.6335987436469 222.78964620297123 -1 -1 -1 -1 -1 -1 -1 -1 1 
293 2 Car -1.000000 -1 -1 618.4988819676214 175.95431893077244 669.433689417312 222.158855284902 -1 -1 -1 -1 -1 -1 -1 -1 1 
