2 1 Car -1.000000 -1 -1 486.06268302746963 181.67486582478932 591.8864237021908 216.73627323269207 -1 -1 -1 -1 -1 -1 -1 -1 1 
3 1 Car -1.000000 -1 -1 497.66347661595404 181.44793455837828 603.7126596221835 216.320709455786 -1 -1 -1 -1 -1 -1 -1 -1 1 
4 1 Car -1.000000 -1 -1 510.26266178658767 181.12150626469676 613.9440080244743 216.06492293509692 -1 -1 -1 -1 -1 -1 -1 -1 1 
5 1 Car -1.000000 -1 -1 524.3712560917843 182.1036593877367 629.1104697219084 216.0876274398133 -1 -1 -1 -1 -1 -1 -1 -1 1 
6 1 Car -1.000000 -1 -1 535.1061807045198 181.14870961265848 639.0483769876024 215.77332935655534 -1 -1 -1 -1 -1 -1 -1 -1 1 
7 1 Car -1.000000 -1 -1 546.9094202370334 181.6727441808365 648.2760061885023 215.6714530578756 -1 -1 -1 -1 -1 -1 -1 -1 1 
8 1 Car -1.000000 -1 -1 559.8335140618576 181.1945908135332 661.1202113464593 215.17832680820544 -1 -1 -1 -1 -1 -1 -1 -1 1 
9 1 Car -1.000000 -1 -1 573.8328345889793 181.4821586378515 673.0391058903447 214.25324217683846 -1 -1 -1 -1 -1 -1 -1 -1 1 
10 1 Car -1.000000 -1 -1 583.4482468623091 181.62841865147828 681.4609524538992 214.0426508257218 -1 -1 -1 -1 -1 -1 -1 -1 1 
11 1 Car -1.000000 -1 -1 594.2650274365932 181.04583694386318 691.5661276399649 213.36920864929752 -1 -1 -1 -1 -1 -1 -1 -1 1 
12 1 Car -1.000000 -1 -1 605.9949783216197 181.35447384992958 700.5082282988578 212.92089227729693 -1 -1 -1 -1 -1 -1 -1 -1 1 
13 1 Car -1.000000 -1 -1 614.1558562231371 181.1648578735591 709.2541020122138 212.92545694199418 -1 -1 -1 -1 -1 -1 -1 -1 1 
14 1 Car -1.000000 -1 -1 627.5279419785588 181.38275665244086 718.029854148158 213.35268431739885 -1 -1 -1 -1 -1 -1 -1 -1 1 
15 1 Car -1.000000 -1 -1 639.1159161572625 180.87078037151846 724.938682486728 210.98333173150758 -1 -1 -1 -1 -1 -1 -1 -1 1 
16 1 Car -1.000000 -1 -1 647.4085885469511 181.05745042411058 732.0462022809729 211.17559487545446 -1 -1 -1 -1 -1 -1 -1 -1 1 
17 1 Car -1.000000 -1 -1 658.554869475243 180.90453683028932 740.3689531363243 210.79377409714908 -1 -1 -1 -1 -1 -1 -1 -1 1 
18 1 Car -1.000000 -1 -1 667.352270261956 179.85439433255434 746.0229493065464 210.25615938261956 -1 -1 -1 -1 -1 -1 -1 -1 1 
19 1 Car -1.000000 -1 -1 675.4953875167175 179.76081918763617 748.7670642966668 209.4146860483086 -1 -1 -1 -1 -1 -1 -1 -1 1 
20 1 Car -1.000000 -1 -1 683.7182874099823 178.86921776375107 754.2935586422573 208.965126326627 -1 -1 -1 -1 -1 -1 -1 -1 1 
21 1 Car -1.000000 -1 -1 694.3328394702311 179.1620165677107 758.7732473296188 207.9883938028846 -1 -1 -1 -1 -1 -1 -1 -1 1 
22 1 Car -1.000000 -1 -1 699.8127906367808 178.5065876349683 762.6849561815823 207.42082413893866 -1 -1 -1 -1 -1 -1 -1 -1 1 
22 2 Car -1.000000 -1 -1 658.1621590034915 181.45739087139424 686.3104049138958 205.43007853411734 -1 -1 -1 -1 -1 -1 -1 -1 1 
23 1 Car -1.000000 -1 -1 702.1752140422618 180.33973414202248 755.602995737875 207.8904768958338 -1 -1 -1 -1 -1 -1 -1 -1 1 
23 2 Car -1.000000 -1 -1 658.1665720792588 181.44008837482713 686.2640789761954 205.36956380290837 -1 -1 -1 -1 -1 -1 -1 -1 1 
24 1 Car -1.000000 -1 -1 707.9657865288077 180.40083058794804 757.0566469108212 208.01458912449456 -1 -1 -1 -1 -1 -1 -1 -1 1 
25 1 Car -1.000000 -1 -1 715.0244159416367 181.14111606693277 758.6250993633332 207.52797538019524 -1 -1 -1 -1 -1 -1 -1 -1 1 
26 1 Car -1.000000 -1 -1 724.2912848839524 180.81397700996126 767.9121830314357 207.55404823283817 -1 -1 -1 -1 -1 -1 -1 -1 1 
27 1 Car -1.000000 -1 -1 727.1716780496326 180.2985504978488 771.4715686994148 208.06290279225422 -1 -1 -1 -1 -1 -1 -1 -1 1 
27 2 Car -1.000000 -1 -1 658.3053899593383 181.26038565342154 686.7142166240617 205.56460198037348 -1 -1 -1 -1 -1 -1 -1 -1 1 
28 1 Car -1.000000 -1 -1 731.2529977166697 181.29776192086138 772.0572246638175 207.5883082150248 -1 -1 -1 -1 -1 -1 -1 -1 1 
28 2 Car -1.000000 -1 -1 658.3879391455646 181.35497807040582 686.7127790429358 205.55496685458405 -1 -1 -1 -1 -1 -1 -1 -1 1 
29 1 Car -1.000000 -1 -1 733.9366835508694 181.37690204040732 773.9405658920211 207.45888963479345 -1 -1 -1 -1 -1 -1 -1 -1 1 
29 2 Car -1.000000 -1 -1 658.4831604702807 181.38036733185197 686.760597418476 205.48768420530166 -1 -1 -1 -1 -1 -1 -1 -1 1 
30 1 Car -1.000000 -1 -1 739.407153141838 181.4746295297655 778.9267553323276 207.24136202672227 -1 -1 -1 -1 -1 -1 -1 -1 1 
30 2 Car -1.000000 -1 -1 658.7902557202304 181.35971410835538 686.8846782744934 205.3938227052241 -1 -1 -1 -1 -1 -1 -1 -1 1 
33 2 Car -1.000000 -1 -1 658.861557745442 181.3491866645686 686.9467698792472 205.37541652419497 -1 -1 -1 -1 -1 -1 -1 -1 1 
35 3 Car -1.000000 -1 -1 746.2214526224511 182.20122391817486 775.9721870234262 204.55433177991134 -1 -1 -1 -1 -1 -1 -1 -1 1 
36 2 Car -1.000000 -1 -1 658.7048799612555 181.37055327777284 686.6900496788567 205.2778253986371 -1 -1 -1 -1 -1 -1 -1 -1 1 
36 3 Car -1.000000 -1 -1 746.3753854159543 181.94833070293333 776.1691557170574 204.41591517473128 -1 -1 -1 -1 -1 -1 -1 -1 1 
37 2 Car -1.000000 -1 -1 658.6683844342108 181.42783265826202 686.7485961306255 205.38887808699505 -1 -1 -1 -1 -1 -1 -1 -1 1 
37 3 Car -1.000000 -1 -1 747.2624204951162 182.0661463122183 776.6923376672122 203.2854499714155 -1 -1 -1 -1 -1 -1 -1 -1 1 
38 2 Car -1.000000 -1 -1 658.8178354386881 181.27732256929184 686.8787989186379 205.3144942155326 -1 -1 -1 -1 -1 -1 -1 -1 1 
38 3 Car -1.000000 -1 -1 748.2141345686672 182.67338740966773 777.1691274763743 202.75951020028728 -1 -1 -1 -1 -1 -1 -1 -1 1 
39 2 Car -1.000000 -1 -1 658.853449656908 181.2614015936105 686.9154885705219 205.2994954472296 -1 -1 -1 -1 -1 -1 -1 -1 1 
39 3 Car -1.000000 -1 -1 749.0824012800003 183.1098269380585 777.2542780722547 202.03309090556732 -1 -1 -1 -1 -1 -1 -1 -1 1 
53 3 Car -1.000000 -1 -1 750.1368612279279 182.6405666552338 777.150555806151 200.4359158430101 -1 -1 -1 -1 -1 -1 -1 -1 1 
58 2 Car -1.000000 -1 -1 658.3413941059551 181.5413609164713 686.3541436969094 205.57104025013928 -1 -1 -1 -1 -1 -1 -1 -1 1 
58 3 Car -1.000000 -1 -1 751.2698969941297 182.7355625757126 776.9478001536928 199.65094809674216 -1 -1 -1 -1 -1 -1 -1 -1 1 
59 2 Car -1.000000 -1 -1 658.3995860589978 181.46431769265257 686.4649768369959 205.57720683186122 -1 -1 -1 -1 -1 -1 -1 -1 1 
60 2 Car -1.000000 -1 -1 658.3336500367883 181.37247699013923 686.4441829299043 205.59470270129054 -1 -1 -1 -1 -1 -1 -1 -1 1 
