2 1 Car -1.000000 -1 -1 934.7244979356757 228.57245209141263 1243.8212211943137 372.92716827330287 -1 -1 -1 -1 -1 -1 -1 -1 1 
3 1 Car -1.000000 -1 -1 976.860068555629 248.7909665331015 1241.0994029739225 372.52648299995917 -1 -1 -1 -1 -1 -1 -1 -1 1 
4 1 Car -1.000000 -1 -1 1053.7440396758936 298.94346836269403 1218.3574272546766 373.7006290480548 -1 -1 -1 -1 -1 -1 -1 -1 1 
5 1 Car -1.000000 -1 -1 1100.2087299671175 324.2664250530475 1210.1084821786978 374.17605488731465 -1 -1 -1 -1 -1 -1 -1 -1 1 
71 2 Car -1.000000 -1 -1 548.3854284623117 156.36659868635098 611.3871330943188 205.18595778541993 -1 -1 -1 -1 -1 -1 -1 -1 1 
72 2 Car -1.000000 -1 -1 546.1132489575504 155.6149811386208 608.4925914367708 203.97715295325506 -1 -1 -1 -1 -1 -1 -1 -1 1 
73 2 Car -1.000000 -1 -1 541.7097814594409 155.32794565797795 605.9653298964355 204.89896572342852 -1 -1 -1 -1 -1 -1 -1 -1 1 
74 2 Car -1.000000 -1 -1 537.6130203839979 155.37410588779073 600.8684439460375 204.67306149134976 -1 -1 -1 -1 -1 -1 -1 -1 1 
75 2 Car -1.000000 -1 -1 533.0845096374221 155.7528403668223 595.7629250783529 205.7252805478194 -1 -1 -1 -1 -1 -1 -1 -1 1 
76 2 Car -1.000000 -1 -1 530.5964265975784 154.48660701496883 594.4329361239932 205.44157399825727 -1 -1 -1 -1 -1 -1 -1 -1 1 
77 2 Car -1.000000 -1 -1 527.2262731580238 154.36794156583596 592.7854960973541 206.88282421337894 -1 -1 -1 -1 -1 -1 -1 -1 1 
78 2 Car -1.000000 -1 -1 524.694555443727 155.41903634127942 591.4128292615104 208.7366976585284 -1 -1 -1 -1 -1 -1 -1 -1 1 
79 2 Car -1.000000 -1 -1 520.7057443039985 156.04614755877807 589.106113506724 210.62874955206624 -1 -1 -1 -1 -1 -1 -1 -1 1 
80 2 Car -1.000000 -1 -1 515.8163869551769 155.4108930201989 587.046216052016 212.5573060994399 -1 -1 -1 -1 -1 -1 -1 -1 1 
81 2 Car -1.000000 -1 -1 512.4818928614926 154.8793898828206 583.3471828169864 211.23230532999114 -1 -1 -1 -1 -1 -1 -1 -1 1 
82 2 Car -1.000000 -1 -1 508.31075257443547 152.15337079346043 581.4226748623829 210.5741377644138 -1 -1 -1 -1 -1 -1 -1 -1 1 
83 2 Car -1.000000 -1 -1 504.81657221963513 151.77609306540228 578.9169472624764 210.81901337996794 -1 -1 -1 -1 -1 -1 -1 -1 1 
84 2 Car -1.000000 -1 -1 500.4008928996367 152.09494324100206 577.132949429987 213.11613376753849 -1 -1 -1 -1 -1 -1 -1 -1 1 
85 2 Car -1.000000 -1 -1 495.1942386845692 152.14604882212444 574.4382566589466 215.1565229373981 -1 -1 -1 -1 -1 -1 -1 -1 1 
86 2 Car -1.000000 -1 -1 490.350390994565 152.10704347236626 571.7501652123188 216.41804057685331 -1 -1 -1 -1 -1 -1 -1 -1 1 
87 2 Car -1.000000 -1 -1 485.4647925326866 151.52143394668008 568.9033023406024 217.1885869516248 -1 -1 -1 -1 -1 -1 -1 -1 1 
88 2 Car -1.000000 -1 -1 481.4551962624245 151.11042450552154 566.1553888293141 217.5833618491602 -1 -1 -1 -1 -1 -1 -1 -1 1 
89 2 Car -1.000000 -1 -1 474.789925156385 149.0757108592743 562.7699492781306 217.98975452020014 -1 -1 -1 -1 -1 -1 -1 -1 1 
90 2 Car -1.000000 -1 -1 470.01765271889735 149.8067632672877 559.6347465893475 219.8656725695579 -1 -1 -1 -1 -1 -1 -1 -1 1 
91 2 Car -1.000000 -1 -1 464.8084378459089 149.20489284652376 557.1665572307155 221.34518741047287 -1 -1 -1 -1 -1 -1 -1 -1 1 
92 2 Car -1.000000 -1 -1 459.98104712919655 150.49743234543732 554.4100755018345 223.88947778694694 -1 -1 -1 -1 -1 -1 -1 -1 1 
93 2 Car -1.000000 -1 -1 452.9188500467365 150.94048128665062 550.3448927317665 226.14312156182177 -1 -1 -1 -1 -1 -1 -1 -1 1 
94 2 Car -1.000000 -1 -1 448.301894883052 150.7684790612287 547.5142666700308 227.34994271129642 -1 -1 -1 -1 -1 -1 -1 -1 1 
94 5 Car -1.000000 -1 -1 388.40518992601153 180.3112666413312 447.2646289002092 210.98915163556356 -1 -1 -1 -1 -1 -1 -1 -1 1 
95 2 Car -1.000000 -1 -1 438.9416697401834 149.41010401589665 543.6175625966114 230.18085292258587 -1 -1 -1 -1 -1 -1 -1 -1 1 
95 5 Car -1.000000 -1 -1 378.92499487377984 180.67349298345837 440.21622455430446 212.35115524020665 -1 -1 -1 -1 -1 -1 -1 -1 1 
96 2 Car -1.000000 -1 -1 432.90670937446987 147.65238089225693 542.1014616637865 231.933570615893 -1 -1 -1 -1 -1 -1 -1 -1 1 
96 5 Car -1.000000 -1 -1 378.0944545865142 180.9942688329699 434.5244114742303 211.37817481565244 -1 -1 -1 -1 -1 -1 -1 -1 1 
97 2 Car -1.000000 -1 -1 424.58775157834276 146.67649550290287 537.0910016497389 233.52363954379922 -1 -1 -1 -1 -1 -1 -1 -1 1 
97 5 Car -1.000000 -1 -1 375.4061597468032 180.64176381179837 428.90447889655604 212.1378311324519 -1 -1 -1 -1 -1 -1 -1 -1 1 
98 2 Car -1.000000 -1 -1 416.8918594326556 146.70742343467927 532.8815882973173 235.58967069579467 -1 -1 -1 -1 -1 -1 -1 -1 1 
98 5 Car -1.000000 -1 -1 364.73286939332314 180.19021593518573 419.9356132047303 213.95683254101033 -1 -1 -1 -1 -1 -1 -1 -1 1 
99 2 Car -1.000000 -1 -1 408.11674724827265 144.86398449558806 529.3553362063033 237.21230596765028 -1 -1 -1 -1 -1 -1 -1 -1 1 
99 5 Car -1.000000 -1 -1 355.7409279876085 180.6304557778597 412.044247443682 215.8910361689151 -1 -1 -1 -1 -1 -1 -1 -1 1 
100 2 Car -1.000000 -1 -1 397.70029234197926 144.7392556145941 525.4019728764725 239.12880006221485 -1 -1 -1 -1 -1 -1 -1 -1 1 
100 5 Car -1.000000 -1 -1 349.35395273012347 180.5192298402872 403.0277073876424 215.0874728006462 -1 -1 -1 -1 -1 -1 -1 -1 1 
101 2 Car -1.000000 -1 -1 388.1974323136853 141.4328626885303 521.0053953634144 239.0730610954086 -1 -1 -1 -1 -1 -1 -1 -1 1 
101 5 Car -1.000000 -1 -1 342.4128236851697 179.01917387880508 394.61909042610006 214.1823860074886 -1 -1 -1 -1 -1 -1 -1 -1 1 
102 2 Car -1.000000 -1 -1 377.5071006399746 137.9118436518957 516.3504789618436 239.22400514644931 -1 -1 -1 -1 -1 -1 -1 -1 1 
102 5 Car -1.000000 -1 -1 334.1184393070003 177.81379424827182 382.933723407421 211.9261197468626 -1 -1 -1 -1 -1 -1 -1 -1 1 
103 2 Car -1.000000 -1 -1 365.24607661200525 135.0626865749919 512.311365696699 240.31031388188137 -1 -1 -1 -1 -1 -1 -1 -1 1 
103 5 Car -1.000000 -1 -1 324.6378356048779 176.22967848055248 374.1656044219278 212.2814483582523 -1 -1 -1 -1 -1 -1 -1 -1 1 
104 2 Car -1.000000 -1 -1 354.83259611116705 134.2069090529243 507.29132684295 244.58604588497707 -1 -1 -1 -1 -1 -1 -1 -1 1 
104 5 Car -1.000000 -1 -1 314.9920222565881 177.70711507502045 363.063231546186 213.82256438514665 -1 -1 -1 -1 -1 -1 -1 -1 1 
105 2 Car -1.000000 -1 -1 342.1743989672882 134.98611539668656 502.50519034198703 249.9937247601521 -1 -1 -1 -1 -1 -1 -1 -1 1 
105 5 Car -1.000000 -1 -1 298.47269562345747 179.2033416226961 349.9779605302161 218.2484772197473 -1 -1 -1 -1 -1 -1 -1 -1 1 
106 2 Car -1.000000 -1 -1 328.0352956194584 134.79432885755398 496.0254931749331 254.54856167174893 -1 -1 -1 -1 -1 -1 -1 -1 1 
106 5 Car -1.000000 -1 -1 289.57218550237553 179.17366804000082 342.1494365795396 219.0315577927628 -1 -1 -1 -1 -1 -1 -1 -1 1 
107 2 Car -1.000000 -1 -1 312.6529486367012 132.16755730068135 489.69658122751525 257.7315058679626 -1 -1 -1 -1 -1 -1 -1 -1 1 
108 2 Car -1.000000 -1 -1 296.6069945778705 129.76612909134906 482.60405309944144 260.6288350179048 -1 -1 -1 -1 -1 -1 -1 -1 1 
109 2 Car -1.000000 -1 -1 279.87895077507187 126.20662138100721 476.17454200846237 264.09799674422095 -1 -1 -1 -1 -1 -1 -1 -1 1 
110 2 Car -1.000000 -1 -1 260.43532653506475 121.60102481654286 468.32198773227714 266.3511460052692 -1 -1 -1 -1 -1 -1 -1 -1 1 
111 2 Car -1.000000 -1 -1 239.1518518000708 118.71948073193211 460.2506924320113 272.15819434967955 -1 -1 -1 -1 -1 -1 -1 -1 1 
112 2 Car -1.000000 -1 -1 214.09045036687036 117.2018971615064 451.9267556498855 278.41925529174716 -1 -1 -1 -1 -1 -1 -1 -1 1 
113 2 Car -1.000000 -1 -1 188.12187897479401 115.32306783373232 442.7414823948978 286.33037463570577 -1 -1 -1 -1 -1 -1 -1 -1 1 
114 2 Car -1.000000 -1 -1 157.78846379036696 114.43235481487726 431.83947520166197 295.2095862698651 -1 -1 -1 -1 -1 -1 -1 -1 1 
115 2 Car -1.000000 -1 -1 119.6663231620989 108.26369632978553 421.3869047401914 302.28044265983084 -1 -1 -1 -1 -1 -1 -1 -1 1 
116 2 Car -1.000000 -1 -1 82.34811158825445 103.30013867854566 408.26806015809245 308.48595309136783 -1 -1 -1 -1 -1 -1 -1 -1 1 
117 2 Car -1.000000 -1 -1 33.958098980417105 96.66113943807977 395.10164222982525 316.52787974115495 -1 -1 -1 -1 -1 -1 -1 -1 1 
118 2 Car -1.000000 -1 -1 -0.9705809559368959 88.97980190777876 382.043828361233 329.3309672962499 -1 -1 -1 -1 -1 -1 -1 -1 1 
119 2 Car -1.000000 -1 -1 -5.725862542207125 82.54661739944211 373.69908774316673 351.03087728325715 -1 -1 -1 -1 -1 -1 -1 -1 1 
120 2 Car -1.000000 -1 -1 -2.8926631044474505 77.13521616069826 353.21108532814037 356.5788612195148 -1 -1 -1 -1 -1 -1 -1 -1 1 
121 2 Car -1.000000 -1 -1 -2.4434101335432388 76.01468154912476 333.0916328845337 369.99084017388657 -1 -1 -1 -1 -1 -1 -1 -1 1 
122 2 Car -1.000000 -1 -1 -4.653650482871058 78.13937834229057 312.8812896480038 373.36298766946084 -1 -1 -1 -1 -1 -1 -1 -1 1 
123 2 Car -1.000000 -1 -1 -1.7417260403198327 76.48694145006701 286.22108329709476 363.09177144561966 -1 -1 -1 -1 -1 -1 -1 -1 1 
124 2 Car -1.000000 -1 -1 -2.9620701349820706 73.94602612907136 260.3567773654412 359.77538230365866 -1 -1 -1 -1 -1 -1 -1 -1 1 
125 2 Car -1.000000 -1 -1 -3.582540827023493 74.43569285088202 231.20278005860513 361.849437738749 -1 -1 -1 -1 -1 -1 -1 -1 1 
126 2 Car -1.000000 -1 -1 -4.494939682883242 74.41475413572618 195.0713475958362 361.0316472667578 -1 -1 -1 -1 -1 -1 -1 -1 1 
127 2 Car -1.000000 -1 -1 -14.028767831494136 95.84910038083586 164.0301492986132 370.16720289715727 -1 -1 -1 -1 -1 -1 -1 -1 1 
128 2 Car -1.000000 -1 -1 -11.910626988368605 158.51878155946054 113.26865483110446 372.5563968236826 -1 -1 -1 -1 -1 -1 -1 -1 1 
129 2 Car -1.000000 -1 -1 -26.666229957311863 165.98862649329126 96.47741523174861 376.5606428040802 -1 -1 -1 -1 -1 -1 -1 -1 1 
165 10 Car -1.000000 -1 -1 1194.067484093878 177.79827663295083 1245.2730886188956 279.0130567012718 -1 -1 -1 -1 -1 -1 -1 -1 1 
166 10 Car -1.000000 -1 -1 1208.8135788424827 182.27511199664622 1248.8034973205372 271.4726277481226 -1 -1 -1 -1 -1 -1 -1 -1 1 
170 10 Car -1.000000 -1 -1 1218.3160515750506 182.76813023196084 1256.059990201673 266.95601290898463 -1 -1 -1 -1 -1 -1 -1 -1 1 
