2 1 Car -1.000000 -1 -1 1057.3284104103104 157.13270006968793 1183.699240661563 208.97692858206963 -1 -1 -1 -1 -1 -1 -1 -1 1 
3 1 Car -1.000000 -1 -1 1056.698156058369 157.08990597340411 1180.4156315379637 208.69199383906385 -1 -1 -1 -1 -1 -1 -1 -1 1 
4 1 Car -1.000000 -1 -1 1060.188055280612 157.00942394284687 1185.735427065681 208.9987171532604 -1 -1 -1 -1 -1 -1 -1 -1 1 
5 1 Car -1.000000 -1 -1 1061.5746543127482 157.42283824561832 1188.6065707376117 209.44380925481127 -1 -1 -1 -1 -1 -1 -1 -1 1 
5 2 Car -1.000000 -1 -1 479.8024733667497 165.3050896715255 528.4258811464823 194.0217086197259 -1 -1 -1 -1 -1 -1 -1 -1 1 
6 1 Car -1.000000 -1 -1 1062.989763117642 157.9938880226466 1190.6935613207793 210.32293744189238 -1 -1 -1 -1 -1 -1 -1 -1 1 
6 2 Car -1.000000 -1 -1 480.6513950166265 165.5385658152522 528.6649677115947 193.98314135001476 -1 -1 -1 -1 -1 -1 -1 -1 1 
7 1 Car -1.000000 -1 -1 1068.364645183074 158.32617069705108 1199.3680553278816 211.23110560028698 -1 -1 -1 -1 -1 -1 -1 -1 1 
7 2 Car -1.000000 -1 -1 481.14925006465086 165.62870844741278 529.1161296240691 194.04562212043015 -1 -1 -1 -1 -1 -1 -1 -1 1 
8 1 Car -1.000000 -1 -1 1070.556607009372 159.15599321944316 1200.8607086560796 212.60812314784962 -1 -1 -1 -1 -1 -1 -1 -1 1 
9 1 Car -1.000000 -1 -1 1074.3599335353479 159.16377404234754 1202.6518289939638 212.71563221576662 -1 -1 -1 -1 -1 -1 -1 -1 1 
10 1 Car -1.000000 -1 -1 1080.4383168471222 158.94284489141876 1204.5756548569066 212.2892637360196 -1 -1 -1 -1 -1 -1 -1 -1 1 
11 1 Car -1.000000 -1 -1 1086.400729463243 158.04029380453915 1210.3220782314963 213.44134835658073 -1 -1 -1 -1 -1 -1 -1 -1 1 
11 3 Car -1.000000 -1 -1 484.4817981348546 167.12604380777566 528.5261421575934 196.23277579259232 -1 -1 -1 -1 -1 -1 -1 -1 1 
12 1 Car -1.000000 -1 -1 1094.625838716575 158.1163790887952 1215.7213601308881 213.1168014395748 -1 -1 -1 -1 -1 -1 -1 -1 1 
12 2 Car -1.000000 -1 -1 483.51478111791016 166.75077008893786 531.8215293619868 196.44519178717005 -1 -1 -1 -1 -1 -1 -1 -1 1 
12 3 Car -1.000000 -1 -1 485.7521418398777 167.37053919272157 529.0006332425314 195.95133118304324 -1 -1 -1 -1 -1 -1 -1 -1 1 
13 1 Car -1.000000 -1 -1 1103.9112077479936 158.65836373515387 1221.3116409649842 213.87063989412155 -1 -1 -1 -1 -1 -1 -1 -1 1 
13 2 Car -1.000000 -1 -1 483.89070200060536 166.92313717117372 532.4345339344068 196.7633014392386 -1 -1 -1 -1 -1 -1 -1 -1 1 
14 1 Car -1.000000 -1 -1 1113.1654827251523 158.88988148023526 1225.2878712706458 213.62098375909085 -1 -1 -1 -1 -1 -1 -1 -1 1 
15 1 Car -1.000000 -1 -1 1122.599913674157 157.76104623680473 1227.290634642071 213.68159134628777 -1 -1 -1 -1 -1 -1 -1 -1 1 
16 1 Car -1.000000 -1 -1 1137.0747238142362 157.55291394968296 1232.101964549015 212.72860207441929 -1 -1 -1 -1 -1 -1 -1 -1 1 
17 1 Car -1.000000 -1 -1 1147.2638269935762 157.06680058160111 1238.999512103523 212.37192089494522 -1 -1 -1 -1 -1 -1 -1 -1 1 
18 1 Car -1.000000 -1 -1 1152.5687238501423 156.96102862177054 1244.6220724458908 212.45798568490983 -1 -1 -1 -1 -1 -1 -1 -1 1 
20 4 Car -1.000000 -1 -1 506.05751103226606 164.7465384434111 552.0436294175986 196.68675562174172 -1 -1 -1 -1 -1 -1 -1 -1 1 
21 4 Car -1.000000 -1 -1 507.79616005024764 164.13563446361294 552.4682388606714 196.3058998741384 -1 -1 -1 -1 -1 -1 -1 -1 1 
22 4 Car -1.000000 -1 -1 512.4130113040188 163.1783648957178 557.028589289626 195.2859816905865 -1 -1 -1 -1 -1 -1 -1 -1 1 
22 5 Car -1.000000 -1 -1 1151.6144466930907 170.07558316511154 1197.2136753168331 215.986290097077 -1 -1 -1 -1 -1 -1 -1 -1 1 
23 4 Car -1.000000 -1 -1 515.7622744622165 162.99447966306454 560.9447843530095 195.59190938990145 -1 -1 -1 -1 -1 -1 -1 -1 1 
23 5 Car -1.000000 -1 -1 1161.672584363275 160.96142096207063 1222.2190289002046 218.4693252121715 -1 -1 -1 -1 -1 -1 -1 -1 1 
24 4 Car -1.000000 -1 -1 518.9021842137892 163.97862576001984 564.3934166550774 197.01044557622714 -1 -1 -1 -1 -1 -1 -1 -1 1 
24 5 Car -1.000000 -1 -1 1171.5546541257122 165.83041080381528 1225.9355092062003 218.06206329892 -1 -1 -1 -1 -1 -1 -1 -1 1 
25 4 Car -1.000000 -1 -1 523.2737327642717 163.208732507843 571.816283199767 198.5007583025124 -1 -1 -1 -1 -1 -1 -1 -1 1 
25 5 Car -1.000000 -1 -1 1184.972094497054 175.81296654219386 1227.4256407636547 217.345971048313 -1 -1 -1 -1 -1 -1 -1 -1 1 
26 4 Car -1.000000 -1 -1 526.2601053128639 163.23765580115776 576.4906840481891 198.31389444827 -1 -1 -1 -1 -1 -1 -1 -1 1 
26 5 Car -1.000000 -1 -1 1194.9634556742976 174.48780125693625 1239.5061945337347 218.06469255127274 -1 -1 -1 -1 -1 -1 -1 -1 1 
27 4 Car -1.000000 -1 -1 528.1032670966854 162.67134837034564 578.4705935221145 197.43546305421287 -1 -1 -1 -1 -1 -1 -1 -1 1 
28 4 Car -1.000000 -1 -1 528.9186313631765 162.50503742660808 581.7283751620804 198.4992160063987 -1 -1 -1 -1 -1 -1 -1 -1 1 
29 4 Car -1.000000 -1 -1 527.5282340009901 163.8268137454125 580.3498535328526 199.74473502580994 -1 -1 -1 -1 -1 -1 -1 -1 1 
30 4 Car -1.000000 -1 -1 524.3601398788713 165.7772192584772 577.7117817077138 202.6491472989551 -1 -1 -1 -1 -1 -1 -1 -1 1 
31 4 Car -1.000000 -1 -1 520.1913180169763 167.3968504773922 573.7826693854645 204.10412909300337 -1 -1 -1 -1 -1 -1 -1 -1 1 
32 4 Car -1.000000 -1 -1 513.6418226112561 167.76624462083558 567.714536077421 204.77535278707265 -1 -1 -1 -1 -1 -1 -1 -1 1 
33 4 Car -1.000000 -1 -1 502.4458486094241 166.33309819410945 555.9790258383152 204.58528765063636 -1 -1 -1 -1 -1 -1 -1 -1 1 
34 4 Car -1.000000 -1 -1 490.7653575473749 165.8808767559247 542.3962778297569 205.71850190021743 -1 -1 -1 -1 -1 -1 -1 -1 1 
35 4 Car -1.000000 -1 -1 482.1879571063347 165.33095145394398 536.5767730985922 206.61862350892153 -1 -1 -1 -1 -1 -1 -1 -1 1 
36 4 Car -1.000000 -1 -1 465.8019658581107 166.16203681126626 520.0536698480955 209.5288219466067 -1 -1 -1 -1 -1 -1 -1 -1 1 
37 4 Car -1.000000 -1 -1 450.3448681135359 166.76649776749682 503.61164987155183 210.62656503528754 -1 -1 -1 -1 -1 -1 -1 -1 1 
38 4 Car -1.000000 -1 -1 435.3444298595163 165.99426757422546 490.6824991359865 211.62995870417652 -1 -1 -1 -1 -1 -1 -1 -1 1 
39 4 Car -1.000000 -1 -1 415.19546609981563 164.59275839791343 470.64527790944123 210.73751812203682 -1 -1 -1 -1 -1 -1 -1 -1 1 
40 4 Car -1.000000 -1 -1 395.22062616000784 162.69602339344814 453.72760152383154 211.43138070856054 -1 -1 -1 -1 -1 -1 -1 -1 1 
40 7 Car -1.000000 -1 -1 1155.4003859644774 160.83430052893274 1220.4942728900016 225.48145629544695 -1 -1 -1 -1 -1 -1 -1 -1 1 
41 4 Car -1.000000 -1 -1 372.126240950733 163.36276179793816 435.03317120200745 216.59984709665633 -1 -1 -1 -1 -1 -1 -1 -1 1 
41 7 Car -1.000000 -1 -1 1140.4055590736239 160.6444615988584 1218.5682190729128 227.57267987523903 -1 -1 -1 -1 -1 -1 -1 -1 1 
42 4 Car -1.000000 -1 -1 347.57766892832666 165.59270249158473 413.1567163849128 221.7072104481885 -1 -1 -1 -1 -1 -1 -1 -1 1 
42 7 Car -1.000000 -1 -1 1123.775745377963 161.3739446700808 1214.092522015201 229.47729424897943 -1 -1 -1 -1 -1 -1 -1 -1 1 
43 4 Car -1.000000 -1 -1 317.3514395076798 167.78723465242405 386.3955439920649 226.06055942172492 -1 -1 -1 -1 -1 -1 -1 -1 1 
43 7 Car -1.000000 -1 -1 1097.3408057548122 161.29163291267923 1216.6570534740708 230.4843074839631 -1 -1 -1 -1 -1 -1 -1 -1 1 
44 4 Car -1.000000 -1 -1 284.1102596263714 167.50233988411918 358.88492441695126 230.11429760104357 -1 -1 -1 -1 -1 -1 -1 -1 1 
44 7 Car -1.000000 -1 -1 1072.2059836673213 163.5333105735118 1214.6579213343884 232.93308687992126 -1 -1 -1 -1 -1 -1 -1 -1 1 
45 4 Car -1.000000 -1 -1 244.35577383026174 169.00600697839647 326.18021228442535 235.94434075584743 -1 -1 -1 -1 -1 -1 -1 -1 1 
45 7 Car -1.000000 -1 -1 1043.5846889222362 165.8529808328496 1203.004542575215 235.09774524168165 -1 -1 -1 -1 -1 -1 -1 -1 1 
46 4 Car -1.000000 -1 -1 198.98421708667306 171.29738005419392 288.4435830149665 242.68966390954972 -1 -1 -1 -1 -1 -1 -1 -1 1 
46 7 Car -1.000000 -1 -1 1005.4362004227764 166.53520465863488 1171.1672913776474 234.91525833816888 -1 -1 -1 -1 -1 -1 -1 -1 1 
47 4 Car -1.000000 -1 -1 142.6649830126976 172.22859159887366 247.1432632162661 251.92425371312223 -1 -1 -1 -1 -1 -1 -1 -1 1 
47 7 Car -1.000000 -1 -1 969.6335513022827 167.8587613959779 1134.4086794016334 235.7290599644368 -1 -1 -1 -1 -1 -1 -1 -1 1 
48 4 Car -1.000000 -1 -1 77.70822212891855 174.11650324871465 199.04861413432675 260.4349849110087 -1 -1 -1 -1 -1 -1 -1 -1 1 
48 7 Car -1.000000 -1 -1 932.2115893296052 169.0748333442382 1091.4058773618276 235.19205363985188 -1 -1 -1 -1 -1 -1 -1 -1 1 
49 4 Car -1.000000 -1 -1 4.292005307008964 173.24221390676794 147.23202141787365 268.5724962042759 -1 -1 -1 -1 -1 -1 -1 -1 1 
49 7 Car -1.000000 -1 -1 893.7694976932293 167.6229070379295 1051.1371429135202 233.6513277240707 -1 -1 -1 -1 -1 -1 -1 -1 1 
50 4 Car -1.000000 -1 -1 -7.756133794127443 173.74999266869273 99.60908862502643 274.62506334531633 -1 -1 -1 -1 -1 -1 -1 -1 1 
50 7 Car -1.000000 -1 -1 853.164738419205 164.1996389994558 1009.3369731300716 231.23127915423964 -1 -1 -1 -1 -1 -1 -1 -1 1 
51 4 Car -1.000000 -1 -1 -34.73073705539035 174.19065430112207 76.28821597388344 278.49941701586806 -1 -1 -1 -1 -1 -1 -1 -1 1 
51 7 Car -1.000000 -1 -1 816.9180336014906 161.874976564818 968.3872361381282 229.10299428660767 -1 -1 -1 -1 -1 -1 -1 -1 1 
52 7 Car -1.000000 -1 -1 781.9649194470259 160.58892618773126 930.0316200776915 227.327760100581 -1 -1 -1 -1 -1 -1 -1 -1 1 
53 7 Car -1.000000 -1 -1 748.001252080447 159.71207026242473 890.0450782346992 225.7460540743268 -1 -1 -1 -1 -1 -1 -1 -1 1 
54 7 Car -1.000000 -1 -1 711.3044816213147 159.07921164744803 852.5385726415393 225.72868023051123 -1 -1 -1 -1 -1 -1 -1 -1 1 
55 7 Car -1.000000 -1 -1 672.4895718174874 159.81415230620973 814.691267358917 228.156403509594 -1 -1 -1 -1 -1 -1 -1 -1 1 
56 7 Car -1.000000 -1 -1 634.3134843792523 160.81763040871272 778.6333356416419 230.78969435587624 -1 -1 -1 -1 -1 -1 -1 -1 1 
57 7 Car -1.000000 -1 -1 595.1114483323204 162.14971984690487 739.8618826936613 233.1681830081683 -1 -1 -1 -1 -1 -1 -1 -1 1 
58 7 Car -1.000000 -1 -1 555.8097694466835 165.06185755515628 700.9266945430546 237.2222755680206 -1 -1 -1 -1 -1 -1 -1 -1 1 
59 7 Car -1.000000 -1 -1 512.4464305326688 166.41355986691974 660.8810509533308 239.75614420923446 -1 -1 -1 -1 -1 -1 -1 -1 1 
60 7 Car -1.000000 -1 -1 468.5859293265175 165.90552049459657 620.6003478406965 240.99277418296631 -1 -1 -1 -1 -1 -1 -1 -1 1 
61 7 Car -1.000000 -1 -1 419.65814289017214 163.9117027491905 578.6233855865444 243.20474308323378 -1 -1 -1 -1 -1 -1 -1 -1 1 
62 7 Car -1.000000 -1 -1 365.7789750136099 162.6356031679288 535.9624576941694 246.17336516028627 -1 -1 -1 -1 -1 -1 -1 -1 1 
62 27 Car -1.000000 -1 -1 1092.7902686259722 190.7734549266547 1186.9600809798949 279.63649338890593 -1 -1 -1 -1 -1 -1 -1 -1 1 
63 7 Car -1.000000 -1 -1 309.69047587142325 162.42199913780223 489.0010912368282 249.24320829619273 -1 -1 -1 -1 -1 -1 -1 -1 1 
63 27 Car -1.000000 -1 -1 1045.6995939324968 193.4119301508453 1148.4223436818238 278.50387526946423 -1 -1 -1 -1 -1 -1 -1 -1 1 
64 7 Car -1.000000 -1 -1 246.8505975604819 161.2469885275072 442.44062481519245 252.94411472754499 -1 -1 -1 -1 -1 -1 -1 -1 1 
64 27 Car -1.000000 -1 -1 1001.6513353270365 195.3851801732362 1115.3010341166646 282.9306109359951 -1 -1 -1 -1 -1 -1 -1 -1 1 
65 7 Car -1.000000 -1 -1 177.06954913358214 159.71233682094265 392.80096339223803 258.0223942335167 -1 -1 -1 -1 -1 -1 -1 -1 1 
65 27 Car -1.000000 -1 -1 967.396060274754 196.23397692200976 1099.9411208627039 286.98012818879357 -1 -1 -1 -1 -1 -1 -1 -1 1 
66 7 Car -1.000000 -1 -1 103.65734198415905 158.84443307157017 337.02304538934357 263.9733443039389 -1 -1 -1 -1 -1 -1 -1 -1 1 
66 27 Car -1.000000 -1 -1 929.05300951401 195.6879242201983 1069.860219699606 287.4782952131364 -1 -1 -1 -1 -1 -1 -1 -1 1 
67 7 Car -1.000000 -1 -1 22.735927231820227 158.08881283663993 282.7479992225161 273.52296791215895 -1 -1 -1 -1 -1 -1 -1 -1 1 
67 27 Car -1.000000 -1 -1 895.6514370835839 190.44508022678372 1037.4127018308131 285.17233236469394 -1 -1 -1 -1 -1 -1 -1 -1 1 
67 41 Car -1.000000 -1 -1 883.3045995531496 181.92222692310241 966.2434750397609 240.26115466123795 -1 -1 -1 -1 -1 -1 -1 -1 1 
68 7 Car -1.000000 -1 -1 -12.394779126064478 156.53643994271232 246.6397655007425 280.3830715684777 -1 -1 -1 -1 -1 -1 -1 -1 1 
68 27 Car -1.000000 -1 -1 876.6690296712375 188.03870428292376 1024.3731649853628 282.53147850818425 -1 -1 -1 -1 -1 -1 -1 -1 1 
68 41 Car -1.000000 -1 -1 854.676536561339 178.50394973016307 940.5522671423071 239.58762409050024 -1 -1 -1 -1 -1 -1 -1 -1 1 
69 7 Car -1.000000 -1 -1 -23.568859443333295 151.87283662686127 201.0563919019424 268.90969533406803 -1 -1 -1 -1 -1 -1 -1 -1 1 
69 27 Car -1.000000 -1 -1 853.529541652099 186.94077254381125 1011.9296856675772 287.30792201628316 -1 -1 -1 -1 -1 -1 -1 -1 1 
69 41 Car -1.000000 -1 -1 832.5042663782998 177.6697363969057 920.7709114395691 239.35414694320085 -1 -1 -1 -1 -1 -1 -1 -1 1 
70 7 Car -1.000000 -1 -1 -44.40365544720169 146.19256818836448 165.83461194890856 270.1294351720744 -1 -1 -1 -1 -1 -1 -1 -1 1 
70 27 Car -1.000000 -1 -1 840.2130191124872 186.77795390938672 1009.050226580778 291.45664842217343 -1 -1 -1 -1 -1 -1 -1 -1 1 
70 41 Car -1.000000 -1 -1 814.3000193298002 177.23534642781615 906.137981476525 242.8724064956914 -1 -1 -1 -1 -1 -1 -1 -1 1 
71 7 Car -1.000000 -1 -1 -89.51170509647362 144.95022417471895 126.35472960082375 272.2056413503192 -1 -1 -1 -1 -1 -1 -1 -1 1 
71 27 Car -1.000000 -1 -1 833.5717294619388 186.5715266509481 1016.0725686349955 298.7360602456615 -1 -1 -1 -1 -1 -1 -1 -1 1 
71 41 Car -1.000000 -1 -1 799.7592808376603 176.68390751066485 895.6268809874147 250.01258159534535 -1 -1 -1 -1 -1 -1 -1 -1 1 
71 56 Car -1.000000 -1 -1 753.3102315489446 173.07365728663646 802.7307173814356 216.67741355400182 -1 -1 -1 -1 -1 -1 -1 -1 1 
72 27 Car -1.000000 -1 -1 827.5407167103241 188.88140022684948 1025.0258882556616 306.23297903042516 -1 -1 -1 -1 -1 -1 -1 -1 1 
72 41 Car -1.000000 -1 -1 789.0635812301234 177.41494090753193 888.9851344350313 254.7075077554336 -1 -1 -1 -1 -1 -1 -1 -1 1 
72 56 Car -1.000000 -1 -1 738.9668173080634 173.82361944891082 790.0902554535678 218.11979426432777 -1 -1 -1 -1 -1 -1 -1 -1 1 
72 57 Car -1.000000 -1 -1 442.63841330565384 169.33410054567182 496.75683036059354 203.5115372177807 -1 -1 -1 -1 -1 -1 -1 -1 1 
73 27 Car -1.000000 -1 -1 821.177421404491 191.41549399641798 1036.6593811919647 319.6520914840297 -1 -1 -1 -1 -1 -1 -1 -1 1 
73 41 Car -1.000000 -1 -1 780.3051325288307 178.753307833508 884.6740585771452 259.00989870906244 -1 -1 -1 -1 -1 -1 -1 -1 1 
73 56 Car -1.000000 -1 -1 727.2188107932615 178.52356784101528 779.3369212974916 223.55051380841297 -1 -1 -1 -1 -1 -1 -1 -1 1 
73 57 Car -1.000000 -1 -1 417.09696758649824 172.06323971147407 475.2340756986971 206.6801786176777 -1 -1 -1 -1 -1 -1 -1 -1 1 
74 27 Car -1.000000 -1 -1 822.0900291282178 193.09043158552024 1061.111067707011 332.05119166019404 -1 -1 -1 -1 -1 -1 -1 -1 1 
74 41 Car -1.000000 -1 -1 774.2179560855238 180.29128874230778 885.9282741742031 266.1636374072688 -1 -1 -1 -1 -1 -1 -1 -1 1 
74 56 Car -1.000000 -1 -1 718.9110593440023 178.30005261802 770.8267679732412 223.26206122313508 -1 -1 -1 -1 -1 -1 -1 -1 1 
74 57 Car -1.000000 -1 -1 393.5667123392979 172.42949216023726 454.8779825492995 208.18945189170455 -1 -1 -1 -1 -1 -1 -1 -1 1 
75 27 Car -1.000000 -1 -1 825.3002484883898 193.88249226053733 1090.826455002401 345.51267936516683 -1 -1 -1 -1 -1 -1 -1 -1 1 
75 41 Car -1.000000 -1 -1 773.992651923649 180.26250437512402 890.6990274583646 269.4088127133106 -1 -1 -1 -1 -1 -1 -1 -1 1 
75 56 Car -1.000000 -1 -1 712.296316905975 177.7442608399146 764.004955414862 223.23218081360352 -1 -1 -1 -1 -1 -1 -1 -1 1 
75 57 Car -1.000000 -1 -1 371.42757876113416 171.36484478972983 437.0393245389305 208.9849896851002 -1 -1 -1 -1 -1 -1 -1 -1 1 
76 27 Car -1.000000 -1 -1 831.6819601041723 195.8634466632751 1136.3359251750162 361.04946603331234 -1 -1 -1 -1 -1 -1 -1 -1 1 
76 41 Car -1.000000 -1 -1 770.750675102034 180.53476860951315 893.746299856712 275.7926866896596 -1 -1 -1 -1 -1 -1 -1 -1 1 
76 56 Car -1.000000 -1 -1 705.9414905121397 178.10366644608527 758.4905520671294 224.37256711494223 -1 -1 -1 -1 -1 -1 -1 -1 1 
76 57 Car -1.000000 -1 -1 346.805464530764 171.04459700131062 417.9408291405274 212.92265944639044 -1 -1 -1 -1 -1 -1 -1 -1 1 
76 66 Car -1.000000 -1 -1 680.8736241559013 177.2664348418995 710.8697987723694 206.00848354166482 -1 -1 -1 -1 -1 -1 -1 -1 1 
76 67 Car -1.000000 -1 -1 540.4290889115529 176.25646109448044 566.2440423836404 193.79103529860942 -1 -1 -1 -1 -1 -1 -1 -1 1 
77 27 Car -1.000000 -1 -1 840.3059713958684 198.09828120718555 1183.4248579442824 367.83319339385787 -1 -1 -1 -1 -1 -1 -1 -1 1 
77 41 Car -1.000000 -1 -1 768.6920181617343 180.78761184891886 902.3536689819359 281.09761503234165 -1 -1 -1 -1 -1 -1 -1 -1 1 
77 56 Car -1.000000 -1 -1 700.4764638402032 178.37310604058823 754.2775528269594 226.04067887378054 -1 -1 -1 -1 -1 -1 -1 -1 1 
77 57 Car -1.000000 -1 -1 322.5528907072081 171.71362123268278 398.1549643374177 216.73486671117152 -1 -1 -1 -1 -1 -1 -1 -1 1 
77 66 Car -1.000000 -1 -1 669.7679987492991 177.19934235316916 697.4576301975864 204.74535605586573 -1 -1 -1 -1 -1 -1 -1 -1 1 
77 67 Car -1.000000 -1 -1 528.3282372399557 176.623902386274 555.2446216500148 194.4895685693278 -1 -1 -1 -1 -1 -1 -1 -1 1 
78 27 Car -1.000000 -1 -1 851.7866456636389 201.62238440452472 1211.601663498544 367.28461524614806 -1 -1 -1 -1 -1 -1 -1 -1 1 
78 41 Car -1.000000 -1 -1 771.716771142343 182.24848133238524 914.8578555853526 287.3183133798774 -1 -1 -1 -1 -1 -1 -1 -1 1 
78 56 Car -1.000000 -1 -1 697.4303152487743 178.60790560478463 752.1353952658653 227.36556531520867 -1 -1 -1 -1 -1 -1 -1 -1 1 
78 57 Car -1.000000 -1 -1 296.74587576067756 173.05498801170245 377.564348208485 220.8431865887742 -1 -1 -1 -1 -1 -1 -1 -1 1 
78 66 Car -1.000000 -1 -1 664.9516346784274 177.58124925604392 693.8143219410373 206.60491608866147 -1 -1 -1 -1 -1 -1 -1 -1 1 
78 67 Car -1.000000 -1 -1 516.7643947092172 177.33864796178858 545.3765359910708 196.30305587812984 -1 -1 -1 -1 -1 -1 -1 -1 1 
78 68 Car -1.000000 -1 -1 689.6815008699051 176.57266626241028 729.1211471317209 212.8096749012238 -1 -1 -1 -1 -1 -1 -1 -1 1 
79 27 Car -1.000000 -1 -1 864.1402357570471 204.2016146558342 1220.8246473474376 366.0212238375441 -1 -1 -1 -1 -1 -1 -1 -1 1 
79 41 Car -1.000000 -1 -1 777.7451161008273 182.58225610894726 942.2618085753295 293.99942871388555 -1 -1 -1 -1 -1 -1 -1 -1 1 
79 56 Car -1.000000 -1 -1 691.2318433216378 177.33284244479754 749.5646594943648 228.01350900272382 -1 -1 -1 -1 -1 -1 -1 -1 1 
79 57 Car -1.000000 -1 -1 270.68241357805283 172.74005779831157 358.1871877735962 223.57141124326412 -1 -1 -1 -1 -1 -1 -1 -1 1 
79 66 Car -1.000000 -1 -1 661.996037085126 176.43221790829415 692.7662315458068 207.15187496554793 -1 -1 -1 -1 -1 -1 -1 -1 1 
79 67 Car -1.000000 -1 -1 508.52662721664876 177.18855993189487 537.6635555321526 195.39403570818294 -1 -1 -1 -1 -1 -1 -1 -1 1 
79 68 Car -1.000000 -1 -1 687.4319860606404 176.36361026165187 728.9466166933795 214.50710651494472 -1 -1 -1 -1 -1 -1 -1 -1 1 
80 27 Car -1.000000 -1 -1 883.5460806175555 206.7456705939861 1224.8440391643585 367.09807377888865 -1 -1 -1 -1 -1 -1 -1 -1 1 
80 41 Car -1.000000 -1 -1 782.3383196145716 181.83156709290648 972.966733259718 299.27304609133273 -1 -1 -1 -1 -1 -1 -1 -1 1 
80 56 Car -1.000000 -1 -1 689.8430495697055 177.2496606522059 750.483071584645 228.51023408842826 -1 -1 -1 -1 -1 -1 -1 -1 1 
80 57 Car -1.000000 -1 -1 244.30950381883895 172.1127203988018 339.19115128803026 224.9924945981841 -1 -1 -1 -1 -1 -1 -1 -1 1 
80 66 Car -1.000000 -1 -1 656.3131920951637 176.2780520999326 687.8715543997079 207.78458458413832 -1 -1 -1 -1 -1 -1 -1 -1 1 
80 67 Car -1.000000 -1 -1 499.8611224476096 175.9239183606678 530.8449550673513 194.87807551601585 -1 -1 -1 -1 -1 -1 -1 -1 1 
81 27 Car -1.000000 -1 -1 913.6038108155715 213.2590273268907 1226.109021457044 366.94882422900844 -1 -1 -1 -1 -1 -1 -1 -1 1 
81 41 Car -1.000000 -1 -1 786.5217153632533 180.1128411002004 1007.9324404128992 306.82549639977174 -1 -1 -1 -1 -1 -1 -1 -1 1 
81 56 Car -1.000000 -1 -1 692.3399885177746 177.75343346798212 752.2326693984973 228.17589708266303 -1 -1 -1 -1 -1 -1 -1 -1 1 
81 57 Car -1.000000 -1 -1 214.0472938211319 170.89522134625818 317.71786123190896 227.97978385238727 -1 -1 -1 -1 -1 -1 -1 -1 1 
81 67 Car -1.000000 -1 -1 491.04612614502406 174.48054642488117 523.1488067280603 193.58780038348507 -1 -1 -1 -1 -1 -1 -1 -1 1 
82 27 Car -1.000000 -1 -1 955.9804480328687 224.2231720042148 1227.671978481915 367.2913678613577 -1 -1 -1 -1 -1 -1 -1 -1 1 
82 41 Car -1.000000 -1 -1 794.9052755935782 181.72446913134036 1046.805668882664 318.28689265809555 -1 -1 -1 -1 -1 -1 -1 -1 1 
82 56 Car -1.000000 -1 -1 692.6682546879446 177.52337407625276 754.4720204482089 229.62037720622533 -1 -1 -1 -1 -1 -1 -1 -1 1 
82 57 Car -1.000000 -1 -1 179.34013941287895 170.21585656188856 295.2412881900135 231.95045461036867 -1 -1 -1 -1 -1 -1 -1 -1 1 
82 67 Car -1.000000 -1 -1 479.50084260194035 174.24787377158333 512.7881744731136 194.1978365305648 -1 -1 -1 -1 -1 -1 -1 -1 1 
82 68 Car -1.000000 -1 -1 683.5178095590476 175.75526853323808 727.776938590487 216.359671431619 -1 -1 -1 -1 -1 -1 -1 -1 1 
83 27 Car -1.000000 -1 -1 957.2040874661362 226.86136223655774 1230.496662691023 370.77221165147773 -1 -1 -1 -1 -1 -1 -1 -1 1 
83 41 Car -1.000000 -1 -1 806.1268969933194 182.0910660440236 1090.5876462525284 333.895009284765 -1 -1 -1 -1 -1 -1 -1 -1 1 
83 56 Car -1.000000 -1 -1 691.9787484027834 177.4508470696271 755.8363900642105 230.05522794192558 -1 -1 -1 -1 -1 -1 -1 -1 1 
83 57 Car -1.000000 -1 -1 143.0179193131309 170.15936210898798 269.1371896459778 235.06465829118514 -1 -1 -1 -1 -1 -1 -1 -1 1 
83 67 Car -1.000000 -1 -1 472.8293002400598 175.18782687971077 505.597812619704 194.74945324918934 -1 -1 -1 -1 -1 -1 -1 -1 1 
83 68 Car -1.000000 -1 -1 682.0981762585325 175.7577396094462 728.1085031062403 218.73450534267008 -1 -1 -1 -1 -1 -1 -1 -1 1 
83 70 Car -1.000000 -1 -1 650.8821171005866 174.78484711672056 676.0969232732944 206.37936747353314 -1 -1 -1 -1 -1 -1 -1 -1 1 
83 71 Car -1.000000 -1 -1 670.660652020232 176.45531101566195 693.838059966538 211.5072423448326 -1 -1 -1 -1 -1 -1 -1 -1 1 
84 41 Car -1.000000 -1 -1 819.5415931654138 180.5604146415596 1153.1000931176 352.26463176707136 -1 -1 -1 -1 -1 -1 -1 -1 1 
84 56 Car -1.000000 -1 -1 695.252191452571 176.63821191354327 761.656810795659 232.22089534586485 -1 -1 -1 -1 -1 -1 -1 -1 1 
84 57 Car -1.000000 -1 -1 100.39237772005345 170.5801322592942 242.08648694036816 241.77911524075955 -1 -1 -1 -1 -1 -1 -1 -1 1 
84 67 Car -1.000000 -1 -1 461.7632468054483 175.1218645166372 497.58892003731626 196.03555642556358 -1 -1 -1 -1 -1 -1 -1 -1 1 
84 68 Car -1.000000 -1 -1 681.6628964372062 175.24772042813044 728.2426290256026 220.0384766957244 -1 -1 -1 -1 -1 -1 -1 -1 1 
84 70 Car -1.000000 -1 -1 649.4788653390337 175.08162465043196 674.5142424603783 206.08885177931052 -1 -1 -1 -1 -1 -1 -1 -1 1 
84 71 Car -1.000000 -1 -1 671.0785464818736 176.11313394146126 694.7255626508687 211.13044420796965 -1 -1 -1 -1 -1 -1 -1 -1 1 
85 41 Car -1.000000 -1 -1 835.9120178346241 178.76686823699424 1218.6987552713797 366.81718075718106 -1 -1 -1 -1 -1 -1 -1 -1 1 
85 56 Car -1.000000 -1 -1 699.8994613009581 175.6546558658645 767.024610384915 232.43973254098228 -1 -1 -1 -1 -1 -1 -1 -1 1 
85 57 Car -1.000000 -1 -1 50.462550853736175 170.4228718408805 213.02620166835868 247.69984339468596 -1 -1 -1 -1 -1 -1 -1 -1 1 
85 67 Car -1.000000 -1 -1 455.2967389100741 175.0548758553679 492.1715444293025 196.094056907807 -1 -1 -1 -1 -1 -1 -1 -1 1 
85 68 Car -1.000000 -1 -1 682.6307944887219 173.8253672128421 729.5784997380956 221.1121519266652 -1 -1 -1 -1 -1 -1 -1 -1 1 
85 70 Car -1.000000 -1 -1 649.0505880147269 173.80689754502748 675.1938529230799 205.88672013927896 -1 -1 -1 -1 -1 -1 -1 -1 1 
85 71 Car -1.000000 -1 -1 669.9636109918536 174.18943670887197 695.3766670419932 210.77204229343693 -1 -1 -1 -1 -1 -1 -1 -1 1 
86 41 Car -1.000000 -1 -1 855.1633675968477 181.462035539155 1223.3198013125 366.29724217706956 -1 -1 -1 -1 -1 -1 -1 -1 1 
86 56 Car -1.000000 -1 -1 703.9017949013178 175.85712538008352 774.2849088063659 236.21246299349752 -1 -1 -1 -1 -1 -1 -1 -1 1 
86 57 Car -1.000000 -1 -1 0.5927505883949351 170.72187894184904 183.4871435081456 256.04882281803054 -1 -1 -1 -1 -1 -1 -1 -1 1 
86 67 Car -1.000000 -1 -1 447.25597521328524 175.3139088095486 485.2558974572995 196.45050624883658 -1 -1 -1 -1 -1 -1 -1 -1 1 
86 68 Car -1.000000 -1 -1 684.9745464312368 173.58446485493465 732.5738731035747 222.93356459243367 -1 -1 -1 -1 -1 -1 -1 -1 1 
86 70 Car -1.000000 -1 -1 649.6628896680353 174.184365529436 675.1496293475086 205.8306884287592 -1 -1 -1 -1 -1 -1 -1 -1 1 
86 71 Car -1.000000 -1 -1 669.1531041214583 174.17307484520654 695.1796516683139 211.0253612194458 -1 -1 -1 -1 -1 -1 -1 -1 1 
87 41 Car -1.000000 -1 -1 881.9136713726547 186.29640864297792 1224.5252644551026 366.64824681905986 -1 -1 -1 -1 -1 -1 -1 -1 1 
87 56 Car -1.000000 -1 -1 706.3338290657086 175.65613263259567 782.8978768049335 240.13365391722638 -1 -1 -1 -1 -1 -1 -1 -1 1 
87 57 Car -1.000000 -1 -1 -20.787661024744764 172.4972246913652 163.03900569985467 263.28038369674493 -1 -1 -1 -1 -1 -1 -1 -1 1 
87 67 Car -1.000000 -1 -1 437.7379313472794 176.15378104560077 479.8647844549773 200.19252530372856 -1 -1 -1 -1 -1 -1 -1 -1 1 
87 68 Car -1.000000 -1 -1 687.0236597633185 173.68408753532617 736.5187805234691 225.0708116568014 -1 -1 -1 -1 -1 -1 -1 -1 1 
87 70 Car -1.000000 -1 -1 650.4018374413318 174.26448795224533 676.7017313966386 206.40744239291232 -1 -1 -1 -1 -1 -1 -1 -1 1 
87 71 Car -1.000000 -1 -1 671.8093017093784 175.4544590702494 698.1106751880753 213.64789998424564 -1 -1 -1 -1 -1 -1 -1 -1 1 
88 41 Car -1.000000 -1 -1 917.0944357229936 189.6776241843371 1225.9679881801512 365.42329390233806 -1 -1 -1 -1 -1 -1 -1 -1 1 
88 56 Car -1.000000 -1 -1 713.0927988373164 176.21327385179217 793.414038857935 246.1989880083453 -1 -1 -1 -1 -1 -1 -1 -1 1 
88 57 Car -1.000000 -1 -1 -26.82338892351413 174.95712612477834 125.26621478278531 261.1165696250626 -1 -1 -1 -1 -1 -1 -1 -1 1 
88 67 Car -1.000000 -1 -1 429.6266635729133 176.80895217307935 473.3045788619261 202.68129818354976 -1 -1 -1 -1 -1 -1 -1 -1 1 
88 68 Car -1.000000 -1 -1 691.7771292072373 174.23613463607458 742.6143139043937 226.6101667253634 -1 -1 -1 -1 -1 -1 -1 -1 1 
88 70 Car -1.000000 -1 -1 653.5613830373637 174.6962644240003 677.870410232877 201.60122294256794 -1 -1 -1 -1 -1 -1 -1 -1 1 
88 71 Car -1.000000 -1 -1 674.1818269420701 177.69946713332263 700.0639381175465 215.63980993252468 -1 -1 -1 -1 -1 -1 -1 -1 1 
89 41 Car -1.000000 -1 -1 961.9589844882795 198.34577383640706 1226.3492404208432 366.4887283313826 -1 -1 -1 -1 -1 -1 -1 -1 1 
89 56 Car -1.000000 -1 -1 717.8777763859807 176.73985463870264 803.2949774889762 253.673606674148 -1 -1 -1 -1 -1 -1 -1 -1 1 
89 57 Car -1.000000 -1 -1 -54.64603940995697 175.5416001454185 102.69186323616584 264.67426650352013 -1 -1 -1 -1 -1 -1 -1 -1 1 
89 67 Car -1.000000 -1 -1 420.70454609191705 177.1337481252331 467.03497512153143 204.80338982091646 -1 -1 -1 -1 -1 -1 -1 -1 1 
89 68 Car -1.000000 -1 -1 696.1440079635129 174.15148817628676 749.6494298194289 232.00715702138535 -1 -1 -1 -1 -1 -1 -1 -1 1 
89 70 Car -1.000000 -1 -1 650.115341861453 172.50356809629793 681.382576770746 207.4409422598763 -1 -1 -1 -1 -1 -1 -1 -1 1 
89 71 Car -1.000000 -1 -1 676.3344379903194 176.91450917022084 704.5890698782263 217.65375338713207 -1 -1 -1 -1 -1 -1 -1 -1 1 
90 41 Car -1.000000 -1 -1 1025.9964260005415 239.42074578909416 1224.1312479577725 367.8322505358047 -1 -1 -1 -1 -1 -1 -1 -1 1 
90 56 Car -1.000000 -1 -1 725.3705903196466 176.4428359263978 816.5701613664942 259.46153066735934 -1 -1 -1 -1 -1 -1 -1 -1 1 
90 67 Car -1.000000 -1 -1 412.8054563107515 178.17986854263003 458.5860709522824 204.29012790894473 -1 -1 -1 -1 -1 -1 -1 -1 1 
90 68 Car -1.000000 -1 -1 700.3513563513396 174.86706752025992 755.1139321484706 235.14768074706294 -1 -1 -1 -1 -1 -1 -1 -1 1 
90 70 Car -1.000000 -1 -1 649.9756666211882 171.91886416198525 679.1761353339257 205.04655974101314 -1 -1 -1 -1 -1 -1 -1 -1 1 
90 71 Car -1.000000 -1 -1 675.6807731410307 177.08673251016128 706.3762109062616 219.34649200211183 -1 -1 -1 -1 -1 -1 -1 -1 1 
91 41 Car -1.000000 -1 -1 1038.7346191843017 244.96379755224896 1235.5398085122608 372.5135788181068 -1 -1 -1 -1 -1 -1 -1 -1 1 
91 56 Car -1.000000 -1 -1 732.7113225803241 176.87256967824788 829.6833780784934 259.66386432647755 -1 -1 -1 -1 -1 -1 -1 -1 1 
91 67 Car -1.000000 -1 -1 403.1605266010776 178.5830158642421 450.958392755256 205.03600213500783 -1 -1 -1 -1 -1 -1 -1 -1 1 
91 68 Car -1.000000 -1 -1 703.2185584391033 174.74815386823232 761.4860125658856 238.38333391852575 -1 -1 -1 -1 -1 -1 -1 -1 1 
91 70 Car -1.000000 -1 -1 650.8649936666101 171.59601439528865 681.8016269124254 206.55068684535783 -1 -1 -1 -1 -1 -1 -1 -1 1 
91 71 Car -1.000000 -1 -1 667.8562854851555 176.5505446691327 696.0469244672171 215.63909355799169 -1 -1 -1 -1 -1 -1 -1 -1 1 
92 56 Car -1.000000 -1 -1 739.559166069624 177.15867609719496 846.3318104801343 261.3842288041348 -1 -1 -1 -1 -1 -1 -1 -1 1 
92 67 Car -1.000000 -1 -1 389.6005872010912 178.92311498137977 443.60784252544863 208.74424464880218 -1 -1 -1 -1 -1 -1 -1 -1 1 
92 68 Car -1.000000 -1 -1 704.6254575348079 175.2519434719037 768.3344068193542 241.1216630070033 -1 -1 -1 -1 -1 -1 -1 -1 1 
92 70 Car -1.000000 -1 -1 651.6591491892647 172.6799512890934 680.3506932393304 204.44623813038882 -1 -1 -1 -1 -1 -1 -1 -1 1 
92 71 Car -1.000000 -1 -1 668.2668307664451 175.9487797270076 698.6101541567609 216.79703798520586 -1 -1 -1 -1 -1 -1 -1 -1 1 
92 74 Car -1.000000 -1 -1 689.3082920499398 178.04425163562098 721.4300244415399 226.0835544316373 -1 -1 -1 -1 -1 -1 -1 -1 1 
93 56 Car -1.000000 -1 -1 746.0253966338332 176.6775344022626 866.3401247599212 269.08688780044884 -1 -1 -1 -1 -1 -1 -1 -1 1 
93 67 Car -1.000000 -1 -1 375.48196099691444 179.52934540080562 433.1454672065488 211.23763007218315 -1 -1 -1 -1 -1 -1 -1 -1 1 
93 68 Car -1.000000 -1 -1 708.0614107248166 174.9731248677249 776.9036757401594 243.89419361758914 -1 -1 -1 -1 -1 -1 -1 -1 1 
93 70 Car -1.000000 -1 -1 652.8824237051778 172.81662440722775 682.8431963910496 204.3088663789946 -1 -1 -1 -1 -1 -1 -1 -1 1 
93 71 Car -1.000000 -1 -1 670.8167926910346 177.1052426356194 702.3212314354457 218.93714086729352 -1 -1 -1 -1 -1 -1 -1 -1 1 
93 74 Car -1.000000 -1 -1 690.2621219936772 177.77098754731873 724.7011806051324 227.6288790312135 -1 -1 -1 -1 -1 -1 -1 -1 1 
94 56 Car -1.000000 -1 -1 755.0623474662598 175.9401340056018 891.9119058763363 280.3606605563236 -1 -1 -1 -1 -1 -1 -1 -1 1 
94 67 Car -1.000000 -1 -1 363.7964202158288 179.77445526503743 423.9572837526878 211.87511618769963 -1 -1 -1 -1 -1 -1 -1 -1 1 
94 68 Car -1.000000 -1 -1 712.1173264056604 173.81516340486976 788.1953121908127 248.71511149867894 -1 -1 -1 -1 -1 -1 -1 -1 1 
94 70 Car -1.000000 -1 -1 652.4857780715935 172.12979253825796 684.373994753338 205.4586283729447 -1 -1 -1 -1 -1 -1 -1 -1 1 
94 71 Car -1.000000 -1 -1 671.6506010746543 176.6120806121919 705.4631514924665 220.58643077470757 -1 -1 -1 -1 -1 -1 -1 -1 1 
94 74 Car -1.000000 -1 -1 694.2018883832534 178.65120935203973 729.6621817975646 228.9213332944968 -1 -1 -1 -1 -1 -1 -1 -1 1 
95 56 Car -1.000000 -1 -1 766.8503688009334 175.69156233404132 917.6351218338957 290.12933056940665 -1 -1 -1 -1 -1 -1 -1 -1 1 
95 67 Car -1.000000 -1 -1 349.9066868680814 179.34191338940343 413.3537157799904 213.02085887477782 -1 -1 -1 -1 -1 -1 -1 -1 1 
95 68 Car -1.000000 -1 -1 718.0933973112892 173.8157614946602 799.776085066632 253.05591426599167 -1 -1 -1 -1 -1 -1 -1 -1 1 
95 70 Car -1.000000 -1 -1 653.3600560947586 172.4508711803148 685.7338001434038 204.49938179842337 -1 -1 -1 -1 -1 -1 -1 -1 1 
95 71 Car -1.000000 -1 -1 673.5048606490097 177.6639634744053 707.8733416632865 220.1943298167143 -1 -1 -1 -1 -1 -1 -1 -1 1 
95 74 Car -1.000000 -1 -1 697.1733255555915 179.18429448249162 737.3748115008897 232.72472590021368 -1 -1 -1 -1 -1 -1 -1 -1 1 
96 56 Car -1.000000 -1 -1 779.7318950790062 177.17683074250596 953.8287391823519 305.81625837156065 -1 -1 -1 -1 -1 -1 -1 -1 1 
96 67 Car -1.000000 -1 -1 331.88390450115895 180.15580578390427 401.28010997894637 216.6913237484135 -1 -1 -1 -1 -1 -1 -1 -1 1 
96 68 Car -1.000000 -1 -1 724.796496538324 174.57965800756867 814.7890594055054 260.48076418889417 -1 -1 -1 -1 -1 -1 -1 -1 1 
96 70 Car -1.000000 -1 -1 653.5131216837954 174.43398194097668 685.8319121102367 205.79650334593097 -1 -1 -1 -1 -1 -1 -1 -1 1 
96 71 Car -1.000000 -1 -1 676.3625195076808 176.66533537775592 715.1325301299152 223.46625482057217 -1 -1 -1 -1 -1 -1 -1 -1 1 
96 74 Car -1.000000 -1 -1 702.8589291193836 179.2313880380823 747.3397096078504 236.2059081719287 -1 -1 -1 -1 -1 -1 -1 -1 1 
97 56 Car -1.000000 -1 -1 795.4795616834872 178.36528644065277 999.9303176972876 326.63754690280086 -1 -1 -1 -1 -1 -1 -1 -1 1 
97 67 Car -1.000000 -1 -1 313.87673975629184 181.20317859014406 387.31522301842 218.06034379793758 -1 -1 -1 -1 -1 -1 -1 -1 1 
97 68 Car -1.000000 -1 -1 732.1222269668169 175.8754805039622 831.5490055308394 267.4315693714176 -1 -1 -1 -1 -1 -1 -1 -1 1 
97 70 Car -1.000000 -1 -1 654.1656230696476 176.42193468218676 685.8725894324496 206.19980687129672 -1 -1 -1 -1 -1 -1 -1 -1 1 
97 71 Car -1.000000 -1 -1 680.6134572003374 178.9038932409686 720.9193248515586 226.12767730003497 -1 -1 -1 -1 -1 -1 -1 -1 1 
97 74 Car -1.000000 -1 -1 706.064990651661 179.01963264356635 754.2648505330662 239.5900641482783 -1 -1 -1 -1 -1 -1 -1 -1 1 
98 56 Car -1.000000 -1 -1 816.2865391886141 179.24458969912388 1058.4222020251364 351.17911225408636 -1 -1 -1 -1 -1 -1 -1 -1 1 
98 67 Car -1.000000 -1 -1 291.5389861500973 181.53180060400388 373.8024534064049 221.10295454543026 -1 -1 -1 -1 -1 -1 -1 -1 1 
98 68 Car -1.000000 -1 -1 739.9936917067384 176.15935086143017 849.7934008632658 277.35181605759306 -1 -1 -1 -1 -1 -1 -1 -1 1 
98 70 Car -1.000000 -1 -1 653.9943485362127 176.42506429073305 689.6070353304349 210.6174125659279 -1 -1 -1 -1 -1 -1 -1 -1 1 
98 71 Car -1.000000 -1 -1 679.9600109371855 178.17498285583775 723.2758196495262 227.50900347191737 -1 -1 -1 -1 -1 -1 -1 -1 1 
98 74 Car -1.000000 -1 -1 705.6075692945582 179.5758848079496 762.6122841239688 243.99435715482673 -1 -1 -1 -1 -1 -1 -1 -1 1 
99 56 Car -1.000000 -1 -1 847.1568183601079 180.1608097046643 1148.2471241133148 366.2935632153118 -1 -1 -1 -1 -1 -1 -1 -1 1 
99 67 Car -1.000000 -1 -1 266.9487206204848 180.6859760513412 357.5854044354887 224.82263193604916 -1 -1 -1 -1 -1 -1 -1 -1 1 
99 68 Car -1.000000 -1 -1 750.4626441470709 176.344628376142 874.7291823011728 285.56509809828833 -1 -1 -1 -1 -1 -1 -1 -1 1 
99 70 Car -1.000000 -1 -1 655.4618205429738 176.1754476877113 690.8480913233665 209.57838234141462 -1 -1 -1 -1 -1 -1 -1 -1 1 
99 71 Car -1.000000 -1 -1 682.944492249552 178.16349802120448 726.3450904637087 225.36798634097516 -1 -1 -1 -1 -1 -1 -1 -1 1 
99 74 Car -1.000000 -1 -1 707.8376743454444 180.1146407084215 770.9721990560384 247.8447464389505 -1 -1 -1 -1 -1 -1 -1 -1 1 
100 56 Car -1.000000 -1 -1 876.8733680215232 181.87064318203198 1210.0922591118638 367.35116116839026 -1 -1 -1 -1 -1 -1 -1 -1 1 
100 67 Car -1.000000 -1 -1 241.06084189323087 180.80730515986411 339.76218685142817 227.47646975051117 -1 -1 -1 -1 -1 -1 -1 -1 1 
100 68 Car -1.000000 -1 -1 764.490831919012 176.25351381317523 920.1165845339068 293.869083933751 -1 -1 -1 -1 -1 -1 -1 -1 1 
100 70 Car -1.000000 -1 -1 656.1463675645398 175.4261901417564 694.7405735451631 212.1516326439296 -1 -1 -1 -1 -1 -1 -1 -1 1 
100 71 Car -1.000000 -1 -1 687.1342854171124 177.49881034692268 736.604635348681 230.22907429697347 -1 -1 -1 -1 -1 -1 -1 -1 1 
100 74 Car -1.000000 -1 -1 712.808132524734 179.1487794961239 784.2229417062081 250.62227106884274 -1 -1 -1 -1 -1 -1 -1 -1 1 
101 56 Car -1.000000 -1 -1 910.1791552399197 183.80997171495855 1224.586335313442 366.0593988089149 -1 -1 -1 -1 -1 -1 -1 -1 1 
101 67 Car -1.000000 -1 -1 209.6618300281634 180.1222476417339 318.88960891599686 230.87743764970253 -1 -1 -1 -1 -1 -1 -1 -1 1 
101 68 Car -1.000000 -1 -1 773.3855119757325 174.60973030106334 963.1495355200072 308.0213670696987 -1 -1 -1 -1 -1 -1 -1 -1 1 
101 70 Car -1.000000 -1 -1 658.1130986956227 174.36335831309384 697.7465082439343 211.3640451243441 -1 -1 -1 -1 -1 -1 -1 -1 1 
101 71 Car -1.000000 -1 -1 691.4590863253368 176.0502873164333 743.8176074788987 231.8159947163192 -1 -1 -1 -1 -1 -1 -1 -1 1 
101 74 Car -1.000000 -1 -1 718.8163755783172 178.77682400788257 796.3340735961052 254.75863220080078 -1 -1 -1 -1 -1 -1 -1 -1 1 
102 56 Car -1.000000 -1 -1 964.907807242997 192.29195645123013 1227.752610960329 366.33501962311607 -1 -1 -1 -1 -1 -1 -1 -1 1 
102 67 Car -1.000000 -1 -1 173.0530021639408 180.236796983205 295.9004735014603 234.87159931781358 -1 -1 -1 -1 -1 -1 -1 -1 1 
102 68 Car -1.000000 -1 -1 790.0784247591022 174.56379435875675 1016.8844114000455 322.28988670841784 -1 -1 -1 -1 -1 -1 -1 -1 1 
102 70 Car -1.000000 -1 -1 662.0446769863611 175.15844730544114 701.1948086427271 211.62521016305715 -1 -1 -1 -1 -1 -1 -1 -1 1 
102 71 Car -1.000000 -1 -1 693.2747375151279 175.39849171926772 752.7218237247812 235.29583498584927 -1 -1 -1 -1 -1 -1 -1 -1 1 
102 74 Car -1.000000 -1 -1 723.9597215104609 178.56982118295642 813.7232439421514 261.66321066495675 -1 -1 -1 -1 -1 -1 -1 -1 1 
103 56 Car -1.000000 -1 -1 1049.9870786422816 229.76529951333222 1228.8011869330462 367.6276833411837 -1 -1 -1 -1 -1 -1 -1 -1 1 
103 67 Car -1.000000 -1 -1 130.66493600403868 180.70331107867128 269.62310455260246 241.51821360727214 -1 -1 -1 -1 -1 -1 -1 -1 1 
103 68 Car -1.000000 -1 -1 808.3620380146225 174.41403540903514 1092.1947405748033 345.88821271837696 -1 -1 -1 -1 -1 -1 -1 -1 1 
103 70 Car -1.000000 -1 -1 661.6028443595677 175.82688650387175 702.3790060779951 213.49826597859754 -1 -1 -1 -1 -1 -1 -1 -1 1 
103 71 Car -1.000000 -1 -1 695.3264630044634 175.5010173253234 759.8071976719826 238.1958945377632 -1 -1 -1 -1 -1 -1 -1 -1 1 
103 74 Car -1.000000 -1 -1 735.3971775034271 178.79407492113495 836.4093485044173 262.5087772361508 -1 -1 -1 -1 -1 -1 -1 -1 1 
104 56 Car -1.000000 -1 -1 1067.6588044454993 234.11488752525986 1247.8099449567644 373.00795173708343 -1 -1 -1 -1 -1 -1 -1 -1 1 
104 67 Car -1.000000 -1 -1 80.1232939433423 183.4792359833052 237.9241523406162 249.27797254519697 -1 -1 -1 -1 -1 -1 -1 -1 1 
104 68 Car -1.000000 -1 -1 834.284221053924 175.66837131561016 1190.8441957792913 366.71917510233334 -1 -1 -1 -1 -1 -1 -1 -1 1 
104 70 Car -1.000000 -1 -1 664.1796733533527 176.02062220290705 705.8259087884952 215.65971153497918 -1 -1 -1 -1 -1 -1 -1 -1 1 
104 71 Car -1.000000 -1 -1 699.1700644836606 177.3043257159311 769.9166471853632 243.44981228984176 -1 -1 -1 -1 -1 -1 -1 -1 1 
104 74 Car -1.000000 -1 -1 741.5784364501294 180.59555457441152 861.5129517411556 274.3204988361763 -1 -1 -1 -1 -1 -1 -1 -1 1 
105 67 Car -1.000000 -1 -1 19.120552559532015 185.8647152111999 204.37828377358807 259.93898425568716 -1 -1 -1 -1 -1 -1 -1 -1 1 
105 68 Car -1.000000 -1 -1 861.4834649135682 179.87797188446683 1222.0582834592642 367.2390950414824 -1 -1 -1 -1 -1 -1 -1 -1 1 
105 70 Car -1.000000 -1 -1 664.5384150110984 177.76880617961692 705.0003371076607 219.3568912032336 -1 -1 -1 -1 -1 -1 -1 -1 1 
105 71 Car -1.000000 -1 -1 704.8115624690964 179.3192964184214 780.6572620659483 249.17556627381614 -1 -1 -1 -1 -1 -1 -1 -1 1 
105 74 Car -1.000000 -1 -1 750.862053668676 182.51824298907866 890.3691297228252 286.8709422540314 -1 -1 -1 -1 -1 -1 -1 -1 1 
105 78 Car -1.000000 -1 -1 548.916110218086 178.12911303273387 574.8787195435432 199.0754579995344 -1 -1 -1 -1 -1 -1 -1 -1 1 
