0 1 Car -1.000000 -1 -1 291.7141063427081 174.82214430062953 449.9770811215659 289.0639993390542 -1 -1 -1 -1 -1 -1 -1 -1 1 
6 1 Car -1.000000 -1 -1 289.8648590633216 149.89566774322435 443.8091676093352 249.292283390577 -1 -1 -1 -1 -1 -1 -1 -1 1 
11 1 Car -1.000000 -1 -1 280.75153789497335 166.25917206804914 426.91633696854115 268.70637546436717 -1 -1 -1 -1 -1 -1 -1 -1 1 
12 1 Car -1.000000 -1 -1 276.8782062007544 146.9920328907812 422.80608855030283 251.75689908568387 -1 -1 -1 -1 -1 -1 -1 -1 1 
13 1 Car -1.000000 -1 -1 272.15821853681257 146.54935906247164 425.94370415864086 253.1454986265789 -1 -1 -1 -1 -1 -1 -1 -1 1 
14 1 Car -1.000000 -1 -1 276.98354604224176 147.35009194387553 419.829022645234 251.0502095996904 -1 -1 -1 -1 -1 -1 -1 -1 1 
15 1 Car -1.000000 -1 -1 276.55350072925484 145.70159604772925 425.9027062572826 252.52015978241195 -1 -1 -1 -1 -1 -1 -1 -1 1 
16 1 Car -1.000000 -1 -1 275.8897120614464 149.2261305057372 425.0505496326547 250.6974731894353 -1 -1 -1 -1 -1 -1 -1 -1 1 
17 1 Car -1.000000 -1 -1 281.8230713607313 146.81556459981948 417.6076001431793 251.3972075494866 -1 -1 -1 -1 -1 -1 -1 -1 1 
18 1 Car -1.000000 -1 -1 281.6364820566602 163.39945454651922 421.2063867757814 262.8442673191715 -1 -1 -1 -1 -1 -1 -1 -1 1 
29 3 Car -1.000000 -1 -1 566.081948846292 161.36239954413702 638.4381352322032 206.63013683560376 -1 -1 -1 -1 -1 -1 -1 -1 1 
29 1 Car -1.000000 -1 -1 332.99649605498865 156.94649116351053 420.89928373809045 242.18967098456162 -1 -1 -1 -1 -1 -1 -1 -1 1 
30 3 Car -1.000000 -1 -1 575.8783120868297 162.59646180193297 649.5967934372333 206.766731526631 -1 -1 -1 -1 -1 -1 -1 -1 1 
30 1 Car -1.000000 -1 -1 333.881169459281 159.26801973882203 422.72889955886274 238.2863990496844 -1 -1 -1 -1 -1 -1 -1 -1 1 
31 1 Car -1.000000 -1 -1 330.9608375051846 162.3801208781795 429.02670640784953 249.16854893000655 -1 -1 -1 -1 -1 -1 -1 -1 1 
32 1 Car -1.000000 -1 -1 347.8617432650466 158.28400735671704 442.15878668828657 241.80010763498456 -1 -1 -1 -1 -1 -1 -1 -1 1 
33 1 Car -1.000000 -1 -1 356.113376934941 161.4995461781151 445.8265145776364 236.7832746105985 -1 -1 -1 -1 -1 -1 -1 -1 1 
34 1 Car -1.000000 -1 -1 353.9539026213953 151.82181762065736 462.4784351120201 245.761512286173 -1 -1 -1 -1 -1 -1 -1 -1 1 
35 1 Car -1.000000 -1 -1 372.8811205957944 160.149640779799 468.44539404259274 247.2834427876828 -1 -1 -1 -1 -1 -1 -1 -1 1 
37 1 Car -1.000000 -1 -1 390.2698003838842 156.33727826822837 491.7270324430787 237.14818302183772 -1 -1 -1 -1 -1 -1 -1 -1 1 
38 1 Car -1.000000 -1 -1 397.1597370155729 158.49512573689796 503.53384505613496 236.52541879206325 -1 -1 -1 -1 -1 -1 -1 -1 1 
39 1 Car -1.000000 -1 -1 421.7336702960041 159.07261619129432 513.6839598170839 247.43752742114546 -1 -1 -1 -1 -1 -1 -1 -1 1 
40 1 Car -1.000000 -1 -1 431.57235426083207 161.46748174483386 518.1757466893357 245.82695181911382 -1 -1 -1 -1 -1 -1 -1 -1 1 
55 4 Car -1.000000 -1 -1 948.7924322521744 153.96699691728617 1104.0608916246833 235.5160789582162 -1 -1 -1 -1 -1 -1 -1 -1 1 
56 4 Car -1.000000 -1 -1 977.7819807778758 153.40144962717133 1113.9992172468742 238.20919570369787 -1 -1 -1 -1 -1 -1 -1 -1 1 
57 4 Car -1.000000 -1 -1 1000.8016051213042 152.71502495026934 1156.6375937027713 238.32233946842072 -1 -1 -1 -1 -1 -1 -1 -1 1 
58 4 Car -1.000000 -1 -1 1017.364051147579 151.1901108136114 1159.5409112728844 240.278903565083 -1 -1 -1 -1 -1 -1 -1 -1 1 
59 1 Car -1.000000 -1 -1 806.3811943651392 151.62523781271796 960.9020510195539 237.09223846582552 -1 -1 -1 -1 -1 -1 -1 -1 1 
60 1 Car -1.000000 -1 -1 836.6344017284708 154.21062252090243 994.3058570885602 237.43403356414865 -1 -1 -1 -1 -1 -1 -1 -1 1 
61 1 Car -1.000000 -1 -1 859.1931443122718 152.4860387166532 1011.9158067061352 238.27955603169707 -1 -1 -1 -1 -1 -1 -1 -1 1 
62 4 Car -1.000000 -1 -1 1080.294295588938 152.58886782416644 1226.951007906634 241.61833808578265 -1 -1 -1 -1 -1 -1 -1 -1 1 
62 1 Car -1.000000 -1 -1 881.2787698028753 153.6648346272369 1041.7825270636151 236.53242582132899 -1 -1 -1 -1 -1 -1 -1 -1 1 
63 4 Car -1.000000 -1 -1 1095.3831359991948 155.10057197668806 1234.2666804221674 251.41575576092762 -1 -1 -1 -1 -1 -1 -1 -1 1 
63 1 Car -1.000000 -1 -1 903.7340340356415 152.22526959573418 1068.5869586909048 239.48284652299031 -1 -1 -1 -1 -1 -1 -1 -1 1 
64 4 Car -1.000000 -1 -1 1109.6730140477707 152.66748526706718 1236.5427544545385 255.34635200165212 -1 -1 -1 -1 -1 -1 -1 -1 1 
64 1 Car -1.000000 -1 -1 919.8782606987425 150.9272318172197 1100.3614315559657 241.9236153811933 -1 -1 -1 -1 -1 -1 -1 -1 1 
65 4 Car -1.000000 -1 -1 1123.2103296152961 153.16211964147024 1231.607138110898 256.3544411319666 -1 -1 -1 -1 -1 -1 -1 -1 1 
65 1 Car -1.000000 -1 -1 941.3895588610321 151.14668648367604 1115.0933626476103 243.6606464997077 -1 -1 -1 -1 -1 -1 -1 -1 1 
66 4 Car -1.000000 -1 -1 1136.9314433634281 150.87909828155085 1237.9641157274064 259.6794091379986 -1 -1 -1 -1 -1 -1 -1 -1 1 
66 1 Car -1.000000 -1 -1 967.8727368844243 154.1693837184889 1143.14298386356 241.58446128086115 -1 -1 -1 -1 -1 -1 -1 -1 1 
67 4 Car -1.000000 -1 -1 1150.0131633023805 153.33127004739183 1246.4748493645056 264.6769938202432 -1 -1 -1 -1 -1 -1 -1 -1 1 
67 1 Car -1.000000 -1 -1 978.0436023568304 153.18372230439516 1166.572597452941 245.25306415923222 -1 -1 -1 -1 -1 -1 -1 -1 1 
68 4 Car -1.000000 -1 -1 1154.5437831735383 157.2756234628077 1247.7372468623978 261.0552138648927 -1 -1 -1 -1 -1 -1 -1 -1 1 
68 1 Car -1.000000 -1 -1 1000.8777135745265 161.11703434636672 1172.5394138421577 245.02377295329308 -1 -1 -1 -1 -1 -1 -1 -1 1 
69 4 Car -1.000000 -1 -1 1164.7207606626819 158.04287891548412 1247.906054087843 261.37382666078895 -1 -1 -1 -1 -1 -1 -1 -1 1 
69 1 Car -1.000000 -1 -1 1018.0011401822646 159.95116040218048 1190.0461174279737 247.20200456571405 -1 -1 -1 -1 -1 -1 -1 -1 1 
70 1 Car -1.000000 -1 -1 1031.2619735671637 158.61535395603053 1189.8821667520187 250.94669175226812 -1 -1 -1 -1 -1 -1 -1 -1 1 
71 1 Car -1.000000 -1 -1 1047.5176224591066 154.25296899719305 1199.1595918149328 241.812976811511 -1 -1 -1 -1 -1 -1 -1 -1 1 
76 1 Car -1.000000 -1 -1 1098.043749595061 157.0237123210413 1232.9694355667498 259.0267770977404 -1 -1 -1 -1 -1 -1 -1 -1 1 
78 1 Car -1.000000 -1 -1 1118.4841049217548 157.0800721573715 1244.6379609983414 293.0188556201756 -1 -1 -1 -1 -1 -1 -1 -1 1 
82 1 Car -1.000000 -1 -1 1104.3066997439241 158.1456357290825 1239.9324895965938 292.51974536320915 -1 -1 -1 -1 -1 -1 -1 -1 1 
83 1 Car -1.000000 -1 -1 1095.9274307892013 157.81092747616077 1240.6451847196486 293.1681740670823 -1 -1 -1 -1 -1 -1 -1 -1 1 
84 1 Car -1.000000 -1 -1 1079.7520603524665 154.32249210201775 1239.235506054444 297.8314083929245 -1 -1 -1 -1 -1 -1 -1 -1 1 
85 1 Car -1.000000 -1 -1 1081.3662100547494 150.73944588836568 1240.7981671852847 300.48181442543864 -1 -1 -1 -1 -1 -1 -1 -1 1 
86 1 Car -1.000000 -1 -1 1075.0512914808037 147.35553284677178 1243.5319030730484 303.60424475601087 -1 -1 -1 -1 -1 -1 -1 -1 1 
87 1 Car -1.000000 -1 -1 1062.0260598269792 148.36268567551787 1244.1754907300838 328.07719553462584 -1 -1 -1 -1 -1 -1 -1 -1 1 
88 7 Car -1.000000 -1 -1 983.9853366280977 184.0915927806726 1038.2551593448106 216.12262310316933 -1 -1 -1 -1 -1 -1 -1 -1 1 
88 1 Car -1.000000 -1 -1 1056.4329446975428 148.89101444098813 1244.6029057012727 325.7349756403038 -1 -1 -1 -1 -1 -1 -1 -1 1 
89 7 Car -1.000000 -1 -1 964.1707008389326 182.24098408021607 1023.7012384717281 216.73501408300723 -1 -1 -1 -1 -1 -1 -1 -1 1 
89 1 Car -1.000000 -1 -1 1036.5451211293157 150.08322685025635 1247.1268687609297 322.0206081616477 -1 -1 -1 -1 -1 -1 -1 -1 1 
90 7 Car -1.000000 -1 -1 947.3243170586916 181.66005586345608 1000.7609949822609 215.7866103359713 -1 -1 -1 -1 -1 -1 -1 -1 1 
90 1 Car -1.000000 -1 -1 1037.1384097501061 145.47584211238876 1245.023411954538 330.5398236709432 -1 -1 -1 -1 -1 -1 -1 -1 1 
91 7 Car -1.000000 -1 -1 938.3613475692961 182.26487691012713 982.4872426384918 214.05927965847346 -1 -1 -1 -1 -1 -1 -1 -1 1 
91 1 Car -1.000000 -1 -1 1037.1422815007659 145.70818019386093 1236.3128849858274 302.58614016481886 -1 -1 -1 -1 -1 -1 -1 -1 1 
92 7 Car -1.000000 -1 -1 922.0086049689696 182.54581842428217 961.8198155508592 213.92381144687533 -1 -1 -1 -1 -1 -1 -1 -1 1 
92 1 Car -1.000000 -1 -1 1016.9776529408991 135.95729231691132 1238.2515130899847 367.5176068925514 -1 -1 -1 -1 -1 -1 -1 -1 1 
93 1 Car -1.000000 -1 -1 1011.2243028202881 133.55179152523095 1242.3604178646435 372.38635559781244 -1 -1 -1 -1 -1 -1 -1 -1 1 
94 10 Car -1.000000 -1 -1 957.7293751314282 171.19206027844206 1023.6295752267425 225.61718926478466 -1 -1 -1 -1 -1 -1 -1 -1 1 
94 1 Car -1.000000 -1 -1 1006.3352934070504 135.8954583724531 1245.7053082682764 371.9882290595426 -1 -1 -1 -1 -1 -1 -1 -1 1 
95 10 Car -1.000000 -1 -1 950.50865606849 175.59242909415983 1022.5839292109013 224.77067689984463 -1 -1 -1 -1 -1 -1 -1 -1 1 
95 1 Car -1.000000 -1 -1 995.0978443553815 135.6090126344218 1245.962883167542 372.05149437515786 -1 -1 -1 -1 -1 -1 -1 -1 1 
96 10 Car -1.000000 -1 -1 942.4357587594826 176.0036677766878 1001.1513139659969 224.65604755024498 -1 -1 -1 -1 -1 -1 -1 -1 1 
96 1 Car -1.000000 -1 -1 996.4745105493528 140.685525830262 1243.816418199585 369.66845547207276 -1 -1 -1 -1 -1 -1 -1 -1 1 
97 10 Car -1.000000 -1 -1 916.2932993319745 177.05470615496426 985.9902299129619 224.70065200916275 -1 -1 -1 -1 -1 -1 -1 -1 1 
97 1 Car -1.000000 -1 -1 997.6831822349475 141.69670627094234 1242.0367439939425 369.5228617065228 -1 -1 -1 -1 -1 -1 -1 -1 1 
98 11 Car -1.000000 -1 -1 2.7881402396238784 180.69957180593448 58.43391092694723 205.27609367854893 -1 -1 -1 -1 -1 -1 -1 -1 1 
98 10 Car -1.000000 -1 -1 898.3298082689826 179.62378593913922 968.4067583754658 228.44165849248662 -1 -1 -1 -1 -1 -1 -1 -1 1 
98 7 Car -1.000000 -1 -1 806.981457902835 182.80357570172504 851.0755176681739 216.9201492618483 -1 -1 -1 -1 -1 -1 -1 -1 1 
98 1 Car -1.000000 -1 -1 996.3242570121702 151.6639990373873 1249.0304240395244 375.5082443284874 -1 -1 -1 -1 -1 -1 -1 -1 1 
99 10 Car -1.000000 -1 -1 886.0366230174327 177.80717168576442 952.7977889177319 222.6234279716244 -1 -1 -1 -1 -1 -1 -1 -1 1 
99 7 Car -1.000000 -1 -1 788.278960023935 183.1186917395546 830.2584933386399 216.15829068021134 -1 -1 -1 -1 -1 -1 -1 -1 1 
99 1 Car -1.000000 -1 -1 993.1770773415383 153.25845559485828 1252.7998912219819 372.69186490000436 -1 -1 -1 -1 -1 -1 -1 -1 1 
100 7 Car -1.000000 -1 -1 774.095673013192 181.6308984461312 816.09027122305 215.7297281620021 -1 -1 -1 -1 -1 -1 -1 -1 1 
100 1 Car -1.000000 -1 -1 989.7586978822947 150.9696218686608 1253.815643414855 373.77130863471666 -1 -1 -1 -1 -1 -1 -1 -1 1 
101 7 Car -1.000000 -1 -1 756.4049375928365 180.43091295000454 795.5705073705086 217.13746879966214 -1 -1 -1 -1 -1 -1 -1 -1 1 
101 1 Car -1.000000 -1 -1 986.1249307823869 151.39408649590155 1258.9702160937281 373.2538130492545 -1 -1 -1 -1 -1 -1 -1 -1 1 
102 7 Car -1.000000 -1 -1 735.8267478002952 179.3715607446547 779.3457135214255 218.096440192312 -1 -1 -1 -1 -1 -1 -1 -1 1 
102 1 Car -1.000000 -1 -1 967.8699273426946 95.86360047643002 1251.8554805328067 350.52150459243705 -1 -1 -1 -1 -1 -1 -1 -1 1 
103 12 Car -1.000000 -1 -1 895.75423260377 182.91763524309948 937.7148771423559 217.1131760025254 -1 -1 -1 -1 -1 -1 -1 -1 1 
103 7 Car -1.000000 -1 -1 722.6026918647381 179.06353923563773 765.5770947967584 215.2719166702949 -1 -1 -1 -1 -1 -1 -1 -1 1 
103 1 Car -1.000000 -1 -1 976.8994851777186 113.15084474447829 1246.1746401855578 390.0268691448638 -1 -1 -1 -1 -1 -1 -1 -1 1 
104 12 Car -1.000000 -1 -1 877.22021611608 183.33281411860997 920.8351774788821 217.26781953699313 -1 -1 -1 -1 -1 -1 -1 -1 1 
104 7 Car -1.000000 -1 -1 705.2129774506275 178.5525938925835 747.8342308814708 216.30867040501192 -1 -1 -1 -1 -1 -1 -1 -1 1 
104 1 Car -1.000000 -1 -1 986.5152424699986 119.19253849639344 1238.5789398379052 384.9823863173907 -1 -1 -1 -1 -1 -1 -1 -1 1 
105 13 Car -1.000000 -1 -1 896.1545624039495 188.67539199821366 970.1402847726758 232.36853069661618 -1 -1 -1 -1 -1 -1 -1 -1 1 
105 12 Car -1.000000 -1 -1 866.8461918412493 182.48321452679542 908.6374837246078 217.3084941191169 -1 -1 -1 -1 -1 -1 -1 -1 1 
105 7 Car -1.000000 -1 -1 685.7922234672766 179.98429710188736 731.341023651453 218.34505055672847 -1 -1 -1 -1 -1 -1 -1 -1 1 
105 1 Car -1.000000 -1 -1 971.759470580289 88.32923602312803 1238.4847625327798 357.1616721411164 -1 -1 -1 -1 -1 -1 -1 -1 1 
106 13 Car -1.000000 -1 -1 892.4550525970185 190.03296270071027 969.1316034140497 235.23764341818884 -1 -1 -1 -1 -1 -1 -1 -1 1 
106 10 Car -1.000000 -1 -1 767.4328141928864 173.99471600611622 831.6168804277593 220.44474685278075 -1 -1 -1 -1 -1 -1 -1 -1 1 
106 7 Car -1.000000 -1 -1 668.9117137560478 181.5610544111293 711.4775963654886 217.3938935694213 -1 -1 -1 -1 -1 -1 -1 -1 1 
106 1 Car -1.000000 -1 -1 981.9294745761615 118.51262419412913 1239.0920097071391 379.77833526495556 -1 -1 -1 -1 -1 -1 -1 -1 1 
107 13 Car -1.000000 -1 -1 886.4977268639665 189.938250123165 977.176141755512 239.10885470776034 -1 -1 -1 -1 -1 -1 -1 -1 1 
107 10 Car -1.000000 -1 -1 752.1914820258434 175.36258675122207 817.9981386890778 219.65230966452512 -1 -1 -1 -1 -1 -1 -1 -1 1 
107 7 Car -1.000000 -1 -1 658.064273869762 179.5827217328434 698.8490963658461 217.53501537470865 -1 -1 -1 -1 -1 -1 -1 -1 1 
108 16 Car -1.000000 -1 -1 854.4618034339868 188.00828118736928 903.263607343802 228.24043637284865 -1 -1 -1 -1 -1 -1 -1 -1 1 
108 13 Car -1.000000 -1 -1 876.4744536229051 189.08207960283528 979.8314256215325 240.8931417605625 -1 -1 -1 -1 -1 -1 -1 -1 1 
108 10 Car -1.000000 -1 -1 744.6370976727743 176.3250450961865 799.4307892345466 218.2043345215229 -1 -1 -1 -1 -1 -1 -1 -1 1 
108 7 Car -1.000000 -1 -1 635.9596871756589 181.31132431041735 682.573470952419 218.53749045672325 -1 -1 -1 -1 -1 -1 -1 -1 1 
109 16 Car -1.000000 -1 -1 847.3549889727282 188.66231109803687 891.2444355155415 224.79364917112085 -1 -1 -1 -1 -1 -1 -1 -1 1 
109 13 Car -1.000000 -1 -1 872.3811349714031 188.54621319601742 975.2498788025516 240.87459556400202 -1 -1 -1 -1 -1 -1 -1 -1 1 
109 10 Car -1.000000 -1 -1 725.4920809555513 177.85668691906793 779.0554509174366 216.54981184894078 -1 -1 -1 -1 -1 -1 -1 -1 1 
109 7 Car -1.000000 -1 -1 622.7556710243225 180.4208323144569 661.5211683236636 218.48434091617284 -1 -1 -1 -1 -1 -1 -1 -1 1 
110 13 Car -1.000000 -1 -1 870.209811218083 186.72143988526213 957.4296069231173 241.9074036789915 -1 -1 -1 -1 -1 -1 -1 -1 1 
110 10 Car -1.000000 -1 -1 711.2607569740369 171.3133426024937 763.3012656294383 214.71157150629622 -1 -1 -1 -1 -1 -1 -1 -1 1 
110 7 Car -1.000000 -1 -1 607.6863063722849 177.76058807682534 652.8712854947036 218.06553686754063 -1 -1 -1 -1 -1 -1 -1 -1 1 
111 20 Car -1.000000 -1 -1 748.7604948637577 183.3024022097771 771.7256547957659 211.630372187266 -1 -1 -1 -1 -1 -1 -1 -1 1 
111 13 Car -1.000000 -1 -1 851.935633207743 187.1021979380972 946.2926294184648 240.39940774225843 -1 -1 -1 -1 -1 -1 -1 -1 1 
111 10 Car -1.000000 -1 -1 696.0623655238976 171.85482031737385 749.0767024858638 213.38179256193916 -1 -1 -1 -1 -1 -1 -1 -1 1 
111 7 Car -1.000000 -1 -1 585.9072919648428 180.21719859769712 636.5345819111054 219.25430071468537 -1 -1 -1 -1 -1 -1 -1 -1 1 
112 13 Car -1.000000 -1 -1 844.5120811766158 186.00621203390455 938.8584535184962 241.66443643088527 -1 -1 -1 -1 -1 -1 -1 -1 1 
112 12 Car -1.000000 -1 -1 738.1404420733452 181.90461776864072 769.9128383902403 211.4854308131796 -1 -1 -1 -1 -1 -1 -1 -1 1 
112 10 Car -1.000000 -1 -1 680.2682601144681 171.7192648480145 731.7893416629389 211.90913333199347 -1 -1 -1 -1 -1 -1 -1 -1 1 
112 7 Car -1.000000 -1 -1 568.6565265440597 169.88663704922567 630.6973206661642 221.52518266095566 -1 -1 -1 -1 -1 -1 -1 -1 1 
113 17 Car -1.000000 -1 -1 753.2302223489835 180.82973615338025 797.0911791278766 216.07312764256048 -1 -1 -1 -1 -1 -1 -1 -1 1 
113 13 Car -1.000000 -1 -1 824.8382879919732 186.17507938940363 929.9249219332751 242.5475778738753 -1 -1 -1 -1 -1 -1 -1 -1 1 
113 12 Car -1.000000 -1 -1 716.0868036815755 179.5759666711092 747.8571784381685 206.7295159571446 -1 -1 -1 -1 -1 -1 -1 -1 1 
113 10 Car -1.000000 -1 -1 663.5443928539753 168.9123697578907 715.9449157737769 213.7724315890899 -1 -1 -1 -1 -1 -1 -1 -1 1 
113 7 Car -1.000000 -1 -1 556.0117029788402 176.63995190881766 607.3875055232872 218.037926663573 -1 -1 -1 -1 -1 -1 -1 -1 1 
114 17 Car -1.000000 -1 -1 732.628099845006 181.24247815173405 778.2933988479468 215.62748216092587 -1 -1 -1 -1 -1 -1 -1 -1 1 
114 13 Car -1.000000 -1 -1 815.9960803934014 184.0661671370841 922.5399781448336 245.4531233972655 -1 -1 -1 -1 -1 -1 -1 -1 1 
114 12 Car -1.000000 -1 -1 711.2846042674322 182.39876620758037 746.0545274913312 211.60138133340155 -1 -1 -1 -1 -1 -1 -1 -1 1 
114 10 Car -1.000000 -1 -1 651.5263812874371 170.32493837177753 702.2493223559396 211.93398234362786 -1 -1 -1 -1 -1 -1 -1 -1 1 
114 7 Car -1.000000 -1 -1 537.7520812704013 178.48089831666306 588.7460879500095 220.6361909182026 -1 -1 -1 -1 -1 -1 -1 -1 1 
115 17 Car -1.000000 -1 -1 730.6921789588837 181.79215272315423 771.8401676450785 217.10225126634427 -1 -1 -1 -1 -1 -1 -1 -1 1 
115 13 Car -1.000000 -1 -1 810.9085302685315 185.40251335630626 919.512486944978 250.98725642937308 -1 -1 -1 -1 -1 -1 -1 -1 1 
115 12 Car -1.000000 -1 -1 695.6599618448662 181.17825407534838 725.1755138658561 211.029763906621 -1 -1 -1 -1 -1 -1 -1 -1 1 
115 10 Car -1.000000 -1 -1 637.5560848735846 169.69181314254035 688.576759065573 212.2442113020672 -1 -1 -1 -1 -1 -1 -1 -1 1 
115 7 Car -1.000000 -1 -1 523.6252612792528 170.16631402433492 585.7290458679198 224.47338605371232 -1 -1 -1 -1 -1 -1 -1 -1 1 
116 21 Car -1.000000 -1 -1 26.111224986182947 206.1649556361282 181.40093494364277 297.1339605730743 -1 -1 -1 -1 -1 -1 -1 -1 1 
116 17 Car -1.000000 -1 -1 709.1913796525735 181.54412790989647 756.0172108686887 218.80681013975007 -1 -1 -1 -1 -1 -1 -1 -1 1 
116 13 Car -1.000000 -1 -1 799.9166096809965 186.93767396661525 904.4549986038071 251.26599210601012 -1 -1 -1 -1 -1 -1 -1 -1 1 
116 12 Car -1.000000 -1 -1 684.0431545457014 182.40746802005629 721.2390213138782 213.03085764296924 -1 -1 -1 -1 -1 -1 -1 -1 1 
116 10 Car -1.000000 -1 -1 622.9568831851849 171.1738104573809 675.6975749112092 211.71736624091864 -1 -1 -1 -1 -1 -1 -1 -1 1 
116 7 Car -1.000000 -1 -1 508.81806292413523 171.02573511119076 563.4525897116042 224.02658327840845 -1 -1 -1 -1 -1 -1 -1 -1 1 
117 17 Car -1.000000 -1 -1 704.7599073487979 182.00703785539818 748.2212927685334 218.9739356175638 -1 -1 -1 -1 -1 -1 -1 -1 1 
117 13 Car -1.000000 -1 -1 785.2922708867834 190.62761631077873 901.574658130797 253.1326919113501 -1 -1 -1 -1 -1 -1 -1 -1 1 
117 12 Car -1.000000 -1 -1 668.5658788864429 181.9505263119936 700.1118974639819 212.2344714231216 -1 -1 -1 -1 -1 -1 -1 -1 1 
117 10 Car -1.000000 -1 -1 608.5963580104021 172.0532614451188 660.9028071944531 212.73647907834783 -1 -1 -1 -1 -1 -1 -1 -1 1 
118 17 Car -1.000000 -1 -1 685.6593585518691 182.34921948840986 732.0312640621113 218.8275457861332 -1 -1 -1 -1 -1 -1 -1 -1 1 
118 13 Car -1.000000 -1 -1 777.8421061531856 190.89122399544488 888.6732314744821 252.9941783286631 -1 -1 -1 -1 -1 -1 -1 -1 1 
118 12 Car -1.000000 -1 -1 646.51852868612 181.55489876293217 672.70411247932 211.12199450054993 -1 -1 -1 -1 -1 -1 -1 -1 1 
118 10 Car -1.000000 -1 -1 594.4286398612536 171.39352195394727 641.4215829326556 212.53257649592481 -1 -1 -1 -1 -1 -1 -1 -1 1 
119 17 Car -1.000000 -1 -1 681.6577539627368 183.09606436210183 725.800032212184 217.4984156870498 -1 -1 -1 -1 -1 -1 -1 -1 1 
119 13 Car -1.000000 -1 -1 774.3923316489045 192.44952763144212 887.6547427011224 255.7983991081038 -1 -1 -1 -1 -1 -1 -1 -1 1 
119 12 Car -1.000000 -1 -1 638.3176322648159 182.6502546811333 676.0393040203131 213.94452861008736 -1 -1 -1 -1 -1 -1 -1 -1 1 
119 10 Car -1.000000 -1 -1 579.9526109878833 173.87012331388317 628.446306329507 211.4347474864469 -1 -1 -1 -1 -1 -1 -1 -1 1 
120 21 Car -1.000000 -1 -1 1.3841669656909446 242.92126648987715 71.82864954781073 348.3655976418119 -1 -1 -1 -1 -1 -1 -1 -1 1 
120 17 Car -1.000000 -1 -1 662.0053320160279 182.4658796764337 706.5666797161102 218.74373664076512 -1 -1 -1 -1 -1 -1 -1 -1 1 
120 13 Car -1.000000 -1 -1 769.6885487660766 191.5078933458202 884.669677574474 260.3264924389525 -1 -1 -1 -1 -1 -1 -1 -1 1 
120 12 Car -1.000000 -1 -1 620.3534096318942 182.79072183829086 649.5593411853681 211.24345322067919 -1 -1 -1 -1 -1 -1 -1 -1 1 
120 10 Car -1.000000 -1 -1 560.7971298488287 172.6022053939792 614.9838066444947 212.9569878228582 -1 -1 -1 -1 -1 -1 -1 -1 1 
120 7 Car -1.000000 -1 -1 434.15075441593154 178.87519744153207 505.2622077548159 232.33054850537044 -1 -1 -1 -1 -1 -1 -1 -1 1 
121 17 Car -1.000000 -1 -1 659.443373766083 183.1030435860157 701.7572560711549 225.10151722683355 -1 -1 -1 -1 -1 -1 -1 -1 1 
121 13 Car -1.000000 -1 -1 760.8902819873048 192.98700648001756 879.5129527168777 260.5254053711318 -1 -1 -1 -1 -1 -1 -1 -1 1 
121 12 Car -1.000000 -1 -1 614.5025443182543 182.52629331814555 651.9044991937968 215.7076012271528 -1 -1 -1 -1 -1 -1 -1 -1 1 
121 10 Car -1.000000 -1 -1 546.7919109807565 169.883022729594 594.735189550198 213.01167350835527 -1 -1 -1 -1 -1 -1 -1 -1 1 
121 7 Car -1.000000 -1 -1 413.8961180190627 181.2217975518881 490.81970848773534 232.10220577087824 -1 -1 -1 -1 -1 -1 -1 -1 1 
122 17 Car -1.000000 -1 -1 640.0804385428244 183.06088562195117 682.3153661053913 217.53535677607243 -1 -1 -1 -1 -1 -1 -1 -1 1 
122 13 Car -1.000000 -1 -1 757.6981813248534 191.80704680128164 876.5637916401029 263.8628187840088 -1 -1 -1 -1 -1 -1 -1 -1 1 
122 12 Car -1.000000 -1 -1 595.2338928167636 182.5713417492807 625.3207406264085 212.24896899925974 -1 -1 -1 -1 -1 -1 -1 -1 1 
122 10 Car -1.000000 -1 -1 534.2647644694035 172.2736177034676 583.4315255009211 210.62612143130258 -1 -1 -1 -1 -1 -1 -1 -1 1 
122 7 Car -1.000000 -1 -1 407.2399732347291 172.56177009907194 472.7403474963055 227.50082704274413 -1 -1 -1 -1 -1 -1 -1 -1 1 
123 17 Car -1.000000 -1 -1 620.061764679276 181.96399283344644 686.8571992298732 228.03584483559604 -1 -1 -1 -1 -1 -1 -1 -1 1 
123 13 Car -1.000000 -1 -1 745.9685553008546 192.65641384901335 859.9671203843675 264.7608507317133 -1 -1 -1 -1 -1 -1 -1 -1 1 
123 10 Car -1.000000 -1 -1 517.4873657226562 171.17123474152044 566.1572670936584 211.27527898464066 -1 -1 -1 -1 -1 -1 -1 -1 1 
123 7 Car -1.000000 -1 -1 373.32172464636665 177.63874405780092 454.00722173314836 235.08371887370373 -1 -1 -1 -1 -1 -1 -1 -1 1 
124 26 Car -1.000000 -1 -1 666.9433528775205 187.47265226780794 740.9497464121533 255.54338249807748 -1 -1 -1 -1 -1 -1 -1 -1 1 
124 17 Car -1.000000 -1 -1 613.0361183555079 180.9316521170191 683.116698728731 229.9696704139933 -1 -1 -1 -1 -1 -1 -1 -1 1 
124 13 Car -1.000000 -1 -1 741.5689990921662 191.2951747743556 854.6036963245043 265.57764779919614 -1 -1 -1 -1 -1 -1 -1 -1 1 
124 10 Car -1.000000 -1 -1 504.16461066443185 171.76483779285965 553.8877734255332 209.49945663316893 -1 -1 -1 -1 -1 -1 -1 -1 1 
124 7 Car -1.000000 -1 -1 352.55391178566674 181.12506568790056 442.26969738763114 234.65481033333793 -1 -1 -1 -1 -1 -1 -1 -1 1 
125 26 Car -1.000000 -1 -1 652.6623761006273 188.7819194055807 739.0269663798122 255.9939212917995 -1 -1 -1 -1 -1 -1 -1 -1 1 
125 17 Car -1.000000 -1 -1 605.6968258831364 183.0823531535526 670.3845595963872 233.7535429441442 -1 -1 -1 -1 -1 -1 -1 -1 1 
125 13 Car -1.000000 -1 -1 732.7814961432553 191.6385054265937 860.8167849376513 277.621064424658 -1 -1 -1 -1 -1 -1 -1 -1 1 
125 10 Car -1.000000 -1 -1 488.37116510936846 172.71409337767042 530.501913981942 208.23865258493103 -1 -1 -1 -1 -1 -1 -1 -1 1 
125 7 Car -1.000000 -1 -1 329.6840155694921 182.0517475179468 416.3943620625024 238.89955471699625 -1 -1 -1 -1 -1 -1 -1 -1 1 
126 26 Car -1.000000 -1 -1 629.6020437433169 191.05671016642683 734.8077290791732 254.26654188105695 -1 -1 -1 -1 -1 -1 -1 -1 1 
126 13 Car -1.000000 -1 -1 720.1791541729694 190.7700698177975 855.9474930334835 281.47153531272824 -1 -1 -1 -1 -1 -1 -1 -1 1 
126 10 Car -1.000000 -1 -1 469.66740233164575 169.57783312178577 512.7724066009889 209.52023236224287 -1 -1 -1 -1 -1 -1 -1 -1 1 
126 7 Car -1.000000 -1 -1 305.05144618508905 183.14017235444715 407.2287950383929 239.7891902543891 -1 -1 -1 -1 -1 -1 -1 -1 1 
127 26 Car -1.000000 -1 -1 618.2254390934339 187.35804752661633 731.4838034659624 252.29301848090614 -1 -1 -1 -1 -1 -1 -1 -1 1 
127 13 Car -1.000000 -1 -1 711.2089588511735 188.893483289016 851.0418920555653 285.0925540730644 -1 -1 -1 -1 -1 -1 -1 -1 1 
127 7 Car -1.000000 -1 -1 280.4146541242416 184.35286218300465 380.9788085336869 243.26698077269475 -1 -1 -1 -1 -1 -1 -1 -1 1 
128 26 Car -1.000000 -1 -1 619.235563305135 187.4539294065191 724.3688248195327 255.78450948859637 -1 -1 -1 -1 -1 -1 -1 -1 1 
128 13 Car -1.000000 -1 -1 709.713565495295 187.00407325433423 844.6335398473132 286.2928495921481 -1 -1 -1 -1 -1 -1 -1 -1 1 
128 7 Car -1.000000 -1 -1 267.47607168784504 183.3640393944314 373.9617036581039 245.44124538078904 -1 -1 -1 -1 -1 -1 -1 -1 1 
129 26 Car -1.000000 -1 -1 606.7413009599996 190.13026947728716 717.1780511862955 255.03940031362268 -1 -1 -1 -1 -1 -1 -1 -1 1 
129 13 Car -1.000000 -1 -1 707.6474309451878 188.06986552842247 847.3750036653992 289.52375929265355 -1 -1 -1 -1 -1 -1 -1 -1 1 
129 12 Car -1.000000 -1 -1 500.5354721546173 182.68599425657436 531.4581155639428 213.04259112534612 -1 -1 -1 -1 -1 -1 -1 -1 1 
129 7 Car -1.000000 -1 -1 239.64737507013172 189.93004257432543 356.67115887770285 257.8207900246175 -1 -1 -1 -1 -1 -1 -1 -1 1 
130 26 Car -1.000000 -1 -1 603.6181960082972 188.65643033327964 718.772691408029 258.9247439486476 -1 -1 -1 -1 -1 -1 -1 -1 1 
130 17 Car -1.000000 -1 -1 549.983647904717 184.7907376135341 616.0702194880981 234.70159078267616 -1 -1 -1 -1 -1 -1 -1 -1 1 
130 13 Car -1.000000 -1 -1 710.5907747864436 188.6286700610071 855.1357732204576 292.7631948393984 -1 -1 -1 -1 -1 -1 -1 -1 1 
130 12 Car -1.000000 -1 -1 495.6084712881309 184.45234366047842 532.4770218179776 213.83103678146236 -1 -1 -1 -1 -1 -1 -1 -1 1 
130 10 Car -1.000000 -1 -1 428.15221287654 172.95320715325383 464.7825922828454 210.43058216141966 -1 -1 -1 -1 -1 -1 -1 -1 1 
130 7 Car -1.000000 -1 -1 216.0021003244015 192.3624363799508 344.20089152799204 263.95880882270063 -1 -1 -1 -1 -1 -1 -1 -1 1 
131 26 Car -1.000000 -1 -1 601.517633983722 190.14278247665902 721.9930326984478 265.4172879142257 -1 -1 -1 -1 -1 -1 -1 -1 1 
131 17 Car -1.000000 -1 -1 552.778594182661 186.28629287167527 619.0311864058559 235.4183765396906 -1 -1 -1 -1 -1 -1 -1 -1 1 
131 13 Car -1.000000 -1 -1 718.9665812852863 188.22171942044335 871.0656902007759 295.57011905126274 -1 -1 -1 -1 -1 -1 -1 -1 1 
131 12 Car -1.000000 -1 -1 479.8895408728948 182.14369210629508 503.75287435261106 211.37983806861132 -1 -1 -1 -1 -1 -1 -1 -1 1 
131 10 Car -1.000000 -1 -1 425.2693611131265 175.92011105555753 461.5929559308749 210.38827643944666 -1 -1 -1 -1 -1 -1 -1 -1 1 
131 7 Car -1.000000 -1 -1 200.03556854492768 194.62597252836883 339.2203799069214 276.3749914369188 -1 -1 -1 -1 -1 -1 -1 -1 1 
132 26 Car -1.000000 -1 -1 604.5869674778614 191.53800957764568 726.1527760666436 275.1811601651402 -1 -1 -1 -1 -1 -1 -1 -1 1 
132 17 Car -1.000000 -1 -1 544.334203492277 185.39280910044906 626.4113366406125 239.63605433415904 -1 -1 -1 -1 -1 -1 -1 -1 1 
132 13 Car -1.000000 -1 -1 729.8793464868975 188.05096753371447 874.9646809406293 313.32771311729 -1 -1 -1 -1 -1 -1 -1 -1 1 
132 12 Car -1.000000 -1 -1 476.1543316634802 183.90433655048793 499.9238376961305 213.20177679165053 -1 -1 -1 -1 -1 -1 -1 -1 1 
132 10 Car -1.000000 -1 -1 422.7009602074439 177.3420122738641 459.9095001656275 216.0081474755246 -1 -1 -1 -1 -1 -1 -1 -1 1 
132 7 Car -1.000000 -1 -1 181.77843695033627 198.13670381867828 332.8728362681487 281.09860485598733 -1 -1 -1 -1 -1 -1 -1 -1 1 
133 33 Car -1.000000 -1 -1 501.0141278069753 188.50125648224585 529.3092410954146 221.74656989339454 -1 -1 -1 -1 -1 -1 -1 -1 1 
133 26 Car -1.000000 -1 -1 605.7740372968121 191.07626071378874 741.5517835309013 281.1552620618246 -1 -1 -1 -1 -1 -1 -1 -1 1 
133 17 Car -1.000000 -1 -1 544.1262653725078 187.33350429325725 622.5073385350405 249.0629568302001 -1 -1 -1 -1 -1 -1 -1 -1 1 
133 13 Car -1.000000 -1 -1 725.6751392913552 183.1745717387933 909.4284433946013 325.0787756763972 -1 -1 -1 -1 -1 -1 -1 -1 1 
133 10 Car -1.000000 -1 -1 422.8854403977211 177.69507200528798 457.70410885031407 216.5058659604536 -1 -1 -1 -1 -1 -1 -1 -1 1 
133 7 Car -1.000000 -1 -1 169.38613634112363 199.86229995265606 321.5890938414691 284.5538690901147 -1 -1 -1 -1 -1 -1 -1 -1 1 
134 33 Car -1.000000 -1 -1 492.5742103526226 183.26051902169218 526.5212446428262 215.8678793348372 -1 -1 -1 -1 -1 -1 -1 -1 1 
134 26 Car -1.000000 -1 -1 608.3689959171014 188.47170105884567 752.9707115743884 284.0647527751011 -1 -1 -1 -1 -1 -1 -1 -1 1 
134 17 Car -1.000000 -1 -1 543.7564531249495 183.6169517169205 631.1509927872281 245.23920906134524 -1 -1 -1 -1 -1 -1 -1 -1 1 
134 7 Car -1.000000 -1 -1 151.95494096883786 201.22909346201388 297.71571644581854 294.2337843571575 -1 -1 -1 -1 -1 -1 -1 -1 1 
135 35 Car -1.000000 -1 -1 249.79554283361026 187.54476430610967 336.59419022643795 238.8479783414648 -1 -1 -1 -1 -1 -1 -1 -1 1 
135 34 Car -1.000000 -1 -1 473.5246155525629 179.23725267442376 502.88591682796294 204.37209150538996 -1 -1 -1 -1 -1 -1 -1 -1 1 
135 33 Car -1.000000 -1 -1 494.9973685569488 181.4787980670539 526.9172505105918 216.42041525158743 -1 -1 -1 -1 -1 -1 -1 -1 1 
135 26 Car -1.000000 -1 -1 615.7297453123789 187.1973517476223 776.1357120848618 285.40064416861594 -1 -1 -1 -1 -1 -1 -1 -1 1 
135 17 Car -1.000000 -1 -1 543.7307362441834 181.22245383878737 635.791823641612 245.54202750396843 -1 -1 -1 -1 -1 -1 -1 -1 1 
135 7 Car -1.000000 -1 -1 131.48931160053382 200.63392920061375 297.00763994741897 296.5911320016648 -1 -1 -1 -1 -1 -1 -1 -1 1 
136 35 Car -1.000000 -1 -1 242.47821899159595 183.8286616660368 346.44958160416434 241.88531704175358 -1 -1 -1 -1 -1 -1 -1 -1 1 
136 34 Car -1.000000 -1 -1 476.36054362700537 176.85097040465246 504.3091757159967 203.12139592491664 -1 -1 -1 -1 -1 -1 -1 -1 1 
136 33 Car -1.000000 -1 -1 501.239010730615 180.86458230391145 533.1464045666731 216.93502907426313 -1 -1 -1 -1 -1 -1 -1 -1 1 
136 26 Car -1.000000 -1 -1 621.0530146181296 183.8460395542475 786.1191905732624 286.66241323718657 -1 -1 -1 -1 -1 -1 -1 -1 1 
136 17 Car -1.000000 -1 -1 544.0582329281247 179.37766164183043 637.0297378376125 242.71562546849822 -1 -1 -1 -1 -1 -1 -1 -1 1 
136 7 Car -1.000000 -1 -1 122.08819854503065 199.28097230597186 292.7621560851828 298.4086866132342 -1 -1 -1 -1 -1 -1 -1 -1 1 
137 35 Car -1.000000 -1 -1 243.53998623902982 182.79906064988327 346.0554303756127 243.65164694161368 -1 -1 -1 -1 -1 -1 -1 -1 1 
137 34 Car -1.000000 -1 -1 478.7751763990292 172.66998157048454 506.2062776615986 198.6463086751218 -1 -1 -1 -1 -1 -1 -1 -1 1 
137 26 Car -1.000000 -1 -1 636.0831631357566 183.7257490887378 808.5922514769034 290.6370114069432 -1 -1 -1 -1 -1 -1 -1 -1 1 
137 17 Car -1.000000 -1 -1 554.7050838493383 178.51238429116518 643.3843428790568 239.1894518111188 -1 -1 -1 -1 -1 -1 -1 -1 1 
137 13 Car -1.000000 -1 -1 819.8825172615739 182.73328248268137 1048.9169121550826 318.46792189977486 -1 -1 -1 -1 -1 -1 -1 -1 1 
137 7 Car -1.000000 -1 -1 111.65961100519274 198.82435864733102 287.3516463979792 302.25233965589166 -1 -1 -1 -1 -1 -1 -1 -1 1 
138 35 Car -1.000000 -1 -1 245.65385105575507 180.87931038238682 349.4170712570732 245.8510553249373 -1 -1 -1 -1 -1 -1 -1 -1 1 
138 26 Car -1.000000 -1 -1 648.6305575488279 181.50657429718052 832.7048252795179 292.53873558571706 -1 -1 -1 -1 -1 -1 -1 -1 1 
138 17 Car -1.000000 -1 -1 560.75230139322 175.80675333738327 659.3784592581483 241.70390487863466 -1 -1 -1 -1 -1 -1 -1 -1 1 
138 7 Car -1.000000 -1 -1 104.13021454329674 197.61716726665887 288.8982550765459 306.35211980328535 -1 -1 -1 -1 -1 -1 -1 -1 1 
139 35 Car -1.000000 -1 -1 247.1918096450659 182.50311209032168 352.44635410033743 244.2809476588781 -1 -1 -1 -1 -1 -1 -1 -1 1 
139 26 Car -1.000000 -1 -1 654.4747591875492 182.95705710681014 862.8002700590743 301.2842989634149 -1 -1 -1 -1 -1 -1 -1 -1 1 
139 25 Car -1.000000 -1 -1 894.9407257741461 176.3769619596692 1197.1506194627057 375.63366478738874 -1 -1 -1 -1 -1 -1 -1 -1 1 
139 17 Car -1.000000 -1 -1 565.2387850508094 177.85957469963108 662.7181416526437 241.36008479847357 -1 -1 -1 -1 -1 -1 -1 -1 1 
139 7 Car -1.000000 -1 -1 72.97702855330246 196.57988805108917 283.1320426005583 312.63328442135105 -1 -1 -1 -1 -1 -1 -1 -1 1 
140 35 Car -1.000000 -1 -1 246.5016066048008 180.69975937788303 353.2236863896251 246.52711244729846 -1 -1 -1 -1 -1 -1 -1 -1 1 
140 26 Car -1.000000 -1 -1 667.2721351029782 184.8645254683036 903.2183877447477 319.08327641968543 -1 -1 -1 -1 -1 -1 -1 -1 1 
140 25 Car -1.000000 -1 -1 951.8026137529657 177.29545714190368 1249.4742170302914 377.95189782403975 -1 -1 -1 -1 -1 -1 -1 -1 1 
140 17 Car -1.000000 -1 -1 586.9758666742307 175.77564030384212 687.4726903129083 250.49310175773616 -1 -1 -1 -1 -1 -1 -1 -1 1 
140 7 Car -1.000000 -1 -1 47.354445567211286 196.23660102773172 279.45146552444646 316.01851626944085 -1 -1 -1 -1 -1 -1 -1 -1 1 
141 35 Car -1.000000 -1 -1 223.44976026292602 182.61815774111219 367.2175374511056 262.0241940558816 -1 -1 -1 -1 -1 -1 -1 -1 1 
141 26 Car -1.000000 -1 -1 679.9070800717634 180.15957903116941 934.3768082590631 333.588381871008 -1 -1 -1 -1 -1 -1 -1 -1 1 
141 25 Car -1.000000 -1 -1 1003.421086460352 173.04393351794437 1242.2467940747738 377.1641009057371 -1 -1 -1 -1 -1 -1 -1 -1 1 
141 17 Car -1.000000 -1 -1 607.7987513931898 173.51715384910887 703.3309290111065 263.61666329634875 -1 -1 -1 -1 -1 -1 -1 -1 1 
141 7 Car -1.000000 -1 -1 27.057247673949377 199.5820671391602 281.7650580076644 331.52436389802745 -1 -1 -1 -1 -1 -1 -1 -1 1 
142 37 Car -1.000000 -1 -1 325.28681138215154 187.91736483287352 381.80815329173436 238.05623967200518 -1 -1 -1 -1 -1 -1 -1 -1 1 
142 35 Car -1.000000 -1 -1 224.05420706019953 187.082523945719 336.2417708715567 265.9201994180106 -1 -1 -1 -1 -1 -1 -1 -1 1 
142 28 Car -1.000000 -1 -1 560.9733481570505 180.53870492328247 639.2319745579018 237.40480079029044 -1 -1 -1 -1 -1 -1 -1 -1 1 
142 26 Car -1.000000 -1 -1 700.0604864805937 187.4456745214187 986.9383052140474 344.88058649003506 -1 -1 -1 -1 -1 -1 -1 -1 1 
142 25 Car -1.000000 -1 -1 1081.1496167740283 148.22907975086798 1235.8742543589324 387.13541397681604 -1 -1 -1 -1 -1 -1 -1 -1 1 
142 17 Car -1.000000 -1 -1 599.5033593066036 175.6885562790558 722.8550464760224 264.18165609133075 -1 -1 -1 -1 -1 -1 -1 -1 1 
142 7 Car -1.000000 -1 -1 7.856773827511546 201.3662354483341 265.821530285363 339.3070858079367 -1 -1 -1 -1 -1 -1 -1 -1 1 
143 37 Car -1.000000 -1 -1 333.7379438693707 187.37458749316062 392.3345491152544 239.00299895411501 -1 -1 -1 -1 -1 -1 -1 -1 1 
143 35 Car -1.000000 -1 -1 213.47790530137718 186.22784535042368 341.38831541128457 279.405740268815 -1 -1 -1 -1 -1 -1 -1 -1 1 
143 28 Car -1.000000 -1 -1 569.56948328534 181.4510281233547 642.3434866798611 233.65684364062662 -1 -1 -1 -1 -1 -1 -1 -1 1 
143 26 Car -1.000000 -1 -1 721.8326414634403 182.7317607374145 1059.3304234106954 365.60285385124956 -1 -1 -1 -1 -1 -1 -1 -1 1 
143 17 Car -1.000000 -1 -1 617.9128185841614 177.54638625774533 740.2320990002213 268.4173601088472 -1 -1 -1 -1 -1 -1 -1 -1 1 
143 7 Car -1.000000 -1 -1 -5.567039314943997 202.2675018435201 271.02413032547787 359.07411054134946 -1 -1 -1 -1 -1 -1 -1 -1 1 
144 37 Car -1.000000 -1 -1 336.41625074469124 186.57133730056768 398.98910850515733 239.98836082263063 -1 -1 -1 -1 -1 -1 -1 -1 1 
144 35 Car -1.000000 -1 -1 213.48826775542244 185.1290949763587 344.1502296430274 282.53703252770583 -1 -1 -1 -1 -1 -1 -1 -1 1 
144 28 Car -1.000000 -1 -1 574.3755953796208 179.89976826804474 641.835673045367 232.81975626909673 -1 -1 -1 -1 -1 -1 -1 -1 1 
144 26 Car -1.000000 -1 -1 755.785390576491 183.7276774100386 1121.8102634159418 380.4426132343136 -1 -1 -1 -1 -1 -1 -1 -1 1 
144 17 Car -1.000000 -1 -1 623.0180694625641 177.28317883582068 762.9502630573338 274.4109618047682 -1 -1 -1 -1 -1 -1 -1 -1 1 
144 7 Car -1.000000 -1 -1 -9.106337264753307 200.96856862521514 265.2818413073054 363.600772823422 -1 -1 -1 -1 -1 -1 -1 -1 1 
145 37 Car -1.000000 -1 -1 337.8849331673522 186.70231316131182 403.4133085304728 240.3521304502367 -1 -1 -1 -1 -1 -1 -1 -1 1 
145 35 Car -1.000000 -1 -1 217.98696619286562 184.6972795543619 339.14655683117996 284.9887133880447 -1 -1 -1 -1 -1 -1 -1 -1 1 
145 28 Car -1.000000 -1 -1 576.4349293190127 178.2703264258229 644.084688421912 232.74900384533865 -1 -1 -1 -1 -1 -1 -1 -1 1 
145 26 Car -1.000000 -1 -1 769.1318502088006 184.3431344470726 1209.8979893435653 380.8610652430127 -1 -1 -1 -1 -1 -1 -1 -1 1 
145 17 Car -1.000000 -1 -1 633.2133604017301 175.11987926151892 784.1389099630312 275.9913090401544 -1 -1 -1 -1 -1 -1 -1 -1 1 
145 7 Car -1.000000 -1 -1 -4.083133439891611 197.09463759612004 257.56488275441984 366.4000389846758 -1 -1 -1 -1 -1 -1 -1 -1 1 
146 37 Car -1.000000 -1 -1 336.6597685037324 185.95443408972082 406.55652391423394 240.53618683515546 -1 -1 -1 -1 -1 -1 -1 -1 1 
146 35 Car -1.000000 -1 -1 207.67073647634913 183.93292504613504 339.7135244165189 287.983005749993 -1 -1 -1 -1 -1 -1 -1 -1 1 
146 26 Car -1.000000 -1 -1 791.8929738459678 183.05842166479965 1234.831816947231 381.2359692887045 -1 -1 -1 -1 -1 -1 -1 -1 1 
146 17 Car -1.000000 -1 -1 659.2781750079816 175.49752096573894 804.8386448230593 279.3423642690938 -1 -1 -1 -1 -1 -1 -1 -1 1 
146 7 Car -1.000000 -1 -1 -20.334454751358578 196.92542018870319 251.19867420597717 366.8304915145899 -1 -1 -1 -1 -1 -1 -1 -1 1 
147 38 Car -1.000000 -1 -1 606.5721355126453 178.42825641855597 688.2213616462853 236.86419516945114 -1 -1 -1 -1 -1 -1 -1 -1 1 
147 37 Car -1.000000 -1 -1 336.2607235332521 184.6708351602921 412.2963774505142 241.57143040345267 -1 -1 -1 -1 -1 -1 -1 -1 1 
147 35 Car -1.000000 -1 -1 189.4345823069318 180.2023264686935 344.97106783192316 288.2250510693456 -1 -1 -1 -1 -1 -1 -1 -1 1 
147 26 Car -1.000000 -1 -1 797.425385754842 184.76142118183463 1249.8024226839725 379.6537998490609 -1 -1 -1 -1 -1 -1 -1 -1 1 
147 17 Car -1.000000 -1 -1 663.6372103216843 173.6460455442564 830.81183487793 278.0725152339213 -1 -1 -1 -1 -1 -1 -1 -1 1 
147 7 Car -1.000000 -1 -1 -12.244283067205771 198.93344339484776 234.99974227037566 366.39479642662286 -1 -1 -1 -1 -1 -1 -1 -1 1 
148 38 Car -1.000000 -1 -1 622.2474493407286 176.59937866175406 695.5388191319429 236.93427110377414 -1 -1 -1 -1 -1 -1 -1 -1 1 
148 37 Car -1.000000 -1 -1 336.06850340074067 185.59282178130863 409.45898481257825 240.52838159080312 -1 -1 -1 -1 -1 -1 -1 -1 1 
148 35 Car -1.000000 -1 -1 167.00818198690047 177.2802072899559 344.39966571560274 294.6859109036338 -1 -1 -1 -1 -1 -1 -1 -1 1 
148 26 Car -1.000000 -1 -1 824.7948304959214 181.05825746002108 1254.7924752332842 385.0006969072498 -1 -1 -1 -1 -1 -1 -1 -1 1 
148 17 Car -1.000000 -1 -1 661.7503264202521 170.90136491550277 848.4495663574108 281.4916957778713 -1 -1 -1 -1 -1 -1 -1 -1 1 
148 7 Car -1.000000 -1 -1 0.412783572593554 201.50821500171259 209.7672679260946 365.50717555487955 -1 -1 -1 -1 -1 -1 -1 -1 1 
149 38 Car -1.000000 -1 -1 625.8875580183587 174.52389806007534 690.8480742453381 240.80403004056558 -1 -1 -1 -1 -1 -1 -1 -1 1 
149 37 Car -1.000000 -1 -1 325.85982496320054 189.26706901178338 400.23078803517495 253.76339380342802 -1 -1 -1 -1 -1 -1 -1 -1 1 
149 35 Car -1.000000 -1 -1 149.27207321501695 175.3044491991974 345.82167322933674 303.5457080158477 -1 -1 -1 -1 -1 -1 -1 -1 1 
149 26 Car -1.000000 -1 -1 890.2259520808091 210.58867984594633 1237.05579807552 376.5716504198141 -1 -1 -1 -1 -1 -1 -1 -1 1 
149 17 Car -1.000000 -1 -1 698.9383943433372 173.30658856707697 885.0756067051911 299.1162135373228 -1 -1 -1 -1 -1 -1 -1 -1 1 
149 7 Car -1.000000 -1 -1 1.2306746611228334 202.05284173313817 198.84297191179715 362.67171192985893 -1 -1 -1 -1 -1 -1 -1 -1 1 
150 38 Car -1.000000 -1 -1 614.7957771566626 172.5409504993317 683.7948423432043 218.71113850591846 -1 -1 -1 -1 -1 -1 -1 -1 1 
150 37 Car -1.000000 -1 -1 322.7611917463633 191.45903431882078 403.759489699052 256.07536292563265 -1 -1 -1 -1 -1 -1 -1 -1 1 
150 35 Car -1.000000 -1 -1 124.0919366398683 178.23192887366395 326.80613816128323 306.0474698610891 -1 -1 -1 -1 -1 -1 -1 -1 1 
150 26 Car -1.000000 -1 -1 951.579822859512 239.58079319877118 1237.8304603392116 375.9678816781021 -1 -1 -1 -1 -1 -1 -1 -1 1 
150 17 Car -1.000000 -1 -1 712.5435843318701 177.99672880209982 924.3857100365253 305.77186041941434 -1 -1 -1 -1 -1 -1 -1 -1 1 
150 7 Car -1.000000 -1 -1 5.8810942244644195 207.45241615133216 167.9155655569182 377.7888958664754 -1 -1 -1 -1 -1 -1 -1 -1 1 
151 42 Car -1.000000 -1 -1 653.9009268389871 181.56683899892062 743.0213753887666 244.3100409224056 -1 -1 -1 -1 -1 -1 -1 -1 1 
151 41 Car -1.000000 -1 -1 355.35124158286135 187.60292646654236 431.65547651396355 238.4484878902395 -1 -1 -1 -1 -1 -1 -1 -1 1 
151 37 Car -1.000000 -1 -1 321.30360512721995 194.35577153658065 406.2922388939903 257.436763190736 -1 -1 -1 -1 -1 -1 -1 -1 1 
151 35 Car -1.000000 -1 -1 84.35301089716648 177.6042694512468 331.9295280945416 322.06761414328446 -1 -1 -1 -1 -1 -1 -1 -1 1 
151 17 Car -1.000000 -1 -1 731.970997363329 177.68064186048622 953.0451163213988 329.23331181518734 -1 -1 -1 -1 -1 -1 -1 -1 1 
151 7 Car -1.000000 -1 -1 1.0985350872461623 216.48375208203038 132.17172309183155 370.8571750993052 -1 -1 -1 -1 -1 -1 -1 -1 1 
152 42 Car -1.000000 -1 -1 644.7838761944038 180.77962526765006 728.4360272609272 241.36594428609197 -1 -1 -1 -1 -1 -1 -1 -1 1 
152 41 Car -1.000000 -1 -1 353.7417638915089 191.62759288715628 429.69513354221215 247.9492829611095 -1 -1 -1 -1 -1 -1 -1 -1 1 
152 37 Car -1.000000 -1 -1 303.1454753554784 198.42928336360134 394.19713505414813 271.40546042042286 -1 -1 -1 -1 -1 -1 -1 -1 1 
152 35 Car -1.000000 -1 -1 28.689958538573535 175.39212573319674 325.1346982230361 357.51971050810357 -1 -1 -1 -1 -1 -1 -1 -1 1 
152 29 Car -1.000000 -1 -1 613.5094115344377 176.3450839700034 653.8793756893048 208.75757148202794 -1 -1 -1 -1 -1 -1 -1 -1 1 
152 17 Car -1.000000 -1 -1 753.0420949863126 180.88766386230975 997.3365727304838 349.57792210535933 -1 -1 -1 -1 -1 -1 -1 -1 1 
152 7 Car -1.000000 -1 -1 2.4788098375384635 216.44640285879947 103.05329271176687 373.34507902582675 -1 -1 -1 -1 -1 -1 -1 -1 1 
153 42 Car -1.000000 -1 -1 651.7680374670487 182.69220761095102 727.3375277645312 238.02322872842734 -1 -1 -1 -1 -1 -1 -1 -1 1 
153 41 Car -1.000000 -1 -1 353.52686562503754 190.12282489655684 432.3443235428287 249.81914129323113 -1 -1 -1 -1 -1 -1 -1 -1 1 
153 37 Car -1.000000 -1 -1 294.94875872364406 199.39059792802885 392.4068355560302 276.6900718785249 -1 -1 -1 -1 -1 -1 -1 -1 1 
153 35 Car -1.000000 -1 -1 -1.7121992919307445 179.5757058649682 319.14494388665145 354.98641707146396 -1 -1 -1 -1 -1 -1 -1 -1 1 
153 29 Car -1.000000 -1 -1 618.0309457733082 176.9477900905678 656.1534246022885 206.6265005403413 -1 -1 -1 -1 -1 -1 -1 -1 1 
153 17 Car -1.000000 -1 -1 768.0026724670943 173.2310691776757 1065.825267079931 373.6483335423355 -1 -1 -1 -1 -1 -1 -1 -1 1 
