0 2 Car -1.000000 -1 -1 101.66693466765614 173.94867210830486 220.6276994682137 223.0129767685456 -1 -1 -1 -1 -1 -1 -1 -1 1 
0 1 Car -1.000000 -1 -1 -0.9629615433610965 181.0745413941933 109.56141587433729 234.14275332172483 -1 -1 -1 -1 -1 -1 -1 -1 1 
1 3 Car -1.000000 -1 -1 722.8351503807594 173.13067841668393 742.6633689023151 181.20749268714204 -1 -1 -1 -1 -1 -1 -1 -1 1 
1 2 Car -1.000000 -1 -1 71.67002717806741 173.5098538024781 195.90023213624954 226.0440262930038 -1 -1 -1 -1 -1 -1 -1 -1 1 
1 1 Car -1.000000 -1 -1 2.0221854554346024 180.1921433697526 75.36276137685547 235.94688473699182 -1 -1 -1 -1 -1 -1 -1 -1 1 
2 2 Car -1.000000 -1 -1 23.124958757311106 175.84441967595083 206.93112061201379 231.59060075592538 -1 -1 -1 -1 -1 -1 -1 -1 1 
3 2 Car -1.000000 -1 -1 4.924252363065136 179.3682473138548 165.16456970830376 234.16402695987088 -1 -1 -1 -1 -1 -1 -1 -1 1 
4 2 Car -1.000000 -1 -1 0.24227652813380018 175.19904741157706 116.77865431687007 242.01882619840592 -1 -1 -1 -1 -1 -1 -1 -1 1 
5 2 Car -1.000000 -1 -1 0.9984706995578847 171.86546071360888 83.33110522421507 242.15935224380627 -1 -1 -1 -1 -1 -1 -1 -1 1 
6 4 Car -1.000000 -1 -1 66.85397758449498 182.36198448217831 164.73597347679043 227.42384643508836 -1 -1 -1 -1 -1 -1 -1 -1 1 
6 2 Car -1.000000 -1 -1 0.0037019823033048738 172.0445176693969 53.0839407423941 240.39239660263632 -1 -1 -1 -1 -1 -1 -1 -1 1 
7 4 Car -1.000000 -1 -1 1.1231564816373947 182.54416541626247 143.74544232797166 228.66458340118137 -1 -1 -1 -1 -1 -1 -1 -1 1 
19 3 Car -1.000000 -1 -1 693.731960278864 171.90104656709502 722.5520464405416 181.94778988925884 -1 -1 -1 -1 -1 -1 -1 -1 1 
23 3 Car -1.000000 -1 -1 696.2779706246577 171.99038602232645 721.9795829160854 183.02938253439675 -1 -1 -1 -1 -1 -1 -1 -1 1 
24 3 Car -1.000000 -1 -1 691.2061667817717 172.71816550503272 718.3383052569743 182.6663774599393 -1 -1 -1 -1 -1 -1 -1 -1 1 
25 3 Car -1.000000 -1 -1 685.9362873996679 173.45757109041398 719.3950678969804 184.44026705737298 -1 -1 -1 -1 -1 -1 -1 -1 1 
47 5 Car -1.000000 -1 -1 714.8784044439403 182.52533009777275 741.3412712139007 196.21390138322917 -1 -1 -1 -1 -1 -1 -1 -1 1 
48 5 Car -1.000000 -1 -1 714.9669190668142 181.55124624116488 741.7065527462041 196.27026635078855 -1 -1 -1 -1 -1 -1 -1 -1 1 
49 6 Car -1.000000 -1 -1 499.43823186250836 178.27354040211785 540.3391887270487 200.39399055979 -1 -1 -1 -1 -1 -1 -1 -1 1 
50 6 Car -1.000000 -1 -1 492.5933019965887 175.3438624123541 533.7796006741432 197.62496947525784 -1 -1 -1 -1 -1 -1 -1 -1 1 
51 6 Car -1.000000 -1 -1 481.2189623484245 177.31750058010223 528.316824399508 200.0630585691677 -1 -1 -1 -1 -1 -1 -1 -1 1 
52 6 Car -1.000000 -1 -1 467.8200435821827 177.43797931605235 517.2839341163635 201.85444874760626 -1 -1 -1 -1 -1 -1 -1 -1 1 
53 6 Car -1.000000 -1 -1 447.728972946222 180.11371830764872 500.7793335433189 202.2196500418851 -1 -1 -1 -1 -1 -1 -1 -1 1 
54 6 Car -1.000000 -1 -1 437.7930303983963 180.45776276491011 492.14882922057916 203.80940005326502 -1 -1 -1 -1 -1 -1 -1 -1 1 
54 5 Car -1.000000 -1 -1 708.0659371706155 172.67090691110263 739.7492510126186 197.29252181087548 -1 -1 -1 -1 -1 -1 -1 -1 1 
55 6 Car -1.000000 -1 -1 420.61814662814146 178.97854464200256 480.0138034797632 205.05048185945134 -1 -1 -1 -1 -1 -1 -1 -1 1 
55 5 Car -1.000000 -1 -1 706.3541760020531 171.73862881743565 738.7124404253868 197.60285925048476 -1 -1 -1 -1 -1 -1 -1 -1 1 
56 6 Car -1.000000 -1 -1 405.193089152758 178.6633120634808 465.5865084460149 205.8700187346683 -1 -1 -1 -1 -1 -1 -1 -1 1 
57 6 Car -1.000000 -1 -1 388.4593916993874 177.3693124548747 454.5087779622811 209.02930816205648 -1 -1 -1 -1 -1 -1 -1 -1 1 
58 6 Car -1.000000 -1 -1 366.1281005419218 182.31322501714413 434.4379670619965 213.1440441768903 -1 -1 -1 -1 -1 -1 -1 -1 1 
59 6 Car -1.000000 -1 -1 337.2047235040137 182.01023254256984 419.50695881562734 214.75800671256508 -1 -1 -1 -1 -1 -1 -1 -1 1 
60 6 Car -1.000000 -1 -1 314.678765876935 179.8182407197041 397.7171456103141 219.12044722837612 -1 -1 -1 -1 -1 -1 -1 -1 1 
60 5 Car -1.000000 -1 -1 698.199390374697 176.1876411485271 731.2055848057452 202.5579322093668 -1 -1 -1 -1 -1 -1 -1 -1 1 
61 6 Car -1.000000 -1 -1 279.337249324872 175.64967340933015 379.70814541669995 221.89892876821642 -1 -1 -1 -1 -1 -1 -1 -1 1 
61 5 Car -1.000000 -1 -1 696.343435723048 176.55217903666198 732.3855296923564 202.70703906694857 -1 -1 -1 -1 -1 -1 -1 -1 1 
62 6 Car -1.000000 -1 -1 242.73625087738037 176.17540217291278 351.27161686695536 223.95530760359878 -1 -1 -1 -1 -1 -1 -1 -1 1 
62 5 Car -1.000000 -1 -1 694.787615865469 176.45183083816218 732.6010209023952 202.46651159742706 -1 -1 -1 -1 -1 -1 -1 -1 1 
63 6 Car -1.000000 -1 -1 202.0450351650898 178.4747725424285 320.3469291191834 229.80406267855028 -1 -1 -1 -1 -1 -1 -1 -1 1 
63 5 Car -1.000000 -1 -1 694.100029108616 176.00201073890696 731.8169772464495 202.48054924349373 -1 -1 -1 -1 -1 -1 -1 -1 1 
64 6 Car -1.000000 -1 -1 156.57086935008945 178.02219565671223 293.492283962667 236.80436052381992 -1 -1 -1 -1 -1 -1 -1 -1 1 
64 5 Car -1.000000 -1 -1 693.8259752897117 175.62168983456033 732.8769396818602 203.38147961033079 -1 -1 -1 -1 -1 -1 -1 -1 1 
65 6 Car -1.000000 -1 -1 92.763244870477 188.19249032710033 255.22162529740197 247.40458675660193 -1 -1 -1 -1 -1 -1 -1 -1 1 
65 5 Car -1.000000 -1 -1 692.8477678849148 174.44508243352175 736.3730004429818 207.50747370318726 -1 -1 -1 -1 -1 -1 -1 -1 1 
66 6 Car -1.000000 -1 -1 19.027895770393883 185.87237004584705 217.2065673069312 260.0098620974817 -1 -1 -1 -1 -1 -1 -1 -1 1 
66 5 Car -1.000000 -1 -1 692.674819130164 174.59910860858287 736.9247554311386 209.07964374726782 -1 -1 -1 -1 -1 -1 -1 -1 1 
67 6 Car -1.000000 -1 -1 1.9345888985464228 185.8771841865606 168.7215057717493 269.1190927468527 -1 -1 -1 -1 -1 -1 -1 -1 1 
67 5 Car -1.000000 -1 -1 695.871879199663 174.3124593407489 740.3678052221926 210.04610834643245 -1 -1 -1 -1 -1 -1 -1 -1 1 
68 6 Car -1.000000 -1 -1 -4.603111671140553 188.55916796467054 113.04797155180803 279.25185298618794 -1 -1 -1 -1 -1 -1 -1 -1 1 
68 5 Car -1.000000 -1 -1 694.1952924685411 172.24447092471215 742.4481943527668 208.26570625202015 -1 -1 -1 -1 -1 -1 -1 -1 1 
69 5 Car -1.000000 -1 -1 696.1941507908587 171.0797201555509 742.7815005312171 208.55704035896522 -1 -1 -1 -1 -1 -1 -1 -1 1 
70 5 Car -1.000000 -1 -1 697.5752361227686 172.57287464319512 746.8786660197835 209.80337036487 -1 -1 -1 -1 -1 -1 -1 -1 1 
71 5 Car -1.000000 -1 -1 700.0825435542143 173.08488814160228 750.0861906890686 211.3382855358605 -1 -1 -1 -1 -1 -1 -1 -1 1 
72 8 Car -1.000000 -1 -1 900.32117792047 164.2164921638771 942.2997460113122 176.56350352514823 -1 -1 -1 -1 -1 -1 -1 -1 1 
72 5 Car -1.000000 -1 -1 701.1146938754962 178.47875781500568 753.6610937256079 213.27412046062258 -1 -1 -1 -1 -1 -1 -1 -1 1 
73 5 Car -1.000000 -1 -1 703.609827456566 179.9430906987534 756.760417582897 217.29262234069978 -1 -1 -1 -1 -1 -1 -1 -1 1 
74 5 Car -1.000000 -1 -1 708.3459844887255 179.42950881731053 760.8813654115565 219.81299604074314 -1 -1 -1 -1 -1 -1 -1 -1 1 
75 5 Car -1.000000 -1 -1 710.170468286826 179.68816338823393 764.78760645252 221.18002835374614 -1 -1 -1 -1 -1 -1 -1 -1 1 
76 5 Car -1.000000 -1 -1 711.3794339528449 179.06503744709948 763.9498419669957 219.96949219073238 -1 -1 -1 -1 -1 -1 -1 -1 1 
77 5 Car -1.000000 -1 -1 714.4726045080101 178.3335619749358 774.059677494833 220.5619028626153 -1 -1 -1 -1 -1 -1 -1 -1 1 
78 5 Car -1.000000 -1 -1 719.6618069063586 172.91383198104225 780.5476316652047 222.11681209647884 -1 -1 -1 -1 -1 -1 -1 -1 1 
79 5 Car -1.000000 -1 -1 721.642452856669 179.2554614993815 788.3621856684867 228.15521681108152 -1 -1 -1 -1 -1 -1 -1 -1 1 
80 5 Car -1.000000 -1 -1 717.2971974304662 179.78794099942138 797.3102890376288 230.30774781587894 -1 -1 -1 -1 -1 -1 -1 -1 1 
81 5 Car -1.000000 -1 -1 720.8326069019162 182.61435012727117 802.2414987001282 232.35719664416348 -1 -1 -1 -1 -1 -1 -1 -1 1 
82 5 Car -1.000000 -1 -1 719.361438102447 181.88233367310693 806.2036967438 234.9041908657035 -1 -1 -1 -1 -1 -1 -1 -1 1 
83 9 Car -1.000000 -1 -1 1147.6664788913554 157.42797202144106 1234.5256316196173 182.70146246784583 -1 -1 -1 -1 -1 -1 -1 -1 1 
83 5 Car -1.000000 -1 -1 733.4250772159833 181.33700866467103 815.5275955383594 238.4539149307574 -1 -1 -1 -1 -1 -1 -1 -1 1 
84 9 Car -1.000000 -1 -1 1156.127865992343 156.5699624793174 1238.523538497348 181.73116873591565 -1 -1 -1 -1 -1 -1 -1 -1 1 
84 5 Car -1.000000 -1 -1 731.3944230956528 182.79323608686147 828.1599624838967 242.84098988685474 -1 -1 -1 -1 -1 -1 -1 -1 1 
85 9 Car -1.000000 -1 -1 1161.0030080535664 156.0887534959385 1240.589921293637 182.61551889232717 -1 -1 -1 -1 -1 -1 -1 -1 1 
85 5 Car -1.000000 -1 -1 730.4064791019146 183.53161088620814 841.1754414439201 245.38816638792363 -1 -1 -1 -1 -1 -1 -1 -1 1 
86 5 Car -1.000000 -1 -1 730.7927882424914 186.52346255615927 855.8714612785441 249.6538663891932 -1 -1 -1 -1 -1 -1 -1 -1 1 
87 10 Car -1.000000 -1 -1 649.997931505625 172.1052277403382 707.992869154765 196.87163034597268 -1 -1 -1 -1 -1 -1 -1 -1 1 
87 5 Car -1.000000 -1 -1 735.9826997885336 186.75547218523346 868.1053608931027 252.11863395256492 -1 -1 -1 -1 -1 -1 -1 -1 1 
88 10 Car -1.000000 -1 -1 636.3738564780126 172.34902888034975 695.8693613249523 197.76332519876846 -1 -1 -1 -1 -1 -1 -1 -1 1 
88 5 Car -1.000000 -1 -1 738.6531802358535 184.29042269977236 874.3215342542298 256.50299010941615 -1 -1 -1 -1 -1 -1 -1 -1 1 
89 10 Car -1.000000 -1 -1 628.6036598854339 170.86612282750698 683.1291729658841 198.66240289635383 -1 -1 -1 -1 -1 -1 -1 -1 1 
89 5 Car -1.000000 -1 -1 750.5293314775022 183.19170069522582 885.4482663987347 262.4782096737853 -1 -1 -1 -1 -1 -1 -1 -1 1 
90 11 Car -1.000000 -1 -1 380.7820064350962 180.56358482975227 437.27588715633516 204.04059927050886 -1 -1 -1 -1 -1 -1 -1 -1 1 
90 10 Car -1.000000 -1 -1 615.2922782393603 172.78442490630997 664.9672709199099 198.92149918282834 -1 -1 -1 -1 -1 -1 -1 -1 1 
90 9 Car -1.000000 -1 -1 1177.3738605242509 153.6719354156118 1239.8411501279243 184.17867796065715 -1 -1 -1 -1 -1 -1 -1 -1 1 
90 5 Car -1.000000 -1 -1 755.0939592959788 184.31466611890266 900.7704148877125 266.53708207707564 -1 -1 -1 -1 -1 -1 -1 -1 1 
91 11 Car -1.000000 -1 -1 387.2736540459669 179.95299042489094 442.75934563004046 204.13421852012667 -1 -1 -1 -1 -1 -1 -1 -1 1 
91 10 Car -1.000000 -1 -1 608.9117954465058 171.32725559461576 665.7483334862268 200.0654939418802 -1 -1 -1 -1 -1 -1 -1 -1 1 
91 9 Car -1.000000 -1 -1 1177.2927062671918 154.03476715661012 1238.3474946732704 183.6843311500091 -1 -1 -1 -1 -1 -1 -1 -1 1 
91 5 Car -1.000000 -1 -1 760.0944510865955 177.94806841545952 919.962234196038 272.95053590877126 -1 -1 -1 -1 -1 -1 -1 -1 1 
92 11 Car -1.000000 -1 -1 391.2899491145061 180.81180785352794 454.47080394854913 203.3187282235863 -1 -1 -1 -1 -1 -1 -1 -1 1 
92 10 Car -1.000000 -1 -1 586.0464037863107 172.97053136504613 634.4799762161878 199.5543175591872 -1 -1 -1 -1 -1 -1 -1 -1 1 
92 9 Car -1.000000 -1 -1 1176.7130879140818 154.1851063688787 1237.9296979514454 183.51745078913294 -1 -1 -1 -1 -1 -1 -1 -1 1 
92 5 Car -1.000000 -1 -1 763.4037134474 185.8148453130315 938.0046404956912 281.93039274237185 -1 -1 -1 -1 -1 -1 -1 -1 1 
93 11 Car -1.000000 -1 -1 406.0495427497304 181.10343763748043 460.79284905642265 203.64212380865447 -1 -1 -1 -1 -1 -1 -1 -1 1 
93 10 Car -1.000000 -1 -1 582.9379174204972 171.97498177679685 641.1036342061482 201.06557599053932 -1 -1 -1 -1 -1 -1 -1 -1 1 
93 9 Car -1.000000 -1 -1 1180.687241992125 153.6062743801337 1240.5431084701647 184.9068927650268 -1 -1 -1 -1 -1 -1 -1 -1 1 
93 5 Car -1.000000 -1 -1 774.7010004170813 187.4752766094529 956.2951862932399 286.4542435138271 -1 -1 -1 -1 -1 -1 -1 -1 1 
94 11 Car -1.000000 -1 -1 406.3330249408117 178.7259495960405 464.84242406143596 203.0287459134482 -1 -1 -1 -1 -1 -1 -1 -1 1 
94 10 Car -1.000000 -1 -1 554.5751678138398 175.36148230115384 630.5530364264089 202.28151423641697 -1 -1 -1 -1 -1 -1 -1 -1 1 
94 5 Car -1.000000 -1 -1 770.7598604118594 188.86654764019812 976.2832128755175 291.48715966416955 -1 -1 -1 -1 -1 -1 -1 -1 1 
95 11 Car -1.000000 -1 -1 416.7829249936801 178.4791955545258 469.63616922497755 202.56066288297566 -1 -1 -1 -1 -1 -1 -1 -1 1 
95 10 Car -1.000000 -1 -1 541.1833339402308 180.13570135316024 581.1999236597463 203.37328350601288 -1 -1 -1 -1 -1 -1 -1 -1 1 
95 8 Car -1.000000 -1 -1 757.7184471109739 167.63847102769293 824.7647473296295 195.35222803600706 -1 -1 -1 -1 -1 -1 -1 -1 1 
95 5 Car -1.000000 -1 -1 784.2495308638764 190.11231447355107 1000.6146293895748 303.31954847161586 -1 -1 -1 -1 -1 -1 -1 -1 1 
96 11 Car -1.000000 -1 -1 421.1069769928088 178.91315832877387 474.37040435121605 202.02204925366317 -1 -1 -1 -1 -1 -1 -1 -1 1 
96 10 Car -1.000000 -1 -1 526.7584052531479 174.04832982888016 606.1246714146378 204.38407005097432 -1 -1 -1 -1 -1 -1 -1 -1 1 
96 8 Car -1.000000 -1 -1 747.2584180800387 167.72391647100451 817.9774716161191 195.28046357803623 -1 -1 -1 -1 -1 -1 -1 -1 1 
96 5 Car -1.000000 -1 -1 780.0216901869727 187.68232068620048 1028.2061379030347 311.21552982725774 -1 -1 -1 -1 -1 -1 -1 -1 1 
97 10 Car -1.000000 -1 -1 521.1196711063385 174.6057028022523 588.955604168085 204.62039861684806 -1 -1 -1 -1 -1 -1 -1 -1 1 
97 8 Car -1.000000 -1 -1 742.2376394157226 167.58374375506088 807.6148084745957 195.03213293277298 -1 -1 -1 -1 -1 -1 -1 -1 1 
97 5 Car -1.000000 -1 -1 788.3971387308377 190.09093868617828 1070.9695992034215 321.757239361222 -1 -1 -1 -1 -1 -1 -1 -1 1 
98 10 Car -1.000000 -1 -1 508.23073932986995 174.08396640362648 576.8008518425318 206.05562061357958 -1 -1 -1 -1 -1 -1 -1 -1 1 
98 8 Car -1.000000 -1 -1 724.5589077214782 169.01258857419285 797.296817722802 195.24192073955558 -1 -1 -1 -1 -1 -1 -1 -1 1 
98 5 Car -1.000000 -1 -1 798.6379574858225 190.49321942461222 1095.6986986261147 335.99112071813295 -1 -1 -1 -1 -1 -1 -1 -1 1 
99 8 Car -1.000000 -1 -1 713.5341557311611 167.99145988905087 787.3093765491191 196.08023108986137 -1 -1 -1 -1 -1 -1 -1 -1 1 
99 5 Car -1.000000 -1 -1 812.5493111805274 196.01430092006916 1129.207651545222 343.7877322475497 -1 -1 -1 -1 -1 -1 -1 -1 1 
100 8 Car -1.000000 -1 -1 702.2275443145862 169.39749228409852 775.8779688408742 197.62535203391545 -1 -1 -1 -1 -1 -1 -1 -1 1 
100 5 Car -1.000000 -1 -1 827.9832784693974 188.35814354511407 1161.9718929689664 362.5362062683472 -1 -1 -1 -1 -1 -1 -1 -1 1 
101 8 Car -1.000000 -1 -1 692.9552056290783 169.58981661054378 765.3874172745989 199.78477524665112 -1 -1 -1 -1 -1 -1 -1 -1 1 
101 5 Car -1.000000 -1 -1 829.7735252930568 190.3778298471409 1206.6199157788203 376.2145092925773 -1 -1 -1 -1 -1 -1 -1 -1 1 
102 8 Car -1.000000 -1 -1 681.7852299785097 170.14900834944387 755.9120485365677 200.83056064322594 -1 -1 -1 -1 -1 -1 -1 -1 1 
102 5 Car -1.000000 -1 -1 833.6695197281929 192.80439070784132 1249.0118438360782 375.8985958993435 -1 -1 -1 -1 -1 -1 -1 -1 1 
103 14 Car -1.000000 -1 -1 224.956089708381 182.29598043343194 308.00255746251116 211.03695643922455 -1 -1 -1 -1 -1 -1 -1 -1 1 
103 8 Car -1.000000 -1 -1 672.9579198201402 171.02175714591374 744.1223254041889 200.98394420571051 -1 -1 -1 -1 -1 -1 -1 -1 1 
103 5 Car -1.000000 -1 -1 856.2552064542588 190.9833070463859 1259.9364688877877 375.4866545876631 -1 -1 -1 -1 -1 -1 -1 -1 1 
104 14 Car -1.000000 -1 -1 225.53021657123014 180.7143561936055 307.6642285252993 211.44947518881122 -1 -1 -1 -1 -1 -1 -1 -1 1 
104 8 Car -1.000000 -1 -1 659.8582217859534 170.08688189805702 734.6074597199377 202.36429826428113 -1 -1 -1 -1 -1 -1 -1 -1 1 
104 5 Car -1.000000 -1 -1 854.400161860654 191.44718789567165 1264.5158094299527 375.1713027819418 -1 -1 -1 -1 -1 -1 -1 -1 1 
105 15 Car -1.000000 -1 -1 847.5022920284134 171.4862861419813 946.5748445752722 195.93060863777424 -1 -1 -1 -1 -1 -1 -1 -1 1 
105 14 Car -1.000000 -1 -1 226.85979331184464 182.59622101098873 310.39502256234675 211.00794952004574 -1 -1 -1 -1 -1 -1 -1 -1 1 
105 10 Car -1.000000 -1 -1 508.09127587079996 175.99685339686962 572.4029345925037 203.8497693406848 -1 -1 -1 -1 -1 -1 -1 -1 1 
105 8 Car -1.000000 -1 -1 646.7718574189796 169.9453154220604 725.9073640735677 202.6479633596654 -1 -1 -1 -1 -1 -1 -1 -1 1 
105 5 Car -1.000000 -1 -1 863.1127507852821 202.0098838346222 1256.385327370694 380.3980646547503 -1 -1 -1 -1 -1 -1 -1 -1 1 
106 16 Car -1.000000 -1 -1 322.8008833745351 180.69994203352297 431.7536232666327 226.0569562114632 -1 -1 -1 -1 -1 -1 -1 -1 1 
106 15 Car -1.000000 -1 -1 842.3929478463072 170.4200757130121 937.395817625408 195.83190087443936 -1 -1 -1 -1 -1 -1 -1 -1 1 
106 14 Car -1.000000 -1 -1 226.84205153985664 181.45676430028217 312.1597753929404 211.28807589411736 -1 -1 -1 -1 -1 -1 -1 -1 1 
106 10 Car -1.000000 -1 -1 514.309156880929 175.91573355289606 579.4841642150512 203.4587705364594 -1 -1 -1 -1 -1 -1 -1 -1 1 
106 8 Car -1.000000 -1 -1 632.5541073429182 169.750805460633 717.1882204710002 203.34692462347448 -1 -1 -1 -1 -1 -1 -1 -1 1 
106 5 Car -1.000000 -1 -1 879.5170912209612 206.1649846772735 1242.382583490358 377.995455565934 -1 -1 -1 -1 -1 -1 -1 -1 1 
107 16 Car -1.000000 -1 -1 297.1324695165341 179.99042781929558 415.9797149529824 231.17277932424957 -1 -1 -1 -1 -1 -1 -1 -1 1 
107 15 Car -1.000000 -1 -1 843.0825954913519 171.27065862027496 929.7399753249034 195.75386164853202 -1 -1 -1 -1 -1 -1 -1 -1 1 
107 14 Car -1.000000 -1 -1 229.8607566934079 182.05276393116668 316.10702109752367 211.03029551271064 -1 -1 -1 -1 -1 -1 -1 -1 1 
107 10 Car -1.000000 -1 -1 521.2831781423436 178.08725378619366 597.7168459631503 202.58517511403906 -1 -1 -1 -1 -1 -1 -1 -1 1 
107 8 Car -1.000000 -1 -1 619.6093548766981 173.12818921457688 699.8428586628288 203.83803376283208 -1 -1 -1 -1 -1 -1 -1 -1 1 
107 5 Car -1.000000 -1 -1 884.5766815296734 207.8170504850837 1250.2755585513437 375.6041841294903 -1 -1 -1 -1 -1 -1 -1 -1 1 
108 16 Car -1.000000 -1 -1 261.2336733865624 182.64943604859022 400.3507783163626 233.5021846856062 -1 -1 -1 -1 -1 -1 -1 -1 1 
108 15 Car -1.000000 -1 -1 828.4901788426707 171.78924605608557 920.8554430870483 198.6654172114168 -1 -1 -1 -1 -1 -1 -1 -1 1 
108 14 Car -1.000000 -1 -1 235.7005654424429 181.34576103721673 299.63915802309145 212.74664632689493 -1 -1 -1 -1 -1 -1 -1 -1 1 
108 10 Car -1.000000 -1 -1 536.0259905136548 171.95699184846418 597.2397077266986 201.07533016170444 -1 -1 -1 -1 -1 -1 -1 -1 1 
108 8 Car -1.000000 -1 -1 607.0733306726011 171.2285602160801 693.2570322342217 205.83290611214647 -1 -1 -1 -1 -1 -1 -1 -1 1 
108 5 Car -1.000000 -1 -1 906.6841379140433 212.92878578130444 1238.00598836289 377.0488577429205 -1 -1 -1 -1 -1 -1 -1 -1 1 
109 16 Car -1.000000 -1 -1 232.35281709352364 183.1156996687731 384.15575425613383 238.00351744732603 -1 -1 -1 -1 -1 -1 -1 -1 1 
109 15 Car -1.000000 -1 -1 823.4495509831377 172.05684191475694 904.6000500043423 197.06399663566398 -1 -1 -1 -1 -1 -1 -1 -1 1 
109 8 Car -1.000000 -1 -1 593.1323602296985 171.50561857180526 681.8013370627394 206.65661537518295 -1 -1 -1 -1 -1 -1 -1 -1 1 
109 5 Car -1.000000 -1 -1 921.512764986318 216.1365804763941 1239.2499757816013 376.8743001497709 -1 -1 -1 -1 -1 -1 -1 -1 1 
110 16 Car -1.000000 -1 -1 197.06981955153435 182.4616971067511 354.32176039740443 243.88417393828814 -1 -1 -1 -1 -1 -1 -1 -1 1 
110 15 Car -1.000000 -1 -1 819.1551927863978 172.4442655686289 907.5074555395314 197.9112763208552 -1 -1 -1 -1 -1 -1 -1 -1 1 
110 8 Car -1.000000 -1 -1 581.9397885710573 170.6101338361175 668.1377549455142 206.80111017113984 -1 -1 -1 -1 -1 -1 -1 -1 1 
110 5 Car -1.000000 -1 -1 939.2178630943481 217.64644579245493 1227.0736970420066 375.01676036761353 -1 -1 -1 -1 -1 -1 -1 -1 1 
111 16 Car -1.000000 -1 -1 153.26674666398992 184.17976750060916 335.99135026708245 252.28548970503303 -1 -1 -1 -1 -1 -1 -1 -1 1 
111 15 Car -1.000000 -1 -1 806.3921750322556 172.4361793961949 901.3310464119108 199.32496553071988 -1 -1 -1 -1 -1 -1 -1 -1 1 
111 8 Car -1.000000 -1 -1 572.2579095291977 171.2012494770953 656.526495904017 207.13766918589286 -1 -1 -1 -1 -1 -1 -1 -1 1 
111 5 Car -1.000000 -1 -1 947.7073707041832 216.81961682266916 1233.5650332329365 375.10497602992336 -1 -1 -1 -1 -1 -1 -1 -1 1 
112 16 Car -1.000000 -1 -1 105.73441304381075 183.36232215201912 296.257750339233 259.6574315998273 -1 -1 -1 -1 -1 -1 -1 -1 1 
112 8 Car -1.000000 -1 -1 551.9007380278065 171.5056317894218 643.4114236012101 207.46140864391168 -1 -1 -1 -1 -1 -1 -1 -1 1 
112 5 Car -1.000000 -1 -1 971.4876655692664 221.90188478606825 1245.0138348126065 373.1218424016753 -1 -1 -1 -1 -1 -1 -1 -1 1 
113 16 Car -1.000000 -1 -1 47.49532589803519 183.95490202013977 271.94856084510684 271.1453878840145 -1 -1 -1 -1 -1 -1 -1 -1 1 
113 8 Car -1.000000 -1 -1 539.7418835008374 171.1021079771364 635.6998380210538 209.22090001225186 -1 -1 -1 -1 -1 -1 -1 -1 1 
113 5 Car -1.000000 -1 -1 993.5467306759496 221.26740115121578 1239.928322441876 374.0744239901407 -1 -1 -1 -1 -1 -1 -1 -1 1 
114 16 Car -1.000000 -1 -1 -10.133954379420999 185.33493490674746 227.98926530090662 284.49724014633546 -1 -1 -1 -1 -1 -1 -1 -1 1 
114 14 Car -1.000000 -1 -1 261.95078720267 176.61087175544637 356.89084696081966 214.26362067890852 -1 -1 -1 -1 -1 -1 -1 -1 1 
114 8 Car -1.000000 -1 -1 521.3453889913284 170.848410227336 615.5933704273059 210.0587669813719 -1 -1 -1 -1 -1 -1 -1 -1 1 
114 5 Car -1.000000 -1 -1 1020.0871242834971 241.0721499293756 1244.4284576819493 377.57240624453584 -1 -1 -1 -1 -1 -1 -1 -1 1 
115 16 Car -1.000000 -1 -1 -2.734427684918046 187.47798294330445 173.1317911092192 296.84779737502913 -1 -1 -1 -1 -1 -1 -1 -1 1 
115 14 Car -1.000000 -1 -1 273.08009523497174 180.17222205750068 365.01768949971745 212.8905101965826 -1 -1 -1 -1 -1 -1 -1 -1 1 
115 8 Car -1.000000 -1 -1 508.56920013118247 172.20569543468838 604.984098461385 211.6178076606817 -1 -1 -1 -1 -1 -1 -1 -1 1 
116 16 Car -1.000000 -1 -1 2.044573701918125 186.7302459342262 120.39979057988296 295.7993174652354 -1 -1 -1 -1 -1 -1 -1 -1 1 
116 15 Car -1.000000 -1 -1 754.8545487210728 170.5909663847146 836.0422088609865 201.8323849994116 -1 -1 -1 -1 -1 -1 -1 -1 1 
116 14 Car -1.000000 -1 -1 283.1177785885162 179.47963705787862 380.986770117942 213.00177668364572 -1 -1 -1 -1 -1 -1 -1 -1 1 
116 8 Car -1.000000 -1 -1 494.88854348143707 172.66493515433885 596.4682650113335 211.78544145256566 -1 -1 -1 -1 -1 -1 -1 -1 1 
117 15 Car -1.000000 -1 -1 738.882747093359 170.68620301926364 832.4394456626706 202.36280628551657 -1 -1 -1 -1 -1 -1 -1 -1 1 
117 14 Car -1.000000 -1 -1 290.89374285635466 180.45863319331636 388.21972869637494 212.11691211479214 -1 -1 -1 -1 -1 -1 -1 -1 1 
117 8 Car -1.000000 -1 -1 470.8617903412535 172.21252297839294 573.1916317521379 214.2700877470466 -1 -1 -1 -1 -1 -1 -1 -1 1 
118 15 Car -1.000000 -1 -1 728.0047884977494 170.21402972750366 823.1946677309102 203.14532663458243 -1 -1 -1 -1 -1 -1 -1 -1 1 
118 14 Car -1.000000 -1 -1 301.12288300764675 180.49431774908533 387.284712746023 212.20877583926685 -1 -1 -1 -1 -1 -1 -1 -1 1 
118 8 Car -1.000000 -1 -1 458.95119872345373 172.82075615814674 561.179147088757 215.27184193165832 -1 -1 -1 -1 -1 -1 -1 -1 1 
119 15 Car -1.000000 -1 -1 709.4665608116641 174.2844575514587 812.3728981903539 204.12393032501524 -1 -1 -1 -1 -1 -1 -1 -1 1 
119 14 Car -1.000000 -1 -1 315.8058279205401 176.24437029903325 398.41317220347435 214.6409042716886 -1 -1 -1 -1 -1 -1 -1 -1 1 
119 12 Car -1.000000 -1 -1 989.3547922693766 159.08424339543743 1083.2306713645276 199.18264608042173 -1 -1 -1 -1 -1 -1 -1 -1 1 
119 8 Car -1.000000 -1 -1 443.97299398424525 172.90872850347884 545.18014337409 215.97755500652755 -1 -1 -1 -1 -1 -1 -1 -1 1 
120 15 Car -1.000000 -1 -1 700.80068434431 171.98164141378726 801.6932625793493 205.49943351831575 -1 -1 -1 -1 -1 -1 -1 -1 1 
120 12 Car -1.000000 -1 -1 976.6428587746161 158.99469619258664 1077.9500860766723 198.65245341609875 -1 -1 -1 -1 -1 -1 -1 -1 1 
120 8 Car -1.000000 -1 -1 417.38079611441265 173.2778097861088 529.437574227842 218.0826077954127 -1 -1 -1 -1 -1 -1 -1 -1 1 
121 15 Car -1.000000 -1 -1 689.665577227823 172.93163895821917 782.6129990545317 205.7148878140232 -1 -1 -1 -1 -1 -1 -1 -1 1 
121 12 Car -1.000000 -1 -1 953.8945129645558 160.61331793809168 1048.6773928501284 198.53073469578075 -1 -1 -1 -1 -1 -1 -1 -1 1 
121 8 Car -1.000000 -1 -1 415.5772066368507 173.33038422601442 512.0307032443011 221.05814073270616 -1 -1 -1 -1 -1 -1 -1 -1 1 
122 15 Car -1.000000 -1 -1 675.1903695243482 172.9317558212922 775.3932942418523 205.56993983112847 -1 -1 -1 -1 -1 -1 -1 -1 1 
122 8 Car -1.000000 -1 -1 396.3469466297672 172.45927406474945 499.069668319936 224.1219292538097 -1 -1 -1 -1 -1 -1 -1 -1 1 
123 15 Car -1.000000 -1 -1 667.4293106156761 173.35865372576967 760.6892546319332 205.7174520316319 -1 -1 -1 -1 -1 -1 -1 -1 1 
123 8 Car -1.000000 -1 -1 399.0498229368375 173.05146498032488 478.6189275830984 224.37351831020072 -1 -1 -1 -1 -1 -1 -1 -1 1 
124 15 Car -1.000000 -1 -1 650.0905609646668 171.61559706661274 751.8171481386972 206.9833342505332 -1 -1 -1 -1 -1 -1 -1 -1 1 
124 8 Car -1.000000 -1 -1 366.2543775909222 172.55341393264155 459.8777823115771 227.2395300768459 -1 -1 -1 -1 -1 -1 -1 -1 1 
125 15 Car -1.000000 -1 -1 638.321625202321 172.71620881421347 740.1442329316185 206.57893283686673 -1 -1 -1 -1 -1 -1 -1 -1 1 
125 12 Car -1.000000 -1 -1 922.359157583748 158.05374242616102 1011.8099497295917 199.90594642989052 -1 -1 -1 -1 -1 -1 -1 -1 1 
126 15 Car -1.000000 -1 -1 624.9266080830533 174.09804144587656 726.5712526626885 207.78268049112881 -1 -1 -1 -1 -1 -1 -1 -1 1 
126 12 Car -1.000000 -1 -1 901.0389930542846 159.87120429949408 993.8857662694959 199.70042597896494 -1 -1 -1 -1 -1 -1 -1 -1 1 
127 15 Car -1.000000 -1 -1 609.1245458051561 173.4069413326394 713.8123735905839 208.506716755577 -1 -1 -1 -1 -1 -1 -1 -1 1 
127 12 Car -1.000000 -1 -1 887.0813210709738 159.8131771897897 981.296501979232 201.18856481097353 -1 -1 -1 -1 -1 -1 -1 -1 1 
128 15 Car -1.000000 -1 -1 597.3289791890061 172.71822181422837 698.1457040682434 210.11095373139074 -1 -1 -1 -1 -1 -1 -1 -1 1 
128 12 Car -1.000000 -1 -1 883.3931416112642 160.51033663993272 967.9391070581398 201.66047538917226 -1 -1 -1 -1 -1 -1 -1 -1 1 
128 8 Car -1.000000 -1 -1 226.2411890081488 178.7090406914313 386.402102098442 255.8563274886602 -1 -1 -1 -1 -1 -1 -1 -1 1 
129 15 Car -1.000000 -1 -1 584.2480717891684 172.92433990559613 687.0409430454557 210.69807918348278 -1 -1 -1 -1 -1 -1 -1 -1 1 
129 12 Car -1.000000 -1 -1 859.4609145665397 161.9234404598291 950.5001993265289 200.49682388511985 -1 -1 -1 -1 -1 -1 -1 -1 1 
129 8 Car -1.000000 -1 -1 184.95936092906277 176.8964554469746 363.1097761214926 258.6143041531054 -1 -1 -1 -1 -1 -1 -1 -1 1 
130 15 Car -1.000000 -1 -1 565.2861593199465 172.5959462346509 664.8543714038456 211.4919083318315 -1 -1 -1 -1 -1 -1 -1 -1 1 
130 12 Car -1.000000 -1 -1 850.0968077205696 160.8078749402641 948.0341865351568 201.46753980169214 -1 -1 -1 -1 -1 -1 -1 -1 1 
130 8 Car -1.000000 -1 -1 145.94057742792825 178.91492693720818 343.8746572515139 264.9692701122079 -1 -1 -1 -1 -1 -1 -1 -1 1 
131 15 Car -1.000000 -1 -1 554.5329764622909 171.69046849728775 656.8522580678647 212.81835275630536 -1 -1 -1 -1 -1 -1 -1 -1 1 
131 12 Car -1.000000 -1 -1 836.0901175267422 160.28909568782325 934.8524851351978 200.41594413431505 -1 -1 -1 -1 -1 -1 -1 -1 1 
131 8 Car -1.000000 -1 -1 92.80552448733496 177.8460372812473 317.36494936335544 275.2859186954223 -1 -1 -1 -1 -1 -1 -1 -1 1 
132 15 Car -1.000000 -1 -1 538.9821811392903 172.37586832533663 638.0305176715437 215.67547618626404 -1 -1 -1 -1 -1 -1 -1 -1 1 
132 12 Car -1.000000 -1 -1 832.0153128797044 159.65827317156183 914.1532476573036 201.4224031456531 -1 -1 -1 -1 -1 -1 -1 -1 1 
132 8 Car -1.000000 -1 -1 37.82483414875773 175.9148784375821 278.8255552199597 281.62984437165926 -1 -1 -1 -1 -1 -1 -1 -1 1 
133 15 Car -1.000000 -1 -1 511.35380762299667 173.4402359982666 622.2540468166654 215.03101693143924 -1 -1 -1 -1 -1 -1 -1 -1 1 
133 12 Car -1.000000 -1 -1 807.120751949457 161.1952911525105 899.4407414289622 202.8587187389628 -1 -1 -1 -1 -1 -1 -1 -1 1 
133 8 Car -1.000000 -1 -1 -10.119063523526393 186.36620746782194 249.56797831734787 294.6154307574034 -1 -1 -1 -1 -1 -1 -1 -1 1 
134 15 Car -1.000000 -1 -1 499.5839272794816 173.22470102674112 614.9602319770136 216.4532321755989 -1 -1 -1 -1 -1 -1 -1 -1 1 
134 12 Car -1.000000 -1 -1 798.1326252454176 159.50814323822178 886.2206899979367 201.99510823183047 -1 -1 -1 -1 -1 -1 -1 -1 1 
134 8 Car -1.000000 -1 -1 -10.179489313409874 184.1304616536945 213.1755397617817 295.1827892639603 -1 -1 -1 -1 -1 -1 -1 -1 1 
135 15 Car -1.000000 -1 -1 484.70589476823807 174.75286282849711 601.5394525986451 216.33006819488048 -1 -1 -1 -1 -1 -1 -1 -1 1 
135 12 Car -1.000000 -1 -1 787.6351804432386 161.44506837456274 875.6669867385464 203.12373651764716 -1 -1 -1 -1 -1 -1 -1 -1 1 
135 8 Car -1.000000 -1 -1 2.9527534392590553 176.3475994543674 166.144541707463 327.2594484106566 -1 -1 -1 -1 -1 -1 -1 -1 1 
136 15 Car -1.000000 -1 -1 453.05259700377394 177.89201999907024 587.8630389121289 218.22290191462693 -1 -1 -1 -1 -1 -1 -1 -1 1 
136 12 Car -1.000000 -1 -1 765.6949526521448 164.67162716883018 853.407242088077 203.75583799949916 -1 -1 -1 -1 -1 -1 -1 -1 1 
136 8 Car -1.000000 -1 -1 0.5720066269143302 178.21401013777808 103.95724683641815 323.0356682951634 -1 -1 -1 -1 -1 -1 -1 -1 1 
137 15 Car -1.000000 -1 -1 435.5752023942769 177.90089914790138 575.1175033836985 220.67493578204167 -1 -1 -1 -1 -1 -1 -1 -1 1 
137 12 Car -1.000000 -1 -1 747.5268440957252 167.36868346253266 839.8836914598942 209.5119493225446 -1 -1 -1 -1 -1 -1 -1 -1 1 
138 15 Car -1.000000 -1 -1 422.10119992437274 178.29517914483753 559.8549919913595 222.28034920632265 -1 -1 -1 -1 -1 -1 -1 -1 1 
138 12 Car -1.000000 -1 -1 736.476406455613 164.45077371855194 829.9871341030184 205.51163885885705 -1 -1 -1 -1 -1 -1 -1 -1 1 
139 15 Car -1.000000 -1 -1 395.44854369902845 179.83352358882817 542.2530053816736 225.74682797018727 -1 -1 -1 -1 -1 -1 -1 -1 1 
139 12 Car -1.000000 -1 -1 717.6047904651898 163.88562018983066 818.4565367412108 207.9518903225947 -1 -1 -1 -1 -1 -1 -1 -1 1 
140 15 Car -1.000000 -1 -1 388.66282722067376 179.2226921265515 528.988670390959 222.85197786270425 -1 -1 -1 -1 -1 -1 -1 -1 1 
140 12 Car -1.000000 -1 -1 702.7063174167505 163.06057027899303 797.187063014278 209.41147523430678 -1 -1 -1 -1 -1 -1 -1 -1 1 
141 15 Car -1.000000 -1 -1 394.0246454213674 180.19656310431085 498.8972217520842 228.15654308606798 -1 -1 -1 -1 -1 -1 -1 -1 1 
141 12 Car -1.000000 -1 -1 685.3437588214874 167.23265645738977 782.2189642970379 210.79271068223392 -1 -1 -1 -1 -1 -1 -1 -1 1 
142 15 Car -1.000000 -1 -1 325.8894911826803 181.25647098685684 489.78768842896585 229.0368781496699 -1 -1 -1 -1 -1 -1 -1 -1 1 
142 12 Car -1.000000 -1 -1 667.1578276128723 167.18315449543297 761.8199690975822 210.4401477934936 -1 -1 -1 -1 -1 -1 -1 -1 1 
143 20 Car -1.000000 -1 -1 975.8524419540682 132.06002969617168 1151.4445240026196 205.86571734076222 -1 -1 -1 -1 -1 -1 -1 -1 1 
143 12 Car -1.000000 -1 -1 670.302758208691 166.04428784921765 765.3644746116435 212.0477081133196 -1 -1 -1 -1 -1 -1 -1 -1 1 
144 20 Car -1.000000 -1 -1 961.656627764782 130.1338447060866 1157.939860516156 204.96920402197597 -1 -1 -1 -1 -1 -1 -1 -1 1 
144 12 Car -1.000000 -1 -1 645.7171056620202 164.20287570844476 742.3191122108926 208.8672508342335 -1 -1 -1 -1 -1 -1 -1 -1 1 
145 20 Car -1.000000 -1 -1 922.6784375860142 130.36073237442628 1201.9508745486921 201.06263850958874 -1 -1 -1 -1 -1 -1 -1 -1 1 
145 12 Car -1.000000 -1 -1 623.9201107569612 164.30906055924982 733.9606814321417 208.97470737019407 -1 -1 -1 -1 -1 -1 -1 -1 1 
146 20 Car -1.000000 -1 -1 905.4479370615804 129.6519545587496 1212.7608511499488 202.5586171613003 -1 -1 -1 -1 -1 -1 -1 -1 1 
146 12 Car -1.000000 -1 -1 618.1528086670891 167.29684660318665 723.2218358147031 211.67729179768895 -1 -1 -1 -1 -1 -1 -1 -1 1 
147 20 Car -1.000000 -1 -1 885.4518705061996 131.0756563817939 1177.8420578052219 205.23833750317303 -1 -1 -1 -1 -1 -1 -1 -1 1 
147 12 Car -1.000000 -1 -1 576.5204938162979 167.8435616911604 706.4266172630283 213.33539980248764 -1 -1 -1 -1 -1 -1 -1 -1 1 
148 20 Car -1.000000 -1 -1 879.6768731406103 130.57957091726934 1170.8667497566114 205.19746191656358 -1 -1 -1 -1 -1 -1 -1 -1 1 
148 15 Car -1.000000 -1 -1 155.16267500130027 188.3697038014921 389.6215176708423 259.12078430589577 -1 -1 -1 -1 -1 -1 -1 -1 1 
148 12 Car -1.000000 -1 -1 573.2248252028455 165.94191082717424 680.2217161798706 216.28504517810566 -1 -1 -1 -1 -1 -1 -1 -1 1 
149 20 Car -1.000000 -1 -1 860.18836770264 131.3977722221842 1171.4413320043914 203.5882221534848 -1 -1 -1 -1 -1 -1 -1 -1 1 
149 15 Car -1.000000 -1 -1 118.22147322446108 193.84903605812443 348.35189405026347 262.05128458185266 -1 -1 -1 -1 -1 -1 -1 -1 1 
149 12 Car -1.000000 -1 -1 551.5505628539966 166.38470898704747 658.510435787531 217.0839610670765 -1 -1 -1 -1 -1 -1 -1 -1 1 
150 20 Car -1.000000 -1 -1 835.9703956005666 132.93237500609112 1167.0187944276977 202.97796361578196 -1 -1 -1 -1 -1 -1 -1 -1 1 
150 15 Car -1.000000 -1 -1 59.2151016203257 197.89727505009907 312.55404051221336 267.2228356106923 -1 -1 -1 -1 -1 -1 -1 -1 1 
150 12 Car -1.000000 -1 -1 530.8217095176761 164.87395725786112 647.2307717163976 217.41922094056812 -1 -1 -1 -1 -1 -1 -1 -1 1 
151 20 Car -1.000000 -1 -1 803.1555995092942 134.06416265150676 1147.8328411143561 203.0194429680705 -1 -1 -1 -1 -1 -1 -1 -1 1 
151 15 Car -1.000000 -1 -1 21.54922706461872 187.79421511750954 285.7168686836958 270.48205097134297 -1 -1 -1 -1 -1 -1 -1 -1 1 
151 12 Car -1.000000 -1 -1 518.5792785983245 161.60063708845814 633.715579955337 219.8899059663885 -1 -1 -1 -1 -1 -1 -1 -1 1 
152 20 Car -1.000000 -1 -1 776.8649525934687 134.45511723581987 1116.7289993470677 204.2802408373413 -1 -1 -1 -1 -1 -1 -1 -1 1 
152 15 Car -1.000000 -1 -1 0.8900823237804332 192.64566464922748 248.70573835991897 285.9848265249569 -1 -1 -1 -1 -1 -1 -1 -1 1 
152 12 Car -1.000000 -1 -1 499.1745976209641 166.58388911925545 610.8847386470209 220.9165554511576 -1 -1 -1 -1 -1 -1 -1 -1 1 
153 20 Car -1.000000 -1 -1 771.5338695834464 132.64221409693934 1109.9425651792153 205.04695866615154 -1 -1 -1 -1 -1 -1 -1 -1 1 
153 15 Car -1.000000 -1 -1 -13.821474696581163 188.81800594345594 220.79565045008292 294.3034504916376 -1 -1 -1 -1 -1 -1 -1 -1 1 
153 12 Car -1.000000 -1 -1 471.8281783805444 167.516657205012 596.0980813732515 221.4439148978832 -1 -1 -1 -1 -1 -1 -1 -1 1 
154 20 Car -1.000000 -1 -1 759.5985707973058 130.57831040798473 1089.1087586959966 205.81542417550318 -1 -1 -1 -1 -1 -1 -1 -1 1 
154 15 Car -1.000000 -1 -1 4.310941664502025 188.02838066879374 172.44728118138244 293.54596729032124 -1 -1 -1 -1 -1 -1 -1 -1 1 
154 12 Car -1.000000 -1 -1 433.9742455084163 169.05487780101024 581.9085914111481 221.85922363916268 -1 -1 -1 -1 -1 -1 -1 -1 1 
155 20 Car -1.000000 -1 -1 742.2345718403274 133.1184780260978 1069.3404020455018 204.80340731760057 -1 -1 -1 -1 -1 -1 -1 -1 1 
155 15 Car -1.000000 -1 -1 1.693369507646338 192.89400499278253 134.96375670355673 290.76445719692856 -1 -1 -1 -1 -1 -1 -1 -1 1 
155 12 Car -1.000000 -1 -1 419.489973260233 168.5204448608252 560.3235184876964 223.1142561023052 -1 -1 -1 -1 -1 -1 -1 -1 1 
156 20 Car -1.000000 -1 -1 724.5045039034807 131.5152340640242 1043.6544956404427 204.39258740785027 -1 -1 -1 -1 -1 -1 -1 -1 1 
156 15 Car -1.000000 -1 -1 1.46576664224267 190.4328715486022 83.71732343016907 309.05610860253756 -1 -1 -1 -1 -1 -1 -1 -1 1 
156 12 Car -1.000000 -1 -1 390.3691928163171 169.43079895841387 539.4758895859122 225.7661730265961 -1 -1 -1 -1 -1 -1 -1 -1 1 
157 20 Car -1.000000 -1 -1 703.6073183016135 133.41206767094823 1038.3349881986014 203.62901461955448 -1 -1 -1 -1 -1 -1 -1 -1 1 
157 12 Car -1.000000 -1 -1 366.62056704581926 169.53880961339635 518.1865890859984 228.22836852775745 -1 -1 -1 -1 -1 -1 -1 -1 1 
158 20 Car -1.000000 -1 -1 691.8658615230368 134.51285807129284 1004.6934298213857 205.07358555467084 -1 -1 -1 -1 -1 -1 -1 -1 1 
158 12 Car -1.000000 -1 -1 359.262111925735 167.9196584647378 489.1841160099094 232.41079163451033 -1 -1 -1 -1 -1 -1 -1 -1 1 
159 20 Car -1.000000 -1 -1 677.3768975110008 134.72850445228127 992.5096766473009 204.89717163861945 -1 -1 -1 -1 -1 -1 -1 -1 1 
159 12 Car -1.000000 -1 -1 335.69491140487105 171.04309139988172 460.88795919773673 237.76904735355998 -1 -1 -1 -1 -1 -1 -1 -1 1 
160 20 Car -1.000000 -1 -1 659.8689780527583 132.16775512466063 982.529899696318 205.8347030900992 -1 -1 -1 -1 -1 -1 -1 -1 1 
160 12 Car -1.000000 -1 -1 292.0494176302678 165.36551764987124 444.05085154980986 250.3349331762785 -1 -1 -1 -1 -1 -1 -1 -1 1 
161 20 Car -1.000000 -1 -1 650.4727479729515 132.98651097843856 978.5534912938109 206.55077257050345 -1 -1 -1 -1 -1 -1 -1 -1 1 
161 12 Car -1.000000 -1 -1 248.78639363325559 169.70759715275983 410.04322374784033 252.7308283606544 -1 -1 -1 -1 -1 -1 -1 -1 1 
162 20 Car -1.000000 -1 -1 627.9188449440095 134.01621805790523 958.5050951551933 206.32497855247212 -1 -1 -1 -1 -1 -1 -1 -1 1 
162 12 Car -1.000000 -1 -1 221.8072943910956 173.7475549318613 403.4186151262659 261.48780004587024 -1 -1 -1 -1 -1 -1 -1 -1 1 
163 20 Car -1.000000 -1 -1 612.0276629987818 132.56169973800962 944.4876711167968 206.15902310237288 -1 -1 -1 -1 -1 -1 -1 -1 1 
163 12 Car -1.000000 -1 -1 177.13047288874023 173.9401073427871 357.50136422251285 263.19764757779643 -1 -1 -1 -1 -1 -1 -1 -1 1 
164 20 Car -1.000000 -1 -1 599.2542416831623 135.40208101487502 907.5984027970296 206.6032165267433 -1 -1 -1 -1 -1 -1 -1 -1 1 
164 12 Car -1.000000 -1 -1 135.02339780416622 169.48643719884922 325.73679344384715 271.3401791227694 -1 -1 -1 -1 -1 -1 -1 -1 1 
165 20 Car -1.000000 -1 -1 593.7667742560689 134.57795687449664 900.7995669973584 207.44162514949073 -1 -1 -1 -1 -1 -1 -1 -1 1 
165 12 Car -1.000000 -1 -1 83.30539830888694 175.65006107235183 332.6726623813693 271.96649429746543 -1 -1 -1 -1 -1 -1 -1 -1 1 
166 20 Car -1.000000 -1 -1 581.8551686549417 140.342163745887 884.1416282281281 210.21587175961872 -1 -1 -1 -1 -1 -1 -1 -1 1 
166 12 Car -1.000000 -1 -1 25.089902202383797 177.95708363589185 285.4585155904866 285.849257837981 -1 -1 -1 -1 -1 -1 -1 -1 1 
167 20 Car -1.000000 -1 -1 573.2858741885194 140.05676408011752 874.7022029568369 210.60709961546726 -1 -1 -1 -1 -1 -1 -1 -1 1 
167 12 Car -1.000000 -1 -1 -6.9890941645090265 167.96624717804102 255.53671020613268 290.22375838114664 -1 -1 -1 -1 -1 -1 -1 -1 1 
168 20 Car -1.000000 -1 -1 556.5657628304684 140.6119051031195 862.4307364878747 210.06965472434575 -1 -1 -1 -1 -1 -1 -1 -1 1 
168 12 Car -1.000000 -1 -1 -10.951978933639253 175.31233925658924 213.3594314573476 298.5538592418799 -1 -1 -1 -1 -1 -1 -1 -1 1 
169 20 Car -1.000000 -1 -1 545.0362783945524 140.63048074380137 847.3685028186211 210.24287164282913 -1 -1 -1 -1 -1 -1 -1 -1 1 
169 12 Car -1.000000 -1 -1 1.7376814510386964 170.71261880202937 158.0249194843838 308.1364466163975 -1 -1 -1 -1 -1 -1 -1 -1 1 
170 20 Car -1.000000 -1 -1 533.6724789767311 139.54146267273106 829.8872619059223 210.933739426904 -1 -1 -1 -1 -1 -1 -1 -1 1 
170 12 Car -1.000000 -1 -1 -1.8065506363144266 166.5297800925775 104.52520286864959 311.43201402245234 -1 -1 -1 -1 -1 -1 -1 -1 1 
171 20 Car -1.000000 -1 -1 513.9671394859369 140.23691165046048 814.0361403100765 210.46870423910707 -1 -1 -1 -1 -1 -1 -1 -1 1 
172 20 Car -1.000000 -1 -1 503.0052593556734 141.04807967893208 802.2253087781942 210.3142093222302 -1 -1 -1 -1 -1 -1 -1 -1 1 
173 20 Car -1.000000 -1 -1 487.3582011037147 139.49113702759718 791.0008649791662 213.00117092995114 -1 -1 -1 -1 -1 -1 -1 -1 1 
174 20 Car -1.000000 -1 -1 476.8454344404432 138.8120618290626 786.6328294512172 214.1482400206419 -1 -1 -1 -1 -1 -1 -1 -1 1 
175 20 Car -1.000000 -1 -1 465.0066477192136 139.63790656998754 777.9561730491428 214.28419287817982 -1 -1 -1 -1 -1 -1 -1 -1 1 
176 20 Car -1.000000 -1 -1 452.226786239216 139.95276260762836 771.0836723750601 214.9434532576169 -1 -1 -1 -1 -1 -1 -1 -1 1 
177 20 Car -1.000000 -1 -1 437.70239367106785 138.89850455766114 757.1537893718252 216.68256437764146 -1 -1 -1 -1 -1 -1 -1 -1 1 
178 20 Car -1.000000 -1 -1 417.7754723080076 138.19363872663905 756.4910421812764 217.7322307565751 -1 -1 -1 -1 -1 -1 -1 -1 1 
179 20 Car -1.000000 -1 -1 406.28324401837125 139.40088112408725 728.0217469151203 217.12856619762113 -1 -1 -1 -1 -1 -1 -1 -1 1 
180 20 Car -1.000000 -1 -1 394.4248684489956 139.03030337622533 716.2722615525126 215.8332308037923 -1 -1 -1 -1 -1 -1 -1 -1 1 
181 20 Car -1.000000 -1 -1 376.1578979417682 140.55428274262408 704.2754265419567 217.6885725930333 -1 -1 -1 -1 -1 -1 -1 -1 1 
182 20 Car -1.000000 -1 -1 356.3788369871103 138.60548939555886 691.6339276960263 220.8590201603679 -1 -1 -1 -1 -1 -1 -1 -1 1 
183 20 Car -1.000000 -1 -1 353.64808521419764 137.7202686495506 674.6023102672054 222.37705224408555 -1 -1 -1 -1 -1 -1 -1 -1 1 
184 20 Car -1.000000 -1 -1 337.0042496753427 137.4330844443578 658.8471426717365 225.27695131989628 -1 -1 -1 -1 -1 -1 -1 -1 1 
185 20 Car -1.000000 -1 -1 322.77749698265245 138.36727731932814 647.8356545905655 227.18558879569173 -1 -1 -1 -1 -1 -1 -1 -1 1 
186 20 Car -1.000000 -1 -1 315.75080215243196 133.63285978826192 629.0916097324628 229.7838245733426 -1 -1 -1 -1 -1 -1 -1 -1 1 
187 20 Car -1.000000 -1 -1 306.227586053885 136.68516797658341 620.6681537582324 229.7062753126598 -1 -1 -1 -1 -1 -1 -1 -1 1 
188 20 Car -1.000000 -1 -1 261.97898796888495 137.80174837805902 626.1580424308777 228.5405537471748 -1 -1 -1 -1 -1 -1 -1 -1 1 
189 20 Car -1.000000 -1 -1 235.00512876762792 136.55136045641623 608.7046346309094 231.36231038146292 -1 -1 -1 -1 -1 -1 -1 -1 1 
190 20 Car -1.000000 -1 -1 215.0075189929742 134.4544097709541 589.6500243682128 232.596053992613 -1 -1 -1 -1 -1 -1 -1 -1 1 
191 20 Car -1.000000 -1 -1 185.90832226436868 132.69656348543668 566.5756453699789 234.23872003331778 -1 -1 -1 -1 -1 -1 -1 -1 1 
192 22 Car -1.000000 -1 -1 1108.111763649262 177.16090905909928 1244.3203711165834 199.99061308156413 -1 -1 -1 -1 -1 -1 -1 -1 1 
192 20 Car -1.000000 -1 -1 165.6214713431321 133.59161684862696 556.9487225161149 232.69655451608392 -1 -1 -1 -1 -1 -1 -1 -1 1 
193 22 Car -1.000000 -1 -1 1093.4731933196576 168.67817019542252 1236.8953504290146 200.30725118704143 -1 -1 -1 -1 -1 -1 -1 -1 1 
193 20 Car -1.000000 -1 -1 138.60522130360977 132.85583447521697 548.9920362738462 234.5653260484911 -1 -1 -1 -1 -1 -1 -1 -1 1 
194 20 Car -1.000000 -1 -1 123.23748004551118 133.80126748234034 535.6713483322126 237.3042767867446 -1 -1 -1 -1 -1 -1 -1 -1 1 
195 20 Car -1.000000 -1 -1 79.51707082299083 123.72277582135912 532.5863526394734 245.93369299187685 -1 -1 -1 -1 -1 -1 -1 -1 1 
196 20 Car -1.000000 -1 -1 50.79946495592594 121.90842137743647 502.10632060468197 248.8284481044572 -1 -1 -1 -1 -1 -1 -1 -1 1 
197 20 Car -1.000000 -1 -1 4.4859391175783685 119.79683846808398 496.9943021260775 250.06544002546713 -1 -1 -1 -1 -1 -1 -1 -1 1 
198 20 Car -1.000000 -1 -1 1.696983847480567 116.26913962670818 472.77890181885317 255.18601511318525 -1 -1 -1 -1 -1 -1 -1 -1 1 
199 20 Car -1.000000 -1 -1 -8.46614114882857 114.56801776344386 453.99006018099874 258.5731082273504 -1 -1 -1 -1 -1 -1 -1 -1 1 
200 20 Car -1.000000 -1 -1 -5.530973682609897 110.93588986505682 438.53543240347733 260.79054452622165 -1 -1 -1 -1 -1 -1 -1 -1 1 
201 22 Car -1.000000 -1 -1 1020.7918603136561 170.36829532410664 1145.895717791353 200.7766309946489 -1 -1 -1 -1 -1 -1 -1 -1 1 
201 20 Car -1.000000 -1 -1 -9.623433882800441 105.62342002343101 423.88956897476544 265.7830079193585 -1 -1 -1 -1 -1 -1 -1 -1 1 
202 22 Car -1.000000 -1 -1 1014.5433628083422 176.77533098209935 1123.8024779942173 201.42436018571829 -1 -1 -1 -1 -1 -1 -1 -1 1 
202 20 Car -1.000000 -1 -1 -12.0102015103285 97.47061446810571 380.56499442802027 273.6437174742325 -1 -1 -1 -1 -1 -1 -1 -1 1 
203 22 Car -1.000000 -1 -1 1010.670537304993 176.14339748755668 1121.5219899845813 201.7038391652302 -1 -1 -1 -1 -1 -1 -1 -1 1 
203 20 Car -1.000000 -1 -1 -5.333160447959699 91.29595971451356 371.2807328076317 280.78190251611744 -1 -1 -1 -1 -1 -1 -1 -1 1 
204 22 Car -1.000000 -1 -1 1006.9131459201185 169.47290641613878 1118.541071014049 202.3981850092801 -1 -1 -1 -1 -1 -1 -1 -1 1 
204 20 Car -1.000000 -1 -1 -12.962448592942508 86.68114656869037 373.8395149300878 283.2838880399672 -1 -1 -1 -1 -1 -1 -1 -1 1 
205 22 Car -1.000000 -1 -1 1002.7778957302753 169.7114702099218 1117.557410201201 202.74671464442062 -1 -1 -1 -1 -1 -1 -1 -1 1 
205 20 Car -1.000000 -1 -1 -6.92742589803845 86.22692768963482 360.2883879771599 291.35412078064223 -1 -1 -1 -1 -1 -1 -1 -1 1 
206 22 Car -1.000000 -1 -1 999.0618587781031 169.82013159073315 1117.039801608771 202.34087568063 -1 -1 -1 -1 -1 -1 -1 -1 1 
206 20 Car -1.000000 -1 -1 -1.224776545396196 85.30927907962067 335.0342323986384 287.4725667329935 -1 -1 -1 -1 -1 -1 -1 -1 1 
207 22 Car -1.000000 -1 -1 998.1911026419928 169.48603161682303 1114.1406168482051 202.01328586643706 -1 -1 -1 -1 -1 -1 -1 -1 1 
207 20 Car -1.000000 -1 -1 0.4787197158887011 90.20599980766958 325.56531370144626 283.0213041832814 -1 -1 -1 -1 -1 -1 -1 -1 1 
208 22 Car -1.000000 -1 -1 995.7784709655322 170.3985750567741 1117.7065444061388 201.44467899360907 -1 -1 -1 -1 -1 -1 -1 -1 1 
208 20 Car -1.000000 -1 -1 -1.3423007365602757 91.17992172160974 317.0526759538513 283.06971311282655 -1 -1 -1 -1 -1 -1 -1 -1 1 
209 22 Car -1.000000 -1 -1 997.1120296994653 169.7844692792457 1115.5746409007563 201.99659620769899 -1 -1 -1 -1 -1 -1 -1 -1 1 
209 20 Car -1.000000 -1 -1 6.2704494079718245 85.4416388946657 266.65596524683326 289.9377733254089 -1 -1 -1 -1 -1 -1 -1 -1 1 
210 22 Car -1.000000 -1 -1 995.5963136121056 169.95394464510565 1113.3722427759606 201.99672585854736 -1 -1 -1 -1 -1 -1 -1 -1 1 
210 20 Car -1.000000 -1 -1 4.411932571003064 82.915915391193 243.86245393581115 294.7861316542213 -1 -1 -1 -1 -1 -1 -1 -1 1 
211 22 Car -1.000000 -1 -1 994.6260210785729 169.5039866742893 1112.9613284348295 202.20823372857504 -1 -1 -1 -1 -1 -1 -1 -1 1 
211 20 Car -1.000000 -1 -1 -3.432516322972674 86.32943138050346 226.51875119513045 294.430976984306 -1 -1 -1 -1 -1 -1 -1 -1 1 
212 22 Car -1.000000 -1 -1 988.7330185114763 169.9815706994671 1104.5106331812074 201.5884702738661 -1 -1 -1 -1 -1 -1 -1 -1 1 
212 20 Car -1.000000 -1 -1 -10.690566450930561 92.38660134948219 193.17003273333492 293.2449049101426 -1 -1 -1 -1 -1 -1 -1 -1 1 
213 22 Car -1.000000 -1 -1 988.3482025850277 169.7065605638692 1104.5567523390055 202.2083574691071 -1 -1 -1 -1 -1 -1 -1 -1 1 
213 20 Car -1.000000 -1 -1 -2.964260228121532 78.35086324037265 164.77402979436403 313.33398471514766 -1 -1 -1 -1 -1 -1 -1 -1 1 
214 22 Car -1.000000 -1 -1 989.0557764516427 170.00628114104845 1102.557390050246 201.5795350038948 -1 -1 -1 -1 -1 -1 -1 -1 1 
214 20 Car -1.000000 -1 -1 -1.1661229129307458 72.00028647023896 137.68271082138213 316.3600442214654 -1 -1 -1 -1 -1 -1 -1 -1 1 
215 22 Car -1.000000 -1 -1 989.1511241618831 170.30769529250952 1101.9858225254486 201.8826916240729 -1 -1 -1 -1 -1 -1 -1 -1 1 
216 22 Car -1.000000 -1 -1 989.1232405101451 170.38350622169673 1101.449451682373 201.74540480813727 -1 -1 -1 -1 -1 -1 -1 -1 1 
217 22 Car -1.000000 -1 -1 989.4985006491727 170.26279929380576 1100.8234639677867 201.98694353278438 -1 -1 -1 -1 -1 -1 -1 -1 1 
218 22 Car -1.000000 -1 -1 989.1438104200822 170.28107818287728 1101.768731684639 201.9558846055029 -1 -1 -1 -1 -1 -1 -1 -1 1 
219 22 Car -1.000000 -1 -1 989.0526965974043 170.33639471404825 1102.2554591639112 201.91470297196736 -1 -1 -1 -1 -1 -1 -1 -1 1 
220 22 Car -1.000000 -1 -1 989.079736745988 170.2937605396773 1101.952911666093 202.05747982702005 -1 -1 -1 -1 -1 -1 -1 -1 1 
221 22 Car -1.000000 -1 -1 989.0394753083013 170.2955998838521 1102.203338498966 202.05799687223939 -1 -1 -1 -1 -1 -1 -1 -1 1 
222 22 Car -1.000000 -1 -1 989.1443419694326 170.23056523444563 1102.0307182477643 202.03958129367007 -1 -1 -1 -1 -1 -1 -1 -1 1 
223 22 Car -1.000000 -1 -1 989.233318027682 170.1901192741039 1101.974502855482 202.05481276990704 -1 -1 -1 -1 -1 -1 -1 -1 1 
224 22 Car -1.000000 -1 -1 989.1601898632944 170.21268314252106 1101.9723378640529 202.05452928964334 -1 -1 -1 -1 -1 -1 -1 -1 1 
225 22 Car -1.000000 -1 -1 989.0709539918372 170.22536609035274 1102.1608238045412 202.05665609011285 -1 -1 -1 -1 -1 -1 -1 -1 1 
226 22 Car -1.000000 -1 -1 989.0530455656923 170.20556755149022 1102.1841050254611 202.05957390582907 -1 -1 -1 -1 -1 -1 -1 -1 1 
227 22 Car -1.000000 -1 -1 989.1925325147236 170.24962106146492 1102.0894910206016 202.06633364208616 -1 -1 -1 -1 -1 -1 -1 -1 1 
228 22 Car -1.000000 -1 -1 989.3188476459338 170.18548187871392 1101.8698225124524 202.12907584097522 -1 -1 -1 -1 -1 -1 -1 -1 1 
229 22 Car -1.000000 -1 -1 989.2752500998859 170.180811224362 1102.0065456539965 202.13267017299165 -1 -1 -1 -1 -1 -1 -1 -1 1 
230 22 Car -1.000000 -1 -1 989.3280599816486 170.16916833101556 1101.901115411749 202.14361758329545 -1 -1 -1 -1 -1 -1 -1 -1 1 
231 22 Car -1.000000 -1 -1 989.2962278809686 170.1731936325534 1101.873581973979 202.15977590459468 -1 -1 -1 -1 -1 -1 -1 -1 1 
232 22 Car -1.000000 -1 -1 989.378092175493 170.14588173837043 1101.8797381233712 202.1773579136397 -1 -1 -1 -1 -1 -1 -1 -1 1 
