0 1 Car -1.000000 -1 -1 880.0939696127887 207.98731188793732 1238.697224427253 375.8107129154627 -1 -1 -1 -1 -1 -1 -1 -1 1 
1 2 Car -1.000000 -1 -1 290.89588400255195 173.23988518536802 344.21671673204867 194.62029277631157 -1 -1 -1 -1 -1 -1 -1 -1 1 
1 1 Car -1.000000 -1 -1 876.7137757545481 200.65995468758047 1238.550117299534 370.01947952935905 -1 -1 -1 -1 -1 -1 -1 -1 1 
2 2 Car -1.000000 -1 -1 279.45842478137746 170.7092967744057 329.71486945564925 195.9425455962236 -1 -1 -1 -1 -1 -1 -1 -1 1 
2 1 Car -1.000000 -1 -1 862.543503961884 195.35618440176435 1252.8488051513066 375.3213310041107 -1 -1 -1 -1 -1 -1 -1 -1 1 
3 1 Car -1.000000 -1 -1 843.507054642416 190.74235903099185 1241.6260117000113 378.25716641516647 -1 -1 -1 -1 -1 -1 -1 -1 1 
4 2 Car -1.000000 -1 -1 262.8214283803335 167.70388759099518 325.79622642695904 199.4279984098214 -1 -1 -1 -1 -1 -1 -1 -1 1 
4 1 Car -1.000000 -1 -1 825.2742997551193 203.33689449426643 1246.569302498721 380.55904555277755 -1 -1 -1 -1 -1 -1 -1 -1 1 
5 2 Car -1.000000 -1 -1 255.57865758240223 167.70856877645622 325.0205750935353 199.92380109257425 -1 -1 -1 -1 -1 -1 -1 -1 1 
5 1 Car -1.000000 -1 -1 809.3258909256413 201.91423175856474 1255.9742793859198 380.9917599607546 -1 -1 -1 -1 -1 -1 -1 -1 1 
6 2 Car -1.000000 -1 -1 248.49401764457042 168.82611750266875 310.4265789229136 201.5216425419427 -1 -1 -1 -1 -1 -1 -1 -1 1 
6 1 Car -1.000000 -1 -1 807.4215465978934 195.15616650908038 1257.363678206618 374.46863687812134 -1 -1 -1 -1 -1 -1 -1 -1 1 
7 2 Car -1.000000 -1 -1 233.82188140600923 178.07917196590168 314.37504245742014 203.2845331212649 -1 -1 -1 -1 -1 -1 -1 -1 1 
7 1 Car -1.000000 -1 -1 809.92729087919 195.28138741421014 1241.926382817328 375.67635349786053 -1 -1 -1 -1 -1 -1 -1 -1 1 
8 2 Car -1.000000 -1 -1 224.66513753166564 175.96949712158397 288.32579119618117 205.10674307409388 -1 -1 -1 -1 -1 -1 -1 -1 1 
8 1 Car -1.000000 -1 -1 805.6178991072452 194.6021537654675 1205.6451101475036 376.3793040640079 -1 -1 -1 -1 -1 -1 -1 -1 1 
9 2 Car -1.000000 -1 -1 214.39045337071786 175.79118029859202 275.4716928968063 204.85806339778577 -1 -1 -1 -1 -1 -1 -1 -1 1 
9 1 Car -1.000000 -1 -1 797.006549424277 193.46798103875838 1165.5959430549008 374.33927842917353 -1 -1 -1 -1 -1 -1 -1 -1 1 
10 1 Car -1.000000 -1 -1 793.858096313018 197.08179539212813 1129.7963562424366 363.7371129141404 -1 -1 -1 -1 -1 -1 -1 -1 1 
11 1 Car -1.000000 -1 -1 787.0986780919707 195.91989146115685 1099.9607481606877 354.52781209292317 -1 -1 -1 -1 -1 -1 -1 -1 1 
12 1 Car -1.000000 -1 -1 780.7897930569375 200.16990741714835 1072.3601970798695 340.6692672019394 -1 -1 -1 -1 -1 -1 -1 -1 1 
13 1 Car -1.000000 -1 -1 774.6107320550543 199.8584222478362 1058.7628746267696 331.45120073682983 -1 -1 -1 -1 -1 -1 -1 -1 1 
14 2 Car -1.000000 -1 -1 158.3298128641282 180.85939240140414 241.37909354111895 211.52896738539525 -1 -1 -1 -1 -1 -1 -1 -1 1 
14 1 Car -1.000000 -1 -1 766.127184133117 199.01917495120034 1045.8479391072806 327.18993186091006 -1 -1 -1 -1 -1 -1 -1 -1 1 
15 2 Car -1.000000 -1 -1 153.38149281132678 173.40801338342806 251.28050824827872 212.83367823343724 -1 -1 -1 -1 -1 -1 -1 -1 1 
15 1 Car -1.000000 -1 -1 755.2494147918544 196.0334455092939 1038.4432409732385 317.894225116246 -1 -1 -1 -1 -1 -1 -1 -1 1 
16 2 Car -1.000000 -1 -1 130.93410180852962 177.81451710750565 224.92542338600524 215.58535248578457 -1 -1 -1 -1 -1 -1 -1 -1 1 
16 1 Car -1.000000 -1 -1 749.2211700184987 199.82802248201693 1016.4109019258847 310.83862186194614 -1 -1 -1 -1 -1 -1 -1 -1 1 
17 2 Car -1.000000 -1 -1 114.81212743486348 178.08017881515508 214.62798777394568 216.49456882061293 -1 -1 -1 -1 -1 -1 -1 -1 1 
17 1 Car -1.000000 -1 -1 751.2498095187431 195.00494789547074 988.582914811774 308.5264926238989 -1 -1 -1 -1 -1 -1 -1 -1 1 
18 2 Car -1.000000 -1 -1 95.79316443405473 179.06084971932265 230.66797381897385 217.81936316536024 -1 -1 -1 -1 -1 -1 -1 -1 1 
18 1 Car -1.000000 -1 -1 753.2113611557736 195.08191614519234 975.8178110778905 301.2229771478675 -1 -1 -1 -1 -1 -1 -1 -1 1 
19 2 Car -1.000000 -1 -1 66.3543357872046 181.33380838956398 207.97681841254234 219.00019047853465 -1 -1 -1 -1 -1 -1 -1 -1 1 
19 1 Car -1.000000 -1 -1 748.2866096310318 193.24449212469446 954.1108510588797 299.593290537954 -1 -1 -1 -1 -1 -1 -1 -1 1 
20 2 Car -1.000000 -1 -1 52.64445940519754 180.5689548625826 205.85606676626662 220.05207819613415 -1 -1 -1 -1 -1 -1 -1 -1 1 
20 1 Car -1.000000 -1 -1 741.8191862206619 194.3741322835334 944.9073098430839 297.72195951619113 -1 -1 -1 -1 -1 -1 -1 -1 1 
21 2 Car -1.000000 -1 -1 29.497637188491893 181.71600694768128 188.23150843926348 224.39333898588438 -1 -1 -1 -1 -1 -1 -1 -1 1 
21 1 Car -1.000000 -1 -1 735.8481329186604 190.4861511161121 934.8847233274807 289.9870382836805 -1 -1 -1 -1 -1 -1 -1 -1 1 
22 2 Car -1.000000 -1 -1 7.322743438757385 186.28892803994512 175.24590497292004 227.1837822806377 -1 -1 -1 -1 -1 -1 -1 -1 1 
22 1 Car -1.000000 -1 -1 735.5299174387294 190.44422591105103 917.5207039057634 286.8600366995312 -1 -1 -1 -1 -1 -1 -1 -1 1 
23 2 Car -1.000000 -1 -1 -0.4542833939194679 188.60654164857877 88.35257951170206 230.35807931759896 -1 -1 -1 -1 -1 -1 -1 -1 1 
23 1 Car -1.000000 -1 -1 735.9725717002384 192.68361898139116 902.580055521658 283.41030196931496 -1 -1 -1 -1 -1 -1 -1 -1 1 
24 2 Car -1.000000 -1 -1 2.5881580985509345 184.46584252748065 108.20829176902771 228.35271655975913 -1 -1 -1 -1 -1 -1 -1 -1 1 
24 1 Car -1.000000 -1 -1 736.8739607923019 191.49849553986522 893.8449657944818 277.2649731039284 -1 -1 -1 -1 -1 -1 -1 -1 1 
25 2 Car -1.000000 -1 -1 -0.4075323205727841 183.51655126585123 138.2004252076149 223.55233860882714 -1 -1 -1 -1 -1 -1 -1 -1 1 
25 1 Car -1.000000 -1 -1 721.5429069386939 189.12280117197395 886.1933525767752 276.0867899588238 -1 -1 -1 -1 -1 -1 -1 -1 1 
26 3 Car -1.000000 -1 -1 1034.141409409734 194.67389968653714 1245.41951267192 371.4175919393221 -1 -1 -1 -1 -1 -1 -1 -1 1 
26 2 Car -1.000000 -1 -1 4.723288804292679 182.06628686927544 120.96639442673097 224.91618687322793 -1 -1 -1 -1 -1 -1 -1 -1 1 
26 1 Car -1.000000 -1 -1 717.1992192004736 192.97793304296925 874.7069589621747 270.80747323074877 -1 -1 -1 -1 -1 -1 -1 -1 1 
27 3 Car -1.000000 -1 -1 1000.7399056238623 173.56891854881098 1236.6036679280492 379.32082971271416 -1 -1 -1 -1 -1 -1 -1 -1 1 
27 2 Car -1.000000 -1 -1 4.000216545966964 181.17536495153146 100.47970159237201 228.36754207785884 -1 -1 -1 -1 -1 -1 -1 -1 1 
27 1 Car -1.000000 -1 -1 714.2170322169192 193.76071113555764 864.8740936564998 269.2672112652172 -1 -1 -1 -1 -1 -1 -1 -1 1 
28 3 Car -1.000000 -1 -1 986.8283864317032 174.8422000270623 1239.9857507703396 380.63604843157987 -1 -1 -1 -1 -1 -1 -1 -1 1 
28 2 Car -1.000000 -1 -1 0.15529320159784277 183.76475529601942 72.49772194429086 231.51267850055146 -1 -1 -1 -1 -1 -1 -1 -1 1 
28 1 Car -1.000000 -1 -1 710.5128358957859 195.43816983843078 850.451465561986 267.30407344607204 -1 -1 -1 -1 -1 -1 -1 -1 1 
29 3 Car -1.000000 -1 -1 968.6234885030067 177.66036447853998 1238.5021091573512 379.41064159027655 -1 -1 -1 -1 -1 -1 -1 -1 1 
29 2 Car -1.000000 -1 -1 -1.5874280918103025 179.31123355475182 50.79794024389523 234.40186029228454 -1 -1 -1 -1 -1 -1 -1 -1 1 
29 1 Car -1.000000 -1 -1 707.6025015895184 189.5064006631191 837.1841681668393 266.7528047011449 -1 -1 -1 -1 -1 -1 -1 -1 1 
30 3 Car -1.000000 -1 -1 951.0228139500205 174.7012587550741 1238.905381609041 377.5243504832571 -1 -1 -1 -1 -1 -1 -1 -1 1 
30 1 Car -1.000000 -1 -1 705.8716719110424 188.6275325400325 829.1618406514708 264.7360012365075 -1 -1 -1 -1 -1 -1 -1 -1 1 
31 3 Car -1.000000 -1 -1 939.7491583262499 175.54251803085208 1240.3868155215796 374.9393733719794 -1 -1 -1 -1 -1 -1 -1 -1 1 
31 1 Car -1.000000 -1 -1 695.7371014540012 187.66678773010005 818.3789579409819 259.12056100339845 -1 -1 -1 -1 -1 -1 -1 -1 1 
32 3 Car -1.000000 -1 -1 919.2291282541478 176.46579412170325 1248.7038819021905 375.51600231717407 -1 -1 -1 -1 -1 -1 -1 -1 1 
32 1 Car -1.000000 -1 -1 691.5176950968229 188.98905971302437 807.5458035102257 254.4815793920022 -1 -1 -1 -1 -1 -1 -1 -1 1 
33 3 Car -1.000000 -1 -1 889.6021170788085 178.23034141642546 1249.9491715901172 372.2448891673524 -1 -1 -1 -1 -1 -1 -1 -1 1 
33 1 Car -1.000000 -1 -1 682.1377428483505 188.14401912431305 802.3665183243844 251.86602531287534 -1 -1 -1 -1 -1 -1 -1 -1 1 
34 3 Car -1.000000 -1 -1 870.2856218648644 182.81788629694626 1249.0423206371756 372.1257394466262 -1 -1 -1 -1 -1 -1 -1 -1 1 
34 1 Car -1.000000 -1 -1 680.138364899617 189.08536514768807 790.6466313806865 251.03633999466322 -1 -1 -1 -1 -1 -1 -1 -1 1 
35 3 Car -1.000000 -1 -1 855.3501902096546 175.67336405269225 1232.0569435529983 379.6125906519592 -1 -1 -1 -1 -1 -1 -1 -1 1 
35 1 Car -1.000000 -1 -1 674.351618994314 184.5485712401569 773.9633088610494 251.5140431933105 -1 -1 -1 -1 -1 -1 -1 -1 1 
36 3 Car -1.000000 -1 -1 823.9656088822162 179.28640555160553 1252.5669654779708 377.30484273141394 -1 -1 -1 -1 -1 -1 -1 -1 1 
36 1 Car -1.000000 -1 -1 659.92914972397 186.09156060175826 767.2007130888792 249.53219006196235 -1 -1 -1 -1 -1 -1 -1 -1 1 
37 3 Car -1.000000 -1 -1 813.5954618746271 176.19353453986923 1243.0189009154071 378.8241958245635 -1 -1 -1 -1 -1 -1 -1 -1 1 
37 1 Car -1.000000 -1 -1 653.5097988752218 181.27489978304274 752.048050898772 245.7755050407006 -1 -1 -1 -1 -1 -1 -1 -1 1 
38 3 Car -1.000000 -1 -1 804.0572317758431 172.96118704745408 1213.6865923026432 379.2118130681607 -1 -1 -1 -1 -1 -1 -1 -1 1 
38 1 Car -1.000000 -1 -1 650.1331422139817 183.72202177460377 740.1098051902192 242.4844689667225 -1 -1 -1 -1 -1 -1 -1 -1 1 
39 3 Car -1.000000 -1 -1 772.9104112094412 177.43741208687425 1161.0797082936535 375.8055177660516 -1 -1 -1 -1 -1 -1 -1 -1 1 
39 1 Car -1.000000 -1 -1 647.2863550151769 183.14585662805118 729.3825524025237 241.20129931431552 -1 -1 -1 -1 -1 -1 -1 -1 1 
40 3 Car -1.000000 -1 -1 764.3515459299088 177.19563705703388 1111.1118232011795 373.125872001625 -1 -1 -1 -1 -1 -1 -1 -1 1 
40 1 Car -1.000000 -1 -1 643.2414320902183 181.93052950888298 718.5863156490601 239.6018905027841 -1 -1 -1 -1 -1 -1 -1 -1 1 
41 3 Car -1.000000 -1 -1 755.6897657914803 177.1021929139701 1072.2765941723035 370.5900463705452 -1 -1 -1 -1 -1 -1 -1 -1 1 
41 1 Car -1.000000 -1 -1 623.2298799558329 184.72767378597592 710.0345760136844 238.2108478789003 -1 -1 -1 -1 -1 -1 -1 -1 1 
42 3 Car -1.000000 -1 -1 727.9094766452909 180.09764681426952 1047.1754226610065 357.81761908975363 -1 -1 -1 -1 -1 -1 -1 -1 1 
42 1 Car -1.000000 -1 -1 622.3026769089585 184.78733353997364 700.8339043102012 238.24133098017995 -1 -1 -1 -1 -1 -1 -1 -1 1 
43 3 Car -1.000000 -1 -1 707.2697431542551 180.62036948350192 992.2793390699303 348.0132909384198 -1 -1 -1 -1 -1 -1 -1 -1 1 
43 1 Car -1.000000 -1 -1 616.872890149458 183.96947624233482 692.2413117172052 238.6809572613297 -1 -1 -1 -1 -1 -1 -1 -1 1 
44 3 Car -1.000000 -1 -1 705.4972235993125 174.41934945348362 959.0583422897528 335.5489250344152 -1 -1 -1 -1 -1 -1 -1 -1 1 
44 1 Car -1.000000 -1 -1 610.4548424596969 183.37649616520278 688.5912943688722 236.88738512842414 -1 -1 -1 -1 -1 -1 -1 -1 1 
45 3 Car -1.000000 -1 -1 706.3414232664957 180.50705808071564 929.8426656055336 328.8408403750509 -1 -1 -1 -1 -1 -1 -1 -1 1 
45 1 Car -1.000000 -1 -1 602.2957496276268 181.48769846615883 681.5623676364238 235.2279332251503 -1 -1 -1 -1 -1 -1 -1 -1 1 
46 3 Car -1.000000 -1 -1 683.2564147048845 178.73072174664298 898.1314314532166 322.50182579558054 -1 -1 -1 -1 -1 -1 -1 -1 1 
46 1 Car -1.000000 -1 -1 595.5742536356242 183.7219403196986 675.7960962575788 233.4690312496745 -1 -1 -1 -1 -1 -1 -1 -1 1 
47 3 Car -1.000000 -1 -1 671.1375721237408 184.60791726381734 875.2548372169528 316.0983963439671 -1 -1 -1 -1 -1 -1 -1 -1 1 
47 1 Car -1.000000 -1 -1 591.7012483984805 188.8115437378964 663.3812762495991 234.36571172295285 -1 -1 -1 -1 -1 -1 -1 -1 1 
48 3 Car -1.000000 -1 -1 662.1930776668282 184.9670233563162 847.6780524603449 313.445316376881 -1 -1 -1 -1 -1 -1 -1 -1 1 
48 1 Car -1.000000 -1 -1 578.0195747401851 189.3973826484468 655.4233427259784 234.42482716368082 -1 -1 -1 -1 -1 -1 -1 -1 1 
49 3 Car -1.000000 -1 -1 648.9437762513184 178.28307992133955 832.9232142965955 305.4576848203746 -1 -1 -1 -1 -1 -1 -1 -1 1 
49 1 Car -1.000000 -1 -1 574.2689328041787 184.92395907210616 648.4828120988722 233.32798004580232 -1 -1 -1 -1 -1 -1 -1 -1 1 
50 3 Car -1.000000 -1 -1 648.0860453877025 180.37742071856673 809.6449928846783 296.3218524550589 -1 -1 -1 -1 -1 -1 -1 -1 1 
50 1 Car -1.000000 -1 -1 570.9281100788369 184.3085096916184 645.7403213957755 230.11090865251253 -1 -1 -1 -1 -1 -1 -1 -1 1 
51 3 Car -1.000000 -1 -1 647.0521189940091 181.81245191954076 794.07762975389 288.2396969406937 -1 -1 -1 -1 -1 -1 -1 -1 1 
51 1 Car -1.000000 -1 -1 569.6529568201647 184.34416501818654 642.8631100703317 227.00023136209123 -1 -1 -1 -1 -1 -1 -1 -1 1 
52 3 Car -1.000000 -1 -1 631.9565815424118 172.68258891999724 772.3068887955295 281.18870421670954 -1 -1 -1 -1 -1 -1 -1 -1 1 
52 1 Car -1.000000 -1 -1 566.2982545529421 183.4154783282429 640.5578591926741 225.3995278957658 -1 -1 -1 -1 -1 -1 -1 -1 1 
53 3 Car -1.000000 -1 -1 627.5242604858314 172.63036380665233 756.2293416796109 280.02797079702407 -1 -1 -1 -1 -1 -1 -1 -1 1 
53 1 Car -1.000000 -1 -1 568.0708675338672 182.94273571182902 640.2039259809713 225.38470337167382 -1 -1 -1 -1 -1 -1 -1 -1 1 
54 3 Car -1.000000 -1 -1 616.1633439268917 177.5228778939121 743.3093629366217 274.65318005460387 -1 -1 -1 -1 -1 -1 -1 -1 1 
54 1 Car -1.000000 -1 -1 565.9660020416172 173.72288997285068 638.8821784266486 223.55909718988607 -1 -1 -1 -1 -1 -1 -1 -1 1 
55 3 Car -1.000000 -1 -1 616.1190402583721 183.78514395310327 735.7776928422256 280.35850013391325 -1 -1 -1 -1 -1 -1 -1 -1 1 
55 1 Car -1.000000 -1 -1 563.3091733547357 186.75348169815084 615.944715472368 223.92142585550366 -1 -1 -1 -1 -1 -1 -1 -1 1 
56 1 Car -1.000000 -1 -1 561.9297047372048 186.42182547885636 612.9522865987742 224.01950336419617 -1 -1 -1 -1 -1 -1 -1 -1 1 
57 1 Car -1.000000 -1 -1 558.0544533614928 187.6616054572738 608.6883148023715 223.86732002576954 -1 -1 -1 -1 -1 -1 -1 -1 1 
58 1 Car -1.000000 -1 -1 553.8333884706864 186.51363934175325 606.5491096560771 224.12269727255287 -1 -1 -1 -1 -1 -1 -1 -1 1 
59 1 Car -1.000000 -1 -1 553.9322221267682 187.43729100634272 604.3201422496485 221.83088001866753 -1 -1 -1 -1 -1 -1 -1 -1 1 
60 5 Car -1.000000 -1 -1 222.37036335468292 180.83303840830922 268.1657768121132 201.51027474695672 -1 -1 -1 -1 -1 -1 -1 -1 1 
60 1 Car -1.000000 -1 -1 554.4251920632446 188.90728264187393 602.2276276722552 221.63011011882472 -1 -1 -1 -1 -1 -1 -1 -1 1 
61 5 Car -1.000000 -1 -1 211.78642887106307 181.08703704694145 259.988877165776 202.3431888709848 -1 -1 -1 -1 -1 -1 -1 -1 1 
61 1 Car -1.000000 -1 -1 552.8166315481067 187.20678523039587 602.6081401310288 222.71717902129657 -1 -1 -1 -1 -1 -1 -1 -1 1 
62 5 Car -1.000000 -1 -1 209.3011639209894 179.05134039644437 257.5677099136206 201.33566320873797 -1 -1 -1 -1 -1 -1 -1 -1 1 
62 1 Car -1.000000 -1 -1 548.4940220461442 190.64240558789325 588.6650447364037 220.13244906870216 -1 -1 -1 -1 -1 -1 -1 -1 1 
63 5 Car -1.000000 -1 -1 202.13127464285265 179.2427065531508 250.842996686697 201.805437503096 -1 -1 -1 -1 -1 -1 -1 -1 1 
63 1 Car -1.000000 -1 -1 544.1678929649867 191.22616183729127 583.5092644599767 219.4009847724094 -1 -1 -1 -1 -1 -1 -1 -1 1 
64 5 Car -1.000000 -1 -1 192.4028484632189 179.03684206808416 247.21362363317834 202.28434226905497 -1 -1 -1 -1 -1 -1 -1 -1 1 
65 5 Car -1.000000 -1 -1 183.62554291578442 180.35844801208722 236.57126071819894 204.90057506741815 -1 -1 -1 -1 -1 -1 -1 -1 1 
66 5 Car -1.000000 -1 -1 174.88254943948525 184.49382736490895 233.5738548200864 209.61477641517726 -1 -1 -1 -1 -1 -1 -1 -1 1 
67 5 Car -1.000000 -1 -1 168.40563181386545 187.22998327575624 226.95586645259309 211.85869861465807 -1 -1 -1 -1 -1 -1 -1 -1 1 
68 5 Car -1.000000 -1 -1 155.24324485659602 184.66479164691498 217.77747373168287 210.16753316283797 -1 -1 -1 -1 -1 -1 -1 -1 1 
69 5 Car -1.000000 -1 -1 146.7486385015341 180.3439869187199 206.21956003629242 205.35334865920817 -1 -1 -1 -1 -1 -1 -1 -1 1 
70 5 Car -1.000000 -1 -1 133.19259324899087 177.86543730359813 189.09192454356415 203.8942834792229 -1 -1 -1 -1 -1 -1 -1 -1 1 
71 5 Car -1.000000 -1 -1 119.47980019679434 177.42803295214588 175.53499094339514 204.79320272660027 -1 -1 -1 -1 -1 -1 -1 -1 1 
76 5 Car -1.000000 -1 -1 53.037907358545525 175.33494868817237 148.13233887117644 210.89134429796383 -1 -1 -1 -1 -1 -1 -1 -1 1 
77 5 Car -1.000000 -1 -1 34.62626431538507 176.9364299252629 137.89001319958612 210.60370360142906 -1 -1 -1 -1 -1 -1 -1 -1 1 
77 3 Car -1.000000 -1 -1 550.8569774372646 178.15784058676888 618.395842568519 236.86001383556194 -1 -1 -1 -1 -1 -1 -1 -1 1 
78 5 Car -1.000000 -1 -1 15.094502113759518 178.61134899207033 121.56869447288605 213.45285379972597 -1 -1 -1 -1 -1 -1 -1 -1 1 
78 3 Car -1.000000 -1 -1 549.1457802057266 181.1257644216172 623.5956321771329 235.3461094899103 -1 -1 -1 -1 -1 -1 -1 -1 1 
79 5 Car -1.000000 -1 -1 3.525755631235924 175.10006573194494 112.56676652683662 212.31070021167397 -1 -1 -1 -1 -1 -1 -1 -1 1 
79 3 Car -1.000000 -1 -1 551.2695209495723 181.52872680758054 619.8762397195858 235.5420199007942 -1 -1 -1 -1 -1 -1 -1 -1 1 
80 5 Car -1.000000 -1 -1 0.4839223863986888 175.4531382242791 103.40993901399466 212.858973742606 -1 -1 -1 -1 -1 -1 -1 -1 1 
80 3 Car -1.000000 -1 -1 547.5215291082859 178.84304953846507 623.217673005966 233.8079007145447 -1 -1 -1 -1 -1 -1 -1 -1 1 
81 5 Car -1.000000 -1 -1 0.913647737640602 174.40367924371878 82.27815418633132 214.0689190889064 -1 -1 -1 -1 -1 -1 -1 -1 1 
82 6 Car -1.000000 -1 -1 151.9824780546702 156.16797094340794 242.5194513476812 206.5173850591796 -1 -1 -1 -1 -1 -1 -1 -1 1 
82 5 Car -1.000000 -1 -1 -0.2083417200125126 175.36796575698716 69.4259030520916 212.30461129632135 -1 -1 -1 -1 -1 -1 -1 -1 1 
83 6 Car -1.000000 -1 -1 120.13312648924496 155.22429746432374 220.33030364031976 209.75126614435936 -1 -1 -1 -1 -1 -1 -1 -1 1 
83 5 Car -1.000000 -1 -1 -2.301734145730734 173.74966848784916 52.873468554077235 218.01619808404493 -1 -1 -1 -1 -1 -1 -1 -1 1 
84 6 Car -1.000000 -1 -1 88.62235886947465 150.95162560017062 204.56647999412738 211.6450283748026 -1 -1 -1 -1 -1 -1 -1 -1 1 
84 5 Car -1.000000 -1 -1 -1.4841356139916613 171.88514443114403 34.93774974346161 214.00475913945303 -1 -1 -1 -1 -1 -1 -1 -1 1 
85 6 Car -1.000000 -1 -1 30.07768512316622 148.011767036783 181.79095576502957 212.2114182342417 -1 -1 -1 -1 -1 -1 -1 -1 1 
86 6 Car -1.000000 -1 -1 -1.0463827464442943 144.3126451922581 147.6211556729216 216.46690674018691 -1 -1 -1 -1 -1 -1 -1 -1 1 
87 6 Car -1.000000 -1 -1 -3.275901099237103 138.2120985788508 104.34878044690078 218.73800164590088 -1 -1 -1 -1 -1 -1 -1 -1 1 
113 10 Car -1.000000 -1 -1 116.73501005783105 177.99313097762376 205.47685969090804 208.75860847389472 -1 -1 -1 -1 -1 -1 -1 -1 1 
114 10 Car -1.000000 -1 -1 97.74225784981482 179.6392230137896 197.710048055133 211.97696834301146 -1 -1 -1 -1 -1 -1 -1 -1 1 
114 8 Car -1.000000 -1 -1 180.70603827100535 181.6551772196992 232.7842333660676 205.52423100273768 -1 -1 -1 -1 -1 -1 -1 -1 1 
115 10 Car -1.000000 -1 -1 84.40861999931246 176.20506613121296 229.6203010821572 210.34902030637917 -1 -1 -1 -1 -1 -1 -1 -1 1 
116 10 Car -1.000000 -1 -1 68.45713113764157 175.00296106132174 167.3903882142443 211.243261081668 -1 -1 -1 -1 -1 -1 -1 -1 1 
117 10 Car -1.000000 -1 -1 39.45383947199355 173.34390205975907 193.71261542548353 209.99181037768722 -1 -1 -1 -1 -1 -1 -1 -1 1 
118 10 Car -1.000000 -1 -1 8.198071931417175 175.3631392852045 141.59864102647856 211.36451272580487 -1 -1 -1 -1 -1 -1 -1 -1 1 
119 10 Car -1.000000 -1 -1 4.612349632267765 178.26713104015934 140.81721792484706 215.93636620001726 -1 -1 -1 -1 -1 -1 -1 -1 1 
120 10 Car -1.000000 -1 -1 6.326523504578162 180.47459448616092 151.56969323639686 219.1158805687267 -1 -1 -1 -1 -1 -1 -1 -1 1 
121 10 Car -1.000000 -1 -1 1.5770514014248675 183.16439498000994 73.80964855935711 224.84289924614131 -1 -1 -1 -1 -1 -1 -1 -1 1 
124 13 Car -1.000000 -1 -1 97.69185248590433 178.43319282222254 183.2242980748415 209.48107877316383 -1 -1 -1 -1 -1 -1 -1 -1 1 
125 13 Car -1.000000 -1 -1 78.75136873383934 181.17086279492537 166.42672127341996 212.1986720460252 -1 -1 -1 -1 -1 -1 -1 -1 1 
125 8 Car -1.000000 -1 -1 -0.0866916595170153 177.75851003646565 69.52189531263251 220.26303608436137 -1 -1 -1 -1 -1 -1 -1 -1 1 
126 13 Car -1.000000 -1 -1 52.64703048822973 183.2396712404891 151.5987976543032 212.74656481825963 -1 -1 -1 -1 -1 -1 -1 -1 1 
126 8 Car -1.000000 -1 -1 -2.8106010914421944 175.59162233597957 48.37867443292187 222.4516995394459 -1 -1 -1 -1 -1 -1 -1 -1 1 
126 3 Car -1.000000 -1 -1 581.0506620395641 185.62994023355154 620.2156709054341 214.11872669481315 -1 -1 -1 -1 -1 -1 -1 -1 1 
127 13 Car -1.000000 -1 -1 25.112844420453683 182.57761732316933 126.69500570314435 214.86832588337933 -1 -1 -1 -1 -1 -1 -1 -1 1 
127 3 Car -1.000000 -1 -1 580.7531022435197 185.86808568439804 621.1041206769072 212.61207261480965 -1 -1 -1 -1 -1 -1 -1 -1 1 
128 13 Car -1.000000 -1 -1 9.849269573505111 178.12272793470095 105.7342877640174 220.08818730067176 -1 -1 -1 -1 -1 -1 -1 -1 1 
128 3 Car -1.000000 -1 -1 579.9113782758895 183.91655650562964 622.6270015583588 212.59977732999965 -1 -1 -1 -1 -1 -1 -1 -1 1 
129 13 Car -1.000000 -1 -1 -0.6841938810852781 179.24529328369178 88.70225178679594 218.4428250273833 -1 -1 -1 -1 -1 -1 -1 -1 1 
129 3 Car -1.000000 -1 -1 579.6873587862804 182.77871895294922 622.7941966962356 211.20261658842745 -1 -1 -1 -1 -1 -1 -1 -1 1 
130 13 Car -1.000000 -1 -1 4.781293704532658 178.46209577356393 74.41524449621255 219.95162369253543 -1 -1 -1 -1 -1 -1 -1 -1 1 
130 3 Car -1.000000 -1 -1 581.661920658671 181.2351645113757 624.1087048936349 211.72371187892097 -1 -1 -1 -1 -1 -1 -1 -1 1 
131 13 Car -1.000000 -1 -1 0.4620975430768226 179.60425570177344 51.76167872232887 218.2175268848928 -1 -1 -1 -1 -1 -1 -1 -1 1 
131 3 Car -1.000000 -1 -1 584.2449145248303 179.8118113969954 624.939800365613 212.50174312780683 -1 -1 -1 -1 -1 -1 -1 -1 1 
134 15 Car -1.000000 -1 -1 587.0367861092091 175.85312159588705 629.0605574273146 210.3520163263266 -1 -1 -1 -1 -1 -1 -1 -1 1 
135 15 Car -1.000000 -1 -1 587.046085998416 176.37668353003954 628.8358118843573 208.0757098917205 -1 -1 -1 -1 -1 -1 -1 -1 1 
136 15 Car -1.000000 -1 -1 585.0119108752563 174.2269168607891 628.995325804903 207.066152853748 -1 -1 -1 -1 -1 -1 -1 -1 1 
137 15 Car -1.000000 -1 -1 587.1944585591555 169.9416491991052 628.3951131621233 199.59798963883745 -1 -1 -1 -1 -1 -1 -1 -1 1 
138 18 Car -1.000000 -1 -1 284.29268016264984 171.18071456654712 325.0631268024444 192.03276839107275 -1 -1 -1 -1 -1 -1 -1 -1 1 
138 15 Car -1.000000 -1 -1 587.8228057691684 169.88103202759075 629.1928813617964 199.28806565272123 -1 -1 -1 -1 -1 -1 -1 -1 1 
139 18 Car -1.000000 -1 -1 277.8786935668725 174.54994536148243 319.15392381411334 195.6293857119118 -1 -1 -1 -1 -1 -1 -1 -1 1 
139 16 Car -1.000000 -1 -1 515.4539885463623 185.52991978895778 600.9340045417731 209.6900345148662 -1 -1 -1 -1 -1 -1 -1 -1 1 
139 15 Car -1.000000 -1 -1 585.3899803780592 175.8779140834052 629.8532567780751 206.9068201817572 -1 -1 -1 -1 -1 -1 -1 -1 1 
140 18 Car -1.000000 -1 -1 267.1002860499116 180.88091019755947 312.60917892536287 201.75236006840493 -1 -1 -1 -1 -1 -1 -1 -1 1 
140 15 Car -1.000000 -1 -1 583.9320211227123 182.24979980060687 632.3847044156147 212.7184046862217 -1 -1 -1 -1 -1 -1 -1 -1 1 
141 18 Car -1.000000 -1 -1 258.98902340577195 181.07382958539978 296.6477420650995 203.9638287208688 -1 -1 -1 -1 -1 -1 -1 -1 1 
141 15 Car -1.000000 -1 -1 584.9937132734518 182.3528609954967 630.0542183793507 213.39798285267676 -1 -1 -1 -1 -1 -1 -1 -1 1 
142 18 Car -1.000000 -1 -1 250.7036791501137 180.72533589572862 287.8072061687708 200.60501480475068 -1 -1 -1 -1 -1 -1 -1 -1 1 
142 15 Car -1.000000 -1 -1 584.2141889436887 179.70489689077323 630.7008251192478 212.62107230722904 -1 -1 -1 -1 -1 -1 -1 -1 1 
143 15 Car -1.000000 -1 -1 584.6709305976447 179.79892088959997 628.5581591186616 212.42597222758027 -1 -1 -1 -1 -1 -1 -1 -1 1 
