0 1 Car -1.000000 -1 -1 255.91755485321957 176.61696998476546 302.4752151666418 200.78581754187414 -1 -1 -1 -1 -1 -1 -1 -1 1 
1 2 Car -1.000000 -1 -1 313.87828045279 178.27598562609828 346.47551936715627 194.81059351790273 -1 -1 -1 -1 -1 -1 -1 -1 1 
1 1 Car -1.000000 -1 -1 240.71964660114966 173.5412468238232 295.48025290839945 199.46127171771457 -1 -1 -1 -1 -1 -1 -1 -1 1 
2 2 Car -1.000000 -1 -1 300.18505404545715 176.1219272425828 342.72440581138324 195.49213634588972 -1 -1 -1 -1 -1 -1 -1 -1 1 
2 1 Car -1.000000 -1 -1 228.51887352649982 175.28253761478342 281.35243744116565 201.75914828164073 -1 -1 -1 -1 -1 -1 -1 -1 1 
3 1 Car -1.000000 -1 -1 215.14742698176548 171.8521018942388 269.8333608376292 200.37565713461774 -1 -1 -1 -1 -1 -1 -1 -1 1 
4 2 Car -1.000000 -1 -1 280.52937624775444 174.943578017589 323.16141797716796 195.0717368342269 -1 -1 -1 -1 -1 -1 -1 -1 1 
4 1 Car -1.000000 -1 -1 190.7713649490705 170.82844413100528 257.11356425629214 201.1507944777035 -1 -1 -1 -1 -1 -1 -1 -1 1 
5 2 Car -1.000000 -1 -1 271.76062852029617 173.2687152062471 314.93482709733337 194.60105853011973 -1 -1 -1 -1 -1 -1 -1 -1 1 
5 1 Car -1.000000 -1 -1 173.28265244914937 169.59013743326068 244.06037714618904 202.59063479562218 -1 -1 -1 -1 -1 -1 -1 -1 1 
6 2 Car -1.000000 -1 -1 256.1831745826281 172.8936036547216 304.4495383501053 195.9231824327547 -1 -1 -1 -1 -1 -1 -1 -1 1 
6 1 Car -1.000000 -1 -1 150.19063106637734 168.94991595584614 224.57053135679317 203.83931710742988 -1 -1 -1 -1 -1 -1 -1 -1 1 
7 2 Car -1.000000 -1 -1 248.1678737688523 173.16649719857827 297.28903295558234 196.63448336247643 -1 -1 -1 -1 -1 -1 -1 -1 1 
7 1 Car -1.000000 -1 -1 125.17338651733901 171.25365224917633 206.13388164828604 205.69702509181715 -1 -1 -1 -1 -1 -1 -1 -1 1 
8 2 Car -1.000000 -1 -1 231.81564687994813 173.02493061512135 284.6852059570643 199.6935239384094 -1 -1 -1 -1 -1 -1 -1 -1 1 
8 1 Car -1.000000 -1 -1 100.23405372093504 169.90462692382815 191.04254961157073 208.1798788410826 -1 -1 -1 -1 -1 -1 -1 -1 1 
9 2 Car -1.000000 -1 -1 215.68144099872848 172.9331694615002 272.2899812035836 200.45844648176663 -1 -1 -1 -1 -1 -1 -1 -1 1 
9 1 Car -1.000000 -1 -1 67.25302931723687 171.57329827582893 159.5197713254736 210.50052809564826 -1 -1 -1 -1 -1 -1 -1 -1 1 
10 2 Car -1.000000 -1 -1 197.83350292765178 175.88077338698966 260.71360083955983 203.99447935275163 -1 -1 -1 -1 -1 -1 -1 -1 1 
10 1 Car -1.000000 -1 -1 28.78966559412389 172.78586541159223 142.7113330862843 215.32920735458342 -1 -1 -1 -1 -1 -1 -1 -1 1 
11 2 Car -1.000000 -1 -1 178.6039501107656 175.29425046478326 245.9951854623281 206.09778330589717 -1 -1 -1 -1 -1 -1 -1 -1 1 
11 1 Car -1.000000 -1 -1 2.9917750696723147 174.70382772780096 111.15302071720362 217.6783790973087 -1 -1 -1 -1 -1 -1 -1 -1 1 
12 2 Car -1.000000 -1 -1 163.8404083825075 177.79564914795068 228.24786058985273 206.84518493138827 -1 -1 -1 -1 -1 -1 -1 -1 1 
12 1 Car -1.000000 -1 -1 2.6374421727198865 172.03433432867033 80.82059639577682 222.98790377457266 -1 -1 -1 -1 -1 -1 -1 -1 1 
13 2 Car -1.000000 -1 -1 134.4647954923029 175.80856672989637 210.52894273257024 208.88770654654277 -1 -1 -1 -1 -1 -1 -1 -1 1 
13 1 Car -1.000000 -1 -1 0.455346670574869 170.01135826397402 48.67665491281794 223.23599679825398 -1 -1 -1 -1 -1 -1 -1 -1 1 
14 2 Car -1.000000 -1 -1 112.24787926960451 175.368207703846 189.99408391060737 210.88088921701106 -1 -1 -1 -1 -1 -1 -1 -1 1 
15 2 Car -1.000000 -1 -1 78.02331749349831 173.96234380654417 168.75651097469603 210.38401811025463 -1 -1 -1 -1 -1 -1 -1 -1 1 
16 2 Car -1.000000 -1 -1 52.85498996250905 175.22163177804592 143.4278388327131 210.38793796637597 -1 -1 -1 -1 -1 -1 -1 -1 1 
17 2 Car -1.000000 -1 -1 9.297700013678806 174.73863411802228 109.62087945238902 213.76692357723817 -1 -1 -1 -1 -1 -1 -1 -1 1 
18 3 Car -1.000000 -1 -1 570.0797888132242 170.57701873664672 612.774558704633 211.77055242543037 -1 -1 -1 -1 -1 -1 -1 -1 1 
18 2 Car -1.000000 -1 -1 1.7208026681955175 175.11713937318956 81.69923056662083 217.65218586481822 -1 -1 -1 -1 -1 -1 -1 -1 1 
19 3 Car -1.000000 -1 -1 569.5839655582721 170.0285020499275 613.9618780154448 211.9838475751189 -1 -1 -1 -1 -1 -1 -1 -1 1 
19 2 Car -1.000000 -1 -1 0.25973633160957377 177.23099192461143 41.88955110311508 218.3167149957556 -1 -1 -1 -1 -1 -1 -1 -1 1 
20 3 Car -1.000000 -1 -1 571.2202250086344 171.75729107111692 610.5973297174161 211.76575905141922 -1 -1 -1 -1 -1 -1 -1 -1 1 
21 3 Car -1.000000 -1 -1 571.987640619278 170.84760344229065 610.9856458260463 210.6602475978434 -1 -1 -1 -1 -1 -1 -1 -1 1 
22 3 Car -1.000000 -1 -1 570.7055955483363 170.5970994125192 612.0675991360957 211.00652540245883 -1 -1 -1 -1 -1 -1 -1 -1 1 
23 3 Car -1.000000 -1 -1 569.1070965666037 168.6948874177268 612.7778159792606 210.67430512406506 -1 -1 -1 -1 -1 -1 -1 -1 1 
24 7 Car -1.000000 -1 -1 245.5317562875839 173.67032695060166 299.5698854155265 197.11348978587642 -1 -1 -1 -1 -1 -1 -1 -1 1 
24 3 Car -1.000000 -1 -1 567.9441996973294 169.35237980662632 611.7474366586941 211.00637334613847 -1 -1 -1 -1 -1 -1 -1 -1 1 
25 7 Car -1.000000 -1 -1 231.27801007032394 172.8642235796612 289.59905671614865 199.65768952925617 -1 -1 -1 -1 -1 -1 -1 -1 1 
25 6 Car -1.000000 -1 -1 372.0469148394007 171.56523125819288 402.37813868144383 186.7113889624866 -1 -1 -1 -1 -1 -1 -1 -1 1 
25 3 Car -1.000000 -1 -1 568.172623198766 169.75658215009253 611.6658296860182 210.77798378582187 -1 -1 -1 -1 -1 -1 -1 -1 1 
26 7 Car -1.000000 -1 -1 217.86232160719544 173.41634115347495 277.3211137801409 199.4782442656847 -1 -1 -1 -1 -1 -1 -1 -1 1 
26 3 Car -1.000000 -1 -1 568.2123525532393 169.88448214788852 611.2671082363679 210.44782889433782 -1 -1 -1 -1 -1 -1 -1 -1 1 
27 7 Car -1.000000 -1 -1 201.48457038402557 175.91645428910851 265.34716368638556 202.03152123408822 -1 -1 -1 -1 -1 -1 -1 -1 1 
27 3 Car -1.000000 -1 -1 568.0261554603393 169.65792779452525 612.027735960025 210.73762234300375 -1 -1 -1 -1 -1 -1 -1 -1 1 
28 7 Car -1.000000 -1 -1 183.51892269345433 175.18430117231148 251.81915405851146 203.49050399202565 -1 -1 -1 -1 -1 -1 -1 -1 1 
28 3 Car -1.000000 -1 -1 568.324970545677 169.9272314659678 611.4878170650738 210.3829771423569 -1 -1 -1 -1 -1 -1 -1 -1 1 
29 7 Car -1.000000 -1 -1 162.38331843368138 174.79848517821384 242.41731610636302 204.4363308411378 -1 -1 -1 -1 -1 -1 -1 -1 1 
29 6 Car -1.000000 -1 -1 352.8386880600682 169.6420059933399 385.07623614886637 187.19470728403675 -1 -1 -1 -1 -1 -1 -1 -1 1 
30 7 Car -1.000000 -1 -1 147.078537656854 173.86275266583723 226.42177191133112 204.0009784977883 -1 -1 -1 -1 -1 -1 -1 -1 1 
30 6 Car -1.000000 -1 -1 350.01551894958203 169.96842454402494 382.5472289759379 186.15289888559627 -1 -1 -1 -1 -1 -1 -1 -1 1 
31 7 Car -1.000000 -1 -1 124.29913135574988 173.59547977908872 205.57526056224913 205.4506329497179 -1 -1 -1 -1 -1 -1 -1 -1 1 
31 6 Car -1.000000 -1 -1 348.1969378940188 169.92233052419928 381.63594055576965 185.78353162425068 -1 -1 -1 -1 -1 -1 -1 -1 1 
32 7 Car -1.000000 -1 -1 103.10053885384248 173.32586828762524 187.59229694421475 206.5747270288949 -1 -1 -1 -1 -1 -1 -1 -1 1 
32 6 Car -1.000000 -1 -1 332.98821264046893 166.74442112875673 377.23411151537533 185.86489948658988 -1 -1 -1 -1 -1 -1 -1 -1 1 
33 7 Car -1.000000 -1 -1 72.39835798453825 174.26422852664612 167.3731294990732 209.23855286449765 -1 -1 -1 -1 -1 -1 -1 -1 1 
33 6 Car -1.000000 -1 -1 327.78925639161696 168.90890491553222 372.57089721927275 188.06349117165573 -1 -1 -1 -1 -1 -1 -1 -1 1 
34 7 Car -1.000000 -1 -1 51.05325761552042 175.6358994171023 150.07092907107796 211.32523201119437 -1 -1 -1 -1 -1 -1 -1 -1 1 
35 7 Car -1.000000 -1 -1 21.430700279199158 178.0877488289172 125.79651272755402 215.80420983417966 -1 -1 -1 -1 -1 -1 -1 -1 1 
36 7 Car -1.000000 -1 -1 6.597400840085285 178.70077463046002 102.12640731323224 216.19118376670835 -1 -1 -1 -1 -1 -1 -1 -1 1 
36 3 Car -1.000000 -1 -1 565.06591210457 169.71453304330888 614.7185252583944 213.10688816727352 -1 -1 -1 -1 -1 -1 -1 -1 1 
37 7 Car -1.000000 -1 -1 4.641424331814044 177.31597238721753 74.88781713837614 219.95122308054792 -1 -1 -1 -1 -1 -1 -1 -1 1 
37 3 Car -1.000000 -1 -1 565.5733137749709 167.91157728920763 616.2411886797502 212.4759416955595 -1 -1 -1 -1 -1 -1 -1 -1 1 
38 7 Car -1.000000 -1 -1 -4.318074515805797 171.16275093912216 49.27357807125036 220.54692980152768 -1 -1 -1 -1 -1 -1 -1 -1 1 
38 3 Car -1.000000 -1 -1 566.6871365560935 167.6240563034438 615.6754194383437 212.62596250296784 -1 -1 -1 -1 -1 -1 -1 -1 1 
39 6 Car -1.000000 -1 -1 290.9451069487975 170.54843590953027 343.4953733888956 191.94388206904895 -1 -1 -1 -1 -1 -1 -1 -1 1 
39 3 Car -1.000000 -1 -1 567.1988717684378 168.02337780021705 615.0811618566512 214.20718715167965 -1 -1 -1 -1 -1 -1 -1 -1 1 
40 6 Car -1.000000 -1 -1 279.52886761610324 172.27868601464883 325.1992319088716 191.86167295377416 -1 -1 -1 -1 -1 -1 -1 -1 1 
40 3 Car -1.000000 -1 -1 567.8977707211789 170.1627327487446 613.0961490869523 210.2273562564873 -1 -1 -1 -1 -1 -1 -1 -1 1 
41 6 Car -1.000000 -1 -1 274.378257266604 173.37966828535383 322.28919656574726 193.68634713240542 -1 -1 -1 -1 -1 -1 -1 -1 1 
41 3 Car -1.000000 -1 -1 568.4638118766821 169.79715421509286 613.7595668091224 211.03715588553595 -1 -1 -1 -1 -1 -1 -1 -1 1 
42 8 Car -1.000000 -1 -1 405.4825224899328 170.51616757033537 436.6030339438181 184.80810736162732 -1 -1 -1 -1 -1 -1 -1 -1 1 
42 6 Car -1.000000 -1 -1 269.55297077962985 172.58549558643537 319.4426873314839 195.06652877092932 -1 -1 -1 -1 -1 -1 -1 -1 1 
42 3 Car -1.000000 -1 -1 569.7517223197681 170.89404724538326 614.1157714288969 211.63962623820856 -1 -1 -1 -1 -1 -1 -1 -1 1 
43 8 Car -1.000000 -1 -1 401.4911292716861 170.53717836880912 435.33673604463155 185.09263541692724 -1 -1 -1 -1 -1 -1 -1 -1 1 
43 6 Car -1.000000 -1 -1 253.8497672493641 175.10712743163683 298.70974780963013 196.40126056037843 -1 -1 -1 -1 -1 -1 -1 -1 1 
44 8 Car -1.000000 -1 -1 402.89186662550156 171.80125812928264 433.9505852449399 184.82222898791616 -1 -1 -1 -1 -1 -1 -1 -1 1 
44 6 Car -1.000000 -1 -1 273.30495680410127 170.87230243935034 321.73955425046955 194.4259274750948 -1 -1 -1 -1 -1 -1 -1 -1 1 
45 6 Car -1.000000 -1 -1 270.42268659518317 171.5379715897143 313.2714851452754 194.08426917372987 -1 -1 -1 -1 -1 -1 -1 -1 1 
46 6 Car -1.000000 -1 -1 255.54663507067238 172.33803902322856 306.302171663596 197.0357954537926 -1 -1 -1 -1 -1 -1 -1 -1 1 
47 6 Car -1.000000 -1 -1 252.26004354770367 172.60924038978723 298.78447435910886 198.22854032883276 -1 -1 -1 -1 -1 -1 -1 -1 1 
47 3 Car -1.000000 -1 -1 570.4275897214045 172.54791526983564 617.6320591821119 222.25287510082126 -1 -1 -1 -1 -1 -1 -1 -1 1 
48 3 Car -1.000000 -1 -1 569.7225264333762 171.84172542049336 618.1064937596138 223.28381211711812 -1 -1 -1 -1 -1 -1 -1 -1 1 
50 9 Car -1.000000 -1 -1 162.26423723178985 179.96551744783153 244.094365429563 202.70156068727374 -1 -1 -1 -1 -1 -1 -1 -1 1 
53 6 Car -1.000000 -1 -1 196.71497005338856 169.58784079179168 249.04637269446488 202.63464494536703 -1 -1 -1 -1 -1 -1 -1 -1 1 
54 6 Car -1.000000 -1 -1 178.95592653751373 171.92265076132918 239.0805409504817 205.786345526576 -1 -1 -1 -1 -1 -1 -1 -1 1 
55 6 Car -1.000000 -1 -1 167.57588309966602 172.13930082149233 226.99787148604025 205.72527412038585 -1 -1 -1 -1 -1 -1 -1 -1 1 
56 6 Car -1.000000 -1 -1 148.38569376331108 173.3178901127898 211.93270726616566 206.15850267215419 -1 -1 -1 -1 -1 -1 -1 -1 1 
57 9 Car -1.000000 -1 -1 32.73982396492592 182.84454150125384 133.681026419768 212.52673237512892 -1 -1 -1 -1 -1 -1 -1 -1 1 
57 6 Car -1.000000 -1 -1 124.59166527883362 170.51579656365973 203.67684469142785 207.16244587674737 -1 -1 -1 -1 -1 -1 -1 -1 1 
58 9 Car -1.000000 -1 -1 5.271881011529601 184.58391299757818 112.89011669875337 214.89153397627746 -1 -1 -1 -1 -1 -1 -1 -1 1 
58 6 Car -1.000000 -1 -1 107.84046460114993 170.83318447335984 190.03350469240777 208.36840740118464 -1 -1 -1 -1 -1 -1 -1 -1 1 
59 9 Car -1.000000 -1 -1 4.4692778838082035 184.80551284021482 98.08384984516753 215.93079158964636 -1 -1 -1 -1 -1 -1 -1 -1 1 
59 8 Car -1.000000 -1 -1 345.34801737964153 172.9278048285498 394.381230151424 189.44417094238673 -1 -1 -1 -1 -1 -1 -1 -1 1 
59 6 Car -1.000000 -1 -1 86.04982906923844 172.02339266749243 178.51116405198206 209.54265070255275 -1 -1 -1 -1 -1 -1 -1 -1 1 
60 9 Car -1.000000 -1 -1 4.640252503064964 182.0049875129301 68.12843005932294 218.72219482723338 -1 -1 -1 -1 -1 -1 -1 -1 1 
60 8 Car -1.000000 -1 -1 341.65986212171043 171.00293783900827 396.6358528664479 187.53925288239347 -1 -1 -1 -1 -1 -1 -1 -1 1 
60 6 Car -1.000000 -1 -1 65.77727214533547 172.30933780172984 164.56048175577934 210.59066955394184 -1 -1 -1 -1 -1 -1 -1 -1 1 
61 9 Car -1.000000 -1 -1 5.587971361783829 188.33451356308964 50.026408195495605 221.0433851712598 -1 -1 -1 -1 -1 -1 -1 -1 1 
61 8 Car -1.000000 -1 -1 336.4974341862477 170.1904348312662 392.3666641631952 188.0779513516105 -1 -1 -1 -1 -1 -1 -1 -1 1 
61 6 Car -1.000000 -1 -1 30.757016760225483 171.4776318269567 142.1361308458906 213.03214023534497 -1 -1 -1 -1 -1 -1 -1 -1 1 
62 8 Car -1.000000 -1 -1 329.76037449332387 169.47106341831386 375.603687540843 188.3778467666931 -1 -1 -1 -1 -1 -1 -1 -1 1 
62 6 Car -1.000000 -1 -1 8.006014982954824 172.65348388956716 130.35716860712722 213.79753694726296 -1 -1 -1 -1 -1 -1 -1 -1 1 
63 8 Car -1.000000 -1 -1 324.3178800206918 169.35135753682027 373.5717389812836 188.92586102279333 -1 -1 -1 -1 -1 -1 -1 -1 1 
63 6 Car -1.000000 -1 -1 -0.17830731318547066 172.46489805312683 106.41793034283013 214.35690121367 -1 -1 -1 -1 -1 -1 -1 -1 1 
64 8 Car -1.000000 -1 -1 320.17050527380064 172.35570280955963 374.926419283335 190.68328052974093 -1 -1 -1 -1 -1 -1 -1 -1 1 
64 6 Car -1.000000 -1 -1 3.3149152555717905 170.873872246235 80.5377945238008 218.49156899126962 -1 -1 -1 -1 -1 -1 -1 -1 1 
65 12 Car -1.000000 -1 -1 51.733459982734445 168.78932255965015 109.65931721490162 197.36296611909685 -1 -1 -1 -1 -1 -1 -1 -1 1 
65 6 Car -1.000000 -1 -1 0.684761733103258 172.42775037168312 67.09992050408171 219.13927639476384 -1 -1 -1 -1 -1 -1 -1 -1 1 
66 12 Car -1.000000 -1 -1 25.23341954829027 169.73365624793445 108.09365301708189 197.7798444792055 -1 -1 -1 -1 -1 -1 -1 -1 1 
67 12 Car -1.000000 -1 -1 7.253541923916103 169.59720584922113 97.12808923380307 197.29498437104317 -1 -1 -1 -1 -1 -1 -1 -1 1 
68 12 Car -1.000000 -1 -1 -1.8992554589819406 169.03397612846817 81.54842670591404 198.1841579366189 -1 -1 -1 -1 -1 -1 -1 -1 1 
68 8 Car -1.000000 -1 -1 298.55629429908896 172.76829081730773 347.1405384586407 193.0174391824179 -1 -1 -1 -1 -1 -1 -1 -1 1 
69 8 Car -1.000000 -1 -1 291.5628146299949 172.0800708549527 342.8072385329466 192.99046917317006 -1 -1 -1 -1 -1 -1 -1 -1 1 
70 8 Car -1.000000 -1 -1 284.2995064877547 172.49003645534128 331.61113572808415 193.61237603096438 -1 -1 -1 -1 -1 -1 -1 -1 1 
71 8 Car -1.000000 -1 -1 281.27604096898665 172.31686424034146 327.3041701844105 194.1710551842474 -1 -1 -1 -1 -1 -1 -1 -1 1 
72 8 Car -1.000000 -1 -1 275.3050252153323 172.78088914015547 323.25554154010916 194.57565722628857 -1 -1 -1 -1 -1 -1 -1 -1 1 
73 8 Car -1.000000 -1 -1 265.69961596280336 172.0564544129257 317.083322523305 196.41604779574732 -1 -1 -1 -1 -1 -1 -1 -1 1 
74 8 Car -1.000000 -1 -1 260.9053515287546 174.46214669885543 302.19170035765717 195.7910147567208 -1 -1 -1 -1 -1 -1 -1 -1 1 
75 8 Car -1.000000 -1 -1 253.33108755029164 173.41767398353952 300.70444840880543 195.13222886822544 -1 -1 -1 -1 -1 -1 -1 -1 1 
76 11 Car -1.000000 -1 -1 297.1333308151135 171.58616371811007 343.8430589827207 193.22341327698757 -1 -1 -1 -1 -1 -1 -1 -1 1 
76 8 Car -1.000000 -1 -1 250.31489964861137 171.55124143195843 301.8532413358872 196.57802141199895 -1 -1 -1 -1 -1 -1 -1 -1 1 
77 11 Car -1.000000 -1 -1 290.66388655625855 171.23802276686408 341.6596357639019 193.8801754731685 -1 -1 -1 -1 -1 -1 -1 -1 1 
77 8 Car -1.000000 -1 -1 238.93843344713633 170.93434625376875 292.3807660450156 198.19072537267436 -1 -1 -1 -1 -1 -1 -1 -1 1 
78 11 Car -1.000000 -1 -1 281.88759712760265 171.38988442289138 331.19641975026866 194.59552830085156 -1 -1 -1 -1 -1 -1 -1 -1 1 
78 8 Car -1.000000 -1 -1 229.85576694516033 173.18146308669105 285.9413835979425 198.56335045411612 -1 -1 -1 -1 -1 -1 -1 -1 1 
79 11 Car -1.000000 -1 -1 276.6035232245922 171.98676001638748 324.41764971613884 194.49993135192648 -1 -1 -1 -1 -1 -1 -1 -1 1 
79 8 Car -1.000000 -1 -1 222.84459577615442 173.03799477835688 279.54431689244046 198.6635440709786 -1 -1 -1 -1 -1 -1 -1 -1 1 
80 11 Car -1.000000 -1 -1 274.82440637166684 173.1175185682682 321.578853730972 195.772113565069 -1 -1 -1 -1 -1 -1 -1 -1 1 
80 8 Car -1.000000 -1 -1 211.03071944702134 172.35896073711606 274.54955638543925 200.5944106226357 -1 -1 -1 -1 -1 -1 -1 -1 1 
81 11 Car -1.000000 -1 -1 268.4657343637485 172.5706907813079 315.50298946751997 195.7958951198424 -1 -1 -1 -1 -1 -1 -1 -1 1 
81 8 Car -1.000000 -1 -1 202.54277463142688 176.53882483808468 265.92341656868274 201.24817408549671 -1 -1 -1 -1 -1 -1 -1 -1 1 
82 11 Car -1.000000 -1 -1 256.9348675792034 171.142620804648 309.22278104837125 197.17296443951247 -1 -1 -1 -1 -1 -1 -1 -1 1 
82 8 Car -1.000000 -1 -1 190.15849192899003 175.42172266313662 256.4476808000069 202.12769443885637 -1 -1 -1 -1 -1 -1 -1 -1 1 
83 11 Car -1.000000 -1 -1 252.08091764495924 172.48134737691055 304.0681482209609 197.0017088863712 -1 -1 -1 -1 -1 -1 -1 -1 1 
83 8 Car -1.000000 -1 -1 181.9348019703936 176.22959123064692 255.6545747348036 203.13899781411658 -1 -1 -1 -1 -1 -1 -1 -1 1 
84 11 Car -1.000000 -1 -1 252.20183613552496 171.72126242747674 297.04310729755804 196.94605842232704 -1 -1 -1 -1 -1 -1 -1 -1 1 
84 8 Car -1.000000 -1 -1 171.64219283355544 176.11953189883093 247.27106521923383 203.08079237404922 -1 -1 -1 -1 -1 -1 -1 -1 1 
85 11 Car -1.000000 -1 -1 241.5559970621879 171.18010789944003 294.61704060893794 196.76034978161064 -1 -1 -1 -1 -1 -1 -1 -1 1 
85 8 Car -1.000000 -1 -1 160.2911754247661 174.81526972439428 236.89791728011693 203.70715093584016 -1 -1 -1 -1 -1 -1 -1 -1 1 
86 11 Car -1.000000 -1 -1 229.5550513084118 170.9953551717962 287.39997209952423 196.50105936810945 -1 -1 -1 -1 -1 -1 -1 -1 1 
86 8 Car -1.000000 -1 -1 145.92527113783245 174.7843668294641 229.01509548795337 203.547844161781 -1 -1 -1 -1 -1 -1 -1 -1 1 
87 11 Car -1.000000 -1 -1 218.51666579796716 170.21879591405963 275.244478060649 197.0305037863839 -1 -1 -1 -1 -1 -1 -1 -1 1 
87 8 Car -1.000000 -1 -1 132.75674475887072 175.36568227940455 217.599577937705 204.27839155308902 -1 -1 -1 -1 -1 -1 -1 -1 1 
88 11 Car -1.000000 -1 -1 211.75602930211105 170.99796296455537 272.9996371349463 198.02104792772576 -1 -1 -1 -1 -1 -1 -1 -1 1 
88 8 Car -1.000000 -1 -1 120.81622728633765 174.26980297582654 205.24136197409376 206.4968879477909 -1 -1 -1 -1 -1 -1 -1 -1 1 
89 11 Car -1.000000 -1 -1 202.2222505509853 169.9156263986459 264.240656960469 198.9268375417361 -1 -1 -1 -1 -1 -1 -1 -1 1 
89 8 Car -1.000000 -1 -1 104.55280277233284 174.61383142150368 189.00051131285727 206.2463168627941 -1 -1 -1 -1 -1 -1 -1 -1 1 
90 11 Car -1.000000 -1 -1 188.4387512917702 169.2276787944138 257.7636119196048 199.0804555825889 -1 -1 -1 -1 -1 -1 -1 -1 1 
90 8 Car -1.000000 -1 -1 89.2507406026125 172.30879574512633 174.3586499862946 207.24178376034476 -1 -1 -1 -1 -1 -1 -1 -1 1 
91 11 Car -1.000000 -1 -1 178.54207755281374 168.62814608388223 245.67642668806587 199.51595573757703 -1 -1 -1 -1 -1 -1 -1 -1 1 
91 8 Car -1.000000 -1 -1 73.72183400851031 173.4165191077269 132.5809288941897 210.45453731830304 -1 -1 -1 -1 -1 -1 -1 -1 1 
92 11 Car -1.000000 -1 -1 171.32125634413498 168.93561664395608 241.09292166049664 200.80862230119797 -1 -1 -1 -1 -1 -1 -1 -1 1 
92 8 Car -1.000000 -1 -1 56.882190601470384 175.21346372086555 141.18296890046736 209.19804664579436 -1 -1 -1 -1 -1 -1 -1 -1 1 
93 11 Car -1.000000 -1 -1 160.15469643645562 170.5908658556067 232.55579669601644 201.01494994014502 -1 -1 -1 -1 -1 -1 -1 -1 1 
93 8 Car -1.000000 -1 -1 35.627334926563975 173.98523717509727 129.80310608618535 212.2758574730072 -1 -1 -1 -1 -1 -1 -1 -1 1 
94 13 Car -1.000000 -1 -1 227.57866576084726 172.86272955915103 277.5538174372453 197.23197180204667 -1 -1 -1 -1 -1 -1 -1 -1 1 
94 11 Car -1.000000 -1 -1 140.86337098293006 169.83221388923434 219.6792438621991 203.18245712237862 -1 -1 -1 -1 -1 -1 -1 -1 1 
94 8 Car -1.000000 -1 -1 19.434503796582035 175.30935865719442 118.2144568442152 213.50343576453338 -1 -1 -1 -1 -1 -1 -1 -1 1 
95 11 Car -1.000000 -1 -1 128.84792266943705 170.14491599268064 212.9587851655311 203.02480389364064 -1 -1 -1 -1 -1 -1 -1 -1 1 
95 8 Car -1.000000 -1 -1 1.544126127774902 177.20658167336995 122.43520604417874 214.09094670357612 -1 -1 -1 -1 -1 -1 -1 -1 1 
96 11 Car -1.000000 -1 -1 115.18720170067479 172.16518354745438 199.50490505062044 205.50077274226797 -1 -1 -1 -1 -1 -1 -1 -1 1 
96 8 Car -1.000000 -1 -1 2.5141462133480985 175.41074408934665 103.77344331718409 214.15240948016825 -1 -1 -1 -1 -1 -1 -1 -1 1 
97 11 Car -1.000000 -1 -1 97.64674775631954 171.9702536849162 193.98165689595044 206.84966027665027 -1 -1 -1 -1 -1 -1 -1 -1 1 
97 8 Car -1.000000 -1 -1 2.4724554471098372 173.45377642553873 84.23961186351684 217.90896917585857 -1 -1 -1 -1 -1 -1 -1 -1 1 
98 11 Car -1.000000 -1 -1 86.7667063841453 171.34941084525332 178.50551151312314 207.28312330678676 -1 -1 -1 -1 -1 -1 -1 -1 1 
98 8 Car -1.000000 -1 -1 2.036477495271427 171.74816755757024 69.92290329646606 220.21017802986677 -1 -1 -1 -1 -1 -1 -1 -1 1 
99 11 Car -1.000000 -1 -1 69.38883980822105 172.18315391801298 165.60691361759717 208.6224071144198 -1 -1 -1 -1 -1 -1 -1 -1 1 
100 13 Car -1.000000 -1 -1 158.71683124137613 174.68399407628635 239.73461198147672 202.84475518677095 -1 -1 -1 -1 -1 -1 -1 -1 1 
100 11 Car -1.000000 -1 -1 58.1153411401006 171.48340499709144 154.5071338902299 209.7598925465718 -1 -1 -1 -1 -1 -1 -1 -1 1 
101 13 Car -1.000000 -1 -1 156.03915966273502 173.8697340926872 231.0156982068259 204.13316309881898 -1 -1 -1 -1 -1 -1 -1 -1 1 
101 11 Car -1.000000 -1 -1 31.293523204441257 173.68810961488632 150.5412133995157 212.31443641814758 -1 -1 -1 -1 -1 -1 -1 -1 1 
102 13 Car -1.000000 -1 -1 136.0405648223196 175.4976874217391 223.12356513638335 204.8585176324615 -1 -1 -1 -1 -1 -1 -1 -1 1 
102 11 Car -1.000000 -1 -1 17.992100590123584 174.98784188109522 127.66195696764268 214.47733024923275 -1 -1 -1 -1 -1 -1 -1 -1 1 
103 13 Car -1.000000 -1 -1 131.4994012507109 177.1691923137181 215.80773797860516 207.95398031791242 -1 -1 -1 -1 -1 -1 -1 -1 1 
103 11 Car -1.000000 -1 -1 6.027101239332779 176.40480027498248 118.55067826922124 216.66407440968146 -1 -1 -1 -1 -1 -1 -1 -1 1 
104 13 Car -1.000000 -1 -1 116.08333037607373 177.13326387680493 200.67157935480088 209.28593925558602 -1 -1 -1 -1 -1 -1 -1 -1 1 
104 11 Car -1.000000 -1 -1 -0.9585733562707901 176.1176915337833 107.73085474738707 219.5502625993238 -1 -1 -1 -1 -1 -1 -1 -1 1 
105 13 Car -1.000000 -1 -1 107.26050813496114 180.17598988416677 190.81817617095436 211.10730838532058 -1 -1 -1 -1 -1 -1 -1 -1 1 
105 11 Car -1.000000 -1 -1 1.5286716907643267 174.4498006390551 82.58327614831236 221.96338635582765 -1 -1 -1 -1 -1 -1 -1 -1 1 
106 13 Car -1.000000 -1 -1 86.58474887334383 171.79509512005518 186.92429654414838 208.48405746241602 -1 -1 -1 -1 -1 -1 -1 -1 1 
106 11 Car -1.000000 -1 -1 1.7889915343660618 173.94143340285294 73.01974718329998 221.9995592917817 -1 -1 -1 -1 -1 -1 -1 -1 1 
107 13 Car -1.000000 -1 -1 79.58378195705322 172.4288535053627 174.10015755490613 209.22383768125798 -1 -1 -1 -1 -1 -1 -1 -1 1 
107 11 Car -1.000000 -1 -1 -0.01076142747815112 172.10596927011812 65.53446798284466 219.820009275841 -1 -1 -1 -1 -1 -1 -1 -1 1 
108 13 Car -1.000000 -1 -1 64.08140264738064 171.62940327006464 154.3860709008116 209.36805649230686 -1 -1 -1 -1 -1 -1 -1 -1 1 
108 11 Car -1.000000 -1 -1 -1.964654803276062 176.46573684536494 38.527875698529755 221.06753289699554 -1 -1 -1 -1 -1 -1 -1 -1 1 
109 13 Car -1.000000 -1 -1 53.346284993566 173.76444736817996 146.21014181696452 210.53402078373787 -1 -1 -1 -1 -1 -1 -1 -1 1 
109 11 Car -1.000000 -1 -1 2.731819854332848 185.78058237639758 26.88608575784243 224.1315612426171 -1 -1 -1 -1 -1 -1 -1 -1 1 
110 13 Car -1.000000 -1 -1 29.042767435312285 174.22687594528094 131.84384950078453 213.2239632326393 -1 -1 -1 -1 -1 -1 -1 -1 1 
111 13 Car -1.000000 -1 -1 16.2702501272926 174.17997170168044 116.08207446394059 212.36536660804768 -1 -1 -1 -1 -1 -1 -1 -1 1 
112 16 Car -1.000000 -1 -1 379.68520640180657 171.58078511532108 418.7884893440283 186.7727010260121 -1 -1 -1 -1 -1 -1 -1 -1 1 
112 13 Car -1.000000 -1 -1 1.5711217877956472 174.4826394581021 105.12372245467625 213.2692759623751 -1 -1 -1 -1 -1 -1 -1 -1 1 
113 16 Car -1.000000 -1 -1 377.90934433214943 172.10123285006443 415.63750714694083 186.32776865090887 -1 -1 -1 -1 -1 -1 -1 -1 1 
113 13 Car -1.000000 -1 -1 -1.361118330978428 173.07394621177363 88.97498376151691 216.01135978618495 -1 -1 -1 -1 -1 -1 -1 -1 1 
114 16 Car -1.000000 -1 -1 375.6095130512348 172.6617710127567 410.944735717315 186.16799120074856 -1 -1 -1 -1 -1 -1 -1 -1 1 
118 16 Car -1.000000 -1 -1 358.86080195353577 172.14052490173626 393.3072926126993 187.02367524831342 -1 -1 -1 -1 -1 -1 -1 -1 1 
144 16 Car -1.000000 -1 -1 303.72452140771424 175.6354888113072 344.8842009764451 195.5322087742388 -1 -1 -1 -1 -1 -1 -1 -1 1 
145 16 Car -1.000000 -1 -1 299.1703653071935 175.7875831726079 345.4145452208244 194.89954422729522 -1 -1 -1 -1 -1 -1 -1 -1 1 
147 18 Car -1.000000 -1 -1 543.4273772749763 175.38154954448916 617.0515037219111 235.09043858100017 -1 -1 -1 -1 -1 -1 -1 -1 1 
148 18 Car -1.000000 -1 -1 543.7448978435535 179.0908292347852 613.05449497929 233.62127538376416 -1 -1 -1 -1 -1 -1 -1 -1 1 
149 18 Car -1.000000 -1 -1 541.9609705312894 178.3463631828244 612.8938414397148 234.11835751567898 -1 -1 -1 -1 -1 -1 -1 -1 1 
149 16 Car -1.000000 -1 -1 284.83559865447194 177.2669142900178 327.4145445296398 195.61402023268434 -1 -1 -1 -1 -1 -1 -1 -1 1 
150 18 Car -1.000000 -1 -1 539.9795476327149 176.27419482988236 616.3329246304929 233.8596711902378 -1 -1 -1 -1 -1 -1 -1 -1 1 
150 16 Car -1.000000 -1 -1 281.4890080759159 178.1347045997301 324.0593267289492 195.57863629709644 -1 -1 -1 -1 -1 -1 -1 -1 1 
151 18 Car -1.000000 -1 -1 539.7955561048136 177.4619509412262 614.0279497598799 232.37128716069628 -1 -1 -1 -1 -1 -1 -1 -1 1 
151 16 Car -1.000000 -1 -1 277.8391421666512 177.63306547959263 326.34309906225934 196.00161619914266 -1 -1 -1 -1 -1 -1 -1 -1 1 
152 18 Car -1.000000 -1 -1 539.103127924582 177.13350480279098 614.4689015330603 233.21521346672225 -1 -1 -1 -1 -1 -1 -1 -1 1 
153 18 Car -1.000000 -1 -1 541.7910551847174 179.14711137732064 612.303252918789 231.79508002403267 -1 -1 -1 -1 -1 -1 -1 -1 1 
154 18 Car -1.000000 -1 -1 542.0148445794789 179.19181306094217 612.1335267375869 231.20244129453425 -1 -1 -1 -1 -1 -1 -1 -1 1 
155 18 Car -1.000000 -1 -1 543.9854998221764 180.15905064888872 612.4384073936022 232.39446234387847 -1 -1 -1 -1 -1 -1 -1 -1 1 
156 18 Car -1.000000 -1 -1 546.5214438298001 178.47674030165834 612.9357163886039 233.48251810798854 -1 -1 -1 -1 -1 -1 -1 -1 1 
157 18 Car -1.000000 -1 -1 547.9999103551874 179.3000921786118 616.4554338541168 232.60992706323472 -1 -1 -1 -1 -1 -1 -1 -1 1 
160 16 Car -1.000000 -1 -1 241.32354191819638 177.85594033865402 318.47180372290313 200.42066553679223 -1 -1 -1 -1 -1 -1 -1 -1 1 
161 16 Car -1.000000 -1 -1 234.95649137921058 178.02759467695768 313.77505973153393 201.33849441145475 -1 -1 -1 -1 -1 -1 -1 -1 1 
162 16 Car -1.000000 -1 -1 233.4304379293552 179.45693316869438 312.4762716568433 201.02950903730323 -1 -1 -1 -1 -1 -1 -1 -1 1 
163 16 Car -1.000000 -1 -1 230.9388924398674 178.01642251344254 314.22702491541315 202.5272010359913 -1 -1 -1 -1 -1 -1 -1 -1 1 
164 21 Car -1.000000 -1 -1 919.9873779751362 192.86564039066434 997.6981714995436 215.3789343384023 -1 -1 -1 -1 -1 -1 -1 -1 1 
164 16 Car -1.000000 -1 -1 227.9379368882913 179.9850264349236 284.5242684025031 204.13897949485826 -1 -1 -1 -1 -1 -1 -1 -1 1 
165 21 Car -1.000000 -1 -1 921.594184840098 194.4138680656369 1004.6720410549583 216.57764503302485 -1 -1 -1 -1 -1 -1 -1 -1 1 
166 21 Car -1.000000 -1 -1 928.6539370750005 195.2776590254731 1014.6919805900409 218.17572219655491 -1 -1 -1 -1 -1 -1 -1 -1 1 
167 21 Car -1.000000 -1 -1 938.6285072625258 195.3305589357534 1031.033821890847 218.95650442904576 -1 -1 -1 -1 -1 -1 -1 -1 1 
168 23 Car -1.000000 -1 -1 -28.135501137146605 8.302680324189936 445.15168429338013 364.11701740983585 -1 -1 -1 -1 -1 -1 -1 -1 1 
169 23 Car -1.000000 -1 -1 3.9874988673971075 2.1516609793672217 357.6737506418274 379.0734091487069 -1 -1 -1 -1 -1 -1 -1 -1 1 
172 25 Car -1.000000 -1 -1 531.1993302198557 185.28363674592515 555.7490446384137 199.73018772613545 -1 -1 -1 -1 -1 -1 -1 -1 1 
172 21 Car -1.000000 -1 -1 992.5107194592173 197.01788450877825 1082.7258653348454 223.5871290680594 -1 -1 -1 -1 -1 -1 -1 -1 1 
173 25 Car -1.000000 -1 -1 529.8091338082002 185.26912348058363 555.7189810470893 199.43134074744125 -1 -1 -1 -1 -1 -1 -1 -1 1 
173 21 Car -1.000000 -1 -1 998.605355048982 197.24430211891348 1091.1826044487266 223.60530807278477 -1 -1 -1 -1 -1 -1 -1 -1 1 
174 25 Car -1.000000 -1 -1 526.4768984432404 190.86589404525094 550.8878512542982 202.7880323226922 -1 -1 -1 -1 -1 -1 -1 -1 1 
174 21 Car -1.000000 -1 -1 1014.5593100896536 198.40957836892744 1106.6442275189152 224.57607538224414 -1 -1 -1 -1 -1 -1 -1 -1 1 
175 26 Car -1.000000 -1 -1 1143.9092093161667 199.75805207370564 1205.335833843511 229.16597547009587 -1 -1 -1 -1 -1 -1 -1 -1 1 
175 21 Car -1.000000 -1 -1 1037.1993573018565 199.5795855585199 1123.8578998884902 225.60616604124124 -1 -1 -1 -1 -1 -1 -1 -1 1 
176 26 Car -1.000000 -1 -1 1137.029611737539 200.14144569778674 1226.32564828158 230.58452940760898 -1 -1 -1 -1 -1 -1 -1 -1 1 
176 21 Car -1.000000 -1 -1 1034.4209217973628 200.54387440904975 1133.6841188697863 226.00033395708755 -1 -1 -1 -1 -1 -1 -1 -1 1 
177 26 Car -1.000000 -1 -1 1138.2174607291818 202.4824504310695 1238.8687265922244 233.31887729895803 -1 -1 -1 -1 -1 -1 -1 -1 1 
177 24 Car -1.000000 -1 -1 545.5816222248742 183.71717907631628 571.701603183093 196.78909514242642 -1 -1 -1 -1 -1 -1 -1 -1 1 
177 21 Car -1.000000 -1 -1 1059.624370646448 201.40227166792522 1149.8225391525773 227.65984665602446 -1 -1 -1 -1 -1 -1 -1 -1 1 
178 24 Car -1.000000 -1 -1 545.4065748556302 183.57014045334208 571.3730471374897 197.4638197033738 -1 -1 -1 -1 -1 -1 -1 -1 1 
178 21 Car -1.000000 -1 -1 1087.184974645766 202.24810045105048 1236.1864591670726 235.20305425895808 -1 -1 -1 -1 -1 -1 -1 -1 1 
179 24 Car -1.000000 -1 -1 544.8103056790737 183.1991171213583 570.543266391525 197.0942352647678 -1 -1 -1 -1 -1 -1 -1 -1 1 
179 21 Car -1.000000 -1 -1 1077.9102887436748 203.50412651896477 1184.814911152881 231.37303276990468 -1 -1 -1 -1 -1 -1 -1 -1 1 
179 18 Car -1.000000 -1 -1 567.0597172379494 182.55159108398055 617.9920691756101 227.74554280420912 -1 -1 -1 -1 -1 -1 -1 -1 1 
180 24 Car -1.000000 -1 -1 541.5498510089058 182.78249903008916 568.3230468602134 196.5747404879389 -1 -1 -1 -1 -1 -1 -1 -1 1 
180 21 Car -1.000000 -1 -1 1101.563654891287 200.54591857255076 1206.7325453382846 229.89707746399708 -1 -1 -1 -1 -1 -1 -1 -1 1 
180 18 Car -1.000000 -1 -1 567.5952342565243 182.2838171098668 620.1963073473711 226.07970929059846 -1 -1 -1 -1 -1 -1 -1 -1 1 
181 24 Car -1.000000 -1 -1 539.8307647094703 183.2440791544146 567.8388651944696 196.47367418600388 -1 -1 -1 -1 -1 -1 -1 -1 1 
181 21 Car -1.000000 -1 -1 1110.4285109054583 201.4806727663829 1218.2305672845014 234.57017841820536 -1 -1 -1 -1 -1 -1 -1 -1 1 
181 18 Car -1.000000 -1 -1 567.7582688239904 184.53860730649188 620.2250191981975 223.68047998931547 -1 -1 -1 -1 -1 -1 -1 -1 1 
182 24 Car -1.000000 -1 -1 540.9039149785843 181.36343637552972 569.4562422750661 197.22046189081783 -1 -1 -1 -1 -1 -1 -1 -1 1 
182 21 Car -1.000000 -1 -1 1134.2832534657075 201.92216267773452 1236.8275689001266 235.7841590867163 -1 -1 -1 -1 -1 -1 -1 -1 1 
182 16 Car -1.000000 -1 -1 116.94975804193665 175.24230987943994 210.71426268896232 211.2703794129909 -1 -1 -1 -1 -1 -1 -1 -1 1 
183 25 Car -1.000000 -1 -1 471.5126683391058 186.01757531555796 520.9434223679397 221.5109441715937 -1 -1 -1 -1 -1 -1 -1 -1 1 
183 24 Car -1.000000 -1 -1 530.8620295023115 182.75419522363404 557.0325067590635 200.10875810224275 -1 -1 -1 -1 -1 -1 -1 -1 1 
183 21 Car -1.000000 -1 -1 1159.980359421613 201.82003950377782 1235.5467693309943 240.54503860847595 -1 -1 -1 -1 -1 -1 -1 -1 1 
183 16 Car -1.000000 -1 -1 106.27542244241788 176.43701311093398 190.41662382506405 211.99156346623428 -1 -1 -1 -1 -1 -1 -1 -1 1 
184 25 Car -1.000000 -1 -1 460.51592981815344 196.59970614772575 512.6787115518864 226.14203336147162 -1 -1 -1 -1 -1 -1 -1 -1 1 
184 24 Car -1.000000 -1 -1 529.8591720524889 183.0508062759271 555.7520744875073 200.8101033190122 -1 -1 -1 -1 -1 -1 -1 -1 1 
184 21 Car -1.000000 -1 -1 1170.363286925623 201.66141343697046 1239.3542747686688 243.66062817772706 -1 -1 -1 -1 -1 -1 -1 -1 1 
184 16 Car -1.000000 -1 -1 85.82527322551377 175.81707197062386 174.90259100324832 213.71426303476954 -1 -1 -1 -1 -1 -1 -1 -1 1 
185 29 Car -1.000000 -1 -1 239.9519715332068 180.28374558959445 296.9115457190917 205.8530974452599 -1 -1 -1 -1 -1 -1 -1 -1 1 
185 25 Car -1.000000 -1 -1 444.51512805372477 183.053901589189 504.16003688424826 232.3931191707603 -1 -1 -1 -1 -1 -1 -1 -1 1 
185 24 Car -1.000000 -1 -1 526.1765401386297 179.08688423295433 559.1786487400531 202.33058839893113 -1 -1 -1 -1 -1 -1 -1 -1 1 
185 18 Car -1.000000 -1 -1 577.0457318413717 185.69619670653574 621.7804012883169 222.91771734419925 -1 -1 -1 -1 -1 -1 -1 -1 1 
185 16 Car -1.000000 -1 -1 62.62147966686351 177.70971532445404 151.89056628512648 214.96000539403985 -1 -1 -1 -1 -1 -1 -1 -1 1 
186 29 Car -1.000000 -1 -1 223.62948079980333 180.5364532539478 290.1835453212261 206.83352677867964 -1 -1 -1 -1 -1 -1 -1 -1 1 
186 25 Car -1.000000 -1 -1 428.50440409407014 185.49893444511466 491.40363885032434 237.4966426197296 -1 -1 -1 -1 -1 -1 -1 -1 1 
186 24 Car -1.000000 -1 -1 522.5508404167799 178.8108380189022 556.977753260961 203.48199802594112 -1 -1 -1 -1 -1 -1 -1 -1 1 
186 16 Car -1.000000 -1 -1 45.66590974193353 176.3505618392418 132.26045606457268 217.0542440502546 -1 -1 -1 -1 -1 -1 -1 -1 1 
187 29 Car -1.000000 -1 -1 219.0466505747575 180.07512931497052 284.1050964502188 207.8598262383961 -1 -1 -1 -1 -1 -1 -1 -1 1 
187 25 Car -1.000000 -1 -1 397.2325249314309 187.92625486205978 478.8945851257215 248.17074622170858 -1 -1 -1 -1 -1 -1 -1 -1 1 
187 24 Car -1.000000 -1 -1 519.1806616462194 179.94296416425362 554.6181809581243 205.07107007030686 -1 -1 -1 -1 -1 -1 -1 -1 1 
188 29 Car -1.000000 -1 -1 207.57375772641257 182.30560565224062 275.9612692456979 210.08960623294115 -1 -1 -1 -1 -1 -1 -1 -1 1 
188 27 Car -1.000000 -1 -1 124.70013391197875 183.34563606633589 203.56165365846113 212.78173103928566 -1 -1 -1 -1 -1 -1 -1 -1 1 
188 25 Car -1.000000 -1 -1 362.2452263178734 185.2870147066334 474.13532180167164 261.01832387324134 -1 -1 -1 -1 -1 -1 -1 -1 1 
188 24 Car -1.000000 -1 -1 514.4722284628795 183.8332034217624 552.1425070304136 209.29393709565588 -1 -1 -1 -1 -1 -1 -1 -1 1 
189 29 Car -1.000000 -1 -1 197.9042447255208 181.99349012082584 265.4838040792025 211.3927608140959 -1 -1 -1 -1 -1 -1 -1 -1 1 
189 27 Car -1.000000 -1 -1 109.52978146763947 183.56369600559654 195.8916106086511 213.58792978123975 -1 -1 -1 -1 -1 -1 -1 -1 1 
189 25 Car -1.000000 -1 -1 320.9187839511208 190.6288481818942 436.8281991918785 278.0385101214051 -1 -1 -1 -1 -1 -1 -1 -1 1 
189 24 Car -1.000000 -1 -1 510.1002081833207 182.4375886040238 551.3880091189193 211.12177657106747 -1 -1 -1 -1 -1 -1 -1 -1 1 
190 29 Car -1.000000 -1 -1 182.11469414414694 185.4405135740168 256.97943809012384 213.92144157121388 -1 -1 -1 -1 -1 -1 -1 -1 1 
190 27 Car -1.000000 -1 -1 91.13578499094226 184.0025551008204 184.95732700094007 217.6295839285908 -1 -1 -1 -1 -1 -1 -1 -1 1 
190 25 Car -1.000000 -1 -1 230.12970740720624 193.48860503389287 406.44385787414814 309.13387955381324 -1 -1 -1 -1 -1 -1 -1 -1 1 
190 24 Car -1.000000 -1 -1 499.6801257890004 183.3691683669503 544.7445800556586 214.59496214699288 -1 -1 -1 -1 -1 -1 -1 -1 1 
190 16 Car -1.000000 -1 -1 5.1917838027270875 182.83142777195627 81.30493323762829 226.33175540249792 -1 -1 -1 -1 -1 -1 -1 -1 1 
191 31 Car -1.000000 -1 -1 548.1227621407463 183.13243182805869 571.6254755997887 197.0773761948714 -1 -1 -1 -1 -1 -1 -1 -1 1 
191 29 Car -1.000000 -1 -1 168.99127365147262 186.51554198004305 245.17010475508866 211.12876777680447 -1 -1 -1 -1 -1 -1 -1 -1 1 
191 27 Car -1.000000 -1 -1 70.93595556742869 187.4454175032532 168.8650808638105 222.742399173932 -1 -1 -1 -1 -1 -1 -1 -1 1 
191 24 Car -1.000000 -1 -1 491.27086344590555 183.15714629940118 542.4004114728707 218.14922898864518 -1 -1 -1 -1 -1 -1 -1 -1 1 
192 31 Car -1.000000 -1 -1 545.5668486408316 182.27019313221368 572.9353477330162 197.34263339509758 -1 -1 -1 -1 -1 -1 -1 -1 1 
192 27 Car -1.000000 -1 -1 51.6326448060572 186.50212760369936 153.09380929831127 208.11077875371734 -1 -1 -1 -1 -1 -1 -1 -1 1 
193 31 Car -1.000000 -1 -1 546.2811043336987 182.53284603214033 572.569947861135 197.96442989116676 -1 -1 -1 -1 -1 -1 -1 -1 1 
193 27 Car -1.000000 -1 -1 32.74412832237206 187.7914945451686 140.34743400376576 223.44127379787656 -1 -1 -1 -1 -1 -1 -1 -1 1 
194 31 Car -1.000000 -1 -1 541.897747834428 181.0384144863257 571.5497149581519 199.22177995053622 -1 -1 -1 -1 -1 -1 -1 -1 1 
194 27 Car -1.000000 -1 -1 4.863377238695449 188.03581455722448 118.30451201704832 225.87907253406365 -1 -1 -1 -1 -1 -1 -1 -1 1 
195 31 Car -1.000000 -1 -1 540.357042343284 181.83057418522927 568.8185239941454 199.79986025450322 -1 -1 -1 -1 -1 -1 -1 -1 1 
195 29 Car -1.000000 -1 -1 105.87986297289339 187.99085999265887 196.2816776981434 221.29910355075623 -1 -1 -1 -1 -1 -1 -1 -1 1 
195 27 Car -1.000000 -1 -1 -2.2388566801181184 186.180922946033 105.5294980108738 227.58296351485814 -1 -1 -1 -1 -1 -1 -1 -1 1 
195 24 Car -1.000000 -1 -1 432.8162276108677 192.54922985923116 510.75434950624515 243.01892965852926 -1 -1 -1 -1 -1 -1 -1 -1 1 
196 31 Car -1.000000 -1 -1 539.2350011009436 181.56091122028346 568.8042782224142 199.0897212929737 -1 -1 -1 -1 -1 -1 -1 -1 1 
196 29 Car -1.000000 -1 -1 87.10982175687185 185.0183831456189 187.38764421584517 222.4084894316128 -1 -1 -1 -1 -1 -1 -1 -1 1 
196 27 Car -1.000000 -1 -1 -2.1636281216946855 185.04362411868686 85.62192863885026 227.94635477475822 -1 -1 -1 -1 -1 -1 -1 -1 1 
196 24 Car -1.000000 -1 -1 402.9422479655881 190.04588515067903 505.3067050375618 248.4532765363558 -1 -1 -1 -1 -1 -1 -1 -1 1 
197 31 Car -1.000000 -1 -1 536.2423800367575 179.44752802857414 574.0270362083728 200.3190294803622 -1 -1 -1 -1 -1 -1 -1 -1 1 
197 29 Car -1.000000 -1 -1 62.42404743226675 185.70069585425352 165.70947114435526 222.1641438440062 -1 -1 -1 -1 -1 -1 -1 -1 1 
197 24 Car -1.000000 -1 -1 365.4437094875253 188.5961209817861 486.3835581225845 265.12766097529004 -1 -1 -1 -1 -1 -1 -1 -1 1 
197 18 Car -1.000000 -1 -1 583.5906557520995 186.61666743887156 630.4143600589954 221.650962682011 -1 -1 -1 -1 -1 -1 -1 -1 1 
198 31 Car -1.000000 -1 -1 534.9851898361858 179.27745341036754 572.4838265449955 201.93770457990468 -1 -1 -1 -1 -1 -1 -1 -1 1 
198 29 Car -1.000000 -1 -1 38.252846334416134 185.96896062640906 144.56976699657167 222.45486303626635 -1 -1 -1 -1 -1 -1 -1 -1 1 
198 24 Car -1.000000 -1 -1 299.38146718663086 190.11523478771917 474.55370319219156 281.77820671743785 -1 -1 -1 -1 -1 -1 -1 -1 1 
198 18 Car -1.000000 -1 -1 584.7765407516406 179.1243197468038 631.122815155066 218.84283512974017 -1 -1 -1 -1 -1 -1 -1 -1 1 
199 31 Car -1.000000 -1 -1 532.390799423823 179.67046838468656 558.8642704876569 204.6138210257945 -1 -1 -1 -1 -1 -1 -1 -1 1 
199 29 Car -1.000000 -1 -1 8.910752907108801 186.3166268986578 128.01912734514246 223.977578481516 -1 -1 -1 -1 -1 -1 -1 -1 1 
199 24 Car -1.000000 -1 -1 203.53397483206714 194.65145660349384 448.98654646025255 313.26043872664184 -1 -1 -1 -1 -1 -1 -1 -1 1 
199 18 Car -1.000000 -1 -1 583.9679863888484 186.17055869589632 630.1984282342288 221.91043610039813 -1 -1 -1 -1 -1 -1 -1 -1 1 
200 31 Car -1.000000 -1 -1 525.4429785448771 179.8252347462739 557.7791396264846 205.01654664985836 -1 -1 -1 -1 -1 -1 -1 -1 1 
200 29 Car -1.000000 -1 -1 -1.0150190213551866 187.2374948579818 109.36975432703127 225.87035250706742 -1 -1 -1 -1 -1 -1 -1 -1 1 
200 18 Car -1.000000 -1 -1 584.9836197082813 187.85914305884106 630.7748391399016 221.14499586705978 -1 -1 -1 -1 -1 -1 -1 -1 1 
201 31 Car -1.000000 -1 -1 521.3259741824407 178.95617436331054 555.9030832625353 205.41147242944976 -1 -1 -1 -1 -1 -1 -1 -1 1 
202 31 Car -1.000000 -1 -1 515.123802973674 178.93962343581595 552.8868853954169 206.2923557554873 -1 -1 -1 -1 -1 -1 -1 -1 1 
203 31 Car -1.000000 -1 -1 502.77069714436163 182.6052892093475 544.2962107933485 211.02174629385652 -1 -1 -1 -1 -1 -1 -1 -1 1 
207 31 Car -1.000000 -1 -1 459.43965876532286 175.0581969704049 519.0381055202048 223.4923942462326 -1 -1 -1 -1 -1 -1 -1 -1 1 
208 31 Car -1.000000 -1 -1 439.77906498141016 179.17524023841207 518.9569763546954 231.54959336926157 -1 -1 -1 -1 -1 -1 -1 -1 1 
208 18 Car -1.000000 -1 -1 585.444543287158 181.64196148371468 628.8580034913925 213.77783329584278 -1 -1 -1 -1 -1 -1 -1 -1 1 
209 31 Car -1.000000 -1 -1 407.1387747445932 182.2560908487783 500.5409467392243 241.85969877558261 -1 -1 -1 -1 -1 -1 -1 -1 1 
209 18 Car -1.000000 -1 -1 585.2067615275199 180.77275941434962 629.0236796117746 215.34915128722787 -1 -1 -1 -1 -1 -1 -1 -1 1 
210 31 Car -1.000000 -1 -1 368.610077253328 182.26971654579614 481.3889367758082 258.0804208186097 -1 -1 -1 -1 -1 -1 -1 -1 1 
210 18 Car -1.000000 -1 -1 586.7968503913055 180.20265438379005 629.1489999787167 216.19821852073073 -1 -1 -1 -1 -1 -1 -1 -1 1 
211 31 Car -1.000000 -1 -1 309.7220383755003 185.57522392186982 466.78837702953473 279.668212044411 -1 -1 -1 -1 -1 -1 -1 -1 1 
211 18 Car -1.000000 -1 -1 587.3834822773933 179.80908856798823 628.6460791963798 214.75000940979672 -1 -1 -1 -1 -1 -1 -1 -1 1 
212 32 Car -1.000000 -1 -1 497.0158829941199 179.33622457516879 546.7865837422701 217.72874866683892 -1 -1 -1 -1 -1 -1 -1 -1 1 
213 32 Car -1.000000 -1 -1 488.7893127569786 188.0299068199327 538.679695569552 219.71803670749065 -1 -1 -1 -1 -1 -1 -1 -1 1 
214 32 Car -1.000000 -1 -1 476.6679506995357 181.0755137569056 534.140448832168 225.61394262055936 -1 -1 -1 -1 -1 -1 -1 -1 1 
215 32 Car -1.000000 -1 -1 462.81418228894466 180.1181573850604 527.151915579461 231.51004851724093 -1 -1 -1 -1 -1 -1 -1 -1 1 
216 32 Car -1.000000 -1 -1 441.93399434336106 182.10317347592743 521.3363469578326 236.88051008726825 -1 -1 -1 -1 -1 -1 -1 -1 1 
216 18 Car -1.000000 -1 -1 586.606506964335 179.61721992693268 629.522367218366 215.5123301781714 -1 -1 -1 -1 -1 -1 -1 -1 1 
217 32 Car -1.000000 -1 -1 404.1620019301772 188.39663098781156 502.524965456472 251.00527026762185 -1 -1 -1 -1 -1 -1 -1 -1 1 
218 32 Car -1.000000 -1 -1 368.89304052981043 181.3193522931005 484.1559954870205 265.18881716765463 -1 -1 -1 -1 -1 -1 -1 -1 1 
219 32 Car -1.000000 -1 -1 309.54227263824293 188.9106592324634 463.67461316344827 287.4534031501613 -1 -1 -1 -1 -1 -1 -1 -1 1 
221 33 Car -1.000000 -1 -1 514.6669780371282 183.62745800270486 555.6766606787078 217.59270919630163 -1 -1 -1 -1 -1 -1 -1 -1 1 
222 33 Car -1.000000 -1 -1 504.3412546392244 185.12151150319437 551.2317985631526 222.35332898652322 -1 -1 -1 -1 -1 -1 -1 -1 1 
223 34 Car -1.000000 -1 -1 556.436870387827 185.7926504364094 577.6778547067481 197.95864621678797 -1 -1 -1 -1 -1 -1 -1 -1 1 
223 33 Car -1.000000 -1 -1 493.0761580811097 186.44690295108234 542.6893764344545 223.9100674095635 -1 -1 -1 -1 -1 -1 -1 -1 1 
224 34 Car -1.000000 -1 -1 553.7390908684869 185.14905261019103 576.649665113252 199.02572358170383 -1 -1 -1 -1 -1 -1 -1 -1 1 
224 33 Car -1.000000 -1 -1 483.8140450028273 184.53641006579767 539.4963461389908 228.41918067290234 -1 -1 -1 -1 -1 -1 -1 -1 1 
225 34 Car -1.000000 -1 -1 551.9888077650506 184.03916881204796 577.1638124954816 199.05415531964255 -1 -1 -1 -1 -1 -1 -1 -1 1 
225 33 Car -1.000000 -1 -1 470.2366671284231 186.13788198070745 530.5182446656892 235.97988716434116 -1 -1 -1 -1 -1 -1 -1 -1 1 
226 34 Car -1.000000 -1 -1 549.288695087513 183.7842201706595 576.8283986268708 200.19988276852436 -1 -1 -1 -1 -1 -1 -1 -1 1 
226 33 Car -1.000000 -1 -1 445.50344397184944 191.13470769773883 519.2517148640294 244.25507460434278 -1 -1 -1 -1 -1 -1 -1 -1 1 
227 34 Car -1.000000 -1 -1 543.3232323962908 183.63867782486173 572.6041738024124 200.6173374919364 -1 -1 -1 -1 -1 -1 -1 -1 1 
227 33 Car -1.000000 -1 -1 416.12413159070104 188.05699208034918 511.05262788155903 255.1862885459111 -1 -1 -1 -1 -1 -1 -1 -1 1 
228 33 Car -1.000000 -1 -1 366.2825164290574 195.43581060133874 499.71508454588735 270.4918942808245 -1 -1 -1 -1 -1 -1 -1 -1 1 
228 18 Car -1.000000 -1 -1 587.3437856665024 182.09327700046396 627.1408681044211 213.0875303768195 -1 -1 -1 -1 -1 -1 -1 -1 1 
229 35 Car -1.000000 -1 -1 297.93953618178 177.0078109111637 344.287234219221 203.61628664585834 -1 -1 -1 -1 -1 -1 -1 -1 1 
229 33 Car -1.000000 -1 -1 306.7679085490795 198.06556007824838 478.37956914878805 296.94008922132736 -1 -1 -1 -1 -1 -1 -1 -1 1 
230 35 Car -1.000000 -1 -1 284.18973291608 177.30849632062015 332.45782212798406 202.07600630461593 -1 -1 -1 -1 -1 -1 -1 -1 1 
231 35 Car -1.000000 -1 -1 275.6997505243008 175.29717682359308 329.2449776942913 204.1214650783401 -1 -1 -1 -1 -1 -1 -1 -1 1 
232 35 Car -1.000000 -1 -1 259.4388088280192 177.0248903821294 322.05368941735765 206.85639970291118 -1 -1 -1 -1 -1 -1 -1 -1 1 
236 35 Car -1.000000 -1 -1 207.58274299250198 176.46365791845778 278.54969142835876 208.5515626777823 -1 -1 -1 -1 -1 -1 -1 -1 1 
238 34 Car -1.000000 -1 -1 425.12289586605937 182.02754085023815 505.34434876820217 241.64845418328275 -1 -1 -1 -1 -1 -1 -1 -1 1 
239 34 Car -1.000000 -1 -1 376.3250130002316 185.43033262428182 496.12148777108933 253.42750832295187 -1 -1 -1 -1 -1 -1 -1 -1 1 
239 18 Car -1.000000 -1 -1 582.3697020199436 177.86837107716846 620.8946194069889 213.822667236225 -1 -1 -1 -1 -1 -1 -1 -1 1 
240 35 Car -1.000000 -1 -1 133.57373175082301 175.82023356002398 228.08444840346394 215.8995708002924 -1 -1 -1 -1 -1 -1 -1 -1 1 
240 34 Car -1.000000 -1 -1 328.2897212273226 186.77054429784988 468.03186697713454 278.02749796627234 -1 -1 -1 -1 -1 -1 -1 -1 1 
241 36 Car -1.000000 -1 -1 561.2603445886992 145.9730802497898 623.6603108956837 214.4883496579356 -1 -1 -1 -1 -1 -1 -1 -1 1 
241 35 Car -1.000000 -1 -1 112.24855442803643 178.08034618456776 212.7282517495064 218.2409631160016 -1 -1 -1 -1 -1 -1 -1 -1 1 
242 35 Car -1.000000 -1 -1 85.08291001445971 179.59428319814975 188.0974410869754 225.6068772940825 -1 -1 -1 -1 -1 -1 -1 -1 1 
243 35 Car -1.000000 -1 -1 62.34245362820535 176.55063123227313 170.04300988465548 204.06078171128266 -1 -1 -1 -1 -1 -1 -1 -1 1 
244 38 Car -1.000000 -1 -1 495.3553082306798 148.96567500769518 566.4538901385207 208.1655491179285 -1 -1 -1 -1 -1 -1 -1 -1 1 
244 35 Car -1.000000 -1 -1 25.02322185440704 178.33122624478375 152.41913685947657 227.77436803489064 -1 -1 -1 -1 -1 -1 -1 -1 1 
245 38 Car -1.000000 -1 -1 482.80572560314954 145.28623814336382 576.5502424285962 209.93243168609646 -1 -1 -1 -1 -1 -1 -1 -1 1 
245 35 Car -1.000000 -1 -1 -4.229711687908718 178.56494527166853 128.4336990020596 228.18797479312008 -1 -1 -1 -1 -1 -1 -1 -1 1 
246 39 Car -1.000000 -1 -1 374.0850425044504 180.65208461708747 401.2890353475052 196.31938435710393 -1 -1 -1 -1 -1 -1 -1 -1 1 
246 38 Car -1.000000 -1 -1 478.84935716281717 143.1297676709409 550.0199091087741 213.88836179931576 -1 -1 -1 -1 -1 -1 -1 -1 1 
246 35 Car -1.000000 -1 -1 -2.4475753072362636 176.1672581331088 93.72251491764416 232.55841892499188 -1 -1 -1 -1 -1 -1 -1 -1 1 
247 39 Car -1.000000 -1 -1 366.8571406740409 182.12210505197828 393.9614666792063 197.8409646723706 -1 -1 -1 -1 -1 -1 -1 -1 1 
248 39 Car -1.000000 -1 -1 362.90953238766934 182.72458932075938 391.13887805549007 199.27991398323616 -1 -1 -1 -1 -1 -1 -1 -1 1 
249 39 Car -1.000000 -1 -1 355.3830058829716 183.44612482290427 384.77592856121754 201.69922073658267 -1 -1 -1 -1 -1 -1 -1 -1 1 
250 39 Car -1.000000 -1 -1 349.3662443195398 183.5919903555455 380.8376673219296 201.0425749199035 -1 -1 -1 -1 -1 -1 -1 -1 1 
251 39 Car -1.000000 -1 -1 345.4358694788355 182.2401977932224 366.89622334276254 200.43594053444954 -1 -1 -1 -1 -1 -1 -1 -1 1 
251 38 Car -1.000000 -1 -1 362.3106093793535 124.93170663499488 522.655071247369 253.58228935286974 -1 -1 -1 -1 -1 -1 -1 -1 1 
252 42 Car -1.000000 -1 -1 543.0788040453425 184.03981787224228 569.6188833856812 199.51329448332007 -1 -1 -1 -1 -1 -1 -1 -1 1 
252 38 Car -1.000000 -1 -1 314.8408633373105 113.24474720570902 519.9232451646374 268.9724084204779 -1 -1 -1 -1 -1 -1 -1 -1 1 
253 38 Car -1.000000 -1 -1 212.56889193734298 56.67181764371121 522.2296347715534 281.24371980531856 -1 -1 -1 -1 -1 -1 -1 -1 1 
254 38 Car -1.000000 -1 -1 29.196191049539152 28.598532976152768 510.9966338643661 350.17471957521946 -1 -1 -1 -1 -1 -1 -1 -1 1 
255 38 Car -1.000000 -1 -1 -3.720928024787156 13.9893521196567 487.2680274133499 366.3385156542063 -1 -1 -1 -1 -1 -1 -1 -1 1 
256 38 Car -1.000000 -1 -1 8.26885643830667 15.978827785987107 420.67979994645486 369.0610313071654 -1 -1 -1 -1 -1 -1 -1 -1 1 
257 38 Car -1.000000 -1 -1 -6.6380612512047605 10.450856043742249 320.7531008015458 370.9216736830198 -1 -1 -1 -1 -1 -1 -1 -1 1 
259 39 Car -1.000000 -1 -1 274.5860601411416 180.90217927685725 320.77047020426164 203.5646645459705 -1 -1 -1 -1 -1 -1 -1 -1 1 
260 43 Car -1.000000 -1 -1 360.98831514956856 178.16182440863207 412.4884237217215 195.266309982309 -1 -1 -1 -1 -1 -1 -1 -1 1 
260 39 Car -1.000000 -1 -1 263.2993908119029 182.3513706286366 312.8276865489494 205.46870470906677 -1 -1 -1 -1 -1 -1 -1 -1 1 
261 44 Car -1.000000 -1 -1 521.5350633103113 181.1894686319507 558.1173409704978 203.6865805633939 -1 -1 -1 -1 -1 -1 -1 -1 1 
261 43 Car -1.000000 -1 -1 353.54108167840883 180.1618857201762 399.6057868989614 197.72987925590806 -1 -1 -1 -1 -1 -1 -1 -1 1 
261 39 Car -1.000000 -1 -1 249.02121992867728 181.89758664140334 297.53018801602036 206.4527588394972 -1 -1 -1 -1 -1 -1 -1 -1 1 
262 44 Car -1.000000 -1 -1 518.2851282277933 180.63386531475072 555.1856251049501 203.46952715100576 -1 -1 -1 -1 -1 -1 -1 -1 1 
262 43 Car -1.000000 -1 -1 351.2422416026775 177.06436989828944 394.35869758404215 195.42299773400794 -1 -1 -1 -1 -1 -1 -1 -1 1 
262 39 Car -1.000000 -1 -1 234.05704047588205 180.47491160149755 286.89054175065115 206.9795726296993 -1 -1 -1 -1 -1 -1 -1 -1 1 
263 44 Car -1.000000 -1 -1 514.4342402128074 179.61177109883954 550.828045812937 204.37744351175542 -1 -1 -1 -1 -1 -1 -1 -1 1 
263 43 Car -1.000000 -1 -1 341.6038414113796 176.07778088691143 393.9704476743936 194.5326619853194 -1 -1 -1 -1 -1 -1 -1 -1 1 
263 39 Car -1.000000 -1 -1 218.88353486015248 179.32803379013563 277.3506235778332 206.08030752135585 -1 -1 -1 -1 -1 -1 -1 -1 1 
263 18 Car -1.000000 -1 -1 585.4536958302443 174.88473678867402 619.2613079467645 206.40448068913358 -1 -1 -1 -1 -1 -1 -1 -1 1 
264 44 Car -1.000000 -1 -1 503.48323451097195 177.92888637632134 541.8679894346458 206.69223174739346 -1 -1 -1 -1 -1 -1 -1 -1 1 
264 43 Car -1.000000 -1 -1 340.4848415851593 175.04395291997264 389.46899592876434 193.3538738387422 -1 -1 -1 -1 -1 -1 -1 -1 1 
264 39 Car -1.000000 -1 -1 202.32412437750742 176.87153819805152 268.09788370590945 206.87904491877325 -1 -1 -1 -1 -1 -1 -1 -1 1 
264 18 Car -1.000000 -1 -1 585.063053859541 175.15767433752237 619.742342847471 205.1168432674156 -1 -1 -1 -1 -1 -1 -1 -1 1 
265 46 Car -1.000000 -1 -1 549.9803822662394 174.55388329779873 572.8240261373038 191.41651507323752 -1 -1 -1 -1 -1 -1 -1 -1 1 
265 45 Car -1.000000 -1 -1 330.4225471585703 179.94768465331828 476.3923427171719 271.15013042930514 -1 -1 -1 -1 -1 -1 -1 -1 1 
265 44 Car -1.000000 -1 -1 495.3651665403293 183.93572957183304 539.5626533169013 209.42421379284215 -1 -1 -1 -1 -1 -1 -1 -1 1 
265 43 Car -1.000000 -1 -1 326.6438445953222 174.37638779385733 366.914752295384 195.39223690159048 -1 -1 -1 -1 -1 -1 -1 -1 1 
265 39 Car -1.000000 -1 -1 184.37393450507753 177.78895533858582 251.6919267338056 207.23324329950486 -1 -1 -1 -1 -1 -1 -1 -1 1 
265 18 Car -1.000000 -1 -1 584.9701115569243 174.90600597543212 619.2809298944014 207.24781470086714 -1 -1 -1 -1 -1 -1 -1 -1 1 
266 46 Car -1.000000 -1 -1 550.8612887349266 175.63768352668444 574.3664294899655 190.80578645046512 -1 -1 -1 -1 -1 -1 -1 -1 1 
266 45 Car -1.000000 -1 -1 242.03883944423154 183.62964938681287 459.1004405907141 300.22020904848785 -1 -1 -1 -1 -1 -1 -1 -1 1 
266 44 Car -1.000000 -1 -1 488.4817558469681 177.49772288908179 534.5793014569924 209.6888507859638 -1 -1 -1 -1 -1 -1 -1 -1 1 
266 43 Car -1.000000 -1 -1 319.7998965030106 173.25530931926693 403.4222441473259 195.69178140507296 -1 -1 -1 -1 -1 -1 -1 -1 1 
266 39 Car -1.000000 -1 -1 166.1006516046249 179.02033450081947 233.69681053092847 208.4285222495405 -1 -1 -1 -1 -1 -1 -1 -1 1 
266 18 Car -1.000000 -1 -1 586.0956789627671 174.36873780276915 619.8816803149306 207.091929570127 -1 -1 -1 -1 -1 -1 -1 -1 1 
267 46 Car -1.000000 -1 -1 551.4026517286323 176.25406499092395 572.3834206630977 191.0861276376706 -1 -1 -1 -1 -1 -1 -1 -1 1 
267 45 Car -1.000000 -1 -1 80.80051034345075 176.96084533459867 412.73543169750616 369.04953541950545 -1 -1 -1 -1 -1 -1 -1 -1 1 
267 39 Car -1.000000 -1 -1 141.57467165646648 181.0160372227144 214.20781643058248 210.96600722879748 -1 -1 -1 -1 -1 -1 -1 -1 1 
267 18 Car -1.000000 -1 -1 584.2673260833209 173.94400495462696 620.1532901101388 208.44562702740618 -1 -1 -1 -1 -1 -1 -1 -1 1 
268 46 Car -1.000000 -1 -1 552.5999987615415 176.79405126434108 575.0640982449628 191.66591677528163 -1 -1 -1 -1 -1 -1 -1 -1 1 
268 45 Car -1.000000 -1 -1 4.894428476118151 183.02229684419356 336.30541905703456 379.44496988963624 -1 -1 -1 -1 -1 -1 -1 -1 1 
268 18 Car -1.000000 -1 -1 582.3721367900189 174.40332723065066 619.9700491932723 208.44041133442752 -1 -1 -1 -1 -1 -1 -1 -1 1 
269 48 Car -1.000000 -1 -1 517.1053968862846 172.6555903800405 555.2182747274637 199.38471232755828 -1 -1 -1 -1 -1 -1 -1 -1 1 
269 46 Car -1.000000 -1 -1 551.5587136925986 176.35218962095678 574.7424957617544 192.58778379298747 -1 -1 -1 -1 -1 -1 -1 -1 1 
269 42 Car -1.000000 -1 -1 441.0904870961721 182.54697595973715 517.8920899251333 229.87393532485632 -1 -1 -1 -1 -1 -1 -1 -1 1 
269 18 Car -1.000000 -1 -1 583.3830016473165 174.05410963468827 620.1501438789643 208.81787895296628 -1 -1 -1 -1 -1 -1 -1 -1 1 
270 48 Car -1.000000 -1 -1 510.6086199220557 172.16791663891993 549.3841937029591 205.67429731958185 -1 -1 -1 -1 -1 -1 -1 -1 1 
270 46 Car -1.000000 -1 -1 550.2155660717533 176.2195649700096 572.5337448481183 191.6862019480994 -1 -1 -1 -1 -1 -1 -1 -1 1 
270 42 Car -1.000000 -1 -1 421.9216871490845 181.69931793370498 495.2328312167754 240.60062134566786 -1 -1 -1 -1 -1 -1 -1 -1 1 
270 18 Car -1.000000 -1 -1 584.9118667743527 174.64162323337337 620.0780072756685 206.6249024982636 -1 -1 -1 -1 -1 -1 -1 -1 1 
271 50 Car -1.000000 -1 -1 266.3367736878304 177.1289462295289 318.762221591977 201.703554771554 -1 -1 -1 -1 -1 -1 -1 -1 1 
271 48 Car -1.000000 -1 -1 500.1104832337453 171.6721640326656 544.1909814614517 208.52307882159948 -1 -1 -1 -1 -1 -1 -1 -1 1 
271 46 Car -1.000000 -1 -1 545.2518014584024 177.53300747762506 571.6026282313352 193.74913188557213 -1 -1 -1 -1 -1 -1 -1 -1 1 
271 42 Car -1.000000 -1 -1 372.4406076577994 186.7481673566195 491.361355318473 250.91066168477903 -1 -1 -1 -1 -1 -1 -1 -1 1 
271 39 Car -1.000000 -1 -1 32.31990318114943 184.08059429986258 142.25078641451324 221.47237573069734 -1 -1 -1 -1 -1 -1 -1 -1 1 
271 18 Car -1.000000 -1 -1 583.1345045503515 183.827982409499 618.9607328938749 210.85428956967704 -1 -1 -1 -1 -1 -1 -1 -1 1 
272 50 Car -1.000000 -1 -1 256.95187288751964 178.00544291877975 302.6873684365015 202.41060161676543 -1 -1 -1 -1 -1 -1 -1 -1 1 
272 48 Car -1.000000 -1 -1 496.6317865367119 171.68093311528747 542.5812884454543 210.7397669281524 -1 -1 -1 -1 -1 -1 -1 -1 1 
272 46 Car -1.000000 -1 -1 543.884822204136 176.90095008135987 568.7971184110412 193.6061864790435 -1 -1 -1 -1 -1 -1 -1 -1 1 
272 42 Car -1.000000 -1 -1 330.9152342367631 186.7349325195671 470.1946757974533 268.6956146857343 -1 -1 -1 -1 -1 -1 -1 -1 1 
272 39 Car -1.000000 -1 -1 6.590346733537999 182.20953826899998 112.25416105469832 224.92842192654138 -1 -1 -1 -1 -1 -1 -1 -1 1 
272 18 Car -1.000000 -1 -1 586.5968760802195 174.95377465652732 622.1477593687864 206.6587586170779 -1 -1 -1 -1 -1 -1 -1 -1 1 
273 50 Car -1.000000 -1 -1 244.50042242041002 178.6282579235446 296.1035679280758 203.2720897024354 -1 -1 -1 -1 -1 -1 -1 -1 1 
273 48 Car -1.000000 -1 -1 487.3020188109233 171.55496224474447 537.735996341476 212.45356255139296 -1 -1 -1 -1 -1 -1 -1 -1 1 
273 46 Car -1.000000 -1 -1 541.1814930034946 178.77904691088656 566.2529959819066 198.32850612986545 -1 -1 -1 -1 -1 -1 -1 -1 1 
273 42 Car -1.000000 -1 -1 253.2257320488302 187.3761208710046 448.16480230626007 292.0963449421554 -1 -1 -1 -1 -1 -1 -1 -1 1 
273 39 Car -1.000000 -1 -1 -1.5717677617302286 183.72419405764398 83.60884305204337 229.205348305046 -1 -1 -1 -1 -1 -1 -1 -1 1 
273 18 Car -1.000000 -1 -1 585.722846653599 174.93725113140846 622.6206984187548 207.86808198317883 -1 -1 -1 -1 -1 -1 -1 -1 1 
274 50 Car -1.000000 -1 -1 230.03059204954366 178.6602328423984 284.51368083632906 201.86530771808557 -1 -1 -1 -1 -1 -1 -1 -1 1 
274 46 Car -1.000000 -1 -1 538.4657479346945 178.20283829664382 567.1273978667764 198.94566120078358 -1 -1 -1 -1 -1 -1 -1 -1 1 
274 39 Car -1.000000 -1 -1 -4.095131649420807 184.96538353904793 57.171129047870636 229.94729648165116 -1 -1 -1 -1 -1 -1 -1 -1 1 
274 18 Car -1.000000 -1 -1 586.2460129352717 175.20659391839916 622.1862060290117 207.77660318148824 -1 -1 -1 -1 -1 -1 -1 -1 1 
275 46 Car -1.000000 -1 -1 531.6346776797794 180.09864039217624 555.8484198092841 200.31817828734907 -1 -1 -1 -1 -1 -1 -1 -1 1 
275 18 Car -1.000000 -1 -1 586.0576383941448 175.89977097052792 623.4264937788247 207.55211980297014 -1 -1 -1 -1 -1 -1 -1 -1 1 
276 46 Car -1.000000 -1 -1 530.7519222664145 180.2811856703976 556.7139065420398 200.8880094016114 -1 -1 -1 -1 -1 -1 -1 -1 1 
276 45 Car -1.000000 -1 -1 -5.646066128921035 213.964038510592 223.78350145054551 373.33564025063356 -1 -1 -1 -1 -1 -1 -1 -1 1 
276 18 Car -1.000000 -1 -1 587.1292055822336 175.65786011087204 623.1403896097953 207.26726458479575 -1 -1 -1 -1 -1 -1 -1 -1 1 
277 48 Car -1.000000 -1 -1 422.51448853113334 171.03230018311967 500.1795663200319 241.0062252400586 -1 -1 -1 -1 -1 -1 -1 -1 1 
277 46 Car -1.000000 -1 -1 523.5414576392908 178.33807014931853 556.2715695729623 202.6701193087949 -1 -1 -1 -1 -1 -1 -1 -1 1 
277 18 Car -1.000000 -1 -1 587.5411796409351 175.6393501821619 623.171484623964 206.48999576671767 -1 -1 -1 -1 -1 -1 -1 -1 1 
278 50 Car -1.000000 -1 -1 159.19142037214567 179.7130734910472 232.48017583744456 211.04091113934723 -1 -1 -1 -1 -1 -1 -1 -1 1 
278 48 Car -1.000000 -1 -1 382.07402762140225 175.39033942067852 490.20219513258115 249.26676468637126 -1 -1 -1 -1 -1 -1 -1 -1 1 
278 46 Car -1.000000 -1 -1 516.9465549209943 179.35062640418226 555.236729295208 204.48750590618985 -1 -1 -1 -1 -1 -1 -1 -1 1 
278 43 Car -1.000000 -1 -1 232.33286023598447 179.7241551729922 282.79531614138523 204.9672333881832 -1 -1 -1 -1 -1 -1 -1 -1 1 
278 18 Car -1.000000 -1 -1 587.4405678659678 175.63232399809817 623.807865400727 205.63455979124856 -1 -1 -1 -1 -1 -1 -1 -1 1 
279 50 Car -1.000000 -1 -1 138.91899655802317 180.10907913916387 214.08236838146468 211.15985684669934 -1 -1 -1 -1 -1 -1 -1 -1 1 
279 48 Car -1.000000 -1 -1 336.85455108849476 162.40297158499465 466.3174928173136 265.90949510976384 -1 -1 -1 -1 -1 -1 -1 -1 1 
279 46 Car -1.000000 -1 -1 514.3833808876002 178.8555829284283 550.1005873382093 205.27255635422011 -1 -1 -1 -1 -1 -1 -1 -1 1 
279 43 Car -1.000000 -1 -1 221.47059960777943 178.99796728474593 278.9979304281565 205.02060118059703 -1 -1 -1 -1 -1 -1 -1 -1 1 
279 18 Car -1.000000 -1 -1 585.7434936177272 186.07240532023403 625.4040637898903 211.2814659037842 -1 -1 -1 -1 -1 -1 -1 -1 1 
280 50 Car -1.000000 -1 -1 117.50557643748247 182.32981532883758 192.1338880509138 212.45782362082255 -1 -1 -1 -1 -1 -1 -1 -1 1 
280 48 Car -1.000000 -1 -1 257.0648256119054 167.09922150207257 445.19963495633925 291.32276590770255 -1 -1 -1 -1 -1 -1 -1 -1 1 
280 46 Car -1.000000 -1 -1 507.7201086795674 178.67216947846686 548.0709932913574 208.51572294934437 -1 -1 -1 -1 -1 -1 -1 -1 1 
280 43 Car -1.000000 -1 -1 199.38716028516112 178.65028260992125 263.37125220894814 207.57332902688248 -1 -1 -1 -1 -1 -1 -1 -1 1 
281 50 Car -1.000000 -1 -1 90.5882676273871 182.23299870554072 174.41430259825518 216.0785380535974 -1 -1 -1 -1 -1 -1 -1 -1 1 
281 48 Car -1.000000 -1 -1 113.57602623678173 168.26657936550106 420.3075260577294 355.94630585267 -1 -1 -1 -1 -1 -1 -1 -1 1 
281 46 Car -1.000000 -1 -1 493.9781683224898 180.6657239078329 543.2044429503954 214.2820687104876 -1 -1 -1 -1 -1 -1 -1 -1 1 
282 48 Car -1.000000 -1 -1 -2.706579890961848 159.94515753566074 346.2373946486757 378.20811143431524 -1 -1 -1 -1 -1 -1 -1 -1 1 
283 48 Car -1.000000 -1 -1 -2.10971172039325 159.40410923212767 181.29610752142395 371.23775116812726 -1 -1 -1 -1 -1 -1 -1 -1 1 
285 43 Car -1.000000 -1 -1 76.59254769035256 182.93934066493352 182.04303579290325 216.68699775965743 -1 -1 -1 -1 -1 -1 -1 -1 1 
286 50 Car -1.000000 -1 -1 -0.5713812066958504 184.62863184798223 37.01701277952928 228.87313315788143 -1 -1 -1 -1 -1 -1 -1 -1 1 
286 43 Car -1.000000 -1 -1 51.31538778772719 184.19655043488513 155.92810108340703 221.51395467181618 -1 -1 -1 -1 -1 -1 -1 -1 1 
287 43 Car -1.000000 -1 -1 5.726164583403332 182.0224747688581 122.40420819303164 224.30676330203332 -1 -1 -1 -1 -1 -1 -1 -1 1 
288 43 Car -1.000000 -1 -1 3.092332034729999 184.5965838292614 78.98462778616411 225.22999560281352 -1 -1 -1 -1 -1 -1 -1 -1 1 
288 18 Car -1.000000 -1 -1 587.5147171318531 173.48471781812034 627.9269575224473 208.09530785593847 -1 -1 -1 -1 -1 -1 -1 -1 1 
289 51 Car -1.000000 -1 -1 172.36220241022798 188.63025832419783 432.23029312749327 324.15017820536514 -1 -1 -1 -1 -1 -1 -1 -1 1 
289 18 Car -1.000000 -1 -1 587.6086043715477 173.80314449278208 628.1695234041947 208.09391011985448 -1 -1 -1 -1 -1 -1 -1 -1 1 
290 51 Car -1.000000 -1 -1 -3.691320352256298 199.25913991979684 363.5413998886943 381.6377736556416 -1 -1 -1 -1 -1 -1 -1 -1 1 
291 51 Car -1.000000 -1 -1 -4.370397692689522 195.83767219088395 269.6234933378605 373.95389926118344 -1 -1 -1 -1 -1 -1 -1 -1 1 
