0 2 Car -1.000000 -1 -1 346.6266155565879 180.54243746789172 392.30798936328574 206.74949630017903 -1 -1 -1 -1 -1 -1 -1 -1 1 
0 1 Car -1.000000 -1 -1 421.16840717249096 179.5989911330104 458.64039270871064 204.78793403704444 -1 -1 -1 -1 -1 -1 -1 -1 1 
1 2 Car -1.000000 -1 -1 336.1943393011506 181.09496127670775 383.997219083974 210.91820475143882 -1 -1 -1 -1 -1 -1 -1 -1 1 
1 1 Car -1.000000 -1 -1 414.81811608202185 179.14739351433056 454.4901749806909 206.26353372174958 -1 -1 -1 -1 -1 -1 -1 -1 1 
2 2 Car -1.000000 -1 -1 323.3406648888038 182.32620117039636 372.2795191980326 211.753480315495 -1 -1 -1 -1 -1 -1 -1 -1 1 
2 1 Car -1.000000 -1 -1 401.2708877508457 181.3429875944096 447.1724815276953 211.4131845032366 -1 -1 -1 -1 -1 -1 -1 -1 1 
3 2 Car -1.000000 -1 -1 311.2872902533183 183.27816668897867 367.9420473128557 216.20930380259568 -1 -1 -1 -1 -1 -1 -1 -1 1 
3 1 Car -1.000000 -1 -1 392.2254923433065 181.93390349356025 442.1274749258389 215.81782443592178 -1 -1 -1 -1 -1 -1 -1 -1 1 
4 2 Car -1.000000 -1 -1 296.8344345826369 182.90774975545133 356.3550751117559 219.1481267173703 -1 -1 -1 -1 -1 -1 -1 -1 1 
4 1 Car -1.000000 -1 -1 375.62185738178397 181.78951897873327 429.67458160565445 219.85951710778932 -1 -1 -1 -1 -1 -1 -1 -1 1 
5 2 Car -1.000000 -1 -1 274.10202315220465 183.45969872405897 339.4498767394286 222.83137417756595 -1 -1 -1 -1 -1 -1 -1 -1 1 
5 1 Car -1.000000 -1 -1 353.9885956925841 181.94419690049614 421.83439169079065 224.1390166231073 -1 -1 -1 -1 -1 -1 -1 -1 1 
6 3 Car -1.000000 -1 -1 590.1419502470928 178.40321145306984 648.7522383954089 236.51837745609762 -1 -1 -1 -1 -1 -1 -1 -1 1 
6 2 Car -1.000000 -1 -1 243.76043347498546 185.72174028780023 324.89007234286805 224.8353998069293 -1 -1 -1 -1 -1 -1 -1 -1 1 
6 1 Car -1.000000 -1 -1 326.8866199292243 183.4261094291623 405.17413898242216 227.03573315475998 -1 -1 -1 -1 -1 -1 -1 -1 1 
7 3 Car -1.000000 -1 -1 587.8451310198468 179.47323016750696 648.2217147731437 238.2589544420345 -1 -1 -1 -1 -1 -1 -1 -1 1 
7 2 Car -1.000000 -1 -1 226.39178154818143 188.31111561471167 310.7071449776682 229.9950900935353 -1 -1 -1 -1 -1 -1 -1 -1 1 
7 1 Car -1.000000 -1 -1 302.09964782630016 189.0703232314151 384.78494141021594 235.7674018623164 -1 -1 -1 -1 -1 -1 -1 -1 1 
8 3 Car -1.000000 -1 -1 585.0179542016524 181.4112689417715 646.8392399744345 238.0541840639825 -1 -1 -1 -1 -1 -1 -1 -1 1 
8 2 Car -1.000000 -1 -1 184.83001844011824 187.56330781616268 279.4583877668931 234.87474803382958 -1 -1 -1 -1 -1 -1 -1 -1 1 
8 1 Car -1.000000 -1 -1 250.66451853742961 189.83208112275372 372.5779726803302 247.89314806604617 -1 -1 -1 -1 -1 -1 -1 -1 1 
9 3 Car -1.000000 -1 -1 585.0415338518528 180.7902504582531 645.0813836718982 237.9153636821474 -1 -1 -1 -1 -1 -1 -1 -1 1 
9 2 Car -1.000000 -1 -1 146.52480657570635 186.72232718493504 249.92476520343467 242.08400640278484 -1 -1 -1 -1 -1 -1 -1 -1 1 
9 1 Car -1.000000 -1 -1 184.23825203999877 191.83705664741302 340.3918414474107 256.4185212652843 -1 -1 -1 -1 -1 -1 -1 -1 1 
10 3 Car -1.000000 -1 -1 583.0185661095267 180.07532150771183 641.5476003464025 236.9299853184762 -1 -1 -1 -1 -1 -1 -1 -1 1 
10 1 Car -1.000000 -1 -1 97.36761147500232 192.03737121111214 295.649323150229 271.69922057789967 -1 -1 -1 -1 -1 -1 -1 -1 1 
11 3 Car -1.000000 -1 -1 577.7615569127868 179.1012500627683 638.2000687457622 237.51790377383048 -1 -1 -1 -1 -1 -1 -1 -1 1 
11 1 Car -1.000000 -1 -1 -8.938563953511988 191.6657980853835 230.09966979720272 302.95636195044676 -1 -1 -1 -1 -1 -1 -1 -1 1 
12 1 Car -1.000000 -1 -1 0.6782782368648412 193.83329253357192 125.20094193245929 318.46264420220484 -1 -1 -1 -1 -1 -1 -1 -1 1 
76 8 Car -1.000000 -1 -1 440.710120559885 184.02655684174252 481.48553852966205 213.6823718006221 -1 -1 -1 -1 -1 -1 -1 -1 1 
77 8 Car -1.000000 -1 -1 420.7511183161002 182.57887546832745 473.17784749086087 219.15226544325168 -1 -1 -1 -1 -1 -1 -1 -1 1 
77 6 Car -1.000000 -1 -1 517.2039992018388 178.5430122489253 551.8543400156956 203.15219452962853 -1 -1 -1 -1 -1 -1 -1 -1 1 
78 8 Car -1.000000 -1 -1 407.1825546937493 188.22025855143482 460.847737265894 225.53063381033448 -1 -1 -1 -1 -1 -1 -1 -1 1 
78 6 Car -1.000000 -1 -1 514.2995480631407 181.6937536932528 550.1143332364468 209.30086065513584 -1 -1 -1 -1 -1 -1 -1 -1 1 
79 6 Car -1.000000 -1 -1 499.9892978118016 187.21189453768042 542.9571235546698 220.46954868934475 -1 -1 -1 -1 -1 -1 -1 -1 1 
80 6 Car -1.000000 -1 -1 490.7948899200329 187.85057299268934 539.9555634924998 225.8381351040533 -1 -1 -1 -1 -1 -1 -1 -1 1 
81 6 Car -1.000000 -1 -1 477.0966887605878 185.83314271213916 535.0815356918253 228.73972463779725 -1 -1 -1 -1 -1 -1 -1 -1 1 
82 8 Car -1.000000 -1 -1 235.6067810603059 202.81081428178226 371.9393877622026 267.98322327578296 -1 -1 -1 -1 -1 -1 -1 -1 1 
82 6 Car -1.000000 -1 -1 469.8153673771482 185.40794547432316 528.0674709866827 233.39191048692624 -1 -1 -1 -1 -1 -1 -1 -1 1 
82 3 Car -1.000000 -1 -1 569.7600762041716 182.739210422509 616.8824987892922 231.87971355106967 -1 -1 -1 -1 -1 -1 -1 -1 1 
83 8 Car -1.000000 -1 -1 139.51070022926882 205.66231361590326 326.5036686074275 292.56600164808333 -1 -1 -1 -1 -1 -1 -1 -1 1 
83 6 Car -1.000000 -1 -1 444.9128008189683 188.1104487961588 515.7696496709609 236.9795328973291 -1 -1 -1 -1 -1 -1 -1 -1 1 
83 3 Car -1.000000 -1 -1 570.2452051203985 182.56783596454906 616.2619224855533 229.87884687832917 -1 -1 -1 -1 -1 -1 -1 -1 1 
84 6 Car -1.000000 -1 -1 407.03922766991525 188.54275850865704 492.59367587847197 247.9163880746525 -1 -1 -1 -1 -1 -1 -1 -1 1 
85 6 Car -1.000000 -1 -1 369.70885222290565 185.1479501212732 479.6999231433639 264.17218967197607 -1 -1 -1 -1 -1 -1 -1 -1 1 
115 13 Car -1.000000 -1 -1 478.2773429728471 178.27355227648067 509.9396468240481 207.91779376136571 -1 -1 -1 -1 -1 -1 -1 -1 1 
116 14 Car -1.000000 -1 -1 971.0465169786835 162.8253539271939 1055.8756378926337 186.6978056048258 -1 -1 -1 -1 -1 -1 -1 -1 1 
116 13 Car -1.000000 -1 -1 469.3577434260112 176.20820383756205 504.3597503144008 209.70835934321465 -1 -1 -1 -1 -1 -1 -1 -1 1 
117 14 Car -1.000000 -1 -1 986.7810764040511 162.084785863184 1076.7689216695726 185.87864849429863 -1 -1 -1 -1 -1 -1 -1 -1 1 
117 13 Car -1.000000 -1 -1 449.465609983756 178.76959642252098 493.51671586357634 215.8457458449098 -1 -1 -1 -1 -1 -1 -1 -1 1 
118 14 Car -1.000000 -1 -1 1008.9671624085076 161.76215055971767 1103.205363478798 188.49896870625136 -1 -1 -1 -1 -1 -1 -1 -1 1 
119 15 Car -1.000000 -1 -1 1120.9421595100027 147.90541191513722 1237.5706179468677 204.06389365402552 -1 -1 -1 -1 -1 -1 -1 -1 1 
119 14 Car -1.000000 -1 -1 1040.8567018275364 168.7812987141884 1127.2367063260708 196.24921966057556 -1 -1 -1 -1 -1 -1 -1 -1 1 
120 14 Car -1.000000 -1 -1 1047.592034385468 170.36835200941334 1171.2797055889207 200.71594349036997 -1 -1 -1 -1 -1 -1 -1 -1 1 
121 14 Car -1.000000 -1 -1 1076.4917420842328 167.18356031924486 1188.105537966467 199.40093195495697 -1 -1 -1 -1 -1 -1 -1 -1 1 
121 13 Car -1.000000 -1 -1 353.1901206586224 182.59645994895928 438.65476781301777 241.60463079953425 -1 -1 -1 -1 -1 -1 -1 -1 1 
122 14 Car -1.000000 -1 -1 1098.903267653229 163.7677615777088 1238.1502770515015 201.77171756334317 -1 -1 -1 -1 -1 -1 -1 -1 1 
122 13 Car -1.000000 -1 -1 293.739321834766 183.92217931194375 408.4107782130058 253.60210256006283 -1 -1 -1 -1 -1 -1 -1 -1 1 
123 14 Car -1.000000 -1 -1 1138.2078348277853 157.96221556285252 1239.321686362418 200.5639042562017 -1 -1 -1 -1 -1 -1 -1 -1 1 
123 13 Car -1.000000 -1 -1 213.07977795199704 187.40692001301795 372.90958509021084 278.4256438205305 -1 -1 -1 -1 -1 -1 -1 -1 1 
124 14 Car -1.000000 -1 -1 1160.5192194887652 154.59104433046798 1242.4058170195383 199.95427927754534 -1 -1 -1 -1 -1 -1 -1 -1 1 
125 17 Car -1.000000 -1 -1 468.45676816656044 181.5861379011319 515.0012636757815 210.55510425223753 -1 -1 -1 -1 -1 -1 -1 -1 1 
126 17 Car -1.000000 -1 -1 463.5798365084025 183.66471051166837 510.279095271459 214.04403845707958 -1 -1 -1 -1 -1 -1 -1 -1 1 
127 17 Car -1.000000 -1 -1 443.6549238929382 185.860313833333 498.1164076099029 222.94718564416357 -1 -1 -1 -1 -1 -1 -1 -1 1 
128 17 Car -1.000000 -1 -1 427.0711532527437 186.5506190090225 488.7411053060339 225.15562112228227 -1 -1 -1 -1 -1 -1 -1 -1 1 
129 17 Car -1.000000 -1 -1 405.39616093555316 187.51518467727763 470.1886171669913 232.88318188861012 -1 -1 -1 -1 -1 -1 -1 -1 1 
130 17 Car -1.000000 -1 -1 377.694919246034 184.4802057513824 453.8082074852517 239.68854202673987 -1 -1 -1 -1 -1 -1 -1 -1 1 
131 17 Car -1.000000 -1 -1 326.6473986976422 191.50412546542404 431.4307558846015 250.90343127242076 -1 -1 -1 -1 -1 -1 -1 -1 1 
132 17 Car -1.000000 -1 -1 268.98087455274964 197.9168417971008 410.77013519119754 267.8388178599282 -1 -1 -1 -1 -1 -1 -1 -1 1 
133 17 Car -1.000000 -1 -1 183.63764754195628 201.28008984745694 375.3250003270805 298.90419195334493 -1 -1 -1 -1 -1 -1 -1 -1 1 
150 10 Car -1.000000 -1 -1 915.0932301328733 175.38225260348275 975.0471736055155 194.36846576774352 -1 -1 -1 -1 -1 -1 -1 -1 1 
159 19 Car -1.000000 -1 -1 597.1029262161599 175.35142251290378 656.4858098674852 231.171590114872 -1 -1 -1 -1 -1 -1 -1 -1 1 
202 22 Car -1.000000 -1 -1 865.0434088523571 7.940046417598538 1203.7015116031353 196.64584164722606 -1 -1 -1 -1 -1 -1 -1 -1 1 
203 22 Car -1.000000 -1 -1 871.3607339016521 2.1282138947684075 1194.9913538894975 208.63222936168313 -1 -1 -1 -1 -1 -1 -1 -1 1 
213 19 Car -1.000000 -1 -1 594.8414172054485 177.00159852392972 652.8519265634511 235.9662633210134 -1 -1 -1 -1 -1 -1 -1 -1 1 
214 19 Car -1.000000 -1 -1 594.4953266155835 178.46933010822306 651.9590003527702 236.34585849224376 -1 -1 -1 -1 -1 -1 -1 -1 1 
215 19 Car -1.000000 -1 -1 588.4738850332797 179.79676002421633 646.7136617517815 237.56770576493673 -1 -1 -1 -1 -1 -1 -1 -1 1 
217 19 Car -1.000000 -1 -1 579.081433812013 177.73881162373493 643.3766609499087 236.82458804418835 -1 -1 -1 -1 -1 -1 -1 -1 1 
218 19 Car -1.000000 -1 -1 578.8984897228388 177.83069050011153 641.8398836209224 237.07317261813353 -1 -1 -1 -1 -1 -1 -1 -1 1 
219 19 Car -1.000000 -1 -1 577.3881727674833 178.38138105491032 641.3755746403566 237.76391241699457 -1 -1 -1 -1 -1 -1 -1 -1 1 
220 19 Car -1.000000 -1 -1 579.0820491778163 179.6084180689202 640.231767635506 237.26089388275378 -1 -1 -1 -1 -1 -1 -1 -1 1 
221 19 Car -1.000000 -1 -1 576.4340123207523 179.63363244556464 637.9262357680843 236.32713966071606 -1 -1 -1 -1 -1 -1 -1 -1 1 
222 19 Car -1.000000 -1 -1 576.8973265370497 179.90338395779523 637.1372681179871 236.3691743140897 -1 -1 -1 -1 -1 -1 -1 -1 1 
223 19 Car -1.000000 -1 -1 576.0491099085372 179.64775331963142 637.7868194668911 237.11329797067896 -1 -1 -1 -1 -1 -1 -1 -1 1 
224 19 Car -1.000000 -1 -1 575.850612973651 180.1919712183567 638.2499813543488 237.87854654857745 -1 -1 -1 -1 -1 -1 -1 -1 1 
225 19 Car -1.000000 -1 -1 575.0271177498194 180.66227357261454 638.5669931517198 237.49057941425303 -1 -1 -1 -1 -1 -1 -1 -1 1 
226 19 Car -1.000000 -1 -1 573.9239298707017 181.18351608371506 637.288538129857 236.8511142424093 -1 -1 -1 -1 -1 -1 -1 -1 1 
227 22 Car -1.000000 -1 -1 637.600660990064 -8.2508785506854 1261.1163917080714 341.0468939691782 -1 -1 -1 -1 -1 -1 -1 -1 1 
227 19 Car -1.000000 -1 -1 572.3541123096187 181.11480322953025 637.1560766367386 236.81207622687975 -1 -1 -1 -1 -1 -1 -1 -1 1 
228 19 Car -1.000000 -1 -1 572.222980668625 180.93524679828147 637.1707322371121 237.92008790545736 -1 -1 -1 -1 -1 -1 -1 -1 1 
229 19 Car -1.000000 -1 -1 573.9748155331382 182.43695144505742 636.7378885935132 237.3430232356231 -1 -1 -1 -1 -1 -1 -1 -1 1 
230 19 Car -1.000000 -1 -1 574.6159252661926 180.95008169229214 632.4517120214609 238.18262609151694 -1 -1 -1 -1 -1 -1 -1 -1 1 
231 19 Car -1.000000 -1 -1 573.6356767261258 181.6771897093321 634.0795432025424 236.54234797980348 -1 -1 -1 -1 -1 -1 -1 -1 1 
241 19 Car -1.000000 -1 -1 566.9272073412743 179.3107981256281 630.7958727986193 232.6381088485225 -1 -1 -1 -1 -1 -1 -1 -1 1 
242 19 Car -1.000000 -1 -1 572.3769139438294 179.79064085879006 631.9981246066208 232.53197348318423 -1 -1 -1 -1 -1 -1 -1 -1 1 
243 19 Car -1.000000 -1 -1 572.0058012065979 180.314924630623 632.1730947437194 232.21178948341938 -1 -1 -1 -1 -1 -1 -1 -1 1 
244 19 Car -1.000000 -1 -1 572.7001432848091 178.74494801239615 633.838431740896 229.98152640110888 -1 -1 -1 -1 -1 -1 -1 -1 1 
245 19 Car -1.000000 -1 -1 573.6280549455147 178.35107821827896 633.1681238080446 229.61151381381427 -1 -1 -1 -1 -1 -1 -1 -1 1 
246 23 Car -1.000000 -1 -1 668.0164401508295 171.88314736211817 689.0769201333707 180.16913432018976 -1 -1 -1 -1 -1 -1 -1 -1 1 
246 19 Car -1.000000 -1 -1 575.8146713754305 178.78900743268716 633.1360920426937 229.80378164300836 -1 -1 -1 -1 -1 -1 -1 -1 1 
247 23 Car -1.000000 -1 -1 666.4741547818367 172.5556928700266 687.7694987861009 180.48316976413705 -1 -1 -1 -1 -1 -1 -1 -1 1 
247 19 Car -1.000000 -1 -1 577.304859213531 179.42295825252168 634.739170499146 228.75962263116472 -1 -1 -1 -1 -1 -1 -1 -1 1 
248 23 Car -1.000000 -1 -1 664.4687918757018 172.41257455988 684.6921964115822 180.9331018370218 -1 -1 -1 -1 -1 -1 -1 -1 1 
248 19 Car -1.000000 -1 -1 578.3791489237203 178.71168588037386 633.5726406938181 229.66054222510695 -1 -1 -1 -1 -1 -1 -1 -1 1 
249 19 Car -1.000000 -1 -1 577.59270484287 179.98415826318356 634.9315507904842 229.98802471332826 -1 -1 -1 -1 -1 -1 -1 -1 1 
250 19 Car -1.000000 -1 -1 577.2938703605189 180.78509134312088 635.6074375891342 229.01605825441388 -1 -1 -1 -1 -1 -1 -1 -1 1 
251 19 Car -1.000000 -1 -1 576.7004833310269 180.7037242867339 636.6156601816989 228.34681212687147 -1 -1 -1 -1 -1 -1 -1 -1 1 
252 19 Car -1.000000 -1 -1 588.7907032164244 177.3451422699369 640.0727395300682 221.0303514192884 -1 -1 -1 -1 -1 -1 -1 -1 1 
262 19 Car -1.000000 -1 -1 598.9072155877947 180.78088738883918 651.9567561716987 227.145159115585 -1 -1 -1 -1 -1 -1 -1 -1 1 
269 25 Car -1.000000 -1 -1 569.5409876489296 178.31403735237052 592.3722316677181 193.7970344084673 -1 -1 -1 -1 -1 -1 -1 -1 1 
270 25 Car -1.000000 -1 -1 577.6237973656791 179.2824505828321 604.8514136356803 197.4784000776708 -1 -1 -1 -1 -1 -1 -1 -1 1 
271 25 Car -1.000000 -1 -1 572.4835613931601 178.68927124744422 605.1269412716995 198.4015182018853 -1 -1 -1 -1 -1 -1 -1 -1 1 
272 25 Car -1.000000 -1 -1 563.2714306815312 178.5058389382007 601.1180747254537 199.12607349956838 -1 -1 -1 -1 -1 -1 -1 -1 1 
273 25 Car -1.000000 -1 -1 561.0406951216551 179.08752684553082 597.8098930808213 201.26288652849885 -1 -1 -1 -1 -1 -1 -1 -1 1 
274 25 Car -1.000000 -1 -1 550.9985074790624 179.62491440658385 590.618324703895 204.9999270015038 -1 -1 -1 -1 -1 -1 -1 -1 1 
274 19 Car -1.000000 -1 -1 608.5231020748614 182.6626163764069 661.3973876169093 226.10672008102907 -1 -1 -1 -1 -1 -1 -1 -1 1 
275 25 Car -1.000000 -1 -1 541.6599594904826 178.39197857448687 583.3941465662076 205.82964858756614 -1 -1 -1 -1 -1 -1 -1 -1 1 
275 19 Car -1.000000 -1 -1 608.6082239999221 181.16898712917018 660.5336745541829 226.27621838966243 -1 -1 -1 -1 -1 -1 -1 -1 1 
276 27 Car -1.000000 -1 -1 496.9326644677383 178.8543226877944 533.8423864933161 205.24123893119395 -1 -1 -1 -1 -1 -1 -1 -1 1 
276 25 Car -1.000000 -1 -1 534.3600910030879 177.54189122038395 575.9298768226918 206.82041092704125 -1 -1 -1 -1 -1 -1 -1 -1 1 
276 19 Car -1.000000 -1 -1 609.9137604557551 176.48195733244603 661.3281036202725 222.54594415426254 -1 -1 -1 -1 -1 -1 -1 -1 1 
277 27 Car -1.000000 -1 -1 484.16272536092083 177.73615429177877 524.9049384909181 207.700423287371 -1 -1 -1 -1 -1 -1 -1 -1 1 
277 25 Car -1.000000 -1 -1 521.39162506507 176.52861809787845 570.8827354816291 210.22528087576998 -1 -1 -1 -1 -1 -1 -1 -1 1 
277 19 Car -1.000000 -1 -1 610.8363834940469 175.03488106796374 661.4718280159509 224.75669174813305 -1 -1 -1 -1 -1 -1 -1 -1 1 
278 27 Car -1.000000 -1 -1 464.6921744392469 181.349918891031 512.5603876343141 210.777294750397 -1 -1 -1 -1 -1 -1 -1 -1 1 
278 25 Car -1.000000 -1 -1 506.1032115415885 176.79099874714245 562.8161724542197 215.62220586033968 -1 -1 -1 -1 -1 -1 -1 -1 1 
278 19 Car -1.000000 -1 -1 611.4530291442688 172.5599513604091 662.0847722177323 226.7176457322561 -1 -1 -1 -1 -1 -1 -1 -1 1 
279 27 Car -1.000000 -1 -1 444.83575285627296 181.50830902875617 500.88809633484254 215.59198684274006 -1 -1 -1 -1 -1 -1 -1 -1 1 
279 25 Car -1.000000 -1 -1 491.49569369508663 178.47171400745327 553.2298915042327 218.98376995411056 -1 -1 -1 -1 -1 -1 -1 -1 1 
279 19 Car -1.000000 -1 -1 606.6853597952196 176.2022542176195 663.6977540062596 223.20575325284153 -1 -1 -1 -1 -1 -1 -1 -1 1 
280 27 Car -1.000000 -1 -1 429.84941525184195 181.54934252827215 484.32744729060397 216.87079532645072 -1 -1 -1 -1 -1 -1 -1 -1 1 
280 25 Car -1.000000 -1 -1 466.16154429918294 182.8201069639852 540.7771980266731 225.0363963942688 -1 -1 -1 -1 -1 -1 -1 -1 1 
280 19 Car -1.000000 -1 -1 609.3771287317459 176.0298151236314 663.2746740006482 223.66352264697736 -1 -1 -1 -1 -1 -1 -1 -1 1 
281 27 Car -1.000000 -1 -1 396.20104087086827 183.32331032993702 457.4905352752943 228.99527554042064 -1 -1 -1 -1 -1 -1 -1 -1 1 
281 25 Car -1.000000 -1 -1 445.18316689190954 182.3764067555133 524.6396798829619 232.47074311634955 -1 -1 -1 -1 -1 -1 -1 -1 1 
281 19 Car -1.000000 -1 -1 610.140800540837 175.5982199415135 664.8578571717326 224.69626964392285 -1 -1 -1 -1 -1 -1 -1 -1 1 
282 27 Car -1.000000 -1 -1 363.1602229487438 186.10432231798768 442.11371977398034 237.72604759925832 -1 -1 -1 -1 -1 -1 -1 -1 1 
282 25 Car -1.000000 -1 -1 400.53209181072623 184.75473596929356 506.7619501346579 242.45362173622615 -1 -1 -1 -1 -1 -1 -1 -1 1 
283 27 Car -1.000000 -1 -1 315.9383511637839 186.9184638803395 401.4262053321761 243.53348059006606 -1 -1 -1 -1 -1 -1 -1 -1 1 
283 25 Car -1.000000 -1 -1 348.16685170250446 186.75587792845013 488.1555210366272 260.3337385673792 -1 -1 -1 -1 -1 -1 -1 -1 1 
284 25 Car -1.000000 -1 -1 272.8797705319638 190.0740199489519 459.6676035698216 279.6911652146194 -1 -1 -1 -1 -1 -1 -1 -1 1 
285 25 Car -1.000000 -1 -1 145.89343877022083 192.93769456159606 411.10376275502716 320.23411580862904 -1 -1 -1 -1 -1 -1 -1 -1 1 
286 25 Car -1.000000 -1 -1 -15.864499128781858 200.01905776846866 331.66908475068897 381.0837217964805 -1 -1 -1 -1 -1 -1 -1 -1 1 
287 25 Car -1.000000 -1 -1 -0.5365969339528931 220.31632980976542 143.00895205211754 369.66952797956765 -1 -1 -1 -1 -1 -1 -1 -1 1 
