0 2 Car -1.000000 -1 -1 715.2242009641915 185.3810845559276 740.8996527353278 195.69039987684306 -1 -1 -1 -1 -1 -1 -1 -1 1 
0 1 Car -1.000000 -1 -1 466.8192329635539 183.57375839154446 563.2930366397353 213.63981438798265 -1 -1 -1 -1 -1 -1 -1 -1 1 
1 2 Car -1.000000 -1 -1 715.2020537569547 185.38118769916204 742.0886545144023 195.53971906694082 -1 -1 -1 -1 -1 -1 -1 -1 1 
1 1 Car -1.000000 -1 -1 474.7141321535007 183.32133972300932 572.4127392489463 213.64531766336697 -1 -1 -1 -1 -1 -1 -1 -1 1 
2 2 Car -1.000000 -1 -1 715.7637442869062 184.38821409542402 742.9967009640084 195.41972207550248 -1 -1 -1 -1 -1 -1 -1 -1 1 
2 1 Car -1.000000 -1 -1 490.6665432630823 183.9779371288247 588.3461880873028 212.60927107113486 -1 -1 -1 -1 -1 -1 -1 -1 1 
3 1 Car -1.000000 -1 -1 501.7521336302161 182.63258702623153 601.4704017220781 213.70128868147728 -1 -1 -1 -1 -1 -1 -1 -1 1 
4 1 Car -1.000000 -1 -1 517.3358012854767 183.42974223196507 611.6668875350689 212.5322619596353 -1 -1 -1 -1 -1 -1 -1 -1 1 
5 1 Car -1.000000 -1 -1 525.8942710616841 181.8329573322374 624.6923199212895 213.49458278228457 -1 -1 -1 -1 -1 -1 -1 -1 1 
6 1 Car -1.000000 -1 -1 539.9385554258926 182.62545440274363 635.9122359413079 211.96283666918484 -1 -1 -1 -1 -1 -1 -1 -1 1 
7 1 Car -1.000000 -1 -1 552.0940507994248 182.1502003317269 646.3403911412909 213.27761700376868 -1 -1 -1 -1 -1 -1 -1 -1 1 
8 1 Car -1.000000 -1 -1 565.1649440016885 182.6695339718404 658.4086505822265 211.8867575728263 -1 -1 -1 -1 -1 -1 -1 -1 1 
9 1 Car -1.000000 -1 -1 575.8457333790855 181.44361927317314 671.185830914487 213.43018177251977 -1 -1 -1 -1 -1 -1 -1 -1 1 
10 1 Car -1.000000 -1 -1 587.6374164995952 181.79462602935158 677.579121608717 212.0226421393454 -1 -1 -1 -1 -1 -1 -1 -1 1 
11 1 Car -1.000000 -1 -1 602.8323968336559 180.49347982741895 691.6376517446569 213.003573849654 -1 -1 -1 -1 -1 -1 -1 -1 1 
12 1 Car -1.000000 -1 -1 613.1741121793883 182.77988865828286 697.0376488734038 211.62682159159047 -1 -1 -1 -1 -1 -1 -1 -1 1 
13 1 Car -1.000000 -1 -1 611.5892299011064 182.5551134175979 705.9879437491585 210.46774203960712 -1 -1 -1 -1 -1 -1 -1 -1 1 
14 1 Car -1.000000 -1 -1 631.9742114701523 181.66443411833964 715.1786961936607 212.00802657180108 -1 -1 -1 -1 -1 -1 -1 -1 1 
15 1 Car -1.000000 -1 -1 641.5033400987204 183.1795005665089 724.2199970518168 210.1543720704145 -1 -1 -1 -1 -1 -1 -1 -1 1 
16 1 Car -1.000000 -1 -1 644.3982925733121 181.77191354334354 730.3700121827424 209.8661741385093 -1 -1 -1 -1 -1 -1 -1 -1 1 
17 1 Car -1.000000 -1 -1 655.8603677606353 182.18246066512967 739.0303104961147 210.25887640336381 -1 -1 -1 -1 -1 -1 -1 -1 1 
18 1 Car -1.000000 -1 -1 659.062695187015 183.59713442623615 742.9153442839877 209.65025975153998 -1 -1 -1 -1 -1 -1 -1 -1 1 
19 1 Car -1.000000 -1 -1 669.9452237367916 183.41702709977443 747.4525061093557 208.90644772981221 -1 -1 -1 -1 -1 -1 -1 -1 1 
20 1 Car -1.000000 -1 -1 689.5767964743652 182.89047594253833 751.7214051920636 208.92849707832704 -1 -1 -1 -1 -1 -1 -1 -1 1 
21 1 Car -1.000000 -1 -1 694.4556009230705 181.0353993653105 756.2509637440626 207.01967960653397 -1 -1 -1 -1 -1 -1 -1 -1 1 
22 1 Car -1.000000 -1 -1 702.8665730506183 180.08340354292437 752.8869507324239 207.20442782084527 -1 -1 -1 -1 -1 -1 -1 -1 1 
23 1 Car -1.000000 -1 -1 707.0260437039228 180.58754299552396 753.9776729161922 206.91356954809567 -1 -1 -1 -1 -1 -1 -1 -1 1 
24 1 Car -1.000000 -1 -1 710.0062335958849 180.81255513243377 760.2731903837279 206.70925254503695 -1 -1 -1 -1 -1 -1 -1 -1 1 
25 1 Car -1.000000 -1 -1 714.1734936627057 181.45504708473499 759.3674872357111 205.94593653312097 -1 -1 -1 -1 -1 -1 -1 -1 1 
26 1 Car -1.000000 -1 -1 721.8966562346769 181.76324730022594 767.9750824398718 205.99934623505058 -1 -1 -1 -1 -1 -1 -1 -1 1 
27 1 Car -1.000000 -1 -1 722.9134081745376 181.26115475136498 769.0665182201907 205.3541617038158 -1 -1 -1 -1 -1 -1 -1 -1 1 
28 1 Car -1.000000 -1 -1 723.5748545195048 182.06851573016206 770.5392594234302 204.8274767047797 -1 -1 -1 -1 -1 -1 -1 -1 1 
29 1 Car -1.000000 -1 -1 730.8112929933345 181.17225800569238 773.2133039385079 204.51995902336557 -1 -1 -1 -1 -1 -1 -1 -1 1 
30 1 Car -1.000000 -1 -1 735.3820700209875 181.00003676059154 776.8126586010824 204.54073432259835 -1 -1 -1 -1 -1 -1 -1 -1 1 
31 1 Car -1.000000 -1 -1 738.514655663417 181.2994655830642 779.6663913543408 204.11089082391786 -1 -1 -1 -1 -1 -1 -1 -1 1 
32 1 Car -1.000000 -1 -1 735.6520949556277 181.4420895758443 782.6310579409966 204.06655001883897 -1 -1 -1 -1 -1 -1 -1 -1 1 
38 2 Car -1.000000 -1 -1 713.7417355400439 186.06911074871627 741.5770175328049 197.0962573451778 -1 -1 -1 -1 -1 -1 -1 -1 1 
38 1 Car -1.000000 -1 -1 745.7420305712866 183.50522599827787 775.7571115665712 198.7318415911152 -1 -1 -1 -1 -1 -1 -1 -1 1 
39 2 Car -1.000000 -1 -1 714.0325503360767 186.23437616938295 741.842529013753 197.11830467881205 -1 -1 -1 -1 -1 -1 -1 -1 1 
39 1 Car -1.000000 -1 -1 746.2633404342027 183.68132892422952 775.8330731185582 199.17480196230687 -1 -1 -1 -1 -1 -1 -1 -1 1 
40 2 Car -1.000000 -1 -1 713.8735160022401 186.8382508938129 740.8094207647329 197.54102482245517 -1 -1 -1 -1 -1 -1 -1 -1 1 
41 2 Car -1.000000 -1 -1 713.157547499698 186.4364503685815 741.5122121108267 197.59249876145847 -1 -1 -1 -1 -1 -1 -1 -1 1 
42 2 Car -1.000000 -1 -1 712.8864010973618 186.6060122131155 742.1870384800892 197.7256293623493 -1 -1 -1 -1 -1 -1 -1 -1 1 
43 2 Car -1.000000 -1 -1 711.981257793422 186.63385415521378 742.8802838262458 197.8429215781104 -1 -1 -1 -1 -1 -1 -1 -1 1 
44 2 Car -1.000000 -1 -1 712.541870810378 186.75676853252716 741.2107225510363 197.55657556323476 -1 -1 -1 -1 -1 -1 -1 -1 1 
45 2 Car -1.000000 -1 -1 713.8714622322184 186.7158657584626 740.647850582806 196.98586246858423 -1 -1 -1 -1 -1 -1 -1 -1 1 
46 2 Car -1.000000 -1 -1 712.4324319706514 186.67294584716169 742.4356469764159 197.5927537916085 -1 -1 -1 -1 -1 -1 -1 -1 1 
47 2 Car -1.000000 -1 -1 711.8008636107238 186.75916478969157 741.2788662168268 198.07318761013448 -1 -1 -1 -1 -1 -1 -1 -1 1 
48 2 Car -1.000000 -1 -1 712.0595665619924 186.86438045607738 741.5615912125661 198.17463700802855 -1 -1 -1 -1 -1 -1 -1 -1 1 
49 2 Car -1.000000 -1 -1 711.2847615789908 187.04649189021438 741.4453379706694 198.18268215749413 -1 -1 -1 -1 -1 -1 -1 -1 1 
50 2 Car -1.000000 -1 -1 712.072825933305 187.01567695153736 742.3062745911569 198.0954807591983 -1 -1 -1 -1 -1 -1 -1 -1 1 
51 2 Car -1.000000 -1 -1 710.3265651298257 187.12192337709266 744.0953383749494 198.75472045252818 -1 -1 -1 -1 -1 -1 -1 -1 1 
52 2 Car -1.000000 -1 -1 711.3975511193275 186.78573064076213 744.4234472215176 198.23279801326302 -1 -1 -1 -1 -1 -1 -1 -1 1 
53 2 Car -1.000000 -1 -1 712.1633078404344 186.90517576984487 743.4227552969868 197.6413236429485 -1 -1 -1 -1 -1 -1 -1 -1 1 
54 1 Car -1.000000 -1 -1 740.6991056782695 185.5845561501785 773.9104906154366 199.2422512983187 -1 -1 -1 -1 -1 -1 -1 -1 1 
60 2 Car -1.000000 -1 -1 712.9006979419636 186.1397715894362 744.2553829550744 196.9724775900921 -1 -1 -1 -1 -1 -1 -1 -1 1 
75 3 Car -1.000000 -1 -1 655.8285869107797 182.19883342345173 698.1200783000543 204.13149832389675 -1 -1 -1 -1 -1 -1 -1 -1 1 
76 3 Car -1.000000 -1 -1 656.0092069174234 182.28615313553465 697.9117586463689 204.1587536402333 -1 -1 -1 -1 -1 -1 -1 -1 1 
77 3 Car -1.000000 -1 -1 655.6687270471684 182.31387961154374 697.7143596892175 204.31321449219607 -1 -1 -1 -1 -1 -1 -1 -1 1 
