0 1 Car -1.000000 -1 -1 870.0130727258402 220.00180955047355 1247.7345676844548 374.6680981615458 -1 -1 -1 -1 -1 -1 -1 -1 1 
1 1 Car -1.000000 -1 -1 883.8841992513492 222.21963773839747 1239.3159708277537 371.73421988980124 -1 -1 -1 -1 -1 -1 -1 -1 1 
2 1 Car -1.000000 -1 -1 929.1023522495077 237.3643438689984 1236.7575221915658 373.7435694783926 -1 -1 -1 -1 -1 -1 -1 -1 1 
3 1 Car -1.000000 -1 -1 949.1538931956658 246.63119870596205 1241.4131438915547 375.89807643626744 -1 -1 -1 -1 -1 -1 -1 -1 1 
78 2 Car -1.000000 -1 -1 525.0772248999431 152.44384870255507 605.3580326632812 205.36926430829155 -1 -1 -1 -1 -1 -1 -1 -1 1 
86 2 Car -1.000000 -1 -1 486.74100771030555 150.5064676121737 575.5512232740339 214.2468870151788 -1 -1 -1 -1 -1 -1 -1 -1 1 
88 3 Car -1.000000 -1 -1 437.1968655030315 177.16671186141096 476.55268973054797 202.05950389544552 -1 -1 -1 -1 -1 -1 -1 -1 1 
91 4 Car -1.000000 -1 -1 412.6493114490921 178.16415242850783 456.89461239771197 203.88813589054809 -1 -1 -1 -1 -1 -1 -1 -1 1 
92 4 Car -1.000000 -1 -1 410.39538880609547 178.91038005025342 455.94797300948545 207.24202839371105 -1 -1 -1 -1 -1 -1 -1 -1 1 
98 4 Car -1.000000 -1 -1 368.01965529758195 180.73296600666183 413.9483636078926 212.91217870580462 -1 -1 -1 -1 -1 -1 -1 -1 1 
99 4 Car -1.000000 -1 -1 361.11438185664326 180.6947853631125 408.71453900291374 216.06387960939452 -1 -1 -1 -1 -1 -1 -1 -1 1 
100 4 Car -1.000000 -1 -1 352.16102794729744 180.28915218579084 394.26431776697814 217.75926072866872 -1 -1 -1 -1 -1 -1 -1 -1 1 
101 4 Car -1.000000 -1 -1 345.85146419474717 179.09193626390055 390.7934346852395 207.88743590506226 -1 -1 -1 -1 -1 -1 -1 -1 1 
102 4 Car -1.000000 -1 -1 328.51826235651964 176.90003742105685 380.5787816116442 210.34141321881458 -1 -1 -1 -1 -1 -1 -1 -1 1 
103 4 Car -1.000000 -1 -1 327.17930182126855 174.8913057291737 371.9736585479517 211.19566885038063 -1 -1 -1 -1 -1 -1 -1 -1 1 
104 4 Car -1.000000 -1 -1 319.50988143338606 176.9523509204961 364.0854455427482 209.97070173661297 -1 -1 -1 -1 -1 -1 -1 -1 1 
105 4 Car -1.000000 -1 -1 308.36674137298877 179.00435687400972 347.2919220053233 219.6134365736865 -1 -1 -1 -1 -1 -1 -1 -1 1 
109 2 Car -1.000000 -1 -1 274.29611055868173 129.83373230179913 476.85884916581784 258.8643804908945 -1 -1 -1 -1 -1 -1 -1 -1 1 
110 2 Car -1.000000 -1 -1 253.41085874690464 116.01856424329947 465.82809415574263 255.63625000918717 -1 -1 -1 -1 -1 -1 -1 -1 1 
111 2 Car -1.000000 -1 -1 229.7014391453794 112.83036127973062 432.31667425684066 272.70502131432295 -1 -1 -1 -1 -1 -1 -1 -1 1 
112 2 Car -1.000000 -1 -1 208.60182755669717 116.23350418029496 436.6916213499812 274.85965534399907 -1 -1 -1 -1 -1 -1 -1 -1 1 
117 2 Car -1.000000 -1 -1 9.529901839792728 95.09514522953675 414.1810455545783 301.2670883908868 -1 -1 -1 -1 -1 -1 -1 -1 1 
118 2 Car -1.000000 -1 -1 -12.82792727935771 89.85862966913442 419.0416324706032 337.457970644419 -1 -1 -1 -1 -1 -1 -1 -1 1 
119 2 Car -1.000000 -1 -1 -2.0202968269586563 80.80275442737798 362.1932907253504 347.4543263705877 -1 -1 -1 -1 -1 -1 -1 -1 1 
123 2 Car -1.000000 -1 -1 8.603434633750169 24.21594389642661 295.5831357355301 359.3933074376904 -1 -1 -1 -1 -1 -1 -1 -1 1 
124 2 Car -1.000000 -1 -1 4.043610334396362 51.35579296172813 262.90921890735626 334.44027369841933 -1 -1 -1 -1 -1 -1 -1 -1 1 
128 2 Car -1.000000 -1 -1 1.6235942682967703 143.29481293232396 117.87607416481926 359.8855840257154 -1 -1 -1 -1 -1 -1 -1 -1 1 
165 5 Car -1.000000 -1 -1 1193.3074624922415 172.21839025688288 1238.4521250111554 278.51040444623396 -1 -1 -1 -1 -1 -1 -1 -1 1 
