0 1 Car -1.000000 -1 -1 296.744956 161.75214700000004 455.226042 292.372804 -1 -1 -1 -1 -1 -1 -1 -1 1 
1 1 Car -1.000000 -1 -1 295.0500531823982 155.89971734657615 452.04892848390216 284.74715398043145 -1 -1 -1 -1 -1 -1 -1 -1 1 
2 1 Car -1.000000 -1 -1 293.3833452369462 150.22948854660814 448.96235063896825 277.3219506897804 -1 -1 -1 -1 -1 -1 -1 -1 1 
3 1 Car -1.000000 -1 -1 291.7370163294464 144.73216669932745 445.9677324518101 270.0840414491943 -1 -1 -1 -1 -1 -1 -1 -1 1 
4 1 Car -1.000000 -1 -1 290.66294017350725 144.6921466538483 443.64461828943996 268.3029458491478 -1 -1 -1 -1 -1 -1 -1 -1 1 
5 1 Car -1.000000 -1 -1 289.7309514560586 145.99025543011842 441.5458252134249 267.8646627577041 -1 -1 -1 -1 -1 -1 -1 -1 1 
6 1 Car -1.000000 -1 -1 288.50536339704547 145.8699685016726 438.86600203608305 265.98507625289716 -1 -1 -1 -1 -1 -1 -1 -1 1 
7 1 Car -1.000000 -1 -1 287.24699502759165 147.0474336989237 436.0167002926273 265.4298292735498 -1 -1 -1 -1 -1 -1 -1 -1 1 
8 2 Car -1.000000 -1 -1 395.84404955041725 164.56802576518595 481.5452886643126 207.5216337565858 -1 -1 -1 -1 -1 -1 -1 -1 1 
8 1 Car -1.000000 -1 -1 286.0255397663247 149.7065778806923 433.1423503365259 266.39978606075755 -1 -1 -1 -1 -1 -1 -1 -1 1 
9 2 Car -1.000000 -1 -1 404.1785714339449 167.31555668730118 490.1639623988472 210.462419535011 -1 -1 -1 -1 -1 -1 -1 -1 1 
9 1 Car -1.000000 -1 -1 284.8405024362407 150.81449837006312 430.27795469812 265.86163775421267 -1 -1 -1 -1 -1 -1 -1 -1 1 
10 2 Car -1.000000 -1 -1 412.5905132684625 170.0872109774761 498.85502648432964 213.4335511202272 -1 -1 -1 -1 -1 -1 -1 -1 1 
10 1 Car -1.000000 -1 -1 283.7170528886169 155.46832885024185 427.48104016277466 268.92161395068354 -1 -1 -1 -1 -1 -1 -1 -1 1 
11 2 Car -1.000000 -1 -1 419.82166258036864 170.37592743133422 506.4916768787731 213.97225936587574 -1 -1 -1 -1 -1 -1 -1 -1 1 
11 1 Car -1.000000 -1 -1 282.7741945888512 157.46199794065785 425.0704501090371 269.44813412153025 -1 -1 -1 -1 -1 -1 -1 -1 1 
12 2 Car -1.000000 -1 -1 426.71902632779387 169.85201580470707 513.8597994555776 213.72358094308177 -1 -1 -1 -1 -1 -1 -1 -1 1 
12 1 Car -1.000000 -1 -1 281.88280155906284 158.43140254305416 422.8560581741983 269.0405938525775 -1 -1 -1 -1 -1 -1 -1 -1 1 
13 2 Car -1.000000 -1 -1 433.56741657934975 169.06726107607727 521.2150853779084 213.22789867177994 -1 -1 -1 -1 -1 -1 -1 -1 1 
13 1 Car -1.000000 -1 -1 281.00225178223485 159.0000163717731 420.75761322660486 268.2995707235317 -1 -1 -1 -1 -1 -1 -1 -1 1 
14 2 Car -1.000000 -1 -1 440.4659210109162 168.20692306936002 528.6416108983553 212.6650024104402 -1 -1 -1 -1 -1 -1 -1 -1 1 
14 1 Car -1.000000 -1 -1 280.12262305961667 159.40740434329695 418.73882819883136 267.44986574023204 -1 -1 -1 -1 -1 -1 -1 -1 1 
15 2 Car -1.000000 -1 -1 447.44941027191913 167.33116136817813 536.1660865632851 212.0923344319803 -1 -1 -1 -1 -1 -1 -1 -1 1 
15 1 Car -1.000000 -1 -1 279.24383541478284 159.74657829161163 416.7817304933513 266.574724241824 -1 -1 -1 -1 -1 -1 -1 -1 1 
16 2 Car -1.000000 -1 -1 454.68308148312894 167.16730616403223 543.9419158108046 212.23579936313806 -1 -1 -1 -1 -1 -1 -1 -1 1 
16 1 Car -1.000000 -1 -1 278.6889004806626 155.54780582296254 414.73398720165574 261.20026934471855 -1 -1 -1 -1 -1 -1 -1 -1 1 
17 2 Car -1.000000 -1 -1 462.0780141714196 167.2786220295181 551.8798943033396 212.65821954112317 -1 -1 -1 -1 -1 -1 -1 -1 1 
17 1 Car -1.000000 -1 -1 278.37117485919765 157.46240925215298 412.64947138020995 261.9864438327464 -1 -1 -1 -1 -1 -1 -1 -1 1 
18 2 Car -1.000000 -1 -1 469.5692219987689 170.28445003356944 559.9243954306669 215.98377745458453 -1 -1 -1 -1 -1 -1 -1 -1 1 
18 1 Car -1.000000 -1 -1 278.9805132128032 162.88681058395323 411.3293815916103 266.2943915541734 -1 -1 -1 -1 -1 -1 -1 -1 1 
19 2 Car -1.000000 -1 -1 477.1652163899514 174.41108419408252 568.0811822618582 220.4371218817706 -1 -1 -1 -1 -1 -1 -1 -1 1 
19 1 Car -1.000000 -1 -1 279.9534580876344 169.4178437796333 410.2762150452298 271.79642840134255 -1 -1 -1 -1 -1 -1 -1 -1 1 
20 2 Car -1.000000 -1 -1 484.85005505367167 178.73220434343227 576.3734676976692 225.2530844136034 -1 -1 -1 -1 -1 -1 -1 -1 1 
20 1 Car -1.000000 -1 -1 281.0658518474139 176.1524863275128 409.3100857235488 277.6290794542461 -1 -1 -1 -1 -1 -1 -1 -1 1 
21 2 Car -1.000000 -1 -1 493.4495792080895 179.08349206415716 585.4848030436863 225.96493897909517 -1 -1 -1 -1 -1 -1 -1 -1 1 
21 1 Car -1.000000 -1 -1 284.3133364336798 177.30066652182472 409.8290674297528 277.75677101227376 -1 -1 -1 -1 -1 -1 -1 -1 1 
22 2 Car -1.000000 -1 -1 502.4741279184319 177.9412547565306 594.9626071341276 225.08858786639303 -1 -1 -1 -1 -1 -1 -1 -1 1 
22 1 Car -1.000000 -1 -1 288.4234378192564 175.26354170935002 410.75250348200734 274.5911436621393 -1 -1 -1 -1 -1 -1 -1 -1 1 
23 2 Car -1.000000 -1 -1 511.728540750986 176.15388659253324 604.6454990869674 223.5561222490993 -1 -1 -1 -1 -1 -1 -1 -1 1 
23 1 Car -1.000000 -1 -1 292.8842768248116 172.08529163859663 411.7108309913045 270.21575774506096 -1 -1 -1 -1 -1 -1 -1 -1 1 
24 2 Car -1.000000 -1 -1 521.139986349126 174.09205838557062 614.4734177553783 221.75902962752753 -1 -1 -1 -1 -1 -1 -1 -1 1 
24 1 Car -1.000000 -1 -1 297.4913317753429 171.3151012296524 412.6114149112808 268.27674097593433 -1 -1 -1 -1 -1 -1 -1 -1 1 
25 2 Car -1.000000 -1 -1 529.2907708995992 171.8962091731372 623.2270852022452 219.9110372698421 -1 -1 -1 -1 -1 -1 -1 -1 1 
25 1 Car -1.000000 -1 -1 302.13788984544544 171.46100835128686 413.4169204436407 267.27419750910184 -1 -1 -1 -1 -1 -1 -1 -1 1 
26 2 Car -1.000000 -1 -1 534.9536132821545 169.6753294116969 629.9128531125084 218.20968223880357 -1 -1 -1 -1 -1 -1 -1 -1 1 
26 1 Car -1.000000 -1 -1 308.538617164099 164.64251075657447 415.49522208027844 259.1691144519305 -1 -1 -1 -1 -1 -1 -1 -1 1 
27 2 Car -1.000000 -1 -1 543.8759256279434 167.27627495647823 639.5942118916948 216.23525447319975 -1 -1 -1 -1 -1 -1 -1 -1 1 
27 1 Car -1.000000 -1 -1 315.61339626895824 158.47802584307823 417.92611527080146 251.68945007842677 -1 -1 -1 -1 -1 -1 -1 -1 1 
28 2 Car -1.000000 -1 -1 552.1120055668281 164.86124820945196 648.6869047071124 214.28982370700368 -1 -1 -1 -1 -1 -1 -1 -1 1 
28 1 Car -1.000000 -1 -1 322.93987061165274 157.81889194205547 420.39823697885276 249.69400952948655 -1 -1 -1 -1 -1 -1 -1 -1 1 
29 2 Car -1.000000 -1 -1 560.1838371298415 162.40758954527965 657.6891723179999 212.34085956519957 -1 -1 -1 -1 -1 -1 -1 -1 1 
29 1 Car -1.000000 -1 -1 329.9104302060127 158.27847152660493 423.1151888285869 248.83072970882213 -1 -1 -1 -1 -1 -1 -1 -1 1 
30 2 Car -1.000000 -1 -1 568.298423361067 159.90647045365824 666.7914535655303 210.3726740679357 -1 -1 -1 -1 -1 -1 -1 -1 1 
30 1 Car -1.000000 -1 -1 335.77613353321823 160.0929307428676 425.652207757963 249.40202139980326 -1 -1 -1 -1 -1 -1 -1 -1 1 
31 2 Car -1.000000 -1 -1 576.9372776299978 158.75877820445044 676.4720839514883 209.78505574074933 -1 -1 -1 -1 -1 -1 -1 -1 1 
31 1 Car -1.000000 -1 -1 342.53735245304716 160.20739426437686 429.73769376159834 248.33650013165246 -1 -1 -1 -1 -1 -1 -1 -1 1 
32 2 Car -1.000000 -1 -1 585.9017938288106 158.1207712507631 686.5227994162145 209.7301604430941 -1 -1 -1 -1 -1 -1 -1 -1 1 
32 1 Car -1.000000 -1 -1 349.78141688956174 160.0301534417286 434.7612859788663 247.0486991820987 -1 -1 -1 -1 -1 -1 -1 -1 1 
33 2 Car -1.000000 -1 -1 595.1216084520291 157.6696200437321 696.8668370588088 209.8824130542527 -1 -1 -1 -1 -1 -1 -1 -1 1 
33 1 Car -1.000000 -1 -1 358.99592160304235 160.397521796687 443.35011628646487 246.47316729359005 -1 -1 -1 -1 -1 -1 -1 -1 1 
34 2 Car -1.000000 -1 -1 604.5752278736117 157.28203195944099 707.4786569881406 210.1167441435661 -1 -1 -1 -1 -1 -1 -1 -1 1 
34 1 Car -1.000000 -1 -1 368.12574390359316 159.59327651223464 452.91560956089074 244.8815929604665 -1 -1 -1 -1 -1 -1 -1 -1 1 
35 2 Car -1.000000 -1 -1 614.2597464338232 156.91106436149528 718.3530189405776 210.38512877051215 -1 -1 -1 -1 -1 -1 -1 -1 1 
35 1 Car -1.000000 -1 -1 376.83581008268135 159.83456996825328 463.70811925971776 244.58084934760245 -1 -1 -1 -1 -1 -1 -1 -1 1 
36 2 Car -1.000000 -1 -1 625.3685263876112 157.00873801323735 730.8608551938305 211.22083227431432 -1 -1 -1 -1 -1 -1 -1 -1 1 
36 1 Car -1.000000 -1 -1 387.15344845214554 158.73509859429782 476.5979715917863 242.98614305442425 -1 -1 -1 -1 -1 -1 -1 -1 1 
37 2 Car -1.000000 -1 -1 637.2437785981282 157.2778566842464 744.3015244113668 212.3076658787453 -1 -1 -1 -1 -1 -1 -1 -1 1 
37 1 Car -1.000000 -1 -1 397.90167214048046 157.14273649947125 490.23370580853344 240.9197742526316 -1 -1 -1 -1 -1 -1 -1 -1 1 
38 2 Car -1.000000 -1 -1 649.6535440768538 157.608532700269 758.4135797089388 213.5225427072088 -1 -1 -1 -1 -1 -1 -1 -1 1 
38 1 Car -1.000000 -1 -1 409.9765333818551 157.43105641542465 505.01353477050554 240.81300394584358 -1 -1 -1 -1 -1 -1 -1 -1 1 
39 2 Car -1.000000 -1 -1 662.527784140901 157.96173841340686 773.1073597180658 214.81750291244487 -1 -1 -1 -1 -1 -1 -1 -1 1 
39 1 Car -1.000000 -1 -1 422.51136773949105 158.41951791913206 520.1066413718819 241.44803921282247 -1 -1 -1 -1 -1 -1 -1 -1 1 
40 2 Car -1.000000 -1 -1 675.8578426916793 158.3249197252482 788.361883912829 216.17418862570815 -1 -1 -1 -1 -1 -1 -1 -1 1 
40 1 Car -1.000000 -1 -1 435.1704382850053 159.66077720779006 535.2047343321693 242.3531297065799 -1 -1 -1 -1 -1 -1 -1 -1 1 
41 2 Car -1.000000 -1 -1 689.6584074746513 158.69517409838662 804.1849506729393 217.5861889502814 -1 -1 -1 -1 -1 -1 -1 -1 1 
41 1 Car -1.000000 -1 -1 449.8503161302652 161.16444129946922 552.1143621094138 243.62378336917726 -1 -1 -1 -1 -1 -1 -1 -1 1 
42 2 Car -1.000000 -1 -1 703.9533178669028 159.07294805273077 820.5976134037817 219.05213279341567 -1 -1 -1 -1 -1 -1 -1 -1 1 
42 1 Car -1.000000 -1 -1 465.2922729227553 162.77624001353917 569.6363506859473 245.11510012975094 -1 -1 -1 -1 -1 -1 -1 -1 1 
43 2 Car -1.000000 -1 -1 718.7704866316418 159.4597318092213 837.6281612889064 220.57295340542288 -1 -1 -1 -1 -1 -1 -1 -1 1 
43 1 Car -1.000000 -1 -1 481.0071451482924 164.40589178803776 587.3226065259253 246.69606199850477 -1 -1 -1 -1 -1 -1 -1 -1 1 
44 2 Car -1.000000 -1 -1 734.1401834916092 159.85725133962066 855.3097492521465 222.15077313229736 -1 -1 -1 -1 -1 -1 -1 -1 1 
44 1 Car -1.000000 -1 -1 498.92479203929133 164.5363772105615 606.769024456416 246.80176245294598 -1 -1 -1 -1 -1 -1 -1 -1 1 
45 2 Car -1.000000 -1 -1 750.0946670938771 160.26722156343385 873.6795914059877 223.7884447776246 -1 -1 -1 -1 -1 -1 -1 -1 1 
45 1 Car -1.000000 -1 -1 517.6966769257187 164.0909097230669 626.7652096880313 246.34509546568012 -1 -1 -1 -1 -1 -1 -1 -1 1 
46 2 Car -1.000000 -1 -1 767.0243358406077 159.45050429862943 893.316597148625 224.31537194032597 -1 -1 -1 -1 -1 -1 -1 -1 1 
46 1 Car -1.000000 -1 -1 537.8264504005265 163.07548038485461 647.9848712861672 245.41716333115883 -1 -1 -1 -1 -1 -1 -1 -1 1 
47 2 Car -1.000000 -1 -1 784.8051500901976 158.11102672586824 914.0679330520242 224.42409335689777 -1 -1 -1 -1 -1 -1 -1 -1 1 
47 1 Car -1.000000 -1 -1 558.518833186498 161.82405898748596 669.6891108369022 244.32055609345264 -1 -1 -1 -1 -1 -1 -1 -1 1 
48 2 Car -1.000000 -1 -1 803.4316523627397 156.5177440967609 935.9132078235277 224.37707245224442 -1 -1 -1 -1 -1 -1 -1 -1 1 
48 1 Car -1.000000 -1 -1 579.4606207951997 160.46972970655878 691.6084489507484 243.16625801654834 -1 -1 -1 -1 -1 -1 -1 -1 1 
49 2 Car -1.000000 -1 -1 822.9451126096175 154.77163603609293 958.8895621436267 224.272519377485 -1 -1 -1 -1 -1 -1 -1 -1 1 
49 1 Car -1.000000 -1 -1 600.5255182301721 159.06714889413257 713.6511488873032 241.9931751428265 -1 -1 -1 -1 -1 -1 -1 -1 1 
50 2 Car -1.000000 -1 -1 843.4069471905159 152.9083226561108 983.0629734760078 224.14615660407273 -1 -1 -1 -1 -1 -1 -1 -1 1 
50 1 Car -1.000000 -1 -1 621.6603545829231 157.63992766114734 735.7919036700431 240.8135901786153 -1 -1 -1 -1 -1 -1 -1 -1 1 
51 2 Car -1.000000 -1 -1 862.4699649142483 151.91213706437154 1006.1323950533081 225.02656724523084 -1 -1 -1 -1 -1 -1 -1 -1 1 
51 1 Car -1.000000 -1 -1 643.445681912144 156.73270604322104 758.7449221697916 240.230346525199 -1 -1 -1 -1 -1 -1 -1 -1 1 
52 2 Car -1.000000 -1 -1 881.6290595767179 151.22382543592246 1029.5953573040345 226.35187181190062 -1 -1 -1 -1 -1 -1 -1 -1 1 
52 1 Car -1.000000 -1 -1 665.542833567961 156.0087144837554 782.1618883024246 239.8824119256891 -1 -1 -1 -1 -1 -1 -1 -1 1 
53 2 Car -1.000000 -1 -1 901.5142142148695 150.62931949513992 1054.0936582440804 227.90962542086683 -1 -1 -1 -1 -1 -1 -1 -1 1 
53 1 Car -1.000000 -1 -1 687.8251869763762 155.3430340804458 805.9127023870551 239.62718675724912 -1 -1 -1 -1 -1 -1 -1 -1 1 
54 2 Car -1.000000 -1 -1 922.4289011467685 150.04626762271863 1079.9506363707656 229.62258940693067 -1 -1 -1 -1 -1 -1 -1 -1 1 
54 1 Car -1.000000 -1 -1 710.2463359521009 154.6909075667947 829.9520108179211 239.40701551966907 -1 -1 -1 -1 -1 -1 -1 -1 1 
55 2 Car -1.000000 -1 -1 944.5578959102442 149.44225424542392 1107.3784302645458 231.4664785759584 -1 -1 -1 -1 -1 -1 -1 -1 1 
55 1 Car -1.000000 -1 -1 732.7898384244133 154.03751771191548 854.2677155274955 239.19765253381655 -1 -1 -1 -1 -1 -1 -1 -1 1 
56 2 Car -1.000000 -1 -1 963.9050613147726 148.5001386290526 1132.0890465245027 233.03504540846714 -1 -1 -1 -1 -1 -1 -1 -1 1 
56 1 Car -1.000000 -1 -1 755.5106527752263 153.5440489292644 879.2094809805022 239.21345355305064 -1 -1 -1 -1 -1 -1 -1 -1 1 
57 2 Car -1.000000 -1 -1 982.8820399220482 147.39843785183297 1156.5765544400601 234.53793759934456 -1 -1 -1 -1 -1 -1 -1 -1 1 
57 1 Car -1.000000 -1 -1 778.3817120700805 153.09876970044684 904.6853716522523 239.3189221965996 -1 -1 -1 -1 -1 -1 -1 -1 1 
58 2 Car -1.000000 -1 -1 1002.4598268034474 146.19883249690963 1181.8815764159021 236.0632978891902 -1 -1 -1 -1 -1 -1 -1 -1 1 
58 1 Car -1.000000 -1 -1 801.4066444169312 152.66306820229227 930.6566810181819 239.45804204897456 -1 -1 -1 -1 -1 -1 -1 -1 1 
59 2 Car -1.000000 -1 -1 1023.066315713047 144.91861540724972 1208.4940740775537 237.65233837461403 -1 -1 -1 -1 -1 -1 -1 -1 1 
59 1 Car -1.000000 -1 -1 824.597089865111 152.2252169740794 957.1091610407382 239.60645489581646 -1 -1 -1 -1 -1 -1 -1 -1 1 
60 2 Car -1.000000 -1 -1 1044.094820404219 143.58440958171212 1234.6188800745406 239.3020494452512 -1 -1 -1 -1 -1 -1 -1 -1 1 
60 1 Car -1.000000 -1 -1 847.9650898161243 151.7829575449297 984.0409368000988 239.75278937575754 -1 -1 -1 -1 -1 -1 -1 -1 1 
61 2 Car -1.000000 -1 -1 1056.6595114884753 142.54120907637207 1247.222942670765 241.03945615648217 -1 -1 -1 -1 -1 -1 -1 -1 1 
61 1 Car -1.000000 -1 -1 869.9392712812719 151.45581989508838 1009.604473426594 239.96913361145909 -1 -1 -1 -1 -1 -1 -1 -1 1 
62 2 Car -1.000000 -1 -1 1067.22082733857 141.6220994632921 1253.9548059438575 242.8315063947653 -1 -1 -1 -1 -1 -1 -1 -1 1 
62 1 Car -1.000000 -1 -1 891.4963969421226 151.1788812072328 1034.8318965143142 240.20002452114244 -1 -1 -1 -1 -1 -1 -1 -1 1 
63 2 Car -1.000000 -1 -1 1078.0777917028345 140.75418255510792 1257.9562233677207 244.67771887460432 -1 -1 -1 -1 -1 -1 -1 -1 1 
63 1 Car -1.000000 -1 -1 913.0032913337226 150.92590848524162 1060.1332386736478 240.4257196050251 -1 -1 -1 -1 -1 -1 -1 -1 1 
64 2 Car -1.000000 -1 -1 1089.9942543313648 139.9063025489058 1260.583476205006 246.5848556203965 -1 -1 -1 -1 -1 -1 -1 -1 1 
64 1 Car -1.000000 -1 -1 934.5949720735334 150.6859451758188 1085.6778437455732 240.63973120179458 -1 -1 -1 -1 -1 -1 -1 -1 1 
65 2 Car -1.000000 -1 -1 1103.1916002522323 139.06905833369544 1262.4670745202159 248.55720527566345 -1 -1 -1 -1 -1 -1 -1 -1 1 
65 1 Car -1.000000 -1 -1 956.3191950263302 150.45419565169925 1111.5412798298712 240.84034950855545 -1 -1 -1 -1 -1 -1 -1 -1 1 
66 2 Car -1.000000 -1 -1 1112.695360668294 138.54726105674587 1261.8935692597713 250.94162754077968 -1 -1 -1 -1 -1 -1 -1 -1 1 
66 1 Car -1.000000 -1 -1 976.4516639804384 150.85679353262984 1135.4662624497005 241.59780125613165 -1 -1 -1 -1 -1 -1 -1 -1 1 
67 2 Car -1.000000 -1 -1 1120.7716755055358 138.15540694866948 1260.6820349996515 253.32776262262988 -1 -1 -1 -1 -1 -1 -1 -1 1 
67 1 Car -1.000000 -1 -1 996.0936862627252 151.51235259752033 1158.6960085057028 242.55273708192985 -1 -1 -1 -1 -1 -1 -1 -1 1 
68 2 Car -1.000000 -1 -1 1128.3601773175499 137.92359117640237 1259.4670216788406 255.703961414774 -1 -1 -1 -1 -1 -1 -1 -1 1 
68 1 Car -1.000000 -1 -1 1013.1390233260988 152.3073456598272 1178.636794339772 243.56004717467442 -1 -1 -1 -1 -1 -1 -1 -1 1 
69 2 Car -1.000000 -1 -1 1135.8793284305268 137.81227108796224 1258.4431641503004 258.0637571687655 -1 -1 -1 -1 -1 -1 -1 -1 1 
69 1 Car -1.000000 -1 -1 1029.3285679778307 153.16576987407257 1197.2377836720523 244.57017458971615 -1 -1 -1 -1 -1 -1 -1 -1 1 
70 2 Car -1.000000 -1 -1 1143.5397929365465 137.8003622184131 1257.6466529211696 260.41390152909287 -1 -1 -1 -1 -1 -1 -1 -1 1 
70 1 Car -1.000000 -1 -1 1045.2928204120649 154.0549315300082 1215.2812660086233 245.56821559877326 -1 -1 -1 -1 -1 -1 -1 -1 1 
71 2 Car -1.000000 -1 -1 1147.9669344592996 137.7042385574673 1255.6530758222282 262.81289752975323 -1 -1 -1 -1 -1 -1 -1 -1 1 
71 1 Car -1.000000 -1 -1 1057.9547545494033 153.7729989506742 1229.4761598658033 245.2357525347955 -1 -1 -1 -1 -1 -1 -1 -1 1 
72 2 Car -1.000000 -1 -1 1150.8698569095034 137.5772483747475 1253.601381320045 265.2824699009058 -1 -1 -1 -1 -1 -1 -1 -1 1 
72 1 Car -1.000000 -1 -1 1069.4100645359213 153.0781212467482 1242.077352501939 244.37788964659723 -1 -1 -1 -1 -1 -1 -1 -1 1 
73 2 Car -1.000000 -1 -1 1153.0010157668733 137.44600532149425 1251.827448603469 267.8283395255406 -1 -1 -1 -1 -1 -1 -1 -1 1 
73 1 Car -1.000000 -1 -1 1078.5056656622708 152.2667834634849 1249.2189033553038 243.2969017967028 -1 -1 -1 -1 -1 -1 -1 -1 1 
74 2 Car -1.000000 -1 -1 1154.7198407662786 137.32416127155113 1250.3858544223044 270.4530572719309 -1 -1 -1 -1 -1 -1 -1 -1 1 
74 1 Car -1.000000 -1 -1 1085.4053962528612 152.9522313876768 1252.4783201220673 243.5435894701371 -1 -1 -1 -1 -1 -1 -1 -1 1 
75 2 Car -1.000000 -1 -1 1156.2161890738203 137.21850539468284 1249.2428484587026 273.16015492385714 -1 -1 -1 -1 -1 -1 -1 -1 1 
75 1 Car -1.000000 -1 -1 1091.739970611012 154.2192594433773 1253.9801148378895 244.2529553602536 -1 -1 -1 -1 -1 -1 -1 -1 1 
76 2 Car -1.000000 -1 -1 1154.3067473412584 138.0051165570793 1247.0163349705645 277.12553722599085 -1 -1 -1 -1 -1 -1 -1 -1 1 
76 1 Car -1.000000 -1 -1 1095.683263445058 155.79103062620507 1253.6605442396462 245.04086349427982 -1 -1 -1 -1 -1 -1 -1 -1 1 
77 2 Car -1.000000 -1 -1 1150.6488554778928 139.15066172284747 1244.7769667334262 281.71072812481 -1 -1 -1 -1 -1 -1 -1 -1 1 
77 1 Car -1.000000 -1 -1 1098.642755395965 157.487776708518 1252.7825654399664 245.79319421089573 -1 -1 -1 -1 -1 -1 -1 -1 1 
78 2 Car -1.000000 -1 -1 1145.9713238242857 140.47482535030807 1242.8296574985857 286.6561193337858 -1 -1 -1 -1 -1 -1 -1 -1 1 
78 1 Car -1.000000 -1 -1 1101.179656375659 159.2292595811671 1251.8009308845928 246.4804398793498 -1 -1 -1 -1 -1 -1 -1 -1 1 
79 2 Car -1.000000 -1 -1 1140.618534969642 141.92344596014544 1241.2137174690479 291.8573271859771 -1 -1 -1 -1 -1 -1 -1 -1 1 
79 1 Car -1.000000 -1 -1 1103.523940512545 160.97669758234687 1250.8676406441748 247.10207214005882 -1 -1 -1 -1 -1 -1 -1 -1 1 
80 2 Car -1.000000 -1 -1 1134.7668165631603 143.48446637426179 1239.8870483351216 297.2764425408828 -1 -1 -1 -1 -1 -1 -1 -1 1 
80 1 Car -1.000000 -1 -1 1105.773786237821 162.70970491736992 1250.023983519806 247.66599900959673 -1 -1 -1 -1 -1 -1 -1 -1 1 
81 2 Car -1.000000 -1 -1 1127.8834592441679 142.85851293589593 1238.539769207506 300.7472458924428 -1 -1 -1 -1 -1 -1 -1 -1 1 
81 1 Car -1.000000 -1 -1 1104.0976376083033 164.24217311492123 1246.9546884654858 247.84783019192537 -1 -1 -1 -1 -1 -1 -1 -1 1 
82 2 Car -1.000000 -1 -1 1120.319545418218 141.3428136452324 1237.3280290173777 303.5254078169463 -1 -1 -1 -1 -1 -1 -1 -1 1 
82 1 Car -1.000000 -1 -1 1099.0674857284412 165.68635852264939 1239.2216991848077 247.85549427967194 -1 -1 -1 -1 -1 -1 -1 -1 1 
83 2 Car -1.000000 -1 -1 1112.2313035781358 139.4364936540245 1236.272413286275 306.0895756645554 -1 -1 -1 -1 -1 -1 -1 -1 1 
83 1 Car -1.000000 -1 -1 1091.9586507319993 165.5944199631071 1228.486981610348 246.23287067495028 -1 -1 -1 -1 -1 -1 -1 -1 1 
84 2 Car -1.000000 -1 -1 1103.689381461387 137.32934836712676 1235.3515154981849 308.6233251990177 -1 -1 -1 -1 -1 -1 -1 -1 1 
84 1 Car -1.000000 -1 -1 1084.5018365864287 164.97804225938123 1216.7979977573061 244.03046866161677 -1 -1 -1 -1 -1 -1 -1 -1 1 
85 2 Car -1.000000 -1 -1 1094.7233595916734 135.09066766560687 1234.5350931975306 311.1987822552721 -1 -1 -1 -1 -1 -1 -1 -1 1 
85 1 Car -1.000000 -1 -1 1077.285063604462 164.2153888325387 1204.9692219097612 241.65363976938696 -1 -1 -1 -1 -1 -1 -1 -1 1 
86 2 Car -1.000000 -1 -1 1087.4203615959636 133.48913824054932 1234.6410589064521 314.58223287537896 -1 -1 -1 -1 -1 -1 -1 -1 1 
86 1 Car -1.000000 -1 -1 1066.393065252616 164.1414112208451 1188.785182111173 239.86768728256686 -1 -1 -1 -1 -1 -1 -1 -1 1 
87 2 Car -1.000000 -1 -1 1080.777791421757 132.09436177722003 1234.9364669760291 318.4087358829222 -1 -1 -1 -1 -1 -1 -1 -1 1 
87 1 Car -1.000000 -1 -1 1054.7099396495162 164.35782572428712 1171.4097085596989 238.31545206488744 -1 -1 -1 -1 -1 -1 -1 -1 1 
88 2 Car -1.000000 -1 -1 1074.3520641020093 130.73406357916406 1235.1811842815189 322.5530623672346 -1 -1 -1 -1 -1 -1 -1 -1 1 
88 1 Car -1.000000 -1 -1 1043.254131789395 164.70410133595527 1154.0568467283572 236.8650987169937 -1 -1 -1 -1 -1 -1 -1 -1 1 
89 2 Car -1.000000 -1 -1 1067.9240406331737 129.33656505625032 1235.3123378320538 326.98129683789244 -1 -1 -1 -1 -1 -1 -1 -1 1 
89 1 Car -1.000000 -1 -1 1032.3465921803217 165.11293493701396 1137.182906829049 235.46949256763975 -1 -1 -1 -1 -1 -1 -1 -1 1 
90 2 Car -1.000000 -1 -1 1061.3671861283876 127.86955013579906 1235.3263881909782 331.6948043480494 -1 -1 -1 -1 -1 -1 -1 -1 1 
90 1 Car -1.000000 -1 -1 1022.0544820227861 165.5543186941818 1120.9473385280073 234.11268752180598 -1 -1 -1 -1 -1 -1 -1 -1 1 
91 2 Car -1.000000 -1 -1 1058.5497121467636 126.48734314527482 1236.8482128310418 336.853164749694 -1 -1 -1 -1 -1 -1 -1 -1 1 
91 1 Car -1.000000 -1 -1 1008.7038006792709 166.12962225641806 1101.7093121797816 232.88987892125724 -1 -1 -1 -1 -1 -1 -1 -1 1 
92 2 Car -1.000000 -1 -1 1054.0202223974284 124.96614011543667 1237.1307009560792 342.5752724966568 -1 -1 -1 -1 -1 -1 -1 -1 1 
92 1 Car -1.000000 -1 -1 994.7018118787153 166.7568519602453 1081.9361626100701 231.7295381681462 -1 -1 -1 -1 -1 -1 -1 -1 1 
93 2 Car -1.000000 -1 -1 1046.1054045053497 123.20718178328544 1235.9528607745083 348.94916835417115 -1 -1 -1 -1 -1 -1 -1 -1 1 
93 1 Car -1.000000 -1 -1 980.922597864693 167.40277924595526 1062.538971888071 230.60523317228703 -1 -1 -1 -1 -1 -1 -1 -1 1 
94 2 Car -1.000000 -1 -1 1036.3728700391619 121.23911512602868 1234.4825845671942 355.97731834818535 -1 -1 -1 -1 -1 -1 -1 -1 1 
94 1 Car -1.000000 -1 -1 967.6595663670804 168.05367387015045 1043.832073226928 229.50711911402286 -1 -1 -1 -1 -1 -1 -1 -1 1 
95 2 Car -1.000000 -1 -1 1025.4800738055073 119.01034435244712 1233.0892671639122 363.5298632897585 -1 -1 -1 -1 -1 -1 -1 -1 1 
95 1 Car -1.000000 -1 -1 954.9893212207708 168.7039545416953 1025.901925217392 228.4311103915796 -1 -1 -1 -1 -1 -1 -1 -1 1 
96 2 Car -1.000000 -1 -1 1016.5489178706459 115.7335849608322 1232.856865634829 367.67604931320136 -1 -1 -1 -1 -1 -1 -1 -1 1 
96 1 Car -1.000000 -1 -1 941.2094406222951 170.53644244999234 1007.4059673573826 228.5432969200908 -1 -1 -1 -1 -1 -1 -1 -1 1 
97 2 Car -1.000000 -1 -1 1008.2904413839188 112.33599148703814 1232.9033345729501 370.09555898194986 -1 -1 -1 -1 -1 -1 -1 -1 1 
97 1 Car -1.000000 -1 -1 927.6088906176151 172.75789658254578 989.8686049403725 229.0656342275433 -1 -1 -1 -1 -1 -1 -1 -1 1 
98 2 Car -1.000000 -1 -1 1000.1425452901271 109.02663870906659 1232.93298991763 371.54497190489315 -1 -1 -1 -1 -1 -1 -1 -1 1 
98 1 Car -1.000000 -1 -1 912.2349508552852 173.57726145154086 971.1711998819871 228.2690507278975 -1 -1 -1 -1 -1 -1 -1 -1 1 
99 2 Car -1.000000 -1 -1 991.8329856600575 105.76352171583295 1232.860460881413 372.39194419293324 -1 -1 -1 -1 -1 -1 -1 -1 1 
99 1 Car -1.000000 -1 -1 896.5035482918032 173.85463624404375 952.5900014196362 227.0140822171464 -1 -1 -1 -1 -1 -1 -1 -1 1 
100 2 Car -1.000000 -1 -1 983.2061782630138 102.41991504938193 1232.6712012140435 372.8285782425014 -1 -1 -1 -1 -1 -1 -1 -1 1 
100 1 Car -1.000000 -1 -1 880.9571301690526 173.92027008571966 934.5633422113046 225.62798513361366 -1 -1 -1 -1 -1 -1 -1 -1 1 
101 2 Car -1.000000 -1 -1 977.6384478638133 97.5796589852261 1233.809390268426 372.40955797452693 -1 -1 -1 -1 -1 -1 -1 -1 1 
101 1 Car -1.000000 -1 -1 865.1874758203477 173.71985359722234 916.5943641832354 224.0448361427361 -1 -1 -1 -1 -1 -1 -1 -1 1 
102 2 Car -1.000000 -1 -1 973.4823295912879 91.36276356935483 1235.1379256638666 371.5002720144188 -1 -1 -1 -1 -1 -1 -1 -1 1 
102 1 Car -1.000000 -1 -1 848.5092361247903 173.40980339605395 898.6226140490473 222.44436860963842 -1 -1 -1 -1 -1 -1 -1 -1 1 
103 2 Car -1.000000 -1 -1 970.0547093127229 86.73817307325245 1236.26502574786 371.49029192493515 -1 -1 -1 -1 -1 -1 -1 -1 1 
103 1 Car -1.000000 -1 -1 831.7029867928477 173.04980023703348 881.1910659069279 220.8932582211708 -1 -1 -1 -1 -1 -1 -1 -1 1 
104 2 Car -1.000000 -1 -1 967.0114448713593 84.40019683601491 1237.1139942707878 372.35307044698556 -1 -1 -1 -1 -1 -1 -1 -1 1 
104 1 Car -1.000000 -1 -1 814.6868475384842 172.71034022647646 862.9572156456832 219.4404361129365 -1 -1 -1 -1 -1 -1 -1 -1 1 
105 2 Car -1.000000 -1 -1 964.1418929372236 82.7845850563896 1237.723148848595 373.1521471862277 -1 -1 -1 -1 -1 -1 -1 -1 1 
105 1 Car -1.000000 -1 -1 798.0216804814589 172.38824363529548 844.6858952139097 218.05297915297652 -1 -1 -1 -1 -1 -1 -1 -1 1 
106 2 Car -1.000000 -1 -1 965.8216708231167 82.53230037963166 1239.9628378611267 374.14775563029036 -1 -1 -1 -1 -1 -1 -1 -1 1 
106 1 Car -1.000000 -1 -1 781.6048686221999 172.4683897293351 827.3020154751849 217.18468010585164 -1 -1 -1 -1 -1 -1 -1 -1 1 
107 2 Car -1.000000 -1 -1 970.2426165091766 82.57858119001469 1242.5211175132017 374.86862359975464 -1 -1 -1 -1 -1 -1 -1 -1 1 
107 1 Car -1.000000 -1 -1 765.4298095413789 172.6900891039064 810.6313067711975 216.586895869171 -1 -1 -1 -1 -1 -1 -1 -1 1 
108 2 Car -1.000000 -1 -1 976.7537867533225 82.47793224517423 1245.026350316537 375.24162047555456 -1 -1 -1 -1 -1 -1 -1 -1 1 
108 1 Car -1.000000 -1 -1 749.512825717928 172.93688804932856 794.5660321641132 216.11983593757014 -1 -1 -1 -1 -1 -1 -1 -1 1 
109 2 Car -1.000000 -1 -1 985.2243078520074 82.02849528848478 1247.4504145957349 375.30522731873623 -1 -1 -1 -1 -1 -1 -1 -1 1 
109 1 Car -1.000000 -1 -1 733.8715778540203 173.1706303300047 779.0327551177382 215.72357121486323 -1 -1 -1 -1 -1 -1 -1 -1 1 
110 2 Car -1.000000 -1 -1 995.8158972452161 82.10777454440955 1249.8904113435092 375.55134704386967 -1 -1 -1 -1 -1 -1 -1 -1 1 
110 1 Car -1.000000 -1 -1 717.7992401987487 173.3497262445491 762.6415722336312 215.3178094873987 -1 -1 -1 -1 -1 -1 -1 -1 1 
111 2 Car -1.000000 -1 -1 1014.362947628854 80.93091505154476 1254.7257129638003 375.0743417765706 -1 -1 -1 -1 -1 -1 -1 -1 1 
111 1 Car -1.000000 -1 -1 701.819023251312 173.50273311983068 746.0515161195872 214.91535953211127 -1 -1 -1 -1 -1 -1 -1 -1 1 
112 3 Car -1.000000 -1 -1 840.489285223323 185.63291629807796 951.1322614585525 245.6473097386582 -1 -1 -1 -1 -1 -1 -1 -1 1 
112 2 Car -1.000000 -1 -1 1040.1451331604248 79.18547772841816 1260.804724373927 374.33551566939235 -1 -1 -1 -1 -1 -1 -1 -1 1 
112 1 Car -1.000000 -1 -1 686.1020825939916 173.64221149988424 729.5320235804973 214.519556350733 -1 -1 -1 -1 -1 -1 -1 -1 1 
113 3 Car -1.000000 -1 -1 831.0466142461532 185.1617570201967 942.4052343936703 246.25727272957695 -1 -1 -1 -1 -1 -1 -1 -1 1 
113 2 Car -1.000000 -1 -1 1074.3317716137785 77.21050286673989 1268.164182643749 373.42051032948683 -1 -1 -1 -1 -1 -1 -1 -1 1 
113 1 Car -1.000000 -1 -1 670.6912869123476 173.77395432661007 713.1969538585167 214.13072420377927 -1 -1 -1 -1 -1 -1 -1 -1 1 
114 3 Car -1.000000 -1 -1 821.8831918997066 184.68181502674585 933.9068102302826 246.9246112071576 -1 -1 -1 -1 -1 -1 -1 -1 1 
114 2 Car -1.000000 -1 -1 1119.83425185221 75.3170059517627 1277.537513123766 372.15572949052137 -1 -1 -1 -1 -1 -1 -1 -1 1 
114 1 Car -1.000000 -1 -1 655.5852954978599 173.90074747256895 697.0961060936612 213.74843472688084 -1 -1 -1 -1 -1 -1 -1 -1 1 
115 3 Car -1.000000 -1 -1 813.8176859239176 185.10937439436043 926.826366791668 248.80000872064954 -1 -1 -1 -1 -1 -1 -1 -1 1 
115 1 Car -1.000000 -1 -1 640.7695184942587 174.02395807285146 681.2515911713316 213.3722319638829 -1 -1 -1 -1 -1 -1 -1 -1 1 
116 4 Car -1.000000 -1 -1 -11.247874524856329 180.51019133162796 214.35268700483368 296.9299577550969 -1 -1 -1 -1 -1 -1 -1 -1 1 
116 3 Car -1.000000 -1 -1 805.797056766985 185.83012411322457 919.9729465630389 251.1831987258063 -1 -1 -1 -1 -1 -1 -1 -1 1 
116 1 Car -1.000000 -1 -1 626.227044203423 174.1442379385173 665.6726959991893 213.00181593873114 -1 -1 -1 -1 -1 -1 -1 -1 1 
117 4 Car -1.000000 -1 -1 -14.75792620978335 182.9650332032139 197.29237105910954 304.40996116635534 -1 -1 -1 -1 -1 -1 -1 -1 1 
117 3 Car -1.000000 -1 -1 797.4639996860675 186.65127463400626 912.9378203322834 253.84386581085943 -1 -1 -1 -1 -1 -1 -1 -1 1 
117 1 Car -1.000000 -1 -1 611.942134682942 174.26185508949135 650.3622453308774 212.63705270853671 -1 -1 -1 -1 -1 -1 -1 -1 1 
118 4 Car -1.000000 -1 -1 -18.14851858149578 186.08557447694767 177.04108157192152 312.7683854303139 -1 -1 -1 -1 -1 -1 -1 -1 1 
118 3 Car -1.000000 -1 -1 788.6790141715805 187.5152712075808 905.5683700724978 256.70908566060973 -1 -1 -1 -1 -1 -1 -1 -1 1 
118 1 Car -1.000000 -1 -1 597.1086543785253 174.3763007498243 634.8678861217442 212.35697678620076 -1 -1 -1 -1 -1 -1 -1 -1 1 
119 4 Car -1.000000 -1 -1 -21.485384937390535 190.87739821384105 152.50515044904037 322.2411661848355 -1 -1 -1 -1 -1 -1 -1 -1 1 
119 3 Car -1.000000 -1 -1 779.3698993493718 188.40916126308136 897.7980842006442 259.76218576006085 -1 -1 -1 -1 -1 -1 -1 -1 1 
119 1 Car -1.000000 -1 -1 582.1004177560869 174.47038259295425 619.4745086291223 212.12744840007616 -1 -1 -1 -1 -1 -1 -1 -1 1 
120 5 Car -1.000000 -1 -1 701.0154447727984 186.73723327668665 794.9570083206988 243.63780117766294 -1 -1 -1 -1 -1 -1 -1 -1 1 
120 4 Car -1.000000 -1 -1 -24.17029444652659 195.57650535370072 122.40757281196724 327.81936626309613 -1 -1 -1 -1 -1 -1 -1 -1 1 
120 3 Car -1.000000 -1 -1 771.3673603180545 188.7330338745582 891.3415907892157 262.3511261136971 -1 -1 -1 -1 -1 -1 -1 -1 1 
120 1 Car -1.000000 -1 -1 567.0741040610445 174.54183675392554 604.273673368709 211.9311478802268 -1 -1 -1 -1 -1 -1 -1 -1 1 
121 5 Car -1.000000 -1 -1 689.2833997886856 187.01102987624904 785.7775105046215 245.4778221665493 -1 -1 -1 -1 -1 -1 -1 -1 1 
121 3 Car -1.000000 -1 -1 763.5506440699684 188.84866963922025 885.1268801065261 264.8593922492459 -1 -1 -1 -1 -1 -1 -1 -1 1 
121 1 Car -1.000000 -1 -1 552.0989973974051 174.59327815624025 589.2870374506065 211.7580473482864 -1 -1 -1 -1 -1 -1 -1 -1 1 
122 5 Car -1.000000 -1 -1 677.0187516521353 187.30830056098713 776.1089041085784 247.40602808896423 -1 -1 -1 -1 -1 -1 -1 -1 1 
122 3 Car -1.000000 -1 -1 755.4657471374569 188.89228171428778 878.7411516789359 267.4427369473004 -1 -1 -1 -1 -1 -1 -1 -1 1 
122 1 Car -1.000000 -1 -1 537.2078844146223 174.62844471318985 574.5125958025118 211.60165990857482 -1 -1 -1 -1 -1 -1 -1 -1 1 
123 6 Car -1.000000 -1 -1 619.4501293516087 180.52459030773653 687.0950711705034 227.85116442776032 -1 -1 -1 -1 -1 -1 -1 -1 1 
123 5 Car -1.000000 -1 -1 665.8284697326854 187.06508898157833 767.7534199185785 248.8780433283981 -1 -1 -1 -1 -1 -1 -1 -1 1 
123 3 Car -1.000000 -1 -1 746.9055132641153 188.91545196840667 872.0153133733021 270.1721023329651 -1 -1 -1 -1 -1 -1 -1 -1 1 
123 1 Car -1.000000 -1 -1 522.4173843032465 174.65088408149649 559.9415784434782 211.45747013657774 -1 -1 -1 -1 -1 -1 -1 -1 1 
124 7 Car -1.000000 -1 -1 353.126869020007 181.23252792509044 433.6128294351315 239.55525795869204 -1 -1 -1 -1 -1 -1 -1 -1 1 
124 6 Car -1.000000 -1 -1 605.7770292174014 179.99628305340377 674.8267642154685 228.36858059649956 -1 -1 -1 -1 -1 -1 -1 -1 1 
124 5 Car -1.000000 -1 -1 654.5778820305287 186.64162030609677 759.5108533492911 250.24639909674303 -1 -1 -1 -1 -1 -1 -1 -1 1 
124 3 Car -1.000000 -1 -1 737.7507627476457 188.93807475892868 864.868106344924 273.0878519119619 -1 -1 -1 -1 -1 -1 -1 -1 1 
124 1 Car -1.000000 -1 -1 507.212776491138 174.70607015797407 544.727475843636 211.35555918421846 -1 -1 -1 -1 -1 -1 -1 -1 1 
125 7 Car -1.000000 -1 -1 329.639507664124 181.58839882785054 414.36842372608686 242.33240936131972 -1 -1 -1 -1 -1 -1 -1 -1 1 
125 6 Car -1.000000 -1 -1 591.5589051122652 179.44916931625923 662.0224968678399 228.90467726985938 -1 -1 -1 -1 -1 -1 -1 -1 1 
125 5 Car -1.000000 -1 -1 642.864610950909 186.15543339030793 750.9466937170984 251.63310463753177 -1 -1 -1 -1 -1 -1 -1 -1 1 
125 3 Car -1.000000 -1 -1 730.0137779516981 188.5567762882813 859.55486631076 275.8775719012397 -1 -1 -1 -1 -1 -1 -1 -1 1 
125 1 Car -1.000000 -1 -1 491.93791500699655 174.77167817412627 529.2851406116266 211.27087714293938 -1 -1 -1 -1 -1 -1 -1 -1 1 
126 7 Car -1.000000 -1 -1 305.3648487705053 181.9335865182665 394.5680371993117 245.0892350575457 -1 -1 -1 -1 -1 -1 -1 -1 1 
126 6 Car -1.000000 -1 -1 579.3674453247575 179.12626870640648 651.291523064988 229.76241508202057 -1 -1 -1 -1 -1 -1 -1 -1 1 
126 5 Car -1.000000 -1 -1 630.5203121740648 185.64428510097056 741.875813124491 253.08560698810916 -1 -1 -1 -1 -1 -1 -1 -1 1 
126 3 Car -1.000000 -1 -1 722.3823068495007 187.9996763843927 854.7475777299929 278.7801351749099 -1 -1 -1 -1 -1 -1 -1 -1 1 
126 1 Car -1.000000 -1 -1 476.711576741131 174.8394559818591 513.7851993102735 211.19359403275956 -1 -1 -1 -1 -1 -1 -1 -1 1 
127 8 Car -1.000000 -1 -1 541.8331834295502 180.970842870293 606.1921596264067 222.32863250605655 -1 -1 -1 -1 -1 -1 -1 -1 1 
127 7 Car -1.000000 -1 -1 278.84026792891086 183.4660742166454 374.00812107273316 249.69156146761478 -1 -1 -1 -1 -1 -1 -1 -1 1 
127 6 Car -1.000000 -1 -1 567.4595132549997 178.86511598047153 640.8710496148707 230.7644106133196 -1 -1 -1 -1 -1 -1 -1 -1 1 
127 5 Car -1.000000 -1 -1 617.4507681167547 185.11867066268658 732.1951394041441 254.62670995564739 -1 -1 -1 -1 -1 -1 -1 -1 1 
127 3 Car -1.000000 -1 -1 714.3119892275881 187.35501464604113 849.9106523741546 281.9057052910941 -1 -1 -1 -1 -1 -1 -1 -1 1 
127 1 Car -1.000000 -1 -1 461.569542148545 174.90642028557775 498.30130492371984 211.11984234969415 -1 -1 -1 -1 -1 -1 -1 -1 1 
128 8 Car -1.000000 -1 -1 528.8792224749428 181.15552855286475 594.7058888259822 223.53302273225964 -1 -1 -1 -1 -1 -1 -1 -1 1 
128 7 Car -1.000000 -1 -1 255.4346073547977 185.45690537686517 356.87835268577237 254.87080045783 -1 -1 -1 -1 -1 -1 -1 -1 1 
128 6 Car -1.000000 -1 -1 555.2311731070668 178.61303246923146 630.1484440304903 231.85376201104842 -1 -1 -1 -1 -1 -1 -1 -1 1 
128 5 Car -1.000000 -1 -1 610.6192914066307 185.38889042146167 729.1842173020773 257.28666891064734 -1 -1 -1 -1 -1 -1 -1 -1 1 
128 3 Car -1.000000 -1 -1 710.2099569067796 186.66210821279253 848.969202104443 285.2415022097581 -1 -1 -1 -1 -1 -1 -1 -1 1 
128 1 Car -1.000000 -1 -1 446.51820818589914 174.971522948293 482.867524595886 211.04811954259827 -1 -1 -1 -1 -1 -1 -1 -1 1 
129 10 Car -1.000000 -1 -1 505.2517349504008 184.39410165787152 550.4247141063793 216.47494711690618 -1 -1 -1 -1 -1 -1 -1 -1 1 
129 9 Car -1.000000 -1 -1 286.0854487189814 182.23350955693306 359.5692476282429 244.25893209249566 -1 -1 -1 -1 -1 -1 -1 -1 1 
129 8 Car -1.000000 -1 -1 520.985367429414 181.8725669614247 588.3349692497545 225.23192089591873 -1 -1 -1 -1 -1 -1 -1 -1 1 
129 7 Car -1.000000 -1 -1 231.8917112452808 187.71290920714173 340.13465727715004 260.524579301235 -1 -1 -1 -1 -1 -1 -1 -1 1 
129 6 Car -1.000000 -1 -1 547.1637606562774 179.35080286000942 623.8839384931973 234.0387108748031 -1 -1 -1 -1 -1 -1 -1 -1 1 
129 5 Car -1.000000 -1 -1 605.9048204991004 185.9702523295934 728.6695730141953 260.5527090325606 -1 -1 -1 -1 -1 -1 -1 -1 1 
129 3 Car -1.000000 -1 -1 707.5328573706821 185.9416060025664 849.4731736769012 288.8687766820666 -1 -1 -1 -1 -1 -1 -1 -1 1 
129 1 Car -1.000000 -1 -1 436.9429416815442 175.05326379498885 472.7175945174631 210.9554446988408 -1 -1 -1 -1 -1 -1 -1 -1 1 
130 10 Car -1.000000 -1 -1 499.2320953826116 185.8936047863371 545.051921232436 218.71481074724062 -1 -1 -1 -1 -1 -1 -1 -1 1 
130 9 Car -1.000000 -1 -1 270.6243441414496 185.99414855303425 349.26141430088313 251.47919953695427 -1 -1 -1 -1 -1 -1 -1 -1 1 
130 8 Car -1.000000 -1 -1 514.4222372874337 182.77712828517866 583.3572611663458 227.1166486763119 -1 -1 -1 -1 -1 -1 -1 -1 1 
130 7 Car -1.000000 -1 -1 211.08468160515133 190.12974053626323 326.245725524979 266.47740876526575 -1 -1 -1 -1 -1 -1 -1 -1 1 
130 6 Car -1.000000 -1 -1 540.3457621077654 180.49014044624954 619.0902498860834 236.7123758315654 -1 -1 -1 -1 -1 -1 -1 -1 1 
130 5 Car -1.000000 -1 -1 601.7572354746083 186.69091567657102 729.0814731080325 264.24799626746966 -1 -1 -1 -1 -1 -1 -1 -1 1 
130 3 Car -1.000000 -1 -1 709.5100918726349 186.0506098351275 855.6180115666447 294.23560658602827 -1 -1 -1 -1 -1 -1 -1 -1 1 
130 1 Car -1.000000 -1 -1 429.5098024119769 175.14822121510713 464.5725555054206 210.84748265305473 -1 -1 -1 -1 -1 -1 -1 -1 1 
131 10 Car -1.000000 -1 -1 493.15862814313004 187.48469411509316 539.6484082245245 221.0938206080086 -1 -1 -1 -1 -1 -1 -1 -1 1 
131 9 Car -1.000000 -1 -1 257.0995771415481 187.07157914445997 339.9841972650598 255.30382168780204 -1 -1 -1 -1 -1 -1 -1 -1 1 
131 8 Car -1.000000 -1 -1 508.058219488394 183.71787985268847 578.654474761198 229.08793878379757 -1 -1 -1 -1 -1 -1 -1 -1 1 
131 7 Car -1.000000 -1 -1 190.17010308793945 192.7286595030891 312.65039434535004 272.87108514746683 -1 -1 -1 -1 -1 -1 -1 -1 1 
131 6 Car -1.000000 -1 -1 537.4672181418293 181.29571190784526 618.2041540582588 239.11536846459114 -1 -1 -1 -1 -1 -1 -1 -1 1 
131 5 Car -1.000000 -1 -1 597.5872772141923 187.4954105116597 729.8326494298736 268.3283375804489 -1 -1 -1 -1 -1 -1 -1 -1 1 
131 3 Car -1.000000 -1 -1 713.439738589091 186.4922775277589 864.568194632198 300.8697233146009 -1 -1 -1 -1 -1 -1 -1 -1 1 
131 1 Car -1.000000 -1 -1 422.743959456912 175.2457497690005 457.1097185577933 210.73579099061863 -1 -1 -1 -1 -1 -1 -1 -1 1 
132 10 Car -1.000000 -1 -1 490.76716191513464 188.2635459988955 538.0672848088304 222.6547770958885 -1 -1 -1 -1 -1 -1 -1 -1 1 
132 9 Car -1.000000 -1 -1 243.6078181935772 187.39502428501527 330.48412451155644 258.1439670149178 -1 -1 -1 -1 -1 -1 -1 -1 1 
132 8 Car -1.000000 -1 -1 507.64849736824885 183.71380569529026 579.576228887719 230.1154316528552 -1 -1 -1 -1 -1 -1 -1 -1 1 
132 7 Car -1.000000 -1 -1 172.37856325042372 195.8547455653335 302.78165413294295 280.0256523401184 -1 -1 -1 -1 -1 -1 -1 -1 1 
132 6 Car -1.000000 -1 -1 535.9833513815538 181.9968979967036 618.7244276816268 241.4955726097236 -1 -1 -1 -1 -1 -1 -1 -1 1 
132 5 Car -1.000000 -1 -1 593.1622755887212 188.37170951857314 730.7078951423731 272.80584736617845 -1 -1 -1 -1 -1 -1 -1 -1 1 
132 3 Car -1.000000 -1 -1 718.3801432022856 187.11145465899116 875.3085253694296 308.6975299854073 -1 -1 -1 -1 -1 -1 -1 -1 1 
132 1 Car -1.000000 -1 -1 419.4674850465856 175.2412230900255 453.26952302379516 210.51034489213598 -1 -1 -1 -1 -1 -1 -1 -1 1 
133 11 Car -1.000000 -1 -1 278.5413924549526 190.3829373815413 340.05663678666923 238.5466316922624 -1 -1 -1 -1 -1 -1 -1 -1 1 
133 10 Car -1.000000 -1 -1 489.50295990392334 188.79179816060073 537.7111986012125 223.9628479232019 -1 -1 -1 -1 -1 -1 -1 -1 1 
133 9 Car -1.000000 -1 -1 232.23104735844595 188.79233927012126 323.7352691859678 262.27279494719164 -1 -1 -1 -1 -1 -1 -1 -1 1 
133 8 Car -1.000000 -1 -1 509.43248075785266 183.35589508544638 582.499983604139 230.83026135946312 -1 -1 -1 -1 -1 -1 -1 -1 1 
133 7 Car -1.000000 -1 -1 154.80685122080612 199.34022866937815 293.85674326653066 287.8483183335443 -1 -1 -1 -1 -1 -1 -1 -1 1 
133 6 Car -1.000000 -1 -1 534.9411317602847 182.6796416761512 619.7303566917166 243.95548031290681 -1 -1 -1 -1 -1 -1 -1 -1 1 
133 5 Car -1.000000 -1 -1 593.7090026224669 188.00245779554677 737.0385296257555 276.32080513238526 -1 -1 -1 -1 -1 -1 -1 -1 1 
133 3 Car -1.000000 -1 -1 727.8714964074209 187.7318873145701 890.7269930901555 317.4673056631679 -1 -1 -1 -1 -1 -1 -1 -1 1 
133 1 Car -1.000000 -1 -1 416.0792898007213 175.261360081943 449.47846682255397 210.3636499694435 -1 -1 -1 -1 -1 -1 -1 -1 1 
134 11 Car -1.000000 -1 -1 272.090447391149 190.77477460822172 334.9633633017965 239.87158429309795 -1 -1 -1 -1 -1 -1 -1 -1 1 
134 10 Car -1.000000 -1 -1 488.5351694262096 189.2561320154177 537.7272522431987 225.2102842262111 -1 -1 -1 -1 -1 -1 -1 -1 1 
134 9 Car -1.000000 -1 -1 224.75449387207385 188.34809687731922 320.8542141298478 264.2810592910396 -1 -1 -1 -1 -1 -1 -1 -1 1 
134 8 Car -1.000000 -1 -1 512.0550180654484 182.81880700130074 586.1621882828638 231.4508936371726 -1 -1 -1 -1 -1 -1 -1 -1 1 
134 7 Car -1.000000 -1 -1 139.9392603009648 199.37152269245854 287.7846810541247 291.8969672931741 -1 -1 -1 -1 -1 -1 -1 -1 1 
134 6 Car -1.000000 -1 -1 536.4555185970894 181.52747616058934 623.573136477952 244.71106530924908 -1 -1 -1 -1 -1 -1 -1 -1 1 
134 5 Car -1.000000 -1 -1 596.3033530269687 187.12374921804854 746.012479203103 279.6710000379051 -1 -1 -1 -1 -1 -1 -1 -1 1 
134 3 Car -1.000000 -1 -1 740.2789194332948 188.48092274977878 909.338988338677 327.5429043619116 -1 -1 -1 -1 -1 -1 -1 -1 1 
135 11 Car -1.000000 -1 -1 271.3250954206019 191.04873943855054 335.4533305981713 241.09016217440725 -1 -1 -1 -1 -1 -1 -1 -1 1 
135 10 Car -1.000000 -1 -1 492.52195761372343 187.2697065604353 542.5830099155099 223.87427185926194 -1 -1 -1 -1 -1 -1 -1 -1 1 
135 9 Car -1.000000 -1 -1 219.06351592949653 186.818557166502 319.8308233973294 265.0395651380526 -1 -1 -1 -1 -1 -1 -1 -1 1 
135 8 Car -1.000000 -1 -1 515.0366564476554 182.18941036167206 590.1351846085316 232.0721571509971 -1 -1 -1 -1 -1 -1 -1 -1 1 
135 7 Car -1.000000 -1 -1 125.32083272800456 198.12078704909334 282.41040683321603 294.5510727148519 -1 -1 -1 -1 -1 -1 -1 -1 1 
135 6 Car -1.000000 -1 -1 538.9650055818589 179.58831002199983 628.6762530834066 244.81521514368646 -1 -1 -1 -1 -1 -1 -1 -1 1 
135 5 Car -1.000000 -1 -1 602.5496573624412 185.8565126785182 759.6220051007565 282.99651790861316 -1 -1 -1 -1 -1 -1 -1 -1 1 
135 3 Car -1.000000 -1 -1 760.442495248727 189.10651623358535 940.0773263347689 340.0174187782525 -1 -1 -1 -1 -1 -1 -1 -1 1 
136 11 Car -1.000000 -1 -1 272.27505348970254 191.28943899405812 337.6314990716399 242.32032996839314 -1 -1 -1 -1 -1 -1 -1 -1 1 
136 10 Car -1.000000 -1 -1 498.4447777396683 184.33822859665463 549.3349409398209 221.51488334138708 -1 -1 -1 -1 -1 -1 -1 -1 1 
136 9 Car -1.000000 -1 -1 213.73944137253542 184.88796335691836 319.3586155285359 265.3376205286386 -1 -1 -1 -1 -1 -1 -1 -1 1 
136 8 Car -1.000000 -1 -1 519.5372319406578 180.44198693569797 595.9358048578678 231.59273413209064 -1 -1 -1 -1 -1 -1 -1 -1 1 
136 7 Car -1.000000 -1 -1 109.90068761439862 196.3813137579666 276.91735607768874 296.7494881607429 -1 -1 -1 -1 -1 -1 -1 -1 1 
136 6 Car -1.000000 -1 -1 544.725675279831 177.16435500667748 637.1022349490206 244.54710196271984 -1 -1 -1 -1 -1 -1 -1 -1 1 
136 5 Car -1.000000 -1 -1 610.5968262989468 184.22073807424044 776.1792641846582 286.49728995679305 -1 -1 -1 -1 -1 -1 -1 -1 1 
136 3 Car -1.000000 -1 -1 786.2941434186489 189.75607383688398 981.258679699991 355.4959314849665 -1 -1 -1 -1 -1 -1 -1 -1 1 
137 12 Car -1.000000 -1 -1 436.3687274626569 169.37182103629402 472.42171943113135 208.10887378110584 -1 -1 -1 -1 -1 -1 -1 -1 1 
137 11 Car -1.000000 -1 -1 273.7576632493783 191.52289625283728 340.34664728859696 243.59985345564834 -1 -1 -1 -1 -1 -1 -1 -1 1 
137 10 Car -1.000000 -1 -1 505.1952942280856 180.81571333431606 556.9483639535562 218.63965505322625 -1 -1 -1 -1 -1 -1 -1 -1 1 
137 9 Car -1.000000 -1 -1 208.24528905345514 182.7483049550871 318.98190422211286 265.45940138976493 -1 -1 -1 -1 -1 -1 -1 -1 1 
137 8 Car -1.000000 -1 -1 524.6549897005763 178.22276321301683 602.6125160538708 230.6647354230634 -1 -1 -1 -1 -1 -1 -1 -1 1 
137 7 Car -1.000000 -1 -1 96.31804590088034 196.26903521447886 274.1662080158787 300.96640063471864 -1 -1 -1 -1 -1 -1 -1 -1 1 
137 6 Car -1.000000 -1 -1 551.9878798222671 174.44209812630967 647.1719550918135 244.1194215869854 -1 -1 -1 -1 -1 -1 -1 -1 1 
137 5 Car -1.000000 -1 -1 619.8244708774449 182.16487240876472 795.2717987011057 290.3073911294032 -1 -1 -1 -1 -1 -1 -1 -1 1 
137 3 Car -1.000000 -1 -1 818.8648341809289 186.88580412647377 1033.4464285871877 364.95009719315055 -1 -1 -1 -1 -1 -1 -1 -1 1 
138 12 Car -1.000000 -1 -1 443.83277939064254 168.427646750431 479.59260042663124 206.88339340641488 -1 -1 -1 -1 -1 -1 -1 -1 1 
138 11 Car -1.000000 -1 -1 276.1104433265779 191.6611518737584 344.645306805643 244.99279460061456 -1 -1 -1 -1 -1 -1 -1 -1 1 
138 10 Car -1.000000 -1 -1 513.5703840158146 179.0695193172231 566.2929355909134 217.6316730991355 -1 -1 -1 -1 -1 -1 -1 -1 1 
138 9 Car -1.000000 -1 -1 205.37060788244855 181.5898291716377 321.3739557589163 266.63157213662555 -1 -1 -1 -1 -1 -1 -1 -1 1 
138 8 Car -1.000000 -1 -1 530.0766511486177 175.76761604454555 609.8213173362794 229.53187064433178 -1 -1 -1 -1 -1 -1 -1 -1 1 
138 7 Car -1.000000 -1 -1 82.591102621667 196.83190062031673 272.2921768281466 306.29882602871885 -1 -1 -1 -1 -1 -1 -1 -1 1 
138 6 Car -1.000000 -1 -1 561.1553824707875 173.2094285419755 659.4287612590123 245.35828217135025 -1 -1 -1 -1 -1 -1 -1 -1 1 
138 5 Car -1.000000 -1 -1 631.7129852749365 182.28365903192847 818.7206046855467 297.33865162589007 -1 -1 -1 -1 -1 -1 -1 -1 1 
138 3 Car -1.000000 -1 -1 859.9749743145709 182.63642462728274 1100.6923793813166 370.32567341317497 -1 -1 -1 -1 -1 -1 -1 -1 1 
139 12 Car -1.000000 -1 -1 451.3157719059531 167.49206387391746 486.7825300088902 205.67004439337887 -1 -1 -1 -1 -1 -1 -1 -1 1 
139 11 Car -1.000000 -1 -1 278.7170941844607 191.7706277382202 349.6791104623748 246.4730401186832 -1 -1 -1 -1 -1 -1 -1 -1 1 
139 10 Car -1.000000 -1 -1 522.7496974111093 177.96841733903415 576.5478766025567 217.3458148111592 -1 -1 -1 -1 -1 -1 -1 -1 1 
139 9 Car -1.000000 -1 -1 203.37825299576178 180.79780372994983 324.8426773673917 268.2732798834803 -1 -1 -1 -1 -1 -1 -1 -1 1 
139 8 Car -1.000000 -1 -1 538.0606108470125 175.40344230636856 619.7172126733914 230.624061210538 -1 -1 -1 -1 -1 -1 -1 -1 1 
139 7 Car -1.000000 -1 -1 67.8505403862585 197.71431280573876 270.570213386493 312.45241846141886 -1 -1 -1 -1 -1 -1 -1 -1 1 
139 6 Car -1.000000 -1 -1 571.423013326443 172.52816074830918 673.1182255847141 247.34372863645183 -1 -1 -1 -1 -1 -1 -1 -1 1 
139 5 Car -1.000000 -1 -1 645.6179678108575 183.35548998902004 846.3133825496244 306.53703346151514 -1 -1 -1 -1 -1 -1 -1 -1 1 
139 3 Car -1.000000 -1 -1 909.4861343516588 177.82900280296263 1180.6331855441124 373.1995289841611 -1 -1 -1 -1 -1 -1 -1 -1 1 
140 12 Car -1.000000 -1 -1 461.18558619600384 167.95330720213497 496.3355824829071 205.84412915360622 -1 -1 -1 -1 -1 -1 -1 -1 1 
140 11 Car -1.000000 -1 -1 281.4019174231117 191.88087483393213 355.13830758414673 248.02869925386545 -1 -1 -1 -1 -1 -1 -1 -1 1 
140 10 Car -1.000000 -1 -1 532.1477269402326 179.70511646897955 586.9840559889435 219.92849748264246 -1 -1 -1 -1 -1 -1 -1 -1 1 
140 9 Car -1.000000 -1 -1 200.95472222420295 181.06584161782268 328.36547817303534 271.2670407245556 -1 -1 -1 -1 -1 -1 -1 -1 1 
140 8 Car -1.000000 -1 -1 547.3025137638367 175.8571357823142 631.0282514045125 232.66401686292798 -1 -1 -1 -1 -1 -1 -1 -1 1 
140 7 Car -1.000000 -1 -1 51.623728572654144 198.7904201384422 268.7051243540244 319.3771550437515 -1 -1 -1 -1 -1 -1 -1 -1 1 
140 6 Car -1.000000 -1 -1 582.5310995948266 172.03793083149876 688.0385247650047 249.73701247900723 -1 -1 -1 -1 -1 -1 -1 -1 1 
140 5 Car -1.000000 -1 -1 661.519185469108 184.96255486484944 878.6287961384479 317.7360461106837 -1 -1 -1 -1 -1 -1 -1 -1 1 
140 3 Car -1.000000 -1 -1 951.3275914579943 175.7235509900308 1226.844774521156 374.8045303308605 -1 -1 -1 -1 -1 -1 -1 -1 1 
141 13 Car -1.000000 -1 -1 321.3431093572281 187.44243487960128 379.73252121243996 230.8074492656322 -1 -1 -1 -1 -1 -1 -1 -1 1 
141 12 Car -1.000000 -1 -1 471.7019316357599 168.85579318005082 506.52661818127643 206.4587524133216 -1 -1 -1 -1 -1 -1 -1 -1 1 
141 11 Car -1.000000 -1 -1 284.13518327455733 192.00469985552166 360.9125764719978 249.65705625334112 -1 -1 -1 -1 -1 -1 -1 -1 1 
141 10 Car -1.000000 -1 -1 541.8376208720466 182.47131536902964 597.7311883855881 223.65821689768188 -1 -1 -1 -1 -1 -1 -1 -1 1 
141 9 Car -1.000000 -1 -1 198.16824377897473 181.74419257752857 332.00110797773067 274.96467004396163 -1 -1 -1 -1 -1 -1 -1 -1 1 
141 8 Car -1.000000 -1 -1 557.3354609076533 176.6489713939299 643.320940096026 235.17221849129623 -1 -1 -1 -1 -1 -1 -1 -1 1 
141 7 Car -1.000000 -1 -1 33.55417196945206 200.02457951011934 266.55942510943237 327.1313462112897 -1 -1 -1 -1 -1 -1 -1 -1 1 
141 6 Car -1.000000 -1 -1 593.3030836240197 172.2025250038743 703.1139760649247 253.16133911409355 -1 -1 -1 -1 -1 -1 -1 -1 1 
141 5 Car -1.000000 -1 -1 679.7073882672059 187.0107680450795 916.8010044084149 331.20689641267046 -1 -1 -1 -1 -1 -1 -1 -1 1 
141 3 Car -1.000000 -1 -1 993.7225904773712 174.77836716316858 1255.3974063453165 375.7541659967835 -1 -1 -1 -1 -1 -1 -1 -1 1 
142 13 Car -1.000000 -1 -1 326.41893394122224 188.03133074334897 386.8542524294851 232.45681848732335 -1 -1 -1 -1 -1 -1 -1 -1 1 
142 12 Car -1.000000 -1 -1 481.66625919600733 169.2158172808408 516.1743746685037 206.53867983876168 -1 -1 -1 -1 -1 -1 -1 -1 1 
142 11 Car -1.000000 -1 -1 286.93252707751424 192.1472672595764 366.96801098713115 251.36085439056362 -1 -1 -1 -1 -1 -1 -1 -1 1 
142 10 Car -1.000000 -1 -1 551.0297852580941 181.68173795224826 608.0977670363802 223.80442166956513 -1 -1 -1 -1 -1 -1 -1 -1 1 
142 9 Car -1.000000 -1 -1 195.03799605793688 182.53604679508024 335.7848586038265 279.1190696961945 -1 -1 -1 -1 -1 -1 -1 -1 1 
142 8 Car -1.000000 -1 -1 568.0144096368832 177.60187304759415 656.4858862550362 237.97534691426188 -1 -1 -1 -1 -1 -1 -1 -1 1 
142 7 Car -1.000000 -1 -1 12.308902794204911 200.87801081398135 262.3362466261592 335.2893801196387 -1 -1 -1 -1 -1 -1 -1 -1 1 
142 6 Car -1.000000 -1 -1 604.4692785354488 172.6329422995573 719.1589144874812 257.2471956800871 -1 -1 -1 -1 -1 -1 -1 -1 1 
142 5 Car -1.000000 -1 -1 700.6845116268341 189.40256416970672 962.5795850574893 347.4807824896758 -1 -1 -1 -1 -1 -1 -1 -1 1 
142 3 Car -1.000000 -1 -1 1039.8778149351365 174.4280992368789 1274.2606431114614 376.2709889114775 -1 -1 -1 -1 -1 -1 -1 -1 1 
143 13 Car -1.000000 -1 -1 331.694370845355 188.65959419236742 394.23251092518365 234.15161180481482 -1 -1 -1 -1 -1 -1 -1 -1 1 
143 12 Car -1.000000 -1 -1 491.31805293277733 169.37128638612214 525.5182962935007 206.42046966488536 -1 -1 -1 -1 -1 -1 -1 -1 1 
143 11 Car -1.000000 -1 -1 289.82129501406325 192.3103476881813 373.3014620920932 253.14602071429164 -1 -1 -1 -1 -1 -1 -1 -1 1 
143 10 Car -1.000000 -1 -1 560.2919108603556 181.83123853660885 618.6837647365581 224.98346795457496 -1 -1 -1 -1 -1 -1 -1 -1 1 
143 9 Car -1.000000 -1 -1 189.72751530261647 182.45722709240545 338.01040582443034 282.5912004841818 -1 -1 -1 -1 -1 -1 -1 -1 1 
143 8 Car -1.000000 -1 -1 579.3202261751443 178.65445017453138 670.5431147181404 241.01884053092246 -1 -1 -1 -1 -1 -1 -1 -1 1 
143 7 Car -1.000000 -1 -1 0.8317576984774178 201.82236251780438 261.51890280213377 343.6734369921592 -1 -1 -1 -1 -1 -1 -1 -1 1 
143 6 Car -1.000000 -1 -1 616.3873481620243 173.19025521216332 736.6384955236969 261.8907150075192 -1 -1 -1 -1 -1 -1 -1 -1 1 
143 5 Car -1.000000 -1 -1 723.1525366524545 190.15744611944115 1015.472987685323 362.0145266911859 -1 -1 -1 -1 -1 -1 -1 -1 1 
143 3 Car -1.000000 -1 -1 1097.1382173033496 174.57325334067752 1290.023337885101 376.42054466395473 -1 -1 -1 -1 -1 -1 -1 -1 1 
144 13 Car -1.000000 -1 -1 336.1200148321522 188.20036243330657 400.4317733214837 234.63780780003856 -1 -1 -1 -1 -1 -1 -1 -1 1 
144 12 Car -1.000000 -1 -1 500.754050641999 169.4475981803419 534.6551092062706 206.22857393215224 -1 -1 -1 -1 -1 -1 -1 -1 1 
144 11 Car -1.000000 -1 -1 291.1025716989768 191.66230287756557 378.1942252929157 254.15537399279268 -1 -1 -1 -1 -1 -1 -1 -1 1 
144 10 Car -1.000000 -1 -1 569.8474385589374 182.31301265768423 629.7223053138131 226.60851593133873 -1 -1 -1 -1 -1 -1 -1 -1 1 
144 9 Car -1.000000 -1 -1 183.19483990796792 181.96875093125684 339.67632974474895 285.9294493315178 -1 -1 -1 -1 -1 -1 -1 -1 1 
144 8 Car -1.000000 -1 -1 589.4396364044569 178.42529767832713 683.6929989497519 242.97092529646318 -1 -1 -1 -1 -1 -1 -1 -1 1 
144 7 Car -1.000000 -1 -1 -6.0140752921915634 203.03023314553346 260.66544245235946 352.9411039952163 -1 -1 -1 -1 -1 -1 -1 -1 1 
144 6 Car -1.000000 -1 -1 629.2860918435254 173.83163453116103 755.9182581059431 267.1002133820974 -1 -1 -1 -1 -1 -1 -1 -1 1 
144 5 Car -1.000000 -1 -1 750.0776912433612 188.35633305382578 1080.3031704873522 369.8591603464573 -1 -1 -1 -1 -1 -1 -1 -1 1 
145 13 Car -1.000000 -1 -1 340.4495659806721 187.37146529344434 406.37333947727575 234.72329743841934 -1 -1 -1 -1 -1 -1 -1 -1 1 
145 12 Car -1.000000 -1 -1 509.74979784684047 168.39672331584694 543.3779850254011 204.93083302409514 -1 -1 -1 -1 -1 -1 -1 -1 1 
145 11 Car -1.000000 -1 -1 291.7881639955048 190.68388361491756 382.66872889766734 254.8885530689794 -1 -1 -1 -1 -1 -1 -1 -1 1 
145 10 Car -1.000000 -1 -1 579.809100912404 182.92785789377663 641.3352632085042 228.47606767290276 -1 -1 -1 -1 -1 -1 -1 -1 1 
145 9 Car -1.000000 -1 -1 175.3391442397145 180.776532420141 340.8945978211773 288.98412365171083 -1 -1 -1 -1 -1 -1 -1 -1 1 
145 8 Car -1.000000 -1 -1 599.4980151451563 177.650852119261 697.1115406603727 244.57847756015303 -1 -1 -1 -1 -1 -1 -1 -1 1 
145 7 Car -1.000000 -1 -1 -10.48885755090329 204.60826205764516 258.6975881181866 363.58332105537755 -1 -1 -1 -1 -1 -1 -1 -1 1 
145 6 Car -1.000000 -1 -1 643.3629630618167 174.55210729219854 777.3701219908324 272.9399342283852 -1 -1 -1 -1 -1 -1 -1 -1 1 
145 5 Car -1.000000 -1 -1 783.3350322705007 186.4706052550836 1163.7436461897742 374.3528860270924 -1 -1 -1 -1 -1 -1 -1 -1 1 
146 13 Car -1.000000 -1 -1 343.9415836970677 185.96348720226192 411.96770778241114 234.31137923248795 -1 -1 -1 -1 -1 -1 -1 -1 1 
146 12 Car -1.000000 -1 -1 518.5113529523614 166.93930646559443 551.8862531347511 203.24158598102827 -1 -1 -1 -1 -1 -1 -1 -1 1 
146 11 Car -1.000000 -1 -1 292.2667855905345 189.55261382041635 387.1255859750428 255.53929528901836 -1 -1 -1 -1 -1 -1 -1 -1 1 
146 10 Car -1.000000 -1 -1 590.2477983364956 183.6078871295419 653.6071036142491 230.51485100826488 -1 -1 -1 -1 -1 -1 -1 -1 1 
146 9 Car -1.000000 -1 -1 166.41756019814432 179.21530689088735 341.9710016409458 292.11904098750676 -1 -1 -1 -1 -1 -1 -1 -1 1 
146 8 Car -1.000000 -1 -1 609.970453051483 176.60794506273243 711.3325722104482 246.13418728131097 -1 -1 -1 -1 -1 -1 -1 -1 1 
146 7 Car -1.000000 -1 -1 -13.207234736634632 203.61180236989432 254.88469626195456 369.30792112174856 -1 -1 -1 -1 -1 -1 -1 -1 1 
146 6 Car -1.000000 -1 -1 656.6717021211321 173.81924366558852 799.1636489773318 277.9863914450646 -1 -1 -1 -1 -1 -1 -1 -1 1 
146 5 Car -1.000000 -1 -1 799.5414784525257 185.62079464270158 1208.263799881626 376.62504923923785 -1 -1 -1 -1 -1 -1 -1 -1 1 
147 13 Car -1.000000 -1 -1 347.2035690088016 184.32100943178602 417.67826467157187 233.70470312026117 -1 -1 -1 -1 -1 -1 -1 -1 1 
147 12 Car -1.000000 -1 -1 527.0595506634941 166.077689894427 560.1971738969926 202.1615176627081 -1 -1 -1 -1 -1 -1 -1 -1 1 
147 11 Car -1.000000 -1 -1 290.46580282343297 188.45085580324888 389.84769921031926 256.4284417756918 -1 -1 -1 -1 -1 -1 -1 -1 1 
147 10 Car -1.000000 -1 -1 599.9993224145279 181.19799154085226 665.3220755782658 229.44313362115977 -1 -1 -1 -1 -1 -1 -1 -1 1 
147 9 Car -1.000000 -1 -1 156.45620769859056 177.40106053577188 343.01366987427355 295.4968114180273 -1 -1 -1 -1 -1 -1 -1 -1 1 
147 8 Car -1.000000 -1 -1 621.0896150209446 175.3958200772058 726.6580036620553 247.75861846192865 -1 -1 -1 -1 -1 -1 -1 -1 1 
147 7 Car -1.000000 -1 -1 -16.12613253417436 202.43097596931864 246.41209565490038 372.64318726344277 -1 -1 -1 -1 -1 -1 -1 -1 1 
147 6 Car -1.000000 -1 -1 670.5935344947466 172.3947043541278 822.9595350809127 283.1259400009852 -1 -1 -1 -1 -1 -1 -1 -1 1 
147 5 Car -1.000000 -1 -1 815.5792728893166 185.4775292051604 1235.3008764812316 377.90036480751735 -1 -1 -1 -1 -1 -1 -1 -1 1 
148 13 Car -1.000000 -1 -1 350.47772409478097 182.56249601199565 423.6633752044493 233.0063408398431 -1 -1 -1 -1 -1 -1 -1 -1 1 
148 12 Car -1.000000 -1 -1 535.465972154277 165.4451389673734 568.3790674503024 201.32020917009226 -1 -1 -1 -1 -1 -1 -1 -1 1 
148 11 Car -1.000000 -1 -1 287.6111009439153 187.31152758809748 392.0226479323578 257.47453129333036 -1 -1 -1 -1 -1 -1 -1 -1 1 
148 10 Car -1.000000 -1 -1 609.8319244738501 177.29163184425556 677.3042850405865 226.98841207928757 -1 -1 -1 -1 -1 -1 -1 -1 1 
148 9 Car -1.000000 -1 -1 141.61309723377803 177.46292124091903 340.95914984458534 301.58685315729963 -1 -1 -1 -1 -1 -1 -1 -1 1 
148 8 Car -1.000000 -1 -1 633.0033669971104 174.04397483790007 743.3184666757139 249.50847626643952 -1 -1 -1 -1 -1 -1 -1 -1 1 
148 7 Car -1.000000 -1 -1 -18.851586955246944 201.60690790167075 234.53839228991887 374.7401065980372 -1 -1 -1 -1 -1 -1 -1 -1 1 
148 6 Car -1.000000 -1 -1 685.9925237113288 170.53332246931092 850.0093618260627 288.77821793789303 -1 -1 -1 -1 -1 -1 -1 -1 1 
148 5 Car -1.000000 -1 -1 834.264867572897 185.8030144166412 1252.6356010016257 378.6709145680238 -1 -1 -1 -1 -1 -1 -1 -1 1 
149 13 Car -1.000000 -1 -1 350.8327907891469 182.85182259016642 426.5128968609598 234.52816115291768 -1 -1 -1 -1 -1 -1 -1 -1 1 
149 12 Car -1.000000 -1 -1 543.7595968478546 164.90236802313146 576.4587175351325 200.57592983888767 -1 -1 -1 -1 -1 -1 -1 -1 1 
149 11 Car -1.000000 -1 -1 283.24149421713383 187.93092140120288 393.0787173267309 260.65213263747984 -1 -1 -1 -1 -1 -1 -1 -1 1 
149 10 Car -1.000000 -1 -1 618.1671084155054 176.98951041409848 687.8812809397829 228.2735101371587 -1 -1 -1 -1 -1 -1 -1 -1 1 
149 9 Car -1.000000 -1 -1 123.43212022848371 178.31352550082596 337.5030686938762 309.35953173924315 -1 -1 -1 -1 -1 -1 -1 -1 1 
149 8 Car -1.000000 -1 -1 643.3166291289722 174.30657905261543 759.0687761975773 253.2712896465754 -1 -1 -1 -1 -1 -1 -1 -1 1 
149 7 Car -1.000000 -1 -1 -21.406388957725653 201.26636171706113 219.63669358228836 376.1363364745067 -1 -1 -1 -1 -1 -1 -1 -1 1 
149 6 Car -1.000000 -1 -1 700.9952805401408 171.1107199120546 878.7244864294469 298.1406465368902 -1 -1 -1 -1 -1 -1 -1 -1 1 
149 5 Car -1.000000 -1 -1 860.3746172385368 186.60493271558914 1265.8640623902375 379.2153311203274 -1 -1 -1 -1 -1 -1 -1 -1 1 
150 13 Car -1.000000 -1 -1 350.1435769971912 183.93054735367897 428.1965858994829 237.00172976902624 -1 -1 -1 -1 -1 -1 -1 -1 1 
150 12 Car -1.000000 -1 -1 551.9529368969353 164.39649368535055 584.4471187248686 199.87415071794697 -1 -1 -1 -1 -1 -1 -1 -1 1 
150 11 Car -1.000000 -1 -1 278.0374719018089 189.26635412533142 393.72770618377433 264.9021030336236 -1 -1 -1 -1 -1 -1 -1 -1 1 
150 10 Car -1.000000 -1 -1 626.2592746058906 178.14285400725433 698.3595197552202 231.15442237170643 -1 -1 -1 -1 -1 -1 -1 -1 1 
150 9 Car -1.000000 -1 -1 102.23355458022377 179.5690316862227 333.2206941844869 318.53924907436203 -1 -1 -1 -1 -1 -1 -1 -1 1 
150 8 Car -1.000000 -1 -1 653.5462814160029 175.25912686853735 775.5254258199062 258.154855416067 -1 -1 -1 -1 -1 -1 -1 -1 1 
150 7 Car -1.000000 -1 -1 -23.946705181068424 201.40672500607388 201.621481246183 377.11078045800537 -1 -1 -1 -1 -1 -1 -1 -1 1 
150 6 Car -1.000000 -1 -1 717.2413788249339 172.85927166526216 911.4195764210676 310.253815828484 -1 -1 -1 -1 -1 -1 -1 -1 1 
150 5 Car -1.000000 -1 -1 897.72618242121 187.93395189238262 1278.0987206700963 379.71424842145075 -1 -1 -1 -1 -1 -1 -1 -1 1 
151 13 Car -1.000000 -1 -1 349.0941979430583 185.33291743019714 429.46677850845566 239.95626062774562 -1 -1 -1 -1 -1 -1 -1 -1 1 
151 12 Car -1.000000 -1 -1 558.237174953606 165.15036179524714 590.5670441001989 200.47214383141028 -1 -1 -1 -1 -1 -1 -1 -1 1 
151 11 Car -1.000000 -1 -1 272.2244484848109 190.9349342387533 394.2387228021924 269.8445768913556 -1 -1 -1 -1 -1 -1 -1 -1 1 
151 10 Car -1.000000 -1 -1 634.6157241415727 179.9401608795718 709.296324515099 234.82762848955178 -1 -1 -1 -1 -1 -1 -1 -1 1 
151 9 Car -1.000000 -1 -1 74.50769794867868 181.21365758653133 325.5691989023578 329.3432293310335 -1 -1 -1 -1 -1 -1 -1 -1 1 
151 8 Car -1.000000 -1 -1 664.3563530574392 176.56690215313853 793.4882008475155 263.8745253172998 -1 -1 -1 -1 -1 -1 -1 -1 1 
151 7 Car -1.000000 -1 -1 -26.674179026611284 201.9985927765689 180.09338076788066 377.8287139346221 -1 -1 -1 -1 -1 -1 -1 -1 1 
151 6 Car -1.000000 -1 -1 733.91547405201 174.44911332043924 947.9898365621552 324.0992341481973 -1 -1 -1 -1 -1 -1 -1 -1 1 
151 5 Car -1.000000 -1 -1 951.7208104641272 190.31365810774628 1291.9155077709747 380.5861279020927 -1 -1 -1 -1 -1 -1 -1 -1 1 
152 13 Car -1.000000 -1 -1 347.9252462386131 186.89129189641798 430.6149760299288 243.22350422451277 -1 -1 -1 -1 -1 -1 -1 -1 1 
152 12 Car -1.000000 -1 -1 563.7821610003389 166.36708248436315 595.9762676895407 201.56030868548578 -1 -1 -1 -1 -1 -1 -1 -1 1 
152 11 Car -1.000000 -1 -1 264.2201095750642 193.02505148598064 393.3107467393617 275.6571897565947 -1 -1 -1 -1 -1 -1 -1 -1 1 
152 10 Car -1.000000 -1 -1 643.4583285365491 181.98019940923874 720.9740267606794 238.96671536113163 -1 -1 -1 -1 -1 -1 -1 -1 1 
152 9 Car -1.000000 -1 -1 41.10416767407088 183.2043158706108 315.9161365019321 341.9452070489242 -1 -1 -1 -1 -1 -1 -1 -1 1 
152 8 Car -1.000000 -1 -1 674.4987067607184 178.19645938953465 811.6840944530346 270.4555671007466 -1 -1 -1 -1 -1 -1 -1 -1 1 
152 7 Car -1.000000 -1 -1 -31.373061579680353 203.8906461791772 150.41030351376736 378.88036904424723 -1 -1 -1 -1 -1 -1 -1 -1 1 
152 6 Car -1.000000 -1 -1 752.6477668239245 176.22355399871986 991.3111004948807 340.6296137168336 -1 -1 -1 -1 -1 -1 -1 -1 1 
153 13 Car -1.000000 -1 -1 346.71321193691693 188.5503458372028 431.7572228004869 246.75150292298142 -1 -1 -1 -1 -1 -1 -1 -1 1 
153 12 Car -1.000000 -1 -1 569.0355358071121 167.74507369521464 601.1140089969578 202.82821106077236 -1 -1 -1 -1 -1 -1 -1 -1 1 
153 11 Car -1.000000 -1 -1 254.80151068984247 195.37873990539472 391.76644146577763 282.2043007858684 -1 -1 -1 -1 -1 -1 -1 -1 1 
153 10 Car -1.000000 -1 -1 652.9101784300424 184.1200171930662 733.574715194633 243.48538080710006 -1 -1 -1 -1 -1 -1 -1 -1 1 
153 9 Car -1.000000 -1 -1 16.954350797097646 184.94958596011702 310.0542047332135 355.49874783236646 -1 -1 -1 -1 -1 -1 -1 -1 1 
153 8 Car -1.000000 -1 -1 685.0868008265163 180.10188317247008 831.4698041149206 277.9509892481968 -1 -1 -1 -1 -1 -1 -1 -1 1 
153 6 Car -1.000000 -1 -1 774.9093656426801 177.33010513967378 1044.1674314626425 357.9790580677101 -1 -1 -1 -1 -1 -1 -1 -1 1 
