0 5 Car -1.000000 -1 -1 1129.1422579999999 162.748587 1241.0 223.323419 -1 -1 -1 -1 -1 -1 -1 -1 1 
0 4 Car -1.000000 -1 -1 921.068422 145.712526 1060.314957 202.897418 -1 -1 -1 -1 -1 -1 -1 -1 1 
0 3 Car -1.000000 -1 -1 805.735819 161.72116 960.5976839999998 251.71256999999997 -1 -1 -1 -1 -1 -1 -1 -1 1 
0 2 Car -1.000000 -1 -1 430.196368 171.98233799999997 576.969874 221.354576 -1 -1 -1 -1 -1 -1 -1 -1 1 
0 1 Car -1.000000 -1 -1 70.36612200000002 182.845934 271.944034 250.692143 -1 -1 -1 -1 -1 -1 -1 -1 1 
1 5 Car -1.000000 -1 -1 1171.17023948406 166.22797105521113 1246.497746165261 219.1460426673218 -1 -1 -1 -1 -1 -1 -1 -1 1 
1 4 Car -1.000000 -1 -1 914.7870403152613 144.66794565176207 1057.4016741408916 203.4285306385895 -1 -1 -1 -1 -1 -1 -1 -1 1 
1 3 Car -1.000000 -1 -1 830.5941627305831 159.9165823072934 991.2263446658412 252.2131599482 -1 -1 -1 -1 -1 -1 -1 -1 1 
1 2 Car -1.000000 -1 -1 398.76511035144324 170.75227746333422 553.4745582706103 222.71847216780844 -1 -1 -1 -1 -1 -1 -1 -1 1 
1 1 Car -1.000000 -1 -1 -0.06382955165334181 182.32107544934377 220.61249232192898 256.712446609985 -1 -1 -1 -1 -1 -1 -1 -1 1 
2 7 Car -1.000000 -1 -1 1226.839347 161.65868799999998 1241.0 221.045976 -1 -1 -1 -1 -1 -1 -1 -1 1 
2 6 Car -1.000000 -1 -1 1205.312554 149.68983100000003 1241.0 194.16953 -1 -1 -1 -1 -1 -1 -1 -1 1 
2 4 Car -1.000000 -1 -1 908.186636396636 143.57178864938595 1054.2859742847154 203.98804376161047 -1 -1 -1 -1 -1 -1 -1 -1 1 
2 3 Car -1.000000 -1 -1 856.3568743298763 158.06553854965685 1023.1580065751218 252.6944981684326 -1 -1 -1 -1 -1 -1 -1 -1 1 
2 2 Car -1.000000 -1 -1 364.21615667603146 169.42643152381018 527.693638522834 224.2157994142835 -1 -1 -1 -1 -1 -1 -1 -1 1 
2 1 Car -1.000000 -1 -1 -15.426959050097253 184.35823706905362 172.14920844372108 255.58949098275363 -1 -1 -1 -1 -1 -1 -1 -1 1 
3 4 Car -1.000000 -1 -1 897.755600525682 141.88522017713242 1047.4587675969017 204.06272062271816 -1 -1 -1 -1 -1 -1 -1 -1 1 
3 3 Car -1.000000 -1 -1 883.0252127277306 156.1768862317686 1056.4647026673833 253.14666410563194 -1 -1 -1 -1 -1 -1 -1 -1 1 
3 2 Car -1.000000 -1 -1 326.126055836584 167.99367661490882 499.3736015958099 225.86633848307653 -1 -1 -1 -1 -1 -1 -1 -1 1 
3 1 Car -1.000000 -1 -1 -23.852038697354686 188.36990999186006 111.70162713772672 251.5026201893498 -1 -1 -1 -1 -1 -1 -1 -1 1 
4 4 Car -1.000000 -1 -1 886.1274266772766 140.0071465495899 1039.567707932605 204.05355707928652 -1 -1 -1 -1 -1 -1 -1 -1 1 
4 3 Car -1.000000 -1 -1 910.6381193839694 154.2527630301406 1091.265454622534 253.56420272196453 -1 -1 -1 -1 -1 -1 -1 -1 1 
4 2 Car -1.000000 -1 -1 281.53534043160124 167.04067377795133 466.1944797364284 228.46968122214145 -1 -1 -1 -1 -1 -1 -1 -1 1 
5 6 Car -1.000000 -1 -1 1198.2158047083353 150.6623838476685 1239.8928369548635 199.91049907510288 -1 -1 -1 -1 -1 -1 -1 -1 1 
5 4 Car -1.000000 -1 -1 870.4054118967051 140.30203795430523 1027.1664418808186 206.13453364331568 -1 -1 -1 -1 -1 -1 -1 -1 1 
5 3 Car -1.000000 -1 -1 939.2746751014205 152.29148025000487 1127.718460472366 253.94347761004988 -1 -1 -1 -1 -1 -1 -1 -1 1 
5 2 Car -1.000000 -1 -1 230.7599466340114 166.01700822925753 428.73875193378797 231.57197315071645 -1 -1 -1 -1 -1 -1 -1 -1 1 
6 6 Car -1.000000 -1 -1 1191.414530976601 152.03132078448658 1238.8294438725127 203.76941425375355 -1 -1 -1 -1 -1 -1 -1 -1 1 
6 4 Car -1.000000 -1 -1 852.9138175825996 141.28199797059546 1012.8836842649192 208.94010056747004 -1 -1 -1 -1 -1 -1 -1 -1 1 
6 3 Car -1.000000 -1 -1 969.0157222772352 150.28896560517282 1165.9852981986176 254.2834729306483 -1 -1 -1 -1 -1 -1 -1 -1 1 
6 2 Car -1.000000 -1 -1 171.20441523280232 166.73554074913105 385.39424038762144 237.2226817028413 -1 -1 -1 -1 -1 -1 -1 -1 1 
7 6 Car -1.000000 -1 -1 1181.252630681396 153.0501966107758 1237.1463540616305 207.19039600035228 -1 -1 -1 -1 -1 -1 -1 -1 1 
7 4 Car -1.000000 -1 -1 834.265866655833 142.51552720995537 997.462201382217 212.08232741619074 -1 -1 -1 -1 -1 -1 -1 -1 1 
7 3 Car -1.000000 -1 -1 997.1373665857992 149.995944236953 1201.210923535809 255.68243924747622 -1 -1 -1 -1 -1 -1 -1 -1 1 
7 2 Car -1.000000 -1 -1 101.72158236289434 168.20818085793988 335.57342982536784 244.51654941640246 -1 -1 -1 -1 -1 -1 -1 -1 1 
8 6 Car -1.000000 -1 -1 1169.5426857931413 154.2756930465438 1235.596798916774 210.2471245422009 -1 -1 -1 -1 -1 -1 -1 -1 1 
8 4 Car -1.000000 -1 -1 811.0053367890722 144.29775978715276 977.6037633978716 215.93504055342055 -1 -1 -1 -1 -1 -1 -1 -1 1 
8 3 Car -1.000000 -1 -1 1025.2521266176022 150.3445300153172 1235.816290396956 257.4168445307911 -1 -1 -1 -1 -1 -1 -1 -1 1 
8 2 Car -1.000000 -1 -1 20.34387837763407 168.96225598891226 277.53773750960056 252.27959427661546 -1 -1 -1 -1 -1 -1 -1 -1 1 
9 6 Car -1.000000 -1 -1 1151.574076030296 153.9281491423409 1232.6294109614382 211.5690324982772 -1 -1 -1 -1 -1 -1 -1 -1 1 
9 4 Car -1.000000 -1 -1 783.5302098038476 144.52525449740259 953.5657415448211 218.320716432541 -1 -1 -1 -1 -1 -1 -1 -1 1 
9 3 Car -1.000000 -1 -1 1048.4974629939275 151.46533818986583 1254.4480367628921 258.7327742127849 -1 -1 -1 -1 -1 -1 -1 -1 1 
9 2 Car -1.000000 -1 -1 -21.783755247070104 170.0115314020316 225.52058033891493 256.3353653257749 -1 -1 -1 -1 -1 -1 -1 -1 1 
10 6 Car -1.000000 -1 -1 1130.4879456246244 153.3128144653247 1229.79080782268 212.08004460339905 -1 -1 -1 -1 -1 -1 -1 -1 1 
10 4 Car -1.000000 -1 -1 751.996631744505 144.8597393910732 925.4906853890674 220.95590778926842 -1 -1 -1 -1 -1 -1 -1 -1 1 
10 3 Car -1.000000 -1 -1 1066.15014314127 153.32696093842517 1262.4432021409618 260.29081083020384 -1 -1 -1 -1 -1 -1 -1 -1 1 
10 2 Car -1.000000 -1 -1 -47.29891205808387 171.633219253483 164.61846598874382 258.26524231865955 -1 -1 -1 -1 -1 -1 -1 -1 1 
11 6 Car -1.000000 -1 -1 1104.9901888890554 152.80425667047805 1219.8991965301047 212.08032425238846 -1 -1 -1 -1 -1 -1 -1 -1 1 
11 4 Car -1.000000 -1 -1 717.7016937153994 145.24812294732584 894.8103450286512 223.81145562882404 -1 -1 -1 -1 -1 -1 -1 -1 1 
11 3 Car -1.000000 -1 -1 1082.664577787087 155.50517713584472 1265.9206249027977 261.8933283454817 -1 -1 -1 -1 -1 -1 -1 -1 1 
12 6 Car -1.000000 -1 -1 1071.1991475233963 157.1403693428897 1196.32441566255 216.74531655660888 -1 -1 -1 -1 -1 -1 -1 -1 1 
12 4 Car -1.000000 -1 -1 677.0697639071585 147.8784762708239 858.2317357162436 229.18494406119527 -1 -1 -1 -1 -1 -1 -1 -1 1 
12 3 Car -1.000000 -1 -1 1099.4529104089715 157.8480066309295 1267.3571805109923 263.46640791804384 -1 -1 -1 -1 -1 -1 -1 -1 1 
13 6 Car -1.000000 -1 -1 1033.9839862082283 162.7062459652513 1165.3911017793437 222.54981145110895 -1 -1 -1 -1 -1 -1 -1 -1 1 
13 4 Car -1.000000 -1 -1 632.0345308097399 151.53243654259325 817.7750716455018 235.86335904830787 -1 -1 -1 -1 -1 -1 -1 -1 1 
13 3 Car -1.000000 -1 -1 1113.441939658004 162.6150605854459 1266.5319895390592 267.1385657300564 -1 -1 -1 -1 -1 -1 -1 -1 1 
14 6 Car -1.000000 -1 -1 994.8009169921536 167.17002605307673 1131.1800860026585 227.40061697369956 -1 -1 -1 -1 -1 -1 -1 -1 1 
14 4 Car -1.000000 -1 -1 582.938112822436 153.81355637579847 774.6303295701226 241.8777527032715 -1 -1 -1 -1 -1 -1 -1 -1 1 
14 3 Car -1.000000 -1 -1 1126.3305274090426 168.12036384260426 1265.011674336151 270.99839997043597 -1 -1 -1 -1 -1 -1 -1 -1 1 
15 6 Car -1.000000 -1 -1 953.3320111303153 170.46199989027005 1092.8029166295262 231.21403236470528 -1 -1 -1 -1 -1 -1 -1 -1 1 
15 4 Car -1.000000 -1 -1 528.7697910104326 155.62662490415693 727.8479495619882 248.1145855664097 -1 -1 -1 -1 -1 -1 -1 -1 1 
15 3 Car -1.000000 -1 -1 1134.695259785932 171.38997643806985 1261.9033351201804 272.41483753685645 -1 -1 -1 -1 -1 -1 -1 -1 1 
16 6 Car -1.000000 -1 -1 910.4528253823898 173.32435370310665 1051.8422899014424 234.74462137485793 -1 -1 -1 -1 -1 -1 -1 -1 1 
16 4 Car -1.000000 -1 -1 468.54489911553 157.35011427267943 676.6257435198592 254.98070851213157 -1 -1 -1 -1 -1 -1 -1 -1 1 
16 3 Car -1.000000 -1 -1 1140.9260682918232 173.8249679936129 1258.7663550062318 272.8355997329572 -1 -1 -1 -1 -1 -1 -1 -1 1 
17 6 Car -1.000000 -1 -1 866.99601411671 175.03699746904076 1009.8209273474937 237.4497847456736 -1 -1 -1 -1 -1 -1 -1 -1 1 
17 4 Car -1.000000 -1 -1 401.1286976338843 159.1630646659001 620.1369642191464 262.7264997121385 -1 -1 -1 -1 -1 -1 -1 -1 1 
17 3 Car -1.000000 -1 -1 1143.7615627592902 175.5998174498512 1255.224374734976 272.98999643069044 -1 -1 -1 -1 -1 -1 -1 -1 1 
18 6 Car -1.000000 -1 -1 821.7881298977279 176.30350366709942 965.9097007984069 239.99315411846865 -1 -1 -1 -1 -1 -1 -1 -1 1 
18 4 Car -1.000000 -1 -1 326.2903944003907 158.60149807056905 560.0550983751273 269.78424777103913 -1 -1 -1 -1 -1 -1 -1 -1 1 
18 3 Car -1.000000 -1 -1 1141.674420422467 176.00513104881438 1250.871625842959 271.9075560671331 -1 -1 -1 -1 -1 -1 -1 -1 1 
19 8 Car -1.000000 -1 -1 987.377796169771 181.098873005425 1094.89898401032 225.0962058331629 -1 -1 -1 -1 -1 -1 -1 -1 1 
19 6 Car -1.000000 -1 -1 777.167418338558 177.30408587067865 922.6418244168967 242.42100744822113 -1 -1 -1 -1 -1 -1 -1 -1 1 
19 4 Car -1.000000 -1 -1 239.93751609095457 158.24101266362143 492.984440317339 278.93663513127944 -1 -1 -1 -1 -1 -1 -1 -1 1 
19 3 Car -1.000000 -1 -1 1137.3250922268303 175.86357677253233 1247.0477966309418 270.2589723305534 -1 -1 -1 -1 -1 -1 -1 -1 1 
20 8 Car -1.000000 -1 -1 950.4650379990621 180.6993589297795 1056.6008301684478 225.00536553683955 -1 -1 -1 -1 -1 -1 -1 -1 1 
20 6 Car -1.000000 -1 -1 731.8193252162131 178.26224229495756 879.7065824577725 245.29599914044763 -1 -1 -1 -1 -1 -1 -1 -1 1 
20 4 Car -1.000000 -1 -1 136.08625054866363 157.85186850249232 415.12161533482174 290.46457373508366 -1 -1 -1 -1 -1 -1 -1 -1 1 
20 3 Car -1.000000 -1 -1 1131.923199374034 175.48305871532065 1244.0275384532006 268.1773356457509 -1 -1 -1 -1 -1 -1 -1 -1 1 
21 8 Car -1.000000 -1 -1 912.9614087628 180.1040113180263 1018.2238258146093 224.93101185315263 -1 -1 -1 -1 -1 -1 -1 -1 1 
21 6 Car -1.000000 -1 -1 683.4806469330989 179.19880876370283 834.891111201798 248.60339200792745 -1 -1 -1 -1 -1 -1 -1 -1 1 
21 4 Car -1.000000 -1 -1 36.503106496056176 158.30918232802298 337.64829727778306 304.02943692650007 -1 -1 -1 -1 -1 -1 -1 -1 1 
21 3 Car -1.000000 -1 -1 1126.0537910535706 175.09237869943564 1241.7537041807093 265.95446288670104 -1 -1 -1 -1 -1 -1 -1 -1 1 
22 9 Car -1.000000 -1 -1 1005.1470793790329 180.4483933695755 1085.1956545118435 213.30433659567393 -1 -1 -1 -1 -1 -1 -1 -1 1 
22 8 Car -1.000000 -1 -1 875.5369025584091 180.86438159899035 980.1633062428778 226.3577526391602 -1 -1 -1 -1 -1 -1 -1 -1 1 
22 6 Car -1.000000 -1 -1 633.4052621971364 180.61843085819368 789.9929337889807 253.1180004743461 -1 -1 -1 -1 -1 -1 -1 -1 1 
22 4 Car -1.000000 -1 -1 -20.445898661077692 159.55694485538353 266.3627306575181 313.2872438600202 -1 -1 -1 -1 -1 -1 -1 -1 1 
22 3 Car -1.000000 -1 -1 1114.430543356954 174.31251966443892 1235.0913223221967 263.1332037715124 -1 -1 -1 -1 -1 -1 -1 -1 1 
23 9 Car -1.000000 -1 -1 969.0163763068506 182.93520568714192 1046.2538835900493 215.6163070042435 -1 -1 -1 -1 -1 -1 -1 -1 1 
23 8 Car -1.000000 -1 -1 837.3296226552839 182.06635742221258 941.5686776733853 228.34024600696264 -1 -1 -1 -1 -1 -1 -1 -1 1 
23 6 Car -1.000000 -1 -1 578.5412448129093 182.2768815197157 742.130545551415 258.60423320642025 -1 -1 -1 -1 -1 -1 -1 -1 1 
23 4 Car -1.000000 -1 -1 -59.86389611115713 162.12641088509292 179.37970076635264 319.2439019068948 -1 -1 -1 -1 -1 -1 -1 -1 1 
23 3 Car -1.000000 -1 -1 1094.6132371049198 176.45307958873164 1215.7901861251016 262.99475689006783 -1 -1 -1 -1 -1 -1 -1 -1 1 
24 9 Car -1.000000 -1 -1 932.4127179598092 185.05771804637686 1007.6351884986002 217.823103283178 -1 -1 -1 -1 -1 -1 -1 -1 1 
24 8 Car -1.000000 -1 -1 798.3123819621175 184.68326759844427 902.6199271593918 232.155628551 -1 -1 -1 -1 -1 -1 -1 -1 1 
24 6 Car -1.000000 -1 -1 518.6500631373199 183.07242781896804 691.7858611939698 264.35523636254686 -1 -1 -1 -1 -1 -1 -1 -1 1 
24 3 Car -1.000000 -1 -1 1073.4940511921989 179.58616894447186 1192.2130831497354 263.735078585114 -1 -1 -1 -1 -1 -1 -1 -1 1 
25 9 Car -1.000000 -1 -1 895.3452422083313 187.01984792395433 969.0163771708475 220.01261426380864 -1 -1 -1 -1 -1 -1 -1 -1 1 
25 8 Car -1.000000 -1 -1 757.9495824433959 185.40761432410642 862.6927933383788 234.2617821846701 -1 -1 -1 -1 -1 -1 -1 -1 1 
25 6 Car -1.000000 -1 -1 449.5514251972211 183.50991167702801 635.5109795304211 271.02190446515624 -1 -1 -1 -1 -1 -1 -1 -1 1 
25 3 Car -1.000000 -1 -1 1049.5056928345946 181.7753081834418 1164.5701770635694 263.3402818884858 -1 -1 -1 -1 -1 -1 -1 -1 1 
26 9 Car -1.000000 -1 -1 856.6266189418103 186.5840402160565 928.9071646329352 219.80809698987605 -1 -1 -1 -1 -1 -1 -1 -1 1 
26 8 Car -1.000000 -1 -1 715.3184981772206 185.39959243967107 820.9645553094847 235.79984346169576 -1 -1 -1 -1 -1 -1 -1 -1 1 
26 6 Car -1.000000 -1 -1 371.1710016554348 184.38431322383133 574.5989052219945 279.93779281815335 -1 -1 -1 -1 -1 -1 -1 -1 1 
26 3 Car -1.000000 -1 -1 1020.3789834372828 180.9826592308126 1130.167973633921 259.5243771982067 -1 -1 -1 -1 -1 -1 -1 -1 1 
27 9 Car -1.000000 -1 -1 816.7928150573701 185.30474028134316 887.8999504031113 218.76611550920794 -1 -1 -1 -1 -1 -1 -1 -1 1 
27 8 Car -1.000000 -1 -1 668.4637593321166 184.80600277511434 777.0099494462128 237.25556414376553 -1 -1 -1 -1 -1 -1 -1 -1 1 
27 6 Car -1.000000 -1 -1 276.5183848317043 185.5399527723539 503.9963370578013 291.46103620699796 -1 -1 -1 -1 -1 -1 -1 -1 1 
27 3 Car -1.000000 -1 -1 991.2896850946657 179.31560976091717 1094.8593230284687 254.59035543940288 -1 -1 -1 -1 -1 -1 -1 -1 1 
28 9 Car -1.000000 -1 -1 777.1463807890256 185.01669334892455 847.5585261239845 218.90549016404196 -1 -1 -1 -1 -1 -1 -1 -1 1 
28 8 Car -1.000000 -1 -1 620.6935241072741 184.88443159032647 733.1622912521783 239.8530315292262 -1 -1 -1 -1 -1 -1 -1 -1 1 
28 6 Car -1.000000 -1 -1 155.49092067613125 184.79655848291745 420.67988492404345 305.9430465686896 -1 -1 -1 -1 -1 -1 -1 -1 1 
28 3 Car -1.000000 -1 -1 959.4632947301881 179.35507865608295 1055.9239304012244 251.32809677842718 -1 -1 -1 -1 -1 -1 -1 -1 1 
29 9 Car -1.000000 -1 -1 736.5701981460032 185.07842861124854 806.7192388486213 219.53139358397723 -1 -1 -1 -1 -1 -1 -1 -1 1 
29 8 Car -1.000000 -1 -1 569.0355693303688 185.20625620971762 686.6664408215292 243.15049433559093 -1 -1 -1 -1 -1 -1 -1 -1 1 
29 6 Car -1.000000 -1 -1 43.72383193666184 186.16285122170672 336.6116628011926 324.6717440824502 -1 -1 -1 -1 -1 -1 -1 -1 1 
29 3 Car -1.000000 -1 -1 928.5125714417751 180.06655080861464 1017.4394115545321 248.73389803260312 -1 -1 -1 -1 -1 -1 -1 -1 1 
30 9 Car -1.000000 -1 -1 695.9695447439567 184.80493973057003 766.3386957049843 219.95671361018543 -1 -1 -1 -1 -1 -1 -1 -1 1 
30 8 Car -1.000000 -1 -1 513.848640752586 185.2551211297087 638.2374241585363 246.85750515085567 -1 -1 -1 -1 -1 -1 -1 -1 1 
30 6 Car -1.000000 -1 -1 -22.75296083568189 184.1731200288951 250.567408716849 330.54798286547987 -1 -1 -1 -1 -1 -1 -1 -1 1 
30 3 Car -1.000000 -1 -1 894.8927313537026 180.53458749511947 977.1351772641697 245.92164404853008 -1 -1 -1 -1 -1 -1 -1 -1 1 
31 9 Car -1.000000 -1 -1 654.0400441152318 184.3812767058034 725.1120652043359 220.33451587100623 -1 -1 -1 -1 -1 -1 -1 -1 1 
31 8 Car -1.000000 -1 -1 453.79994274897314 185.0826293950763 588.3098036378809 251.43025480919152 -1 -1 -1 -1 -1 -1 -1 -1 1 
31 3 Car -1.000000 -1 -1 861.7670570291864 180.93801081416575 938.0245218944185 243.11781096986743 -1 -1 -1 -1 -1 -1 -1 -1 1 
32 9 Car -1.000000 -1 -1 612.2155082979554 184.09332076516762 684.5332662989357 221.06850620023766 -1 -1 -1 -1 -1 -1 -1 -1 1 
32 8 Car -1.000000 -1 -1 383.8295438021011 184.75284860009953 532.5738804116147 257.03573330702943 -1 -1 -1 -1 -1 -1 -1 -1 1 
32 3 Car -1.000000 -1 -1 827.2350282158077 180.83592911252993 897.5296259550562 239.8822668681675 -1 -1 -1 -1 -1 -1 -1 -1 1 
33 9 Car -1.000000 -1 -1 567.9391440871606 183.59524929054115 642.807001546419 221.89459166051986 -1 -1 -1 -1 -1 -1 -1 -1 1 
33 8 Car -1.000000 -1 -1 304.375688411651 184.76063217440716 472.65963837597894 264.8896551606442 -1 -1 -1 -1 -1 -1 -1 -1 1 
33 3 Car -1.000000 -1 -1 793.6453534380134 180.60051025445608 858.1099634073507 236.57773532208608 -1 -1 -1 -1 -1 -1 -1 -1 1 
34 9 Car -1.000000 -1 -1 522.3232005480221 183.05215102196902 600.2460724188135 222.89099743728096 -1 -1 -1 -1 -1 -1 -1 -1 1 
34 8 Car -1.000000 -1 -1 205.39314181444462 184.88976720933584 401.5044197851618 275.4238760437417 -1 -1 -1 -1 -1 -1 -1 -1 1 
34 3 Car -1.000000 -1 -1 759.5852733481142 180.31688595952537 819.0011927148767 233.28998398838897 -1 -1 -1 -1 -1 -1 -1 -1 1 
35 9 Car -1.000000 -1 -1 475.72848532905135 182.4524473918513 557.2136513376402 224.003844575683 -1 -1 -1 -1 -1 -1 -1 -1 1 
35 8 Car -1.000000 -1 -1 83.54598373116926 186.97746142285843 321.7502684196497 292.576386668409 -1 -1 -1 -1 -1 -1 -1 -1 1 
35 3 Car -1.000000 -1 -1 726.8169805982704 180.18943007474343 781.9889395066252 230.4309134667035 -1 -1 -1 -1 -1 -1 -1 -1 1 
36 9 Car -1.000000 -1 -1 428.6180600303126 182.9617750169948 515.1768723327217 226.7551581953516 -1 -1 -1 -1 -1 -1 -1 -1 1 
36 8 Car -1.000000 -1 -1 5.172610981059364 192.17315373800864 251.19624116067897 309.95925935035154 -1 -1 -1 -1 -1 -1 -1 -1 1 
36 3 Car -1.000000 -1 -1 695.3261179069445 180.03580282135243 746.9084301328564 227.82416492139555 -1 -1 -1 -1 -1 -1 -1 -1 1 
37 9 Car -1.000000 -1 -1 382.77850557700094 183.9965047911867 475.7280596107072 230.57231124350758 -1 -1 -1 -1 -1 -1 -1 -1 1 
37 8 Car -1.000000 -1 -1 -38.86829787153991 195.38229346959594 183.30793820831516 318.6078895723511 -1 -1 -1 -1 -1 -1 -1 -1 1 
37 3 Car -1.000000 -1 -1 668.4448502343974 180.40231012137806 716.9633703839269 225.9960836342273 -1 -1 -1 -1 -1 -1 -1 -1 1 
38 9 Car -1.000000 -1 -1 336.54567289014557 185.65213126881594 438.3288357792666 235.71380266325997 -1 -1 -1 -1 -1 -1 -1 -1 1 
38 3 Car -1.000000 -1 -1 643.9531158124121 180.91697388194365 689.83594349328 224.54478312135058 -1 -1 -1 -1 -1 -1 -1 -1 1 
39 9 Car -1.000000 -1 -1 292.06128663349466 186.88307448619406 404.06876833453293 240.9697736470651 -1 -1 -1 -1 -1 -1 -1 -1 1 
39 3 Car -1.000000 -1 -1 623.8745554482001 181.35284475071003 667.5238366505008 223.2459615124496 -1 -1 -1 -1 -1 -1 -1 -1 1 
40 9 Car -1.000000 -1 -1 243.33215358508477 188.05111136860967 367.6588108076913 246.86292584613113 -1 -1 -1 -1 -1 -1 -1 -1 1 
40 3 Car -1.000000 -1 -1 605.8373928759684 181.71461048787904 647.5729869514614 222.06672793400242 -1 -1 -1 -1 -1 -1 -1 -1 1 
41 9 Car -1.000000 -1 -1 191.26488708984186 189.06348262100764 331.6258076031311 253.58561181093066 -1 -1 -1 -1 -1 -1 -1 -1 1 
41 3 Car -1.000000 -1 -1 592.4412004740731 182.41316313736112 632.5292646946513 221.39219144240886 -1 -1 -1 -1 -1 -1 -1 -1 1 
42 9 Car -1.000000 -1 -1 133.50810592442994 191.3660415455109 294.49417805498285 263.01425704457483 -1 -1 -1 -1 -1 -1 -1 -1 1 
42 3 Car -1.000000 -1 -1 581.0049942869185 183.19491392774347 619.6562098794085 220.93988686492827 -1 -1 -1 -1 -1 -1 -1 -1 1 
43 38 Car -1.000000 -1 -1 322.67524240072544 186.07209234396976 406.96323692225303 235.56070584633005 -1 -1 -1 -1 -1 -1 -1 -1 1 
43 9 Car -1.000000 -1 -1 68.42995999232548 194.55455783950697 255.8721502648763 275.1656056264531 -1 -1 -1 -1 -1 -1 -1 -1 1 
44 40 Car -1.000000 -1 -1 460.41971995724174 185.13595162797526 494.65647386842505 206.09742829799484 -1 -1 -1 -1 -1 -1 -1 -1 1 
44 39 Car -1.000000 -1 -1 385.04922965145084 183.83259423518274 444.381414225788 222.56597189576678 -1 -1 -1 -1 -1 -1 -1 -1 1 
44 38 Car -1.000000 -1 -1 301.56866668437266 186.58816624552122 393.22082140492563 239.45680324311672 -1 -1 -1 -1 -1 -1 -1 -1 1 
44 9 Car -1.000000 -1 -1 15.776271960505923 198.50949573922276 223.757408682412 288.82564588490607 -1 -1 -1 -1 -1 -1 -1 -1 1 
45 41 Car -1.000000 -1 -1 428.3500055831306 183.03963020007967 466.8667306467472 213.06132410194277 -1 -1 -1 -1 -1 -1 -1 -1 1 
45 40 Car -1.000000 -1 -1 455.56113942285003 185.7597157202248 490.8724254217051 207.21219183410454 -1 -1 -1 -1 -1 -1 -1 -1 1 
45 39 Car -1.000000 -1 -1 372.64962180348175 184.71262782489939 435.5395021912359 225.3132138514213 -1 -1 -1 -1 -1 -1 -1 -1 1 
45 38 Car -1.000000 -1 -1 279.2110911538018 187.08850932612438 379.1690226713954 243.65422016962515 -1 -1 -1 -1 -1 -1 -1 -1 1 
45 9 Car -1.000000 -1 -1 -14.143294906911237 204.01713741238646 196.36077465590836 303.5223424311852 -1 -1 -1 -1 -1 -1 -1 -1 1 
46 42 Car -1.000000 -1 -1 568.4687877757907 180.67556799035248 612.4671584224708 224.19859126247638 -1 -1 -1 -1 -1 -1 -1 -1 1 
46 41 Car -1.000000 -1 -1 421.87167234021405 183.31006864466963 461.95105718862413 214.43180474457876 -1 -1 -1 -1 -1 -1 -1 -1 1 
46 40 Car -1.000000 -1 -1 451.26463406272114 186.34878600599677 487.6315545527035 208.29405399464594 -1 -1 -1 -1 -1 -1 -1 -1 1 
46 39 Car -1.000000 -1 -1 360.0157141635349 185.81049983562121 426.6525041486841 228.39356981795436 -1 -1 -1 -1 -1 -1 -1 -1 1 
46 38 Car -1.000000 -1 -1 253.9851891357892 187.67432902443483 363.55165065838224 248.37936163024256 -1 -1 -1 -1 -1 -1 -1 -1 1 
46 9 Car -1.000000 -1 -1 -33.35101785586063 206.70215590028502 161.83729707169277 311.21185277150516 -1 -1 -1 -1 -1 -1 -1 -1 1 
47 42 Car -1.000000 -1 -1 568.0380808760207 180.35125673062927 611.4567035855879 223.29852414740438 -1 -1 -1 -1 -1 -1 -1 -1 1 
47 41 Car -1.000000 -1 -1 415.8573979975742 183.5833640588632 457.70719502211483 215.8827708768015 -1 -1 -1 -1 -1 -1 -1 -1 1 
47 40 Car -1.000000 -1 -1 448.3315377110189 186.7129106590323 485.6104657928365 209.11340772857054 -1 -1 -1 -1 -1 -1 -1 -1 1 
47 39 Car -1.000000 -1 -1 346.4136083740605 187.04913876403995 417.12663920432084 231.7813417144658 -1 -1 -1 -1 -1 -1 -1 -1 1 
47 38 Car -1.000000 -1 -1 224.82471612368585 188.3905533414995 345.7137786105964 253.81128991491826 -1 -1 -1 -1 -1 -1 -1 -1 1 
48 42 Car -1.000000 -1 -1 567.6906185856195 180.0140365655613 610.543779557111 222.3999162447726 -1 -1 -1 -1 -1 -1 -1 -1 1 
48 41 Car -1.000000 -1 -1 409.61602675001683 183.88128620694718 453.42146278438855 217.4270207767378 -1 -1 -1 -1 -1 -1 -1 -1 1 
48 40 Car -1.000000 -1 -1 445.7496980357397 187.01642350071214 483.87995002305 209.86874549895404 -1 -1 -1 -1 -1 -1 -1 -1 1 
48 39 Car -1.000000 -1 -1 332.6291872584901 187.87346981764674 407.92562521605566 235.01929644854332 -1 -1 -1 -1 -1 -1 -1 -1 1 
48 38 Car -1.000000 -1 -1 190.60284232472975 189.2725670023491 325.06682979729374 260.1558406073229 -1 -1 -1 -1 -1 -1 -1 -1 1 
49 42 Car -1.000000 -1 -1 567.7620949958596 180.23437860045846 610.0754254056758 222.0849550960234 -1 -1 -1 -1 -1 -1 -1 -1 1 
49 41 Car -1.000000 -1 -1 402.9193808083356 184.21238621070418 448.868173485392 219.0773355362489 -1 -1 -1 -1 -1 -1 -1 -1 1 
49 40 Car -1.000000 -1 -1 443.18708653523834 187.31176238583265 482.1496146839702 210.62744227569328 -1 -1 -1 -1 -1 -1 -1 -1 1 
49 39 Car -1.000000 -1 -1 317.63435861517473 188.60396815234975 398.1302552950467 238.46020671721652 -1 -1 -1 -1 -1 -1 -1 -1 1 
49 38 Car -1.000000 -1 -1 149.85644659542652 190.3618430380603 300.8993378317091 267.6868827740201 -1 -1 -1 -1 -1 -1 -1 -1 1 
50 42 Car -1.000000 -1 -1 567.9522728791145 180.6166217122544 609.7460760615305 221.95892833918805 -1 -1 -1 -1 -1 -1 -1 -1 1 
50 41 Car -1.000000 -1 -1 395.66204206103214 184.58126449449605 443.9561976164805 220.84829404648957 -1 -1 -1 -1 -1 -1 -1 -1 1 
50 40 Car -1.000000 -1 -1 440.5312740641973 187.61581601773656 480.33068489051493 211.41367533560026 -1 -1 -1 -1 -1 -1 -1 -1 1 
50 39 Car -1.000000 -1 -1 300.8539026537334 189.36455038564216 387.3071586548344 242.27722019483608 -1 -1 -1 -1 -1 -1 -1 -1 1 
50 38 Car -1.000000 -1 -1 100.52844433671467 191.71527516249512 272.2516197606857 276.7925003536895 -1 -1 -1 -1 -1 -1 -1 -1 1 
51 42 Car -1.000000 -1 -1 568.1670132946792 181.02957646782173 609.4583753502359 221.89167655928512 -1 -1 -1 -1 -1 -1 -1 -1 1 
51 41 Car -1.000000 -1 -1 387.4472450107122 184.64759062814528 438.3532582658054 222.44478663365828 -1 -1 -1 -1 -1 -1 -1 -1 1 
51 40 Car -1.000000 -1 -1 437.74282709633457 187.93395105580618 478.39873123936553 212.23684306585375 -1 -1 -1 -1 -1 -1 -1 -1 1 
51 39 Car -1.000000 -1 -1 281.8057963530868 190.21256933647786 375.15965381922894 246.59540629216335 -1 -1 -1 -1 -1 -1 -1 -1 1 
51 38 Car -1.000000 -1 -1 37.82992616521156 194.19848855821172 237.01913359500102 289.4717572424372 -1 -1 -1 -1 -1 -1 -1 -1 1 
52 42 Car -1.000000 -1 -1 568.9177164691457 180.56566195714313 609.6849917947291 220.90180097714804 -1 -1 -1 -1 -1 -1 -1 -1 1 
52 41 Car -1.000000 -1 -1 378.3259385219747 184.60486551059597 432.13771748009725 224.07012013835566 -1 -1 -1 -1 -1 -1 -1 -1 1 
52 40 Car -1.000000 -1 -1 434.5317597756469 188.1606489953746 476.15215069489847 213.04798313713482 -1 -1 -1 -1 -1 -1 -1 -1 1 
52 39 Car -1.000000 -1 -1 259.95452534387186 191.18488176312997 361.3978298253204 251.5425546253084 -1 -1 -1 -1 -1 -1 -1 -1 1 
52 38 Car -1.000000 -1 -1 -0.7078126572421581 199.21389147886512 207.39305601423985 304.180933273842 -1 -1 -1 -1 -1 -1 -1 -1 1 
53 42 Car -1.000000 -1 -1 569.8391518140024 179.7732380734264 610.0800177981309 219.58277286875244 -1 -1 -1 -1 -1 -1 -1 -1 1 
53 41 Car -1.000000 -1 -1 368.23832942470733 184.5247372759941 425.29040442069856 225.81256262529476 -1 -1 -1 -1 -1 -1 -1 -1 1 
53 40 Car -1.000000 -1 -1 431.0094491009501 188.35552347833232 473.6918359108718 213.8953055360588 -1 -1 -1 -1 -1 -1 -1 -1 1 
53 39 Car -1.000000 -1 -1 232.48785330913228 192.03731251393623 344.3250111948144 257.25024868207714 -1 -1 -1 -1 -1 -1 -1 -1 1 
53 38 Car -1.000000 -1 -1 -24.018668118824436 204.11849761732407 172.4536157655279 315.5028091202685 -1 -1 -1 -1 -1 -1 -1 -1 1 
54 42 Car -1.000000 -1 -1 570.6342455779618 179.59918335913122 610.3637050288139 218.8986754840072 -1 -1 -1 -1 -1 -1 -1 -1 1 
54 41 Car -1.000000 -1 -1 357.0646596935309 184.4338376524321 417.7455737414289 227.7213024570059 -1 -1 -1 -1 -1 -1 -1 -1 1 
54 40 Car -1.000000 -1 -1 427.2095834833792 188.54311326897806 471.04859764926994 214.7976036639903 -1 -1 -1 -1 -1 -1 -1 -1 1 
54 39 Car -1.000000 -1 -1 198.94218128272672 192.9418927015523 323.9763724916822 264.0462991302362 -1 -1 -1 -1 -1 -1 -1 -1 1 
54 38 Car -1.000000 -1 -1 -41.02192966896342 207.88966557885988 124.48266610591799 321.11459025504746 -1 -1 -1 -1 -1 -1 -1 -1 1 
55 42 Car -1.000000 -1 -1 571.3648984437599 179.65372379555026 610.5965513244076 218.45785533681624 -1 -1 -1 -1 -1 -1 -1 -1 1 
55 41 Car -1.000000 -1 -1 344.63940753583717 184.3421613449796 409.4071740442425 229.83508301982388 -1 -1 -1 -1 -1 -1 -1 -1 1 
55 40 Car -1.000000 -1 -1 423.1334333926631 188.7343210689657 468.2258563164639 215.76374249952227 -1 -1 -1 -1 -1 -1 -1 -1 1 
55 39 Car -1.000000 -1 -1 157.85275340167834 194.00683140708662 299.7380530905221 272.3162763498295 -1 -1 -1 -1 -1 -1 -1 -1 1 
56 42 Car -1.000000 -1 -1 572.0664975338649 181.00355990981248 610.8192313825688 219.36570728879937 -1 -1 -1 -1 -1 -1 -1 -1 1 
56 41 Car -1.000000 -1 -1 330.4419108051808 185.40959677402475 400.11406676151535 233.48482723091246 -1 -1 -1 -1 -1 -1 -1 -1 1 
56 40 Car -1.000000 -1 -1 418.7671432177833 188.93466568897074 465.21554219820916 216.79979889880272 -1 -1 -1 -1 -1 -1 -1 -1 1 
56 39 Car -1.000000 -1 -1 106.70636711625458 195.3312273566829 270.48376643222196 282.6102669526358 -1 -1 -1 -1 -1 -1 -1 -1 1 
57 42 Car -1.000000 -1 -1 572.7411690984515 182.75411158091723 611.0340308117844 220.74075836554627 -1 -1 -1 -1 -1 -1 -1 -1 1 
57 41 Car -1.000000 -1 -1 314.28338624921736 187.03784391082343 389.7422925320013 238.0956295980094 -1 -1 -1 -1 -1 -1 -1 -1 1 
57 40 Car -1.000000 -1 -1 413.4766746207811 189.24321666914872 461.66783967656687 218.06746277634605 -1 -1 -1 -1 -1 -1 -1 -1 1 
57 39 Car -1.000000 -1 -1 41.44209318137277 197.0392551346346 234.44894585647134 295.7864418169481 -1 -1 -1 -1 -1 -1 -1 -1 1 
58 42 Car -1.000000 -1 -1 573.3928583850166 184.61246592110746 611.2406996840093 222.2701206774958 -1 -1 -1 -1 -1 -1 -1 -1 1 
58 41 Car -1.000000 -1 -1 295.83724442760655 189.03025760064975 378.0905642085558 243.52343999115055 -1 -1 -1 -1 -1 -1 -1 -1 1 
58 40 Car -1.000000 -1 -1 407.4995639884911 189.6051935186206 457.7751440378063 219.50013361929197 -1 -1 -1 -1 -1 -1 -1 -1 1 
58 39 Car -1.000000 -1 -1 3.7683894555082134 200.31555774543807 205.27503681128135 309.77959586485474 -1 -1 -1 -1 -1 -1 -1 -1 1 
59 42 Car -1.000000 -1 -1 574.7787022153205 184.3151113287335 612.1778517649565 221.56447998037157 -1 -1 -1 -1 -1 -1 -1 -1 1 
59 41 Car -1.000000 -1 -1 273.8650313233291 189.26512383512818 363.8597887216004 247.62142388205274 -1 -1 -1 -1 -1 -1 -1 -1 1 
59 40 Car -1.000000 -1 -1 400.90026542444156 190.00458597332823 453.58093454884187 221.0782124209457 -1 -1 -1 -1 -1 -1 -1 -1 1 
59 39 Car -1.000000 -1 -1 -20.197648496107718 200.5785759619231 168.81330640099648 315.88506912256923 -1 -1 -1 -1 -1 -1 -1 -1 1 
60 42 Car -1.000000 -1 -1 576.4137937852288 183.2382325084249 613.3660567510065 220.02774689202332 -1 -1 -1 -1 -1 -1 -1 -1 1 
60 41 Car -1.000000 -1 -1 247.97285816227708 188.7808852746901 347.04501396840516 251.57195669467552 -1 -1 -1 -1 -1 -1 -1 -1 1 
60 40 Car -1.000000 -1 -1 393.66541429672344 188.91510524401647 449.049252355825 221.1841330891127 -1 -1 -1 -1 -1 -1 -1 -1 1 
60 39 Car -1.000000 -1 -1 -39.17690433542092 199.72744883606566 117.7652359945202 316.8692586166006 -1 -1 -1 -1 -1 -1 -1 -1 1 
61 42 Car -1.000000 -1 -1 578.1143025530221 181.9010945431212 614.6245911842168 218.19874507608233 -1 -1 -1 -1 -1 -1 -1 -1 1 
61 41 Car -1.000000 -1 -1 217.25043521893377 187.96015870105086 327.2438968790107 255.93670797987065 -1 -1 -1 -1 -1 -1 -1 -1 1 
61 40 Car -1.000000 -1 -1 385.74768957477283 187.1793096076322 444.1538339864592 220.67918186341507 -1 -1 -1 -1 -1 -1 -1 -1 1 
62 42 Car -1.000000 -1 -1 579.8100348821699 180.45104498992387 615.887726960053 216.26741395076854 -1 -1 -1 -1 -1 -1 -1 -1 1 
62 41 Car -1.000000 -1 -1 178.9265274122646 188.54456355267294 303.05218425146154 263.021488982391 -1 -1 -1 -1 -1 -1 -1 -1 1 
62 40 Car -1.000000 -1 -1 377.41705525099803 186.35711245236197 439.17057614221926 221.21079345095401 -1 -1 -1 -1 -1 -1 -1 -1 1 
63 42 Car -1.000000 -1 -1 581.4758675708163 178.96103606662194 617.1316444338386 214.32116679749788 -1 -1 -1 -1 -1 -1 -1 -1 1 
63 41 Car -1.000000 -1 -1 131.0650631289878 189.8634433680173 273.6222089282351 272.53030654597734 -1 -1 -1 -1 -1 -1 -1 -1 1 
63 40 Car -1.000000 -1 -1 368.4096792836058 185.8723241358078 433.8746779144054 222.21239752945138 -1 -1 -1 -1 -1 -1 -1 -1 1 
64 42 Car -1.000000 -1 -1 583.2643870815875 179.29729731226416 618.5052811491212 214.2198483962302 -1 -1 -1 -1 -1 -1 -1 -1 1 
64 41 Car -1.000000 -1 -1 70.15190026148072 191.75702632095584 237.2666672620544 284.93403862424344 -1 -1 -1 -1 -1 -1 -1 -1 1 
64 40 Car -1.000000 -1 -1 357.17924672982224 187.2306985745678 427.0951327392132 225.4568596469276 -1 -1 -1 -1 -1 -1 -1 -1 1 
65 42 Car -1.000000 -1 -1 585.0703407188081 180.29580710290466 619.904469270505 214.8029039520383 -1 -1 -1 -1 -1 -1 -1 -1 1 
65 41 Car -1.000000 -1 -1 20.73375508126962 195.39433532125668 202.50778173640498 299.74557606146436 -1 -1 -1 -1 -1 -1 -1 -1 1 
65 40 Car -1.000000 -1 -1 344.06313391669903 189.43552689295822 419.22639835427594 229.94933555460605 -1 -1 -1 -1 -1 -1 -1 -1 1 
66 42 Car -1.000000 -1 -1 586.853670700396 181.47419158224022 621.2917397863965 215.61323473926274 -1 -1 -1 -1 -1 -1 -1 -1 1 
66 41 Car -1.000000 -1 -1 -9.529424291416248 199.6695565305255 166.02248293526208 312.5149073016002 -1 -1 -1 -1 -1 -1 -1 -1 1 
66 40 Car -1.000000 -1 -1 328.99340935057205 192.14474061896388 410.3064451453771 235.3777573322761 -1 -1 -1 -1 -1 -1 -1 -1 1 
67 42 Car -1.000000 -1 -1 588.2364522005433 179.52770307547527 622.2817105312196 213.25555603290624 -1 -1 -1 -1 -1 -1 -1 -1 1 
67 41 Car -1.000000 -1 -1 -31.97429518874452 202.06031449461636 116.39427319549466 318.39277836575104 -1 -1 -1 -1 -1 -1 -1 -1 1 
67 40 Car -1.000000 -1 -1 310.49245601716177 191.787512579169 399.3421900632993 238.0021490044212 -1 -1 -1 -1 -1 -1 -1 -1 1 
68 42 Car -1.000000 -1 -1 589.4491065853813 176.39096270019533 623.1092786867271 209.7200871177794 -1 -1 -1 -1 -1 -1 -1 -1 1 
68 40 Car -1.000000 -1 -1 288.50356210864163 190.09858236310004 386.5117606201976 239.63253004624931 -1 -1 -1 -1 -1 -1 -1 -1 1 
69 42 Car -1.000000 -1 -1 590.5812330895043 173.1036321664176 623.8619217131574 206.04326619812738 -1 -1 -1 -1 -1 -1 -1 -1 1 
69 40 Car -1.000000 -1 -1 262.4369588306181 187.70116414050653 371.58913539168384 240.9901222771772 -1 -1 -1 -1 -1 -1 -1 -1 1 
70 42 Car -1.000000 -1 -1 591.1961749975526 172.84307276856214 624.1048733683515 205.4051556524384 -1 -1 -1 -1 -1 -1 -1 -1 1 
70 40 Car -1.000000 -1 -1 229.17317199612486 190.26864028943965 352.0225521267389 248.5178853418172 -1 -1 -1 -1 -1 -1 -1 -1 1 
71 42 Car -1.000000 -1 -1 591.4532942567338 175.56091417990604 623.9981569623905 207.75786049998254 -1 -1 -1 -1 -1 -1 -1 -1 1 
71 40 Car -1.000000 -1 -1 187.95668759877174 195.34327634691644 327.97892415181377 260.03152505331184 -1 -1 -1 -1 -1 -1 -1 -1 1 
72 42 Car -1.000000 -1 -1 591.5745633292235 179.3138161738971 623.7648438143113 211.17571465356306 -1 -1 -1 -1 -1 -1 -1 -1 1 
72 40 Car -1.000000 -1 -1 136.51998452881094 202.20814519387264 298.6272313975112 275.29554843887206 -1 -1 -1 -1 -1 -1 -1 -1 1 
73 42 Car -1.000000 -1 -1 591.3068874832775 180.91472826419692 623.1500195038577 212.45079679000418 -1 -1 -1 -1 -1 -1 -1 -1 1 
73 40 Car -1.000000 -1 -1 69.07354835091596 205.8653071963114 261.5590220193194 289.5662064069358 -1 -1 -1 -1 -1 -1 -1 -1 1 
74 42 Car -1.000000 -1 -1 590.7445276663964 180.55202130646538 622.2453821893355 211.73719219174043 -1 -1 -1 -1 -1 -1 -1 -1 1 
74 40 Car -1.000000 -1 -1 20.687316838725962 210.9239174953094 228.25490963618117 305.78243224740754 -1 -1 -1 -1 -1 -1 -1 -1 1 
75 42 Car -1.000000 -1 -1 590.0823658131266 179.42531306412496 621.247844239752 210.26907102097522 -1 -1 -1 -1 -1 -1 -1 -1 1 
75 40 Car -1.000000 -1 -1 -9.948465315899682 214.54591133159187 189.91150451613044 316.987932715584 -1 -1 -1 -1 -1 -1 -1 -1 1 
76 42 Car -1.000000 -1 -1 589.2384040205349 179.21351920733946 620.0757008765728 209.72558935673243 -1 -1 -1 -1 -1 -1 -1 -1 1 
76 40 Car -1.000000 -1 -1 -33.743485972718815 215.95004435409416 136.10944945035754 321.3359569083924 -1 -1 -1 -1 -1 -1 -1 -1 1 
77 42 Car -1.000000 -1 -1 588.3405893837412 179.34658301594752 618.8566330973217 209.53570484473093 -1 -1 -1 -1 -1 -1 -1 -1 1 
78 42 Car -1.000000 -1 -1 587.4371669112027 179.60620921518395 617.6386369032073 209.48035449256227 -1 -1 -1 -1 -1 -1 -1 -1 1 
79 42 Car -1.000000 -1 -1 586.190079137967 179.58032902155972 616.092439958887 209.15553163828267 -1 -1 -1 -1 -1 -1 -1 -1 1 
80 42 Car -1.000000 -1 -1 584.8299751719896 179.4459760340381 614.4457310774469 208.73514925059732 -1 -1 -1 -1 -1 -1 -1 -1 1 
81 42 Car -1.000000 -1 -1 583.4250129170349 177.33929276844125 612.7640115229998 206.35152265235186 -1 -1 -1 -1 -1 -1 -1 -1 1 
82 42 Car -1.000000 -1 -1 582.0212494692872 174.52092613311285 611.0918194623226 203.26403323187455 -1 -1 -1 -1 -1 -1 -1 -1 1 
83 42 Car -1.000000 -1 -1 580.6357294774219 171.4726433766731 609.4450595519278 199.95348885662605 -1 -1 -1 -1 -1 -1 -1 -1 1 
84 42 Car -1.000000 -1 -1 579.315103400465 170.81953248351718 607.8712872138337 199.04729049670166 -1 -1 -1 -1 -1 -1 -1 -1 1 
85 42 Car -1.000000 -1 -1 578.0343827361302 171.07124256028396 606.3443336145527 199.05359404224157 -1 -1 -1 -1 -1 -1 -1 -1 1 
86 42 Car -1.000000 -1 -1 576.783528790117 171.65693565277093 604.8532695290427 199.4004455962709 -1 -1 -1 -1 -1 -1 -1 -1 1 
87 42 Car -1.000000 -1 -1 576.4908032567403 173.5451058808191 604.3253958882372 201.05599623915884 -1 -1 -1 -1 -1 -1 -1 -1 1 
88 42 Car -1.000000 -1 -1 576.5597001362314 175.8962906951372 604.1637798965114 203.17999404170698 -1 -1 -1 -1 -1 -1 -1 -1 1 
89 42 Car -1.000000 -1 -1 576.6477857751001 177.39124017448515 604.0473471925773 204.47352376131445 -1 -1 -1 -1 -1 -1 -1 -1 1 
90 42 Car -1.000000 -1 -1 576.7366043634808 178.54446879606547 603.951024048508 205.44453115895345 -1 -1 -1 -1 -1 -1 -1 -1 1 
91 42 Car -1.000000 -1 -1 576.8204472112391 179.55495621102662 603.8642195756688 206.2871516775572 -1 -1 -1 -1 -1 -1 -1 -1 1 
92 42 Car -1.000000 -1 -1 576.8981629416346 180.50027081176262 603.7821893910934 207.07538854383176 -1 -1 -1 -1 -1 -1 -1 -1 1 
93 42 Car -1.000000 -1 -1 576.9695875656855 181.38388912475062 603.7031636505583 207.8264129667773 -1 -1 -1 -1 -1 -1 -1 -1 1 
94 42 Car -1.000000 -1 -1 577.3016417520718 182.28745569738686 603.8919947551532 208.61891700709884 -1 -1 -1 -1 -1 -1 -1 -1 1 
95 42 Car -1.000000 -1 -1 577.7270601546754 183.1878053400299 604.1797585513582 209.42378031978916 -1 -1 -1 -1 -1 -1 -1 -1 1 
96 42 Car -1.000000 -1 -1 578.3175393360725 182.96723783300936 604.6341884084907 209.08069991113527 -1 -1 -1 -1 -1 -1 -1 -1 1 
97 42 Car -1.000000 -1 -1 578.9641854407888 182.33136156283916 605.1462608086828 208.30319016718005 -1 -1 -1 -1 -1 -1 -1 -1 1 
98 42 Car -1.000000 -1 -1 579.6256059186106 181.54897882696247 605.6744680123928 207.36585520084623 -1 -1 -1 -1 -1 -1 -1 -1 1 
99 42 Car -1.000000 -1 -1 580.3603152895861 180.78952349407945 606.2992032008611 206.47978660057748 -1 -1 -1 -1 -1 -1 -1 -1 1 
100 42 Car -1.000000 -1 -1 581.1143787660676 180.03751541202533 606.9603747869012 205.6228134309791 -1 -1 -1 -1 -1 -1 -1 -1 1 
101 42 Car -1.000000 -1 -1 581.8684945471191 179.28949503645939 607.6340773973661 204.7856027820258 -1 -1 -1 -1 -1 -1 -1 -1 1 
102 42 Car -1.000000 -1 -1 582.6163140922529 178.5448847476174 608.3105732719948 203.9632777383843 -1 -1 -1 -1 -1 -1 -1 -1 1 
103 42 Car -1.000000 -1 -1 583.3562191515954 177.8039604087059 608.9857561627108 203.15297090145407 -1 -1 -1 -1 -1 -1 -1 -1 1 
104 42 Car -1.000000 -1 -1 584.0868197040643 176.93043130945233 609.6563880526439 202.21600947071119 -1 -1 -1 -1 -1 -1 -1 -1 1 
105 42 Car -1.000000 -1 -1 584.809506793357 176.01029642864998 610.3225375054948 201.23674596742907 -1 -1 -1 -1 -1 -1 -1 -1 1 
106 42 Car -1.000000 -1 -1 585.5252090966068 175.07657174186335 610.9841707402253 200.24699823862164 -1 -1 -1 -1 -1 -1 -1 -1 1 
107 42 Car -1.000000 -1 -1 586.2346020774913 174.1418890069818 611.6412635230485 199.2585269899677 -1 -1 -1 -1 -1 -1 -1 -1 1 
108 42 Car -1.000000 -1 -1 586.9382044336903 173.21102355635972 612.2938274573198 198.27547593007031 -1 -1 -1 -1 -1 -1 -1 -1 1 
109 42 Car -1.000000 -1 -1 587.3440883804469 172.99583794586857 612.6618048251023 198.02161971412124 -1 -1 -1 -1 -1 -1 -1 -1 1 
110 42 Car -1.000000 -1 -1 587.6339858267409 173.0503546394724 612.9232759280883 198.04722402404167 -1 -1 -1 -1 -1 -1 -1 -1 1 
111 42 Car -1.000000 -1 -1 587.8781986316789 173.20434088894905 613.145871519307 198.17930886597952 -1 -1 -1 -1 -1 -1 -1 -1 1 
112 42 Car -1.000000 -1 -1 587.7423486854216 173.80042765446305 612.9935136765291 198.7588753431639 -1 -1 -1 -1 -1 -1 -1 -1 1 
113 42 Car -1.000000 -1 -1 587.4625941342613 174.56054061791062 612.7008693328687 199.50628427839504 -1 -1 -1 -1 -1 -1 -1 -1 1 
114 42 Car -1.000000 -1 -1 587.2215330887396 176.11726299343093 612.4495569636568 201.05341331936768 -1 -1 -1 -1 -1 -1 -1 -1 1 
115 42 Car -1.000000 -1 -1 586.9965924601587 177.97019235486854 612.2161871939028 202.89891271732452 -1 -1 -1 -1 -1 -1 -1 -1 1 
116 42 Car -1.000000 -1 -1 586.7791055313563 179.92818865382208 611.9915018184091 204.85095620521656 -1 -1 -1 -1 -1 -1 -1 -1 1 
117 44 Car -1.000000 -1 -1 433.42357753714606 179.52015724127983 464.60511445101935 206.2527673459345 -1 -1 -1 -1 -1 -1 -1 -1 1 
117 43 Car -1.000000 -1 -1 459.6078848926903 182.2518449811667 492.47647937395607 206.95298424429717 -1 -1 -1 -1 -1 -1 -1 -1 1 
117 42 Car -1.000000 -1 -1 586.5440242727426 179.8156153647196 611.7496184785294 204.73211413115527 -1 -1 -1 -1 -1 -1 -1 -1 1 
118 44 Car -1.000000 -1 -1 426.7053837345207 178.33787126188787 459.9094143074794 206.47094733581474 -1 -1 -1 -1 -1 -1 -1 -1 1 
118 43 Car -1.000000 -1 -1 451.8262173409008 181.599179332268 487.03907445217567 207.7214623546486 -1 -1 -1 -1 -1 -1 -1 -1 1 
118 42 Car -1.000000 -1 -1 586.3036131398694 178.91588251116065 611.5026073011877 203.82579853885466 -1 -1 -1 -1 -1 -1 -1 -1 1 
119 44 Car -1.000000 -1 -1 419.3050674750298 176.98766451587665 454.82738508134673 206.60320779876315 -1 -1 -1 -1 -1 -1 -1 -1 1 
119 43 Car -1.000000 -1 -1 443.1028739255472 180.8490261460841 480.93316167728267 208.52806043382117 -1 -1 -1 -1 -1 -1 -1 -1 1 
119 42 Car -1.000000 -1 -1 586.3343559519545 178.98007529337573 611.5339281775113 203.89069940842754 -1 -1 -1 -1 -1 -1 -1 -1 1 
120 44 Car -1.000000 -1 -1 411.18526541642603 176.4529565391978 448.7152589396657 207.5024673007904 -1 -1 -1 -1 -1 -1 -1 -1 1 
120 43 Car -1.000000 -1 -1 433.82941882026375 181.1424811970631 474.41893423919873 210.5375880981706 -1 -1 -1 -1 -1 -1 -1 -1 1 
120 42 Car -1.000000 -1 -1 586.467522788435 179.4111724282154 611.6728114401781 204.3277253844768 -1 -1 -1 -1 -1 -1 -1 -1 1 
121 44 Car -1.000000 -1 -1 402.2704041585898 176.19120608535184 441.7315847473009 208.75728711317822 -1 -1 -1 -1 -1 -1 -1 -1 1 
121 43 Car -1.000000 -1 -1 423.47630704843357 181.85969245930752 467.1181711610303 213.19960828445036 -1 -1 -1 -1 -1 -1 -1 -1 1 
121 42 Car -1.000000 -1 -1 586.6387674111487 179.98063580327218 611.8534239255001 204.90682915407277 -1 -1 -1 -1 -1 -1 -1 -1 1 
122 45 Car -1.000000 -1 -1 486.65025536179684 172.51451772738804 511.7805841121398 197.84621737549483 -1 -1 -1 -1 -1 -1 -1 -1 1 
122 44 Car -1.000000 -1 -1 392.56204366152224 174.93558265782036 434.6129979488827 209.28636804466902 -1 -1 -1 -1 -1 -1 -1 -1 1 
122 43 Car -1.000000 -1 -1 411.316667231503 181.11759962880245 458.42814111428146 214.60502309357196 -1 -1 -1 -1 -1 -1 -1 -1 1 
122 42 Car -1.000000 -1 -1 586.8802632552654 178.7043007222082 612.1064605433626 203.64156976455467 -1 -1 -1 -1 -1 -1 -1 -1 1 
123 45 Car -1.000000 -1 -1 483.4000494802399 170.93840996959932 509.81695642903594 197.37388723522173 -1 -1 -1 -1 -1 -1 -1 -1 1 
123 44 Car -1.000000 -1 -1 381.70020205912186 173.19014549554424 426.9429039796552 209.5625852907471 -1 -1 -1 -1 -1 -1 -1 -1 1 
123 43 Car -1.000000 -1 -1 396.14783429017217 179.72429495219893 448.0797766405739 215.93058632758948 -1 -1 -1 -1 -1 -1 -1 -1 1 
123 42 Car -1.000000 -1 -1 587.1477835870872 176.72783555131386 612.3870178978419 201.67714137429792 -1 -1 -1 -1 -1 -1 -1 -1 1 
124 45 Car -1.000000 -1 -1 479.86823627780063 169.24579942245958 507.68791924779566 196.8605356242976 -1 -1 -1 -1 -1 -1 -1 -1 1 
124 44 Car -1.000000 -1 -1 369.4008963009852 171.11336943932952 418.4524216411588 209.75371991401704 -1 -1 -1 -1 -1 -1 -1 -1 1 
124 43 Car -1.000000 -1 -1 377.5814168037005 177.87585539259203 435.80612231074446 217.4061971512317 -1 -1 -1 -1 -1 -1 -1 -1 1 
124 42 Car -1.000000 -1 -1 587.5581906628956 176.01798825723023 612.8117087638211 200.98083909034182 -1 -1 -1 -1 -1 -1 -1 -1 1 
125 45 Car -1.000000 -1 -1 475.77736941321865 168.68697797847494 505.13577017236236 197.56205711522324 -1 -1 -1 -1 -1 -1 -1 -1 1 
125 44 Car -1.000000 -1 -1 354.547475885706 170.67063123428235 407.8349278679212 211.76953287404305 -1 -1 -1 -1 -1 -1 -1 -1 1 
125 43 Car -1.000000 -1 -1 355.3579218746497 178.5373419590319 420.96878275762197 221.9306366881949 -1 -1 -1 -1 -1 -1 -1 -1 1 
125 42 Car -1.000000 -1 -1 588.0221113527748 175.79291533971218 613.2907388595459 200.77032788767337 -1 -1 -1 -1 -1 -1 -1 -1 1 
126 45 Car -1.000000 -1 -1 471.2168400967244 168.50213053536015 502.2715831341556 198.73441625568228 -1 -1 -1 -1 -1 -1 -1 -1 1 
126 44 Car -1.000000 -1 -1 337.27267071586846 170.89876293064023 395.38929753086506 214.73061122659036 -1 -1 -1 -1 -1 -1 -1 -1 1 
126 43 Car -1.000000 -1 -1 328.09310778887976 180.4881245980118 402.80564828806513 228.5537944022441 -1 -1 -1 -1 -1 -1 -1 -1 1 
126 42 Car -1.000000 -1 -1 588.5054433145085 175.75280415830318 613.7897020503178 200.74543969618944 -1 -1 -1 -1 -1 -1 -1 -1 1 
127 45 Car -1.000000 -1 -1 466.17076498660634 168.43917623824527 499.1057226842075 200.14388332326175 -1 -1 -1 -1 -1 -1 -1 -1 1 
127 44 Car -1.000000 -1 -1 317.27257972374747 171.44539445466788 381.0073426940475 218.37398465816798 -1 -1 -1 -1 -1 -1 -1 -1 1 
127 43 Car -1.000000 -1 -1 292.6364283732289 181.4908391696716 379.2729044897443 235.4958298295828 -1 -1 -1 -1 -1 -1 -1 -1 1 
127 42 Car -1.000000 -1 -1 588.9952615760343 175.78276462626533 614.2954545401325 200.7910286687531 -1 -1 -1 -1 -1 -1 -1 -1 1 
128 45 Car -1.000000 -1 -1 460.579036617501 168.41266996092716 495.61038717691673 201.72679750167234 -1 -1 -1 -1 -1 -1 -1 -1 1 
128 44 Car -1.000000 -1 -1 292.98182702495745 171.3595963060325 363.8689544266834 222.11638164893023 -1 -1 -1 -1 -1 -1 -1 -1 1 
128 43 Car -1.000000 -1 -1 245.72110801626425 182.23667369364586 348.7014683921517 244.0672232036767 -1 -1 -1 -1 -1 -1 -1 -1 1 
128 42 Car -1.000000 -1 -1 589.4867399801989 175.83883630917006 614.8030139446686 200.86294983639897 -1 -1 -1 -1 -1 -1 -1 -1 1 
129 45 Car -1.000000 -1 -1 454.3538860021832 168.3942684010359 491.7380851110211 203.4810450820923 -1 -1 -1 -1 -1 -1 -1 -1 1 
129 44 Car -1.000000 -1 -1 263.41903808171264 170.95693951720128 343.39065899822435 226.42005746994622 -1 -1 -1 -1 -1 -1 -1 -1 1 
129 43 Car -1.000000 -1 -1 180.12503351065772 183.81322005735274 307.0571746427793 256.57499583339427 -1 -1 -1 -1 -1 -1 -1 -1 1 
129 42 Car -1.000000 -1 -1 590.0104992053144 175.5331743836949 615.34565772453 200.5758154366225 -1 -1 -1 -1 -1 -1 -1 -1 1 
130 45 Car -1.000000 -1 -1 446.75329626134305 168.019933167366 486.7579925708036 205.069867288806 -1 -1 -1 -1 -1 -1 -1 -1 1 
130 44 Car -1.000000 -1 -1 227.19058436865603 170.6358832729377 318.6592641609376 231.83322108907146 -1 -1 -1 -1 -1 -1 -1 -1 1 
130 42 Car -1.000000 -1 -1 590.5456404397495 175.08929159235925 615.9016582599535 200.15234354293784 -1 -1 -1 -1 -1 -1 -1 -1 1 
131 45 Car -1.000000 -1 -1 437.952246871654 167.46426857726487 480.9244580068548 206.71295100588537 -1 -1 -1 -1 -1 -1 -1 -1 1 
131 42 Car -1.000000 -1 -1 591.0843746679647 174.59295643036776 616.4626250225814 199.67772653697259 -1 -1 -1 -1 -1 -1 -1 -1 1 
132 45 Car -1.000000 -1 -1 427.86599731433466 166.78366832690622 474.2481279436216 208.5199701697271 -1 -1 -1 -1 -1 -1 -1 -1 1 
132 42 Car -1.000000 -1 -1 591.6238972851535 174.07706126175023 617.0253165307612 199.1844381539852 -1 -1 -1 -1 -1 -1 -1 -1 1 
133 45 Car -1.000000 -1 -1 416.26724380215535 165.98709949247504 466.6229923702008 210.5666670984493 -1 -1 -1 -1 -1 -1 -1 -1 1 
133 43 Car -1.000000 -1 -1 35.08912712195665 171.61826479412662 202.4407869529296 264.4258956994779 -1 -1 -1 -1 -1 -1 -1 -1 1 
133 42 Car -1.000000 -1 -1 592.1241224758351 173.85030439757378 617.5494040399517 198.98106261914938 -1 -1 -1 -1 -1 -1 -1 -1 1 
134 45 Car -1.000000 -1 -1 402.8110853037406 165.06151404745722 457.86485551851706 212.9270082587599 -1 -1 -1 -1 -1 -1 -1 -1 1 
134 43 Car -1.000000 -1 -1 -5.143205737111785 175.88628780863823 156.5570494132313 276.6389713641915 -1 -1 -1 -1 -1 -1 -1 -1 1 
134 42 Car -1.000000 -1 -1 592.6091040891598 173.73368185214923 618.0586933764881 198.88832577850974 -1 -1 -1 -1 -1 -1 -1 -1 1 
135 45 Car -1.000000 -1 -1 386.1805031680633 166.51503975478875 447.66518148215846 218.4186044099846 -1 -1 -1 -1 -1 -1 -1 -1 1 
135 42 Car -1.000000 -1 -1 592.9380094251718 175.48220666363468 618.4125810271729 200.66217289036578 -1 -1 -1 -1 -1 -1 -1 -1 1 
136 45 Car -1.000000 -1 -1 365.6242933936406 166.983153101788 434.9778164817214 223.7126196366723 -1 -1 -1 -1 -1 -1 -1 -1 1 
136 42 Car -1.000000 -1 -1 593.2075922445642 177.9380190984032 618.7075804754181 203.14429620170685 -1 -1 -1 -1 -1 -1 -1 -1 1 
137 45 Car -1.000000 -1 -1 340.2573743916912 167.06644600797034 419.48781961690656 229.6838690283248 -1 -1 -1 -1 -1 -1 -1 -1 1 
137 42 Car -1.000000 -1 -1 593.2715732549733 179.30930528074552 618.7970531090974 204.5418105478108 -1 -1 -1 -1 -1 -1 -1 -1 1 
138 45 Car -1.000000 -1 -1 307.6180664851749 166.0458512624171 399.70324464969934 236.04060971064996 -1 -1 -1 -1 -1 -1 -1 -1 1 
138 42 Car -1.000000 -1 -1 593.2580079166625 180.26378689029764 618.808981411625 205.52240711864727 -1 -1 -1 -1 -1 -1 -1 -1 1 
139 48 Car -1.000000 -1 -1 460.22870337299514 185.77049866711903 490.3562486572504 207.13815474435174 -1 -1 -1 -1 -1 -1 -1 -1 1 
139 45 Car -1.000000 -1 -1 265.1683239953103 164.29769178285702 374.57169737750667 243.82343286268284 -1 -1 -1 -1 -1 -1 -1 -1 1 
139 42 Car -1.000000 -1 -1 592.9155026398297 180.3330978467133 618.4987476209038 205.62425798291528 -1 -1 -1 -1 -1 -1 -1 -1 1 
140 48 Car -1.000000 -1 -1 452.3013110416682 185.47197998921683 484.6357793377441 208.10050878051118 -1 -1 -1 -1 -1 -1 -1 -1 1 
140 45 Car -1.000000 -1 -1 208.0929515472818 161.7939614706274 341.9252638621267 254.15312421489804 -1 -1 -1 -1 -1 -1 -1 -1 1 
140 42 Car -1.000000 -1 -1 592.4473804272197 180.06371824298893 618.0678121648464 205.3920679304796 -1 -1 -1 -1 -1 -1 -1 -1 1 
141 48 Car -1.000000 -1 -1 443.2485545085044 185.08167156305487 478.1226860117812 209.10021703885704 -1 -1 -1 -1 -1 -1 -1 -1 1 
141 45 Car -1.000000 -1 -1 127.24419814083447 158.18543009888185 297.79625141386657 268.8593752386486 -1 -1 -1 -1 -1 -1 -1 -1 1 
141 42 Car -1.000000 -1 -1 591.9317215416296 179.66536732822334 617.5928972542282 205.0342621937151 -1 -1 -1 -1 -1 -1 -1 -1 1 
142 48 Car -1.000000 -1 -1 433.3402671193728 185.24485309607198 471.0659157411699 210.81008819717496 -1 -1 -1 -1 -1 -1 -1 -1 1 
142 45 Car -1.000000 -1 -1 47.24600043677259 154.19128934870022 249.97339542568415 287.4380044572805 -1 -1 -1 -1 -1 -1 -1 -1 1 
142 42 Car -1.000000 -1 -1 591.3984854789966 179.21849112751568 617.1029737661673 204.63034507700058 -1 -1 -1 -1 -1 -1 -1 -1 1 
143 48 Car -1.000000 -1 -1 422.1729001751511 184.1064130959601 463.1245689093811 211.31952304512603 -1 -1 -1 -1 -1 -1 -1 -1 1 
143 45 Car -1.000000 -1 -1 -1.1252976588985462 151.0968319035972 198.23969641351312 297.7943473015524 -1 -1 -1 -1 -1 -1 -1 -1 1 
143 42 Car -1.000000 -1 -1 590.8591264969994 178.75389519116828 616.6087773692091 204.21043718681773 -1 -1 -1 -1 -1 -1 -1 -1 1 
144 48 Car -1.000000 -1 -1 409.36736840207124 182.370413033742 454.0600254469834 211.3912648158493 -1 -1 -1 -1 -1 -1 -1 -1 1 
144 42 Car -1.000000 -1 -1 590.5943990398732 176.9099056289812 616.3901380249126 202.411384623099 -1 -1 -1 -1 -1 -1 -1 -1 1 
145 48 Car -1.000000 -1 -1 394.4713159679449 181.78599792342592 443.6248819626207 212.94031966800404 -1 -1 -1 -1 -1 -1 -1 -1 1 
145 42 Car -1.000000 -1 -1 590.4349428059362 174.5409162083563 616.2774198671158 200.08745707132204 -1 -1 -1 -1 -1 -1 -1 -1 1 
146 48 Car -1.000000 -1 -1 376.9020883558405 181.638359698967 431.4439953756527 215.31908306947355 -1 -1 -1 -1 -1 -1 -1 -1 1 
146 42 Car -1.000000 -1 -1 590.1907185581799 173.69118723135995 616.0807834033208 199.28401452031437 -1 -1 -1 -1 -1 -1 -1 -1 1 
147 48 Car -1.000000 -1 -1 355.713890153597 182.90534992642296 416.87724967203525 219.680349914273 -1 -1 -1 -1 -1 -1 -1 -1 1 
147 42 Car -1.000000 -1 -1 589.9141307113405 173.422663375692 615.8523843861999 199.0626527906886 -1 -1 -1 -1 -1 -1 -1 -1 1 
148 48 Car -1.000000 -1 -1 329.8827900494436 184.9566322082784 399.3492420617352 225.55945956391702 -1 -1 -1 -1 -1 -1 -1 -1 1 
148 42 Car -1.000000 -1 -1 589.6252522761068 173.37563592244226 615.612116510193 199.06341088091023 -1 -1 -1 -1 -1 -1 -1 -1 1 
149 48 Car -1.000000 -1 -1 297.76909648805855 187.6509656192936 377.92678754386253 233.08123854847398 -1 -1 -1 -1 -1 -1 -1 -1 1 
149 42 Car -1.000000 -1 -1 589.4817934045959 174.44994020334994 615.5140669960281 200.18293942236213 -1 -1 -1 -1 -1 -1 -1 -1 1 
150 48 Car -1.000000 -1 -1 256.7670209035501 191.07908902992892 351.16571901054243 242.77195642559087 -1 -1 -1 -1 -1 -1 -1 -1 1 
150 42 Car -1.000000 -1 -1 589.3944625895886 175.9504370802233 615.4697854707699 201.72677067847218 -1 -1 -1 -1 -1 -1 -1 -1 1 
151 48 Car -1.000000 -1 -1 202.54098796345855 195.5038243035917 316.7643428043108 255.6459141849633 -1 -1 -1 -1 -1 -1 -1 -1 1 
151 42 Car -1.000000 -1 -1 588.9642052715013 175.72584708911765 615.0806710772162 201.54295807336857 -1 -1 -1 -1 -1 -1 -1 -1 1 
152 49 Car -1.000000 -1 -1 399.8780407718421 180.96988403380462 449.65928234171434 211.89300174667167 -1 -1 -1 -1 -1 -1 -1 -1 1 
152 48 Car -1.000000 -1 -1 126.64484693631205 197.95298636795002 269.9860742793538 269.6027539616194 -1 -1 -1 -1 -1 -1 -1 -1 1 
152 42 Car -1.000000 -1 -1 588.3903097989382 173.54788130392797 614.5462618661895 199.40299615852018 -1 -1 -1 -1 -1 -1 -1 -1 1 
153 49 Car -1.000000 -1 -1 384.6302774656024 178.9766104544664 439.363173300076 212.36482360034248 -1 -1 -1 -1 -1 -1 -1 -1 1 
153 48 Car -1.000000 -1 -1 43.13459446221668 201.29446693558302 213.94032483943653 287.034932876239 -1 -1 -1 -1 -1 -1 -1 -1 1 
153 42 Car -1.000000 -1 -1 587.762498366067 170.62775025867526 613.9567075109709 196.5188198072935 -1 -1 -1 -1 -1 -1 -1 -1 1 
154 49 Car -1.000000 -1 -1 365.8816252245077 180.05336804268495 426.64147915635994 216.38265532843764 -1 -1 -1 -1 -1 -1 -1 -1 1 
154 48 Car -1.000000 -1 -1 -7.386460320422344 204.17865193410853 152.22599037638463 296.3493399114581 -1 -1 -1 -1 -1 -1 -1 -1 1 
154 42 Car -1.000000 -1 -1 587.421647589798 170.3046804110833 613.6535804667025 196.23204451104962 -1 -1 -1 -1 -1 -1 -1 -1 1 
155 49 Car -1.000000 -1 -1 343.71331681744834 182.3600808761286 411.6914733020485 222.24398586175508 -1 -1 -1 -1 -1 -1 -1 -1 1 
155 42 Car -1.000000 -1 -1 587.1905625081064 170.97335175785233 613.4598075382397 196.93723923185522 -1 -1 -1 -1 -1 -1 -1 -1 1 
156 50 Car -1.000000 -1 -1 442.3828449571302 178.60488720678478 474.7202119143479 204.79496106281266 -1 -1 -1 -1 -1 -1 -1 -1 1 
156 49 Car -1.000000 -1 -1 316.8724205950907 185.4231768631486 393.7668816822111 229.6701795956466 -1 -1 -1 -1 -1 -1 -1 -1 1 
156 42 Car -1.000000 -1 -1 587.5187789071479 171.74072377962864 613.8246686374691 197.7408983720108 -1 -1 -1 -1 -1 -1 -1 -1 1 
157 50 Car -1.000000 -1 -1 435.4693606301166 180.77483325987077 470.0023073335418 208.46170446837658 -1 -1 -1 -1 -1 -1 -1 -1 1 
157 49 Car -1.000000 -1 -1 283.5735126313958 189.230654762273 371.84896889724365 238.95884953917465 -1 -1 -1 -1 -1 -1 -1 -1 1 
157 42 Car -1.000000 -1 -1 588.1586607740685 173.72350982464766 614.5008609559804 199.76055501623833 -1 -1 -1 -1 -1 -1 -1 -1 1 
158 50 Car -1.000000 -1 -1 427.7470636923393 183.09042146556456 464.7833794188601 212.5061092575787 -1 -1 -1 -1 -1 -1 -1 -1 1 
158 49 Car -1.000000 -1 -1 241.05741612709176 193.98691031002724 344.4247790921248 250.82098298015305 -1 -1 -1 -1 -1 -1 -1 -1 1 
158 42 Car -1.000000 -1 -1 588.916067227721 176.16640088762287 615.2943142088848 202.2407265321224 -1 -1 -1 -1 -1 -1 -1 -1 1 
159 50 Car -1.000000 -1 -1 418.4458464702584 183.0535937532129 458.3060364430096 214.29868851332475 -1 -1 -1 -1 -1 -1 -1 -1 1 
159 49 Car -1.000000 -1 -1 183.7143823679208 197.0831337422182 307.83499976714523 263.2562512430937 -1 -1 -1 -1 -1 -1 -1 -1 1 
159 42 Car -1.000000 -1 -1 589.3429644629393 176.56722939833958 615.7518917431189 202.67285437451602 -1 -1 -1 -1 -1 -1 -1 -1 1 
160 51 Car -1.000000 -1 -1 552.292243485448 178.21523724699614 572.8962274250047 198.3849499547569 -1 -1 -1 -1 -1 -1 -1 -1 1 
160 50 Car -1.000000 -1 -1 407.6983551453469 182.18600642306757 450.79545046006535 215.41767622729424 -1 -1 -1 -1 -1 -1 -1 -1 1 
160 49 Car -1.000000 -1 -1 102.50333133050765 200.07254791121943 258.39745400593426 279.3260389711685 -1 -1 -1 -1 -1 -1 -1 -1 1 
160 42 Car -1.000000 -1 -1 589.6434650794766 176.18908300191123 616.0791380331826 202.32162281744547 -1 -1 -1 -1 -1 -1 -1 -1 1 
161 51 Car -1.000000 -1 -1 551.9440163062479 176.4138839156783 573.0612844743098 197.06249892207052 -1 -1 -1 -1 -1 -1 -1 -1 1 
161 50 Car -1.000000 -1 -1 395.3306873578632 180.9093171444099 442.20019561922527 216.38445067175627 -1 -1 -1 -1 -1 -1 -1 -1 1 
161 49 Car -1.000000 -1 -1 26.436711653098854 205.2289287975078 204.4722527048971 298.8373495360114 -1 -1 -1 -1 -1 -1 -1 -1 1 
161 42 Car -1.000000 -1 -1 589.8956999326125 175.51596205301888 616.355226923048 201.67219610704086 -1 -1 -1 -1 -1 -1 -1 -1 1 
162 51 Car -1.000000 -1 -1 551.5629798407901 176.72262294418073 573.2165393030098 197.8697064577281 -1 -1 -1 -1 -1 -1 -1 -1 1 
162 50 Car -1.000000 -1 -1 380.8570496083199 181.0264046134179 432.181911589925 219.07765379470484 -1 -1 -1 -1 -1 -1 -1 -1 1 
162 49 Car -1.000000 -1 -1 -19.145634388809967 209.73585642201965 141.10647502743825 308.5010679909424 -1 -1 -1 -1 -1 -1 -1 -1 1 
162 42 Car -1.000000 -1 -1 590.0992736020913 175.98849130168855 616.5807804330756 202.1669195456305 -1 -1 -1 -1 -1 -1 -1 -1 1 
163 51 Car -1.000000 -1 -1 551.159317508919 177.71035465497334 573.3730891730188 199.3764576931307 -1 -1 -1 -1 -1 -1 -1 -1 1 
163 50 Car -1.000000 -1 -1 363.863053785275 181.7523618866294 420.5188563916376 222.81720921007815 -1 -1 -1 -1 -1 -1 -1 -1 1 
163 42 Car -1.000000 -1 -1 590.2843027481083 176.89763771851972 616.7863984236199 203.09714324323187 -1 -1 -1 -1 -1 -1 -1 -1 1 
164 51 Car -1.000000 -1 -1 550.4097541698145 177.99147400367656 573.2229191768372 200.20192667841576 -1 -1 -1 -1 -1 -1 -1 -1 1 
164 50 Car -1.000000 -1 -1 342.44032838823296 182.36666013617736 405.84114089564605 227.05666550227983 -1 -1 -1 -1 -1 -1 -1 -1 1 
164 42 Car -1.000000 -1 -1 590.2312986548709 177.28127197304246 616.7529419666287 203.50062939605561 -1 -1 -1 -1 -1 -1 -1 -1 1 
165 52 Car -1.000000 -1 -1 441.5122325982573 176.77516240407098 479.51544321319426 204.86993235993177 -1 -1 -1 -1 -1 -1 -1 -1 1 
165 51 Car -1.000000 -1 -1 549.5095397415286 178.01277335381107 572.9591824658861 200.79279332287646 -1 -1 -1 -1 -1 -1 -1 -1 1 
165 50 Car -1.000000 -1 -1 316.03762941226864 183.03176238725877 387.98679903372306 232.11270548759228 -1 -1 -1 -1 -1 -1 -1 -1 1 
165 42 Car -1.000000 -1 -1 590.088049827552 177.46408747900315 616.6284591992659 203.7023803856483 -1 -1 -1 -1 -1 -1 -1 -1 1 
166 52 Car -1.000000 -1 -1 434.22020319419084 176.0916898134027 474.552215041013 205.64525580382872 -1 -1 -1 -1 -1 -1 -1 -1 1 
166 51 Car -1.000000 -1 -1 548.5244693082229 177.93445006790623 572.6478977812731 201.31071816347773 -1 -1 -1 -1 -1 -1 -1 -1 1 
166 50 Car -1.000000 -1 -1 283.2337200759082 183.8442083719758 366.18112278468504 238.33720335144972 -1 -1 -1 -1 -1 -1 -1 -1 1 
166 42 Car -1.000000 -1 -1 589.9111236973059 177.57056218445436 616.469706561356 203.8271000268886 -1 -1 -1 -1 -1 -1 -1 -1 1 
167 52 Car -1.000000 -1 -1 426.1666111396037 175.31168689531805 469.0929542241512 206.44684347638886 -1 -1 -1 -1 -1 -1 -1 -1 1 
167 51 Car -1.000000 -1 -1 547.2934775254193 177.69670503986026 572.1373647868588 201.699644155089 -1 -1 -1 -1 -1 -1 -1 -1 1 
167 50 Car -1.000000 -1 -1 241.59023548588212 184.89284808769395 339.0579801687415 246.23235538267164 -1 -1 -1 -1 -1 -1 -1 -1 1 
167 42 Car -1.000000 -1 -1 589.8256549724659 177.79869132308175 616.401929117212 204.07301431387003 -1 -1 -1 -1 -1 -1 -1 -1 1 
168 52 Car -1.000000 -1 -1 417.1524384437394 173.42202792543557 462.7669052649741 206.25523467698642 -1 -1 -1 -1 -1 -1 -1 -1 1 
168 51 Car -1.000000 -1 -1 545.909610529784 175.8405083859134 571.5214954791738 200.50167808600835 -1 -1 -1 -1 -1 -1 -1 -1 1 
168 50 Car -1.000000 -1 -1 186.7514163329361 185.06506271837787 303.8061841387662 255.17303838938182 -1 -1 -1 -1 -1 -1 -1 -1 1 
168 42 Car -1.000000 -1 -1 589.552492671647 176.24292721251248 616.1458598511141 202.5335079534495 -1 -1 -1 -1 -1 -1 -1 -1 1 
169 52 Car -1.000000 -1 -1 407.05360562006473 170.98079318610905 455.5914358234522 205.69123532923942 -1 -1 -1 -1 -1 -1 -1 -1 1 
169 51 Car -1.000000 -1 -1 544.4167234378558 173.2858167723493 570.8462902340486 198.63974786464465 -1 -1 -1 -1 -1 -1 -1 -1 1 
169 50 Car -1.000000 -1 -1 111.71916951613834 184.9263379701282 256.86332504376855 266.907999106089 -1 -1 -1 -1 -1 -1 -1 -1 1 
169 42 Car -1.000000 -1 -1 588.949876043889 173.29687569226078 615.5569420197891 199.59927227638562 -1 -1 -1 -1 -1 -1 -1 -1 1 
170 52 Car -1.000000 -1 -1 394.70681090846733 169.2146705330919 446.5840141971346 206.04597026151433 -1 -1 -1 -1 -1 -1 -1 -1 1 
170 51 Car -1.000000 -1 -1 542.6780305788443 171.5862984389964 569.985190603519 197.6727377671256 -1 -1 -1 -1 -1 -1 -1 -1 1 
170 50 Car -1.000000 -1 -1 35.69384548737882 185.76239147728108 202.9183474977924 281.78723362014733 -1 -1 -1 -1 -1 -1 -1 -1 1 
170 42 Car -1.000000 -1 -1 588.2409766787496 171.4620634653911 614.859548670202 197.77412800460377 -1 -1 -1 -1 -1 -1 -1 -1 1 
171 52 Car -1.000000 -1 -1 381.2485849840633 170.01984094461116 436.77571380251743 209.2108548634084 -1 -1 -1 -1 -1 -1 -1 -1 1 
171 51 Car -1.000000 -1 -1 540.796325188218 172.51829205161144 569.0434643577231 199.38149028625983 -1 -1 -1 -1 -1 -1 -1 -1 1 
171 50 Car -1.000000 -1 -1 -10.870720196029879 189.75575009944305 143.02034496091633 292.7160626769551 -1 -1 -1 -1 -1 -1 -1 -1 1 
171 42 Car -1.000000 -1 -1 587.4507612637116 172.04676039824173 614.0796205769751 198.36828273430834 -1 -1 -1 -1 -1 -1 -1 -1 1 
172 52 Car -1.000000 -1 -1 366.0453558137535 171.9786403958395 425.7234250334005 213.85502932504298 -1 -1 -1 -1 -1 -1 -1 -1 1 
172 51 Car -1.000000 -1 -1 538.7824262267503 174.54050476772292 568.03626905095 202.22850127516867 -1 -1 -1 -1 -1 -1 -1 -1 1 
172 42 Car -1.000000 -1 -1 586.6317925913979 173.55158593441777 613.2700299777598 199.88239281496803 -1 -1 -1 -1 -1 -1 -1 -1 1 
173 52 Car -1.000000 -1 -1 347.96553817878646 173.06957966661494 413.10020030675844 218.13316421458202 -1 -1 -1 -1 -1 -1 -1 -1 1 
173 51 Car -1.000000 -1 -1 536.7040324992145 176.54511313406667 567.01797787349 205.106995833306 -1 -1 -1 -1 -1 -1 -1 -1 1 
173 42 Car -1.000000 -1 -1 585.8039659193819 175.40202626497634 612.4508981370966 201.74197196550418 -1 -1 -1 -1 -1 -1 -1 -1 1 
174 53 Car -1.000000 -1 -1 452.3923690055381 183.19534788836933 481.5707329901198 204.2138064473162 -1 -1 -1 -1 -1 -1 -1 -1 1 
174 52 Car -1.000000 -1 -1 326.47796621048485 173.90076514098564 398.54818807433946 222.7208629351112 -1 -1 -1 -1 -1 -1 -1 -1 1 
174 51 Car -1.000000 -1 -1 534.4999161165724 177.14331051523976 565.9387089685656 206.63416867456056 -1 -1 -1 -1 -1 -1 -1 -1 1 
174 42 Car -1.000000 -1 -1 584.994673672662 176.01738243447355 611.6495143124655 202.36540629465824 -1 -1 -1 -1 -1 -1 -1 -1 1 
175 53 Car -1.000000 -1 -1 445.1822629425263 182.2183737482647 476.35648996354433 204.25937257257095 -1 -1 -1 -1 -1 -1 -1 -1 1 
175 52 Car -1.000000 -1 -1 300.21637441235214 174.16512651433143 381.06291866571075 227.4662386590136 -1 -1 -1 -1 -1 -1 -1 -1 1 
175 51 Car -1.000000 -1 -1 531.9395112986668 176.90188439209257 564.5893504416794 207.3850115383303 -1 -1 -1 -1 -1 -1 -1 -1 1 
175 42 Car -1.000000 -1 -1 584.1831690711981 175.08905795285614 610.8451302307762 201.4436426458875 -1 -1 -1 -1 -1 -1 -1 -1 1 
176 53 Car -1.000000 -1 -1 437.1193046720558 180.73294029764062 470.5234834395709 203.84527907318326 -1 -1 -1 -1 -1 -1 -1 -1 1 
176 52 Car -1.000000 -1 -1 268.0157640065063 174.2234382477027 360.0670458324481 232.94885013589595 -1 -1 -1 -1 -1 -1 -1 -1 1 
176 51 Car -1.000000 -1 -1 529.1159256919221 176.30807395475807 563.0729472681418 207.85389854765066 -1 -1 -1 -1 -1 -1 -1 -1 1 
176 42 Car -1.000000 -1 -1 583.3724499438539 173.57536745304978 610.0409393719991 199.93538991171224 -1 -1 -1 -1 -1 -1 -1 -1 1 
177 53 Car -1.000000 -1 -1 428.1685142209394 180.88793736986642 463.9632897364253 205.17324643657642 -1 -1 -1 -1 -1 -1 -1 -1 1 
177 52 Car -1.000000 -1 -1 227.86543594366677 174.21862468788012 334.5023322019531 239.65522518795112 -1 -1 -1 -1 -1 -1 -1 -1 1 
177 51 Car -1.000000 -1 -1 526.0494636275997 175.54419469617898 561.4214221098431 208.23130869211417 -1 -1 -1 -1 -1 -1 -1 -1 1 
177 42 Car -1.000000 -1 -1 582.4934661448937 173.3076329452282 609.1683485392228 199.67327883488105 -1 -1 -1 -1 -1 -1 -1 -1 1 
178 53 Car -1.000000 -1 -1 418.2085401475017 181.64154065332676 456.6477551244707 207.25174727427768 -1 -1 -1 -1 -1 -1 -1 -1 1 
178 52 Car -1.000000 -1 -1 176.50612542971896 174.21246015325556 302.6932186618777 248.19875549256216 -1 -1 -1 -1 -1 -1 -1 -1 1 
178 51 Car -1.000000 -1 -1 522.8347249795522 176.02641646111044 559.7376337175417 209.94309099590862 -1 -1 -1 -1 -1 -1 -1 -1 1 
178 42 Car -1.000000 -1 -1 581.5898684908731 173.51559636582957 608.271027764264 199.88698410558047 -1 -1 -1 -1 -1 -1 -1 -1 1 
179 53 Car -1.000000 -1 -1 407.2480612305872 183.8806315239299 448.6726649747529 211.0551781900967 -1 -1 -1 -1 -1 -1 -1 -1 1 
179 52 Car -1.000000 -1 -1 108.47568230358958 174.2389849864878 261.9576279431386 259.5476759003707 -1 -1 -1 -1 -1 -1 -1 -1 1 
179 51 Car -1.000000 -1 -1 519.3915526915983 177.048766824545 557.9581091264562 212.29432301644266 -1 -1 -1 -1 -1 -1 -1 -1 1 
179 42 Car -1.000000 -1 -1 580.8677802216868 174.79654820231 607.5559291403732 201.1750270202066 -1 -1 -1 -1 -1 -1 -1 -1 1 
180 53 Car -1.000000 -1 -1 394.9592208976249 186.87181778815332 439.7861988545523 215.87209357968314 -1 -1 -1 -1 -1 -1 -1 -1 1 
180 52 Car -1.000000 -1 -1 37.345665035918884 176.7215165388547 215.70200132503066 275.56031079274794 -1 -1 -1 -1 -1 -1 -1 -1 1 
180 51 Car -1.000000 -1 -1 515.6659242181651 178.3501750283189 556.0481305948148 215.03678546866465 -1 -1 -1 -1 -1 -1 -1 -1 1 
180 42 Car -1.000000 -1 -1 580.2153907843522 176.48261540994298 606.9110325448844 202.86915312391739 -1 -1 -1 -1 -1 -1 -1 -1 1 
181 53 Car -1.000000 -1 -1 381.0133800533561 190.40073790540717 429.7634925215495 221.53039830321805 -1 -1 -1 -1 -1 -1 -1 -1 1 
181 52 Car -1.000000 -1 -1 -4.992246034895942 181.34405475481807 168.82176570357586 289.0686772081969 -1 -1 -1 -1 -1 -1 -1 -1 1 
181 51 Car -1.000000 -1 -1 511.3104285355301 182.3497430162381 553.7200473808193 220.7459799108015 -1 -1 -1 -1 -1 -1 -1 -1 1 
181 42 Car -1.000000 -1 -1 579.7583869272744 179.81578165991777 606.4625548444619 206.22830407907338 -1 -1 -1 -1 -1 -1 -1 -1 1 
182 53 Car -1.000000 -1 -1 365.3221617634869 192.44982513045812 418.67908540138393 225.97932822874014 -1 -1 -1 -1 -1 -1 -1 -1 1 
182 51 Car -1.000000 -1 -1 507.06249020694645 184.41983391638738 551.6721200873683 224.67007525697758 -1 -1 -1 -1 -1 -1 -1 -1 1 
182 42 Car -1.000000 -1 -1 579.7654310892206 181.94192023720805 606.4787209802541 208.4048337261717 -1 -1 -1 -1 -1 -1 -1 -1 1 
183 53 Car -1.000000 -1 -1 347.1674929209871 194.07885969963715 406.0187646117166 230.36954574654683 -1 -1 -1 -1 -1 -1 -1 -1 1 
183 51 Car -1.000000 -1 -1 502.95286107624673 185.91659141378554 549.9294861028394 228.20287735907382 -1 -1 -1 -1 -1 -1 -1 -1 1 
183 42 Car -1.000000 -1 -1 579.9477854245165 183.59837241358844 606.6706084802888 210.12946474976917 -1 -1 -1 -1 -1 -1 -1 -1 1 
184 53 Car -1.000000 -1 -1 325.7801936653571 193.76520214483264 391.24293476866166 233.14070657248715 -1 -1 -1 -1 -1 -1 -1 -1 1 
184 51 Car -1.000000 -1 -1 498.62326324498923 185.08826629683614 548.1593449915838 229.45969756480605 -1 -1 -1 -1 -1 -1 -1 -1 1 
184 42 Car -1.000000 -1 -1 580.2580937719413 182.60227704937262 606.9876267171687 209.13112778983634 -1 -1 -1 -1 -1 -1 -1 -1 1 
185 53 Car -1.000000 -1 -1 300.1454864732628 192.60377221660605 373.7514643794512 235.53434772364375 -1 -1 -1 -1 -1 -1 -1 -1 1 
185 51 Car -1.000000 -1 -1 493.9326504665369 183.18501957763814 546.3571222342805 229.7422816563912 -1 -1 -1 -1 -1 -1 -1 -1 1 
185 42 Car -1.000000 -1 -1 580.6149222339059 180.55904171762617 607.3502191880759 207.06529045688856 -1 -1 -1 -1 -1 -1 -1 -1 1 
186 53 Car -1.000000 -1 -1 268.82598027033634 190.96597850931863 352.7092817919947 238.11112588604976 -1 -1 -1 -1 -1 -1 -1 -1 1 
186 51 Car -1.000000 -1 -1 488.7126504228211 180.4955372134935 544.4263831472173 229.53186021496077 -1 -1 -1 -1 -1 -1 -1 -1 1 
186 42 Car -1.000000 -1 -1 580.9872277937196 178.0913653089013 607.7281413100849 204.58175289567504 -1 -1 -1 -1 -1 -1 -1 -1 1 
187 53 Car -1.000000 -1 -1 229.53091607884204 192.3595338541385 326.848360941498 245.02172220981126 -1 -1 -1 -1 -1 -1 -1 -1 1 
187 51 Car -1.000000 -1 -1 483.0221768470714 180.33611261998334 542.2115091132165 232.1691321558539 -1 -1 -1 -1 -1 -1 -1 -1 1 
187 42 Car -1.000000 -1 -1 581.7249565803806 177.50105608388856 608.4715560162049 203.98172876250044 -1 -1 -1 -1 -1 -1 -1 -1 1 
188 55 Car -1.000000 -1 -1 338.836394668592 185.81795812356398 391.829285313147 218.6693163789496 -1 -1 -1 -1 -1 -1 -1 -1 1 
188 53 Car -1.000000 -1 -1 178.89014746094534 195.43123483788557 294.3592239725407 255.43623137417032 -1 -1 -1 -1 -1 -1 -1 -1 1 
188 51 Car -1.000000 -1 -1 476.3402266526556 180.12750767969013 539.6260506731468 235.1661251222192 -1 -1 -1 -1 -1 -1 -1 -1 1 
188 42 Car -1.000000 -1 -1 582.5991824061501 177.62790172096226 609.3515093587126 204.10332587479542 -1 -1 -1 -1 -1 -1 -1 -1 1 
189 55 Car -1.000000 -1 -1 320.77096087867125 186.50176209087982 378.7399701117983 221.89257694278888 -1 -1 -1 -1 -1 -1 -1 -1 1 
189 53 Car -1.000000 -1 -1 111.15166897858577 199.92273806943996 252.29361755168182 270.0443808645886 -1 -1 -1 -1 -1 -1 -1 -1 1 
189 51 Car -1.000000 -1 -1 468.5837171230886 179.8822539485389 536.6778197691584 238.6033458149381 -1 -1 -1 -1 -1 -1 -1 -1 1 
189 42 Car -1.000000 -1 -1 583.7416001292678 177.37666842780166 610.5007919392596 203.8509122507344 -1 -1 -1 -1 -1 -1 -1 -1 1 
190 55 Car -1.000000 -1 -1 299.8452445054864 187.06229274155663 363.65739130648666 225.3121856979808 -1 -1 -1 -1 -1 -1 -1 -1 1 
190 53 Car -1.000000 -1 -1 37.747895952837425 204.1006586941647 202.34288619799975 286.39387362953596 -1 -1 -1 -1 -1 -1 -1 -1 1 
190 51 Car -1.000000 -1 -1 459.56149801932 179.60486547035345 533.312161702459 242.58197196863438 -1 -1 -1 -1 -1 -1 -1 -1 1 
190 42 Car -1.000000 -1 -1 584.982826076099 176.98121015970762 611.7497013565701 203.45722860503398 -1 -1 -1 -1 -1 -1 -1 -1 1 
191 55 Car -1.000000 -1 -1 274.1533464019965 185.8289829783531 344.78130110925247 227.26504446872832 -1 -1 -1 -1 -1 -1 -1 -1 1 
191 53 Car -1.000000 -1 -1 -5.218927847063597 207.14760736594246 152.90577811669567 296.2655910090354 -1 -1 -1 -1 -1 -1 -1 -1 1 
191 51 Car -1.000000 -1 -1 448.98207900417924 179.2958065582383 529.4341100803032 247.23729235262195 -1 -1 -1 -1 -1 -1 -1 -1 1 
191 42 Car -1.000000 -1 -1 585.9605917842479 175.75751780819056 612.7357512989439 202.2370372780845 -1 -1 -1 -1 -1 -1 -1 -1 1 
192 55 Car -1.000000 -1 -1 242.7375155153055 185.7863186295379 321.749565590398 231.0640715077671 -1 -1 -1 -1 -1 -1 -1 -1 1 
192 51 Car -1.000000 -1 -1 435.96344626832126 179.87486105022725 524.4690166394887 253.65967402105053 -1 -1 -1 -1 -1 -1 -1 -1 1 
192 42 Car -1.000000 -1 -1 586.8354918707837 174.2207575004034 613.619361882648 200.7050254034475 -1 -1 -1 -1 -1 -1 -1 -1 1 
193 55 Car -1.000000 -1 -1 204.18393707461604 186.27567408275524 293.7833003573325 236.24965801080532 -1 -1 -1 -1 -1 -1 -1 -1 1 
193 51 Car -1.000000 -1 -1 420.11888974174656 180.9660543656081 518.43769534502 261.736944657947 -1 -1 -1 -1 -1 -1 -1 -1 1 
193 42 Car -1.000000 -1 -1 587.6693599855454 172.5681533841773 614.4622392523391 199.05806816151184 -1 -1 -1 -1 -1 -1 -1 -1 1 
194 55 Car -1.000000 -1 -1 155.69443788236202 189.4105283849791 259.8162958696245 245.55369210917934 -1 -1 -1 -1 -1 -1 -1 -1 1 
194 51 Car -1.000000 -1 -1 400.6348220994274 182.49270302187122 511.1346833230335 271.77804907541713 -1 -1 -1 -1 -1 -1 -1 -1 1 
194 42 Car -1.000000 -1 -1 588.5866128451422 173.67568133539342 615.3913174795942 200.17585590805365 -1 -1 -1 -1 -1 -1 -1 -1 1 
195 55 Car -1.000000 -1 -1 93.1882044539475 194.29757450378426 217.308401056612 258.58628659504853 -1 -1 -1 -1 -1 -1 -1 -1 1 
195 51 Car -1.000000 -1 -1 376.1739989079671 184.53128615639008 502.1634827728857 284.44634070600165 -1 -1 -1 -1 -1 -1 -1 -1 1 
195 42 Car -1.000000 -1 -1 589.5341193518251 175.83254796721653 616.3526954551118 202.3463395720369 -1 -1 -1 -1 -1 -1 -1 -1 1 
196 55 Car -1.000000 -1 -1 24.846280039537646 199.73769008409175 167.5778386951782 273.49414105422994 -1 -1 -1 -1 -1 -1 -1 -1 1 
196 51 Car -1.000000 -1 -1 344.5565509505808 187.28637439900444 490.8739590841466 300.88762409971423 -1 -1 -1 -1 -1 -1 -1 -1 1 
196 42 Car -1.000000 -1 -1 590.7831470831854 176.83678820997636 617.6166343518244 203.36549290874433 -1 -1 -1 -1 -1 -1 -1 -1 1 
197 55 Car -1.000000 -1 -1 -13.57535508203339 201.16909788836426 118.63957884145881 279.17330146120395 -1 -1 -1 -1 -1 -1 -1 -1 1 
197 51 Car -1.000000 -1 -1 300.94538239492863 190.68973575379695 475.0161409037926 322.61849157744575 -1 -1 -1 -1 -1 -1 -1 -1 1 
197 42 Car -1.000000 -1 -1 592.1691208732996 174.74880182009738 619.0177610090489 201.29156249439646 -1 -1 -1 -1 -1 -1 -1 -1 1 
198 51 Car -1.000000 -1 -1 239.0549231592315 193.9131278786685 452.57515601293096 349.39076563599946 -1 -1 -1 -1 -1 -1 -1 -1 1 
198 42 Car -1.000000 -1 -1 593.6054730962163 171.4857736351667 620.4694342758379 198.0419547290016 -1 -1 -1 -1 -1 -1 -1 -1 1 
199 51 Car -1.000000 -1 -1 146.57443295116747 191.29217251867266 416.7394756423657 363.7211984166484 -1 -1 -1 -1 -1 -1 -1 -1 1 
199 42 Car -1.000000 -1 -1 595.2583761137463 171.57234342104113 622.1509144367213 198.14465244311583 -1 -1 -1 -1 -1 -1 -1 -1 1 
200 51 Car -1.000000 -1 -1 73.059754129873 189.18011645304716 391.1602772994387 370.72580992633505 -1 -1 -1 -1 -1 -1 -1 -1 1 
200 42 Car -1.000000 -1 -1 596.987564754383 172.9361357079173 623.9197587338241 199.52650527627242 -1 -1 -1 -1 -1 -1 -1 -1 1 
201 51 Car -1.000000 -1 -1 30.98887721363957 188.31203781864696 373.41926087031055 374.2395288617651 -1 -1 -1 -1 -1 -1 -1 -1 1 
201 42 Car -1.000000 -1 -1 598.7421716905258 174.78300265768422 625.7221908945387 201.3927637763237 -1 -1 -1 -1 -1 -1 -1 -1 1 
202 51 Car -1.000000 -1 -1 1.0780434523827012 188.63585614440268 345.2829389618521 376.3439963665514 -1 -1 -1 -1 -1 -1 -1 -1 1 
202 42 Car -1.000000 -1 -1 600.4355277401312 174.87553054619744 627.4668210226077 201.50441446154176 -1 -1 -1 -1 -1 -1 -1 -1 1 
203 42 Car -1.000000 -1 -1 602.1036379162967 174.2978263676108 629.188798268126 200.94565266280495 -1 -1 -1 -1 -1 -1 -1 -1 1 
204 42 Car -1.000000 -1 -1 603.0673258068236 176.29151595700392 630.1883466612062 202.9617860517705 -1 -1 -1 -1 -1 -1 -1 -1 1 
205 57 Car -1.000000 -1 -1 351.50150117812456 193.44477202479993 415.81192866479927 229.1623061034203 -1 -1 -1 -1 -1 -1 -1 -1 1 
205 42 Car -1.000000 -1 -1 603.7664035525243 179.258176100172 630.9102241907754 205.95645197461496 -1 -1 -1 -1 -1 -1 -1 -1 1 
206 57 Car -1.000000 -1 -1 324.8281935043166 197.35075994949003 397.7383284294127 237.23104505114648 -1 -1 -1 -1 -1 -1 -1 -1 1 
206 42 Car -1.000000 -1 -1 604.1529174010807 182.15822685049005 631.3044583159503 208.94470445846963 -1 -1 -1 -1 -1 -1 -1 -1 1 
207 57 Car -1.000000 -1 -1 292.2641498506269 197.61812427462215 375.60338023225967 242.14588380851032 -1 -1 -1 -1 -1 -1 -1 -1 1 
207 42 Car -1.000000 -1 -1 604.385558389954 181.64638579538888 631.531845994972 208.45116856483037 -1 -1 -1 -1 -1 -1 -1 -1 1 
208 57 Car -1.000000 -1 -1 251.45169416214577 196.70402895229736 348.1866768725044 246.76851460279326 -1 -1 -1 -1 -1 -1 -1 -1 1 
208 42 Car -1.000000 -1 -1 604.5344872384528 179.77343792537596 631.6846132676635 206.58839144242722 -1 -1 -1 -1 -1 -1 -1 -1 1 
209 57 Car -1.000000 -1 -1 197.92985032399002 197.8412169073178 313.1058814958127 255.2056371589689 -1 -1 -1 -1 -1 -1 -1 -1 1 
209 42 Car -1.000000 -1 -1 604.3935925347103 178.78514187057777 631.55306386661 205.6143537509871 -1 -1 -1 -1 -1 -1 -1 -1 1 
210 58 Car -1.000000 -1 -1 224.77124021247096 186.29664917231108 314.82574285767726 237.53127436151684 -1 -1 -1 -1 -1 -1 -1 -1 1 
210 57 Car -1.000000 -1 -1 125.28541170237139 200.26477437846165 266.93720617646557 267.61140914910646 -1 -1 -1 -1 -1 -1 -1 -1 1 
210 42 Car -1.000000 -1 -1 604.1130615762921 178.13691031292387 631.3041499165498 204.98378947290354 -1 -1 -1 -1 -1 -1 -1 -1 1 
211 58 Car -1.000000 -1 -1 173.9788874914442 186.65069397074387 279.41620024563844 244.5609980058867 -1 -1 -1 -1 -1 -1 -1 -1 1 
211 57 Car -1.000000 -1 -1 35.510170966866326 204.28171102487394 208.3501863537692 284.3893918885573 -1 -1 -1 -1 -1 -1 -1 -1 1 
211 42 Car -1.000000 -1 -1 603.7735635714995 177.61990949103682 631.0152950065739 204.48698266603458 -1 -1 -1 -1 -1 -1 -1 -1 1 
212 59 Car -1.000000 -1 -1 438.2030622032835 183.28305875926435 474.49488528212305 205.82066691156115 -1 -1 -1 -1 -1 -1 -1 -1 1 
212 58 Car -1.000000 -1 -1 108.85924288338137 187.2251227847386 234.97060612512414 253.56585963860672 -1 -1 -1 -1 -1 -1 -1 -1 1 
212 57 Car -1.000000 -1 -1 -14.164700093114234 211.08951485301736 149.29938509519462 296.89632163019877 -1 -1 -1 -1 -1 -1 -1 -1 1 
212 42 Car -1.000000 -1 -1 603.1667196275027 177.2477520457736 630.4648297208216 204.1367298050917 -1 -1 -1 -1 -1 -1 -1 -1 1 
213 59 Car -1.000000 -1 -1 425.60794346520987 182.85485600183517 464.62053477763817 206.83667679522608 -1 -1 -1 -1 -1 -1 -1 -1 1 
213 58 Car -1.000000 -1 -1 23.536759557330598 188.18239179365304 177.66447698989532 265.46844840990354 -1 -1 -1 -1 -1 -1 -1 -1 1 
213 42 Car -1.000000 -1 -1 602.4597947536895 176.93156672615586 629.8184624729031 203.84367599086275 -1 -1 -1 -1 -1 -1 -1 -1 1 
214 59 Car -1.000000 -1 -1 411.6288650876771 180.85956731744355 453.72724454660283 206.3573945028035 -1 -1 -1 -1 -1 -1 -1 -1 1 
214 58 Car -1.000000 -1 -1 -20.288161771136494 191.82691793217776 120.95237295206587 272.23942771916626 -1 -1 -1 -1 -1 -1 -1 -1 1 
214 42 Car -1.000000 -1 -1 601.8109272102819 174.48708541198133 629.1765826102625 201.42036008347694 -1 -1 -1 -1 -1 -1 -1 -1 1 
215 59 Car -1.000000 -1 -1 395.7439361383913 181.92725885745645 441.7764106215425 209.34247842305726 -1 -1 -1 -1 -1 -1 -1 -1 1 
215 42 Car -1.000000 -1 -1 601.3999515485363 174.55391051847425 628.7570165953435 201.50929090992082 -1 -1 -1 -1 -1 -1 -1 -1 1 
216 59 Car -1.000000 -1 -1 377.3335039368304 184.26054965145806 428.1899628448665 213.98399167726927 -1 -1 -1 -1 -1 -1 -1 -1 1 
216 42 Car -1.000000 -1 -1 601.2865880800042 175.12057872008603 628.6445438976199 202.0989429993619 -1 -1 -1 -1 -1 -1 -1 -1 1 
217 59 Car -1.000000 -1 -1 355.647345059867 185.88422810907883 412.6864808773232 218.31357751354813 -1 -1 -1 -1 -1 -1 -1 -1 1 
217 42 Car -1.000000 -1 -1 601.2861982306861 175.87621777883112 628.6519346669452 202.8781660056332 -1 -1 -1 -1 -1 -1 -1 -1 1 
218 59 Car -1.000000 -1 -1 329.7182722868027 187.4063837413116 394.5425129890004 223.01687620961454 -1 -1 -1 -1 -1 -1 -1 -1 1 
218 42 Car -1.000000 -1 -1 601.3283533970476 176.70193145380392 628.7068703788519 203.72786114241455 -1 -1 -1 -1 -1 -1 -1 -1 1 
219 59 Car -1.000000 -1 -1 298.75741858001714 187.70386938296446 372.6164606773215 226.91176246727014 -1 -1 -1 -1 -1 -1 -1 -1 1 
219 42 Car -1.000000 -1 -1 601.2639176264162 175.90023469073753 628.6562077222824 202.94778981679144 -1 -1 -1 -1 -1 -1 -1 -1 1 
220 59 Car -1.000000 -1 -1 260.6360822355552 187.52956001448527 345.68086205167714 231.04507080188048 -1 -1 -1 -1 -1 -1 -1 -1 1 
220 42 Car -1.000000 -1 -1 601.1592428459445 174.47963088381758 628.5660269072174 201.54708897501578 -1 -1 -1 -1 -1 -1 -1 -1 1 
221 59 Car -1.000000 -1 -1 212.5778272968829 189.9814083581052 312.3735274688314 239.19645756167662 -1 -1 -1 -1 -1 -1 -1 -1 1 
221 42 Car -1.000000 -1 -1 601.0397493168498 172.82638352064035 628.4615493471956 199.91248436365734 -1 -1 -1 -1 -1 -1 -1 -1 1 
222 59 Car -1.000000 -1 -1 149.36364253326568 194.14943253389495 269.65734528920564 251.15059604773958 -1 -1 -1 -1 -1 -1 -1 -1 1 
222 42 Car -1.000000 -1 -1 601.0197211267813 172.75536257250192 628.4572122880753 199.8598568365978 -1 -1 -1 -1 -1 -1 -1 -1 1 
223 42 Car -1.000000 -1 -1 601.057716319529 175.16753712503385 628.5117233908901 202.29099728050852 -1 -1 -1 -1 -1 -1 -1 -1 1 
224 42 Car -1.000000 -1 -1 601.1892477937748 178.35168957724716 628.6603402282077 205.49444865982014 -1 -1 -1 -1 -1 -1 -1 -1 1 
225 42 Car -1.000000 -1 -1 601.0360815523342 179.54978944127933 628.5242560816954 206.71118545945828 -1 -1 -1 -1 -1 -1 -1 -1 1 
226 61 Car -1.000000 -1 -1 495.52962562091284 184.8144743226979 519.813497096497 202.70201922628416 -1 -1 -1 -1 -1 -1 -1 -1 1 
226 42 Car -1.000000 -1 -1 600.7748377204542 179.98749257278266 628.2800874611052 207.16703780829872 -1 -1 -1 -1 -1 -1 -1 -1 1 
227 61 Car -1.000000 -1 -1 489.18544598995516 184.98436868509913 514.9514198141115 203.8398092767967 -1 -1 -1 -1 -1 -1 -1 -1 1 
227 42 Car -1.000000 -1 -1 600.4731560319358 180.1349061310522 627.9954709528877 207.3322410297184 -1 -1 -1 -1 -1 -1 -1 -1 1 
228 61 Car -1.000000 -1 -1 482.3999200408497 186.2502715608347 509.8377455671266 206.20383584094455 -1 -1 -1 -1 -1 -1 -1 -1 1 
228 42 Car -1.000000 -1 -1 600.3075821189834 181.20994114906784 627.8477103018722 208.44894381585783 -1 -1 -1 -1 -1 -1 -1 -1 1 
229 62 Car -1.000000 -1 -1 420.9905982379074 188.52849365931303 455.90949407492906 210.93441016455472 -1 -1 -1 -1 -1 -1 -1 -1 1 
229 61 Car -1.000000 -1 -1 474.76928418821234 187.01194415958852 504.0728074757373 208.15536297890984 -1 -1 -1 -1 -1 -1 -1 -1 1 
229 42 Car -1.000000 -1 -1 600.1406277819246 181.67061476658685 627.6984788126911 208.94706209386877 -1 -1 -1 -1 -1 -1 -1 -1 1 
230 62 Car -1.000000 -1 -1 410.1518397530507 187.28270157958698 447.54522650962735 210.92793938286357 -1 -1 -1 -1 -1 -1 -1 -1 1 
230 61 Car -1.000000 -1 -1 466.0422747858262 186.1483653004936 497.43731628748276 208.53804394641776 -1 -1 -1 -1 -1 -1 -1 -1 1 
230 42 Car -1.000000 -1 -1 599.8223216003735 180.83124889824666 627.3969850968153 208.113100739066 -1 -1 -1 -1 -1 -1 -1 -1 1 
231 62 Car -1.000000 -1 -1 398.049000521598 185.8631207823525 438.25739278109535 210.83966245827622 -1 -1 -1 -1 -1 -1 -1 -1 1 
231 61 Car -1.000000 -1 -1 456.10538691390065 184.60600205603788 489.89078134496987 208.337829805146 -1 -1 -1 -1 -1 -1 -1 -1 1 
231 42 Car -1.000000 -1 -1 599.4467797414022 179.46016285090562 627.0381958130831 206.75016795450315 -1 -1 -1 -1 -1 -1 -1 -1 1 
232 62 Car -1.000000 -1 -1 384.4775646199883 185.6147936129294 427.9450666263089 212.11062290195187 -1 -1 -1 -1 -1 -1 -1 -1 1 
232 61 Car -1.000000 -1 -1 444.5157030050304 183.700993775936 481.1457466701242 208.99157354164322 -1 -1 -1 -1 -1 -1 -1 -1 1 
232 42 Car -1.000000 -1 -1 599.0501544413193 177.88987643892722 626.6582749960197 205.19003974056534 -1 -1 -1 -1 -1 -1 -1 -1 1 
233 63 Car -1.000000 -1 -1 495.4228692168319 180.03172004623133 517.9881900497426 197.275941120963 -1 -1 -1 -1 -1 -1 -1 -1 1 
233 62 Car -1.000000 -1 -1 369.1495887825595 185.0160825501178 416.3707184716484 213.18159580134642 -1 -1 -1 -1 -1 -1 -1 -1 1 
233 61 Car -1.000000 -1 -1 430.99066106683534 182.99333401654107 471.0165126587436 210.0921760186334 -1 -1 -1 -1 -1 -1 -1 -1 1 
233 42 Car -1.000000 -1 -1 598.8709742636382 176.8197839680023 626.4958745307891 204.13177877561446 -1 -1 -1 -1 -1 -1 -1 -1 1 
234 63 Car -1.000000 -1 -1 490.268132015427 178.66623254342574 514.1701037119265 196.77976680889276 -1 -1 -1 -1 -1 -1 -1 -1 1 
234 62 Car -1.000000 -1 -1 351.6238261516399 184.23448368312705 403.23064556764103 214.26285348958874 -1 -1 -1 -1 -1 -1 -1 -1 1 
234 61 Car -1.000000 -1 -1 415.7442372921032 182.45517500212404 459.83490931613824 211.6694609532922 -1 -1 -1 -1 -1 -1 -1 -1 1 
234 42 Car -1.000000 -1 -1 598.7749031326 175.94297940733836 626.4166344848002 203.26802500566882 -1 -1 -1 -1 -1 -1 -1 -1 1 
235 63 Car -1.000000 -1 -1 484.458783541287 179.23734771080038 509.85540710300444 198.3078823398977 -1 -1 -1 -1 -1 -1 -1 -1 1 
235 62 Car -1.000000 -1 -1 331.111405601004 185.60539247714905 388.02733852581787 217.9231985513115 -1 -1 -1 -1 -1 -1 -1 -1 1 
235 61 Car -1.000000 -1 -1 397.15083156260283 183.30209277351145 446.2493119637141 215.10271726064718 -1 -1 -1 -1 -1 -1 -1 -1 1 
235 42 Car -1.000000 -1 -1 598.7104282023067 175.14157758978033 626.3690244137642 202.48056216680882 -1 -1 -1 -1 -1 -1 -1 -1 1 
236 63 Car -1.000000 -1 -1 477.9624834538394 180.4701774515444 505.0435897721255 200.61125804752376 -1 -1 -1 -1 -1 -1 -1 -1 1 
236 62 Car -1.000000 -1 -1 306.9531371357873 188.0125028370404 370.3293626211797 223.10882847257895 -1 -1 -1 -1 -1 -1 -1 -1 1 
236 61 Car -1.000000 -1 -1 374.44138606294854 184.87789835166103 429.81167223146343 219.86374995239453 -1 -1 -1 -1 -1 -1 -1 -1 1 
236 42 Car -1.000000 -1 -1 598.8090517412522 175.41775560787298 626.4847320680053 202.77172085169994 -1 -1 -1 -1 -1 -1 -1 -1 1 
237 63 Car -1.000000 -1 -1 470.67402133245525 181.98328773439385 499.6707412631397 203.34651997200535 -1 -1 -1 -1 -1 -1 -1 -1 1 
237 62 Car -1.000000 -1 -1 277.8422349216962 189.91051819094764 349.2135104706683 228.31918261215662 -1 -1 -1 -1 -1 -1 -1 -1 1 
237 61 Car -1.000000 -1 -1 346.25946479959214 187.0122639386879 409.6739010520794 225.98850922087206 -1 -1 -1 -1 -1 -1 -1 -1 1 
237 42 Car -1.000000 -1 -1 598.969333455943 176.10382792891465 626.6622555214605 203.47352927904228 -1 -1 -1 -1 -1 -1 -1 -1 1 
238 63 Car -1.000000 -1 -1 462.0998675312511 182.6109838451839 493.2818632784333 205.31665476407778 -1 -1 -1 -1 -1 -1 -1 -1 1 
238 62 Car -1.000000 -1 -1 242.37042306650483 191.82153846553342 323.84606015635836 234.25788822692425 -1 -1 -1 -1 -1 -1 -1 -1 1 
238 61 Car -1.000000 -1 -1 310.41613151170714 189.7577674647774 384.4805304355009 233.86521442053592 -1 -1 -1 -1 -1 -1 -1 -1 1 
238 42 Car -1.000000 -1 -1 599.1524585859336 176.94403455107005 626.8627346312733 204.33001867418938 -1 -1 -1 -1 -1 -1 -1 -1 1 
239 63 Car -1.000000 -1 -1 452.2232740546634 182.9319017284245 485.9273119106125 207.13445338055973 -1 -1 -1 -1 -1 -1 -1 -1 1 
239 62 Car -1.000000 -1 -1 198.2996287741723 194.01722958233768 292.88951619699975 241.473503029752 -1 -1 -1 -1 -1 -1 -1 -1 1 
239 61 Car -1.000000 -1 -1 262.44807530161825 192.24950188273098 351.1968814886304 243.18452298558233 -1 -1 -1 -1 -1 -1 -1 -1 1 
239 42 Car -1.000000 -1 -1 599.1719069402842 176.85187723613112 626.910106667532 204.26472774740157 -1 -1 -1 -1 -1 -1 -1 -1 1 
240 63 Car -1.000000 -1 -1 440.84371845808926 183.16170946802563 477.4936208838236 209.05663987855618 -1 -1 -1 -1 -1 -1 -1 -1 1 
240 62 Car -1.000000 -1 -1 140.62062385941985 196.19490154981918 252.91107085969585 249.95299284419013 -1 -1 -1 -1 -1 -1 -1 -1 1 
240 42 Car -1.000000 -1 -1 599.126678888452 176.40087500427467 626.9005618936253 203.84836166506335 -1 -1 -1 -1 -1 -1 -1 -1 1 
241 63 Car -1.000000 -1 -1 428.0395773547518 183.10715128781536 468.0514608401463 210.85218755636444 -1 -1 -1 -1 -1 -1 -1 -1 1 
241 62 Car -1.000000 -1 -1 62.09947534221273 199.42957611602085 200.39812697157868 262.14648031757434 -1 -1 -1 -1 -1 -1 -1 -1 1 
241 42 Car -1.000000 -1 -1 599.0552359652352 175.8113556719072 626.8705075746657 203.29919172139827 -1 -1 -1 -1 -1 -1 -1 -1 1 
242 63 Car -1.000000 -1 -1 413.2978394202062 182.94529772841437 457.24365063739504 212.77027944972636 -1 -1 -1 -1 -1 -1 -1 -1 1 
242 62 Car -1.000000 -1 -1 7.551587500999503 205.2917713258208 148.1870714370828 274.806486526596 -1 -1 -1 -1 -1 -1 -1 -1 1 
242 42 Car -1.000000 -1 -1 598.9726806349973 175.16801696134362 626.8335460741067 202.70041399470236 -1 -1 -1 -1 -1 -1 -1 -1 1 
243 63 Car -1.000000 -1 -1 395.1477035125162 184.53398006477968 444.02867311078154 216.97740681633647 -1 -1 -1 -1 -1 -1 -1 -1 1 
243 42 Car -1.000000 -1 -1 598.9886988986738 175.93559006182406 626.8985372076444 203.516195978676 -1 -1 -1 -1 -1 -1 -1 -1 1 
244 63 Car -1.000000 -1 -1 372.9404782197293 187.09717029206865 428.06446617441856 222.82224465936093 -1 -1 -1 -1 -1 -1 -1 -1 1 
244 42 Car -1.000000 -1 -1 599.0417103434048 177.24173059834385 627.0030320544882 204.87324855380928 -1 -1 -1 -1 -1 -1 -1 -1 1 
245 63 Car -1.000000 -1 -1 345.525729254899 188.7611000257038 408.6279243863083 228.4932739277885 -1 -1 -1 -1 -1 -1 -1 -1 1 
245 42 Car -1.000000 -1 -1 599.1124893494514 176.61788728038505 627.1267857744804 204.30154039378107 -1 -1 -1 -1 -1 -1 -1 -1 1 
246 63 Car -1.000000 -1 -1 310.8485131918109 190.28241214011692 384.47556984815 235.0637916278583 -1 -1 -1 -1 -1 -1 -1 -1 1 
246 42 Car -1.000000 -1 -1 599.1896555221166 175.255473635909 627.2580599552786 202.99220055288131 -1 -1 -1 -1 -1 -1 -1 -1 1 
247 63 Car -1.000000 -1 -1 265.68848254233876 192.40813838603788 353.7634295988621 243.825764069687 -1 -1 -1 -1 -1 -1 -1 -1 1 
247 42 Car -1.000000 -1 -1 599.3940548429216 175.32083623910626 627.5177647962028 203.11199640772548 -1 -1 -1 -1 -1 -1 -1 -1 1 
248 42 Car -1.000000 -1 -1 599.6467868323452 175.93221490735195 627.826724443195 203.77884606360337 -1 -1 -1 -1 -1 -1 -1 -1 1 
249 42 Car -1.000000 -1 -1 599.7794378110854 176.2779590372912 628.0272530782992 204.1915952205134 -1 -1 -1 -1 -1 -1 -1 -1 1 
250 42 Car -1.000000 -1 -1 599.864212427278 176.5199067808974 628.1885587126586 204.5091142500755 -1 -1 -1 -1 -1 -1 -1 -1 1 
251 42 Car -1.000000 -1 -1 599.9360107601354 177.35305704641587 628.3434720095023 205.42446736443952 -1 -1 -1 -1 -1 -1 -1 -1 1 
252 42 Car -1.000000 -1 -1 600.001940272554 178.4130397240661 628.4974763106899 206.5716446893337 -1 -1 -1 -1 -1 -1 -1 -1 1 
253 42 Car -1.000000 -1 -1 600.0650220777404 179.5607321669604 628.652411772927 207.81033011451547 -1 -1 -1 -1 -1 -1 -1 -1 1 
254 42 Car -1.000000 -1 -1 600.1157053785626 179.70666786681826 628.7976742173539 208.04981384040948 -1 -1 -1 -1 -1 -1 -1 -1 1 
255 42 Car -1.000000 -1 -1 600.1614289067705 179.46854485101002 628.9401296531802 207.90726492619174 -1 -1 -1 -1 -1 -1 -1 -1 1 
256 42 Car -1.000000 -1 -1 600.2051509052342 179.08321204617005 629.082322004514 207.61914969155987 -1 -1 -1 -1 -1 -1 -1 -1 1 
257 42 Car -1.000000 -1 -1 600.2350585983261 177.4061395475281 629.2119045867189 206.04021661091966 -1 -1 -1 -1 -1 -1 -1 -1 1 
258 42 Car -1.000000 -1 -1 600.2597205714761 175.23159463583417 629.3372911225982 203.9646538348832 -1 -1 -1 -1 -1 -1 -1 -1 1 
259 42 Car -1.000000 -1 -1 599.967055562257 173.56928919335962 629.1469085515853 202.4029038710092 -1 -1 -1 -1 -1 -1 -1 -1 1 
260 42 Car -1.000000 -1 -1 599.5521144822029 172.10082199743405 628.8355669822832 201.0363209327081 -1 -1 -1 -1 -1 -1 -1 -1 1 
261 42 Car -1.000000 -1 -1 599.1726270220602 173.26283657400887 628.5613242539821 202.3022886016027 -1 -1 -1 -1 -1 -1 -1 -1 1 
262 42 Car -1.000000 -1 -1 598.8059912579753 175.4351953390094 628.3013237073548 204.58029738210604 -1 -1 -1 -1 -1 -1 -1 -1 1 
263 42 Car -1.000000 -1 -1 598.2562594142107 176.30822448449732 627.8590764043995 205.559802574768 -1 -1 -1 -1 -1 -1 -1 -1 1 
264 42 Car -1.000000 -1 -1 597.7406975907664 175.93867119989662 627.4516895783682 205.29725801630363 -1 -1 -1 -1 -1 -1 -1 -1 1 
265 42 Car -1.000000 -1 -1 597.2371594166017 175.09134741764365 627.0570244351235 204.557526030293 -1 -1 -1 -1 -1 -1 -1 -1 1 
266 42 Car -1.000000 -1 -1 596.737029861156 174.05929885043534 626.6664739833938 203.63369173083353 -1 -1 -1 -1 -1 -1 -1 -1 1 
267 42 Car -1.000000 -1 -1 596.2368946681797 172.95458851016042 626.2766320883845 202.6378492240774 -1 -1 -1 -1 -1 -1 -1 -1 1 
268 42 Car -1.000000 -1 -1 595.7353439505613 171.81986856338264 625.8860970699099 201.61267597784135 -1 -1 -1 -1 -1 -1 -1 -1 1 
269 42 Car -1.000000 -1 -1 595.1511042378003 174.01579826461233 625.4101016576836 203.9159363684705 -1 -1 -1 -1 -1 -1 -1 -1 1 
270 42 Car -1.000000 -1 -1 594.5343150364229 177.4916094731799 624.899701389751 207.4976242556782 -1 -1 -1 -1 -1 -1 -1 -1 1 
271 42 Car -1.000000 -1 -1 593.8873985472665 179.87389943001963 624.3579710706265 209.99631228440742 -1 -1 -1 -1 -1 -1 -1 -1 1 
272 42 Car -1.000000 -1 -1 593.1180152223797 180.38324680248155 623.6921208322331 210.60544309194586 -1 -1 -1 -1 -1 -1 -1 -1 1 
273 42 Car -1.000000 -1 -1 592.3000466937897 180.15805860251137 622.9769746817374 210.4800440245581 -1 -1 -1 -1 -1 -1 -1 -1 1 
274 42 Car -1.000000 -1 -1 591.4616847211269 179.65221480372878 622.2410762754218 210.07415763492008 -1 -1 -1 -1 -1 -1 -1 -1 1 
275 42 Car -1.000000 -1 -1 590.6799698762616 178.83206125948888 621.5617000849895 209.35418009289637 -1 -1 -1 -1 -1 -1 -1 -1 1 
276 42 Car -1.000000 -1 -1 589.917921674722 177.89155742521987 620.9020618067957 208.5141783295543 -1 -1 -1 -1 -1 -1 -1 -1 1 
277 42 Car -1.000000 -1 -1 589.1612232198177 176.90469645578213 620.2479897805213 207.62822471057308 -1 -1 -1 -1 -1 -1 -1 -1 1 
278 42 Car -1.000000 -1 -1 588.4042686844969 175.899480548711 619.5939852274917 206.72438120730422 -1 -1 -1 -1 -1 -1 -1 -1 1 
279 42 Car -1.000000 -1 -1 588.0636676957142 175.02024909586453 619.3337725681731 205.9242360051557 -1 -1 -1 -1 -1 -1 -1 -1 1 
280 42 Car -1.000000 -1 -1 587.8850646632013 174.19473076087667 619.2191515610677 205.16163812086432 -1 -1 -1 -1 -1 -1 -1 -1 1 
281 42 Car -1.000000 -1 -1 587.7699651877282 173.39394731433057 619.1560864754321 204.4120434642846 -1 -1 -1 -1 -1 -1 -1 -1 1 
282 42 Car -1.000000 -1 -1 587.6799501769908 172.60583527442105 619.1093952787878 203.66660712222426 -1 -1 -1 -1 -1 -1 -1 -1 1 
283 42 Car -1.000000 -1 -1 587.5998459888837 171.82504604729988 619.0662563196175 202.92231989571818 -1 -1 -1 -1 -1 -1 -1 -1 1 
284 42 Car -1.000000 -1 -1 587.4443721348234 171.4562943709558 618.9431275425984 202.58565433085522 -1 -1 -1 -1 -1 -1 -1 -1 1 
285 42 Car -1.000000 -1 -1 587.2600983953301 171.2454449113983 618.7878133690548 202.40368031325562 -1 -1 -1 -1 -1 -1 -1 -1 1 
286 42 Car -1.000000 -1 -1 587.2854502742903 171.28883293010978 618.8398120676243 202.47368084919714 -1 -1 -1 -1 -1 -1 -1 -1 1 
287 42 Car -1.000000 -1 -1 587.4020646371036 171.42844050390465 618.9985929153024 202.6385173134948 -1 -1 -1 -1 -1 -1 -1 -1 1 
288 42 Car -1.000000 -1 -1 587.5583388443658 172.3208122059376 619.2104195358406 203.55519022428388 -1 -1 -1 -1 -1 -1 -1 -1 1 
289 42 Car -1.000000 -1 -1 587.8465721459577 172.01830789215418 619.5272792584212 203.26364514945843 -1 -1 -1 -1 -1 -1 -1 -1 1 
290 42 Car -1.000000 -1 -1 588.187861309989 171.26380473299133 619.8775896379858 202.51042514267596 -1 -1 -1 -1 -1 -1 -1 -1 1 
291 42 Car -1.000000 -1 -1 588.5508510241989 170.34140990656175 620.235330183029 201.58228677550028 -1 -1 -1 -1 -1 -1 -1 -1 1 
292 42 Car -1.000000 -1 -1 588.9227529983757 169.35940034954922 620.5916023864406 200.5894287428971 -1 -1 -1 -1 -1 -1 -1 -1 1 
293 42 Car -1.000000 -1 -1 589.3280196790241 169.39984758816755 620.9727952285642 200.61539517791667 -1 -1 -1 -1 -1 -1 -1 -1 1 
294 42 Car -1.000000 -1 -1 589.7457605491138 169.82917479520333 621.3603338836638 201.02759862205104 -1 -1 -1 -1 -1 -1 -1 -1 1 
295 42 Car -1.000000 -1 -1 590.1697956484097 170.40442500772272 621.7527586030269 201.58383976942312 -1 -1 -1 -1 -1 -1 -1 -1 1 
296 42 Car -1.000000 -1 -1 590.5971251963053 171.0325473100149 622.1506349039153 202.19162203991013 -1 -1 -1 -1 -1 -1 -1 -1 1 
297 42 Car -1.000000 -1 -1 591.0238777289161 171.67803585683808 622.5495198994971 202.81580799866393 -1 -1 -1 -1 -1 -1 -1 -1 1 
298 42 Car -1.000000 -1 -1 591.4487734621604 172.32745145139742 622.947716827436 203.44322743696185 -1 -1 -1 -1 -1 -1 -1 -1 1 
299 42 Car -1.000000 -1 -1 591.9601855957113 172.72803595077784 623.4189845285865 203.80717369343745 -1 -1 -1 -1 -1 -1 -1 -1 1 
300 42 Car -1.000000 -1 -1 592.5042200837711 173.03444627618484 623.9131653185182 204.0663587951908 -1 -1 -1 -1 -1 -1 -1 -1 1 
301 42 Car -1.000000 -1 -1 593.0596920490626 173.30538295276176 624.4117949746166 204.28243752558666 -1 -1 -1 -1 -1 -1 -1 -1 1 
302 42 Car -1.000000 -1 -1 593.6181285223661 173.56291098064963 624.9083838301838 204.47963055379876 -1 -1 -1 -1 -1 -1 -1 -1 1 
303 42 Car -1.000000 -1 -1 594.1760498611984 173.81517159436964 625.4008992018184 204.6676519040651 -1 -1 -1 -1 -1 -1 -1 -1 1 
304 42 Car -1.000000 -1 -1 594.6347924038168 174.8277273997729 625.7917935490598 205.61321138594397 -1 -1 -1 -1 -1 -1 -1 -1 1 
305 42 Car -1.000000 -1 -1 595.0545695907788 176.123832186815 626.1420343579136 206.8403968804175 -1 -1 -1 -1 -1 -1 -1 -1 1 
306 42 Car -1.000000 -1 -1 595.1585561384946 176.65710612435527 626.1749321707119 207.30330741322678 -1 -1 -1 -1 -1 -1 -1 -1 1 
307 42 Car -1.000000 -1 -1 595.1433838956167 176.89884465935233 626.0876352508284 207.4737240822888 -1 -1 -1 -1 -1 -1 -1 -1 1 
308 42 Car -1.000000 -1 -1 595.0842666551705 177.02969785833255 625.9557338975449 207.53265129765066 -1 -1 -1 -1 -1 -1 -1 -1 1 
309 42 Car -1.000000 -1 -1 594.9278236638726 178.069688508676 625.7361386319541 208.51015861121044 -1 -1 -1 -1 -1 -1 -1 -1 1 
310 42 Car -1.000000 -1 -1 594.734178649106 179.4502471080813 625.4864165053608 209.83516598570552 -1 -1 -1 -1 -1 -1 -1 -1 1 
311 42 Car -1.000000 -1 -1 594.8395281965949 179.6180038470308 625.5409227019057 209.9525495655332 -1 -1 -1 -1 -1 -1 -1 -1 1 
312 42 Car -1.000000 -1 -1 594.5521234028812 180.52530514256057 625.2064593657138 210.8271917765524 -1 -1 -1 -1 -1 -1 -1 -1 1 
313 42 Car -1.000000 -1 -1 594.1163122288572 181.67982248318157 624.7266348750586 211.97865585536857 -1 -1 -1 -1 -1 -1 -1 -1 1 
