0 4 Car -1.000000 -1 -1 0.0 83.93370900000001 51.134395 265.730277 -1 -1 -1 -1 -1 -1 -1 -1 1 
0 3 Car -1.000000 -1 -1 423.522417 179.57333699999998 463.232355 206.083055 -1 -1 -1 -1 -1 -1 -1 -1 1 
0 2 Car -1.000000 -1 -1 347.927326 180.888194 391.61907700000006 208.22985800000004 -1 -1 -1 -1 -1 -1 -1 -1 1 
0 1 Car -1.000000 -1 -1 602.400132 174.17157600000002 684.8347839999999 236.780777 -1 -1 -1 -1 -1 -1 -1 -1 1 
1 3 Car -1.000000 -1 -1 414.8044559167495 180.157594837521 458.1508825103381 208.76851654981414 -1 -1 -1 -1 -1 -1 -1 -1 1 
1 2 Car -1.000000 -1 -1 336.9257031874256 180.43016220998132 383.8934774770769 209.52519715128514 -1 -1 -1 -1 -1 -1 -1 -1 1 
1 1 Car -1.000000 -1 -1 599.2875542463718 174.4122206537818 680.7041622776993 236.60080328579068 -1 -1 -1 -1 -1 -1 -1 -1 1 
2 3 Car -1.000000 -1 -1 404.8226708219965 180.8465066198606 452.3390851718653 211.8199744407698 -1 -1 -1 -1 -1 -1 -1 -1 1 
2 2 Car -1.000000 -1 -1 324.5184703156613 181.07075739219894 375.09476231734874 212.07933273781654 -1 -1 -1 -1 -1 -1 -1 -1 1 
2 1 Car -1.000000 -1 -1 596.2182279453752 176.16525179533565 676.6115581885717 237.96261705024384 -1 -1 -1 -1 -1 -1 -1 -1 1 
3 3 Car -1.000000 -1 -1 392.39772818774867 182.1632946153723 444.7441960964156 215.86307325339578 -1 -1 -1 -1 -1 -1 -1 -1 1 
3 2 Car -1.000000 -1 -1 311.25679680076365 182.28833182159406 365.8167336417708 215.38188395111808 -1 -1 -1 -1 -1 -1 -1 -1 1 
3 1 Car -1.000000 -1 -1 593.1840342259602 178.01465079330927 672.5350334752393 239.44184950043325 -1 -1 -1 -1 -1 -1 -1 -1 1 
4 3 Car -1.000000 -1 -1 377.73880834933993 183.79977808276809 435.7795739804442 220.66232579622098 -1 -1 -1 -1 -1 -1 -1 -1 1 
4 2 Car -1.000000 -1 -1 296.4715990657696 183.73582179207884 355.5304052794072 219.13732917582402 -1 -1 -1 -1 -1 -1 -1 -1 1 
4 1 Car -1.000000 -1 -1 590.1852344824479 179.83791475093958 668.4718699656305 240.91545412647386 -1 -1 -1 -1 -1 -1 -1 -1 1 
5 3 Car -1.000000 -1 -1 361.02399980226824 184.29374418803587 425.78791677855986 224.7405543376061 -1 -1 -1 -1 -1 -1 -1 -1 1 
5 2 Car -1.000000 -1 -1 278.6194563615977 184.33697210204346 342.932613282283 222.31698327353573 -1 -1 -1 -1 -1 -1 -1 -1 1 
5 1 Car -1.000000 -1 -1 587.9613869024691 180.7647787388499 665.2901879549532 241.55169006836493 -1 -1 -1 -1 -1 -1 -1 -1 1 
6 3 Car -1.000000 -1 -1 338.04636365402877 185.39447165504134 411.5518551006357 230.29282784372674 -1 -1 -1 -1 -1 -1 -1 -1 1 
6 2 Car -1.000000 -1 -1 257.7283380782344 184.73776685513752 328.22035260016514 225.63019971488137 -1 -1 -1 -1 -1 -1 -1 -1 1 
6 1 Car -1.000000 -1 -1 585.968959879596 181.41703784728628 662.386743436331 241.94261255751786 -1 -1 -1 -1 -1 -1 -1 -1 1 
7 3 Car -1.000000 -1 -1 308.4566307572982 186.97070112123592 393.34702104498757 237.4263886502392 -1 -1 -1 -1 -1 -1 -1 -1 1 
7 2 Car -1.000000 -1 -1 232.62074171358222 186.05585018077244 310.151489087816 230.30979205081388 -1 -1 -1 -1 -1 -1 -1 -1 1 
7 1 Car -1.000000 -1 -1 584.048985815764 181.9830231236248 659.5781757036801 242.26400017204483 -1 -1 -1 -1 -1 -1 -1 -1 1 
8 3 Car -1.000000 -1 -1 270.0880284247081 189.0893693309118 370.1845878602852 246.67415666266416 -1 -1 -1 -1 -1 -1 -1 -1 1 
8 2 Car -1.000000 -1 -1 202.65131971921917 187.92024195524584 288.5421198550987 236.15595934399738 -1 -1 -1 -1 -1 -1 -1 -1 1 
8 1 Car -1.000000 -1 -1 582.1504685928132 182.49444379800417 656.8087109772514 242.56064526507635 -1 -1 -1 -1 -1 -1 -1 -1 1 
9 3 Car -1.000000 -1 -1 218.20628906415496 190.55169397395701 339.3525427303726 257.38002302711374 -1 -1 -1 -1 -1 -1 -1 -1 1 
9 2 Car -1.000000 -1 -1 164.1264324785962 188.21946085831345 260.52825654927 241.21863278311426 -1 -1 -1 -1 -1 -1 -1 -1 1 
9 1 Car -1.000000 -1 -1 580.1261978026685 182.29331247555277 653.9013317736199 242.12083285927517 -1 -1 -1 -1 -1 -1 -1 -1 1 
10 3 Car -1.000000 -1 -1 145.40914513141365 192.14893952613627 297.46842937566845 271.75840895656955 -1 -1 -1 -1 -1 -1 -1 -1 1 
10 2 Car -1.000000 -1 -1 115.3279229973664 188.75211134414073 225.84001373337514 247.66797015111868 -1 -1 -1 -1 -1 -1 -1 -1 1 
10 1 Car -1.000000 -1 -1 578.0609900892003 181.81963250087767 650.9521061839636 241.4119233979468 -1 -1 -1 -1 -1 -1 -1 -1 1 
11 3 Car -1.000000 -1 -1 49.072008836935325 195.24505986312425 240.10945788691453 292.5277376470484 -1 -1 -1 -1 -1 -1 -1 -1 1 
11 2 Car -1.000000 -1 -1 53.00976107623319 189.53652490048765 182.59363033052063 255.92520443431047 -1 -1 -1 -1 -1 -1 -1 -1 1 
11 1 Car -1.000000 -1 -1 575.7387433232168 181.21701382307057 647.7548723395159 240.59320807085615 -1 -1 -1 -1 -1 -1 -1 -1 1 
12 3 Car -1.000000 -1 -1 -6.6887124128616335 201.41936520005748 179.64104985796135 308.69539427054315 -1 -1 -1 -1 -1 -1 -1 -1 1 
12 2 Car -1.000000 -1 -1 5.439746896772931 192.05131980945717 138.91276074826987 264.95339751751845 -1 -1 -1 -1 -1 -1 -1 -1 1 
12 1 Car -1.000000 -1 -1 573.328164549773 180.5742648778239 644.4752191274986 239.7475279077246 -1 -1 -1 -1 -1 -1 -1 -1 1 
13 2 Car -1.000000 -1 -1 -23.901482454629118 194.19721301956787 88.00657185911683 268.60308723568437 -1 -1 -1 -1 -1 -1 -1 -1 1 
13 1 Car -1.000000 -1 -1 570.8928935550304 179.9236377873084 641.1751679372068 238.90318497615385 -1 -1 -1 -1 -1 -1 -1 -1 1 
14 1 Car -1.000000 -1 -1 568.4568726956445 179.27639956208054 637.8778435886013 238.06878172168854 -1 -1 -1 -1 -1 -1 -1 -1 1 
15 1 Car -1.000000 -1 -1 566.0289954995321 178.63610122503823 634.5917510696233 237.2460468651404 -1 -1 -1 -1 -1 -1 -1 -1 1 
16 1 Car -1.000000 -1 -1 563.8942306979815 177.73388336240822 631.7301353204385 236.1899554986851 -1 -1 -1 -1 -1 -1 -1 -1 1 
17 1 Car -1.000000 -1 -1 561.8532239410348 176.73536518483007 629.0552066265728 235.05597747341392 -1 -1 -1 -1 -1 -1 -1 -1 1 
18 1 Car -1.000000 -1 -1 560.3577828573972 176.65835336562188 626.8699833911686 234.8457951794567 -1 -1 -1 -1 -1 -1 -1 -1 1 
19 1 Car -1.000000 -1 -1 559.079262971132 176.92990073322113 624.8614008166442 234.9859574342525 -1 -1 -1 -1 -1 -1 -1 -1 1 
20 1 Car -1.000000 -1 -1 557.8898626033647 177.33119426802398 622.9128576271205 235.2571542408237 -1 -1 -1 -1 -1 -1 -1 -1 1 
21 1 Car -1.000000 -1 -1 557.9092960416879 177.58928683470756 622.1936443656532 235.39017148980398 -1 -1 -1 -1 -1 -1 -1 -1 1 
22 1 Car -1.000000 -1 -1 558.3774913755647 177.79081589736404 621.9376022998372 235.46985973613386 -1 -1 -1 -1 -1 -1 -1 -1 1 
23 1 Car -1.000000 -1 -1 559.0054089890042 177.9693569026931 621.8513709805246 235.5285649682154 -1 -1 -1 -1 -1 -1 -1 -1 1 
24 1 Car -1.000000 -1 -1 559.684044860459 178.13804818528536 621.8228816150742 235.57858088894324 -1 -1 -1 -1 -1 -1 -1 -1 1 
25 1 Car -1.000000 -1 -1 560.6923444463807 177.62965958532132 622.2247607208017 234.9534583120168 -1 -1 -1 -1 -1 -1 -1 -1 1 
26 1 Car -1.000000 -1 -1 561.7993680162974 176.86737155330962 622.7980697736948 234.0754060197861 -1 -1 -1 -1 -1 -1 -1 -1 1 
27 1 Car -1.000000 -1 -1 562.9222366386668 176.0131939699485 623.4397047252253 233.10586015525516 -1 -1 -1 -1 -1 -1 -1 -1 1 
28 1 Car -1.000000 -1 -1 564.0334209915487 175.12897263411958 624.1075223151407 232.1063453070388 -1 -1 -1 -1 -1 -1 -1 -1 1 
29 1 Car -1.000000 -1 -1 565.536713517634 174.53538120756315 625.1451296708389 231.39003881378648 -1 -1 -1 -1 -1 -1 -1 -1 1 
30 1 Car -1.000000 -1 -1 567.0404798743413 174.05355551044596 626.2534832748082 230.78586371543588 -1 -1 -1 -1 -1 -1 -1 -1 1 
31 1 Car -1.000000 -1 -1 569.0508897125923 173.62125456565036 627.9485791785545 230.23315255706802 -1 -1 -1 -1 -1 -1 -1 -1 1 
32 1 Car -1.000000 -1 -1 569.8866417786687 174.49127804907565 628.5145630907384 230.97003238227708 -1 -1 -1 -1 -1 -1 -1 -1 1 
33 1 Car -1.000000 -1 -1 570.8384373496676 175.85651253330244 629.2277825890926 232.19191388570331 -1 -1 -1 -1 -1 -1 -1 -1 1 
34 1 Car -1.000000 -1 -1 571.8116932612586 176.3043228752872 629.9835340757063 232.4864807480131 -1 -1 -1 -1 -1 -1 -1 -1 1 
35 1 Car -1.000000 -1 -1 572.7835510667841 176.40320584162845 630.7521776025256 232.4248709713496 -1 -1 -1 -1 -1 -1 -1 -1 1 
36 1 Car -1.000000 -1 -1 573.9710604458093 176.15198307643493 631.7402848495593 232.01148610822423 -1 -1 -1 -1 -1 -1 -1 -1 1 
37 1 Car -1.000000 -1 -1 575.2324598497244 175.7707086443208 632.8038081292809 231.4666332511639 -1 -1 -1 -1 -1 -1 -1 -1 1 
38 1 Car -1.000000 -1 -1 576.5141427541402 175.34356640279552 633.8875140456113 230.87470467168342 -1 -1 -1 -1 -1 -1 -1 -1 1 
39 1 Car -1.000000 -1 -1 577.2717184450928 175.38673847152089 634.4374519747032 230.73588565202166 -1 -1 -1 -1 -1 -1 -1 -1 1 
40 1 Car -1.000000 -1 -1 577.8280859073961 175.61057175549058 634.7795833791101 230.76560621211263 -1 -1 -1 -1 -1 -1 -1 -1 1 
41 1 Car -1.000000 -1 -1 578.3066203653807 175.90320413149405 635.0395116042123 230.85571088861386 -1 -1 -1 -1 -1 -1 -1 -1 1 
42 1 Car -1.000000 -1 -1 578.7542853886004 176.2212139017522 635.2658242706588 230.96548207946643 -1 -1 -1 -1 -1 -1 -1 -1 1 
43 1 Car -1.000000 -1 -1 579.1888298423074 176.54760099284354 635.4774551546453 231.07989135787076 -1 -1 -1 -1 -1 -1 -1 -1 1 
44 1 Car -1.000000 -1 -1 579.1173026361834 176.93838748314792 635.1807417408774 231.25464632456524 -1 -1 -1 -1 -1 -1 -1 -1 1 
45 1 Car -1.000000 -1 -1 578.8571206089333 177.35156138566998 634.694154935375 231.4492839197818 -1 -1 -1 -1 -1 -1 -1 -1 1 
46 1 Car -1.000000 -1 -1 578.5295746694828 177.7708747461134 634.1397540503924 231.6486853982779 -1 -1 -1 -1 -1 -1 -1 -1 1 
47 1 Car -1.000000 -1 -1 578.5769417444204 178.18985671384422 633.9556448276663 231.8428196491779 -1 -1 -1 -1 -1 -1 -1 -1 1 
48 1 Car -1.000000 -1 -1 578.0450669556533 177.91793159099436 633.2033000846718 231.35524847911782 -1 -1 -1 -1 -1 -1 -1 -1 1 
49 1 Car -1.000000 -1 -1 577.81667933417 178.30353328551803 632.7586371171433 231.52954739648982 -1 -1 -1 -1 -1 -1 -1 -1 1 
50 1 Car -1.000000 -1 -1 577.7051574146028 178.93498407581967 632.4342633350384 231.95320686161347 -1 -1 -1 -1 -1 -1 -1 -1 1 
51 1 Car -1.000000 -1 -1 577.638955086728 179.65474085179932 632.158067847769 232.46807466841727 -1 -1 -1 -1 -1 -1 -1 -1 1 
52 1 Car -1.000000 -1 -1 576.8605253349862 179.41734688984823 631.1831731165611 232.03773490923422 -1 -1 -1 -1 -1 -1 -1 -1 1 
53 1 Car -1.000000 -1 -1 575.8157763266896 178.81762289460266 629.9519934548563 231.25404581404803 -1 -1 -1 -1 -1 -1 -1 -1 1 
54 1 Car -1.000000 -1 -1 574.6759197073272 178.08392103586925 628.633185866825 230.34318950335683 -1 -1 -1 -1 -1 -1 -1 -1 1 
55 1 Car -1.000000 -1 -1 573.5066446298998 177.30387469530393 627.2905730865294 229.39121076595842 -1 -1 -1 -1 -1 -1 -1 -1 1 
56 1 Car -1.000000 -1 -1 572.0360714948775 176.43188428429576 625.6601766990112 228.36057338608 -1 -1 -1 -1 -1 -1 -1 -1 1 
57 1 Car -1.000000 -1 -1 570.4572593753281 175.52811455747636 623.9315091690829 227.30797174847183 -1 -1 -1 -1 -1 -1 -1 -1 1 
58 1 Car -1.000000 -1 -1 569.4740626403346 176.93438059310856 622.8001186175042 228.56938326364147 -1 -1 -1 -1 -1 -1 -1 -1 1 
59 1 Car -1.000000 -1 -1 568.8719853498444 179.54430143313553 622.0513513913024 231.04310868160675 -1 -1 -1 -1 -1 -1 -1 -1 1 
60 1 Car -1.000000 -1 -1 568.41466566364 182.41856064792728 621.4528580636501 233.89086407970763 -1 -1 -1 -1 -1 -1 -1 -1 1 
61 1 Car -1.000000 -1 -1 567.3279311349158 182.42816331315115 620.2214799887361 233.7814559446542 -1 -1 -1 -1 -1 -1 -1 -1 1 
62 1 Car -1.000000 -1 -1 566.1286802037396 177.0431816495531 618.8736985105447 228.21116746298804 -1 -1 -1 -1 -1 -1 -1 -1 1 
63 1 Car -1.000000 -1 -1 565.1849470548062 174.2660455848229 617.779894726728 225.2577285360088 -1 -1 -1 -1 -1 -1 -1 -1 1 
64 1 Car -1.000000 -1 -1 564.3431347072279 172.49496067665967 616.787123566486 223.31712186035287 -1 -1 -1 -1 -1 -1 -1 -1 1 
65 5 Car -1.000000 -1 -1 518.1676222864814 178.59174497699672 537.7021243253475 193.79515336102492 -1 -1 -1 -1 -1 -1 -1 -1 1 
65 1 Car -1.000000 -1 -1 564.0640002713284 174.32647884197902 616.363855955524 224.99417063557198 -1 -1 -1 -1 -1 -1 -1 -1 1 
66 5 Car -1.000000 -1 -1 514.7527492512711 182.23907913006772 535.2624934769083 198.19582711107572 -1 -1 -1 -1 -1 -1 -1 -1 1 
66 1 Car -1.000000 -1 -1 563.9971029115966 177.51000925057804 616.1579652238852 228.0343047128597 -1 -1 -1 -1 -1 -1 -1 -1 1 
67 5 Car -1.000000 -1 -1 510.83009408381287 182.5863907748 532.4656241282236 199.3311585402567 -1 -1 -1 -1 -1 -1 -1 -1 1 
67 1 Car -1.000000 -1 -1 563.2606397398553 178.50519527898604 615.2930987548363 228.8983174102903 -1 -1 -1 -1 -1 -1 -1 -1 1 
68 5 Car -1.000000 -1 -1 506.4510558844796 181.91729690603657 529.3610596798154 199.49369407970082 -1 -1 -1 -1 -1 -1 -1 -1 1 
68 1 Car -1.000000 -1 -1 563.40418171614 177.59593049083048 615.2999760797155 227.85068275907366 -1 -1 -1 -1 -1 -1 -1 -1 1 
69 6 Car -1.000000 -1 -1 549.6373221603086 176.2265706415984 569.1652705487701 191.71344479609354 -1 -1 -1 -1 -1 -1 -1 -1 1 
69 5 Car -1.000000 -1 -1 501.57899321659517 180.87117169253634 525.9328103312778 199.35779692116 -1 -1 -1 -1 -1 -1 -1 -1 1 
69 1 Car -1.000000 -1 -1 563.8801482939082 175.972811669329 615.6334884710614 226.0841921987387 -1 -1 -1 -1 -1 -1 -1 -1 1 
70 6 Car -1.000000 -1 -1 547.1934494528754 174.62216042099877 567.7943971047033 190.9042051536184 -1 -1 -1 -1 -1 -1 -1 -1 1 
70 5 Car -1.000000 -1 -1 496.1473489561807 179.65829775161586 522.1312670760602 199.14325639360823 -1 -1 -1 -1 -1 -1 -1 -1 1 
70 1 Car -1.000000 -1 -1 564.4784504633326 174.09145408796002 616.0853509963249 224.05606314017535 -1 -1 -1 -1 -1 -1 -1 -1 1 
71 6 Car -1.000000 -1 -1 544.8181548231627 174.56455974302793 566.5231446988884 191.6852920437792 -1 -1 -1 -1 -1 -1 -1 -1 1 
71 5 Car -1.000000 -1 -1 490.00631575657906 178.84523396070185 517.8940233845824 199.44130142235215 -1 -1 -1 -1 -1 -1 -1 -1 1 
71 1 Car -1.000000 -1 -1 564.6626536308613 173.93017527140557 616.124860012817 223.75101808078153 -1 -1 -1 -1 -1 -1 -1 -1 1 
72 6 Car -1.000000 -1 -1 542.2853771109441 175.01204467221518 565.1735035676962 193.04455144228072 -1 -1 -1 -1 -1 -1 -1 -1 1 
72 5 Car -1.000000 -1 -1 483.24710290640144 180.06766911629282 512.9160866788706 201.83964774492918 -1 -1 -1 -1 -1 -1 -1 -1 1 
72 1 Car -1.000000 -1 -1 564.6874405106526 174.42126631995038 616.0063444648513 224.10064945246543 -1 -1 -1 -1 -1 -1 -1 -1 1 
73 6 Car -1.000000 -1 -1 539.49037472133 175.6605465497655 563.6751069915815 194.69954216897412 -1 -1 -1 -1 -1 -1 -1 -1 1 
73 5 Car -1.000000 -1 -1 475.7258766817043 181.17199574012054 507.59013343099883 204.3176950784451 -1 -1 -1 -1 -1 -1 -1 -1 1 
73 1 Car -1.000000 -1 -1 564.6506575362523 175.15561471557328 615.8273914031529 224.69533512856975 -1 -1 -1 -1 -1 -1 -1 -1 1 
74 6 Car -1.000000 -1 -1 536.3561362342879 176.42515606568344 561.9840844747229 196.58695413177844 -1 -1 -1 -1 -1 -1 -1 -1 1 
74 5 Car -1.000000 -1 -1 467.1414596211271 182.31064448475792 501.65327870290054 207.0611550974109 -1 -1 -1 -1 -1 -1 -1 -1 1 
74 1 Car -1.000000 -1 -1 564.979223156835 174.81026809121929 616.0141727941992 224.21052523697423 -1 -1 -1 -1 -1 -1 -1 -1 1 
75 6 Car -1.000000 -1 -1 532.8031905906661 177.2938409614909 560.0586425031321 198.71994737217193 -1 -1 -1 -1 -1 -1 -1 -1 1 
75 5 Car -1.000000 -1 -1 457.20109749168745 183.57999413795292 494.8840157236568 210.2041463011249 -1 -1 -1 -1 -1 -1 -1 -1 1 
75 1 Car -1.000000 -1 -1 565.4561835462854 175.30218390904224 616.3502272484458 224.56446410367948 -1 -1 -1 -1 -1 -1 -1 -1 1 
76 6 Car -1.000000 -1 -1 528.0014103663837 177.78769395163053 557.2833282336289 200.69152010948844 -1 -1 -1 -1 -1 -1 -1 -1 1 
76 5 Car -1.000000 -1 -1 444.46794209334854 184.44642090850283 485.80190819747844 213.23831007755882 -1 -1 -1 -1 -1 -1 -1 -1 1 
76 1 Car -1.000000 -1 -1 565.8100794452737 174.55451746428022 616.5684699865039 223.6838981862072 -1 -1 -1 -1 -1 -1 -1 -1 1 
77 6 Car -1.000000 -1 -1 522.1390326901034 178.17127025540796 553.8822158790157 202.79195677844567 -1 -1 -1 -1 -1 -1 -1 -1 1 
77 5 Car -1.000000 -1 -1 428.9098311415244 185.24947198262288 474.5960453713314 216.60737011706448 -1 -1 -1 -1 -1 -1 -1 -1 1 
77 1 Car -1.000000 -1 -1 566.1226203930762 174.20091339742385 616.7496187444704 223.20198111092196 -1 -1 -1 -1 -1 -1 -1 -1 1 
78 6 Car -1.000000 -1 -1 515.6270334070032 181.7780102722199 550.3534198044692 208.4777308805373 -1 -1 -1 -1 -1 -1 -1 -1 1 
78 5 Car -1.000000 -1 -1 410.53727270463264 189.26651430718945 461.74227098524887 223.93609618762267 -1 -1 -1 -1 -1 -1 -1 -1 1 
78 1 Car -1.000000 -1 -1 566.4496646161863 177.25439152717706 616.9496209698952 226.13360906921258 -1 -1 -1 -1 -1 -1 -1 -1 1 
79 6 Car -1.000000 -1 -1 507.9996231657489 187.0797148407433 546.3748015518174 216.40477286926728 -1 -1 -1 -1 -1 -1 -1 -1 1 
79 5 Car -1.000000 -1 -1 387.9840635466416 195.32601292903072 446.2971892569395 234.28600160505655 -1 -1 -1 -1 -1 -1 -1 -1 1 
79 1 Car -1.000000 -1 -1 567.0461461579728 181.28490636104027 617.4238176099398 230.13928296858677 -1 -1 -1 -1 -1 -1 -1 -1 1 
80 6 Car -1.000000 -1 -1 498.39063997404656 189.00957637783878 541.1502545509541 221.3559356025347 -1 -1 -1 -1 -1 -1 -1 -1 1 
80 5 Car -1.000000 -1 -1 359.9952611137697 198.50106337620036 427.5975877364364 242.71482561000607 -1 -1 -1 -1 -1 -1 -1 -1 1 
80 1 Car -1.000000 -1 -1 567.709726252679 182.62262975084508 617.964068579404 231.4170208642181 -1 -1 -1 -1 -1 -1 -1 -1 1 
81 6 Car -1.000000 -1 -1 486.3815992811625 189.69080426258768 534.5738128090073 225.6458823987805 -1 -1 -1 -1 -1 -1 -1 -1 1 
81 5 Car -1.000000 -1 -1 323.6147785410476 200.90693526712417 403.8522678397186 251.87187232006855 -1 -1 -1 -1 -1 -1 -1 -1 1 
81 1 Car -1.000000 -1 -1 568.3933593002009 182.7782399792872 618.5234353245789 231.47835133088074 -1 -1 -1 -1 -1 -1 -1 -1 1 
82 6 Car -1.000000 -1 -1 471.11111685175314 189.9408197811801 526.2575408879752 230.36638519990487 -1 -1 -1 -1 -1 -1 -1 -1 1 
82 5 Car -1.000000 -1 -1 274.02539770971003 203.5175808964594 372.37179734068076 263.6588866410862 -1 -1 -1 -1 -1 -1 -1 -1 1 
82 1 Car -1.000000 -1 -1 568.8335760169776 181.7735142282362 618.8518541596073 230.3283843398077 -1 -1 -1 -1 -1 -1 -1 -1 1 
83 6 Car -1.000000 -1 -1 451.12571224303707 190.23842893848973 515.1780111964727 236.34471660261477 -1 -1 -1 -1 -1 -1 -1 -1 1 
83 1 Car -1.000000 -1 -1 569.1817677184074 180.76689644359595 619.098912646022 229.18745691059422 -1 -1 -1 -1 -1 -1 -1 -1 1 
84 6 Car -1.000000 -1 -1 423.9257797126755 190.70564512455448 500.194192275744 244.45563335445692 -1 -1 -1 -1 -1 -1 -1 -1 1 
84 1 Car -1.000000 -1 -1 569.4862786092363 179.21022143803427 619.3102200609919 227.51349865101704 -1 -1 -1 -1 -1 -1 -1 -1 1 
85 7 Car -1.000000 -1 -1 801.474776614344 165.3111607293349 841.7305957531477 188.74610442756634 -1 -1 -1 -1 -1 -1 -1 -1 1 
85 6 Car -1.000000 -1 -1 384.5991890923127 191.49338481848986 479.05008066702464 256.2795498527476 -1 -1 -1 -1 -1 -1 -1 -1 1 
85 1 Car -1.000000 -1 -1 569.7645813511193 176.3943954778987 619.5128470789499 224.60338014660206 -1 -1 -1 -1 -1 -1 -1 -1 1 
86 7 Car -1.000000 -1 -1 805.6654194015288 165.15491303171288 847.1929937033357 189.182154302533 -1 -1 -1 -1 -1 -1 -1 -1 1 
86 1 Car -1.000000 -1 -1 570.0586943736189 175.99449453082855 619.7450540051507 224.12892440700142 -1 -1 -1 -1 -1 -1 -1 -1 1 
87 7 Car -1.000000 -1 -1 810.0190940935978 165.46344700885598 852.8923780812726 190.10068259967167 -1 -1 -1 -1 -1 -1 -1 -1 1 
87 1 Car -1.000000 -1 -1 570.3570451041395 176.63120121296492 619.9915674001146 224.70560221927622 -1 -1 -1 -1 -1 -1 -1 -1 1 
88 7 Car -1.000000 -1 -1 814.6279959690054 165.00859339013724 858.9307306507404 190.27621754758334 -1 -1 -1 -1 -1 -1 -1 -1 1 
88 1 Car -1.000000 -1 -1 570.6527760105845 177.4716346784229 620.2427109950848 225.49639718449043 -1 -1 -1 -1 -1 -1 -1 -1 1 
89 7 Car -1.000000 -1 -1 819.4775087586758 164.26132421288816 865.3005267633397 190.18240046393527 -1 -1 -1 -1 -1 -1 -1 -1 1 
89 1 Car -1.000000 -1 -1 570.7037328873398 177.65300339815303 620.2542511379181 225.63499860162284 -1 -1 -1 -1 -1 -1 -1 -1 1 
90 7 Car -1.000000 -1 -1 824.5753485123848 163.37999843335618 872.0174497564128 189.98071846762426 -1 -1 -1 -1 -1 -1 -1 -1 1 
90 1 Car -1.000000 -1 -1 570.6609777345736 177.58126813671606 620.1758159350804 225.52546943666601 -1 -1 -1 -1 -1 -1 -1 -1 1 
91 12 Car -1.000000 -1 -1 795.6714309746283 167.17327023004177 830.007695208112 187.43075996080282 -1 -1 -1 -1 -1 -1 -1 -1 1 
91 7 Car -1.000000 -1 -1 829.9376199293458 162.41816539756002 879.1066404977214 189.72818466743757 -1 -1 -1 -1 -1 -1 -1 -1 1 
91 1 Car -1.000000 -1 -1 570.4974826509987 177.10166451347516 619.9860991445092 225.01794380991493 -1 -1 -1 -1 -1 -1 -1 -1 1 
92 12 Car -1.000000 -1 -1 799.6536370427251 165.91807468267675 835.0604227994501 186.67722177321534 -1 -1 -1 -1 -1 -1 -1 -1 1 
92 7 Car -1.000000 -1 -1 835.5845987197828 161.39214602013482 886.5986913013088 189.44486213466757 -1 -1 -1 -1 -1 -1 -1 -1 1 
92 1 Car -1.000000 -1 -1 570.2873600849252 176.46633616107516 619.7566086349161 224.36183222290634 -1 -1 -1 -1 -1 -1 -1 -1 1 
93 12 Car -1.000000 -1 -1 803.8094105661575 164.60848401882905 840.3496338196145 185.88384564248733 -1 -1 -1 -1 -1 -1 -1 -1 1 
93 7 Car -1.000000 -1 -1 841.7169938718043 160.8239563405219 894.7429063023303 189.67274073761703 -1 -1 -1 -1 -1 -1 -1 -1 1 
93 1 Car -1.000000 -1 -1 570.0593796677668 175.7722884433737 619.5142112915729 223.6521446590555 -1 -1 -1 -1 -1 -1 -1 -1 1 
94 12 Car -1.000000 -1 -1 807.9477166761737 163.9545152718416 845.6659233201542 185.7522343052655 -1 -1 -1 -1 -1 -1 -1 -1 1 
94 7 Car -1.000000 -1 -1 848.2660195700267 160.41144314230846 903.4764415823662 190.10963759264737 -1 -1 -1 -1 -1 -1 -1 -1 1 
94 1 Car -1.000000 -1 -1 569.5392149663483 176.1446211281813 619.0078383090367 224.03680122677412 -1 -1 -1 -1 -1 -1 -1 -1 1 
95 12 Car -1.000000 -1 -1 812.3193381599667 163.99054244543564 851.2912921775207 186.329547926177 -1 -1 -1 -1 -1 -1 -1 -1 1 
95 7 Car -1.000000 -1 -1 855.2291220425689 160.0404533395525 912.808572461618 190.6437222510764 -1 -1 -1 -1 -1 -1 -1 -1 1 
95 1 Car -1.000000 -1 -1 568.9031817393901 176.91898157359765 618.4061708454793 224.8438783635516 -1 -1 -1 -1 -1 -1 -1 -1 1 
96 12 Car -1.000000 -1 -1 816.9174449598687 164.26893331069206 857.2237717202285 187.17020550663736 -1 -1 -1 -1 -1 -1 -1 -1 1 
96 7 Car -1.000000 -1 -1 862.6310272295369 159.66720361344 922.7807257337 191.2351946310975 -1 -1 -1 -1 -1 -1 -1 -1 1 
96 1 Car -1.000000 -1 -1 568.0553021753354 177.06563033370878 617.6075011518675 225.03730090699094 -1 -1 -1 -1 -1 -1 -1 -1 1 
97 12 Car -1.000000 -1 -1 821.9947983616203 162.92530185251405 863.7682680298878 186.43377748285434 -1 -1 -1 -1 -1 -1 -1 -1 1 
97 7 Car -1.000000 -1 -1 870.25117131104 157.9938364452276 933.212755228941 190.59005178369426 -1 -1 -1 -1 -1 -1 -1 -1 1 
97 1 Car -1.000000 -1 -1 567.1246725367675 176.96927662843655 616.7368717573486 224.99796883926462 -1 -1 -1 -1 -1 -1 -1 -1 1 
98 12 Car -1.000000 -1 -1 827.4321510531652 160.90306928299626 870.80101195455 185.05959967432315 -1 -1 -1 -1 -1 -1 -1 -1 1 
98 7 Car -1.000000 -1 -1 878.2740116792243 155.72071047821288 944.3083456635229 189.41455173003249 -1 -1 -1 -1 -1 -1 -1 -1 1 
98 1 Car -1.000000 -1 -1 566.1396506634761 176.83261908035888 615.8258782450204 224.9318393884961 -1 -1 -1 -1 -1 -1 -1 -1 1 
99 12 Car -1.000000 -1 -1 832.5134245219148 159.69549348109288 877.549076030782 184.52164539508394 -1 -1 -1 -1 -1 -1 -1 -1 1 
99 7 Car -1.000000 -1 -1 886.982953146118 154.0537513543404 956.4051894094246 188.93151281621735 -1 -1 -1 -1 -1 -1 -1 -1 1 
99 1 Car -1.000000 -1 -1 565.1193589374483 175.48485158776307 614.8894307995926 223.6631845369212 -1 -1 -1 -1 -1 -1 -1 -1 1 
100 12 Car -1.000000 -1 -1 837.6413555371352 158.76769132378405 884.4355468751247 184.29245323235648 -1 -1 -1 -1 -1 -1 -1 -1 1 
100 7 Car -1.000000 -1 -1 896.3642882612007 152.55363381688207 969.519290745523 188.70866592979579 -1 -1 -1 -1 -1 -1 -1 -1 1 
100 1 Car -1.000000 -1 -1 564.1026023155988 175.5423537192733 613.9643221815353 223.8081163917263 -1 -1 -1 -1 -1 -1 -1 -1 1 
101 13 Car -1.000000 -1 -1 822.8764739456605 169.43602738116658 860.3204169275724 187.54055303578224 -1 -1 -1 -1 -1 -1 -1 -1 1 
101 12 Car -1.000000 -1 -1 843.7305020693416 159.20011035586901 892.4297384539311 185.46173577473473 -1 -1 -1 -1 -1 -1 -1 -1 1 
101 7 Car -1.000000 -1 -1 906.9658975032165 152.3682739597285 984.0846803890726 189.89151284781522 -1 -1 -1 -1 -1 -1 -1 -1 1 
101 1 Car -1.000000 -1 -1 563.531194189024 177.36565115691687 613.5069445401451 225.74201515228586 -1 -1 -1 -1 -1 -1 -1 -1 1 
102 13 Car -1.000000 -1 -1 828.4470931259729 170.89085900845495 867.2994666693274 189.53846923796672 -1 -1 -1 -1 -1 -1 -1 -1 1 
102 12 Car -1.000000 -1 -1 850.4268790072076 160.1868074989893 901.188363060538 187.22736238034594 -1 -1 -1 -1 -1 -1 -1 -1 1 
102 7 Car -1.000000 -1 -1 918.6054168631224 152.71193103653965 1000.0043701697555 191.7111712861164 -1 -1 -1 -1 -1 -1 -1 -1 1 
102 1 Car -1.000000 -1 -1 563.1103538106663 178.40034392125807 613.2161127069937 226.90281500106192 -1 -1 -1 -1 -1 -1 -1 -1 1 
103 13 Car -1.000000 -1 -1 834.4042087033943 170.51259322343043 874.7663106599803 189.72298445987053 -1 -1 -1 -1 -1 -1 -1 -1 1 
103 12 Car -1.000000 -1 -1 858.4853867207349 160.084024050514 911.5748277483327 187.98279579556626 -1 -1 -1 -1 -1 -1 -1 -1 1 
103 7 Car -1.000000 -1 -1 931.2630705688916 152.17754703448205 1017.6438100974142 192.8010834750875 -1 -1 -1 -1 -1 -1 -1 -1 1 
103 1 Car -1.000000 -1 -1 562.7352311378509 178.3707073017739 612.9825459373399 227.00997662492392 -1 -1 -1 -1 -1 -1 -1 -1 1 
104 13 Car -1.000000 -1 -1 841.2172050232997 170.1040417903695 883.2115464020209 189.90515802112665 -1 -1 -1 -1 -1 -1 -1 -1 1 
104 12 Car -1.000000 -1 -1 867.4251328933209 159.52633376208152 923.1126578357042 188.36050699184935 -1 -1 -1 -1 -1 -1 -1 -1 1 
104 7 Car -1.000000 -1 -1 944.9829780508337 151.24191716408262 1037.078857517147 193.6476824520621 -1 -1 -1 -1 -1 -1 -1 -1 1 
104 1 Car -1.000000 -1 -1 562.3710332498359 177.63091073494138 612.7683844068034 226.41465598673318 -1 -1 -1 -1 -1 -1 -1 -1 1 
105 13 Car -1.000000 -1 -1 848.60049386033 169.69017920804458 892.3590325959166 190.11153021184543 -1 -1 -1 -1 -1 -1 -1 -1 1 
105 12 Car -1.000000 -1 -1 876.80398062585 158.7633507264322 935.3232667791908 188.59205539871343 -1 -1 -1 -1 -1 -1 -1 -1 1 
105 7 Car -1.000000 -1 -1 959.887059251987 150.07949444083238 1058.4962317900493 194.44174367379196 -1 -1 -1 -1 -1 -1 -1 -1 1 
105 1 Car -1.000000 -1 -1 562.0091217480873 176.72904774409113 612.5629018544895 225.66317273621866 -1 -1 -1 -1 -1 -1 -1 -1 1 
106 14 Car -1.000000 -1 -1 527.530087375895 178.37196274650165 547.8372919421964 196.03627119498708 -1 -1 -1 -1 -1 -1 -1 -1 1 
106 13 Car -1.000000 -1 -1 856.4894697409649 169.27240916374913 902.1573849527553 190.3466305919496 -1 -1 -1 -1 -1 -1 -1 -1 1 
106 12 Car -1.000000 -1 -1 886.7690297394724 157.8814288716623 948.3849775114656 188.7722656947243 -1 -1 -1 -1 -1 -1 -1 -1 1 
106 7 Car -1.000000 -1 -1 976.1431608689165 148.74645367864497 1082.1623358493873 195.26225264126913 -1 -1 -1 -1 -1 -1 -1 -1 1 
106 1 Car -1.000000 -1 -1 562.4272505281986 176.35548236584725 613.143991385039 225.4465336532176 -1 -1 -1 -1 -1 -1 -1 -1 1 
107 14 Car -1.000000 -1 -1 524.2812576957118 178.15270791706223 545.6790480914709 196.68125828417766 -1 -1 -1 -1 -1 -1 -1 -1 1 
107 13 Car -1.000000 -1 -1 864.8948114032805 168.84627495688184 912.6336488780621 190.6100807009312 -1 -1 -1 -1 -1 -1 -1 -1 1 
107 12 Car -1.000000 -1 -1 897.4714758290693 157.01524058008192 962.5024947250054 189.04585013222328 -1 -1 -1 -1 -1 -1 -1 -1 1 
107 7 Car -1.000000 -1 -1 994.3204391362149 147.46745975477313 1108.6247506463899 196.35720647219233 -1 -1 -1 -1 -1 -1 -1 -1 1 
107 1 Car -1.000000 -1 -1 563.1428352062552 176.18315774818817 614.027528991569 225.43611347899687 -1 -1 -1 -1 -1 -1 -1 -1 1 
108 14 Car -1.000000 -1 -1 520.7141884065377 177.93489019662314 543.3115419549772 197.40097123910795 -1 -1 -1 -1 -1 -1 -1 -1 1 
108 13 Car -1.000000 -1 -1 873.8566909724125 168.4062641802252 923.8475962744294 190.9011715614866 -1 -1 -1 -1 -1 -1 -1 -1 1 
108 12 Car -1.000000 -1 -1 908.9758315268487 156.11191741739455 977.7801529008877 189.36973616323766 -1 -1 -1 -1 -1 -1 -1 -1 1 
108 7 Car -1.000000 -1 -1 1014.5066003832299 146.11855255113147 1138.190258427881 197.6451562544612 -1 -1 -1 -1 -1 -1 -1 -1 1 
108 1 Car -1.000000 -1 -1 563.9714146235474 176.0868851337607 615.0279369196417 225.50558612859493 -1 -1 -1 -1 -1 -1 -1 -1 1 
109 14 Car -1.000000 -1 -1 516.7686939441294 177.7011918661033 540.6929413488474 198.18994808407862 -1 -1 -1 -1 -1 -1 -1 -1 1 
109 13 Car -1.000000 -1 -1 883.3522453051052 167.7953413119181 935.7822250488863 191.0619084818626 -1 -1 -1 -1 -1 -1 -1 -1 1 
109 12 Car -1.000000 -1 -1 921.3702988914334 155.14558250952015 994.3554697024691 189.72949228047256 -1 -1 -1 -1 -1 -1 -1 -1 1 
109 7 Car -1.000000 -1 -1 1036.942910621265 144.63499696777617 1171.365603621676 199.1120450858726 -1 -1 -1 -1 -1 -1 -1 -1 1 
109 1 Car -1.000000 -1 -1 564.8428051859605 176.01885366172127 616.0742250413768 225.60631724623266 -1 -1 -1 -1 -1 -1 -1 -1 1 
110 14 Car -1.000000 -1 -1 512.3751682282723 177.44550193739363 537.7771881026331 199.0576047444935 -1 -1 -1 -1 -1 -1 -1 -1 1 
110 13 Car -1.000000 -1 -1 893.4839094262547 167.0937648057973 948.5704009721808 191.18033207149787 -1 -1 -1 -1 -1 -1 -1 -1 1 
110 12 Car -1.000000 -1 -1 934.7623125401175 154.09968456971544 1012.396396705648 190.1219786646822 -1 -1 -1 -1 -1 -1 -1 -1 1 
110 7 Car -1.000000 -1 -1 1061.981544096273 142.9703792745532 1208.835936549931 200.7739568621419 -1 -1 -1 -1 -1 -1 -1 -1 1 
110 1 Car -1.000000 -1 -1 565.730583567432 175.96088673882343 617.1393881441888 225.71953602321054 -1 -1 -1 -1 -1 -1 -1 -1 1 
111 14 Car -1.000000 -1 -1 507.4480803509079 178.06614312266115 534.4642138966484 200.9087130278053 -1 -1 -1 -1 -1 -1 -1 -1 1 
111 13 Car -1.000000 -1 -1 904.3385288672778 166.32695961090755 962.3325873967444 191.28968307153602 -1 -1 -1 -1 -1 -1 -1 -1 1 
111 12 Car -1.000000 -1 -1 949.2791811269817 152.96000141842615 1032.1043872368875 190.54878682191463 -1 -1 -1 -1 -1 -1 -1 -1 1 
111 7 Car -1.000000 -1 -1 1083.8222830791044 141.5176677842244 1235.2848117908832 202.46843746849214 -1 -1 -1 -1 -1 -1 -1 -1 1 
111 1 Car -1.000000 -1 -1 566.2499629766037 176.34811062750705 617.8352235284392 226.27735456344928 -1 -1 -1 -1 -1 -1 -1 -1 1 
112 14 Car -1.000000 -1 -1 501.89150394776976 179.0933552177006 530.7071301582415 203.3047055730039 -1 -1 -1 -1 -1 -1 -1 -1 1 
112 13 Car -1.000000 -1 -1 916.0422940123241 166.6279197893737 977.2385510535995 192.53338428629294 -1 -1 -1 -1 -1 -1 -1 -1 1 
112 12 Car -1.000000 -1 -1 964.735751836063 152.85324739296072 1053.3342418871466 192.1412634663261 -1 -1 -1 -1 -1 -1 -1 -1 1 
112 7 Car -1.000000 -1 -1 1105.1940725777945 140.41004316402547 1251.1499787082512 204.08919924783595 -1 -1 -1 -1 -1 -1 -1 -1 1 
112 1 Car -1.000000 -1 -1 566.6287463323205 176.90641762888794 618.3900006594057 227.00602339132695 -1 -1 -1 -1 -1 -1 -1 -1 1 
113 14 Car -1.000000 -1 -1 495.57329275461115 180.36643571870837 526.42999202135 206.1270908018064 -1 -1 -1 -1 -1 -1 -1 -1 1 
113 13 Car -1.000000 -1 -1 928.6738361845076 167.38221092284354 993.4112275783112 194.30575971341077 -1 -1 -1 -1 -1 -1 -1 -1 1 
113 12 Car -1.000000 -1 -1 981.4740799756436 153.173369953719 1076.542162724171 194.31777551842723 -1 -1 -1 -1 -1 -1 -1 -1 1 
113 7 Car -1.000000 -1 -1 1130.128666777879 140.14846575665877 1261.879809067243 205.41560592357553 -1 -1 -1 -1 -1 -1 -1 -1 1 
113 1 Car -1.000000 -1 -1 566.9543380602058 177.53082759447838 618.8914681813744 227.80082722478411 -1 -1 -1 -1 -1 -1 -1 -1 1 
114 14 Car -1.000000 -1 -1 488.0028837625413 181.03440154192938 521.2315304646652 208.57417754875254 -1 -1 -1 -1 -1 -1 -1 -1 1 
114 13 Car -1.000000 -1 -1 942.285747758995 168.25319504878377 1010.9477287336405 196.27773676967348 -1 -1 -1 -1 -1 -1 -1 -1 1 
114 12 Car -1.000000 -1 -1 999.7586707192689 153.69359756126457 1102.1299472480014 196.8793855738219 -1 -1 -1 -1 -1 -1 -1 -1 1 
114 7 Car -1.000000 -1 -1 1159.953028944891 139.36679956716577 1270.0698158947232 205.38312250955843 -1 -1 -1 -1 -1 -1 -1 -1 1 
114 1 Car -1.000000 -1 -1 567.2602870573569 178.18124726571745 619.3734292857075 228.6218689626349 -1 -1 -1 -1 -1 -1 -1 -1 1 
115 15 Car -1.000000 -1 -1 533.0006148198701 177.66471257413463 554.0358760204232 193.7155852274356 -1 -1 -1 -1 -1 -1 -1 -1 1 
115 14 Car -1.000000 -1 -1 479.2845322913752 180.33186887280692 515.2531543153302 209.8818409075148 -1 -1 -1 -1 -1 -1 -1 -1 1 
115 13 Car -1.000000 -1 -1 956.9925028422803 166.4671105248894 1030.02310631637 195.68541450852257 -1 -1 -1 -1 -1 -1 -1 -1 1 
115 12 Car -1.000000 -1 -1 1020.0203493745156 151.37927323929347 1130.6344463617413 196.83644544267577 -1 -1 -1 -1 -1 -1 -1 -1 1 
115 1 Car -1.000000 -1 -1 567.4365537886666 176.77540848469224 619.7328009142933 227.39253660479162 -1 -1 -1 -1 -1 -1 -1 -1 1 
116 15 Car -1.000000 -1 -1 530.5372141986869 175.66344040577565 552.6457951564017 192.46156947835055 -1 -1 -1 -1 -1 -1 -1 -1 1 
116 14 Car -1.000000 -1 -1 469.08942516937236 178.94036430521572 508.2893272207766 210.82147965153086 -1 -1 -1 -1 -1 -1 -1 -1 1 
116 13 Car -1.000000 -1 -1 972.7400560314427 164.05193526396874 1050.5869970139374 194.56173619710557 -1 -1 -1 -1 -1 -1 -1 -1 1 
116 12 Car -1.000000 -1 -1 1042.5124978774768 147.67593081157898 1162.5458249371052 195.676334699279 -1 -1 -1 -1 -1 -1 -1 -1 1 
116 1 Car -1.000000 -1 -1 567.562679399251 174.57729748836377 620.0475079555599 225.37553705287277 -1 -1 -1 -1 -1 -1 -1 -1 1 
117 15 Car -1.000000 -1 -1 527.5182000814307 176.61254900609754 550.8117372097752 194.2209416805996 -1 -1 -1 -1 -1 -1 -1 -1 1 
117 14 Car -1.000000 -1 -1 457.11088138834435 180.25806183133355 500.1958363718982 214.89332175528514 -1 -1 -1 -1 -1 -1 -1 -1 1 
117 13 Car -1.000000 -1 -1 989.8404756103477 161.2317814143146 1073.0579151740556 193.15055718681597 -1 -1 -1 -1 -1 -1 -1 -1 1 
117 12 Car -1.000000 -1 -1 1067.5856453489969 143.07619380355953 1198.5082985556328 193.9435603918925 -1 -1 -1 -1 -1 -1 -1 -1 1 
117 1 Car -1.000000 -1 -1 567.7352671988077 173.78238999965552 620.3653068336981 224.72010096321432 -1 -1 -1 -1 -1 -1 -1 -1 1 
118 15 Car -1.000000 -1 -1 524.0978220575855 178.61148506796525 548.7009235426028 197.10053232526366 -1 -1 -1 -1 -1 -1 -1 -1 1 
118 14 Car -1.000000 -1 -1 442.6682843624321 182.87532772225958 490.54638061636234 220.91336573983463 -1 -1 -1 -1 -1 -1 -1 -1 1 
118 13 Car -1.000000 -1 -1 1008.9163466836148 160.8502852205036 1098.2714803622907 194.34529590692958 -1 -1 -1 -1 -1 -1 -1 -1 1 
118 12 Car -1.000000 -1 -1 1091.7179199345746 140.95402974512615 1229.7456311580831 194.71846628707937 -1 -1 -1 -1 -1 -1 -1 -1 1 
118 1 Car -1.000000 -1 -1 568.1143892084311 174.7933241824061 620.898138712195 225.87956572014824 -1 -1 -1 -1 -1 -1 -1 -1 1 
119 15 Car -1.000000 -1 -1 520.346805569219 181.2448132447908 546.4039953593458 200.74659196947238 -1 -1 -1 -1 -1 -1 -1 -1 1 
119 14 Car -1.000000 -1 -1 424.1048087753602 186.45579479997494 478.09803385681596 228.80599377819263 -1 -1 -1 -1 -1 -1 -1 -1 1 
119 13 Car -1.000000 -1 -1 1030.6939146636128 164.71682157666143 1127.1453584667388 199.98141489207595 -1 -1 -1 -1 -1 -1 -1 -1 1 
119 12 Car -1.000000 -1 -1 1113.1096021626797 142.37212358847302 1247.7299334285942 198.65671556159583 -1 -1 -1 -1 -1 -1 -1 -1 1 
119 1 Car -1.000000 -1 -1 568.572253865664 176.49580458057207 621.5161334503904 227.73737122115077 -1 -1 -1 -1 -1 -1 -1 -1 1 
120 15 Car -1.000000 -1 -1 515.5777362253156 182.63036619680292 543.2628157656608 203.2445977993985 -1 -1 -1 -1 -1 -1 -1 -1 1 
120 14 Car -1.000000 -1 -1 399.6228578346876 188.675034508061 461.62133728494837 236.4412897934501 -1 -1 -1 -1 -1 -1 -1 -1 1 
120 13 Car -1.000000 -1 -1 1053.1678153649354 167.09185641996982 1157.5054944727644 204.2594301323325 -1 -1 -1 -1 -1 -1 -1 -1 1 
120 12 Car -1.000000 -1 -1 1137.1173511086376 146.03066767198158 1259.4214030643611 203.75844676249807 -1 -1 -1 -1 -1 -1 -1 -1 1 
120 1 Car -1.000000 -1 -1 569.0603087134893 178.46347051819865 622.169229401414 229.86550990164167 -1 -1 -1 -1 -1 -1 -1 -1 1 
121 15 Car -1.000000 -1 -1 510.455071968727 179.51130846877794 539.9270498243648 201.25621720100622 -1 -1 -1 -1 -1 -1 -1 -1 1 
121 14 Car -1.000000 -1 -1 367.926419638641 186.65434233044712 440.5659630590322 241.06206589679707 -1 -1 -1 -1 -1 -1 -1 -1 1 
121 13 Car -1.000000 -1 -1 1077.9687501373683 165.85207989064637 1191.4227225614304 205.1603779687879 -1 -1 -1 -1 -1 -1 -1 -1 1 
121 12 Car -1.000000 -1 -1 1165.266843322555 147.0977329766124 1267.925139878797 205.50742153391184 -1 -1 -1 -1 -1 -1 -1 -1 1 
121 1 Car -1.000000 -1 -1 569.2779057585537 179.0277451736319 622.551689748369 230.58970871101184 -1 -1 -1 -1 -1 -1 -1 -1 1 
122 15 Car -1.000000 -1 -1 503.84974718866556 177.05509662409986 535.3960128817237 200.08554180365536 -1 -1 -1 -1 -1 -1 -1 -1 1 
122 14 Car -1.000000 -1 -1 324.8697975424012 186.23090371425428 412.6504564282111 249.69125693487018 -1 -1 -1 -1 -1 -1 -1 -1 1 
122 13 Car -1.000000 -1 -1 1104.4533012630068 163.01854454705926 1226.600577700975 204.64447698665515 -1 -1 -1 -1 -1 -1 -1 -1 1 
122 1 Car -1.000000 -1 -1 569.3927819375748 179.05478747397422 622.8314985078022 230.77646764327858 -1 -1 -1 -1 -1 -1 -1 -1 1 
123 15 Car -1.000000 -1 -1 496.04540136420013 176.69721196827481 530.0031719345047 201.19179918620904 -1 -1 -1 -1 -1 -1 -1 -1 1 
123 13 Car -1.000000 -1 -1 1126.7763503533379 159.60870039523218 1246.3427074201554 203.11604522039414 -1 -1 -1 -1 -1 -1 -1 -1 1 
123 1 Car -1.000000 -1 -1 569.469200227211 178.8766908929822 623.0731008828237 230.7581315097957 -1 -1 -1 -1 -1 -1 -1 -1 1 
124 15 Car -1.000000 -1 -1 487.9883912662077 177.47287713737427 524.7514797726798 203.65285717134418 -1 -1 -1 -1 -1 -1 -1 -1 1 
124 13 Car -1.000000 -1 -1 1151.3723685866516 156.09213824285806 1258.9051476520804 200.59973271709757 -1 -1 -1 -1 -1 -1 -1 -1 1 
124 1 Car -1.000000 -1 -1 569.5317359429063 178.62066062811937 623.3012080931795 230.6620912212809 -1 -1 -1 -1 -1 -1 -1 -1 1 
125 15 Car -1.000000 -1 -1 478.6856544958392 179.91003974964886 518.737759853399 208.03697719624145 -1 -1 -1 -1 -1 -1 -1 -1 1 
125 1 Car -1.000000 -1 -1 569.5897499907501 178.3353131593894 623.5252824890947 230.53710249546117 -1 -1 -1 -1 -1 -1 -1 -1 1 
126 19 Car -1.000000 -1 -1 636.4337670410665 174.0543519133174 653.8252686589634 189.50938496312844 -1 -1 -1 -1 -1 -1 -1 -1 1 
126 15 Car -1.000000 -1 -1 467.7621153927611 183.16695051733396 511.76254200237395 213.6967555592049 -1 -1 -1 -1 -1 -1 -1 -1 1 
126 1 Car -1.000000 -1 -1 569.6467761681625 178.03913315543326 623.7489352888712 230.4017537475579 -1 -1 -1 -1 -1 -1 -1 -1 1 
127 19 Car -1.000000 -1 -1 637.1186135318318 175.6852248794002 654.9193433718625 191.4847545905397 -1 -1 -1 -1 -1 -1 -1 -1 1 
127 15 Car -1.000000 -1 -1 453.50500665312757 185.5362283443284 502.36995367410975 218.94825089831934 -1 -1 -1 -1 -1 -1 -1 -1 1 
127 1 Car -1.000000 -1 -1 569.704120316448 177.73906245371936 623.9735317591266 230.26306576299018 -1 -1 -1 -1 -1 -1 -1 -1 1 
128 19 Car -1.000000 -1 -1 637.8331661529622 177.38934041221512 656.0604830159506 193.54550144961615 -1 -1 -1 -1 -1 -1 -1 -1 1 
128 15 Car -1.000000 -1 -1 435.71023475855407 187.80838565099444 490.667598547131 224.73875056677073 -1 -1 -1 -1 -1 -1 -1 -1 1 
128 1 Car -1.000000 -1 -1 569.7622405664939 177.43763057614132 624.1995757925209 230.12362863224325 -1 -1 -1 -1 -1 -1 -1 -1 1 
129 19 Car -1.000000 -1 -1 638.4231574595373 177.7409573587491 657.0974841925898 194.26921982846383 -1 -1 -1 -1 -1 -1 -1 -1 1 
129 15 Car -1.000000 -1 -1 414.33542140855053 189.16997309793547 476.974513236075 230.36327378780763 -1 -1 -1 -1 -1 -1 -1 -1 1 
129 1 Car -1.000000 -1 -1 569.6688292904034 177.1942886302393 624.2806104724718 230.0486273069179 -1 -1 -1 -1 -1 -1 -1 -1 1 
130 19 Car -1.000000 -1 -1 638.9905717833248 177.6482779014895 658.1330522309291 194.5644914163932 -1 -1 -1 -1 -1 -1 -1 -1 1 
130 15 Car -1.000000 -1 -1 387.42271765509867 190.3582213264506 460.09831730360014 236.9094695904311 -1 -1 -1 -1 -1 -1 -1 -1 1 
130 1 Car -1.000000 -1 -1 569.5167127056685 176.97210435203857 624.3079732585262 229.999683676647 -1 -1 -1 -1 -1 -1 -1 -1 1 
131 19 Car -1.000000 -1 -1 639.5704551469765 177.41049585383055 659.2035897178529 194.7315151280376 -1 -1 -1 -1 -1 -1 -1 -1 1 
131 15 Car -1.000000 -1 -1 352.11923116172517 191.73285654544944 438.4829137389673 245.3061589281746 -1 -1 -1 -1 -1 -1 -1 -1 1 
131 1 Car -1.000000 -1 -1 569.3416604980567 176.75709463123115 624.3163546410157 229.9617661155517 -1 -1 -1 -1 -1 -1 -1 -1 1 
132 19 Car -1.000000 -1 -1 640.1760122730891 177.12738471697344 660.3240378513203 194.87141489776786 -1 -1 -1 -1 -1 -1 -1 -1 1 
132 15 Car -1.000000 -1 -1 302.9347776725454 195.51852371048338 409.3835476762005 259.1847815439761 -1 -1 -1 -1 -1 -1 -1 -1 1 
132 1 Car -1.000000 -1 -1 569.1574888894243 176.54402054924216 624.3187886634423 229.92887662528173 -1 -1 -1 -1 -1 -1 -1 -1 1 
133 19 Car -1.000000 -1 -1 640.8131185723278 176.8307033975013 661.5023037115998 195.01753553247678 -1 -1 -1 -1 -1 -1 -1 -1 1 
133 1 Car -1.000000 -1 -1 568.9695473748677 176.33095205377617 624.3200600069338 229.89853632136897 -1 -1 -1 -1 -1 -1 -1 -1 1 
134 19 Car -1.000000 -1 -1 641.4006320784295 177.84708115928228 662.6419525902456 196.49186229822593 -1 -1 -1 -1 -1 -1 -1 -1 1 
134 1 Car -1.000000 -1 -1 568.6459253017997 176.9798468676567 624.1788274834823 230.72388997698118 -1 -1 -1 -1 -1 -1 -1 -1 1 
135 23 Car -1.000000 -1 -1 828.0138220367223 166.10503247027634 862.740722434027 189.45334618944509 -1 -1 -1 -1 -1 -1 -1 -1 1 
135 19 Car -1.000000 -1 -1 641.9924526531236 179.41551830649982 663.8040850906411 198.5377206157785 -1 -1 -1 -1 -1 -1 -1 -1 1 
135 1 Car -1.000000 -1 -1 568.271623722921 177.96060008855125 623.9821519948398 231.87672821821525 -1 -1 -1 -1 -1 -1 -1 -1 1 
136 23 Car -1.000000 -1 -1 833.7210643130041 167.03227505074375 869.6732051868813 191.03456150416451 -1 -1 -1 -1 -1 -1 -1 -1 1 
136 19 Car -1.000000 -1 -1 642.6072653839633 181.21407598935738 665.0176672648881 200.86266937060648 -1 -1 -1 -1 -1 -1 -1 -1 1 
136 1 Car -1.000000 -1 -1 567.8787664030937 179.0699037030011 623.7636582442614 233.1551225077538 -1 -1 -1 -1 -1 -1 -1 -1 1 
137 26 Car -1.000000 -1 -1 819.1758108534224 173.22706843536017 853.5829752361059 190.88520994986058 -1 -1 -1 -1 -1 -1 -1 -1 1 
137 23 Car -1.000000 -1 -1 839.7158435008379 168.01513642502462 876.974664969819 192.6942195449396 -1 -1 -1 -1 -1 -1 -1 -1 1 
137 19 Car -1.000000 -1 -1 643.8162024909298 180.67186490179995 666.8641087251863 200.8408328736033 -1 -1 -1 -1 -1 -1 -1 -1 1 
137 1 Car -1.000000 -1 -1 568.1729970235465 178.52821387776808 624.2300015696665 232.77943034616456 -1 -1 -1 -1 -1 -1 -1 -1 1 
138 26 Car -1.000000 -1 -1 824.4455786094009 172.00600945445524 860.0028321056129 190.13015535718654 -1 -1 -1 -1 -1 -1 -1 -1 1 
138 23 Car -1.000000 -1 -1 846.3253758052269 166.659335147457 884.9645597378062 192.03262276394287 -1 -1 -1 -1 -1 -1 -1 -1 1 
138 19 Car -1.000000 -1 -1 645.3003115145814 179.14480984065926 669.0334152021887 199.86577992560927 -1 -1 -1 -1 -1 -1 -1 -1 1 
138 1 Car -1.000000 -1 -1 568.7312777890573 177.3542173447031 624.9589874693003 231.7694808878543 -1 -1 -1 -1 -1 -1 -1 -1 1 
139 26 Car -1.000000 -1 -1 829.9318994105573 170.6876584151487 866.7113462078552 189.29225151567846 -1 -1 -1 -1 -1 -1 -1 -1 1 
139 23 Car -1.000000 -1 -1 853.3907767253 164.45773874171354 893.5000190386371 190.55012560635035 -1 -1 -1 -1 -1 -1 -1 -1 1 
139 19 Car -1.000000 -1 -1 646.9451656423329 177.17604760916814 671.4133699222804 198.4824731293722 -1 -1 -1 -1 -1 -1 -1 -1 1 
139 1 Car -1.000000 -1 -1 569.3914082627876 175.93800411496173 625.7890307852705 230.51619956926655 -1 -1 -1 -1 -1 -1 -1 -1 1 
140 26 Car -1.000000 -1 -1 835.9973171978695 169.19943965675193 874.0849865371856 188.3057831510566 -1 -1 -1 -1 -1 -1 -1 -1 1 
140 23 Car -1.000000 -1 -1 860.9047859912682 162.62367964184386 902.5882352212318 189.46600429941304 -1 -1 -1 -1 -1 -1 -1 -1 1 
140 19 Car -1.000000 -1 -1 648.8638127771874 175.99628471237978 674.1255435983819 197.92484685402027 -1 -1 -1 -1 -1 -1 -1 -1 1 
140 1 Car -1.000000 -1 -1 570.0912870512699 174.4285747553561 626.658480477924 229.16920027412297 -1 -1 -1 -1 -1 -1 -1 -1 1 
141 26 Car -1.000000 -1 -1 842.4773608077749 167.6102844731522 881.9656362672185 187.24047024308277 -1 -1 -1 -1 -1 -1 -1 -1 1 
141 23 Car -1.000000 -1 -1 868.8769618294954 161.50106661436774 912.2521160337357 189.12936117805828 -1 -1 -1 -1 -1 -1 -1 -1 1 
141 19 Car -1.000000 -1 -1 650.9628628651591 175.09478082602837 677.0800411495321 197.6848640891861 -1 -1 -1 -1 -1 -1 -1 -1 1 
141 1 Car -1.000000 -1 -1 570.8072286077019 172.88250777902448 627.543981265259 227.78551172985908 -1 -1 -1 -1 -1 -1 -1 -1 1 
142 26 Car -1.000000 -1 -1 849.6635756116094 167.4002578773427 890.6672820795969 187.57989646462107 -1 -1 -1 -1 -1 -1 -1 -1 1 
142 23 Car -1.000000 -1 -1 877.3302396426827 160.62057692513912 922.528369792813 189.07597440440748 -1 -1 -1 -1 -1 -1 -1 -1 1 
142 19 Car -1.000000 -1 -1 653.3442874537465 175.26872821924474 680.3884109683562 198.5637724259463 -1 -1 -1 -1 -1 -1 -1 -1 1 
142 1 Car -1.000000 -1 -1 572.0699056797973 173.18473516119843 628.972256560977 228.24592651718945 -1 -1 -1 -1 -1 -1 -1 -1 1 
143 26 Car -1.000000 -1 -1 857.3711603016781 167.7031067519617 900.0115947911378 188.45934343141968 -1 -1 -1 -1 -1 -1 -1 -1 1 
143 23 Car -1.000000 -1 -1 886.2585810500092 160.41696105630297 933.435823302644 189.74762096480794 -1 -1 -1 -1 -1 -1 -1 -1 1 
143 19 Car -1.000000 -1 -1 655.93397188365 175.88791878477429 683.9820028696597 199.93513903992914 -1 -1 -1 -1 -1 -1 -1 -1 1 
143 1 Car -1.000000 -1 -1 573.5467611396136 174.4855452024429 630.6121916003513 229.7020153138634 -1 -1 -1 -1 -1 -1 -1 -1 1 
144 26 Car -1.000000 -1 -1 865.5591505804204 168.2072268331267 909.9675614146412 189.56979451909893 -1 -1 -1 -1 -1 -1 -1 -1 1 
144 23 Car -1.000000 -1 -1 895.735304099975 160.4735750494836 945.0630585586092 190.73267843401288 -1 -1 -1 -1 -1 -1 -1 -1 1 
144 19 Car -1.000000 -1 -1 658.1319897314149 176.44238547087983 687.2477855293741 201.28838436760228 -1 -1 -1 -1 -1 -1 -1 -1 1 
144 1 Car -1.000000 -1 -1 575.0989505862754 175.3467781635208 632.3255884575149 230.71627700831107 -1 -1 -1 -1 -1 -1 -1 -1 1 
145 26 Car -1.000000 -1 -1 873.5527150187877 168.77500062429323 919.837239005768 190.76463166757173 -1 -1 -1 -1 -1 -1 -1 -1 1 
145 23 Car -1.000000 -1 -1 905.8259903969214 160.63469694436117 957.4946693450116 191.8813829175163 -1 -1 -1 -1 -1 -1 -1 -1 1 
145 19 Car -1.000000 -1 -1 660.2681017449928 176.99585268103164 690.5267865813697 202.69382862405172 -1 -1 -1 -1 -1 -1 -1 -1 1 
145 1 Car -1.000000 -1 -1 576.6806036247424 175.91073016176915 634.0673031835108 231.43172725723008 -1 -1 -1 -1 -1 -1 -1 -1 1 
146 26 Car -1.000000 -1 -1 881.7710782498149 169.38454630418576 930.0613415007193 192.02911331833954 -1 -1 -1 -1 -1 -1 -1 -1 1 
146 23 Car -1.000000 -1 -1 916.598237405129 160.84296435843743 970.8212412292274 193.1432373845396 -1 -1 -1 -1 -1 -1 -1 -1 1 
146 19 Car -1.000000 -1 -1 662.4776519158444 177.5755585503035 693.9661825026852 204.18568348078915 -1 -1 -1 -1 -1 -1 -1 -1 1 
146 1 Car -1.000000 -1 -1 578.2715638948371 175.96224827909737 635.8176122108391 231.63373627684132 -1 -1 -1 -1 -1 -1 -1 -1 1 
147 26 Car -1.000000 -1 -1 890.3984926723833 170.03084827260025 940.8449639653224 193.36427905120027 -1 -1 -1 -1 -1 -1 -1 -1 1 
147 23 Car -1.000000 -1 -1 928.1263231409592 161.0782733076091 985.1445179971378 194.50598617972423 -1 -1 -1 -1 -1 -1 -1 -1 1 
147 19 Car -1.000000 -1 -1 664.823052150333 178.19527462986318 697.6413033865321 205.78536392285778 -1 -1 -1 -1 -1 -1 -1 -1 1 
147 1 Car -1.000000 -1 -1 579.8562688220873 176.1446019359968 637.5594409848477 231.96403606610235 -1 -1 -1 -1 -1 -1 -1 -1 1 
148 26 Car -1.000000 -1 -1 899.5343242571962 170.71528900131423 952.3091697056161 194.77712232157674 -1 -1 -1 -1 -1 -1 -1 -1 1 
148 23 Car -1.000000 -1 -1 939.8977072746544 161.86074374637016 999.950057191336 196.4919531522223 -1 -1 -1 -1 -1 -1 -1 -1 1 
148 19 Car -1.000000 -1 -1 667.3405760683694 178.8642103460147 701.6029435558297 207.51067378810293 -1 -1 -1 -1 -1 -1 -1 -1 1 
148 1 Car -1.000000 -1 -1 581.4412749612687 176.37767296594802 639.3002031906213 232.34333547071594 -1 -1 -1 -1 -1 -1 -1 -1 1 
149 26 Car -1.000000 -1 -1 909.250008239303 171.44185677372874 964.5490432150109 196.27720439419087 -1 -1 -1 -1 -1 -1 -1 -1 1 
149 23 Car -1.000000 -1 -1 952.3343140356453 162.9048451126781 1015.703113671088 198.8277269294032 -1 -1 -1 -1 -1 -1 -1 -1 1 
149 19 Car -1.000000 -1 -1 670.058631139407 179.59054761199178 705.8961993636574 209.3796413302265 -1 -1 -1 -1 -1 -1 -1 -1 1 
149 1 Car -1.000000 -1 -1 583.0292248352171 176.63066384279057 641.0431682485632 232.74144027740294 -1 -1 -1 -1 -1 -1 -1 -1 1 
150 26 Car -1.000000 -1 -1 919.4091800007797 175.03279308934077 977.4543638204317 200.69407165071874 -1 -1 -1 -1 -1 -1 -1 -1 1 
150 23 Car -1.000000 -1 -1 965.5267781101301 165.44683053016678 1032.536511536021 202.761835645745 -1 -1 -1 -1 -1 -1 -1 -1 1 
150 19 Car -1.000000 -1 -1 672.1581571232283 180.41998948492204 709.6824965867935 211.4457149644382 -1 -1 -1 -1 -1 -1 -1 -1 1 
150 1 Car -1.000000 -1 -1 584.6212747864782 176.89173188388867 642.789952174547 233.14694783718983 -1 -1 -1 -1 -1 -1 -1 -1 1 
151 26 Car -1.000000 -1 -1 930.3806792940013 173.9159837652958 991.4316270415757 200.46355547234245 -1 -1 -1 -1 -1 -1 -1 -1 1 
151 23 Car -1.000000 -1 -1 979.5108910813606 164.11086370108768 1050.5099021983508 202.92123270270696 -1 -1 -1 -1 -1 -1 -1 -1 1 
151 19 Car -1.000000 -1 -1 674.1270189863202 181.3168685582612 713.4786933708148 213.70427484297915 -1 -1 -1 -1 -1 -1 -1 -1 1 
151 1 Car -1.000000 -1 -1 586.2180192081146 177.15632917597313 644.5414876488574 233.55563228405296 -1 -1 -1 -1 -1 -1 -1 -1 1 
152 26 Car -1.000000 -1 -1 942.0343789965005 170.30874516090805 1006.377138581519 197.8091715701149 -1 -1 -1 -1 -1 -1 -1 -1 1 
152 23 Car -1.000000 -1 -1 994.5640666645999 161.09957209751477 1069.968602806356 201.526933514553 -1 -1 -1 -1 -1 -1 -1 -1 1 
152 19 Car -1.000000 -1 -1 677.0165367017937 178.55712449154822 718.3762009333941 212.39974457133206 -1 -1 -1 -1 -1 -1 -1 -1 1 
152 1 Car -1.000000 -1 -1 587.6553055182067 177.00281828604062 646.1334348667665 233.54658229487683 -1 -1 -1 -1 -1 -1 -1 -1 1 
153 26 Car -1.000000 -1 -1 954.5400779328215 167.05847783841105 1022.5043781327545 195.5859549864978 -1 -1 -1 -1 -1 -1 -1 -1 1 
153 23 Car -1.000000 -1 -1 1010.8912701268448 157.22575988680967 1091.195394676953 199.41169629689608 -1 -1 -1 -1 -1 -1 -1 -1 1 
153 19 Car -1.000000 -1 -1 679.9945825032667 177.37778276951454 723.5549972266592 212.80952570846287 -1 -1 -1 -1 -1 -1 -1 -1 1 
153 1 Car -1.000000 -1 -1 589.0349248007545 176.6894176654563 647.6678115296987 233.37808692260495 -1 -1 -1 -1 -1 -1 -1 -1 1 
154 26 Car -1.000000 -1 -1 968.0468862625315 166.37642646799034 1040.0149016968844 196.01386145900764 -1 -1 -1 -1 -1 -1 -1 -1 1 
154 23 Car -1.000000 -1 -1 1028.9656371439453 155.22777095587853 1114.7973752697 199.3463083458261 -1 -1 -1 -1 -1 -1 -1 -1 1 
154 19 Car -1.000000 -1 -1 683.5578942126782 178.0478313385499 729.5853714749647 215.23957297242882 -1 -1 -1 -1 -1 -1 -1 -1 1 
154 1 Car -1.000000 -1 -1 590.3959904192334 176.31502872084855 649.1838977510131 233.1491009671807 -1 -1 -1 -1 -1 -1 -1 -1 1 
155 26 Car -1.000000 -1 -1 982.0304508051514 165.97001333973847 1058.3832921228839 196.79663830212772 -1 -1 -1 -1 -1 -1 -1 -1 1 
155 23 Car -1.000000 -1 -1 1048.868150952419 153.89328876493482 1140.9637842185002 200.143260902341 -1 -1 -1 -1 -1 -1 -1 -1 1 
155 19 Car -1.000000 -1 -1 687.6071139765507 179.55470979679166 736.4130036631578 218.7032536303426 -1 -1 -1 -1 -1 -1 -1 -1 1 
155 1 Car -1.000000 -1 -1 591.7535708234494 175.9174417162515 650.6968855737763 232.89745426778356 -1 -1 -1 -1 -1 -1 -1 -1 1 
156 26 Car -1.000000 -1 -1 996.9406098088554 165.65674488213082 1078.1334124448163 197.76677364627542 -1 -1 -1 -1 -1 -1 -1 -1 1 
156 23 Car -1.000000 -1 -1 1070.5115344750116 152.81538251114824 1169.6879850650575 201.40614187067428 -1 -1 -1 -1 -1 -1 -1 -1 1 
156 19 Car -1.000000 -1 -1 691.8103868265262 180.3878312885664 743.7629354565331 221.71113751164162 -1 -1 -1 -1 -1 -1 -1 -1 1 
156 1 Car -1.000000 -1 -1 593.113509350951 175.51101323871234 652.2127110213618 232.637534079479 -1 -1 -1 -1 -1 -1 -1 -1 1 
157 26 Car -1.000000 -1 -1 1013.0438455575209 165.36464620493385 1099.616387342915 198.86831445188076 -1 -1 -1 -1 -1 -1 -1 -1 1 
157 23 Car -1.000000 -1 -1 1094.3223902927832 151.77200340388612 1201.5708689028477 202.95339667258406 -1 -1 -1 -1 -1 -1 -1 -1 1 
157 19 Car -1.000000 -1 -1 696.3907425169181 181.00252160258088 751.9268365863078 224.7598979492355 -1 -1 -1 -1 -1 -1 -1 -1 1 
157 1 Car -1.000000 -1 -1 594.4781118130213 175.101122160455 653.733748943308 232.3747434640193 -1 -1 -1 -1 -1 -1 -1 -1 1 
158 26 Car -1.000000 -1 -1 1030.5543878380238 165.06390860368612 1123.146209393661 200.08939508526754 -1 -1 -1 -1 -1 -1 -1 -1 1 
158 23 Car -1.000000 -1 -1 1118.460167698528 150.83307953091654 1231.3781821154575 204.6531717469467 -1 -1 -1 -1 -1 -1 -1 -1 1 
158 19 Car -1.000000 -1 -1 701.4955945103145 181.58217168218408 761.141841057912 228.08502740324326 -1 -1 -1 -1 -1 -1 -1 -1 1 
158 1 Car -1.000000 -1 -1 595.8483261045023 174.6897149845463 655.2609998452074 232.11104871159853 -1 -1 -1 -1 -1 -1 -1 -1 1 
159 26 Car -1.000000 -1 -1 1049.8802014040757 164.6510168963922 1149.2963208097867 201.3548383397989 -1 -1 -1 -1 -1 -1 -1 -1 1 
159 23 Car -1.000000 -1 -1 1139.7659719652881 150.07115252672662 1248.3884274828476 206.0700180562588 -1 -1 -1 -1 -1 -1 -1 -1 1 
159 19 Car -1.000000 -1 -1 707.3010465101763 182.18745908569767 771.6802797673065 231.79431948515972 -1 -1 -1 -1 -1 -1 -1 -1 1 
159 1 Car -1.000000 -1 -1 597.2020025130536 174.7515070036036 656.765751047258 232.31455719489298 -1 -1 -1 -1 -1 -1 -1 -1 1 
160 26 Car -1.000000 -1 -1 1071.1727996468212 164.16232870595832 1178.362362371825 202.72455764482453 -1 -1 -1 -1 -1 -1 -1 -1 1 
160 23 Car -1.000000 -1 -1 1163.4051569618687 149.72595771927166 1259.3803914196696 206.88848782117674 -1 -1 -1 -1 -1 -1 -1 -1 1 
160 19 Car -1.000000 -1 -1 713.9319182993942 182.85501114144225 783.8254034456121 236.0239114829429 -1 -1 -1 -1 -1 -1 -1 -1 1 
160 1 Car -1.000000 -1 -1 598.5537306151326 174.99527154542244 658.2643614609009 232.6957968332623 -1 -1 -1 -1 -1 -1 -1 -1 1 
161 26 Car -1.000000 -1 -1 1094.6949977907998 163.6065353026721 1210.7918151945637 204.23683595573152 -1 -1 -1 -1 -1 -1 -1 -1 1 
161 19 Car -1.000000 -1 -1 721.5666815558767 183.61970385123107 797.9661454646015 240.9288312489984 -1 -1 -1 -1 -1 -1 -1 -1 1 
161 1 Car -1.000000 -1 -1 599.9088484417354 175.3091216778153 659.7634576751128 233.14415785716437 -1 -1 -1 -1 -1 -1 -1 -1 1 
162 26 Car -1.000000 -1 -1 1116.4753615156703 163.2456733242352 1235.9793770081085 205.82345817132983 -1 -1 -1 -1 -1 -1 -1 -1 1 
162 19 Car -1.000000 -1 -1 730.2842101665108 184.6545645589292 814.4310422206704 246.8893232437152 -1 -1 -1 -1 -1 -1 -1 -1 1 
162 1 Car -1.000000 -1 -1 601.2692266753594 175.65005155252598 661.2658497436524 233.61756583631708 -1 -1 -1 -1 -1 -1 -1 -1 1 
163 26 Car -1.000000 -1 -1 1136.5446793415801 162.04996860591325 1250.5778258200355 206.21110621246686 -1 -1 -1 -1 -1 -1 -1 -1 1 
163 19 Car -1.000000 -1 -1 740.5391443497662 185.95068449777048 834.1128549067811 254.12906123772032 -1 -1 -1 -1 -1 -1 -1 -1 1 
163 1 Car -1.000000 -1 -1 602.0924810359445 176.30649653313512 662.2391341205487 234.41460066537454 -1 -1 -1 -1 -1 -1 -1 -1 1 
164 26 Car -1.000000 -1 -1 1159.0430669312625 160.5427029822144 1260.157979901863 205.58506756975783 -1 -1 -1 -1 -1 -1 -1 -1 1 
164 19 Car -1.000000 -1 -1 752.8609021154333 187.56301309551816 858.1862726435785 263.04668435424406 -1 -1 -1 -1 -1 -1 -1 -1 1 
164 1 Car -1.000000 -1 -1 602.7128299163891 177.08282934909624 663.0155876601433 235.33764425327718 -1 -1 -1 -1 -1 -1 -1 -1 1 
165 19 Car -1.000000 -1 -1 767.7102930886144 189.54954554133508 887.9471673549783 274.12722496104607 -1 -1 -1 -1 -1 -1 -1 -1 1 
165 1 Car -1.000000 -1 -1 603.2586127948833 177.90460704601458 663.7221368512681 236.31080439099293 -1 -1 -1 -1 -1 -1 -1 -1 1 
166 19 Car -1.000000 -1 -1 786.2373544951438 192.10923509473253 926.1068280318423 288.38716667928196 -1 -1 -1 -1 -1 -1 -1 -1 1 
166 1 Car -1.000000 -1 -1 603.7791047119042 178.74376593450788 664.4070304082256 237.30496371167598 -1 -1 -1 -1 -1 -1 -1 -1 1 
167 19 Car -1.000000 -1 -1 810.153435742787 195.53978994319976 977.0818928119832 307.5151935051965 -1 -1 -1 -1 -1 -1 -1 -1 1 
167 1 Car -1.000000 -1 -1 603.550791925378 179.04788088211404 664.3622067243773 237.78419810720646 -1 -1 -1 -1 -1 -1 -1 -1 1 
168 19 Car -1.000000 -1 -1 842.3770368884448 200.36066207277577 1048.9504783329753 334.63526915463217 -1 -1 -1 -1 -1 -1 -1 -1 1 
168 1 Car -1.000000 -1 -1 603.0347660438249 179.14434531045413 664.0440233018546 238.07087768789756 -1 -1 -1 -1 -1 -1 -1 -1 1 
169 19 Car -1.000000 -1 -1 887.3020060194258 201.01232495594007 1149.52567346836 356.2797334596484 -1 -1 -1 -1 -1 -1 -1 -1 1 
169 1 Car -1.000000 -1 -1 602.4082152820896 179.15955927740433 663.6262211704649 238.28774509562882 -1 -1 -1 -1 -1 -1 -1 -1 1 
170 19 Car -1.000000 -1 -1 916.3347214022821 200.7255081024189 1203.8378321582718 366.09427621625696 -1 -1 -1 -1 -1 -1 -1 -1 1 
170 1 Car -1.000000 -1 -1 602.320143591659 179.11402152452342 663.7560487628045 238.4526666388408 -1 -1 -1 -1 -1 -1 -1 -1 1 
171 19 Car -1.000000 -1 -1 954.6314461559385 201.02327629785748 1240.5231506024659 371.1728402606093 -1 -1 -1 -1 -1 -1 -1 -1 1 
171 1 Car -1.000000 -1 -1 602.5393507749313 179.30617841757496 664.2005995357445 238.86219057943262 -1 -1 -1 -1 -1 -1 -1 -1 1 
172 19 Car -1.000000 -1 -1 1033.0745008138679 206.0904362587155 1278.9693431104465 376.24468549456185 -1 -1 -1 -1 -1 -1 -1 -1 1 
172 1 Car -1.000000 -1 -1 602.8780120876701 179.58967445624154 664.7704941184351 239.3685491442916 -1 -1 -1 -1 -1 -1 -1 -1 1 
173 1 Car -1.000000 -1 -1 603.2643018501918 179.90866853315353 665.392780775 239.91487965106236 -1 -1 -1 -1 -1 -1 -1 -1 1 
174 1 Car -1.000000 -1 -1 603.6708347539185 180.2419778531988 666.0392608130823 240.47926142630487 -1 -1 -1 -1 -1 -1 -1 -1 1 
175 1 Car -1.000000 -1 -1 603.5846971566862 179.8269124554206 666.2202790755773 240.3224580559426 -1 -1 -1 -1 -1 -1 -1 -1 1 
176 1 Car -1.000000 -1 -1 603.3058285647688 179.11836057847933 666.2293004629734 239.89285812776927 -1 -1 -1 -1 -1 -1 -1 -1 1 
177 1 Car -1.000000 -1 -1 602.9501373736869 178.29159031741167 666.1775307001294 239.36100722000273 -1 -1 -1 -1 -1 -1 -1 -1 1 
178 1 Car -1.000000 -1 -1 602.5626379847346 177.41430177154893 666.1065752298565 238.79118131419466 -1 -1 -1 -1 -1 -1 -1 -1 1 
179 1 Car -1.000000 -1 -1 601.9077403724835 176.97256283803532 665.7650257878421 238.65416414177994 -1 -1 -1 -1 -1 -1 -1 -1 1 
180 1 Car -1.000000 -1 -1 601.1500234257726 176.69794096526164 665.3190880674874 238.68300492831253 -1 -1 -1 -1 -1 -1 -1 -1 1 
181 1 Car -1.000000 -1 -1 600.3520006166565 176.4871791438303 664.8324675523266 238.77553238134215 -1 -1 -1 -1 -1 -1 -1 -1 1 
182 1 Car -1.000000 -1 -1 600.0760059593895 175.30651589363723 664.8582977053957 237.88850733331978 -1 -1 -1 -1 -1 -1 -1 -1 1 
183 1 Car -1.000000 -1 -1 600.0023411507235 173.752035165692 665.0801084506239 236.6212462452824 -1 -1 -1 -1 -1 -1 -1 -1 1 
184 1 Car -1.000000 -1 -1 600.0078225671543 172.05132401335135 665.3770662587292 235.20369080278863 -1 -1 -1 -1 -1 -1 -1 -1 1 
185 1 Car -1.000000 -1 -1 599.2809259989433 171.36044900224982 664.94498925875 234.79946622012585 -1 -1 -1 -1 -1 -1 -1 -1 1 
186 1 Car -1.000000 -1 -1 598.2701267988317 171.0547533108981 664.232157979821 234.78367146471106 -1 -1 -1 -1 -1 -1 -1 -1 1 
187 1 Car -1.000000 -1 -1 597.7686998429998 171.19379882107333 663.9877137564598 235.17235770782324 -1 -1 -1 -1 -1 -1 -1 -1 1 
188 1 Car -1.000000 -1 -1 597.4694069506102 171.50881888824418 663.9158293318987 235.70795554928517 -1 -1 -1 -1 -1 -1 -1 -1 1 
189 1 Car -1.000000 -1 -1 597.2524226334563 171.89505556220143 663.9049398690372 236.2938153868592 -1 -1 -1 -1 -1 -1 -1 -1 1 
190 1 Car -1.000000 -1 -1 597.0703628260981 172.3111771818916 663.913651558662 236.89448782826793 -1 -1 -1 -1 -1 -1 -1 -1 1 
191 1 Car -1.000000 -1 -1 597.0227208068051 172.7194094967087 664.027984313287 237.45913257978316 -1 -1 -1 -1 -1 -1 -1 -1 1 
192 1 Car -1.000000 -1 -1 597.0311209292431 173.12837027534198 664.1774732022245 238.00409181081608 -1 -1 -1 -1 -1 -1 -1 -1 1 
193 1 Car -1.000000 -1 -1 597.0641943632037 173.5402124191801 664.3364920970913 238.53712696566387 -1 -1 -1 -1 -1 -1 -1 -1 1 
194 1 Car -1.000000 -1 -1 596.9325926419172 173.94411421959794 664.3005986773089 239.03311197953283 -1 -1 -1 -1 -1 -1 -1 -1 1 
195 1 Car -1.000000 -1 -1 596.7434934040494 174.34889228530156 664.1851995895016 239.5087855278475 -1 -1 -1 -1 -1 -1 -1 -1 1 
196 1 Car -1.000000 -1 -1 596.536558846197 174.75668505797728 664.0359370892589 239.9720430499093 -1 -1 -1 -1 -1 -1 -1 -1 1 
197 1 Car -1.000000 -1 -1 596.3259320140046 175.16742901340274 663.8713047938597 240.42700888909388 -1 -1 -1 -1 -1 -1 -1 -1 1 
198 1 Car -1.000000 -1 -1 596.4662728591134 175.19901901706496 664.0302979361272 240.4762073627612 -1 -1 -1 -1 -1 -1 -1 -1 1 
199 1 Car -1.000000 -1 -1 596.7441742236 175.09117585311944 664.3069531722189 240.36660479038468 -1 -1 -1 -1 -1 -1 -1 -1 1 
200 1 Car -1.000000 -1 -1 597.0766131465996 174.934510167466 664.6236642209199 240.19408371293093 -1 -1 -1 -1 -1 -1 -1 -1 1 
201 1 Car -1.000000 -1 -1 597.4309304225092 174.76276853550473 664.9517170952067 239.99623167498504 -1 -1 -1 -1 -1 -1 -1 -1 1 
202 1 Car -1.000000 -1 -1 597.4629485854698 174.73214329261015 664.9369703078376 239.91903089015256 -1 -1 -1 -1 -1 -1 -1 -1 1 
203 1 Car -1.000000 -1 -1 597.3760107763047 174.75922447699543 664.7883518130276 239.88468520425238 -1 -1 -1 -1 -1 -1 -1 -1 1 
204 1 Car -1.000000 -1 -1 597.247093032323 174.81102962797902 664.5869082799182 239.86430318278227 -1 -1 -1 -1 -1 -1 -1 -1 1 
205 1 Car -1.000000 -1 -1 597.1049519333899 174.87418497933203 664.3643655597471 239.8474953779663 -1 -1 -1 -1 -1 -1 -1 -1 1 
206 1 Car -1.000000 -1 -1 596.9600388620814 174.94303540981784 664.1333419622277 239.83078455532663 -1 -1 -1 -1 -1 -1 -1 -1 1 
207 1 Car -1.000000 -1 -1 596.8159264409597 175.01502541256093 663.8989921032995 239.81320483776534 -1 -1 -1 -1 -1 -1 -1 -1 1 
208 1 Car -1.000000 -1 -1 596.6736559076966 175.08889234774873 663.6635130016369 239.79465456252828 -1 -1 -1 -1 -1 -1 -1 -1 1 
209 1 Car -1.000000 -1 -1 595.7412063281618 175.15941466783477 662.6072705836145 239.74456916057045 -1 -1 -1 -1 -1 -1 -1 -1 1 
210 1 Car -1.000000 -1 -1 594.5208687940245 175.23353152300254 661.2410269566586 239.6778065062118 -1 -1 -1 -1 -1 -1 -1 -1 1 
211 1 Car -1.000000 -1 -1 593.2033829635396 175.3125259661183 659.7616968121566 239.60141840754966 -1 -1 -1 -1 -1 -1 -1 -1 1 
212 1 Car -1.000000 -1 -1 591.7833967758992 175.31544464114577 658.1667685814374 239.43807058455062 -1 -1 -1 -1 -1 -1 -1 -1 1 
213 1 Car -1.000000 -1 -1 590.3359265067785 175.291925130605 656.5351845168803 239.2406424785033 -1 -1 -1 -1 -1 -1 -1 -1 1 
214 1 Car -1.000000 -1 -1 588.8886255179693 175.26039292472836 654.8974625278995 239.02992632128473 -1 -1 -1 -1 -1 -1 -1 -1 1 
215 1 Car -1.000000 -1 -1 587.5896354543587 175.21232882263484 653.387926104814 238.78357928101298 -1 -1 -1 -1 -1 -1 -1 -1 1 
216 1 Car -1.000000 -1 -1 586.3592923947132 175.1622772249806 651.9329231887017 238.52179472869537 -1 -1 -1 -1 -1 -1 -1 -1 1 
217 1 Car -1.000000 -1 -1 585.1656828054429 175.1147783627212 650.5049255821004 238.25323518028756 -1 -1 -1 -1 -1 -1 -1 -1 1 
218 1 Car -1.000000 -1 -1 584.1537807133944 175.05257797611264 649.230980966196 237.9430474260357 -1 -1 -1 -1 -1 -1 -1 -1 1 
219 1 Car -1.000000 -1 -1 583.2233102503582 174.9907864271352 648.0191829589995 237.61442587483984 -1 -1 -1 -1 -1 -1 -1 -1 1 
220 1 Car -1.000000 -1 -1 582.3341530695611 174.933728895775 646.8355133177356 237.27759063658323 -1 -1 -1 -1 -1 -1 -1 -1 1 
221 1 Car -1.000000 -1 -1 581.4696769775882 174.88197609236394 645.667787340583 236.937412203325 -1 -1 -1 -1 -1 -1 -1 -1 1 
222 1 Car -1.000000 -1 -1 581.2260993994239 175.11871860399535 645.1012038360675 236.8653224463233 -1 -1 -1 -1 -1 -1 -1 -1 1 
223 1 Car -1.000000 -1 -1 581.2212856797448 175.46621784941883 644.7600752071369 236.89017279352137 -1 -1 -1 -1 -1 -1 -1 -1 1 
224 1 Car -1.000000 -1 -1 581.3077615513657 175.85528888358937 644.5016267594654 236.947582244994 -1 -1 -1 -1 -1 -1 -1 -1 1 
225 1 Car -1.000000 -1 -1 581.4283692023295 176.25869494041046 644.2721246084621 237.01381403918498 -1 -1 -1 -1 -1 -1 -1 -1 1 
226 1 Car -1.000000 -1 -1 581.1712315238144 176.67324583369813 643.6644407436918 237.09090601129455 -1 -1 -1 -1 -1 -1 -1 -1 1 
227 1 Car -1.000000 -1 -1 580.7735976906789 177.08912351487868 642.9169882732048 237.1701145980162 -1 -1 -1 -1 -1 -1 -1 -1 1 
228 1 Car -1.000000 -1 -1 580.3261882236171 177.5024925089968 642.121324378823 237.24837713641045 -1 -1 -1 -1 -1 -1 -1 -1 1 
229 1 Car -1.000000 -1 -1 579.8635650730938 177.9118587430051 641.3126076345346 237.32475099860096 -1 -1 -1 -1 -1 -1 -1 -1 1 
230 1 Car -1.000000 -1 -1 579.3987878100321 178.31665460048401 640.504320050736 237.39905752707836 -1 -1 -1 -1 -1 -1 -1 -1 1 
231 1 Car -1.000000 -1 -1 578.9367012027795 178.71669045283397 639.7015999206423 237.47137786563047 -1 -1 -1 -1 -1 -1 -1 -1 1 
232 1 Car -1.000000 -1 -1 578.5516477275996 178.77143648865388 638.9930590735044 237.21476869242366 -1 -1 -1 -1 -1 -1 -1 -1 1 
233 1 Car -1.000000 -1 -1 578.1952623150736 178.6935592934227 638.3263574633037 236.83820364829165 -1 -1 -1 -1 -1 -1 -1 -1 1 
234 1 Car -1.000000 -1 -1 577.8496816755918 178.56514790001845 637.6807021277672 236.42104716050935 -1 -1 -1 -1 -1 -1 -1 -1 1 
235 1 Car -1.000000 -1 -1 577.5085583701525 178.41803185939116 637.0475878844923 235.99311812641517 -1 -1 -1 -1 -1 -1 -1 -1 1 
236 1 Car -1.000000 -1 -1 577.3422162328558 178.17908365394834 636.5845916047984 235.46884658087959 -1 -1 -1 -1 -1 -1 -1 -1 1 
237 1 Car -1.000000 -1 -1 577.2503050185413 177.9094017249892 636.2030801566924 234.9113850886103 -1 -1 -1 -1 -1 -1 -1 -1 1 
238 1 Car -1.000000 -1 -1 577.2181290725365 177.6318369301442 635.9341672949514 234.34517796159636 -1 -1 -1 -1 -1 -1 -1 -1 1 
239 1 Car -1.000000 -1 -1 577.1989693245671 177.35467210259125 635.7169900355445 233.77974156892853 -1 -1 -1 -1 -1 -1 -1 -1 1 
240 1 Car -1.000000 -1 -1 577.1774663713909 177.0807413499663 635.5258682673195 233.21875070110977 -1 -1 -1 -1 -1 -1 -1 -1 1 
241 1 Car -1.000000 -1 -1 577.1496215267009 176.81086278974192 635.3492720477368 232.66358886893568 -1 -1 -1 -1 -1 -1 -1 -1 1 
242 1 Car -1.000000 -1 -1 577.4447053988578 176.3801565858224 635.6049205715898 231.97432530633418 -1 -1 -1 -1 -1 -1 -1 -1 1 
243 1 Car -1.000000 -1 -1 577.8403874125266 175.88680174188423 636.0404571812179 231.24280146320896 -1 -1 -1 -1 -1 -1 -1 -1 1 
244 1 Car -1.000000 -1 -1 578.2568827889345 175.36948765909517 636.5541443921036 230.50287514934774 -1 -1 -1 -1 -1 -1 -1 -1 1 
245 1 Car -1.000000 -1 -1 578.6676685642387 174.843789916778 637.103413048133 229.76647406520198 -1 -1 -1 -1 -1 -1 -1 -1 1 
246 1 Car -1.000000 -1 -1 579.2910254435923 174.68597980220216 637.8898794380224 229.41380625738856 -1 -1 -1 -1 -1 -1 -1 -1 1 
247 1 Car -1.000000 -1 -1 579.9862398236675 174.66558114875141 638.7658269211851 229.21031275186095 -1 -1 -1 -1 -1 -1 -1 -1 1 
248 1 Car -1.000000 -1 -1 580.7008739484138 174.69496929468303 639.6736892715444 229.06537589597875 -1 -1 -1 -1 -1 -1 -1 -1 1 
249 1 Car -1.000000 -1 -1 581.4160041590146 174.7411320321965 640.590788079013 228.943794029834 -1 -1 -1 -1 -1 -1 -1 -1 1 
250 1 Car -1.000000 -1 -1 582.1252971935982 174.79186233861017 641.5080425234504 228.8317587025642 -1 -1 -1 -1 -1 -1 -1 -1 1 
251 1 Car -1.000000 -1 -1 582.827052573973 174.84282542008145 642.4217412373501 228.7237654320097 -1 -1 -1 -1 -1 -1 -1 -1 1 
252 1 Car -1.000000 -1 -1 583.9866678907662 175.1332076358283 643.6612599436036 228.8691347398342 -1 -1 -1 -1 -1 -1 -1 -1 1 
253 1 Car -1.000000 -1 -1 585.3374475369036 175.51042554919832 644.9960756255881 229.11123429552464 -1 -1 -1 -1 -1 -1 -1 -1 1 
254 1 Car -1.000000 -1 -1 586.7712070816392 175.9167434484339 646.3443887938204 229.38953541107455 -1 -1 -1 -1 -1 -1 -1 -1 1 
255 1 Car -1.000000 -1 -1 588.2422372608339 176.33061874322777 647.6797372503004 229.68054831554883 -1 -1 -1 -1 -1 -1 -1 -1 1 
256 1 Car -1.000000 -1 -1 589.7300029564293 176.74425245869344 648.9956252387061 229.97510670718225 -1 -1 -1 -1 -1 -1 -1 -1 1 
257 1 Car -1.000000 -1 -1 591.0288180980992 176.77974079264283 650.1177304327091 229.90622372976964 -1 -1 -1 -1 -1 -1 -1 -1 1 
258 1 Car -1.000000 -1 -1 592.2530339183842 176.668792265203 651.1619551616274 229.70167301074744 -1 -1 -1 -1 -1 -1 -1 -1 1 
259 1 Car -1.000000 -1 -1 593.4463978506792 176.50090685064296 652.1731652741939 229.448090441856 -1 -1 -1 -1 -1 -1 -1 -1 1 
260 1 Car -1.000000 -1 -1 594.6256260087408 176.3108418257742 653.1688842364032 229.17814587838737 -1 -1 -1 -1 -1 -1 -1 -1 1 
261 1 Car -1.000000 -1 -1 595.7971045646896 176.11222442964583 654.1560822581023 228.90394407271503 -1 -1 -1 -1 -1 -1 -1 -1 1 
262 1 Car -1.000000 -1 -1 596.963282931311 175.91048422684023 655.1376309591961 228.62980342989007 -1 -1 -1 -1 -1 -1 -1 -1 1 
263 1 Car -1.000000 -1 -1 598.0352554959297 176.12873194623108 656.034538237225 228.78192047100447 -1 -1 -1 -1 -1 -1 -1 -1 1 
264 1 Car -1.000000 -1 -1 599.0682148823913 176.50475019802522 656.8995468913539 229.0964266962985 -1 -1 -1 -1 -1 -1 -1 -1 1 
265 1 Car -1.000000 -1 -1 600.0837873494675 176.93839132284273 657.7524915590297 229.4719631307288 -1 -1 -1 -1 -1 -1 -1 -1 1 
266 1 Car -1.000000 -1 -1 601.00812225523 177.05959548202756 658.5297135673087 229.54575820224315 -1 -1 -1 -1 -1 -1 -1 -1 1 
267 30 Car -1.000000 -1 -1 575.1006443130725 178.63603585046525 598.470863220215 194.0030208430161 -1 -1 -1 -1 -1 -1 -1 -1 1 
267 1 Car -1.000000 -1 -1 601.8946872452126 177.05951679114358 659.2805454655269 229.50611142031076 -1 -1 -1 -1 -1 -1 -1 -1 1 
268 30 Car -1.000000 -1 -1 569.5189020937743 178.75818663976003 593.9868533945197 194.81011601068616 -1 -1 -1 -1 -1 -1 -1 -1 1 
268 1 Car -1.000000 -1 -1 602.764690256119 177.01195878033926 660.0231714553153 229.42473168365697 -1 -1 -1 -1 -1 -1 -1 -1 1 
269 31 Car -1.000000 -1 -1 590.1853572135552 177.36259977585544 617.3425925515793 195.30311599216358 -1 -1 -1 -1 -1 -1 -1 -1 1 
269 30 Car -1.000000 -1 -1 563.434310549638 178.89590422590848 589.1032924454696 195.6868554564056 -1 -1 -1 -1 -1 -1 -1 -1 1 
269 1 Car -1.000000 -1 -1 603.6267712016461 176.94556834169845 660.7640210031557 229.32873093216602 -1 -1 -1 -1 -1 -1 -1 -1 1 
270 31 Car -1.000000 -1 -1 584.4434052449161 177.5315209415746 613.1396692317934 196.44197966606143 -1 -1 -1 -1 -1 -1 -1 -1 1 
270 30 Car -1.000000 -1 -1 556.7633509319064 179.05219774333614 583.755176152524 196.64453570300196 -1 -1 -1 -1 -1 -1 -1 -1 1 
270 1 Car -1.000000 -1 -1 604.4846066076024 176.87157236519923 661.5051562068069 229.2282109963157 -1 -1 -1 -1 -1 -1 -1 -1 1 
271 31 Car -1.000000 -1 -1 578.0653546935293 177.72688977092085 608.474796482541 197.70266748375755 -1 -1 -1 -1 -1 -1 -1 -1 1 
271 30 Car -1.000000 -1 -1 549.4079102959183 179.22855892630974 577.8676307161452 197.69607213063364 -1 -1 -1 -1 -1 -1 -1 -1 1 
271 1 Car -1.000000 -1 -1 605.3398694443849 176.79444316434 662.2470692122695 229.12682058121436 -1 -1 -1 -1 -1 -1 -1 -1 1 
272 31 Car -1.000000 -1 -1 571.7724265559895 177.85179318782122 603.9262215957882 198.97994638573266 -1 -1 -1 -1 -1 -1 -1 -1 1 
272 30 Car -1.000000 -1 -1 541.7113385132453 179.35934160255042 571.8251537165758 198.79624813063103 -1 -1 -1 -1 -1 -1 -1 -1 1 
272 1 Car -1.000000 -1 -1 605.8427305597287 176.7034865588565 662.5771992915726 229.00835506251983 -1 -1 -1 -1 -1 -1 -1 -1 1 
273 31 Car -1.000000 -1 -1 564.9552707843452 177.96601795449988 598.9855409795764 200.38045075392972 -1 -1 -1 -1 -1 -1 -1 -1 1 
273 30 Car -1.000000 -1 -1 533.2738768039128 179.48600176326724 565.2589113140154 199.99992250832142 -1 -1 -1 -1 -1 -1 -1 -1 1 
273 1 Car -1.000000 -1 -1 606.2227128715359 176.60820758580206 662.7411022920215 228.88316953355007 -1 -1 -1 -1 -1 -1 -1 -1 1 
274 31 Car -1.000000 -1 -1 557.2798670609691 178.09193325706556 593.4015703654907 201.96635085176095 -1 -1 -1 -1 -1 -1 -1 -1 1 
274 30 Car -1.000000 -1 -1 523.8317485776324 179.6260676492581 557.9479866956742 201.3434796342515 -1 -1 -1 -1 -1 -1 -1 -1 1 
274 1 Car -1.000000 -1 -1 606.5648967034775 176.51207557535537 662.8355618051888 228.75535337063195 -1 -1 -1 -1 -1 -1 -1 -1 1 
275 31 Car -1.000000 -1 -1 548.4641496790855 178.2411290035302 586.9794269146814 203.79315126261287 -1 -1 -1 -1 -1 -1 -1 -1 1 
275 30 Car -1.000000 -1 -1 513.1370779513364 179.7890243539327 549.7017893954213 202.86137474579346 -1 -1 -1 -1 -1 -1 -1 -1 1 
275 1 Car -1.000000 -1 -1 607.4934516787417 175.8351441459044 663.465994286168 228.04975965955725 -1 -1 -1 -1 -1 -1 -1 -1 1 
276 31 Car -1.000000 -1 -1 538.1877751404857 178.42324820112552 579.5053926162327 205.92581800536684 -1 -1 -1 -1 -1 -1 -1 -1 1 
276 30 Car -1.000000 -1 -1 500.90253656063277 179.9823225806977 540.3094208159858 204.59377079361508 -1 -1 -1 -1 -1 -1 -1 -1 1 
276 1 Car -1.000000 -1 -1 608.6536661731584 174.93888154542762 664.2912015726863 227.1268879579563 -1 -1 -1 -1 -1 -1 -1 -1 1 
277 31 Car -1.000000 -1 -1 527.6642040849629 178.96312247355246 572.1802662384221 208.72922118999708 -1 -1 -1 -1 -1 -1 -1 -1 1 
277 30 Car -1.000000 -1 -1 487.7684391526289 180.4331591710406 530.3074123636743 206.813374288187 -1 -1 -1 -1 -1 -1 -1 -1 1 
277 1 Car -1.000000 -1 -1 609.9072417028675 173.96182277293855 665.1827497121918 226.1245765117588 -1 -1 -1 -1 -1 -1 -1 -1 1 
278 31 Car -1.000000 -1 -1 515.663128341715 179.74541074122632 563.9742384496024 212.19904742088497 -1 -1 -1 -1 -1 -1 -1 -1 1 
278 30 Car -1.000000 -1 -1 472.7775572216305 181.04909376955106 518.9146506904237 209.5010743048877 -1 -1 -1 -1 -1 -1 -1 -1 1 
278 1 Car -1.000000 -1 -1 610.3481330146582 174.09411770876372 665.2841792764679 226.22899608922805 -1 -1 -1 -1 -1 -1 -1 -1 1 
279 31 Car -1.000000 -1 -1 501.23222684401867 180.76524376131687 554.2068119105268 216.48190936870566 -1 -1 -1 -1 -1 -1 -1 -1 1 
279 30 Car -1.000000 -1 -1 455.1027212458478 181.81464436754203 505.5230368499627 212.73563131005085 -1 -1 -1 -1 -1 -1 -1 -1 1 
279 1 Car -1.000000 -1 -1 611.1451831517819 174.16027438506123 665.7997233322386 226.25992704641683 -1 -1 -1 -1 -1 -1 -1 -1 1 
280 31 Car -1.000000 -1 -1 483.6304676712594 182.17573525579658 542.5928463445031 222.0355576707743 -1 -1 -1 -1 -1 -1 -1 -1 1 
280 30 Car -1.000000 -1 -1 434.7420201345157 182.96472078384227 490.62806580450416 216.92800712346178 -1 -1 -1 -1 -1 -1 -1 -1 1 
280 1 Car -1.000000 -1 -1 612.0811890148 174.2015327077025 666.5168414066065 226.2608777480839 -1 -1 -1 -1 -1 -1 -1 -1 1 
281 31 Car -1.000000 -1 -1 461.0313252625341 184.03173813206732 527.9836083216459 229.30772498069106 -1 -1 -1 -1 -1 -1 -1 -1 1 
281 30 Car -1.000000 -1 -1 409.90065938172006 184.4663997805682 472.8559173844618 222.2326653302941 -1 -1 -1 -1 -1 -1 -1 -1 1 
281 1 Car -1.000000 -1 -1 613.0577337263225 174.23351787330924 667.3199984329793 226.2488651771071 -1 -1 -1 -1 -1 -1 -1 -1 1 
282 31 Car -1.000000 -1 -1 432.20344709806835 186.02452025947628 510.4242664911937 238.5809098769384 -1 -1 -1 -1 -1 -1 -1 -1 1 
282 30 Car -1.000000 -1 -1 378.42244997790505 186.3948872504641 450.75587992677976 229.0312681690754 -1 -1 -1 -1 -1 -1 -1 -1 1 
282 1 Car -1.000000 -1 -1 614.0400949276072 174.26203511654205 668.1619794035903 226.23072060347522 -1 -1 -1 -1 -1 -1 -1 -1 1 
283 31 Car -1.000000 -1 -1 392.0061566628722 188.6336256284062 486.9967531086563 251.53884544991558 -1 -1 -1 -1 -1 -1 -1 -1 1 
283 30 Car -1.000000 -1 -1 337.0239981975303 188.91902770709692 422.27955637552384 238.0148215565519 -1 -1 -1 -1 -1 -1 -1 -1 1 
283 1 Car -1.000000 -1 -1 614.9394684111396 174.28228764778814 668.9338952314224 226.19205120974246 -1 -1 -1 -1 -1 -1 -1 -1 1 
284 30 Car -1.000000 -1 -1 282.41411683424553 191.45058157027765 386.14461083860226 249.3844357594464 -1 -1 -1 -1 -1 -1 -1 -1 1 
284 1 Car -1.000000 -1 -1 615.8028937759558 174.30113514102484 669.6791682156678 226.14309025575537 -1 -1 -1 -1 -1 -1 -1 -1 1 
285 1 Car -1.000000 -1 -1 616.6490711855811 174.32065554992664 670.413858563009 226.08838921729148 -1 -1 -1 -1 -1 -1 -1 -1 1 
286 1 Car -1.000000 -1 -1 617.4856538130255 174.34124689028368 671.143693753131 226.03015663284117 -1 -1 -1 -1 -1 -1 -1 -1 1 
287 1 Car -1.000000 -1 -1 618.3159320427468 174.36277620706642 671.8705611418592 225.96958236602825 -1 -1 -1 -1 -1 -1 -1 -1 1 
288 1 Car -1.000000 -1 -1 619.141430560784 174.38498917613242 672.5949631507102 225.90737821682194 -1 -1 -1 -1 -1 -1 -1 -1 1 
289 1 Car -1.000000 -1 -1 619.3864702329714 174.40343426186794 672.7179560412798 225.8190589719807 -1 -1 -1 -1 -1 -1 -1 -1 1 
290 1 Car -1.000000 -1 -1 619.4160495439384 174.4242212144675 672.6103982926039 225.71703914309293 -1 -1 -1 -1 -1 -1 -1 -1 1 
291 1 Car -1.000000 -1 -1 619.368894557789 174.44861520370165 672.415287461462 225.60718139169273 -1 -1 -1 -1 -1 -1 -1 -1 1 
292 1 Car -1.000000 -1 -1 619.2972133611479 174.47631393972497 672.1879476387173 225.49253896632044 -1 -1 -1 -1 -1 -1 -1 -1 1 
293 1 Car -1.000000 -1 -1 619.2202422602654 174.50662813423955 671.9498909312074 225.37487212707944 -1 -1 -1 -1 -1 -1 -1 -1 1 
