0 2 Car -1.000000 -1 -1 654.9897510000001 180.244977 688.725257 206.880017 -1 -1 -1 -1 -1 -1 -1 -1 1 
0 1 Car -1.000000 -1 -1 459.6210300000001 180.293358 566.8345710000001 217.035394 -1 -1 -1 -1 -1 -1 -1 -1 1 
1 2 Car -1.000000 -1 -1 654.9903033096392 180.24313861172848 688.7249796628938 206.87794877850322 -1 -1 -1 -1 -1 -1 -1 -1 1 
1 1 Car -1.000000 -1 -1 473.100598800708 180.12422601910734 578.6455219262198 216.71276210324586 -1 -1 -1 -1 -1 -1 -1 -1 1 
2 2 Car -1.000000 -1 -1 654.9908681247476 180.24129153253028 688.724691736545 206.87588876600296 -1 -1 -1 -1 -1 -1 -1 -1 1 
2 1 Car -1.000000 -1 -1 486.95027055229633 179.89686819808642 591.5358757985043 216.44364985176597 -1 -1 -1 -1 -1 -1 -1 -1 1 
3 2 Car -1.000000 -1 -1 654.9914470795055 180.23943314744434 688.7243889715857 206.87384002107774 -1 -1 -1 -1 -1 -1 -1 -1 1 
3 1 Car -1.000000 -1 -1 499.7995627613902 179.83825649549243 603.7832051448268 216.3735190469908 -1 -1 -1 -1 -1 -1 -1 -1 1 
4 2 Car -1.000000 -1 -1 654.9920416666196 180.23756235193 688.7240704164365 206.87180297546703 -1 -1 -1 -1 -1 -1 -1 -1 1 
4 1 Car -1.000000 -1 -1 512.1595189073175 179.80542343854026 615.7250104701427 216.340617008022 -1 -1 -1 -1 -1 -1 -1 -1 1 
5 2 Car -1.000000 -1 -1 654.9926515100731 180.23567970643 688.7237373089458 206.869778354159 -1 -1 -1 -1 -1 -1 -1 -1 1 
5 1 Car -1.000000 -1 -1 523.3025223719129 179.73967729608097 627.1932546829754 216.35041328909978 -1 -1 -1 -1 -1 -1 -1 -1 1 
6 2 Car -1.000000 -1 -1 654.9932748703951 180.2337863133093 688.7233901815727 206.8677646634534 -1 -1 -1 -1 -1 -1 -1 -1 1 
6 1 Car -1.000000 -1 -1 534.3802986643014 179.610760744443 638.7212089837657 216.2391028446343 -1 -1 -1 -1 -1 -1 -1 -1 1 
7 2 Car -1.000000 -1 -1 654.9939100587366 180.23188365140203 688.7230317554032 206.8657603025302 -1 -1 -1 -1 -1 -1 -1 -1 1 
7 1 Car -1.000000 -1 -1 545.3966240448295 179.4788655630338 650.1442579487717 216.06972752489983 -1 -1 -1 -1 -1 -1 -1 -1 1 
8 2 Car -1.000000 -1 -1 654.9945546887162 180.22997342703562 688.7226633829501 206.86376352425376 -1 -1 -1 -1 -1 -1 -1 -1 1 
8 1 Car -1.000000 -1 -1 556.3711387738543 179.36007487197625 661.3871239349777 215.86730654090687 -1 -1 -1 -1 -1 -1 -1 -1 1 
9 2 Car -1.000000 -1 -1 654.9952069697985 180.22805700910277 688.7222871783116 206.8617722675529 -1 -1 -1 -1 -1 -1 -1 -1 1 
9 1 Car -1.000000 -1 -1 567.3716245584762 179.28342235753465 672.3520134554003 215.63302991366484 -1 -1 -1 -1 -1 -1 -1 -1 1 
10 2 Car -1.000000 -1 -1 654.9958653419783 180.22613603501085 688.7219054912625 206.8597859975878 -1 -1 -1 -1 -1 -1 -1 -1 1 
10 1 Car -1.000000 -1 -1 578.3654302713375 179.23455631170145 683.0046931525641 215.37580495406195 -1 -1 -1 -1 -1 -1 -1 -1 1 
11 2 Car -1.000000 -1 -1 654.9965280978969 180.22421152817506 688.7215189757422 206.85780342089143 -1 -1 -1 -1 -1 -1 -1 -1 1 
11 1 Car -1.000000 -1 -1 589.3453702154003 179.20475626117153 693.3353856150655 215.1020688398264 -1 -1 -1 -1 -1 -1 -1 -1 1 
12 2 Car -1.000000 -1 -1 654.9971947388219 180.2222843416949 688.7211290748685 206.85582358318555 -1 -1 -1 -1 -1 -1 -1 -1 1 
12 1 Car -1.000000 -1 -1 600.3125186552818 179.18850523067985 703.3442567425984 214.81630436330826 -1 -1 -1 -1 -1 -1 -1 -1 1 
13 2 Car -1.000000 -1 -1 654.9978638942669 180.22035492306216 688.7207368450183 206.85384533647746 -1 -1 -1 -1 -1 -1 -1 -1 1 
13 1 Car -1.000000 -1 -1 610.997117677422 179.26106590006225 712.59776914435 214.55466265916283 -1 -1 -1 -1 -1 -1 -1 -1 1 
14 2 Car -1.000000 -1 -1 654.9985346843496 180.2184241529537 688.7203423870496 206.85186886287462 -1 -1 -1 -1 -1 -1 -1 -1 1 
14 1 Car -1.000000 -1 -1 621.5625472038225 179.37548533943678 721.3097382751191 214.29116693632844 -1 -1 -1 -1 -1 -1 -1 -1 1 
15 2 Car -1.000000 -1 -1 654.9992068150613 180.21649213213215 688.7199463647561 206.8498931404319 -1 -1 -1 -1 -1 -1 -1 -1 1 
15 1 Car -1.000000 -1 -1 632.0669892824804 179.51128637650555 729.5769264670547 214.01878529681164 -1 -1 -1 -1 -1 -1 -1 -1 1 
16 2 Car -1.000000 -1 -1 654.9998801254105 180.21455943938366 688.7195497376445 206.84791856107387 -1 -1 -1 -1 -1 -1 -1 -1 1 
16 1 Car -1.000000 -1 -1 642.529454047312 179.65903583231582 737.4499798737905 213.73668760316153 -1 -1 -1 -1 -1 -1 -1 -1 1 
17 2 Car -1.000000 -1 -1 655.0005540279247 180.21262618553325 688.7191520782939 206.84594472155854 -1 -1 -1 -1 -1 -1 -1 -1 1 
17 1 Car -1.000000 -1 -1 652.3679068428063 179.55884875547554 744.3107335503531 213.13970970003788 -1 -1 -1 -1 -1 -1 -1 -1 1 
18 2 Car -1.000000 -1 -1 655.0012284431424 180.21069183208766 688.7187537399485 206.84397073633596 -1 -1 -1 -1 -1 -1 -1 -1 1 
18 1 Car -1.000000 -1 -1 661.9188049537764 179.3843399989637 750.5639189934242 212.4222721797359 -1 -1 -1 -1 -1 -1 -1 -1 1 
19 2 Car -1.000000 -1 -1 655.0019032639749 180.2087575504472 688.7183549341534 206.8419975214513 -1 -1 -1 -1 -1 -1 -1 -1 1 
19 1 Car -1.000000 -1 -1 671.3038453866316 179.1983399434124 756.3835534149762 211.66109580991173 -1 -1 -1 -1 -1 -1 -1 -1 1 
20 2 Car -1.000000 -1 -1 655.0025790641575 180.20682299366575 688.7179564371513 206.84002424742766 -1 -1 -1 -1 -1 -1 -1 -1 1 
20 1 Car -1.000000 -1 -1 680.5645090970166 179.0224333041418 761.8526413653618 210.88690431704666 -1 -1 -1 -1 -1 -1 -1 -1 1 
21 2 Car -1.000000 -1 -1 655.0032546807088 180.20488847344873 688.7175573011154 206.8380514660134 -1 -1 -1 -1 -1 -1 -1 -1 1 
21 1 Car -1.000000 -1 -1 688.3107311598847 179.2345853326831 765.6901960865389 210.4740011317189 -1 -1 -1 -1 -1 -1 -1 -1 1 
22 2 Car -1.000000 -1 -1 655.0039303214373 180.20295370641065 688.71715782756 206.83607847809253 -1 -1 -1 -1 -1 -1 -1 -1 1 
22 1 Car -1.000000 -1 -1 695.4087764578474 179.5939637948055 768.7933839215825 210.1907466479079 -1 -1 -1 -1 -1 -1 -1 -1 1 
23 2 Car -1.000000 -1 -1 655.0046060201138 180.2010183648674 688.7167581776918 206.8341052390942 -1 -1 -1 -1 -1 -1 -1 -1 1 
23 1 Car -1.000000 -1 -1 702.1881914398547 180.0075924555927 771.5158563893625 209.9498902562149 -1 -1 -1 -1 -1 -1 -1 -1 1 
24 2 Car -1.000000 -1 -1 655.005282436895 180.19908340426684 688.7163590737375 206.8321326163492 -1 -1 -1 -1 -1 -1 -1 -1 1 
24 1 Car -1.000000 -1 -1 708.7737931747331 180.43974733056493 774.0016513395346 209.71884089006718 -1 -1 -1 -1 -1 -1 -1 -1 1 
25 2 Car -1.000000 -1 -1 655.0059585143388 180.19714836569258 688.7159594802047 206.8301597979553 -1 -1 -1 -1 -1 -1 -1 -1 1 
25 1 Car -1.000000 -1 -1 715.1739517728951 180.44043286896022 775.9141352501657 209.00674919863013 -1 -1 -1 -1 -1 -1 -1 -1 1 
26 2 Car -1.000000 -1 -1 655.00663447604 180.19521350019397 688.7155596864537 206.8281873568244 -1 -1 -1 -1 -1 -1 -1 -1 1 
26 1 Car -1.000000 -1 -1 721.5073102406492 180.3031668151243 777.4689804039948 208.11179630558075 -1 -1 -1 -1 -1 -1 -1 -1 1 
27 2 Car -1.000000 -1 -1 655.0073104092655 180.19327801145587 688.7151598017388 206.82621444085552 -1 -1 -1 -1 -1 -1 -1 -1 1 
27 1 Car -1.000000 -1 -1 726.3318087558677 180.5604135890596 778.5131560140516 207.63721893434504 -1 -1 -1 -1 -1 -1 -1 -1 1 
28 2 Car -1.000000 -1 -1 655.0079868237627 180.19134273725075 688.7147600449006 206.82424154788401 -1 -1 -1 -1 -1 -1 -1 -1 1 
28 1 Car -1.000000 -1 -1 730.3546344052949 180.953635154727 779.4949872436524 207.33143545753893 -1 -1 -1 -1 -1 -1 -1 -1 1 
29 2 Car -1.000000 -1 -1 655.0086631853088 180.18940774895694 688.7143605724694 206.8222691146095 -1 -1 -1 -1 -1 -1 -1 -1 1 
29 1 Car -1.000000 -1 -1 733.699861312546 181.06924444464298 779.3948829506058 206.70495175411045 -1 -1 -1 -1 -1 -1 -1 -1 1 
30 2 Car -1.000000 -1 -1 655.0093392844176 180.1874721927011 688.7139607960175 206.82029622626632 -1 -1 -1 -1 -1 -1 -1 -1 1 
30 1 Car -1.000000 -1 -1 736.8388367346085 181.10242699105402 778.8081880429775 205.95284064936152 -1 -1 -1 -1 -1 -1 -1 -1 1 
31 2 Car -1.000000 -1 -1 655.0100157692483 180.1855368762531 688.7135610715239 206.8183233637179 -1 -1 -1 -1 -1 -1 -1 -1 1 
31 1 Car -1.000000 -1 -1 739.5964712664404 181.6284483590252 778.4674299258356 205.72907798646443 -1 -1 -1 -1 -1 -1 -1 -1 1 
32 2 Car -1.000000 -1 -1 655.0106919887269 180.1836016825665 688.7131611251791 206.81635048112426 -1 -1 -1 -1 -1 -1 -1 -1 1 
32 1 Car -1.000000 -1 -1 742.0736326875593 182.3198548350084 778.3178390829449 205.7078993753625 -1 -1 -1 -1 -1 -1 -1 -1 1 
33 2 Car -1.000000 -1 -1 655.0113680907134 180.18166609228527 688.7127611112012 206.81437738214052 -1 -1 -1 -1 -1 -1 -1 -1 1 
33 1 Car -1.000000 -1 -1 744.1971592876614 182.64373042973688 778.2159460429418 205.3393073899399 -1 -1 -1 -1 -1 -1 -1 -1 1 
34 2 Car -1.000000 -1 -1 655.0120446083017 180.1797309792921 688.7123612653145 206.81240488109987 -1 -1 -1 -1 -1 -1 -1 -1 1 
34 1 Car -1.000000 -1 -1 746.0948148048701 182.82484606986378 778.192679309944 204.85197241169044 -1 -1 -1 -1 -1 -1 -1 -1 1 
35 2 Car -1.000000 -1 -1 655.0127208589008 180.17779536857634 688.7119612552062 206.81043198088182 -1 -1 -1 -1 -1 -1 -1 -1 1 
35 1 Car -1.000000 -1 -1 747.8330089901593 182.94895808950673 778.2433737880739 204.3332822770073 -1 -1 -1 -1 -1 -1 -1 -1 1 
36 2 Car -1.000000 -1 -1 655.0133976511738 180.17586001981348 688.7115618457526 206.8084591317548 -1 -1 -1 -1 -1 -1 -1 -1 1 
36 1 Car -1.000000 -1 -1 749.450195918712 183.04886117497972 778.3541135450906 203.81611523654476 -1 -1 -1 -1 -1 -1 -1 -1 1 
37 2 Car -1.000000 -1 -1 655.0140739772969 180.17392434028133 688.7111620290898 206.80648608064118 -1 -1 -1 -1 -1 -1 -1 -1 1 
37 1 Car -1.000000 -1 -1 750.9708817689902 183.1372531272303 778.5106413997657 203.3122768595574 -1 -1 -1 -1 -1 -1 -1 -1 1 
38 2 Car -1.000000 -1 -1 655.0147505902588 180.17198898547466 688.7107622455491 206.80451315710846 -1 -1 -1 -1 -1 -1 -1 -1 1 
38 1 Car -1.000000 -1 -1 751.8746612969042 183.52045146538643 778.1667998811411 203.12373101667686 -1 -1 -1 -1 -1 -1 -1 -1 1 
39 2 Car -1.000000 -1 -1 655.0154268812372 180.17005331702842 688.710362252045 206.80254006754745 -1 -1 -1 -1 -1 -1 -1 -1 1 
39 1 Car -1.000000 -1 -1 752.5246445422055 184.0029404727631 777.6636828009836 203.05446077450097 -1 -1 -1 -1 -1 -1 -1 -1 1 
40 2 Car -1.000000 -1 -1 655.0161030374411 180.16811797159232 688.7099621912025 206.8005671272901 -1 -1 -1 -1 -1 -1 -1 -1 1 
40 1 Car -1.000000 -1 -1 753.0633796047717 184.51057904702054 777.1272333408446 203.02941365646922 -1 -1 -1 -1 -1 -1 -1 -1 1 
41 2 Car -1.000000 -1 -1 655.016779591028 180.16618231699832 688.7095623102329 206.79859402391517 -1 -1 -1 -1 -1 -1 -1 -1 1 
41 1 Car -1.000000 -1 -1 753.5479272355628 185.0157836863316 776.6018768005699 203.01987261846853 -1 -1 -1 -1 -1 -1 -1 -1 1 
42 2 Car -1.000000 -1 -1 655.0174558734288 180.16424698255895 688.70916226705 206.796621075245 -1 -1 -1 -1 -1 -1 -1 -1 1 
42 1 Car -1.000000 -1 -1 754.0225546706744 185.5060306282793 776.1545440948686 203.01762747469144 -1 -1 -1 -1 -1 -1 -1 -1 1 
43 2 Car -1.000000 -1 -1 655.0181324938133 180.1623113364242 688.7087623743914 206.79464796673707 -1 -1 -1 -1 -1 -1 -1 -1 1 
43 1 Car -1.000000 -1 -1 754.2139750047671 185.5573694598484 775.5372912304557 202.58965296087118 -1 -1 -1 -1 -1 -1 -1 -1 1 
44 2 Car -1.000000 -1 -1 655.0188092815 180.16037601222195 688.7083624999904 206.79267501120643 -1 -1 -1 -1 -1 -1 -1 -1 1 
44 1 Car -1.000000 -1 -1 754.2879026689734 185.44681590088737 774.8900782969115 202.01520682628706 -1 -1 -1 -1 -1 -1 -1 -1 1 
45 2 Car -1.000000 -1 -1 655.0194856853346 180.15844036973107 688.7079624259524 206.7907019022574 -1 -1 -1 -1 -1 -1 -1 -1 1 
45 1 Car -1.000000 -1 -1 754.3113942346071 185.27981780417338 774.2609838042098 201.40079488893565 -1 -1 -1 -1 -1 -1 -1 -1 1 
46 2 Car -1.000000 -1 -1 655.0201623775047 180.15650458181972 688.7075624946551 206.78872876039588 -1 -1 -1 -1 -1 -1 -1 -1 1 
46 1 Car -1.000000 -1 -1 754.3125879003791 185.09622217732462 773.6640939650782 200.78653393015125 -1 -1 -1 -1 -1 -1 -1 -1 1 
47 2 Car -1.000000 -1 -1 655.0208387441999 180.15456918227946 688.7071623995271 206.78675581712653 -1 -1 -1 -1 -1 -1 -1 -1 1 
47 1 Car -1.000000 -1 -1 754.3039266223573 184.91085548167652 773.1013880310957 200.18702020737115 -1 -1 -1 -1 -1 -1 -1 -1 1 
48 2 Car -1.000000 -1 -1 655.0215154192134 180.15263350131033 688.7067624632665 206.78478272618713 -1 -1 -1 -1 -1 -1 -1 -1 1 
48 1 Car -1.000000 -1 -1 753.9549654748523 185.01357849794866 772.2276106185166 199.89263650684362 -1 -1 -1 -1 -1 -1 -1 -1 1 
49 2 Car -1.000000 -1 -1 655.022191777048 180.1506981527708 688.7063623687168 206.78280979345644 -1 -1 -1 -1 -1 -1 -1 -1 1 
49 1 Car -1.000000 -1 -1 753.4910328496035 185.21980368287998 771.2646709661012 199.7176240897737 -1 -1 -1 -1 -1 -1 -1 -1 1 
50 2 Car -1.000000 -1 -1 655.0228684469212 180.14876249865674 688.7059624346011 206.78083670015204 -1 -1 -1 -1 -1 -1 -1 -1 1 
50 1 Car -1.000000 -1 -1 752.9977321397099 185.4591723465201 770.2954240393777 199.59055833102033 -1 -1 -1 -1 -1 -1 -1 -1 1 
51 2 Car -1.000000 -1 -1 655.0235452671825 180.14682651607004 688.7055625296223 206.77886310569787 -1 -1 -1 -1 -1 -1 -1 -1 1 
51 1 Car -1.000000 -1 -1 752.5070613545759 185.7051124377583 769.3496299406918 199.48390062559722 -1 -1 -1 -1 -1 -1 -1 -1 1 
52 2 Car -1.000000 -1 -1 655.0242216939904 180.14489062378433 688.705162432408 206.77688976110753 -1 -1 -1 -1 -1 -1 -1 -1 1 
52 1 Car -1.000000 -1 -1 752.0304738920504 185.94781353353204 768.4368919550132 199.3869662985881 -1 -1 -1 -1 -1 -1 -1 -1 1 
53 2 Car -1.000000 -1 -1 655.0248984070412 180.14295520828566 688.7047624792648 206.77491672470788 -1 -1 -1 -1 -1 -1 -1 -1 1 
53 1 Car -1.000000 -1 -1 751.7297202431109 186.14855023578735 767.7122817690833 199.25507514231435 -1 -1 -1 -1 -1 -1 -1 -1 1 
54 2 Car -1.000000 -1 -1 655.0255752483084 180.1410195380059 688.7043625613782 206.77294358913875 -1 -1 -1 -1 -1 -1 -1 -1 1 
54 1 Car -1.000000 -1 -1 751.5032846200439 186.33030860325195 767.0742311473124 199.11200538759638 -1 -1 -1 -1 -1 -1 -1 -1 1 
55 2 Car -1.000000 -1 -1 655.0262516935703 180.13908355317835 688.7039624477621 206.77096998087404 -1 -1 -1 -1 -1 -1 -1 -1 1 
55 1 Car -1.000000 -1 -1 751.252807331588 186.497215076676 766.4605622533556 198.97162252195875 -1 -1 -1 -1 -1 -1 -1 -1 1 
56 2 Car -1.000000 -1 -1 655.0269284137539 180.13714766803025 688.7035624873179 206.76899662874376 -1 -1 -1 -1 -1 -1 -1 -1 1 
56 1 Car -1.000000 -1 -1 750.912409278939 186.64699299670357 765.8452516639655 198.8431526126034 -1 -1 -1 -1 -1 -1 -1 -1 1 
57 2 Car -1.000000 -1 -1 655.0276052645122 180.13521225985113 688.7031625590114 206.76702359007493 -1 -1 -1 -1 -1 -1 -1 -1 1 
57 1 Car -1.000000 -1 -1 750.5337328645986 186.7832616425 765.2570591378436 198.7256840201863 -1 -1 -1 -1 -1 -1 -1 -1 1 
58 2 Car -1.000000 -1 -1 655.028281716136 180.1332764055035 688.7027624378968 206.7650499922443 -1 -1 -1 -1 -1 -1 -1 -1 1 
58 1 Car -1.000000 -1 -1 750.0247498074667 186.8570227901143 764.4868972958012 198.5348833852925 -1 -1 -1 -1 -1 -1 -1 -1 1 
59 2 Car -1.000000 -1 -1 655.0289584405457 180.13134059242438 688.7023624720837 206.76307662497535 -1 -1 -1 -1 -1 -1 -1 -1 1 
59 1 Car -1.000000 -1 -1 749.4903257515989 186.90998424491858 763.6571013286241 198.31742345496593 -1 -1 -1 -1 -1 -1 -1 -1 1 
60 2 Car -1.000000 -1 -1 655.0296352891995 180.12940476273073 688.7019625448041 206.76110337927688 -1 -1 -1 -1 -1 -1 -1 -1 1 
60 1 Car -1.000000 -1 -1 748.9667109009342 186.95718909268558 762.8165126881454 198.09190049138644 -1 -1 -1 -1 -1 -1 -1 -1 1 
61 2 Car -1.000000 -1 -1 655.0303122041983 180.12746871517982 688.7015626122989 206.7591297393236 -1 -1 -1 -1 -1 -1 -1 -1 1 
61 1 Car -1.000000 -1 -1 748.4647440897945 187.0036861742799 761.9850194610822 197.86592237568794 -1 -1 -1 -1 -1 -1 -1 -1 1 
62 2 Car -1.000000 -1 -1 655.0309885032426 180.12553326939326 688.7011620120383 206.75715657273054 -1 -1 -1 -1 -1 -1 -1 -1 1 
62 1 Car -1.000000 -1 -1 747.9861948808367 187.05086722545147 761.1708619733439 197.64271931271216 -1 -1 -1 -1 -1 -1 -1 -1 1 
63 2 Car -1.000000 -1 -1 655.031665230649 180.12359742192098 688.700761802723 206.7551829110414 -1 -1 -1 -1 -1 -1 -1 -1 1 
64 2 Car -1.000000 -1 -1 655.0323421235481 180.12166162633207 688.7003617406239 206.75320951032427 -1 -1 -1 -1 -1 -1 -1 -1 1 
65 2 Car -1.000000 -1 -1 655.0330190866473 180.11972562647227 688.6999617268098 206.75123578103538 -1 -1 -1 -1 -1 -1 -1 -1 1 
66 2 Car -1.000000 -1 -1 655.0336960754075 180.11778975949645 688.6995617314392 206.74926237097267 -1 -1 -1 -1 -1 -1 -1 -1 1 
67 2 Car -1.000000 -1 -1 655.0343730788243 180.11585372300226 688.699161737107 206.74728865066658 -1 -1 -1 -1 -1 -1 -1 -1 1 
68 2 Car -1.000000 -1 -1 655.0350496246956 180.11391764475772 688.6987615522562 206.745314791295 -1 -1 -1 -1 -1 -1 -1 -1 1 
69 2 Car -1.000000 -1 -1 655.0357262225306 180.11198176209558 688.6983610692804 206.74334132289363 -1 -1 -1 -1 -1 -1 -1 -1 1 
70 2 Car -1.000000 -1 -1 655.0364030941668 180.11004572939385 688.697960873288 206.74136757578577 -1 -1 -1 -1 -1 -1 -1 -1 1 
71 2 Car -1.000000 -1 -1 655.037080063749 180.10810985095114 688.6975607930633 206.73939416563744 -1 -1 -1 -1 -1 -1 -1 -1 1 
72 2 Car -1.000000 -1 -1 655.0377570711028 180.10617381125462 688.6971607557491 206.73742045123333 -1 -1 -1 -1 -1 -1 -1 -1 1 
73 2 Car -1.000000 -1 -1 655.0384340913364 180.10423773563 688.6967607353182 206.73544659672828 -1 -1 -1 -1 -1 -1 -1 -1 1 
74 2 Car -1.000000 -1 -1 655.0391109229465 180.10230185612102 688.696360260876 206.7334731338803 -1 -1 -1 -1 -1 -1 -1 -1 1 
75 2 Car -1.000000 -1 -1 655.0397879215002 180.1003658264567 688.6959600284149 206.73149939235208 -1 -1 -1 -1 -1 -1 -1 -1 1 
76 2 Car -1.000000 -1 -1 655.0404649704085 180.09842976246478 688.6955599012854 206.72952552285608 -1 -1 -1 -1 -1 -1 -1 -1 1 
77 2 Car -1.000000 -1 -1 655.0411420284727 180.09649370244762 688.6951598236349 206.72755158914669 -1 -1 -1 -1 -1 -1 -1 -1 1 
